Seed:1578604612
N:0 Run:0 0.213832 0.25468 0.333364 0.413703 0.400729 0.474322 0.465056 0.488122 0.453408 0.459994 0.483834 0.419121 0.412724 0.350739 0.242244 0.239433 0.22258 0.219441 0.26072 0.274261 0.269579 1.046114e-01 0.899
N:0 Run:1 0.330146 0.244213 0.235943 0.215798 0.237214 0.268067 0.307881 0.355147 0.312058 0.373318 0.38106 0.357653 0.257982 0.283878 0.299244 0.248668 0.234999 0.226206 0.263881 0.286482 0.258044 1.046114e-01 0.899
N:0 Run:2 0.20813 0.233271 0.305776 0.322542 0.403334 0.410252 0.442212 0.541928 0.619106 0.623683 0.602008 0.592197 0.249386 0.255858 0.252475 0.225495 0.254377 0.277583 0.253116 0.249449 0.238122 1.046114e-01 0.899
N:0 Run:3 0.240864 0.231436 0.285324 0.313404 0.290752 0.309731 0.326849 0.315785 0.349447 0.398237 0.402845 0.409395 0.363396 0.35885 0.280551 0.257538 0.243966 0.241878 0.24489 0.255488 0.244523 1.046114e-01 0.899
N:0 Run:4 0.330146 0.244213 0.235943 0.215798 0.237214 0.268067 0.307881 0.355147 0.312058 0.373318 0.38106 0.357653 0.38266 0.325453 0.287462 0.257155 0.234498 0.210742 0.24699 0.253537 0.27797 1.046114e-01 0.899
N:0 Run:5 0.20813 0.233271 0.305776 0.322542 0.403334 0.410252 0.442212 0.541928 0.619106 0.623683 0.602008 0.592197 0.398717 0.342751 0.290918 0.226934 0.229252 0.241675 0.270351 0.242892 0.267155 1.046114e-01 0.899
N:0 Run:6 0.178294 0.263401 0.30403 0.294798 0.321973 0.336336 0.355609 0.370035 0.442259 0.453192 0.492878 0.458613 0.418321 0.380984 0.302314 0.255047 0.247079 0.239078 0.272153 0.286835 0.244123 1.046114e-01 0.899
N:0 Run:7 0.241792 0.24676 0.23698 0.235837 0.259432 0.254562 0.262438 0.309602 0.349378 0.388273 0.368464 0.371657 0.404141 0.336604 0.243569 0.228137 0.224817 0.254213 0.29188 0.248132 0.259488 1.046114e-01 0.899
N:0 Run:8 0.249075 0.243723 0.314707 0.300082 0.28706 0.296166 0.300635 0.270984 0.264732 0.264615 0.272599 0.281362 0.223114 0.24555 0.272169 0.254524 0.256394 0.249544 0.245706 0.263019 0.269402 1.046114e-01 0.899
N:0 Run:9 0.190027 0.246558 0.262639 0.284717 0.344423 0.325253 0.335812 0.347237 0.357852 0.313096 0.32866 0.317225 0.321034 0.288346 0.23413 0.226966 0.261024 0.280756 0.279158 0.229329 0.244953 1.046114e-01 0.899
N:1 Run:0 0.213832 0.25468 0.333364 0.413703 0.400729 0.474322 0.465056 0.488122 0.453408 0.459994 0.483834 0.419121 0.412724 0.350739 0.242244 0.239433 0.22258 0.219441 0.26072 0.274261 0.269579 1.189048e-01 0.861
N:1 Run:1 0.330146 0.244213 0.235943 0.215798 0.237214 0.268067 0.307881 0.355147 0.312058 0.373318 0.38106 0.357653 0.257982 0.283878 0.299244 0.248668 0.234999 0.226206 0.263881 0.286482 0.258044 1.189048e-01 0.861
N:1 Run:2 0.20813 0.233271 0.305776 0.322542 0.403334 0.410252 0.442212 0.541928 0.619106 0.623683 0.602008 0.592197 0.249386 0.255858 0.252475 0.225495 0.254377 0.277583 0.253116 0.249449 0.238122 1.189048e-01 0.861
N:1 Run:3 0.240864 0.231436 0.285324 0.313404 0.290752 0.309731 0.326849 0.315785 0.349447 0.398237 0.402845 0.409395 0.363396 0.35885 0.280551 0.257538 0.243966 0.241878 0.24489 0.255488 0.244523 1.189048e-01 0.861
N:1 Run:4 0.330146 0.244213 0.235943 0.215798 0.237214 0.268067 0.307881 0.355147 0.312058 0.373318 0.38106 0.357653 0.38266 0.325453 0.287462 0.257155 0.234498 0.210742 0.24699 0.253537 0.27797 1.189048e-01 0.861
N:1 Run:5 0.20813 0.233271 0.305776 0.322542 0.403334 0.410252 0.442212 0.541928 0.619106 0.623683 0.602008 0.592197 0.398717 0.342751 0.290918 0.226934 0.229252 0.241675 0.270351 0.242892 0.267155 1.189048e-01 0.861
N:1 Run:6 0.178294 0.263401 0.30403 0.294798 0.321973 0.336336 0.355609 0.370035 0.442259 0.453192 0.492878 0.458613 0.418321 0.380984 0.302314 0.255047 0.247079 0.239078 0.272153 0.286835 0.244123 1.189048e-01 0.861
N:1 Run:7 0.241792 0.24676 0.23698 0.235837 0.259432 0.254562 0.262438 0.309602 0.349378 0.388273 0.368464 0.371657 0.404141 0.336604 0.243569 0.228137 0.224817 0.254213 0.29188 0.248132 0.259488 1.189048e-01 0.861
N:1 Run:8 0.249075 0.243723 0.314707 0.300082 0.28706 0.296166 0.300635 0.270984 0.264732 0.264615 0.272599 0.281362 0.223114 0.24555 0.272169 0.254524 0.256394 0.249544 0.245706 0.263019 0.269402 1.189048e-01 0.861
N:1 Run:9 0.190027 0.246558 0.262639 0.284717 0.344423 0.325253 0.335812 0.347237 0.357852 0.313096 0.32866 0.317225 0.321034 0.288346 0.23413 0.226966 0.261024 0.280756 0.279158 0.229329 0.244953 1.189048e-01 0.861
N:2 Run:0 0.213832 0.25468 0.333364 0.413703 0.400729 0.474322 0.465056 0.488122 0.453408 0.459994 0.483834 0.419121 0.412724 0.350739 0.242244 0.239433 0.22258 0.219441 0.26072 0.274261 0.269579 1.161282e-01 0.881
N:2 Run:1 0.330146 0.244213 0.235943 0.215798 0.237214 0.268067 0.307881 0.355147 0.312058 0.373318 0.38106 0.357653 0.257982 0.283878 0.299244 0.248668 0.234999 0.226206 0.263881 0.286482 0.258044 1.161282e-01 0.881
N:2 Run:2 0.20813 0.233271 0.305776 0.322542 0.403334 0.410252 0.442212 0.541928 0.619106 0.623683 0.602008 0.592197 0.249386 0.255858 0.252475 0.225495 0.254377 0.277583 0.253116 0.249449 0.238122 1.161282e-01 0.881
N:2 Run:3 0.240864 0.231436 0.285324 0.313404 0.290752 0.309731 0.326849 0.315785 0.349447 0.398237 0.402845 0.409395 0.363396 0.35885 0.280551 0.257538 0.243966 0.241878 0.24489 0.255488 0.244523 1.161282e-01 0.881
N:2 Run:4 0.330146 0.244213 0.235943 0.215798 0.237214 0.268067 0.307881 0.355147 0.312058 0.373318 0.38106 0.357653 0.38266 0.325453 0.287462 0.257155 0.234498 0.210742 0.24699 0.253537 0.27797 1.161282e-01 0.881
N:2 Run:5 0.20813 0.233271 0.305776 0.322542 0.403334 0.410252 0.442212 0.541928 0.619106 0.623683 0.602008 0.592197 0.398717 0.342751 0.290918 0.226934 0.229252 0.241675 0.270351 0.242892 0.267155 1.161282e-01 0.881
N:2 Run:6 0.178294 0.263401 0.30403 0.294798 0.321973 0.336336 0.355609 0.370035 0.442259 0.453192 0.492878 0.458613 0.418321 0.380984 0.302314 0.255047 0.247079 0.239078 0.272153 0.286835 0.244123 1.161282e-01 0.881
N:2 Run:7 0.241792 0.24676 0.23698 0.235837 0.259432 0.254562 0.262438 0.309602 0.349378 0.388273 0.368464 0.371657 0.404141 0.336604 0.243569 0.228137 0.224817 0.254213 0.29188 0.248132 0.259488 1.161282e-01 0.881
N:2 Run:8 0.249075 0.243723 0.314707 0.300082 0.28706 0.296166 0.300635 0.270984 0.264732 0.264615 0.272599 0.281362 0.223114 0.24555 0.272169 0.254524 0.256394 0.249544 0.245706 0.263019 0.269402 1.161282e-01 0.881
N:2 Run:9 0.190027 0.246558 0.262639 0.284717 0.344423 0.325253 0.335812 0.347237 0.357852 0.313096 0.32866 0.317225 0.321034 0.288346 0.23413 0.226966 0.261024 0.280756 0.279158 0.229329 0.244953 1.161282e-01 0.881
N:3 Run:0 0.213832 0.25468 0.333364 0.413703 0.400729 0.474322 0.465056 0.488122 0.453408 0.459994 0.483834 0.419121 0.412724 0.350739 0.242244 0.239433 0.22258 0.219441 0.26072 0.274261 0.269579 1.128534e-01 0.858
N:3 Run:1 0.330146 0.244213 0.235943 0.215798 0.237214 0.268067 0.307881 0.355147 0.312058 0.373318 0.38106 0.357653 0.257982 0.283878 0.299244 0.248668 0.234999 0.226206 0.263881 0.286482 0.258044 1.128534e-01 0.858
N:3 Run:2 0.20813 0.233271 0.305776 0.322542 0.403334 0.410252 0.442212 0.541928 0.619106 0.623683 0.602008 0.592197 0.249386 0.255858 0.252475 0.225495 0.254377 0.277583 0.253116 0.249449 0.238122 1.128534e-01 0.858
N:3 Run:3 0.240864 0.231436 0.285324 0.313404 0.290752 0.309731 0.326849 0.315785 0.349447 0.398237 0.402845 0.409395 0.363396 0.35885 0.280551 0.257538 0.243966 0.241878 0.24489 0.255488 0.244523 1.128534e-01 0.858
N:3 Run:4 0.330146 0.244213 0.235943 0.215798 0.237214 0.268067 0.307881 0.355147 0.312058 0.373318 0.38106 0.357653 0.38266 0.325453 0.287462 0.257155 0.234498 0.210742 0.24699 0.253537 0.27797 1.128534e-01 0.858
N:3 Run:5 0.20813 0.233271 0.305776 0.322542 0.403334 0.410252 0.442212 0.541928 0.619106 0.623683 0.602008 0.592197 0.398717 0.342751 0.290918 0.226934 0.229252 0.241675 0.270351 0.242892 0.267155 1.128534e-01 0.858
N:3 Run:6 0.178294 0.263401 0.30403 0.294798 0.321973 0.336336 0.355609 0.370035 0.442259 0.453192 0.492878 0.458613 0.418321 0.380984 0.302314 0.255047 0.247079 0.239078 0.272153 0.286835 0.244123 1.128534e-01 0.858
N:3 Run:7 0.241792 0.24676 0.23698 0.235837 0.259432 0.254562 0.262438 0.309602 0.349378 0.388273 0.368464 0.371657 0.404141 0.336604 0.243569 0.228137 0.224817 0.254213 0.29188 0.248132 0.259488 1.128534e-01 0.858
N:3 Run:8 0.249075 0.243723 0.314707 0.300082 0.28706 0.296166 0.300635 0.270984 0.264732 0.264615 0.272599 0.281362 0.223114 0.24555 0.272169 0.254524 0.256394 0.249544 0.245706 0.263019 0.269402 1.128534e-01 0.858
N:3 Run:9 0.190027 0.246558 0.262639 0.284717 0.344423 0.325253 0.335812 0.347237 0.357852 0.313096 0.32866 0.317225 0.321034 0.288346 0.23413 0.226966 0.261024 0.280756 0.279158 0.229329 0.244953 1.128534e-01 0.858
N:4 Run:0 0.213832 0.25468 0.333364 0.413703 0.400729 0.474322 0.465056 0.488122 0.453408 0.459994 0.483834 0.419121 0.412724 0.350739 0.242244 0.239433 0.22258 0.219441 0.26072 0.274261 0.269579 1.173221e-01 0.847
N:4 Run:1 0.330146 0.244213 0.235943 0.215798 0.237214 0.268067 0.307881 0.355147 0.312058 0.373318 0.38106 0.357653 0.257982 0.283878 0.299244 0.248668 0.234999 0.226206 0.263881 0.286482 0.258044 1.173221e-01 0.847
N:4 Run:2 0.20813 0.233271 0.305776 0.322542 0.403334 0.410252 0.442212 0.541928 0.619106 0.623683 0.602008 0.592197 0.249386 0.255858 0.252475 0.225495 0.254377 0.277583 0.253116 0.249449 0.238122 1.173221e-01 0.847
N:4 Run:3 0.240864 0.231436 0.285324 0.313404 0.290752 0.309731 0.326849 0.315785 0.349447 0.398237 0.402845 0.409395 0.363396 0.35885 0.280551 0.257538 0.243966 0.241878 0.24489 0.255488 0.244523 1.173221e-01 0.847
N:4 Run:4 0.330146 0.244213 0.235943 0.215798 0.237214 0.268067 0.307881 0.355147 0.312058 0.373318 0.38106 0.357653 0.38266 0.325453 0.287462 0.257155 0.234498 0.210742 0.24699 0.253537 0.27797 1.173221e-01 0.847
N:4 Run:5 0.20813 0.233271 0.305776 0.322542 0.403334 0.410252 0.442212 0.541928 0.619106 0.623683 0.602008 0.592197 0.398717 0.342751 0.290918 0.226934 0.229252 0.241675 0.270351 0.242892 0.267155 1.173221e-01 0.847
N:4 Run:6 0.178294 0.263401 0.30403 0.294798 0.321973 0.336336 0.355609 0.370035 0.442259 0.453192 0.492878 0.458613 0.418321 0.380984 0.302314 0.255047 0.247079 0.239078 0.272153 0.286835 0.244123 1.173221e-01 0.847
N:4 Run:7 0.241792 0.24676 0.23698 0.235837 0.259432 0.254562 0.262438 0.309602 0.349378 0.388273 0.368464 0.371657 0.404141 0.336604 0.243569 0.228137 0.224817 0.254213 0.29188 0.248132 0.259488 1.173221e-01 0.847
N:4 Run:8 0.249075 0.243723 0.314707 0.300082 0.28706 0.296166 0.300635 0.270984 0.264732 0.264615 0.272599 0.281362 0.223114 0.24555 0.272169 0.254524 0.256394 0.249544 0.245706 0.263019 0.269402 1.173221e-01 0.847
N:4 Run:9 0.190027 0.246558 0.262639 0.284717 0.344423 0.325253 0.335812 0.347237 0.357852 0.313096 0.32866 0.317225 0.321034 0.288346 0.23413 0.226966 0.261024 0.280756 0.279158 0.229329 0.244953 1.173221e-01 0.847
N:5 Run:0 0.213832 0.25468 0.333364 0.413703 0.400729 0.474322 0.465056 0.488122 0.453408 0.459994 0.483834 0.419121 0.412724 0.350739 0.242244 0.239433 0.22258 0.219441 0.26072 0.274261 0.269579 1.182800e-01 0.906
N:5 Run:1 0.330146 0.244213 0.235943 0.215798 0.237214 0.268067 0.307881 0.355147 0.312058 0.373318 0.38106 0.357653 0.257982 0.283878 0.299244 0.248668 0.234999 0.226206 0.263881 0.286482 0.258044 1.182800e-01 0.906
N:5 Run:2 0.20813 0.233271 0.305776 0.322542 0.403334 0.410252 0.442212 0.541928 0.619106 0.623683 0.602008 0.592197 0.249386 0.255858 0.252475 0.225495 0.254377 0.277583 0.253116 0.249449 0.238122 1.182800e-01 0.906
N:5 Run:3 0.240864 0.231436 0.285324 0.313404 0.290752 0.309731 0.326849 0.315785 0.349447 0.398237 0.402845 0.409395 0.363396 0.35885 0.280551 0.257538 0.243966 0.241878 0.24489 0.255488 0.244523 1.182800e-01 0.906
N:5 Run:4 0.330146 0.244213 0.235943 0.215798 0.237214 0.268067 0.307881 0.355147 0.312058 0.373318 0.38106 0.357653 0.38266 0.325453 0.287462 0.257155 0.234498 0.210742 0.24699 0.253537 0.27797 1.182800e-01 0.906
N:5 Run:5 0.20813 0.233271 0.305776 0.322542 0.403334 0.410252 0.442212 0.541928 0.619106 0.623683 0.602008 0.592197 0.398717 0.342751 0.290918 0.226934 0.229252 0.241675 0.270351 0.242892 0.267155 1.182800e-01 0.906
N:5 Run:6 0.178294 0.263401 0.30403 0.294798 0.321973 0.336336 0.355609 0.370035 0.442259 0.453192 0.492878 0.458613 0.418321 0.380984 0.302314 0.255047 0.247079 0.239078 0.272153 0.286835 0.244123 1.182800e-01 0.906
N:5 Run:7 0.241792 0.24676 0.23698 0.235837 0.259432 0.254562 0.262438 0.309602 0.349378 0.388273 0.368464 0.371657 0.404141 0.336604 0.243569 0.228137 0.224817 0.254213 0.29188 0.248132 0.259488 1.182800e-01 0.906
N:5 Run:8 0.249075 0.243723 0.314707 0.300082 0.28706 0.296166 0.300635 0.270984 0.264732 0.264615 0.272599 0.281362 0.223114 0.24555 0.272169 0.254524 0.256394 0.249544 0.245706 0.263019 0.269402 1.182800e-01 0.906
N:5 Run:9 0.190027 0.246558 0.262639 0.284717 0.344423 0.325253 0.335812 0.347237 0.357852 0.313096 0.32866 0.317225 0.321034 0.288346 0.23413 0.226966 0.261024 0.280756 0.279158 0.229329 0.244953 1.182800e-01 0.906
N:6 Run:0 0.213832 0.25468 0.333364 0.413703 0.400729 0.474322 0.465056 0.488122 0.453408 0.459994 0.483834 0.419121 0.412724 0.350739 0.242244 0.239433 0.22258 0.219441 0.26072 0.274261 0.269579 1.079508e-01 0.854
N:6 Run:1 0.330146 0.244213 0.235943 0.215798 0.237214 0.268067 0.307881 0.355147 0.312058 0.373318 0.38106 0.357653 0.257982 0.283878 0.299244 0.248668 0.234999 0.226206 0.263881 0.286482 0.258044 1.079508e-01 0.854
N:6 Run:2 0.20813 0.233271 0.305776 0.322542 0.403334 0.410252 0.442212 0.541928 0.619106 0.623683 0.602008 0.592197 0.249386 0.255858 0.252475 0.225495 0.254377 0.277583 0.253116 0.249449 0.238122 1.079508e-01 0.854
N:6 Run:3 0.240864 0.231436 0.285324 0.313404 0.290752 0.309731 0.326849 0.315785 0.349447 0.398237 0.402845 0.409395 0.363396 0.35885 0.280551 0.257538 0.243966 0.241878 0.24489 0.255488 0.244523 1.079508e-01 0.854
N:6 Run:4 0.330146 0.244213 0.235943 0.215798 0.237214 0.268067 0.307881 0.355147 0.312058 0.373318 0.38106 0.357653 0.38266 0.325453 0.287462 0.257155 0.234498 0.210742 0.24699 0.253537 0.27797 1.079508e-01 0.854
N:6 Run:5 0.20813 0.233271 0.305776 0.322542 0.403334 0.410252 0.442212 0.541928 0.619106 0.623683 0.602008 0.592197 0.398717 0.342751 0.290918 0.226934 0.229252 0.241675 0.270351 0.242892 0.267155 1.079508e-01 0.854
N:6 Run:6 0.178294 0.263401 0.30403 0.294798 0.321973 0.336336 0.355609 0.370035 0.442259 0.453192 0.492878 0.458613 0.418321 0.380984 0.302314 0.255047 0.247079 0.239078 0.272153 0.286835 0.244123 1.079508e-01 0.854
N:6 Run:7 0.241792 0.24676 0.23698 0.235837 0.259432 0.254562 0.262438 0.309602 0.349378 0.388273 0.368464 0.371657 0.404141 0.336604 0.243569 0.228137 0.224817 0.254213 0.29188 0.248132 0.259488 1.079508e-01 0.854
N:6 Run:8 0.249075 0.243723 0.314707 0.300082 0.28706 0.296166 0.300635 0.270984 0.264732 0.264615 0.272599 0.281362 0.223114 0.24555 0.272169 0.254524 0.256394 0.249544 0.245706 0.263019 0.269402 1.079508e-01 0.854
N:6 Run:9 0.190027 0.246558 0.262639 0.284717 0.344423 0.325253 0.335812 0.347237 0.357852 0.313096 0.32866 0.317225 0.321034 0.288346 0.23413 0.226966 0.261024 0.280756 0.279158 0.229329 0.244953 1.079508e-01 0.854
N:7 Run:0 0.213832 0.25468 0.333364 0.413703 0.400729 0.474322 0.465056 0.488122 0.453408 0.459994 0.483834 0.419121 0.412724 0.350739 0.242244 0.239433 0.22258 0.219441 0.26072 0.274261 0.269579 1.159886e-01 0.840
N:7 Run:1 0.330146 0.244213 0.235943 0.215798 0.237214 0.268067 0.307881 0.355147 0.312058 0.373318 0.38106 0.357653 0.257982 0.283878 0.299244 0.248668 0.234999 0.226206 0.263881 0.286482 0.258044 1.159886e-01 0.840
N:7 Run:2 0.20813 0.233271 0.305776 0.322542 0.403334 0.410252 0.442212 0.541928 0.619106 0.623683 0.602008 0.592197 0.249386 0.255858 0.252475 0.225495 0.254377 0.277583 0.253116 0.249449 0.238122 1.159886e-01 0.840
N:7 Run:3 0.240864 0.231436 0.285324 0.313404 0.290752 0.309731 0.326849 0.315785 0.349447 0.398237 0.402845 0.409395 0.363396 0.35885 0.280551 0.257538 0.243966 0.241878 0.24489 0.255488 0.244523 1.159886e-01 0.840
N:7 Run:4 0.330146 0.244213 0.235943 0.215798 0.237214 0.268067 0.307881 0.355147 0.312058 0.373318 0.38106 0.357653 0.38266 0.325453 0.287462 0.257155 0.234498 0.210742 0.24699 0.253537 0.27797 1.159886e-01 0.840
N:7 Run:5 0.20813 0.233271 0.305776 0.322542 0.403334 0.410252 0.442212 0.541928 0.619106 0.623683 0.602008 0.592197 0.398717 0.342751 0.290918 0.226934 0.229252 0.241675 0.270351 0.242892 0.267155 1.159886e-01 0.840
N:7 Run:6 0.178294 0.263401 0.30403 0.294798 0.321973 0.336336 0.355609 0.370035 0.442259 0.453192 0.492878 0.458613 0.418321 0.380984 0.302314 0.255047 0.247079 0.239078 0.272153 0.286835 0.244123 1.159886e-01 0.840
N:7 Run:7 0.241792 0.24676 0.23698 0.235837 0.259432 0.254562 0.262438 0.309602 0.349378 0.388273 0.368464 0.371657 0.404141 0.336604 0.243569 0.228137 0.224817 0.254213 0.29188 0.248132 0.259488 1.159886e-01 0.840
N:7 Run:8 0.249075 0.243723 0.314707 0.300082 0.28706 0.296166 0.300635 0.270984 0.264732 0.264615 0.272599 0.281362 0.223114 0.24555 0.272169 0.254524 0.256394 0.249544 0.245706 0.263019 0.269402 1.159886e-01 0.840
N:7 Run:9 0.190027 0.246558 0.262639 0.284717 0.344423 0.325253 0.335812 0.347237 0.357852 0.313096 0.32866 0.317225 0.321034 0.288346 0.23413 0.226966 0.261024 0.280756 0.279158 0.229329 0.244953 1.159886e-01 0.840
N:8 Run:0 0.213832 0.25468 0.333364 0.413703 0.400729 0.474322 0.465056 0.488122 0.453408 0.459994 0.483834 0.419121 0.412724 0.350739 0.242244 0.239433 0.22258 0.219441 0.26072 0.274261 0.269579 1.160488e-01 0.878
N:8 Run:1 0.330146 0.244213 0.235943 0.215798 0.237214 0.268067 0.307881 0.355147 0.312058 0.373318 0.38106 0.357653 0.257982 0.283878 0.299244 0.248668 0.234999 0.226206 0.263881 0.286482 0.258044 1.160488e-01 0.878
N:8 Run:2 0.20813 0.233271 0.305776 0.322542 0.403334 0.410252 0.442212 0.541928 0.619106 0.623683 0.602008 0.592197 0.249386 0.255858 0.252475 0.225495 0.254377 0.277583 0.253116 0.249449 0.238122 1.160488e-01 0.878
N:8 Run:3 0.240864 0.231436 0.285324 0.313404 0.290752 0.309731 0.326849 0.315785 0.349447 0.398237 0.402845 0.409395 0.363396 0.35885 0.280551 0.257538 0.243966 0.241878 0.24489 0.255488 0.244523 1.160488e-01 0.878
N:8 Run:4 0.330146 0.244213 0.235943 0.215798 0.237214 0.268067 0.307881 0.355147 0.312058 0.373318 0.38106 0.357653 0.38266 0.325453 0.287462 0.257155 0.234498 0.210742 0.24699 0.253537 0.27797 1.160488e-01 0.878
N:8 Run:5 0.20813 0.233271 0.305776 0.322542 0.403334 0.410252 0.442212 0.541928 0.619106 0.623683 0.602008 0.592197 0.398717 0.342751 0.290918 0.226934 0.229252 0.241675 0.270351 0.242892 0.267155 1.160488e-01 0.878
N:8 Run:6 0.178294 0.263401 0.30403 0.294798 0.321973 0.336336 0.355609 0.370035 0.442259 0.453192 0.492878 0.458613 0.418321 0.380984 0.302314 0.255047 0.247079 0.239078 0.272153 0.286835 0.244123 1.160488e-01 0.878
N:8 Run:7 0.241792 0.24676 0.23698 0.235837 0.259432 0.254562 0.262438 0.309602 0.349378 0.388273 0.368464 0.371657 0.404141 0.336604 0.243569 0.228137 0.224817 0.254213 0.29188 0.248132 0.259488 1.160488e-01 0.878
N:8 Run:8 0.249075 0.243723 0.314707 0.300082 0.28706 0.296166 0.300635 0.270984 0.264732 0.264615 0.272599 0.281362 0.223114 0.24555 0.272169 0.254524 0.256394 0.249544 0.245706 0.263019 0.269402 1.160488e-01 0.878
N:8 Run:9 0.190027 0.246558 0.262639 0.284717 0.344423 0.325253 0.335812 0.347237 0.357852 0.313096 0.32866 0.317225 0.321034 0.288346 0.23413 0.226966 0.261024 0.280756 0.279158 0.229329 0.244953 1.160488e-01 0.878
N:9 Run:0 0.213832 0.25468 0.333364 0.413703 0.400729 0.474322 0.465056 0.488122 0.453408 0.459994 0.483834 0.419121 0.412724 0.350739 0.242244 0.239433 0.22258 0.219441 0.26072 0.274261 0.269579 1.091678e-01 0.847
N:9 Run:1 0.330146 0.244213 0.235943 0.215798 0.237214 0.268067 0.307881 0.355147 0.312058 0.373318 0.38106 0.357653 0.257982 0.283878 0.299244 0.248668 0.234999 0.226206 0.263881 0.286482 0.258044 1.091678e-01 0.847
N:9 Run:2 0.20813 0.233271 0.305776 0.322542 0.403334 0.410252 0.442212 0.541928 0.619106 0.623683 0.602008 0.592197 0.249386 0.255858 0.252475 0.225495 0.254377 0.277583 0.253116 0.249449 0.238122 1.091678e-01 0.847
N:9 Run:3 0.240864 0.231436 0.285324 0.313404 0.290752 0.309731 0.326849 0.315785 0.349447 0.398237 0.402845 0.409395 0.363396 0.35885 0.280551 0.257538 0.243966 0.241878 0.24489 0.255488 0.244523 1.091678e-01 0.847
N:9 Run:4 0.330146 0.244213 0.235943 0.215798 0.237214 0.268067 0.307881 0.355147 0.312058 0.373318 0.38106 0.357653 0.38266 0.325453 0.287462 0.257155 0.234498 0.210742 0.24699 0.253537 0.27797 1.091678e-01 0.847
N:9 Run:5 0.20813 0.233271 0.305776 0.322542 0.403334 0.410252 0.442212 0.541928 0.619106 0.623683 0.602008 0.592197 0.398717 0.342751 0.290918 0.226934 0.229252 0.241675 0.270351 0.242892 0.267155 1.091678e-01 0.847
N:9 Run:6 0.178294 0.263401 0.30403 0.294798 0.321973 0.336336 0.355609 0.370035 0.442259 0.453192 0.492878 0.458613 0.418321 0.380984 0.302314 0.255047 0.247079 0.239078 0.272153 0.286835 0.244123 1.091678e-01 0.847
N:9 Run:7 0.241792 0.24676 0.23698 0.235837 0.259432 0.254562 0.262438 0.309602 0.349378 0.388273 0.368464 0.371657 0.404141 0.336604 0.243569 0.228137 0.224817 0.254213 0.29188 0.248132 0.259488 1.091678e-01 0.847
N:9 Run:8 0.249075 0.243723 0.314707 0.300082 0.28706 0.296166 0.300635 0.270984 0.264732 0.264615 0.272599 0.281362 0.223114 0.24555 0.272169 0.254524 0.256394 0.249544 0.245706 0.263019 0.269402 1.091678e-01 0.847
N:9 Run:9 0.190027 0.246558 0.262639 0.284717 0.344423 0.325253 0.335812 0.347237 0.357852 0.313096 0.32866 0.317225 0.321034 0.288346 0.23413 0.226966 0.261024 0.280756 0.279158 0.229329 0.244953 1.091678e-01 0.847
N:10 Run:0 0.213832 0.25468 0.333364 0.413703 0.400729 0.474322 0.465056 0.488122 0.453408 0.459994 0.483834 0.419121 0.412724 0.350739 0.242244 0.239433 0.22258 0.219441 0.26072 0.274261 0.269579 1.175140e-01 0.858
N:10 Run:1 0.330146 0.244213 0.235943 0.215798 0.237214 0.268067 0.307881 0.355147 0.312058 0.373318 0.38106 0.357653 0.257982 0.283878 0.299244 0.248668 0.234999 0.226206 0.263881 0.286482 0.258044 1.175140e-01 0.858
N:10 Run:2 0.20813 0.233271 0.305776 0.322542 0.403334 0.410252 0.442212 0.541928 0.619106 0.623683 0.602008 0.592197 0.249386 0.255858 0.252475 0.225495 0.254377 0.277583 0.253116 0.249449 0.238122 1.175140e-01 0.858
N:10 Run:3 0.240864 0.231436 0.285324 0.313404 0.290752 0.309731 0.326849 0.315785 0.349447 0.398237 0.402845 0.409395 0.363396 0.35885 0.280551 0.257538 0.243966 0.241878 0.24489 0.255488 0.244523 1.175140e-01 0.858
N:10 Run:4 0.330146 0.244213 0.235943 0.215798 0.237214 0.268067 0.307881 0.355147 0.312058 0.373318 0.38106 0.357653 0.38266 0.325453 0.287462 0.257155 0.234498 0.210742 0.24699 0.253537 0.27797 1.175140e-01 0.858
N:10 Run:5 0.20813 0.233271 0.305776 0.322542 0.403334 0.410252 0.442212 0.541928 0.619106 0.623683 0.602008 0.592197 0.398717 0.342751 0.290918 0.226934 0.229252 0.241675 0.270351 0.242892 0.267155 1.175140e-01 0.858
N:10 Run:6 0.178294 0.263401 0.30403 0.294798 0.321973 0.336336 0.355609 0.370035 0.442259 0.453192 0.492878 0.458613 0.418321 0.380984 0.302314 0.255047 0.247079 0.239078 0.272153 0.286835 0.244123 1.175140e-01 0.858
N:10 Run:7 0.241792 0.24676 0.23698 0.235837 0.259432 0.254562 0.262438 0.309602 0.349378 0.388273 0.368464 0.371657 0.404141 0.336604 0.243569 0.228137 0.224817 0.254213 0.29188 0.248132 0.259488 1.175140e-01 0.858
N:10 Run:8 0.249075 0.243723 0.314707 0.300082 0.28706 0.296166 0.300635 0.270984 0.264732 0.264615 0.272599 0.281362 0.223114 0.24555 0.272169 0.254524 0.256394 0.249544 0.245706 0.263019 0.269402 1.175140e-01 0.858
N:10 Run:9 0.190027 0.246558 0.262639 0.284717 0.344423 0.325253 0.335812 0.347237 0.357852 0.313096 0.32866 0.317225 0.321034 0.288346 0.23413 0.226966 0.261024 0.280756 0.279158 0.229329 0.244953 1.175140e-01 0.858
N:11 Run:0 0.213832 0.25468 0.333364 0.413703 0.400729 0.474322 0.465056 0.488122 0.453408 0.459994 0.483834 0.419121 0.412724 0.350739 0.242244 0.239433 0.22258 0.219441 0.26072 0.274261 0.269579 1.167517e-01 0.851
N:11 Run:1 0.330146 0.244213 0.235943 0.215798 0.237214 0.268067 0.307881 0.355147 0.312058 0.373318 0.38106 0.357653 0.257982 0.283878 0.299244 0.248668 0.234999 0.226206 0.263881 0.286482 0.258044 1.167517e-01 0.851
N:11 Run:2 0.20813 0.233271 0.305776 0.322542 0.403334 0.410252 0.442212 0.541928 0.619106 0.623683 0.602008 0.592197 0.249386 0.255858 0.252475 0.225495 0.254377 0.277583 0.253116 0.249449 0.238122 1.167517e-01 0.851
N:11 Run:3 0.240864 0.231436 0.285324 0.313404 0.290752 0.309731 0.326849 0.315785 0.349447 0.398237 0.402845 0.409395 0.363396 0.35885 0.280551 0.257538 0.243966 0.241878 0.24489 0.255488 0.244523 1.167517e-01 0.851
N:11 Run:4 0.330146 0.244213 0.235943 0.215798 0.237214 0.268067 0.307881 0.355147 0.312058 0.373318 0.38106 0.357653 0.38266 0.325453 0.287462 0.257155 0.234498 0.210742 0.24699 0.253537 0.27797 1.167517e-01 0.851
N:11 Run:5 0.20813 0.233271 0.305776 0.322542 0.403334 0.410252 0.442212 0.541928 0.619106 0.623683 0.602008 0.592197 0.398717 0.342751 0.290918 0.226934 0.229252 0.241675 0.270351 0.242892 0.267155 1.167517e-01 0.851
N:11 Run:6 0.178294 0.263401 0.30403 0.294798 0.321973 0.336336 0.355609 0.370035 0.442259 0.453192 0.492878 0.458613 0.418321 0.380984 0.302314 0.255047 0.247079 0.239078 0.272153 0.286835 0.244123 1.167517e-01 0.851
N:11 Run:7 0.241792 0.24676 0.23698 0.235837 0.259432 0.254562 0.262438 0.309602 0.349378 0.388273 0.368464 0.371657 0.404141 0.336604 0.243569 0.228137 0.224817 0.254213 0.29188 0.248132 0.259488 1.167517e-01 0.851
N:11 Run:8 0.249075 0.243723 0.314707 0.300082 0.28706 0.296166 0.300635 0.270984 0.264732 0.264615 0.272599 0.281362 0.223114 0.24555 0.272169 0.254524 0.256394 0.249544 0.245706 0.263019 0.269402 1.167517e-01 0.851
N:11 Run:9 0.190027 0.246558 0.262639 0.284717 0.344423 0.325253 0.335812 0.347237 0.357852 0.313096 0.32866 0.317225 0.321034 0.288346 0.23413 0.226966 0.261024 0.280756 0.279158 0.229329 0.244953 1.167517e-01 0.851
N:12 Run:0 0.213832 0.25468 0.333364 0.413703 0.400729 0.474322 0.465056 0.488122 0.453408 0.459994 0.483834 0.419121 0.412724 0.350739 0.242244 0.239433 0.22258 0.219441 0.26072 0.274261 0.269579 1.079884e-01 0.854
N:12 Run:1 0.330146 0.244213 0.235943 0.215798 0.237214 0.268067 0.307881 0.355147 0.312058 0.373318 0.38106 0.357653 0.257982 0.283878 0.299244 0.248668 0.234999 0.226206 0.263881 0.286482 0.258044 1.079884e-01 0.854
N:12 Run:2 0.20813 0.233271 0.305776 0.322542 0.403334 0.410252 0.442212 0.541928 0.619106 0.623683 0.602008 0.592197 0.249386 0.255858 0.252475 0.225495 0.254377 0.277583 0.253116 0.249449 0.238122 1.079884e-01 0.854
N:12 Run:3 0.240864 0.231436 0.285324 0.313404 0.290752 0.309731 0.326849 0.315785 0.349447 0.398237 0.402845 0.409395 0.363396 0.35885 0.280551 0.257538 0.243966 0.241878 0.24489 0.255488 0.244523 1.079884e-01 0.854
N:12 Run:4 0.330146 0.244213 0.235943 0.215798 0.237214 0.268067 0.307881 0.355147 0.312058 0.373318 0.38106 0.357653 0.38266 0.325453 0.287462 0.257155 0.234498 0.210742 0.24699 0.253537 0.27797 1.079884e-01 0.854
N:12 Run:5 0.20813 0.233271 0.305776 0.322542 0.403334 0.410252 0.442212 0.541928 0.619106 0.623683 0.602008 0.592197 0.398717 0.342751 0.290918 0.226934 0.229252 0.241675 0.270351 0.242892 0.267155 1.079884e-01 0.854
N:12 Run:6 0.178294 0.263401 0.30403 0.294798 0.321973 0.336336 0.355609 0.370035 0.442259 0.453192 0.492878 0.458613 0.418321 0.380984 0.302314 0.255047 0.247079 0.239078 0.272153 0.286835 0.244123 1.079884e-01 0.854
N:12 Run:7 0.241792 0.24676 0.23698 0.235837 0.259432 0.254562 0.262438 0.309602 0.349378 0.388273 0.368464 0.371657 0.404141 0.336604 0.243569 0.228137 0.224817 0.254213 0.29188 0.248132 0.259488 1.079884e-01 0.854
N:12 Run:8 0.249075 0.243723 0.314707 0.300082 0.28706 0.296166 0.300635 0.270984 0.264732 0.264615 0.272599 0.281362 0.223114 0.24555 0.272169 0.254524 0.256394 0.249544 0.245706 0.263019 0.269402 1.079884e-01 0.854
N:12 Run:9 0.190027 0.246558 0.262639 0.284717 0.344423 0.325253 0.335812 0.347237 0.357852 0.313096 0.32866 0.317225 0.321034 0.288346 0.23413 0.226966 0.261024 0.280756 0.279158 0.229329 0.244953 1.079884e-01 0.854
N:13 Run:0 0.213832 0.25468 0.333364 0.413703 0.400729 0.474322 0.465056 0.488122 0.453408 0.459994 0.483834 0.419121 0.412724 0.350739 0.242244 0.239433 0.22258 0.219441 0.26072 0.274261 0.269579 1.162863e-01 0.850
N:13 Run:1 0.330146 0.244213 0.235943 0.215798 0.237214 0.268067 0.307881 0.355147 0.312058 0.373318 0.38106 0.357653 0.257982 0.283878 0.299244 0.248668 0.234999 0.226206 0.263881 0.286482 0.258044 1.162863e-01 0.850
N:13 Run:2 0.20813 0.233271 0.305776 0.322542 0.403334 0.410252 0.442212 0.541928 0.619106 0.623683 0.602008 0.592197 0.249386 0.255858 0.252475 0.225495 0.254377 0.277583 0.253116 0.249449 0.238122 1.162863e-01 0.850
N:13 Run:3 0.240864 0.231436 0.285324 0.313404 0.290752 0.309731 0.326849 0.315785 0.349447 0.398237 0.402845 0.409395 0.363396 0.35885 0.280551 0.257538 0.243966 0.241878 0.24489 0.255488 0.244523 1.162863e-01 0.850
N:13 Run:4 0.330146 0.244213 0.235943 0.215798 0.237214 0.268067 0.307881 0.355147 0.312058 0.373318 0.38106 0.357653 0.38266 0.325453 0.287462 0.257155 0.234498 0.210742 0.24699 0.253537 0.27797 1.162863e-01 0.850
N:13 Run:5 0.20813 0.233271 0.305776 0.322542 0.403334 0.410252 0.442212 0.541928 0.619106 0.623683 0.602008 0.592197 0.398717 0.342751 0.290918 0.226934 0.229252 0.241675 0.270351 0.242892 0.267155 1.162863e-01 0.850
N:13 Run:6 0.178294 0.263401 0.30403 0.294798 0.321973 0.336336 0.355609 0.370035 0.442259 0.453192 0.492878 0.458613 0.418321 0.380984 0.302314 0.255047 0.247079 0.239078 0.272153 0.286835 0.244123 1.162863e-01 0.850
N:13 Run:7 0.241792 0.24676 0.23698 0.235837 0.259432 0.254562 0.262438 0.309602 0.349378 0.388273 0.368464 0.371657 0.404141 0.336604 0.243569 0.228137 0.224817 0.254213 0.29188 0.248132 0.259488 1.162863e-01 0.850
N:13 Run:8 0.249075 0.243723 0.314707 0.300082 0.28706 0.296166 0.300635 0.270984 0.264732 0.264615 0.272599 0.281362 0.223114 0.24555 0.272169 0.254524 0.256394 0.249544 0.245706 0.263019 0.269402 1.162863e-01 0.850
N:13 Run:9 0.190027 0.246558 0.262639 0.284717 0.344423 0.325253 0.335812 0.347237 0.357852 0.313096 0.32866 0.317225 0.321034 0.288346 0.23413 0.226966 0.261024 0.280756 0.279158 0.229329 0.244953 1.162863e-01 0.850
N:14 Run:0 0.213832 0.25468 0.333364 0.413703 0.400729 0.474322 0.465056 0.488122 0.453408 0.459994 0.483834 0.419121 0.412724 0.350739 0.242244 0.239433 0.22258 0.219441 0.26072 0.274261 0.269579 1.137088e-01 0.843
N:14 Run:1 0.330146 0.244213 0.235943 0.215798 0.237214 0.268067 0.307881 0.355147 0.312058 0.373318 0.38106 0.357653 0.257982 0.283878 0.299244 0.248668 0.234999 0.226206 0.263881 0.286482 0.258044 1.137088e-01 0.843
N:14 Run:2 0.20813 0.233271 0.305776 0.322542 0.403334 0.410252 0.442212 0.541928 0.619106 0.623683 0.602008 0.592197 0.249386 0.255858 0.252475 0.225495 0.254377 0.277583 0.253116 0.249449 0.238122 1.137088e-01 0.843
N:14 Run:3 0.240864 0.231436 0.285324 0.313404 0.290752 0.309731 0.326849 0.315785 0.349447 0.398237 0.402845 0.409395 0.363396 0.35885 0.280551 0.257538 0.243966 0.241878 0.24489 0.255488 0.244523 1.137088e-01 0.843
N:14 Run:4 0.330146 0.244213 0.235943 0.215798 0.237214 0.268067 0.307881 0.355147 0.312058 0.373318 0.38106 0.357653 0.38266 0.325453 0.287462 0.257155 0.234498 0.210742 0.24699 0.253537 0.27797 1.137088e-01 0.843
N:14 Run:5 0.20813 0.233271 0.305776 0.322542 0.403334 0.410252 0.442212 0.541928 0.619106 0.623683 0.602008 0.592197 0.398717 0.342751 0.290918 0.226934 0.229252 0.241675 0.270351 0.242892 0.267155 1.137088e-01 0.843
N:14 Run:6 0.178294 0.263401 0.30403 0.294798 0.321973 0.336336 0.355609 0.370035 0.442259 0.453192 0.492878 0.458613 0.418321 0.380984 0.302314 0.255047 0.247079 0.239078 0.272153 0.286835 0.244123 1.137088e-01 0.843
N:14 Run:7 0.241792 0.24676 0.23698 0.235837 0.259432 0.254562 0.262438 0.309602 0.349378 0.388273 0.368464 0.371657 0.404141 0.336604 0.243569 0.228137 0.224817 0.254213 0.29188 0.248132 0.259488 1.137088e-01 0.843
N:14 Run:8 0.249075 0.243723 0.314707 0.300082 0.28706 0.296166 0.300635 0.270984 0.264732 0.264615 0.272599 0.281362 0.223114 0.24555 0.272169 0.254524 0.256394 0.249544 0.245706 0.263019 0.269402 1.137088e-01 0.843
N:14 Run:9 0.190027 0.246558 0.262639 0.284717 0.344423 0.325253 0.335812 0.347237 0.357852 0.313096 0.32866 0.317225 0.321034 0.288346 0.23413 0.226966 0.261024 0.280756 0.279158 0.229329 0.244953 1.137088e-01 0.843
N:15 Run:0 0.213832 0.25468 0.333364 0.413703 0.400729 0.474322 0.465056 0.488122 0.453408 0.459994 0.483834 0.419121 0.412724 0.350739 0.242244 0.239433 0.22258 0.219441 0.26072 0.274261 0.269579 1.184744e-01 0.855
N:15 Run:1 0.330146 0.244213 0.235943 0.215798 0.237214 0.268067 0.307881 0.355147 0.312058 0.373318 0.38106 0.357653 0.257982 0.283878 0.299244 0.248668 0.234999 0.226206 0.263881 0.286482 0.258044 1.184744e-01 0.855
N:15 Run:2 0.20813 0.233271 0.305776 0.322542 0.403334 0.410252 0.442212 0.541928 0.619106 0.623683 0.602008 0.592197 0.249386 0.255858 0.252475 0.225495 0.254377 0.277583 0.253116 0.249449 0.238122 1.184744e-01 0.855
N:15 Run:3 0.240864 0.231436 0.285324 0.313404 0.290752 0.309731 0.326849 0.315785 0.349447 0.398237 0.402845 0.409395 0.363396 0.35885 0.280551 0.257538 0.243966 0.241878 0.24489 0.255488 0.244523 1.184744e-01 0.855
N:15 Run:4 0.330146 0.244213 0.235943 0.215798 0.237214 0.268067 0.307881 0.355147 0.312058 0.373318 0.38106 0.357653 0.38266 0.325453 0.287462 0.257155 0.234498 0.210742 0.24699 0.253537 0.27797 1.184744e-01 0.855
N:15 Run:5 0.20813 0.233271 0.305776 0.322542 0.403334 0.410252 0.442212 0.541928 0.619106 0.623683 0.602008 0.592197 0.398717 0.342751 0.290918 0.226934 0.229252 0.241675 0.270351 0.242892 0.267155 1.184744e-01 0.855
N:15 Run:6 0.178294 0.263401 0.30403 0.294798 0.321973 0.336336 0.355609 0.370035 0.442259 0.453192 0.492878 0.458613 0.418321 0.380984 0.302314 0.255047 0.247079 0.239078 0.272153 0.286835 0.244123 1.184744e-01 0.855
N:15 Run:7 0.241792 0.24676 0.23698 0.235837 0.259432 0.254562 0.262438 0.309602 0.349378 0.388273 0.368464 0.371657 0.404141 0.336604 0.243569 0.228137 0.224817 0.254213 0.29188 0.248132 0.259488 1.184744e-01 0.855
N:15 Run:8 0.249075 0.243723 0.314707 0.300082 0.28706 0.296166 0.300635 0.270984 0.264732 0.264615 0.272599 0.281362 0.223114 0.24555 0.272169 0.254524 0.256394 0.249544 0.245706 0.263019 0.269402 1.184744e-01 0.855
N:15 Run:9 0.190027 0.246558 0.262639 0.284717 0.344423 0.325253 0.335812 0.347237 0.357852 0.313096 0.32866 0.317225 0.321034 0.288346 0.23413 0.226966 0.261024 0.280756 0.279158 0.229329 0.244953 1.184744e-01 0.855
N:16 Run:0 0.213832 0.25468 0.333364 0.413703 0.400729 0.474322 0.465056 0.488122 0.453408 0.459994 0.483834 0.419121 0.412724 0.350739 0.242244 0.239433 0.22258 0.219441 0.26072 0.274261 0.269579 1.154351e-01 0.843
N:16 Run:1 0.330146 0.244213 0.235943 0.215798 0.237214 0.268067 0.307881 0.355147 0.312058 0.373318 0.38106 0.357653 0.257982 0.283878 0.299244 0.248668 0.234999 0.226206 0.263881 0.286482 0.258044 1.154351e-01 0.843
N:16 Run:2 0.20813 0.233271 0.305776 0.322542 0.403334 0.410252 0.442212 0.541928 0.619106 0.623683 0.602008 0.592197 0.249386 0.255858 0.252475 0.225495 0.254377 0.277583 0.253116 0.249449 0.238122 1.154351e-01 0.843
N:16 Run:3 0.240864 0.231436 0.285324 0.313404 0.290752 0.309731 0.326849 0.315785 0.349447 0.398237 0.402845 0.409395 0.363396 0.35885 0.280551 0.257538 0.243966 0.241878 0.24489 0.255488 0.244523 1.154351e-01 0.843
N:16 Run:4 0.330146 0.244213 0.235943 0.215798 0.237214 0.268067 0.307881 0.355147 0.312058 0.373318 0.38106 0.357653 0.38266 0.325453 0.287462 0.257155 0.234498 0.210742 0.24699 0.253537 0.27797 1.154351e-01 0.843
N:16 Run:5 0.20813 0.233271 0.305776 0.322542 0.403334 0.410252 0.442212 0.541928 0.619106 0.623683 0.602008 0.592197 0.398717 0.342751 0.290918 0.226934 0.229252 0.241675 0.270351 0.242892 0.267155 1.154351e-01 0.843
N:16 Run:6 0.178294 0.263401 0.30403 0.294798 0.321973 0.336336 0.355609 0.370035 0.442259 0.453192 0.492878 0.458613 0.418321 0.380984 0.302314 0.255047 0.247079 0.239078 0.272153 0.286835 0.244123 1.154351e-01 0.843
N:16 Run:7 0.241792 0.24676 0.23698 0.235837 0.259432 0.254562 0.262438 0.309602 0.349378 0.388273 0.368464 0.371657 0.404141 0.336604 0.243569 0.228137 0.224817 0.254213 0.29188 0.248132 0.259488 1.154351e-01 0.843
N:16 Run:8 0.249075 0.243723 0.314707 0.300082 0.28706 0.296166 0.300635 0.270984 0.264732 0.264615 0.272599 0.281362 0.223114 0.24555 0.272169 0.254524 0.256394 0.249544 0.245706 0.263019 0.269402 1.154351e-01 0.843
N:16 Run:9 0.190027 0.246558 0.262639 0.284717 0.344423 0.325253 0.335812 0.347237 0.357852 0.313096 0.32866 0.317225 0.321034 0.288346 0.23413 0.226966 0.261024 0.280756 0.279158 0.229329 0.244953 1.154351e-01 0.843
N:17 Run:0 0.213832 0.25468 0.333364 0.413703 0.400729 0.474322 0.465056 0.488122 0.453408 0.459994 0.483834 0.419121 0.412724 0.350739 0.242244 0.239433 0.22258 0.219441 0.26072 0.274261 0.269579 1.169348e-01 0.854
N:17 Run:1 0.330146 0.244213 0.235943 0.215798 0.237214 0.268067 0.307881 0.355147 0.312058 0.373318 0.38106 0.357653 0.257982 0.283878 0.299244 0.248668 0.234999 0.226206 0.263881 0.286482 0.258044 1.169348e-01 0.854
N:17 Run:2 0.20813 0.233271 0.305776 0.322542 0.403334 0.410252 0.442212 0.541928 0.619106 0.623683 0.602008 0.592197 0.249386 0.255858 0.252475 0.225495 0.254377 0.277583 0.253116 0.249449 0.238122 1.169348e-01 0.854
N:17 Run:3 0.240864 0.231436 0.285324 0.313404 0.290752 0.309731 0.326849 0.315785 0.349447 0.398237 0.402845 0.409395 0.363396 0.35885 0.280551 0.257538 0.243966 0.241878 0.24489 0.255488 0.244523 1.169348e-01 0.854
N:17 Run:4 0.330146 0.244213 0.235943 0.215798 0.237214 0.268067 0.307881 0.355147 0.312058 0.373318 0.38106 0.357653 0.38266 0.325453 0.287462 0.257155 0.234498 0.210742 0.24699 0.253537 0.27797 1.169348e-01 0.854
N:17 Run:5 0.20813 0.233271 0.305776 0.322542 0.403334 0.410252 0.442212 0.541928 0.619106 0.623683 0.602008 0.592197 0.398717 0.342751 0.290918 0.226934 0.229252 0.241675 0.270351 0.242892 0.267155 1.169348e-01 0.854
N:17 Run:6 0.178294 0.263401 0.30403 0.294798 0.321973 0.336336 0.355609 0.370035 0.442259 0.453192 0.492878 0.458613 0.418321 0.380984 0.302314 0.255047 0.247079 0.239078 0.272153 0.286835 0.244123 1.169348e-01 0.854
N:17 Run:7 0.241792 0.24676 0.23698 0.235837 0.259432 0.254562 0.262438 0.309602 0.349378 0.388273 0.368464 0.371657 0.404141 0.336604 0.243569 0.228137 0.224817 0.254213 0.29188 0.248132 0.259488 1.169348e-01 0.854
N:17 Run:8 0.249075 0.243723 0.314707 0.300082 0.28706 0.296166 0.300635 0.270984 0.264732 0.264615 0.272599 0.281362 0.223114 0.24555 0.272169 0.254524 0.256394 0.249544 0.245706 0.263019 0.269402 1.169348e-01 0.854
N:17 Run:9 0.190027 0.246558 0.262639 0.284717 0.344423 0.325253 0.335812 0.347237 0.357852 0.313096 0.32866 0.317225 0.321034 0.288346 0.23413 0.226966 0.261024 0.280756 0.279158 0.229329 0.244953 1.169348e-01 0.854
N:18 Run:0 0.213832 0.25468 0.333364 0.413703 0.400729 0.474322 0.465056 0.488122 0.453408 0.459994 0.483834 0.419121 0.412724 0.350739 0.242244 0.239433 0.22258 0.219441 0.26072 0.274261 0.269579 1.087246e-01 0.852
N:18 Run:1 0.330146 0.244213 0.235943 0.215798 0.237214 0.268067 0.307881 0.355147 0.312058 0.373318 0.38106 0.357653 0.257982 0.283878 0.299244 0.248668 0.234999 0.226206 0.263881 0.286482 0.258044 1.087246e-01 0.852
N:18 Run:2 0.20813 0.233271 0.305776 0.322542 0.403334 0.410252 0.442212 0.541928 0.619106 0.623683 0.602008 0.592197 0.249386 0.255858 0.252475 0.225495 0.254377 0.277583 0.253116 0.249449 0.238122 1.087246e-01 0.852
N:18 Run:3 0.240864 0.231436 0.285324 0.313404 0.290752 0.309731 0.326849 0.315785 0.349447 0.398237 0.402845 0.409395 0.363396 0.35885 0.280551 0.257538 0.243966 0.241878 0.24489 0.255488 0.244523 1.087246e-01 0.852
N:18 Run:4 0.330146 0.244213 0.235943 0.215798 0.237214 0.268067 0.307881 0.355147 0.312058 0.373318 0.38106 0.357653 0.38266 0.325453 0.287462 0.257155 0.234498 0.210742 0.24699 0.253537 0.27797 1.087246e-01 0.852
N:18 Run:5 0.20813 0.233271 0.305776 0.322542 0.403334 0.410252 0.442212 0.541928 0.619106 0.623683 0.602008 0.592197 0.398717 0.342751 0.290918 0.226934 0.229252 0.241675 0.270351 0.242892 0.267155 1.087246e-01 0.852
N:18 Run:6 0.178294 0.263401 0.30403 0.294798 0.321973 0.336336 0.355609 0.370035 0.442259 0.453192 0.492878 0.458613 0.418321 0.380984 0.302314 0.255047 0.247079 0.239078 0.272153 0.286835 0.244123 1.087246e-01 0.852
N:18 Run:7 0.241792 0.24676 0.23698 0.235837 0.259432 0.254562 0.262438 0.309602 0.349378 0.388273 0.368464 0.371657 0.404141 0.336604 0.243569 0.228137 0.224817 0.254213 0.29188 0.248132 0.259488 1.087246e-01 0.852
N:18 Run:8 0.249075 0.243723 0.314707 0.300082 0.28706 0.296166 0.300635 0.270984 0.264732 0.264615 0.272599 0.281362 0.223114 0.24555 0.272169 0.254524 0.256394 0.249544 0.245706 0.263019 0.269402 1.087246e-01 0.852
N:18 Run:9 0.190027 0.246558 0.262639 0.284717 0.344423 0.325253 0.335812 0.347237 0.357852 0.313096 0.32866 0.317225 0.321034 0.288346 0.23413 0.226966 0.261024 0.280756 0.279158 0.229329 0.244953 1.087246e-01 0.852
N:19 Run:0 0.213832 0.25468 0.333364 0.413703 0.400729 0.474322 0.465056 0.488122 0.453408 0.459994 0.483834 0.419121 0.412724 0.350739 0.242244 0.239433 0.22258 0.219441 0.26072 0.274261 0.269579 1.096142e-01 0.853
N:19 Run:1 0.330146 0.244213 0.235943 0.215798 0.237214 0.268067 0.307881 0.355147 0.312058 0.373318 0.38106 0.357653 0.257982 0.283878 0.299244 0.248668 0.234999 0.226206 0.263881 0.286482 0.258044 1.096142e-01 0.853
N:19 Run:2 0.20813 0.233271 0.305776 0.322542 0.403334 0.410252 0.442212 0.541928 0.619106 0.623683 0.602008 0.592197 0.249386 0.255858 0.252475 0.225495 0.254377 0.277583 0.253116 0.249449 0.238122 1.096142e-01 0.853
N:19 Run:3 0.240864 0.231436 0.285324 0.313404 0.290752 0.309731 0.326849 0.315785 0.349447 0.398237 0.402845 0.409395 0.363396 0.35885 0.280551 0.257538 0.243966 0.241878 0.24489 0.255488 0.244523 1.096142e-01 0.853
N:19 Run:4 0.330146 0.244213 0.235943 0.215798 0.237214 0.268067 0.307881 0.355147 0.312058 0.373318 0.38106 0.357653 0.38266 0.325453 0.287462 0.257155 0.234498 0.210742 0.24699 0.253537 0.27797 1.096142e-01 0.853
N:19 Run:5 0.20813 0.233271 0.305776 0.322542 0.403334 0.410252 0.442212 0.541928 0.619106 0.623683 0.602008 0.592197 0.398717 0.342751 0.290918 0.226934 0.229252 0.241675 0.270351 0.242892 0.267155 1.096142e-01 0.853
N:19 Run:6 0.178294 0.263401 0.30403 0.294798 0.321973 0.336336 0.355609 0.370035 0.442259 0.453192 0.492878 0.458613 0.418321 0.380984 0.302314 0.255047 0.247079 0.239078 0.272153 0.286835 0.244123 1.096142e-01 0.853
N:19 Run:7 0.241792 0.24676 0.23698 0.235837 0.259432 0.254562 0.262438 0.309602 0.349378 0.388273 0.368464 0.371657 0.404141 0.336604 0.243569 0.228137 0.224817 0.254213 0.29188 0.248132 0.259488 1.096142e-01 0.853
N:19 Run:8 0.249075 0.243723 0.314707 0.300082 0.28706 0.296166 0.300635 0.270984 0.264732 0.264615 0.272599 0.281362 0.223114 0.24555 0.272169 0.254524 0.256394 0.249544 0.245706 0.263019 0.269402 1.096142e-01 0.853
N:19 Run:9 0.190027 0.246558 0.262639 0.284717 0.344423 0.325253 0.335812 0.347237 0.357852 0.313096 0.32866 0.317225 0.321034 0.288346 0.23413 0.226966 0.261024 0.280756 0.279158 0.229329 0.244953 1.096142e-01 0.853
N:20 Run:0 0.213832 0.25468 0.333364 0.413703 0.400729 0.474322 0.465056 0.488122 0.453408 0.459994 0.483834 0.419121 0.412724 0.350739 0.242244 0.239433 0.22258 0.219441 0.26072 0.274261 0.269579 1.091258e-01 0.853
N:20 Run:1 0.330146 0.244213 0.235943 0.215798 0.237214 0.268067 0.307881 0.355147 0.312058 0.373318 0.38106 0.357653 0.257982 0.283878 0.299244 0.248668 0.234999 0.226206 0.263881 0.286482 0.258044 1.091258e-01 0.853
N:20 Run:2 0.20813 0.233271 0.305776 0.322542 0.403334 0.410252 0.442212 0.541928 0.619106 0.623683 0.602008 0.592197 0.249386 0.255858 0.252475 0.225495 0.254377 0.277583 0.253116 0.249449 0.238122 1.091258e-01 0.853
N:20 Run:3 0.240864 0.231436 0.285324 0.313404 0.290752 0.309731 0.326849 0.315785 0.349447 0.398237 0.402845 0.409395 0.363396 0.35885 0.280551 0.257538 0.243966 0.241878 0.24489 0.255488 0.244523 1.091258e-01 0.853
N:20 Run:4 0.330146 0.244213 0.235943 0.215798 0.237214 0.268067 0.307881 0.355147 0.312058 0.373318 0.38106 0.357653 0.38266 0.325453 0.287462 0.257155 0.234498 0.210742 0.24699 0.253537 0.27797 1.091258e-01 0.853
N:20 Run:5 0.20813 0.233271 0.305776 0.322542 0.403334 0.410252 0.442212 0.541928 0.619106 0.623683 0.602008 0.592197 0.398717 0.342751 0.290918 0.226934 0.229252 0.241675 0.270351 0.242892 0.267155 1.091258e-01 0.853
N:20 Run:6 0.178294 0.263401 0.30403 0.294798 0.321973 0.336336 0.355609 0.370035 0.442259 0.453192 0.492878 0.458613 0.418321 0.380984 0.302314 0.255047 0.247079 0.239078 0.272153 0.286835 0.244123 1.091258e-01 0.853
N:20 Run:7 0.241792 0.24676 0.23698 0.235837 0.259432 0.254562 0.262438 0.309602 0.349378 0.388273 0.368464 0.371657 0.404141 0.336604 0.243569 0.228137 0.224817 0.254213 0.29188 0.248132 0.259488 1.091258e-01 0.853
N:20 Run:8 0.249075 0.243723 0.314707 0.300082 0.28706 0.296166 0.300635 0.270984 0.264732 0.264615 0.272599 0.281362 0.223114 0.24555 0.272169 0.254524 0.256394 0.249544 0.245706 0.263019 0.269402 1.091258e-01 0.853
N:20 Run:9 0.190027 0.246558 0.262639 0.284717 0.344423 0.325253 0.335812 0.347237 0.357852 0.313096 0.32866 0.317225 0.321034 0.288346 0.23413 0.226966 0.261024 0.280756 0.279158 0.229329 0.244953 1.091258e-01 0.853
N:21 Run:0 0.213832 0.25468 0.333364 0.413703 0.400729 0.474322 0.465056 0.488122 0.453408 0.459994 0.483834 0.419121 0.412724 0.350739 0.242244 0.239433 0.22258 0.219441 0.26072 0.274261 0.269579 1.229379e-01 0.848
N:21 Run:1 0.330146 0.244213 0.235943 0.215798 0.237214 0.268067 0.307881 0.355147 0.312058 0.373318 0.38106 0.357653 0.257982 0.283878 0.299244 0.248668 0.234999 0.226206 0.263881 0.286482 0.258044 1.229379e-01 0.848
N:21 Run:2 0.20813 0.233271 0.305776 0.322542 0.403334 0.410252 0.442212 0.541928 0.619106 0.623683 0.602008 0.592197 0.249386 0.255858 0.252475 0.225495 0.254377 0.277583 0.253116 0.249449 0.238122 1.229379e-01 0.848
N:21 Run:3 0.240864 0.231436 0.285324 0.313404 0.290752 0.309731 0.326849 0.315785 0.349447 0.398237 0.402845 0.409395 0.363396 0.35885 0.280551 0.257538 0.243966 0.241878 0.24489 0.255488 0.244523 1.229379e-01 0.848
N:21 Run:4 0.330146 0.244213 0.235943 0.215798 0.237214 0.268067 0.307881 0.355147 0.312058 0.373318 0.38106 0.357653 0.38266 0.325453 0.287462 0.257155 0.234498 0.210742 0.24699 0.253537 0.27797 1.229379e-01 0.848
N:21 Run:5 0.20813 0.233271 0.305776 0.322542 0.403334 0.410252 0.442212 0.541928 0.619106 0.623683 0.602008 0.592197 0.398717 0.342751 0.290918 0.226934 0.229252 0.241675 0.270351 0.242892 0.267155 1.229379e-01 0.848
N:21 Run:6 0.178294 0.263401 0.30403 0.294798 0.321973 0.336336 0.355609 0.370035 0.442259 0.453192 0.492878 0.458613 0.418321 0.380984 0.302314 0.255047 0.247079 0.239078 0.272153 0.286835 0.244123 1.229379e-01 0.848
N:21 Run:7 0.241792 0.24676 0.23698 0.235837 0.259432 0.254562 0.262438 0.309602 0.349378 0.388273 0.368464 0.371657 0.404141 0.336604 0.243569 0.228137 0.224817 0.254213 0.29188 0.248132 0.259488 1.229379e-01 0.848
N:21 Run:8 0.249075 0.243723 0.314707 0.300082 0.28706 0.296166 0.300635 0.270984 0.264732 0.264615 0.272599 0.281362 0.223114 0.24555 0.272169 0.254524 0.256394 0.249544 0.245706 0.263019 0.269402 1.229379e-01 0.848
N:21 Run:9 0.190027 0.246558 0.262639 0.284717 0.344423 0.325253 0.335812 0.347237 0.357852 0.313096 0.32866 0.317225 0.321034 0.288346 0.23413 0.226966 0.261024 0.280756 0.279158 0.229329 0.244953 1.229379e-01 0.848
N:22 Run:0 0.213832 0.25468 0.333364 0.413703 0.400729 0.474322 0.465056 0.488122 0.453408 0.459994 0.483834 0.419121 0.412724 0.350739 0.242244 0.239433 0.22258 0.219441 0.26072 0.274261 0.269579 1.078006e-01 0.866
N:22 Run:1 0.330146 0.244213 0.235943 0.215798 0.237214 0.268067 0.307881 0.355147 0.312058 0.373318 0.38106 0.357653 0.257982 0.283878 0.299244 0.248668 0.234999 0.226206 0.263881 0.286482 0.258044 1.078006e-01 0.866
N:22 Run:2 0.20813 0.233271 0.305776 0.322542 0.403334 0.410252 0.442212 0.541928 0.619106 0.623683 0.602008 0.592197 0.249386 0.255858 0.252475 0.225495 0.254377 0.277583 0.253116 0.249449 0.238122 1.078006e-01 0.866
N:22 Run:3 0.240864 0.231436 0.285324 0.313404 0.290752 0.309731 0.326849 0.315785 0.349447 0.398237 0.402845 0.409395 0.363396 0.35885 0.280551 0.257538 0.243966 0.241878 0.24489 0.255488 0.244523 1.078006e-01 0.866
N:22 Run:4 0.330146 0.244213 0.235943 0.215798 0.237214 0.268067 0.307881 0.355147 0.312058 0.373318 0.38106 0.357653 0.38266 0.325453 0.287462 0.257155 0.234498 0.210742 0.24699 0.253537 0.27797 1.078006e-01 0.866
N:22 Run:5 0.20813 0.233271 0.305776 0.322542 0.403334 0.410252 0.442212 0.541928 0.619106 0.623683 0.602008 0.592197 0.398717 0.342751 0.290918 0.226934 0.229252 0.241675 0.270351 0.242892 0.267155 1.078006e-01 0.866
N:22 Run:6 0.178294 0.263401 0.30403 0.294798 0.321973 0.336336 0.355609 0.370035 0.442259 0.453192 0.492878 0.458613 0.418321 0.380984 0.302314 0.255047 0.247079 0.239078 0.272153 0.286835 0.244123 1.078006e-01 0.866
N:22 Run:7 0.241792 0.24676 0.23698 0.235837 0.259432 0.254562 0.262438 0.309602 0.349378 0.388273 0.368464 0.371657 0.404141 0.336604 0.243569 0.228137 0.224817 0.254213 0.29188 0.248132 0.259488 1.078006e-01 0.866
N:22 Run:8 0.249075 0.243723 0.314707 0.300082 0.28706 0.296166 0.300635 0.270984 0.264732 0.264615 0.272599 0.281362 0.223114 0.24555 0.272169 0.254524 0.256394 0.249544 0.245706 0.263019 0.269402 1.078006e-01 0.866
N:22 Run:9 0.190027 0.246558 0.262639 0.284717 0.344423 0.325253 0.335812 0.347237 0.357852 0.313096 0.32866 0.317225 0.321034 0.288346 0.23413 0.226966 0.261024 0.280756 0.279158 0.229329 0.244953 1.078006e-01 0.866
N:23 Run:0 0.213832 0.25468 0.333364 0.413703 0.400729 0.474322 0.465056 0.488122 0.453408 0.459994 0.483834 0.419121 0.412724 0.350739 0.242244 0.239433 0.22258 0.219441 0.26072 0.274261 0.269579 1.108228e-01 0.867
N:23 Run:1 0.330146 0.244213 0.235943 0.215798 0.237214 0.268067 0.307881 0.355147 0.312058 0.373318 0.38106 0.357653 0.257982 0.283878 0.299244 0.248668 0.234999 0.226206 0.263881 0.286482 0.258044 1.108228e-01 0.867
N:23 Run:2 0.20813 0.233271 0.305776 0.322542 0.403334 0.410252 0.442212 0.541928 0.619106 0.623683 0.602008 0.592197 0.249386 0.255858 0.252475 0.225495 0.254377 0.277583 0.253116 0.249449 0.238122 1.108228e-01 0.867
N:23 Run:3 0.240864 0.231436 0.285324 0.313404 0.290752 0.309731 0.326849 0.315785 0.349447 0.398237 0.402845 0.409395 0.363396 0.35885 0.280551 0.257538 0.243966 0.241878 0.24489 0.255488 0.244523 1.108228e-01 0.867
N:23 Run:4 0.330146 0.244213 0.235943 0.215798 0.237214 0.268067 0.307881 0.355147 0.312058 0.373318 0.38106 0.357653 0.38266 0.325453 0.287462 0.257155 0.234498 0.210742 0.24699 0.253537 0.27797 1.108228e-01 0.867
N:23 Run:5 0.20813 0.233271 0.305776 0.322542 0.403334 0.410252 0.442212 0.541928 0.619106 0.623683 0.602008 0.592197 0.398717 0.342751 0.290918 0.226934 0.229252 0.241675 0.270351 0.242892 0.267155 1.108228e-01 0.867
N:23 Run:6 0.178294 0.263401 0.30403 0.294798 0.321973 0.336336 0.355609 0.370035 0.442259 0.453192 0.492878 0.458613 0.418321 0.380984 0.302314 0.255047 0.247079 0.239078 0.272153 0.286835 0.244123 1.108228e-01 0.867
N:23 Run:7 0.241792 0.24676 0.23698 0.235837 0.259432 0.254562 0.262438 0.309602 0.349378 0.388273 0.368464 0.371657 0.404141 0.336604 0.243569 0.228137 0.224817 0.254213 0.29188 0.248132 0.259488 1.108228e-01 0.867
N:23 Run:8 0.249075 0.243723 0.314707 0.300082 0.28706 0.296166 0.300635 0.270984 0.264732 0.264615 0.272599 0.281362 0.223114 0.24555 0.272169 0.254524 0.256394 0.249544 0.245706 0.263019 0.269402 1.108228e-01 0.867
N:23 Run:9 0.190027 0.246558 0.262639 0.284717 0.344423 0.325253 0.335812 0.347237 0.357852 0.313096 0.32866 0.317225 0.321034 0.288346 0.23413 0.226966 0.261024 0.280756 0.279158 0.229329 0.244953 1.108228e-01 0.867
N:24 Run:0 0.213832 0.25468 0.333364 0.413703 0.400729 0.474322 0.465056 0.488122 0.453408 0.459994 0.483834 0.419121 0.412724 0.350739 0.242244 0.239433 0.22258 0.219441 0.26072 0.274261 0.269579 1.161066e-01 0.846
N:24 Run:1 0.330146 0.244213 0.235943 0.215798 0.237214 0.268067 0.307881 0.355147 0.312058 0.373318 0.38106 0.357653 0.257982 0.283878 0.299244 0.248668 0.234999 0.226206 0.263881 0.286482 0.258044 1.161066e-01 0.846
N:24 Run:2 0.20813 0.233271 0.305776 0.322542 0.403334 0.410252 0.442212 0.541928 0.619106 0.623683 0.602008 0.592197 0.249386 0.255858 0.252475 0.225495 0.254377 0.277583 0.253116 0.249449 0.238122 1.161066e-01 0.846
N:24 Run:3 0.240864 0.231436 0.285324 0.313404 0.290752 0.309731 0.326849 0.315785 0.349447 0.398237 0.402845 0.409395 0.363396 0.35885 0.280551 0.257538 0.243966 0.241878 0.24489 0.255488 0.244523 1.161066e-01 0.846
N:24 Run:4 0.330146 0.244213 0.235943 0.215798 0.237214 0.268067 0.307881 0.355147 0.312058 0.373318 0.38106 0.357653 0.38266 0.325453 0.287462 0.257155 0.234498 0.210742 0.24699 0.253537 0.27797 1.161066e-01 0.846
N:24 Run:5 0.20813 0.233271 0.305776 0.322542 0.403334 0.410252 0.442212 0.541928 0.619106 0.623683 0.602008 0.592197 0.398717 0.342751 0.290918 0.226934 0.229252 0.241675 0.270351 0.242892 0.267155 1.161066e-01 0.846
N:24 Run:6 0.178294 0.263401 0.30403 0.294798 0.321973 0.336336 0.355609 0.370035 0.442259 0.453192 0.492878 0.458613 0.418321 0.380984 0.302314 0.255047 0.247079 0.239078 0.272153 0.286835 0.244123 1.161066e-01 0.846
N:24 Run:7 0.241792 0.24676 0.23698 0.235837 0.259432 0.254562 0.262438 0.309602 0.349378 0.388273 0.368464 0.371657 0.404141 0.336604 0.243569 0.228137 0.224817 0.254213 0.29188 0.248132 0.259488 1.161066e-01 0.846
N:24 Run:8 0.249075 0.243723 0.314707 0.300082 0.28706 0.296166 0.300635 0.270984 0.264732 0.264615 0.272599 0.281362 0.223114 0.24555 0.272169 0.254524 0.256394 0.249544 0.245706 0.263019 0.269402 1.161066e-01 0.846
N:24 Run:9 0.190027 0.246558 0.262639 0.284717 0.344423 0.325253 0.335812 0.347237 0.357852 0.313096 0.32866 0.317225 0.321034 0.288346 0.23413 0.226966 0.261024 0.280756 0.279158 0.229329 0.244953 1.161066e-01 0.846
N:25 Run:0 0.213832 0.25468 0.333364 0.413703 0.400729 0.474322 0.465056 0.488122 0.453408 0.459994 0.483834 0.419121 0.412724 0.350739 0.242244 0.239433 0.22258 0.219441 0.26072 0.274261 0.269579 1.140694e-01 0.846
N:25 Run:1 0.330146 0.244213 0.235943 0.215798 0.237214 0.268067 0.307881 0.355147 0.312058 0.373318 0.38106 0.357653 0.257982 0.283878 0.299244 0.248668 0.234999 0.226206 0.263881 0.286482 0.258044 1.140694e-01 0.846
N:25 Run:2 0.20813 0.233271 0.305776 0.322542 0.403334 0.410252 0.442212 0.541928 0.619106 0.623683 0.602008 0.592197 0.249386 0.255858 0.252475 0.225495 0.254377 0.277583 0.253116 0.249449 0.238122 1.140694e-01 0.846
N:25 Run:3 0.240864 0.231436 0.285324 0.313404 0.290752 0.309731 0.326849 0.315785 0.349447 0.398237 0.402845 0.409395 0.363396 0.35885 0.280551 0.257538 0.243966 0.241878 0.24489 0.255488 0.244523 1.140694e-01 0.846
N:25 Run:4 0.330146 0.244213 0.235943 0.215798 0.237214 0.268067 0.307881 0.355147 0.312058 0.373318 0.38106 0.357653 0.38266 0.325453 0.287462 0.257155 0.234498 0.210742 0.24699 0.253537 0.27797 1.140694e-01 0.846
N:25 Run:5 0.20813 0.233271 0.305776 0.322542 0.403334 0.410252 0.442212 0.541928 0.619106 0.623683 0.602008 0.592197 0.398717 0.342751 0.290918 0.226934 0.229252 0.241675 0.270351 0.242892 0.267155 1.140694e-01 0.846
N:25 Run:6 0.178294 0.263401 0.30403 0.294798 0.321973 0.336336 0.355609 0.370035 0.442259 0.453192 0.492878 0.458613 0.418321 0.380984 0.302314 0.255047 0.247079 0.239078 0.272153 0.286835 0.244123 1.140694e-01 0.846
N:25 Run:7 0.241792 0.24676 0.23698 0.235837 0.259432 0.254562 0.262438 0.309602 0.349378 0.388273 0.368464 0.371657 0.404141 0.336604 0.243569 0.228137 0.224817 0.254213 0.29188 0.248132 0.259488 1.140694e-01 0.846
N:25 Run:8 0.249075 0.243723 0.314707 0.300082 0.28706 0.296166 0.300635 0.270984 0.264732 0.264615 0.272599 0.281362 0.223114 0.24555 0.272169 0.254524 0.256394 0.249544 0.245706 0.263019 0.269402 1.140694e-01 0.846
N:25 Run:9 0.190027 0.246558 0.262639 0.284717 0.344423 0.325253 0.335812 0.347237 0.357852 0.313096 0.32866 0.317225 0.321034 0.288346 0.23413 0.226966 0.261024 0.280756 0.279158 0.229329 0.244953 1.140694e-01 0.846
N:26 Run:0 0.213832 0.25468 0.333364 0.413703 0.400729 0.474322 0.465056 0.488122 0.453408 0.459994 0.483834 0.419121 0.412724 0.350739 0.242244 0.239433 0.22258 0.219441 0.26072 0.274261 0.269579 1.177525e-01 0.849
N:26 Run:1 0.330146 0.244213 0.235943 0.215798 0.237214 0.268067 0.307881 0.355147 0.312058 0.373318 0.38106 0.357653 0.257982 0.283878 0.299244 0.248668 0.234999 0.226206 0.263881 0.286482 0.258044 1.177525e-01 0.849
N:26 Run:2 0.20813 0.233271 0.305776 0.322542 0.403334 0.410252 0.442212 0.541928 0.619106 0.623683 0.602008 0.592197 0.249386 0.255858 0.252475 0.225495 0.254377 0.277583 0.253116 0.249449 0.238122 1.177525e-01 0.849
N:26 Run:3 0.240864 0.231436 0.285324 0.313404 0.290752 0.309731 0.326849 0.315785 0.349447 0.398237 0.402845 0.409395 0.363396 0.35885 0.280551 0.257538 0.243966 0.241878 0.24489 0.255488 0.244523 1.177525e-01 0.849
N:26 Run:4 0.330146 0.244213 0.235943 0.215798 0.237214 0.268067 0.307881 0.355147 0.312058 0.373318 0.38106 0.357653 0.38266 0.325453 0.287462 0.257155 0.234498 0.210742 0.24699 0.253537 0.27797 1.177525e-01 0.849
N:26 Run:5 0.20813 0.233271 0.305776 0.322542 0.403334 0.410252 0.442212 0.541928 0.619106 0.623683 0.602008 0.592197 0.398717 0.342751 0.290918 0.226934 0.229252 0.241675 0.270351 0.242892 0.267155 1.177525e-01 0.849
N:26 Run:6 0.178294 0.263401 0.30403 0.294798 0.321973 0.336336 0.355609 0.370035 0.442259 0.453192 0.492878 0.458613 0.418321 0.380984 0.302314 0.255047 0.247079 0.239078 0.272153 0.286835 0.244123 1.177525e-01 0.849
N:26 Run:7 0.241792 0.24676 0.23698 0.235837 0.259432 0.254562 0.262438 0.309602 0.349378 0.388273 0.368464 0.371657 0.404141 0.336604 0.243569 0.228137 0.224817 0.254213 0.29188 0.248132 0.259488 1.177525e-01 0.849
N:26 Run:8 0.249075 0.243723 0.314707 0.300082 0.28706 0.296166 0.300635 0.270984 0.264732 0.264615 0.272599 0.281362 0.223114 0.24555 0.272169 0.254524 0.256394 0.249544 0.245706 0.263019 0.269402 1.177525e-01 0.849
N:26 Run:9 0.190027 0.246558 0.262639 0.284717 0.344423 0.325253 0.335812 0.347237 0.357852 0.313096 0.32866 0.317225 0.321034 0.288346 0.23413 0.226966 0.261024 0.280756 0.279158 0.229329 0.244953 1.177525e-01 0.849
N:27 Run:0 0.213832 0.25468 0.333364 0.413703 0.400729 0.474322 0.465056 0.488122 0.453408 0.459994 0.483834 0.419121 0.412724 0.350739 0.242244 0.239433 0.22258 0.219441 0.26072 0.274261 0.269579 1.096362e-01 0.851
N:27 Run:1 0.330146 0.244213 0.235943 0.215798 0.237214 0.268067 0.307881 0.355147 0.312058 0.373318 0.38106 0.357653 0.257982 0.283878 0.299244 0.248668 0.234999 0.226206 0.263881 0.286482 0.258044 1.096362e-01 0.851
N:27 Run:2 0.20813 0.233271 0.305776 0.322542 0.403334 0.410252 0.442212 0.541928 0.619106 0.623683 0.602008 0.592197 0.249386 0.255858 0.252475 0.225495 0.254377 0.277583 0.253116 0.249449 0.238122 1.096362e-01 0.851
N:27 Run:3 0.240864 0.231436 0.285324 0.313404 0.290752 0.309731 0.326849 0.315785 0.349447 0.398237 0.402845 0.409395 0.363396 0.35885 0.280551 0.257538 0.243966 0.241878 0.24489 0.255488 0.244523 1.096362e-01 0.851
N:27 Run:4 0.330146 0.244213 0.235943 0.215798 0.237214 0.268067 0.307881 0.355147 0.312058 0.373318 0.38106 0.357653 0.38266 0.325453 0.287462 0.257155 0.234498 0.210742 0.24699 0.253537 0.27797 1.096362e-01 0.851
N:27 Run:5 0.20813 0.233271 0.305776 0.322542 0.403334 0.410252 0.442212 0.541928 0.619106 0.623683 0.602008 0.592197 0.398717 0.342751 0.290918 0.226934 0.229252 0.241675 0.270351 0.242892 0.267155 1.096362e-01 0.851
N:27 Run:6 0.178294 0.263401 0.30403 0.294798 0.321973 0.336336 0.355609 0.370035 0.442259 0.453192 0.492878 0.458613 0.418321 0.380984 0.302314 0.255047 0.247079 0.239078 0.272153 0.286835 0.244123 1.096362e-01 0.851
N:27 Run:7 0.241792 0.24676 0.23698 0.235837 0.259432 0.254562 0.262438 0.309602 0.349378 0.388273 0.368464 0.371657 0.404141 0.336604 0.243569 0.228137 0.224817 0.254213 0.29188 0.248132 0.259488 1.096362e-01 0.851
N:27 Run:8 0.249075 0.243723 0.314707 0.300082 0.28706 0.296166 0.300635 0.270984 0.264732 0.264615 0.272599 0.281362 0.223114 0.24555 0.272169 0.254524 0.256394 0.249544 0.245706 0.263019 0.269402 1.096362e-01 0.851
N:27 Run:9 0.190027 0.246558 0.262639 0.284717 0.344423 0.325253 0.335812 0.347237 0.357852 0.313096 0.32866 0.317225 0.321034 0.288346 0.23413 0.226966 0.261024 0.280756 0.279158 0.229329 0.244953 1.096362e-01 0.851
N:28 Run:0 0.213832 0.25468 0.333364 0.413703 0.400729 0.474322 0.465056 0.488122 0.453408 0.459994 0.483834 0.419121 0.412724 0.350739 0.242244 0.239433 0.22258 0.219441 0.26072 0.274261 0.269579 1.086828e-01 0.849
N:28 Run:1 0.330146 0.244213 0.235943 0.215798 0.237214 0.268067 0.307881 0.355147 0.312058 0.373318 0.38106 0.357653 0.257982 0.283878 0.299244 0.248668 0.234999 0.226206 0.263881 0.286482 0.258044 1.086828e-01 0.849
N:28 Run:2 0.20813 0.233271 0.305776 0.322542 0.403334 0.410252 0.442212 0.541928 0.619106 0.623683 0.602008 0.592197 0.249386 0.255858 0.252475 0.225495 0.254377 0.277583 0.253116 0.249449 0.238122 1.086828e-01 0.849
N:28 Run:3 0.240864 0.231436 0.285324 0.313404 0.290752 0.309731 0.326849 0.315785 0.349447 0.398237 0.402845 0.409395 0.363396 0.35885 0.280551 0.257538 0.243966 0.241878 0.24489 0.255488 0.244523 1.086828e-01 0.849
N:28 Run:4 0.330146 0.244213 0.235943 0.215798 0.237214 0.268067 0.307881 0.355147 0.312058 0.373318 0.38106 0.357653 0.38266 0.325453 0.287462 0.257155 0.234498 0.210742 0.24699 0.253537 0.27797 1.086828e-01 0.849
N:28 Run:5 0.20813 0.233271 0.305776 0.322542 0.403334 0.410252 0.442212 0.541928 0.619106 0.623683 0.602008 0.592197 0.398717 0.342751 0.290918 0.226934 0.229252 0.241675 0.270351 0.242892 0.267155 1.086828e-01 0.849
N:28 Run:6 0.178294 0.263401 0.30403 0.294798 0.321973 0.336336 0.355609 0.370035 0.442259 0.453192 0.492878 0.458613 0.418321 0.380984 0.302314 0.255047 0.247079 0.239078 0.272153 0.286835 0.244123 1.086828e-01 0.849
N:28 Run:7 0.241792 0.24676 0.23698 0.235837 0.259432 0.254562 0.262438 0.309602 0.349378 0.388273 0.368464 0.371657 0.404141 0.336604 0.243569 0.228137 0.224817 0.254213 0.29188 0.248132 0.259488 1.086828e-01 0.849
N:28 Run:8 0.249075 0.243723 0.314707 0.300082 0.28706 0.296166 0.300635 0.270984 0.264732 0.264615 0.272599 0.281362 0.223114 0.24555 0.272169 0.254524 0.256394 0.249544 0.245706 0.263019 0.269402 1.086828e-01 0.849
N:28 Run:9 0.190027 0.246558 0.262639 0.284717 0.344423 0.325253 0.335812 0.347237 0.357852 0.313096 0.32866 0.317225 0.321034 0.288346 0.23413 0.226966 0.261024 0.280756 0.279158 0.229329 0.244953 1.086828e-01 0.849
N:29 Run:0 0.213832 0.25468 0.333364 0.413703 0.400729 0.474322 0.465056 0.488122 0.453408 0.459994 0.483834 0.419121 0.412724 0.350739 0.242244 0.239433 0.22258 0.219441 0.26072 0.274261 0.269579 1.157360e-01 0.877
N:29 Run:1 0.330146 0.244213 0.235943 0.215798 0.237214 0.268067 0.307881 0.355147 0.312058 0.373318 0.38106 0.357653 0.257982 0.283878 0.299244 0.248668 0.234999 0.226206 0.263881 0.286482 0.258044 1.157360e-01 0.877
N:29 Run:2 0.20813 0.233271 0.305776 0.322542 0.403334 0.410252 0.442212 0.541928 0.619106 0.623683 0.602008 0.592197 0.249386 0.255858 0.252475 0.225495 0.254377 0.277583 0.253116 0.249449 0.238122 1.157360e-01 0.877
N:29 Run:3 0.240864 0.231436 0.285324 0.313404 0.290752 0.309731 0.326849 0.315785 0.349447 0.398237 0.402845 0.409395 0.363396 0.35885 0.280551 0.257538 0.243966 0.241878 0.24489 0.255488 0.244523 1.157360e-01 0.877
N:29 Run:4 0.330146 0.244213 0.235943 0.215798 0.237214 0.268067 0.307881 0.355147 0.312058 0.373318 0.38106 0.357653 0.38266 0.325453 0.287462 0.257155 0.234498 0.210742 0.24699 0.253537 0.27797 1.157360e-01 0.877
N:29 Run:5 0.20813 0.233271 0.305776 0.322542 0.403334 0.410252 0.442212 0.541928 0.619106 0.623683 0.602008 0.592197 0.398717 0.342751 0.290918 0.226934 0.229252 0.241675 0.270351 0.242892 0.267155 1.157360e-01 0.877
N:29 Run:6 0.178294 0.263401 0.30403 0.294798 0.321973 0.336336 0.355609 0.370035 0.442259 0.453192 0.492878 0.458613 0.418321 0.380984 0.302314 0.255047 0.247079 0.239078 0.272153 0.286835 0.244123 1.157360e-01 0.877
N:29 Run:7 0.241792 0.24676 0.23698 0.235837 0.259432 0.254562 0.262438 0.309602 0.349378 0.388273 0.368464 0.371657 0.404141 0.336604 0.243569 0.228137 0.224817 0.254213 0.29188 0.248132 0.259488 1.157360e-01 0.877
N:29 Run:8 0.249075 0.243723 0.314707 0.300082 0.28706 0.296166 0.300635 0.270984 0.264732 0.264615 0.272599 0.281362 0.223114 0.24555 0.272169 0.254524 0.256394 0.249544 0.245706 0.263019 0.269402 1.157360e-01 0.877
N:29 Run:9 0.190027 0.246558 0.262639 0.284717 0.344423 0.325253 0.335812 0.347237 0.357852 0.313096 0.32866 0.317225 0.321034 0.288346 0.23413 0.226966 0.261024 0.280756 0.279158 0.229329 0.244953 1.157360e-01 0.877
