Seed:1578604613
N:0 Run:0 0.545341 0.607285 0.604003 0.60504 0.615873 0.619878 0.60853 0.620793 0.618965 0.60984 0.584593 0.584077 0.616832 0.619174 0.605003 0.596456 0.598137 0.601299 0.598522 0.595411 0.594806 1.051617e-01 0.640
N:0 Run:1 0.646462 0.588215 0.578752 0.577505 0.615534 0.581243 0.609416 0.589886 0.61325 0.615773 0.589919 0.605928 0.583185 0.594039 0.609319 0.595233 0.59854 0.596857 0.597866 0.597443 0.565644 1.051617e-01 0.640
N:0 Run:2 0.653008 0.605195 0.626379 0.618978 0.614427 0.609316 0.595715 0.614625 0.606525 0.608024 0.602029 0.604263 0.604739 0.603423 0.59158 0.606533 0.59123 0.604118 0.58625 0.610626 0.605253 1.051617e-01 0.640
N:0 Run:3 0.702458 0.629615 0.382433 0.263869 0.196669 0.17896 0.215093 0.21211 0.223282 0.230594 0.232674 0.220171 0.556796 0.593024 0.599103 0.593345 0.584671 0.601931 0.6057 0.590016 0.59645 1.051617e-01 0.640
N:0 Run:4 0.646462 0.588215 0.578752 0.577505 0.615534 0.581243 0.609416 0.589886 0.61325 0.615773 0.589919 0.605928 0.606135 0.61199 0.599758 0.560324 0.602281 0.617845 0.587546 0.613176 0.620022 1.051617e-01 0.640
N:0 Run:5 0.653008 0.605195 0.626379 0.618978 0.614427 0.609316 0.595715 0.614625 0.606525 0.608024 0.602029 0.604263 0.596085 0.599711 0.596302 0.609312 0.62342 0.615952 0.611728 0.616133 0.605708 1.051617e-01 0.640
N:0 Run:6 0.598179 0.605205 0.595327 0.600085 0.612804 0.6004 0.603049 0.607039 0.615149 0.617347 0.597192 0.616597 0.615895 0.620134 0.601774 0.594712 0.595244 0.605163 0.599249 0.617805 0.612115 1.051617e-01 0.640
N:0 Run:7 0.592663 0.611074 0.316495 0.187997 0.169992 0.168375 0.16948 0.167413 0.165771 0.169125 0.180271 0.167472 0.564787 0.617479 0.596849 0.61147 0.581581 0.604421 0.601325 0.602802 0.612529 1.051617e-01 0.640
N:0 Run:8 0.61745 0.608514 0.592619 0.601329 0.609898 0.607926 0.602111 0.593254 0.618184 0.61772 0.612903 0.610308 0.597347 0.593263 0.615611 0.601652 0.60465 0.613415 0.617271 0.622983 0.582578 1.051617e-01 0.640
N:0 Run:9 0.559393 0.593495 0.61432 0.598619 0.58832 0.600928 0.601121 0.602872 0.596144 0.599638 0.598444 0.613695 0.604274 0.601549 0.622466 0.591021 0.606027 0.611336 0.601735 0.617058 0.619512 1.051617e-01 0.640
N:1 Run:0 0.545341 0.607285 0.604003 0.60504 0.615873 0.619878 0.60853 0.620793 0.618965 0.60984 0.584593 0.584077 0.616832 0.619174 0.605003 0.596456 0.598137 0.601299 0.598522 0.595411 0.594806 1.058820e-01 0.673
N:1 Run:1 0.646462 0.588215 0.578752 0.577505 0.615534 0.581243 0.609416 0.589886 0.61325 0.615773 0.589919 0.605928 0.583185 0.594039 0.609319 0.595233 0.59854 0.596857 0.597866 0.597443 0.565644 1.058820e-01 0.673
N:1 Run:2 0.653008 0.605195 0.626379 0.618978 0.614427 0.609316 0.595715 0.614625 0.606525 0.608024 0.602029 0.604263 0.604739 0.603423 0.59158 0.606533 0.59123 0.604118 0.58625 0.610626 0.605253 1.058820e-01 0.673
N:1 Run:3 0.702458 0.629615 0.382433 0.263869 0.196669 0.17896 0.215093 0.21211 0.223282 0.230594 0.232674 0.220171 0.556796 0.593024 0.599103 0.593345 0.584671 0.601931 0.6057 0.590016 0.59645 1.058820e-01 0.673
N:1 Run:4 0.646462 0.588215 0.578752 0.577505 0.615534 0.581243 0.609416 0.589886 0.61325 0.615773 0.589919 0.605928 0.606135 0.61199 0.599758 0.560324 0.602281 0.617845 0.587546 0.613176 0.620022 1.058820e-01 0.673
N:1 Run:5 0.653008 0.605195 0.626379 0.618978 0.614427 0.609316 0.595715 0.614625 0.606525 0.608024 0.602029 0.604263 0.596085 0.599711 0.596302 0.609312 0.62342 0.615952 0.611728 0.616133 0.605708 1.058820e-01 0.673
N:1 Run:6 0.598179 0.605205 0.595327 0.600085 0.612804 0.6004 0.603049 0.607039 0.615149 0.617347 0.597192 0.616597 0.615895 0.620134 0.601774 0.594712 0.595244 0.605163 0.599249 0.617805 0.612115 1.058820e-01 0.673
N:1 Run:7 0.592663 0.611074 0.316495 0.187997 0.169992 0.168375 0.16948 0.167413 0.165771 0.169125 0.180271 0.167472 0.564787 0.617479 0.596849 0.61147 0.581581 0.604421 0.601325 0.602802 0.612529 1.058820e-01 0.673
N:1 Run:8 0.61745 0.608514 0.592619 0.601329 0.609898 0.607926 0.602111 0.593254 0.618184 0.61772 0.612903 0.610308 0.597347 0.593263 0.615611 0.601652 0.60465 0.613415 0.617271 0.622983 0.582578 1.058820e-01 0.673
N:1 Run:9 0.559393 0.593495 0.61432 0.598619 0.58832 0.600928 0.601121 0.602872 0.596144 0.599638 0.598444 0.613695 0.604274 0.601549 0.622466 0.591021 0.606027 0.611336 0.601735 0.617058 0.619512 1.058820e-01 0.673
N:2 Run:0 0.545341 0.607285 0.604003 0.60504 0.615873 0.619878 0.60853 0.620793 0.618965 0.60984 0.584593 0.584077 0.616832 0.619174 0.605003 0.596456 0.598137 0.601299 0.598522 0.595411 0.594806 1.443366e-01 0.718
N:2 Run:1 0.646462 0.588215 0.578752 0.577505 0.615534 0.581243 0.609416 0.589886 0.61325 0.615773 0.589919 0.605928 0.583185 0.594039 0.609319 0.595233 0.59854 0.596857 0.597866 0.597443 0.565644 1.443366e-01 0.718
N:2 Run:2 0.653008 0.605195 0.626379 0.618978 0.614427 0.609316 0.595715 0.614625 0.606525 0.608024 0.602029 0.604263 0.604739 0.603423 0.59158 0.606533 0.59123 0.604118 0.58625 0.610626 0.605253 1.443366e-01 0.718
N:2 Run:3 0.702458 0.629615 0.382433 0.263869 0.196669 0.17896 0.215093 0.21211 0.223282 0.230594 0.232674 0.220171 0.556796 0.593024 0.599103 0.593345 0.584671 0.601931 0.6057 0.590016 0.59645 1.443366e-01 0.718
N:2 Run:4 0.646462 0.588215 0.578752 0.577505 0.615534 0.581243 0.609416 0.589886 0.61325 0.615773 0.589919 0.605928 0.606135 0.61199 0.599758 0.560324 0.602281 0.617845 0.587546 0.613176 0.620022 1.443366e-01 0.718
N:2 Run:5 0.653008 0.605195 0.626379 0.618978 0.614427 0.609316 0.595715 0.614625 0.606525 0.608024 0.602029 0.604263 0.596085 0.599711 0.596302 0.609312 0.62342 0.615952 0.611728 0.616133 0.605708 1.443366e-01 0.718
N:2 Run:6 0.598179 0.605205 0.595327 0.600085 0.612804 0.6004 0.603049 0.607039 0.615149 0.617347 0.597192 0.616597 0.615895 0.620134 0.601774 0.594712 0.595244 0.605163 0.599249 0.617805 0.612115 1.443366e-01 0.718
N:2 Run:7 0.592663 0.611074 0.316495 0.187997 0.169992 0.168375 0.16948 0.167413 0.165771 0.169125 0.180271 0.167472 0.564787 0.617479 0.596849 0.61147 0.581581 0.604421 0.601325 0.602802 0.612529 1.443366e-01 0.718
N:2 Run:8 0.61745 0.608514 0.592619 0.601329 0.609898 0.607926 0.602111 0.593254 0.618184 0.61772 0.612903 0.610308 0.597347 0.593263 0.615611 0.601652 0.60465 0.613415 0.617271 0.622983 0.582578 1.443366e-01 0.718
N:2 Run:9 0.559393 0.593495 0.61432 0.598619 0.58832 0.600928 0.601121 0.602872 0.596144 0.599638 0.598444 0.613695 0.604274 0.601549 0.622466 0.591021 0.606027 0.611336 0.601735 0.617058 0.619512 1.443366e-01 0.718
N:3 Run:0 0.545341 0.607285 0.604003 0.60504 0.615873 0.619878 0.60853 0.620793 0.618965 0.60984 0.584593 0.584077 0.616832 0.619174 0.605003 0.596456 0.598137 0.601299 0.598522 0.595411 0.594806 1.074594e-01 0.672
N:3 Run:1 0.646462 0.588215 0.578752 0.577505 0.615534 0.581243 0.609416 0.589886 0.61325 0.615773 0.589919 0.605928 0.583185 0.594039 0.609319 0.595233 0.59854 0.596857 0.597866 0.597443 0.565644 1.074594e-01 0.672
N:3 Run:2 0.653008 0.605195 0.626379 0.618978 0.614427 0.609316 0.595715 0.614625 0.606525 0.608024 0.602029 0.604263 0.604739 0.603423 0.59158 0.606533 0.59123 0.604118 0.58625 0.610626 0.605253 1.074594e-01 0.672
N:3 Run:3 0.702458 0.629615 0.382433 0.263869 0.196669 0.17896 0.215093 0.21211 0.223282 0.230594 0.232674 0.220171 0.556796 0.593024 0.599103 0.593345 0.584671 0.601931 0.6057 0.590016 0.59645 1.074594e-01 0.672
N:3 Run:4 0.646462 0.588215 0.578752 0.577505 0.615534 0.581243 0.609416 0.589886 0.61325 0.615773 0.589919 0.605928 0.606135 0.61199 0.599758 0.560324 0.602281 0.617845 0.587546 0.613176 0.620022 1.074594e-01 0.672
N:3 Run:5 0.653008 0.605195 0.626379 0.618978 0.614427 0.609316 0.595715 0.614625 0.606525 0.608024 0.602029 0.604263 0.596085 0.599711 0.596302 0.609312 0.62342 0.615952 0.611728 0.616133 0.605708 1.074594e-01 0.672
N:3 Run:6 0.598179 0.605205 0.595327 0.600085 0.612804 0.6004 0.603049 0.607039 0.615149 0.617347 0.597192 0.616597 0.615895 0.620134 0.601774 0.594712 0.595244 0.605163 0.599249 0.617805 0.612115 1.074594e-01 0.672
N:3 Run:7 0.592663 0.611074 0.316495 0.187997 0.169992 0.168375 0.16948 0.167413 0.165771 0.169125 0.180271 0.167472 0.564787 0.617479 0.596849 0.61147 0.581581 0.604421 0.601325 0.602802 0.612529 1.074594e-01 0.672
N:3 Run:8 0.61745 0.608514 0.592619 0.601329 0.609898 0.607926 0.602111 0.593254 0.618184 0.61772 0.612903 0.610308 0.597347 0.593263 0.615611 0.601652 0.60465 0.613415 0.617271 0.622983 0.582578 1.074594e-01 0.672
N:3 Run:9 0.559393 0.593495 0.61432 0.598619 0.58832 0.600928 0.601121 0.602872 0.596144 0.599638 0.598444 0.613695 0.604274 0.601549 0.622466 0.591021 0.606027 0.611336 0.601735 0.617058 0.619512 1.074594e-01 0.672
N:4 Run:0 0.545341 0.607285 0.604003 0.60504 0.615873 0.619878 0.60853 0.620793 0.618965 0.60984 0.584593 0.584077 0.616832 0.619174 0.605003 0.596456 0.598137 0.601299 0.598522 0.595411 0.594806 1.516393e-01 0.700
N:4 Run:1 0.646462 0.588215 0.578752 0.577505 0.615534 0.581243 0.609416 0.589886 0.61325 0.615773 0.589919 0.605928 0.583185 0.594039 0.609319 0.595233 0.59854 0.596857 0.597866 0.597443 0.565644 1.516393e-01 0.700
N:4 Run:2 0.653008 0.605195 0.626379 0.618978 0.614427 0.609316 0.595715 0.614625 0.606525 0.608024 0.602029 0.604263 0.604739 0.603423 0.59158 0.606533 0.59123 0.604118 0.58625 0.610626 0.605253 1.516393e-01 0.700
N:4 Run:3 0.702458 0.629615 0.382433 0.263869 0.196669 0.17896 0.215093 0.21211 0.223282 0.230594 0.232674 0.220171 0.556796 0.593024 0.599103 0.593345 0.584671 0.601931 0.6057 0.590016 0.59645 1.516393e-01 0.700
N:4 Run:4 0.646462 0.588215 0.578752 0.577505 0.615534 0.581243 0.609416 0.589886 0.61325 0.615773 0.589919 0.605928 0.606135 0.61199 0.599758 0.560324 0.602281 0.617845 0.587546 0.613176 0.620022 1.516393e-01 0.700
N:4 Run:5 0.653008 0.605195 0.626379 0.618978 0.614427 0.609316 0.595715 0.614625 0.606525 0.608024 0.602029 0.604263 0.596085 0.599711 0.596302 0.609312 0.62342 0.615952 0.611728 0.616133 0.605708 1.516393e-01 0.700
N:4 Run:6 0.598179 0.605205 0.595327 0.600085 0.612804 0.6004 0.603049 0.607039 0.615149 0.617347 0.597192 0.616597 0.615895 0.620134 0.601774 0.594712 0.595244 0.605163 0.599249 0.617805 0.612115 1.516393e-01 0.700
N:4 Run:7 0.592663 0.611074 0.316495 0.187997 0.169992 0.168375 0.16948 0.167413 0.165771 0.169125 0.180271 0.167472 0.564787 0.617479 0.596849 0.61147 0.581581 0.604421 0.601325 0.602802 0.612529 1.516393e-01 0.700
N:4 Run:8 0.61745 0.608514 0.592619 0.601329 0.609898 0.607926 0.602111 0.593254 0.618184 0.61772 0.612903 0.610308 0.597347 0.593263 0.615611 0.601652 0.60465 0.613415 0.617271 0.622983 0.582578 1.516393e-01 0.700
N:4 Run:9 0.559393 0.593495 0.61432 0.598619 0.58832 0.600928 0.601121 0.602872 0.596144 0.599638 0.598444 0.613695 0.604274 0.601549 0.622466 0.591021 0.606027 0.611336 0.601735 0.617058 0.619512 1.516393e-01 0.700
N:5 Run:0 0.545341 0.607285 0.604003 0.60504 0.615873 0.619878 0.60853 0.620793 0.618965 0.60984 0.584593 0.584077 0.616832 0.619174 0.605003 0.596456 0.598137 0.601299 0.598522 0.595411 0.594806 1.413023e-01 0.741
N:5 Run:1 0.646462 0.588215 0.578752 0.577505 0.615534 0.581243 0.609416 0.589886 0.61325 0.615773 0.589919 0.605928 0.583185 0.594039 0.609319 0.595233 0.59854 0.596857 0.597866 0.597443 0.565644 1.413023e-01 0.741
N:5 Run:2 0.653008 0.605195 0.626379 0.618978 0.614427 0.609316 0.595715 0.614625 0.606525 0.608024 0.602029 0.604263 0.604739 0.603423 0.59158 0.606533 0.59123 0.604118 0.58625 0.610626 0.605253 1.413023e-01 0.741
N:5 Run:3 0.702458 0.629615 0.382433 0.263869 0.196669 0.17896 0.215093 0.21211 0.223282 0.230594 0.232674 0.220171 0.556796 0.593024 0.599103 0.593345 0.584671 0.601931 0.6057 0.590016 0.59645 1.413023e-01 0.741
N:5 Run:4 0.646462 0.588215 0.578752 0.577505 0.615534 0.581243 0.609416 0.589886 0.61325 0.615773 0.589919 0.605928 0.606135 0.61199 0.599758 0.560324 0.602281 0.617845 0.587546 0.613176 0.620022 1.413023e-01 0.741
N:5 Run:5 0.653008 0.605195 0.626379 0.618978 0.614427 0.609316 0.595715 0.614625 0.606525 0.608024 0.602029 0.604263 0.596085 0.599711 0.596302 0.609312 0.62342 0.615952 0.611728 0.616133 0.605708 1.413023e-01 0.741
N:5 Run:6 0.598179 0.605205 0.595327 0.600085 0.612804 0.6004 0.603049 0.607039 0.615149 0.617347 0.597192 0.616597 0.615895 0.620134 0.601774 0.594712 0.595244 0.605163 0.599249 0.617805 0.612115 1.413023e-01 0.741
N:5 Run:7 0.592663 0.611074 0.316495 0.187997 0.169992 0.168375 0.16948 0.167413 0.165771 0.169125 0.180271 0.167472 0.564787 0.617479 0.596849 0.61147 0.581581 0.604421 0.601325 0.602802 0.612529 1.413023e-01 0.741
N:5 Run:8 0.61745 0.608514 0.592619 0.601329 0.609898 0.607926 0.602111 0.593254 0.618184 0.61772 0.612903 0.610308 0.597347 0.593263 0.615611 0.601652 0.60465 0.613415 0.617271 0.622983 0.582578 1.413023e-01 0.741
N:5 Run:9 0.559393 0.593495 0.61432 0.598619 0.58832 0.600928 0.601121 0.602872 0.596144 0.599638 0.598444 0.613695 0.604274 0.601549 0.622466 0.591021 0.606027 0.611336 0.601735 0.617058 0.619512 1.413023e-01 0.741
N:6 Run:0 0.545341 0.607285 0.604003 0.60504 0.615873 0.619878 0.60853 0.620793 0.618965 0.60984 0.584593 0.584077 0.616832 0.619174 0.605003 0.596456 0.598137 0.601299 0.598522 0.595411 0.594806 1.405877e-01 0.687
N:6 Run:1 0.646462 0.588215 0.578752 0.577505 0.615534 0.581243 0.609416 0.589886 0.61325 0.615773 0.589919 0.605928 0.583185 0.594039 0.609319 0.595233 0.59854 0.596857 0.597866 0.597443 0.565644 1.405877e-01 0.687
N:6 Run:2 0.653008 0.605195 0.626379 0.618978 0.614427 0.609316 0.595715 0.614625 0.606525 0.608024 0.602029 0.604263 0.604739 0.603423 0.59158 0.606533 0.59123 0.604118 0.58625 0.610626 0.605253 1.405877e-01 0.687
N:6 Run:3 0.702458 0.629615 0.382433 0.263869 0.196669 0.17896 0.215093 0.21211 0.223282 0.230594 0.232674 0.220171 0.556796 0.593024 0.599103 0.593345 0.584671 0.601931 0.6057 0.590016 0.59645 1.405877e-01 0.687
N:6 Run:4 0.646462 0.588215 0.578752 0.577505 0.615534 0.581243 0.609416 0.589886 0.61325 0.615773 0.589919 0.605928 0.606135 0.61199 0.599758 0.560324 0.602281 0.617845 0.587546 0.613176 0.620022 1.405877e-01 0.687
N:6 Run:5 0.653008 0.605195 0.626379 0.618978 0.614427 0.609316 0.595715 0.614625 0.606525 0.608024 0.602029 0.604263 0.596085 0.599711 0.596302 0.609312 0.62342 0.615952 0.611728 0.616133 0.605708 1.405877e-01 0.687
N:6 Run:6 0.598179 0.605205 0.595327 0.600085 0.612804 0.6004 0.603049 0.607039 0.615149 0.617347 0.597192 0.616597 0.615895 0.620134 0.601774 0.594712 0.595244 0.605163 0.599249 0.617805 0.612115 1.405877e-01 0.687
N:6 Run:7 0.592663 0.611074 0.316495 0.187997 0.169992 0.168375 0.16948 0.167413 0.165771 0.169125 0.180271 0.167472 0.564787 0.617479 0.596849 0.61147 0.581581 0.604421 0.601325 0.602802 0.612529 1.405877e-01 0.687
N:6 Run:8 0.61745 0.608514 0.592619 0.601329 0.609898 0.607926 0.602111 0.593254 0.618184 0.61772 0.612903 0.610308 0.597347 0.593263 0.615611 0.601652 0.60465 0.613415 0.617271 0.622983 0.582578 1.405877e-01 0.687
N:6 Run:9 0.559393 0.593495 0.61432 0.598619 0.58832 0.600928 0.601121 0.602872 0.596144 0.599638 0.598444 0.613695 0.604274 0.601549 0.622466 0.591021 0.606027 0.611336 0.601735 0.617058 0.619512 1.405877e-01 0.687
N:7 Run:0 0.545341 0.607285 0.604003 0.60504 0.615873 0.619878 0.60853 0.620793 0.618965 0.60984 0.584593 0.584077 0.616832 0.619174 0.605003 0.596456 0.598137 0.601299 0.598522 0.595411 0.594806 1.443917e-01 0.693
N:7 Run:1 0.646462 0.588215 0.578752 0.577505 0.615534 0.581243 0.609416 0.589886 0.61325 0.615773 0.589919 0.605928 0.583185 0.594039 0.609319 0.595233 0.59854 0.596857 0.597866 0.597443 0.565644 1.443917e-01 0.693
N:7 Run:2 0.653008 0.605195 0.626379 0.618978 0.614427 0.609316 0.595715 0.614625 0.606525 0.608024 0.602029 0.604263 0.604739 0.603423 0.59158 0.606533 0.59123 0.604118 0.58625 0.610626 0.605253 1.443917e-01 0.693
N:7 Run:3 0.702458 0.629615 0.382433 0.263869 0.196669 0.17896 0.215093 0.21211 0.223282 0.230594 0.232674 0.220171 0.556796 0.593024 0.599103 0.593345 0.584671 0.601931 0.6057 0.590016 0.59645 1.443917e-01 0.693
N:7 Run:4 0.646462 0.588215 0.578752 0.577505 0.615534 0.581243 0.609416 0.589886 0.61325 0.615773 0.589919 0.605928 0.606135 0.61199 0.599758 0.560324 0.602281 0.617845 0.587546 0.613176 0.620022 1.443917e-01 0.693
N:7 Run:5 0.653008 0.605195 0.626379 0.618978 0.614427 0.609316 0.595715 0.614625 0.606525 0.608024 0.602029 0.604263 0.596085 0.599711 0.596302 0.609312 0.62342 0.615952 0.611728 0.616133 0.605708 1.443917e-01 0.693
N:7 Run:6 0.598179 0.605205 0.595327 0.600085 0.612804 0.6004 0.603049 0.607039 0.615149 0.617347 0.597192 0.616597 0.615895 0.620134 0.601774 0.594712 0.595244 0.605163 0.599249 0.617805 0.612115 1.443917e-01 0.693
N:7 Run:7 0.592663 0.611074 0.316495 0.187997 0.169992 0.168375 0.16948 0.167413 0.165771 0.169125 0.180271 0.167472 0.564787 0.617479 0.596849 0.61147 0.581581 0.604421 0.601325 0.602802 0.612529 1.443917e-01 0.693
N:7 Run:8 0.61745 0.608514 0.592619 0.601329 0.609898 0.607926 0.602111 0.593254 0.618184 0.61772 0.612903 0.610308 0.597347 0.593263 0.615611 0.601652 0.60465 0.613415 0.617271 0.622983 0.582578 1.443917e-01 0.693
N:7 Run:9 0.559393 0.593495 0.61432 0.598619 0.58832 0.600928 0.601121 0.602872 0.596144 0.599638 0.598444 0.613695 0.604274 0.601549 0.622466 0.591021 0.606027 0.611336 0.601735 0.617058 0.619512 1.443917e-01 0.693
N:8 Run:0 0.545341 0.607285 0.604003 0.60504 0.615873 0.619878 0.60853 0.620793 0.618965 0.60984 0.584593 0.584077 0.616832 0.619174 0.605003 0.596456 0.598137 0.601299 0.598522 0.595411 0.594806 1.081812e-01 0.692
N:8 Run:1 0.646462 0.588215 0.578752 0.577505 0.615534 0.581243 0.609416 0.589886 0.61325 0.615773 0.589919 0.605928 0.583185 0.594039 0.609319 0.595233 0.59854 0.596857 0.597866 0.597443 0.565644 1.081812e-01 0.692
N:8 Run:2 0.653008 0.605195 0.626379 0.618978 0.614427 0.609316 0.595715 0.614625 0.606525 0.608024 0.602029 0.604263 0.604739 0.603423 0.59158 0.606533 0.59123 0.604118 0.58625 0.610626 0.605253 1.081812e-01 0.692
N:8 Run:3 0.702458 0.629615 0.382433 0.263869 0.196669 0.17896 0.215093 0.21211 0.223282 0.230594 0.232674 0.220171 0.556796 0.593024 0.599103 0.593345 0.584671 0.601931 0.6057 0.590016 0.59645 1.081812e-01 0.692
N:8 Run:4 0.646462 0.588215 0.578752 0.577505 0.615534 0.581243 0.609416 0.589886 0.61325 0.615773 0.589919 0.605928 0.606135 0.61199 0.599758 0.560324 0.602281 0.617845 0.587546 0.613176 0.620022 1.081812e-01 0.692
N:8 Run:5 0.653008 0.605195 0.626379 0.618978 0.614427 0.609316 0.595715 0.614625 0.606525 0.608024 0.602029 0.604263 0.596085 0.599711 0.596302 0.609312 0.62342 0.615952 0.611728 0.616133 0.605708 1.081812e-01 0.692
N:8 Run:6 0.598179 0.605205 0.595327 0.600085 0.612804 0.6004 0.603049 0.607039 0.615149 0.617347 0.597192 0.616597 0.615895 0.620134 0.601774 0.594712 0.595244 0.605163 0.599249 0.617805 0.612115 1.081812e-01 0.692
N:8 Run:7 0.592663 0.611074 0.316495 0.187997 0.169992 0.168375 0.16948 0.167413 0.165771 0.169125 0.180271 0.167472 0.564787 0.617479 0.596849 0.61147 0.581581 0.604421 0.601325 0.602802 0.612529 1.081812e-01 0.692
N:8 Run:8 0.61745 0.608514 0.592619 0.601329 0.609898 0.607926 0.602111 0.593254 0.618184 0.61772 0.612903 0.610308 0.597347 0.593263 0.615611 0.601652 0.60465 0.613415 0.617271 0.622983 0.582578 1.081812e-01 0.692
N:8 Run:9 0.559393 0.593495 0.61432 0.598619 0.58832 0.600928 0.601121 0.602872 0.596144 0.599638 0.598444 0.613695 0.604274 0.601549 0.622466 0.591021 0.606027 0.611336 0.601735 0.617058 0.619512 1.081812e-01 0.692
N:9 Run:0 0.545341 0.607285 0.604003 0.60504 0.615873 0.619878 0.60853 0.620793 0.618965 0.60984 0.584593 0.584077 0.616832 0.619174 0.605003 0.596456 0.598137 0.601299 0.598522 0.595411 0.594806 1.652816e-01 0.646
N:9 Run:1 0.646462 0.588215 0.578752 0.577505 0.615534 0.581243 0.609416 0.589886 0.61325 0.615773 0.589919 0.605928 0.583185 0.594039 0.609319 0.595233 0.59854 0.596857 0.597866 0.597443 0.565644 1.652816e-01 0.646
N:9 Run:2 0.653008 0.605195 0.626379 0.618978 0.614427 0.609316 0.595715 0.614625 0.606525 0.608024 0.602029 0.604263 0.604739 0.603423 0.59158 0.606533 0.59123 0.604118 0.58625 0.610626 0.605253 1.652816e-01 0.646
N:9 Run:3 0.702458 0.629615 0.382433 0.263869 0.196669 0.17896 0.215093 0.21211 0.223282 0.230594 0.232674 0.220171 0.556796 0.593024 0.599103 0.593345 0.584671 0.601931 0.6057 0.590016 0.59645 1.652816e-01 0.646
N:9 Run:4 0.646462 0.588215 0.578752 0.577505 0.615534 0.581243 0.609416 0.589886 0.61325 0.615773 0.589919 0.605928 0.606135 0.61199 0.599758 0.560324 0.602281 0.617845 0.587546 0.613176 0.620022 1.652816e-01 0.646
N:9 Run:5 0.653008 0.605195 0.626379 0.618978 0.614427 0.609316 0.595715 0.614625 0.606525 0.608024 0.602029 0.604263 0.596085 0.599711 0.596302 0.609312 0.62342 0.615952 0.611728 0.616133 0.605708 1.652816e-01 0.646
N:9 Run:6 0.598179 0.605205 0.595327 0.600085 0.612804 0.6004 0.603049 0.607039 0.615149 0.617347 0.597192 0.616597 0.615895 0.620134 0.601774 0.594712 0.595244 0.605163 0.599249 0.617805 0.612115 1.652816e-01 0.646
N:9 Run:7 0.592663 0.611074 0.316495 0.187997 0.169992 0.168375 0.16948 0.167413 0.165771 0.169125 0.180271 0.167472 0.564787 0.617479 0.596849 0.61147 0.581581 0.604421 0.601325 0.602802 0.612529 1.652816e-01 0.646
N:9 Run:8 0.61745 0.608514 0.592619 0.601329 0.609898 0.607926 0.602111 0.593254 0.618184 0.61772 0.612903 0.610308 0.597347 0.593263 0.615611 0.601652 0.60465 0.613415 0.617271 0.622983 0.582578 1.652816e-01 0.646
N:9 Run:9 0.559393 0.593495 0.61432 0.598619 0.58832 0.600928 0.601121 0.602872 0.596144 0.599638 0.598444 0.613695 0.604274 0.601549 0.622466 0.591021 0.606027 0.611336 0.601735 0.617058 0.619512 1.652816e-01 0.646
N:10 Run:0 0.545341 0.607285 0.604003 0.60504 0.615873 0.619878 0.60853 0.620793 0.618965 0.60984 0.584593 0.584077 0.616832 0.619174 0.605003 0.596456 0.598137 0.601299 0.598522 0.595411 0.594806 1.406344e-01 0.738
N:10 Run:1 0.646462 0.588215 0.578752 0.577505 0.615534 0.581243 0.609416 0.589886 0.61325 0.615773 0.589919 0.605928 0.583185 0.594039 0.609319 0.595233 0.59854 0.596857 0.597866 0.597443 0.565644 1.406344e-01 0.738
N:10 Run:2 0.653008 0.605195 0.626379 0.618978 0.614427 0.609316 0.595715 0.614625 0.606525 0.608024 0.602029 0.604263 0.604739 0.603423 0.59158 0.606533 0.59123 0.604118 0.58625 0.610626 0.605253 1.406344e-01 0.738
N:10 Run:3 0.702458 0.629615 0.382433 0.263869 0.196669 0.17896 0.215093 0.21211 0.223282 0.230594 0.232674 0.220171 0.556796 0.593024 0.599103 0.593345 0.584671 0.601931 0.6057 0.590016 0.59645 1.406344e-01 0.738
N:10 Run:4 0.646462 0.588215 0.578752 0.577505 0.615534 0.581243 0.609416 0.589886 0.61325 0.615773 0.589919 0.605928 0.606135 0.61199 0.599758 0.560324 0.602281 0.617845 0.587546 0.613176 0.620022 1.406344e-01 0.738
N:10 Run:5 0.653008 0.605195 0.626379 0.618978 0.614427 0.609316 0.595715 0.614625 0.606525 0.608024 0.602029 0.604263 0.596085 0.599711 0.596302 0.609312 0.62342 0.615952 0.611728 0.616133 0.605708 1.406344e-01 0.738
N:10 Run:6 0.598179 0.605205 0.595327 0.600085 0.612804 0.6004 0.603049 0.607039 0.615149 0.617347 0.597192 0.616597 0.615895 0.620134 0.601774 0.594712 0.595244 0.605163 0.599249 0.617805 0.612115 1.406344e-01 0.738
N:10 Run:7 0.592663 0.611074 0.316495 0.187997 0.169992 0.168375 0.16948 0.167413 0.165771 0.169125 0.180271 0.167472 0.564787 0.617479 0.596849 0.61147 0.581581 0.604421 0.601325 0.602802 0.612529 1.406344e-01 0.738
N:10 Run:8 0.61745 0.608514 0.592619 0.601329 0.609898 0.607926 0.602111 0.593254 0.618184 0.61772 0.612903 0.610308 0.597347 0.593263 0.615611 0.601652 0.60465 0.613415 0.617271 0.622983 0.582578 1.406344e-01 0.738
N:10 Run:9 0.559393 0.593495 0.61432 0.598619 0.58832 0.600928 0.601121 0.602872 0.596144 0.599638 0.598444 0.613695 0.604274 0.601549 0.622466 0.591021 0.606027 0.611336 0.601735 0.617058 0.619512 1.406344e-01 0.738
N:11 Run:0 0.545341 0.607285 0.604003 0.60504 0.615873 0.619878 0.60853 0.620793 0.618965 0.60984 0.584593 0.584077 0.616832 0.619174 0.605003 0.596456 0.598137 0.601299 0.598522 0.595411 0.594806 1.066189e-01 0.668
N:11 Run:1 0.646462 0.588215 0.578752 0.577505 0.615534 0.581243 0.609416 0.589886 0.61325 0.615773 0.589919 0.605928 0.583185 0.594039 0.609319 0.595233 0.59854 0.596857 0.597866 0.597443 0.565644 1.066189e-01 0.668
N:11 Run:2 0.653008 0.605195 0.626379 0.618978 0.614427 0.609316 0.595715 0.614625 0.606525 0.608024 0.602029 0.604263 0.604739 0.603423 0.59158 0.606533 0.59123 0.604118 0.58625 0.610626 0.605253 1.066189e-01 0.668
N:11 Run:3 0.702458 0.629615 0.382433 0.263869 0.196669 0.17896 0.215093 0.21211 0.223282 0.230594 0.232674 0.220171 0.556796 0.593024 0.599103 0.593345 0.584671 0.601931 0.6057 0.590016 0.59645 1.066189e-01 0.668
N:11 Run:4 0.646462 0.588215 0.578752 0.577505 0.615534 0.581243 0.609416 0.589886 0.61325 0.615773 0.589919 0.605928 0.606135 0.61199 0.599758 0.560324 0.602281 0.617845 0.587546 0.613176 0.620022 1.066189e-01 0.668
N:11 Run:5 0.653008 0.605195 0.626379 0.618978 0.614427 0.609316 0.595715 0.614625 0.606525 0.608024 0.602029 0.604263 0.596085 0.599711 0.596302 0.609312 0.62342 0.615952 0.611728 0.616133 0.605708 1.066189e-01 0.668
N:11 Run:6 0.598179 0.605205 0.595327 0.600085 0.612804 0.6004 0.603049 0.607039 0.615149 0.617347 0.597192 0.616597 0.615895 0.620134 0.601774 0.594712 0.595244 0.605163 0.599249 0.617805 0.612115 1.066189e-01 0.668
N:11 Run:7 0.592663 0.611074 0.316495 0.187997 0.169992 0.168375 0.16948 0.167413 0.165771 0.169125 0.180271 0.167472 0.564787 0.617479 0.596849 0.61147 0.581581 0.604421 0.601325 0.602802 0.612529 1.066189e-01 0.668
N:11 Run:8 0.61745 0.608514 0.592619 0.601329 0.609898 0.607926 0.602111 0.593254 0.618184 0.61772 0.612903 0.610308 0.597347 0.593263 0.615611 0.601652 0.60465 0.613415 0.617271 0.622983 0.582578 1.066189e-01 0.668
N:11 Run:9 0.559393 0.593495 0.61432 0.598619 0.58832 0.600928 0.601121 0.602872 0.596144 0.599638 0.598444 0.613695 0.604274 0.601549 0.622466 0.591021 0.606027 0.611336 0.601735 0.617058 0.619512 1.066189e-01 0.668
N:12 Run:0 0.545341 0.607285 0.604003 0.60504 0.615873 0.619878 0.60853 0.620793 0.618965 0.60984 0.584593 0.584077 0.616832 0.619174 0.605003 0.596456 0.598137 0.601299 0.598522 0.595411 0.594806 1.055453e-01 0.693
N:12 Run:1 0.646462 0.588215 0.578752 0.577505 0.615534 0.581243 0.609416 0.589886 0.61325 0.615773 0.589919 0.605928 0.583185 0.594039 0.609319 0.595233 0.59854 0.596857 0.597866 0.597443 0.565644 1.055453e-01 0.693
N:12 Run:2 0.653008 0.605195 0.626379 0.618978 0.614427 0.609316 0.595715 0.614625 0.606525 0.608024 0.602029 0.604263 0.604739 0.603423 0.59158 0.606533 0.59123 0.604118 0.58625 0.610626 0.605253 1.055453e-01 0.693
N:12 Run:3 0.702458 0.629615 0.382433 0.263869 0.196669 0.17896 0.215093 0.21211 0.223282 0.230594 0.232674 0.220171 0.556796 0.593024 0.599103 0.593345 0.584671 0.601931 0.6057 0.590016 0.59645 1.055453e-01 0.693
N:12 Run:4 0.646462 0.588215 0.578752 0.577505 0.615534 0.581243 0.609416 0.589886 0.61325 0.615773 0.589919 0.605928 0.606135 0.61199 0.599758 0.560324 0.602281 0.617845 0.587546 0.613176 0.620022 1.055453e-01 0.693
N:12 Run:5 0.653008 0.605195 0.626379 0.618978 0.614427 0.609316 0.595715 0.614625 0.606525 0.608024 0.602029 0.604263 0.596085 0.599711 0.596302 0.609312 0.62342 0.615952 0.611728 0.616133 0.605708 1.055453e-01 0.693
N:12 Run:6 0.598179 0.605205 0.595327 0.600085 0.612804 0.6004 0.603049 0.607039 0.615149 0.617347 0.597192 0.616597 0.615895 0.620134 0.601774 0.594712 0.595244 0.605163 0.599249 0.617805 0.612115 1.055453e-01 0.693
N:12 Run:7 0.592663 0.611074 0.316495 0.187997 0.169992 0.168375 0.16948 0.167413 0.165771 0.169125 0.180271 0.167472 0.564787 0.617479 0.596849 0.61147 0.581581 0.604421 0.601325 0.602802 0.612529 1.055453e-01 0.693
N:12 Run:8 0.61745 0.608514 0.592619 0.601329 0.609898 0.607926 0.602111 0.593254 0.618184 0.61772 0.612903 0.610308 0.597347 0.593263 0.615611 0.601652 0.60465 0.613415 0.617271 0.622983 0.582578 1.055453e-01 0.693
N:12 Run:9 0.559393 0.593495 0.61432 0.598619 0.58832 0.600928 0.601121 0.602872 0.596144 0.599638 0.598444 0.613695 0.604274 0.601549 0.622466 0.591021 0.606027 0.611336 0.601735 0.617058 0.619512 1.055453e-01 0.693
N:13 Run:0 0.545341 0.607285 0.604003 0.60504 0.615873 0.619878 0.60853 0.620793 0.618965 0.60984 0.584593 0.584077 0.616832 0.619174 0.605003 0.596456 0.598137 0.601299 0.598522 0.595411 0.594806 1.080930e-01 0.666
N:13 Run:1 0.646462 0.588215 0.578752 0.577505 0.615534 0.581243 0.609416 0.589886 0.61325 0.615773 0.589919 0.605928 0.583185 0.594039 0.609319 0.595233 0.59854 0.596857 0.597866 0.597443 0.565644 1.080930e-01 0.666
N:13 Run:2 0.653008 0.605195 0.626379 0.618978 0.614427 0.609316 0.595715 0.614625 0.606525 0.608024 0.602029 0.604263 0.604739 0.603423 0.59158 0.606533 0.59123 0.604118 0.58625 0.610626 0.605253 1.080930e-01 0.666
N:13 Run:3 0.702458 0.629615 0.382433 0.263869 0.196669 0.17896 0.215093 0.21211 0.223282 0.230594 0.232674 0.220171 0.556796 0.593024 0.599103 0.593345 0.584671 0.601931 0.6057 0.590016 0.59645 1.080930e-01 0.666
N:13 Run:4 0.646462 0.588215 0.578752 0.577505 0.615534 0.581243 0.609416 0.589886 0.61325 0.615773 0.589919 0.605928 0.606135 0.61199 0.599758 0.560324 0.602281 0.617845 0.587546 0.613176 0.620022 1.080930e-01 0.666
N:13 Run:5 0.653008 0.605195 0.626379 0.618978 0.614427 0.609316 0.595715 0.614625 0.606525 0.608024 0.602029 0.604263 0.596085 0.599711 0.596302 0.609312 0.62342 0.615952 0.611728 0.616133 0.605708 1.080930e-01 0.666
N:13 Run:6 0.598179 0.605205 0.595327 0.600085 0.612804 0.6004 0.603049 0.607039 0.615149 0.617347 0.597192 0.616597 0.615895 0.620134 0.601774 0.594712 0.595244 0.605163 0.599249 0.617805 0.612115 1.080930e-01 0.666
N:13 Run:7 0.592663 0.611074 0.316495 0.187997 0.169992 0.168375 0.16948 0.167413 0.165771 0.169125 0.180271 0.167472 0.564787 0.617479 0.596849 0.61147 0.581581 0.604421 0.601325 0.602802 0.612529 1.080930e-01 0.666
N:13 Run:8 0.61745 0.608514 0.592619 0.601329 0.609898 0.607926 0.602111 0.593254 0.618184 0.61772 0.612903 0.610308 0.597347 0.593263 0.615611 0.601652 0.60465 0.613415 0.617271 0.622983 0.582578 1.080930e-01 0.666
N:13 Run:9 0.559393 0.593495 0.61432 0.598619 0.58832 0.600928 0.601121 0.602872 0.596144 0.599638 0.598444 0.613695 0.604274 0.601549 0.622466 0.591021 0.606027 0.611336 0.601735 0.617058 0.619512 1.080930e-01 0.666
N:14 Run:0 0.545341 0.607285 0.604003 0.60504 0.615873 0.619878 0.60853 0.620793 0.618965 0.60984 0.584593 0.584077 0.616832 0.619174 0.605003 0.596456 0.598137 0.601299 0.598522 0.595411 0.594806 1.127597e-01 0.690
N:14 Run:1 0.646462 0.588215 0.578752 0.577505 0.615534 0.581243 0.609416 0.589886 0.61325 0.615773 0.589919 0.605928 0.583185 0.594039 0.609319 0.595233 0.59854 0.596857 0.597866 0.597443 0.565644 1.127597e-01 0.690
N:14 Run:2 0.653008 0.605195 0.626379 0.618978 0.614427 0.609316 0.595715 0.614625 0.606525 0.608024 0.602029 0.604263 0.604739 0.603423 0.59158 0.606533 0.59123 0.604118 0.58625 0.610626 0.605253 1.127597e-01 0.690
N:14 Run:3 0.702458 0.629615 0.382433 0.263869 0.196669 0.17896 0.215093 0.21211 0.223282 0.230594 0.232674 0.220171 0.556796 0.593024 0.599103 0.593345 0.584671 0.601931 0.6057 0.590016 0.59645 1.127597e-01 0.690
N:14 Run:4 0.646462 0.588215 0.578752 0.577505 0.615534 0.581243 0.609416 0.589886 0.61325 0.615773 0.589919 0.605928 0.606135 0.61199 0.599758 0.560324 0.602281 0.617845 0.587546 0.613176 0.620022 1.127597e-01 0.690
N:14 Run:5 0.653008 0.605195 0.626379 0.618978 0.614427 0.609316 0.595715 0.614625 0.606525 0.608024 0.602029 0.604263 0.596085 0.599711 0.596302 0.609312 0.62342 0.615952 0.611728 0.616133 0.605708 1.127597e-01 0.690
N:14 Run:6 0.598179 0.605205 0.595327 0.600085 0.612804 0.6004 0.603049 0.607039 0.615149 0.617347 0.597192 0.616597 0.615895 0.620134 0.601774 0.594712 0.595244 0.605163 0.599249 0.617805 0.612115 1.127597e-01 0.690
N:14 Run:7 0.592663 0.611074 0.316495 0.187997 0.169992 0.168375 0.16948 0.167413 0.165771 0.169125 0.180271 0.167472 0.564787 0.617479 0.596849 0.61147 0.581581 0.604421 0.601325 0.602802 0.612529 1.127597e-01 0.690
N:14 Run:8 0.61745 0.608514 0.592619 0.601329 0.609898 0.607926 0.602111 0.593254 0.618184 0.61772 0.612903 0.610308 0.597347 0.593263 0.615611 0.601652 0.60465 0.613415 0.617271 0.622983 0.582578 1.127597e-01 0.690
N:14 Run:9 0.559393 0.593495 0.61432 0.598619 0.58832 0.600928 0.601121 0.602872 0.596144 0.599638 0.598444 0.613695 0.604274 0.601549 0.622466 0.591021 0.606027 0.611336 0.601735 0.617058 0.619512 1.127597e-01 0.690
N:15 Run:0 0.545341 0.608491 0.605974 0.603168 0.613331 0.615063 0.606241 0.616798 0.614254 0.610176 0.586867 0.588848 0.612784 0.614705 0.60624 0.601487 0.602406 0.601189 0.601416 0.597618 0.600727 1.048629e-01 0.645
N:15 Run:1 0.646462 0.592324 0.586416 0.586804 0.612545 0.585168 0.608858 0.591839 0.608659 0.61263 0.593902 0.606095 0.586372 0.596032 0.609132 0.595581 0.600282 0.595999 0.599752 0.597632 0.572167 1.048629e-01 0.645
N:15 Run:2 0.653008 0.604337 0.620841 0.614926 0.610439 0.607093 0.599477 0.608927 0.606024 0.607886 0.603397 0.601787 0.605771 0.606868 0.591879 0.607749 0.594902 0.605171 0.589204 0.605081 0.604252 1.048629e-01 0.645
N:15 Run:3 0.702458 0.617492 0.377435 0.245161 0.188989 0.180139 0.205633 0.201976 0.211635 0.217886 0.219857 0.207929 0.580388 0.59997 0.602453 0.59507 0.592785 0.600916 0.606608 0.591295 0.602688 1.048629e-01 0.645
N:15 Run:4 0.646462 0.592324 0.586416 0.586804 0.612545 0.585168 0.608858 0.591839 0.608659 0.61263 0.593902 0.606095 0.607808 0.60954 0.603862 0.571226 0.599695 0.612344 0.589322 0.612433 0.616065 1.048629e-01 0.645
N:15 Run:5 0.653008 0.604337 0.620841 0.614926 0.610439 0.607093 0.599477 0.608927 0.606024 0.607886 0.603397 0.601787 0.594727 0.597719 0.596576 0.606599 0.614781 0.610011 0.612201 0.615578 0.602195 1.048629e-01 0.645
N:15 Run:6 0.598179 0.606261 0.594903 0.600263 0.610609 0.601387 0.604787 0.607158 0.612401 0.611186 0.595479 0.613383 0.612652 0.615765 0.599764 0.592285 0.599523 0.605713 0.600247 0.613133 0.602813 1.048629e-01 0.645
N:15 Run:7 0.592663 0.612183 0.314617 0.193114 0.180355 0.179623 0.180854 0.178727 0.177052 0.180625 0.192297 0.178251 0.579787 0.614113 0.595262 0.609936 0.584478 0.602644 0.601287 0.604545 0.610727 1.048629e-01 0.645
N:15 Run:8 0.61745 0.605985 0.598645 0.604857 0.611324 0.602496 0.600801 0.594218 0.61237 0.614144 0.607346 0.607354 0.601157 0.594103 0.613508 0.60394 0.605521 0.611887 0.613521 0.617707 0.58913 1.048629e-01 0.645
N:15 Run:9 0.559393 0.596765 0.612436 0.600405 0.592812 0.60199 0.602879 0.605523 0.599819 0.602818 0.600204 0.612584 0.606496 0.602876 0.616903 0.591694 0.604521 0.61178 0.599732 0.611403 0.616449 1.048629e-01 0.645
N:16 Run:0 0.545341 0.608491 0.605974 0.603168 0.613331 0.615063 0.606241 0.616798 0.614254 0.610176 0.586867 0.588848 0.612784 0.614705 0.60624 0.601487 0.602406 0.601189 0.601416 0.597618 0.600727 1.133570e-01 0.671
N:16 Run:1 0.646462 0.592324 0.586416 0.586804 0.612545 0.585168 0.608858 0.591839 0.608659 0.61263 0.593902 0.606095 0.586372 0.596032 0.609132 0.595581 0.600282 0.595999 0.599752 0.597632 0.572167 1.133570e-01 0.671
N:16 Run:2 0.653008 0.604337 0.620841 0.614926 0.610439 0.607093 0.599477 0.608927 0.606024 0.607886 0.603397 0.601787 0.605771 0.606868 0.591879 0.607749 0.594902 0.605171 0.589204 0.605081 0.604252 1.133570e-01 0.671
N:16 Run:3 0.702458 0.617492 0.377435 0.245161 0.188989 0.180139 0.205633 0.201976 0.211635 0.217886 0.219857 0.207929 0.580388 0.59997 0.602453 0.59507 0.592785 0.600916 0.606608 0.591295 0.602688 1.133570e-01 0.671
N:16 Run:4 0.646462 0.592324 0.586416 0.586804 0.612545 0.585168 0.608858 0.591839 0.608659 0.61263 0.593902 0.606095 0.607808 0.60954 0.603862 0.571226 0.599695 0.612344 0.589322 0.612433 0.616065 1.133570e-01 0.671
N:16 Run:5 0.653008 0.604337 0.620841 0.614926 0.610439 0.607093 0.599477 0.608927 0.606024 0.607886 0.603397 0.601787 0.594727 0.597719 0.596576 0.606599 0.614781 0.610011 0.612201 0.615578 0.602195 1.133570e-01 0.671
N:16 Run:6 0.598179 0.606261 0.594903 0.600263 0.610609 0.601387 0.604787 0.607158 0.612401 0.611186 0.595479 0.613383 0.612652 0.615765 0.599764 0.592285 0.599523 0.605713 0.600247 0.613133 0.602813 1.133570e-01 0.671
N:16 Run:7 0.592663 0.612183 0.314617 0.193114 0.180355 0.179623 0.180854 0.178727 0.177052 0.180625 0.192297 0.178251 0.579787 0.614113 0.595262 0.609936 0.584478 0.602644 0.601287 0.604545 0.610727 1.133570e-01 0.671
N:16 Run:8 0.61745 0.605985 0.598645 0.604857 0.611324 0.602496 0.600801 0.594218 0.61237 0.614144 0.607346 0.607354 0.601157 0.594103 0.613508 0.60394 0.605521 0.611887 0.613521 0.617707 0.58913 1.133570e-01 0.671
N:16 Run:9 0.559393 0.596765 0.612436 0.600405 0.592812 0.60199 0.602879 0.605523 0.599819 0.602818 0.600204 0.612584 0.606496 0.602876 0.616903 0.591694 0.604521 0.61178 0.599732 0.611403 0.616449 1.133570e-01 0.671
N:17 Run:0 0.545341 0.608491 0.605974 0.603168 0.613331 0.615063 0.606241 0.616798 0.614254 0.610176 0.586867 0.588848 0.612784 0.614705 0.60624 0.601487 0.602406 0.601189 0.601416 0.597618 0.600727 1.407955e-01 0.708
N:17 Run:1 0.646462 0.592324 0.586416 0.586804 0.612545 0.585168 0.608858 0.591839 0.608659 0.61263 0.593902 0.606095 0.586372 0.596032 0.609132 0.595581 0.600282 0.595999 0.599752 0.597632 0.572167 1.407955e-01 0.708
N:17 Run:2 0.653008 0.604337 0.620841 0.614926 0.610439 0.607093 0.599477 0.608927 0.606024 0.607886 0.603397 0.601787 0.605771 0.606868 0.591879 0.607749 0.594902 0.605171 0.589204 0.605081 0.604252 1.407955e-01 0.708
N:17 Run:3 0.702458 0.617492 0.377435 0.245161 0.188989 0.180139 0.205633 0.201976 0.211635 0.217886 0.219857 0.207929 0.580388 0.59997 0.602453 0.59507 0.592785 0.600916 0.606608 0.591295 0.602688 1.407955e-01 0.708
N:17 Run:4 0.646462 0.592324 0.586416 0.586804 0.612545 0.585168 0.608858 0.591839 0.608659 0.61263 0.593902 0.606095 0.607808 0.60954 0.603862 0.571226 0.599695 0.612344 0.589322 0.612433 0.616065 1.407955e-01 0.708
N:17 Run:5 0.653008 0.604337 0.620841 0.614926 0.610439 0.607093 0.599477 0.608927 0.606024 0.607886 0.603397 0.601787 0.594727 0.597719 0.596576 0.606599 0.614781 0.610011 0.612201 0.615578 0.602195 1.407955e-01 0.708
N:17 Run:6 0.598179 0.606261 0.594903 0.600263 0.610609 0.601387 0.604787 0.607158 0.612401 0.611186 0.595479 0.613383 0.612652 0.615765 0.599764 0.592285 0.599523 0.605713 0.600247 0.613133 0.602813 1.407955e-01 0.708
N:17 Run:7 0.592663 0.612183 0.314617 0.193114 0.180355 0.179623 0.180854 0.178727 0.177052 0.180625 0.192297 0.178251 0.579787 0.614113 0.595262 0.609936 0.584478 0.602644 0.601287 0.604545 0.610727 1.407955e-01 0.708
N:17 Run:8 0.61745 0.605985 0.598645 0.604857 0.611324 0.602496 0.600801 0.594218 0.61237 0.614144 0.607346 0.607354 0.601157 0.594103 0.613508 0.60394 0.605521 0.611887 0.613521 0.617707 0.58913 1.407955e-01 0.708
N:17 Run:9 0.559393 0.596765 0.612436 0.600405 0.592812 0.60199 0.602879 0.605523 0.599819 0.602818 0.600204 0.612584 0.606496 0.602876 0.616903 0.591694 0.604521 0.61178 0.599732 0.611403 0.616449 1.407955e-01 0.708
N:18 Run:0 0.545341 0.608491 0.605974 0.603168 0.613331 0.615063 0.606241 0.616798 0.614254 0.610176 0.586867 0.588848 0.612784 0.614705 0.60624 0.601487 0.602406 0.601189 0.601416 0.597618 0.600727 1.418250e-01 0.735
N:18 Run:1 0.646462 0.592324 0.586416 0.586804 0.612545 0.585168 0.608858 0.591839 0.608659 0.61263 0.593902 0.606095 0.586372 0.596032 0.609132 0.595581 0.600282 0.595999 0.599752 0.597632 0.572167 1.418250e-01 0.735
N:18 Run:2 0.653008 0.604337 0.620841 0.614926 0.610439 0.607093 0.599477 0.608927 0.606024 0.607886 0.603397 0.601787 0.605771 0.606868 0.591879 0.607749 0.594902 0.605171 0.589204 0.605081 0.604252 1.418250e-01 0.735
N:18 Run:3 0.702458 0.617492 0.377435 0.245161 0.188989 0.180139 0.205633 0.201976 0.211635 0.217886 0.219857 0.207929 0.580388 0.59997 0.602453 0.59507 0.592785 0.600916 0.606608 0.591295 0.602688 1.418250e-01 0.735
N:18 Run:4 0.646462 0.592324 0.586416 0.586804 0.612545 0.585168 0.608858 0.591839 0.608659 0.61263 0.593902 0.606095 0.607808 0.60954 0.603862 0.571226 0.599695 0.612344 0.589322 0.612433 0.616065 1.418250e-01 0.735
N:18 Run:5 0.653008 0.604337 0.620841 0.614926 0.610439 0.607093 0.599477 0.608927 0.606024 0.607886 0.603397 0.601787 0.594727 0.597719 0.596576 0.606599 0.614781 0.610011 0.612201 0.615578 0.602195 1.418250e-01 0.735
N:18 Run:6 0.598179 0.606261 0.594903 0.600263 0.610609 0.601387 0.604787 0.607158 0.612401 0.611186 0.595479 0.613383 0.612652 0.615765 0.599764 0.592285 0.599523 0.605713 0.600247 0.613133 0.602813 1.418250e-01 0.735
N:18 Run:7 0.592663 0.612183 0.314617 0.193114 0.180355 0.179623 0.180854 0.178727 0.177052 0.180625 0.192297 0.178251 0.579787 0.614113 0.595262 0.609936 0.584478 0.602644 0.601287 0.604545 0.610727 1.418250e-01 0.735
N:18 Run:8 0.61745 0.605985 0.598645 0.604857 0.611324 0.602496 0.600801 0.594218 0.61237 0.614144 0.607346 0.607354 0.601157 0.594103 0.613508 0.60394 0.605521 0.611887 0.613521 0.617707 0.58913 1.418250e-01 0.735
N:18 Run:9 0.559393 0.596765 0.612436 0.600405 0.592812 0.60199 0.602879 0.605523 0.599819 0.602818 0.600204 0.612584 0.606496 0.602876 0.616903 0.591694 0.604521 0.61178 0.599732 0.611403 0.616449 1.418250e-01 0.735
N:19 Run:0 0.545341 0.608491 0.605974 0.603168 0.613331 0.615063 0.606241 0.616798 0.614254 0.610176 0.586867 0.588848 0.612784 0.614705 0.60624 0.601487 0.602406 0.601189 0.601416 0.597618 0.600727 1.070976e-01 0.674
N:19 Run:1 0.646462 0.592324 0.586416 0.586804 0.612545 0.585168 0.608858 0.591839 0.608659 0.61263 0.593902 0.606095 0.586372 0.596032 0.609132 0.595581 0.600282 0.595999 0.599752 0.597632 0.572167 1.070976e-01 0.674
N:19 Run:2 0.653008 0.604337 0.620841 0.614926 0.610439 0.607093 0.599477 0.608927 0.606024 0.607886 0.603397 0.601787 0.605771 0.606868 0.591879 0.607749 0.594902 0.605171 0.589204 0.605081 0.604252 1.070976e-01 0.674
N:19 Run:3 0.702458 0.617492 0.377435 0.245161 0.188989 0.180139 0.205633 0.201976 0.211635 0.217886 0.219857 0.207929 0.580388 0.59997 0.602453 0.59507 0.592785 0.600916 0.606608 0.591295 0.602688 1.070976e-01 0.674
N:19 Run:4 0.646462 0.592324 0.586416 0.586804 0.612545 0.585168 0.608858 0.591839 0.608659 0.61263 0.593902 0.606095 0.607808 0.60954 0.603862 0.571226 0.599695 0.612344 0.589322 0.612433 0.616065 1.070976e-01 0.674
N:19 Run:5 0.653008 0.604337 0.620841 0.614926 0.610439 0.607093 0.599477 0.608927 0.606024 0.607886 0.603397 0.601787 0.594727 0.597719 0.596576 0.606599 0.614781 0.610011 0.612201 0.615578 0.602195 1.070976e-01 0.674
N:19 Run:6 0.598179 0.606261 0.594903 0.600263 0.610609 0.601387 0.604787 0.607158 0.612401 0.611186 0.595479 0.613383 0.612652 0.615765 0.599764 0.592285 0.599523 0.605713 0.600247 0.613133 0.602813 1.070976e-01 0.674
N:19 Run:7 0.592663 0.612183 0.314617 0.193114 0.180355 0.179623 0.180854 0.178727 0.177052 0.180625 0.192297 0.178251 0.579787 0.614113 0.595262 0.609936 0.584478 0.602644 0.601287 0.604545 0.610727 1.070976e-01 0.674
N:19 Run:8 0.61745 0.605985 0.598645 0.604857 0.611324 0.602496 0.600801 0.594218 0.61237 0.614144 0.607346 0.607354 0.601157 0.594103 0.613508 0.60394 0.605521 0.611887 0.613521 0.617707 0.58913 1.070976e-01 0.674
N:19 Run:9 0.559393 0.596765 0.612436 0.600405 0.592812 0.60199 0.602879 0.605523 0.599819 0.602818 0.600204 0.612584 0.606496 0.602876 0.616903 0.591694 0.604521 0.61178 0.599732 0.611403 0.616449 1.070976e-01 0.674
N:20 Run:0 0.545341 0.608491 0.605974 0.603168 0.613331 0.615063 0.606241 0.616798 0.614254 0.610176 0.586867 0.588848 0.612784 0.614705 0.60624 0.601487 0.602406 0.601189 0.601416 0.597618 0.600727 1.122279e-01 0.634
N:20 Run:1 0.646462 0.592324 0.586416 0.586804 0.612545 0.585168 0.608858 0.591839 0.608659 0.61263 0.593902 0.606095 0.586372 0.596032 0.609132 0.595581 0.600282 0.595999 0.599752 0.597632 0.572167 1.122279e-01 0.634
N:20 Run:2 0.653008 0.604337 0.620841 0.614926 0.610439 0.607093 0.599477 0.608927 0.606024 0.607886 0.603397 0.601787 0.605771 0.606868 0.591879 0.607749 0.594902 0.605171 0.589204 0.605081 0.604252 1.122279e-01 0.634
N:20 Run:3 0.702458 0.617492 0.377435 0.245161 0.188989 0.180139 0.205633 0.201976 0.211635 0.217886 0.219857 0.207929 0.580388 0.59997 0.602453 0.59507 0.592785 0.600916 0.606608 0.591295 0.602688 1.122279e-01 0.634
N:20 Run:4 0.646462 0.592324 0.586416 0.586804 0.612545 0.585168 0.608858 0.591839 0.608659 0.61263 0.593902 0.606095 0.607808 0.60954 0.603862 0.571226 0.599695 0.612344 0.589322 0.612433 0.616065 1.122279e-01 0.634
N:20 Run:5 0.653008 0.604337 0.620841 0.614926 0.610439 0.607093 0.599477 0.608927 0.606024 0.607886 0.603397 0.601787 0.594727 0.597719 0.596576 0.606599 0.614781 0.610011 0.612201 0.615578 0.602195 1.122279e-01 0.634
N:20 Run:6 0.598179 0.606261 0.594903 0.600263 0.610609 0.601387 0.604787 0.607158 0.612401 0.611186 0.595479 0.613383 0.612652 0.615765 0.599764 0.592285 0.599523 0.605713 0.600247 0.613133 0.602813 1.122279e-01 0.634
N:20 Run:7 0.592663 0.612183 0.314617 0.193114 0.180355 0.179623 0.180854 0.178727 0.177052 0.180625 0.192297 0.178251 0.579787 0.614113 0.595262 0.609936 0.584478 0.602644 0.601287 0.604545 0.610727 1.122279e-01 0.634
N:20 Run:8 0.61745 0.605985 0.598645 0.604857 0.611324 0.602496 0.600801 0.594218 0.61237 0.614144 0.607346 0.607354 0.601157 0.594103 0.613508 0.60394 0.605521 0.611887 0.613521 0.617707 0.58913 1.122279e-01 0.634
N:20 Run:9 0.559393 0.596765 0.612436 0.600405 0.592812 0.60199 0.602879 0.605523 0.599819 0.602818 0.600204 0.612584 0.606496 0.602876 0.616903 0.591694 0.604521 0.61178 0.599732 0.611403 0.616449 1.122279e-01 0.634
N:21 Run:0 0.545341 0.608491 0.605974 0.603168 0.613331 0.615063 0.606241 0.616798 0.614254 0.610176 0.586867 0.588848 0.612784 0.614705 0.60624 0.601487 0.602406 0.601189 0.601416 0.597618 0.600727 1.073294e-01 0.670
N:21 Run:1 0.646462 0.592324 0.586416 0.586804 0.612545 0.585168 0.608858 0.591839 0.608659 0.61263 0.593902 0.606095 0.586372 0.596032 0.609132 0.595581 0.600282 0.595999 0.599752 0.597632 0.572167 1.073294e-01 0.670
N:21 Run:2 0.653008 0.604337 0.620841 0.614926 0.610439 0.607093 0.599477 0.608927 0.606024 0.607886 0.603397 0.601787 0.605771 0.606868 0.591879 0.607749 0.594902 0.605171 0.589204 0.605081 0.604252 1.073294e-01 0.670
N:21 Run:3 0.702458 0.617492 0.377435 0.245161 0.188989 0.180139 0.205633 0.201976 0.211635 0.217886 0.219857 0.207929 0.580388 0.59997 0.602453 0.59507 0.592785 0.600916 0.606608 0.591295 0.602688 1.073294e-01 0.670
N:21 Run:4 0.646462 0.592324 0.586416 0.586804 0.612545 0.585168 0.608858 0.591839 0.608659 0.61263 0.593902 0.606095 0.607808 0.60954 0.603862 0.571226 0.599695 0.612344 0.589322 0.612433 0.616065 1.073294e-01 0.670
N:21 Run:5 0.653008 0.604337 0.620841 0.614926 0.610439 0.607093 0.599477 0.608927 0.606024 0.607886 0.603397 0.601787 0.594727 0.597719 0.596576 0.606599 0.614781 0.610011 0.612201 0.615578 0.602195 1.073294e-01 0.670
N:21 Run:6 0.598179 0.606261 0.594903 0.600263 0.610609 0.601387 0.604787 0.607158 0.612401 0.611186 0.595479 0.613383 0.612652 0.615765 0.599764 0.592285 0.599523 0.605713 0.600247 0.613133 0.602813 1.073294e-01 0.670
N:21 Run:7 0.592663 0.612183 0.314617 0.193114 0.180355 0.179623 0.180854 0.178727 0.177052 0.180625 0.192297 0.178251 0.579787 0.614113 0.595262 0.609936 0.584478 0.602644 0.601287 0.604545 0.610727 1.073294e-01 0.670
N:21 Run:8 0.61745 0.605985 0.598645 0.604857 0.611324 0.602496 0.600801 0.594218 0.61237 0.614144 0.607346 0.607354 0.601157 0.594103 0.613508 0.60394 0.605521 0.611887 0.613521 0.617707 0.58913 1.073294e-01 0.670
N:21 Run:9 0.559393 0.596765 0.612436 0.600405 0.592812 0.60199 0.602879 0.605523 0.599819 0.602818 0.600204 0.612584 0.606496 0.602876 0.616903 0.591694 0.604521 0.61178 0.599732 0.611403 0.616449 1.073294e-01 0.670
N:22 Run:0 0.545341 0.608491 0.605974 0.603168 0.613331 0.615063 0.606241 0.616798 0.614254 0.610176 0.586867 0.588848 0.612784 0.614705 0.60624 0.601487 0.602406 0.601189 0.601416 0.597618 0.600727 1.189497e-01 0.675
N:22 Run:1 0.646462 0.592324 0.586416 0.586804 0.612545 0.585168 0.608858 0.591839 0.608659 0.61263 0.593902 0.606095 0.586372 0.596032 0.609132 0.595581 0.600282 0.595999 0.599752 0.597632 0.572167 1.189497e-01 0.675
N:22 Run:2 0.653008 0.604337 0.620841 0.614926 0.610439 0.607093 0.599477 0.608927 0.606024 0.607886 0.603397 0.601787 0.605771 0.606868 0.591879 0.607749 0.594902 0.605171 0.589204 0.605081 0.604252 1.189497e-01 0.675
N:22 Run:3 0.702458 0.617492 0.377435 0.245161 0.188989 0.180139 0.205633 0.201976 0.211635 0.217886 0.219857 0.207929 0.580388 0.59997 0.602453 0.59507 0.592785 0.600916 0.606608 0.591295 0.602688 1.189497e-01 0.675
N:22 Run:4 0.646462 0.592324 0.586416 0.586804 0.612545 0.585168 0.608858 0.591839 0.608659 0.61263 0.593902 0.606095 0.607808 0.60954 0.603862 0.571226 0.599695 0.612344 0.589322 0.612433 0.616065 1.189497e-01 0.675
N:22 Run:5 0.653008 0.604337 0.620841 0.614926 0.610439 0.607093 0.599477 0.608927 0.606024 0.607886 0.603397 0.601787 0.594727 0.597719 0.596576 0.606599 0.614781 0.610011 0.612201 0.615578 0.602195 1.189497e-01 0.675
N:22 Run:6 0.598179 0.606261 0.594903 0.600263 0.610609 0.601387 0.604787 0.607158 0.612401 0.611186 0.595479 0.613383 0.612652 0.615765 0.599764 0.592285 0.599523 0.605713 0.600247 0.613133 0.602813 1.189497e-01 0.675
N:22 Run:7 0.592663 0.612183 0.314617 0.193114 0.180355 0.179623 0.180854 0.178727 0.177052 0.180625 0.192297 0.178251 0.579787 0.614113 0.595262 0.609936 0.584478 0.602644 0.601287 0.604545 0.610727 1.189497e-01 0.675
N:22 Run:8 0.61745 0.605985 0.598645 0.604857 0.611324 0.602496 0.600801 0.594218 0.61237 0.614144 0.607346 0.607354 0.601157 0.594103 0.613508 0.60394 0.605521 0.611887 0.613521 0.617707 0.58913 1.189497e-01 0.675
N:22 Run:9 0.559393 0.596765 0.612436 0.600405 0.592812 0.60199 0.602879 0.605523 0.599819 0.602818 0.600204 0.612584 0.606496 0.602876 0.616903 0.591694 0.604521 0.61178 0.599732 0.611403 0.616449 1.189497e-01 0.675
N:23 Run:0 0.545341 0.608491 0.605974 0.603168 0.613331 0.615063 0.606241 0.616798 0.614254 0.610176 0.586867 0.588848 0.612784 0.614705 0.60624 0.601487 0.602406 0.601189 0.601416 0.597618 0.600727 1.406060e-01 0.655
N:23 Run:1 0.646462 0.592324 0.586416 0.586804 0.612545 0.585168 0.608858 0.591839 0.608659 0.61263 0.593902 0.606095 0.586372 0.596032 0.609132 0.595581 0.600282 0.595999 0.599752 0.597632 0.572167 1.406060e-01 0.655
N:23 Run:2 0.653008 0.604337 0.620841 0.614926 0.610439 0.607093 0.599477 0.608927 0.606024 0.607886 0.603397 0.601787 0.605771 0.606868 0.591879 0.607749 0.594902 0.605171 0.589204 0.605081 0.604252 1.406060e-01 0.655
N:23 Run:3 0.702458 0.617492 0.377435 0.245161 0.188989 0.180139 0.205633 0.201976 0.211635 0.217886 0.219857 0.207929 0.580388 0.59997 0.602453 0.59507 0.592785 0.600916 0.606608 0.591295 0.602688 1.406060e-01 0.655
N:23 Run:4 0.646462 0.592324 0.586416 0.586804 0.612545 0.585168 0.608858 0.591839 0.608659 0.61263 0.593902 0.606095 0.607808 0.60954 0.603862 0.571226 0.599695 0.612344 0.589322 0.612433 0.616065 1.406060e-01 0.655
N:23 Run:5 0.653008 0.604337 0.620841 0.614926 0.610439 0.607093 0.599477 0.608927 0.606024 0.607886 0.603397 0.601787 0.594727 0.597719 0.596576 0.606599 0.614781 0.610011 0.612201 0.615578 0.602195 1.406060e-01 0.655
N:23 Run:6 0.598179 0.606261 0.594903 0.600263 0.610609 0.601387 0.604787 0.607158 0.612401 0.611186 0.595479 0.613383 0.612652 0.615765 0.599764 0.592285 0.599523 0.605713 0.600247 0.613133 0.602813 1.406060e-01 0.655
N:23 Run:7 0.592663 0.612183 0.314617 0.193114 0.180355 0.179623 0.180854 0.178727 0.177052 0.180625 0.192297 0.178251 0.579787 0.614113 0.595262 0.609936 0.584478 0.602644 0.601287 0.604545 0.610727 1.406060e-01 0.655
N:23 Run:8 0.61745 0.605985 0.598645 0.604857 0.611324 0.602496 0.600801 0.594218 0.61237 0.614144 0.607346 0.607354 0.601157 0.594103 0.613508 0.60394 0.605521 0.611887 0.613521 0.617707 0.58913 1.406060e-01 0.655
N:23 Run:9 0.559393 0.596765 0.612436 0.600405 0.592812 0.60199 0.602879 0.605523 0.599819 0.602818 0.600204 0.612584 0.606496 0.602876 0.616903 0.591694 0.604521 0.61178 0.599732 0.611403 0.616449 1.406060e-01 0.655
N:24 Run:0 0.545341 0.608491 0.605974 0.603168 0.613331 0.615063 0.606241 0.616798 0.614254 0.610176 0.586867 0.588848 0.612784 0.614705 0.60624 0.601487 0.602406 0.601189 0.601416 0.597618 0.600727 1.070667e-01 0.660
N:24 Run:1 0.646462 0.592324 0.586416 0.586804 0.612545 0.585168 0.608858 0.591839 0.608659 0.61263 0.593902 0.606095 0.586372 0.596032 0.609132 0.595581 0.600282 0.595999 0.599752 0.597632 0.572167 1.070667e-01 0.660
N:24 Run:2 0.653008 0.604337 0.620841 0.614926 0.610439 0.607093 0.599477 0.608927 0.606024 0.607886 0.603397 0.601787 0.605771 0.606868 0.591879 0.607749 0.594902 0.605171 0.589204 0.605081 0.604252 1.070667e-01 0.660
N:24 Run:3 0.702458 0.617492 0.377435 0.245161 0.188989 0.180139 0.205633 0.201976 0.211635 0.217886 0.219857 0.207929 0.580388 0.59997 0.602453 0.59507 0.592785 0.600916 0.606608 0.591295 0.602688 1.070667e-01 0.660
N:24 Run:4 0.646462 0.592324 0.586416 0.586804 0.612545 0.585168 0.608858 0.591839 0.608659 0.61263 0.593902 0.606095 0.607808 0.60954 0.603862 0.571226 0.599695 0.612344 0.589322 0.612433 0.616065 1.070667e-01 0.660
N:24 Run:5 0.653008 0.604337 0.620841 0.614926 0.610439 0.607093 0.599477 0.608927 0.606024 0.607886 0.603397 0.601787 0.594727 0.597719 0.596576 0.606599 0.614781 0.610011 0.612201 0.615578 0.602195 1.070667e-01 0.660
N:24 Run:6 0.598179 0.606261 0.594903 0.600263 0.610609 0.601387 0.604787 0.607158 0.612401 0.611186 0.595479 0.613383 0.612652 0.615765 0.599764 0.592285 0.599523 0.605713 0.600247 0.613133 0.602813 1.070667e-01 0.660
N:24 Run:7 0.592663 0.612183 0.314617 0.193114 0.180355 0.179623 0.180854 0.178727 0.177052 0.180625 0.192297 0.178251 0.579787 0.614113 0.595262 0.609936 0.584478 0.602644 0.601287 0.604545 0.610727 1.070667e-01 0.660
N:24 Run:8 0.61745 0.605985 0.598645 0.604857 0.611324 0.602496 0.600801 0.594218 0.61237 0.614144 0.607346 0.607354 0.601157 0.594103 0.613508 0.60394 0.605521 0.611887 0.613521 0.617707 0.58913 1.070667e-01 0.660
N:24 Run:9 0.559393 0.596765 0.612436 0.600405 0.592812 0.60199 0.602879 0.605523 0.599819 0.602818 0.600204 0.612584 0.606496 0.602876 0.616903 0.591694 0.604521 0.61178 0.599732 0.611403 0.616449 1.070667e-01 0.660
N:25 Run:0 0.545341 0.608491 0.605974 0.603168 0.613331 0.615063 0.606241 0.616798 0.614254 0.610176 0.586867 0.588848 0.612784 0.614705 0.60624 0.601487 0.602406 0.601189 0.601416 0.597618 0.600727 1.083085e-01 0.675
N:25 Run:1 0.646462 0.592324 0.586416 0.586804 0.612545 0.585168 0.608858 0.591839 0.608659 0.61263 0.593902 0.606095 0.586372 0.596032 0.609132 0.595581 0.600282 0.595999 0.599752 0.597632 0.572167 1.083085e-01 0.675
N:25 Run:2 0.653008 0.604337 0.620841 0.614926 0.610439 0.607093 0.599477 0.608927 0.606024 0.607886 0.603397 0.601787 0.605771 0.606868 0.591879 0.607749 0.594902 0.605171 0.589204 0.605081 0.604252 1.083085e-01 0.675
N:25 Run:3 0.702458 0.617492 0.377435 0.245161 0.188989 0.180139 0.205633 0.201976 0.211635 0.217886 0.219857 0.207929 0.580388 0.59997 0.602453 0.59507 0.592785 0.600916 0.606608 0.591295 0.602688 1.083085e-01 0.675
N:25 Run:4 0.646462 0.592324 0.586416 0.586804 0.612545 0.585168 0.608858 0.591839 0.608659 0.61263 0.593902 0.606095 0.607808 0.60954 0.603862 0.571226 0.599695 0.612344 0.589322 0.612433 0.616065 1.083085e-01 0.675
N:25 Run:5 0.653008 0.604337 0.620841 0.614926 0.610439 0.607093 0.599477 0.608927 0.606024 0.607886 0.603397 0.601787 0.594727 0.597719 0.596576 0.606599 0.614781 0.610011 0.612201 0.615578 0.602195 1.083085e-01 0.675
N:25 Run:6 0.598179 0.606261 0.594903 0.600263 0.610609 0.601387 0.604787 0.607158 0.612401 0.611186 0.595479 0.613383 0.612652 0.615765 0.599764 0.592285 0.599523 0.605713 0.600247 0.613133 0.602813 1.083085e-01 0.675
N:25 Run:7 0.592663 0.612183 0.314617 0.193114 0.180355 0.179623 0.180854 0.178727 0.177052 0.180625 0.192297 0.178251 0.579787 0.614113 0.595262 0.609936 0.584478 0.602644 0.601287 0.604545 0.610727 1.083085e-01 0.675
N:25 Run:8 0.61745 0.605985 0.598645 0.604857 0.611324 0.602496 0.600801 0.594218 0.61237 0.614144 0.607346 0.607354 0.601157 0.594103 0.613508 0.60394 0.605521 0.611887 0.613521 0.617707 0.58913 1.083085e-01 0.675
N:25 Run:9 0.559393 0.596765 0.612436 0.600405 0.592812 0.60199 0.602879 0.605523 0.599819 0.602818 0.600204 0.612584 0.606496 0.602876 0.616903 0.591694 0.604521 0.61178 0.599732 0.611403 0.616449 1.083085e-01 0.675
N:26 Run:0 0.545341 0.608491 0.605974 0.603168 0.613331 0.615063 0.606241 0.616798 0.614254 0.610176 0.586867 0.588848 0.612784 0.614705 0.60624 0.601487 0.602406 0.601189 0.601416 0.597618 0.600727 1.048936e-01 0.659
N:26 Run:1 0.646462 0.592324 0.586416 0.586804 0.612545 0.585168 0.608858 0.591839 0.608659 0.61263 0.593902 0.606095 0.586372 0.596032 0.609132 0.595581 0.600282 0.595999 0.599752 0.597632 0.572167 1.048936e-01 0.659
N:26 Run:2 0.653008 0.604337 0.620841 0.614926 0.610439 0.607093 0.599477 0.608927 0.606024 0.607886 0.603397 0.601787 0.605771 0.606868 0.591879 0.607749 0.594902 0.605171 0.589204 0.605081 0.604252 1.048936e-01 0.659
N:26 Run:3 0.702458 0.617492 0.377435 0.245161 0.188989 0.180139 0.205633 0.201976 0.211635 0.217886 0.219857 0.207929 0.580388 0.59997 0.602453 0.59507 0.592785 0.600916 0.606608 0.591295 0.602688 1.048936e-01 0.659
N:26 Run:4 0.646462 0.592324 0.586416 0.586804 0.612545 0.585168 0.608858 0.591839 0.608659 0.61263 0.593902 0.606095 0.607808 0.60954 0.603862 0.571226 0.599695 0.612344 0.589322 0.612433 0.616065 1.048936e-01 0.659
N:26 Run:5 0.653008 0.604337 0.620841 0.614926 0.610439 0.607093 0.599477 0.608927 0.606024 0.607886 0.603397 0.601787 0.594727 0.597719 0.596576 0.606599 0.614781 0.610011 0.612201 0.615578 0.602195 1.048936e-01 0.659
N:26 Run:6 0.598179 0.606261 0.594903 0.600263 0.610609 0.601387 0.604787 0.607158 0.612401 0.611186 0.595479 0.613383 0.612652 0.615765 0.599764 0.592285 0.599523 0.605713 0.600247 0.613133 0.602813 1.048936e-01 0.659
N:26 Run:7 0.592663 0.612183 0.314617 0.193114 0.180355 0.179623 0.180854 0.178727 0.177052 0.180625 0.192297 0.178251 0.579787 0.614113 0.595262 0.609936 0.584478 0.602644 0.601287 0.604545 0.610727 1.048936e-01 0.659
N:26 Run:8 0.61745 0.605985 0.598645 0.604857 0.611324 0.602496 0.600801 0.594218 0.61237 0.614144 0.607346 0.607354 0.601157 0.594103 0.613508 0.60394 0.605521 0.611887 0.613521 0.617707 0.58913 1.048936e-01 0.659
N:26 Run:9 0.559393 0.596765 0.612436 0.600405 0.592812 0.60199 0.602879 0.605523 0.599819 0.602818 0.600204 0.612584 0.606496 0.602876 0.616903 0.591694 0.604521 0.61178 0.599732 0.611403 0.616449 1.048936e-01 0.659
N:27 Run:0 0.545341 0.608491 0.605974 0.603168 0.613331 0.615063 0.606241 0.616798 0.614254 0.610176 0.586867 0.588848 0.612784 0.614705 0.60624 0.601487 0.602406 0.601189 0.601416 0.597618 0.600727 1.050827e-01 0.642
N:27 Run:1 0.646462 0.592324 0.586416 0.586804 0.612545 0.585168 0.608858 0.591839 0.608659 0.61263 0.593902 0.606095 0.586372 0.596032 0.609132 0.595581 0.600282 0.595999 0.599752 0.597632 0.572167 1.050827e-01 0.642
N:27 Run:2 0.653008 0.604337 0.620841 0.614926 0.610439 0.607093 0.599477 0.608927 0.606024 0.607886 0.603397 0.601787 0.605771 0.606868 0.591879 0.607749 0.594902 0.605171 0.589204 0.605081 0.604252 1.050827e-01 0.642
N:27 Run:3 0.702458 0.617492 0.377435 0.245161 0.188989 0.180139 0.205633 0.201976 0.211635 0.217886 0.219857 0.207929 0.580388 0.59997 0.602453 0.59507 0.592785 0.600916 0.606608 0.591295 0.602688 1.050827e-01 0.642
N:27 Run:4 0.646462 0.592324 0.586416 0.586804 0.612545 0.585168 0.608858 0.591839 0.608659 0.61263 0.593902 0.606095 0.607808 0.60954 0.603862 0.571226 0.599695 0.612344 0.589322 0.612433 0.616065 1.050827e-01 0.642
N:27 Run:5 0.653008 0.604337 0.620841 0.614926 0.610439 0.607093 0.599477 0.608927 0.606024 0.607886 0.603397 0.601787 0.594727 0.597719 0.596576 0.606599 0.614781 0.610011 0.612201 0.615578 0.602195 1.050827e-01 0.642
N:27 Run:6 0.598179 0.606261 0.594903 0.600263 0.610609 0.601387 0.604787 0.607158 0.612401 0.611186 0.595479 0.613383 0.612652 0.615765 0.599764 0.592285 0.599523 0.605713 0.600247 0.613133 0.602813 1.050827e-01 0.642
N:27 Run:7 0.592663 0.612183 0.314617 0.193114 0.180355 0.179623 0.180854 0.178727 0.177052 0.180625 0.192297 0.178251 0.579787 0.614113 0.595262 0.609936 0.584478 0.602644 0.601287 0.604545 0.610727 1.050827e-01 0.642
N:27 Run:8 0.61745 0.605985 0.598645 0.604857 0.611324 0.602496 0.600801 0.594218 0.61237 0.614144 0.607346 0.607354 0.601157 0.594103 0.613508 0.60394 0.605521 0.611887 0.613521 0.617707 0.58913 1.050827e-01 0.642
N:27 Run:9 0.559393 0.596765 0.612436 0.600405 0.592812 0.60199 0.602879 0.605523 0.599819 0.602818 0.600204 0.612584 0.606496 0.602876 0.616903 0.591694 0.604521 0.61178 0.599732 0.611403 0.616449 1.050827e-01 0.642
N:28 Run:0 0.545341 0.608491 0.605974 0.603168 0.613331 0.615063 0.606241 0.616798 0.614254 0.610176 0.586867 0.588848 0.612784 0.614705 0.60624 0.601487 0.602406 0.601189 0.601416 0.597618 0.600727 1.410958e-01 0.710
N:28 Run:1 0.646462 0.592324 0.586416 0.586804 0.612545 0.585168 0.608858 0.591839 0.608659 0.61263 0.593902 0.606095 0.586372 0.596032 0.609132 0.595581 0.600282 0.595999 0.599752 0.597632 0.572167 1.410958e-01 0.710
N:28 Run:2 0.653008 0.604337 0.620841 0.614926 0.610439 0.607093 0.599477 0.608927 0.606024 0.607886 0.603397 0.601787 0.605771 0.606868 0.591879 0.607749 0.594902 0.605171 0.589204 0.605081 0.604252 1.410958e-01 0.710
N:28 Run:3 0.702458 0.617492 0.377435 0.245161 0.188989 0.180139 0.205633 0.201976 0.211635 0.217886 0.219857 0.207929 0.580388 0.59997 0.602453 0.59507 0.592785 0.600916 0.606608 0.591295 0.602688 1.410958e-01 0.710
N:28 Run:4 0.646462 0.592324 0.586416 0.586804 0.612545 0.585168 0.608858 0.591839 0.608659 0.61263 0.593902 0.606095 0.607808 0.60954 0.603862 0.571226 0.599695 0.612344 0.589322 0.612433 0.616065 1.410958e-01 0.710
N:28 Run:5 0.653008 0.604337 0.620841 0.614926 0.610439 0.607093 0.599477 0.608927 0.606024 0.607886 0.603397 0.601787 0.594727 0.597719 0.596576 0.606599 0.614781 0.610011 0.612201 0.615578 0.602195 1.410958e-01 0.710
N:28 Run:6 0.598179 0.606261 0.594903 0.600263 0.610609 0.601387 0.604787 0.607158 0.612401 0.611186 0.595479 0.613383 0.612652 0.615765 0.599764 0.592285 0.599523 0.605713 0.600247 0.613133 0.602813 1.410958e-01 0.710
N:28 Run:7 0.592663 0.612183 0.314617 0.193114 0.180355 0.179623 0.180854 0.178727 0.177052 0.180625 0.192297 0.178251 0.579787 0.614113 0.595262 0.609936 0.584478 0.602644 0.601287 0.604545 0.610727 1.410958e-01 0.710
N:28 Run:8 0.61745 0.605985 0.598645 0.604857 0.611324 0.602496 0.600801 0.594218 0.61237 0.614144 0.607346 0.607354 0.601157 0.594103 0.613508 0.60394 0.605521 0.611887 0.613521 0.617707 0.58913 1.410958e-01 0.710
N:28 Run:9 0.559393 0.596765 0.612436 0.600405 0.592812 0.60199 0.602879 0.605523 0.599819 0.602818 0.600204 0.612584 0.606496 0.602876 0.616903 0.591694 0.604521 0.61178 0.599732 0.611403 0.616449 1.410958e-01 0.710
N:29 Run:0 0.545341 0.608491 0.605974 0.603168 0.613331 0.615063 0.606241 0.616798 0.614254 0.610176 0.586867 0.588848 0.612784 0.614705 0.60624 0.601487 0.602406 0.601189 0.601416 0.597618 0.600727 1.405528e-01 0.677
N:29 Run:1 0.646462 0.592324 0.586416 0.586804 0.612545 0.585168 0.608858 0.591839 0.608659 0.61263 0.593902 0.606095 0.586372 0.596032 0.609132 0.595581 0.600282 0.595999 0.599752 0.597632 0.572167 1.405528e-01 0.677
N:29 Run:2 0.653008 0.604337 0.620841 0.614926 0.610439 0.607093 0.599477 0.608927 0.606024 0.607886 0.603397 0.601787 0.605771 0.606868 0.591879 0.607749 0.594902 0.605171 0.589204 0.605081 0.604252 1.405528e-01 0.677
N:29 Run:3 0.702458 0.617492 0.377435 0.245161 0.188989 0.180139 0.205633 0.201976 0.211635 0.217886 0.219857 0.207929 0.580388 0.59997 0.602453 0.59507 0.592785 0.600916 0.606608 0.591295 0.602688 1.405528e-01 0.677
N:29 Run:4 0.646462 0.592324 0.586416 0.586804 0.612545 0.585168 0.608858 0.591839 0.608659 0.61263 0.593902 0.606095 0.607808 0.60954 0.603862 0.571226 0.599695 0.612344 0.589322 0.612433 0.616065 1.405528e-01 0.677
N:29 Run:5 0.653008 0.604337 0.620841 0.614926 0.610439 0.607093 0.599477 0.608927 0.606024 0.607886 0.603397 0.601787 0.594727 0.597719 0.596576 0.606599 0.614781 0.610011 0.612201 0.615578 0.602195 1.405528e-01 0.677
N:29 Run:6 0.598179 0.606261 0.594903 0.600263 0.610609 0.601387 0.604787 0.607158 0.612401 0.611186 0.595479 0.613383 0.612652 0.615765 0.599764 0.592285 0.599523 0.605713 0.600247 0.613133 0.602813 1.405528e-01 0.677
N:29 Run:7 0.592663 0.612183 0.314617 0.193114 0.180355 0.179623 0.180854 0.178727 0.177052 0.180625 0.192297 0.178251 0.579787 0.614113 0.595262 0.609936 0.584478 0.602644 0.601287 0.604545 0.610727 1.405528e-01 0.677
N:29 Run:8 0.61745 0.605985 0.598645 0.604857 0.611324 0.602496 0.600801 0.594218 0.61237 0.614144 0.607346 0.607354 0.601157 0.594103 0.613508 0.60394 0.605521 0.611887 0.613521 0.617707 0.58913 1.405528e-01 0.677
N:29 Run:9 0.559393 0.596765 0.612436 0.600405 0.592812 0.60199 0.602879 0.605523 0.599819 0.602818 0.600204 0.612584 0.606496 0.602876 0.616903 0.591694 0.604521 0.61178 0.599732 0.611403 0.616449 1.405528e-01 0.677
