Seed:1578604612
N:0 Run:0 0.199461 0.169094 0.174461 0.177676 0.205866 0.156868 0.157107 0.189387 0.216388 0.193401 0.173828 0.174468 0.133679 0.159226 0.191904 0.180933 0.154113 0.15975 0.149325 0.169808 0.202169 6.087322e-02 0.659
N:0 Run:1 0.199729 0.172852 0.0657401 0.0345119 0.0335758 0.0362318 0.0346537 0.0383371 0.0303316 0.0580703 0.0319563 0.0280905 0.142314 0.159355 0.203249 0.142377 0.168785 0.190657 0.14495 0.12941 0.169934 6.087322e-02 0.659
N:0 Run:2 0.190555 0.158365 0.0646184 0.0450975 0.040527 0.0339265 0.031025 0.0364622 0.0266536 0.0502392 0.036938 0.0356814 0.130704 0.169889 0.200306 0.190827 0.185596 0.194875 0.187513 0.173882 0.138303 6.087322e-02 0.659
N:0 Run:3 0.211327 0.136027 0.0604986 0.0374438 0.028643 0.0232743 0.0192431 0.0238005 0.0244266 0.0215365 0.0214145 0.0424673 0.172616 0.190876 0.164216 0.180276 0.153605 0.16124 0.174227 0.218776 0.176435 6.087322e-02 0.659
N:0 Run:4 0.199729 0.172852 0.0657401 0.0345119 0.0335758 0.0362318 0.0346537 0.0383371 0.0303316 0.0580703 0.0319563 0.0280905 0.147095 0.169813 0.138318 0.145396 0.183819 0.18918 0.182525 0.166501 0.193426 6.087322e-02 0.659
N:0 Run:5 0.190555 0.158365 0.0646184 0.0450975 0.040527 0.0339265 0.031025 0.0364622 0.0266536 0.0502392 0.036938 0.0356814 0.0962891 0.175682 0.175159 0.176979 0.185504 0.20189 0.191703 0.146994 0.184327 6.087322e-02 0.659
N:0 Run:6 0.225938 0.181065 0.158528 0.112005 0.0900116 0.120947 0.0833952 0.0962592 0.103419 0.0896964 0.129249 0.144111 0.199157 0.187002 0.173609 0.133248 0.15309 0.14212 0.173335 0.146935 0.23414 6.087322e-02 0.659
N:0 Run:7 0.254594 0.181127 0.0488921 0.0135173 0.00312593 0.000803969 0.000706934 0.000339789 0.000173467 0.00032724 0.000719415 0.000275388 0.0852686 0.165955 0.1651 0.190771 0.166906 0.15317 0.149141 0.197967 0.19351 6.087322e-02 0.659
N:0 Run:8 0.148222 0.205666 0.1247 0.0913667 0.0987655 0.114779 0.091351 0.0692153 0.105342 0.117906 0.10123 0.09807 0.191535 0.189906 0.174903 0.206286 0.199255 0.144951 0.196257 0.143151 0.134632 6.087322e-02 0.659
N:0 Run:9 0.14488 0.191532 0.180298 0.164719 0.156471 0.141171 0.192252 0.191571 0.195957 0.183523 0.154857 0.162022 0.167179 0.157995 0.181126 0.12046 0.13397 0.16829 0.176442 0.232153 0.182553 6.087322e-02 0.659
N:1 Run:0 0.199461 0.179652 0.184241 0.174243 0.188987 0.15595 0.163947 0.189496 0.212451 0.191809 0.173244 0.169003 0.132006 0.154545 0.198037 0.192412 0.154642 0.165921 0.154516 0.169015 0.198394 6.031151e-02 0.647
N:1 Run:1 0.199729 0.176583 0.0619149 0.0287537 0.0265309 0.0327955 0.0293392 0.0299731 0.0237292 0.0549608 0.0212928 0.0219011 0.129675 0.162417 0.205235 0.14384 0.170422 0.182197 0.146375 0.139259 0.188507 6.031151e-02 0.647
N:1 Run:2 0.190555 0.158879 0.0721233 0.0556122 0.0511884 0.0450545 0.0424248 0.0482487 0.0372104 0.0599622 0.0463799 0.0463361 0.123168 0.163735 0.201583 0.186637 0.1864 0.202095 0.187435 0.164291 0.135676 6.031151e-02 0.647
N:1 Run:3 0.211327 0.1359 0.0421118 0.0166367 0.00857731 0.00518579 0.00363753 0.00531338 0.00555945 0.00476482 0.00488668 0.0183347 0.185345 0.195855 0.167053 0.172183 0.150896 0.163502 0.173854 0.202554 0.162422 6.031151e-02 0.647
N:1 Run:4 0.199729 0.176583 0.0619149 0.0287537 0.0265309 0.0327955 0.0293392 0.0299731 0.0237292 0.0549608 0.0212928 0.0219011 0.142485 0.164601 0.14087 0.151947 0.181706 0.190911 0.175921 0.161486 0.192053 6.031151e-02 0.647
N:1 Run:5 0.190555 0.158879 0.0721233 0.0556122 0.0511884 0.0450545 0.0424248 0.0482487 0.0372104 0.0599622 0.0463799 0.0463361 0.103091 0.17296 0.161911 0.177485 0.183245 0.186021 0.183489 0.154591 0.199614 6.031151e-02 0.647
N:1 Run:6 0.225938 0.172473 0.148226 0.113567 0.0890733 0.126644 0.087599 0.103029 0.107237 0.0982504 0.124732 0.139756 0.192322 0.191899 0.165246 0.136399 0.148171 0.146377 0.177502 0.145824 0.245329 6.031151e-02 0.647
N:1 Run:7 0.254594 0.185187 0.0546693 0.0196567 0.00600862 0.00223387 0.00263072 0.00150446 0.000798602 0.00154597 0.00268951 0.00117695 0.0878121 0.151996 0.166047 0.184167 0.160555 0.15707 0.157021 0.188536 0.194735 6.031151e-02 0.647
N:1 Run:8 0.148222 0.18845 0.125943 0.0991347 0.106489 0.121444 0.0999344 0.0783889 0.109867 0.124052 0.109062 0.104876 0.179952 0.183704 0.177694 0.216139 0.198249 0.148522 0.193636 0.152105 0.139688 6.031151e-02 0.647
N:1 Run:9 0.14488 0.198433 0.177856 0.167784 0.156847 0.138038 0.189352 0.177707 0.207577 0.182135 0.150764 0.157166 0.156499 0.165723 0.189499 0.12914 0.134566 0.167799 0.185052 0.235146 0.194525 6.031151e-02 0.647
N:2 Run:0 0.199461 0.179652 0.184241 0.174243 0.188987 0.15595 0.163947 0.189496 0.212451 0.191809 0.173244 0.169003 0.132006 0.154545 0.198037 0.192412 0.154642 0.165921 0.154516 0.169015 0.198394 6.102123e-02 0.652
N:2 Run:1 0.199729 0.176583 0.0619149 0.0287537 0.0265309 0.0327955 0.0293392 0.0299731 0.0237292 0.0549608 0.0212928 0.0219011 0.129675 0.162417 0.205235 0.14384 0.170422 0.182197 0.146375 0.139259 0.188507 6.102123e-02 0.652
N:2 Run:2 0.190555 0.158879 0.0721233 0.0556122 0.0511884 0.0450545 0.0424248 0.0482487 0.0372104 0.0599622 0.0463799 0.0463361 0.123168 0.163735 0.201583 0.186637 0.1864 0.202095 0.187435 0.164291 0.135676 6.102123e-02 0.652
N:2 Run:3 0.211327 0.1359 0.0421118 0.0166367 0.00857731 0.00518579 0.00363753 0.00531338 0.00555945 0.00476482 0.00488668 0.0183347 0.185345 0.195855 0.167053 0.172183 0.150896 0.163502 0.173854 0.202554 0.162422 6.102123e-02 0.652
N:2 Run:4 0.199729 0.176583 0.0619149 0.0287537 0.0265309 0.0327955 0.0293392 0.0299731 0.0237292 0.0549608 0.0212928 0.0219011 0.142485 0.164601 0.14087 0.151947 0.181706 0.190911 0.175921 0.161486 0.192053 6.102123e-02 0.652
N:2 Run:5 0.190555 0.158879 0.0721233 0.0556122 0.0511884 0.0450545 0.0424248 0.0482487 0.0372104 0.0599622 0.0463799 0.0463361 0.103091 0.17296 0.161911 0.177485 0.183245 0.186021 0.183489 0.154591 0.199614 6.102123e-02 0.652
N:2 Run:6 0.225938 0.172473 0.148226 0.113567 0.0890733 0.126644 0.087599 0.103029 0.107237 0.0982504 0.124732 0.139756 0.192322 0.191899 0.165246 0.136399 0.148171 0.146377 0.177502 0.145824 0.245329 6.102123e-02 0.652
N:2 Run:7 0.254594 0.185187 0.0546693 0.0196567 0.00600862 0.00223387 0.00263072 0.00150446 0.000798602 0.00154597 0.00268951 0.00117695 0.0878121 0.151996 0.166047 0.184167 0.160555 0.15707 0.157021 0.188536 0.194735 6.102123e-02 0.652
N:2 Run:8 0.148222 0.18845 0.125943 0.0991347 0.106489 0.121444 0.0999344 0.0783889 0.109867 0.124052 0.109062 0.104876 0.179952 0.183704 0.177694 0.216139 0.198249 0.148522 0.193636 0.152105 0.139688 6.102123e-02 0.652
N:2 Run:9 0.14488 0.198433 0.177856 0.167784 0.156847 0.138038 0.189352 0.177707 0.207577 0.182135 0.150764 0.157166 0.156499 0.165723 0.189499 0.12914 0.134566 0.167799 0.185052 0.235146 0.194525 6.102123e-02 0.652
N:3 Run:0 0.199461 0.179652 0.184241 0.174243 0.188987 0.15595 0.163947 0.189496 0.212451 0.191809 0.173244 0.169003 0.132006 0.154545 0.198037 0.192412 0.154642 0.165921 0.154516 0.169015 0.198394 6.113995e-02 0.658
N:3 Run:1 0.199729 0.176583 0.0619149 0.0287537 0.0265309 0.0327955 0.0293392 0.0299731 0.0237292 0.0549608 0.0212928 0.0219011 0.129675 0.162417 0.205235 0.14384 0.170422 0.182197 0.146375 0.139259 0.188507 6.113995e-02 0.658
N:3 Run:2 0.190555 0.158879 0.0721233 0.0556122 0.0511884 0.0450545 0.0424248 0.0482487 0.0372104 0.0599622 0.0463799 0.0463361 0.123168 0.163735 0.201583 0.186637 0.1864 0.202095 0.187435 0.164291 0.135676 6.113995e-02 0.658
N:3 Run:3 0.211327 0.1359 0.0421118 0.0166367 0.00857731 0.00518579 0.00363753 0.00531338 0.00555945 0.00476482 0.00488668 0.0183347 0.185345 0.195855 0.167053 0.172183 0.150896 0.163502 0.173854 0.202554 0.162422 6.113995e-02 0.658
N:3 Run:4 0.199729 0.176583 0.0619149 0.0287537 0.0265309 0.0327955 0.0293392 0.0299731 0.0237292 0.0549608 0.0212928 0.0219011 0.142485 0.164601 0.14087 0.151947 0.181706 0.190911 0.175921 0.161486 0.192053 6.113995e-02 0.658
N:3 Run:5 0.190555 0.158879 0.0721233 0.0556122 0.0511884 0.0450545 0.0424248 0.0482487 0.0372104 0.0599622 0.0463799 0.0463361 0.103091 0.17296 0.161911 0.177485 0.183245 0.186021 0.183489 0.154591 0.199614 6.113995e-02 0.658
N:3 Run:6 0.225938 0.172473 0.148226 0.113567 0.0890733 0.126644 0.087599 0.103029 0.107237 0.0982504 0.124732 0.139756 0.192322 0.191899 0.165246 0.136399 0.148171 0.146377 0.177502 0.145824 0.245329 6.113995e-02 0.658
N:3 Run:7 0.254594 0.185187 0.0546693 0.0196567 0.00600862 0.00223387 0.00263072 0.00150446 0.000798602 0.00154597 0.00268951 0.00117695 0.0878121 0.151996 0.166047 0.184167 0.160555 0.15707 0.157021 0.188536 0.194735 6.113995e-02 0.658
N:3 Run:8 0.148222 0.18845 0.125943 0.0991347 0.106489 0.121444 0.0999344 0.0783889 0.109867 0.124052 0.109062 0.104876 0.179952 0.183704 0.177694 0.216139 0.198249 0.148522 0.193636 0.152105 0.139688 6.113995e-02 0.658
N:3 Run:9 0.14488 0.198433 0.177856 0.167784 0.156847 0.138038 0.189352 0.177707 0.207577 0.182135 0.150764 0.157166 0.156499 0.165723 0.189499 0.12914 0.134566 0.167799 0.185052 0.235146 0.194525 6.113995e-02 0.658
N:4 Run:0 0.199461 0.165792 0.169382 0.18009 0.208526 0.162913 0.158856 0.185791 0.205635 0.189569 0.175605 0.179239 0.141514 0.166442 0.18329 0.172351 0.159062 0.1611 0.153682 0.172904 0.19676 5.939673e-02 0.668
N:4 Run:1 0.199729 0.17334 0.0711275 0.0374068 0.0380691 0.0394003 0.0385119 0.0450652 0.0338101 0.0658283 0.0389124 0.0307427 0.151893 0.161867 0.193109 0.147623 0.170151 0.19248 0.151576 0.13412 0.159238 5.939673e-02 0.668
N:4 Run:2 0.190555 0.163725 0.0578301 0.0344403 0.0271251 0.0228217 0.0181163 0.0250886 0.0135386 0.0376118 0.022066 0.0211871 0.136676 0.174505 0.191888 0.18963 0.183071 0.184804 0.184682 0.180879 0.14684 5.939673e-02 0.668
N:4 Run:3 0.211327 0.143038 0.0723323 0.0498122 0.0408053 0.0351033 0.0306879 0.0354124 0.0361544 0.0331637 0.0330027 0.0522479 0.158075 0.182003 0.165925 0.18498 0.161143 0.16479 0.175961 0.215874 0.185013 5.939673e-02 0.668
N:4 Run:4 0.199729 0.17334 0.0711275 0.0374068 0.0380691 0.0394003 0.0385119 0.0450652 0.0338101 0.0658283 0.0389124 0.0307427 0.151648 0.174612 0.145439 0.149794 0.183421 0.184803 0.185619 0.172905 0.189586 5.939673e-02 0.668
N:4 Run:5 0.190555 0.163725 0.0578301 0.0344403 0.0271251 0.0228217 0.0181163 0.0250886 0.0135386 0.0376118 0.022066 0.0211871 0.0974749 0.175138 0.183747 0.17744 0.185051 0.205287 0.193413 0.149941 0.171901 5.939673e-02 0.668
N:4 Run:6 0.225938 0.187913 0.168928 0.118169 0.0866215 0.125647 0.0792903 0.0989827 0.107338 0.095408 0.137869 0.153034 0.196106 0.181105 0.179822 0.140713 0.161686 0.148449 0.172144 0.153963 0.20523 5.939673e-02 0.668
N:4 Run:7 0.254594 0.181615 0.0399662 0.00817003 0.00155876 0.000328207 0.000114834 0.0001 0.0001 0.0001 0.0001 0.0001 0.0860909 0.174442 0.168139 0.191328 0.173732 0.15768 0.152107 0.197732 0.188072 5.939673e-02 0.668
N:4 Run:8 0.148222 0.206824 0.131189 0.0971835 0.103967 0.121299 0.0960373 0.0655526 0.109176 0.124277 0.107053 0.102416 0.192303 0.190261 0.174414 0.190186 0.192846 0.149894 0.191532 0.145062 0.1409 5.939673e-02 0.668
N:4 Run:9 0.14488 0.180836 0.180876 0.166796 0.162003 0.149785 0.188952 0.196649 0.182777 0.182707 0.162256 0.169243 0.17662 0.158889 0.174776 0.125444 0.141669 0.17109 0.171476 0.2099 0.172193 5.939673e-02 0.668
N:5 Run:0 0.199461 0.165792 0.169382 0.18009 0.208526 0.162913 0.158856 0.185791 0.205635 0.189569 0.175605 0.179239 0.141514 0.166442 0.18329 0.172351 0.159062 0.1611 0.153682 0.172904 0.19676 6.256546e-02 0.659
N:5 Run:1 0.199729 0.17334 0.0711275 0.0374068 0.0380691 0.0394003 0.0385119 0.0450652 0.0338101 0.0658283 0.0389124 0.0307427 0.151893 0.161867 0.193109 0.147623 0.170151 0.19248 0.151576 0.13412 0.159238 6.256546e-02 0.659
N:5 Run:2 0.190555 0.163725 0.0578301 0.0344403 0.0271251 0.0228217 0.0181163 0.0250886 0.0135386 0.0376118 0.022066 0.0211871 0.136676 0.174505 0.191888 0.18963 0.183071 0.184804 0.184682 0.180879 0.14684 6.256546e-02 0.659
N:5 Run:3 0.211327 0.143038 0.0723323 0.0498122 0.0408053 0.0351033 0.0306879 0.0354124 0.0361544 0.0331637 0.0330027 0.0522479 0.158075 0.182003 0.165925 0.18498 0.161143 0.16479 0.175961 0.215874 0.185013 6.256546e-02 0.659
N:5 Run:4 0.199729 0.17334 0.0711275 0.0374068 0.0380691 0.0394003 0.0385119 0.0450652 0.0338101 0.0658283 0.0389124 0.0307427 0.151648 0.174612 0.145439 0.149794 0.183421 0.184803 0.185619 0.172905 0.189586 6.256546e-02 0.659
N:5 Run:5 0.190555 0.163725 0.0578301 0.0344403 0.0271251 0.0228217 0.0181163 0.0250886 0.0135386 0.0376118 0.022066 0.0211871 0.0974749 0.175138 0.183747 0.17744 0.185051 0.205287 0.193413 0.149941 0.171901 6.256546e-02 0.659
N:5 Run:6 0.225938 0.187913 0.168928 0.118169 0.0866215 0.125647 0.0792903 0.0989827 0.107338 0.095408 0.137869 0.153034 0.196106 0.181105 0.179822 0.140713 0.161686 0.148449 0.172144 0.153963 0.20523 6.256546e-02 0.659
N:5 Run:7 0.254594 0.181615 0.0399662 0.00817003 0.00155876 0.000328207 0.000114834 0.0001 0.0001 0.0001 0.0001 0.0001 0.0860909 0.174442 0.168139 0.191328 0.173732 0.15768 0.152107 0.197732 0.188072 6.256546e-02 0.659
N:5 Run:8 0.148222 0.206824 0.131189 0.0971835 0.103967 0.121299 0.0960373 0.0655526 0.109176 0.124277 0.107053 0.102416 0.192303 0.190261 0.174414 0.190186 0.192846 0.149894 0.191532 0.145062 0.1409 6.256546e-02 0.659
N:5 Run:9 0.14488 0.180836 0.180876 0.166796 0.162003 0.149785 0.188952 0.196649 0.182777 0.182707 0.162256 0.169243 0.17662 0.158889 0.174776 0.125444 0.141669 0.17109 0.171476 0.2099 0.172193 6.256546e-02 0.659
N:6 Run:0 0.199461 0.166378 0.172981 0.180532 0.201544 0.161125 0.162059 0.188057 0.203798 0.188132 0.175687 0.178603 0.140395 0.168268 0.186554 0.175008 0.160152 0.164908 0.157089 0.175645 0.196609 5.725329e-02 0.730
N:6 Run:1 0.199729 0.173716 0.0576123 0.028318 0.0311248 0.0350549 0.0328494 0.0375303 0.0269547 0.0627499 0.0273388 0.0243334 0.155985 0.166405 0.195373 0.14711 0.173838 0.190983 0.151362 0.135989 0.165391 5.725329e-02 0.730
N:6 Run:2 0.190555 0.163843 0.0503106 0.0337981 0.0282625 0.0243384 0.0193965 0.0280964 0.0137245 0.0423439 0.0221726 0.022751 0.14317 0.177389 0.193457 0.188411 0.183537 0.186784 0.185154 0.177501 0.145604 5.725329e-02 0.730
N:6 Run:3 0.211327 0.139736 0.0497969 0.0277 0.0192421 0.0144308 0.0117287 0.0152749 0.0156474 0.0140832 0.0143759 0.031954 0.168813 0.186279 0.167704 0.183737 0.160698 0.167739 0.178136 0.208912 0.17745 5.725329e-02 0.730
N:6 Run:4 0.199729 0.173716 0.0576123 0.028318 0.0311248 0.0350549 0.0328494 0.0375303 0.0269547 0.0627499 0.0273388 0.0243334 0.161137 0.176976 0.146899 0.154348 0.185839 0.186143 0.183884 0.171794 0.190359 5.725329e-02 0.730
N:6 Run:5 0.190555 0.163843 0.0503106 0.0337981 0.0282625 0.0243384 0.0193965 0.0280964 0.0137245 0.0423439 0.0221726 0.022751 0.108947 0.181763 0.179697 0.178325 0.185484 0.198618 0.189728 0.149388 0.176987 5.725329e-02 0.730
N:6 Run:6 0.225938 0.182224 0.164102 0.1168 0.0830371 0.133344 0.0779374 0.105225 0.112136 0.0983277 0.140751 0.15519 0.196248 0.182081 0.17704 0.141053 0.162983 0.15138 0.176592 0.154646 0.207233 5.725329e-02 0.730
N:6 Run:7 0.254594 0.177856 0.0266362 0.00413858 0.000836305 0.000464034 0.00043786 0.000421271 0.000417618 0.000421477 0.000436531 0.000419641 0.0962792 0.175719 0.170373 0.190679 0.171722 0.159678 0.155852 0.196248 0.188029 5.725329e-02 0.730
N:6 Run:8 0.148222 0.201286 0.127907 0.0973711 0.109267 0.127938 0.0987387 0.0666057 0.116897 0.130941 0.110753 0.106769 0.193122 0.188825 0.17537 0.192749 0.192345 0.149885 0.19299 0.14428 0.144379 5.725329e-02 0.730
N:6 Run:9 0.14488 0.185505 0.181225 0.16852 0.163903 0.149897 0.190809 0.191215 0.183706 0.182656 0.161124 0.169697 0.173824 0.160852 0.178921 0.123973 0.145117 0.175011 0.175052 0.209429 0.172171 5.725329e-02 0.730
N:7 Run:0 0.199461 0.166378 0.172981 0.180532 0.201544 0.161125 0.162059 0.188057 0.203798 0.188132 0.175687 0.178603 0.140395 0.168268 0.186554 0.175008 0.160152 0.164908 0.157089 0.175645 0.196609 5.864295e-02 0.661
N:7 Run:1 0.199729 0.173716 0.0576123 0.028318 0.0311248 0.0350549 0.0328494 0.0375303 0.0269547 0.0627499 0.0273388 0.0243334 0.155985 0.166405 0.195373 0.14711 0.173838 0.190983 0.151362 0.135989 0.165391 5.864295e-02 0.661
N:7 Run:2 0.190555 0.163843 0.0503106 0.0337981 0.0282625 0.0243384 0.0193965 0.0280964 0.0137245 0.0423439 0.0221726 0.022751 0.14317 0.177389 0.193457 0.188411 0.183537 0.186784 0.185154 0.177501 0.145604 5.864295e-02 0.661
N:7 Run:3 0.211327 0.139736 0.0497969 0.0277 0.0192421 0.0144308 0.0117287 0.0152749 0.0156474 0.0140832 0.0143759 0.031954 0.168813 0.186279 0.167704 0.183737 0.160698 0.167739 0.178136 0.208912 0.17745 5.864295e-02 0.661
N:7 Run:4 0.199729 0.173716 0.0576123 0.028318 0.0311248 0.0350549 0.0328494 0.0375303 0.0269547 0.0627499 0.0273388 0.0243334 0.161137 0.176976 0.146899 0.154348 0.185839 0.186143 0.183884 0.171794 0.190359 5.864295e-02 0.661
N:7 Run:5 0.190555 0.163843 0.0503106 0.0337981 0.0282625 0.0243384 0.0193965 0.0280964 0.0137245 0.0423439 0.0221726 0.022751 0.108947 0.181763 0.179697 0.178325 0.185484 0.198618 0.189728 0.149388 0.176987 5.864295e-02 0.661
N:7 Run:6 0.225938 0.182224 0.164102 0.1168 0.0830371 0.133344 0.0779374 0.105225 0.112136 0.0983277 0.140751 0.15519 0.196248 0.182081 0.17704 0.141053 0.162983 0.15138 0.176592 0.154646 0.207233 5.864295e-02 0.661
N:7 Run:7 0.254594 0.177856 0.0266362 0.00413858 0.000836305 0.000464034 0.00043786 0.000421271 0.000417618 0.000421477 0.000436531 0.000419641 0.0962792 0.175719 0.170373 0.190679 0.171722 0.159678 0.155852 0.196248 0.188029 5.864295e-02 0.661
N:7 Run:8 0.148222 0.201286 0.127907 0.0973711 0.109267 0.127938 0.0987387 0.0666057 0.116897 0.130941 0.110753 0.106769 0.193122 0.188825 0.17537 0.192749 0.192345 0.149885 0.19299 0.14428 0.144379 5.864295e-02 0.661
N:7 Run:9 0.14488 0.185505 0.181225 0.16852 0.163903 0.149897 0.190809 0.191215 0.183706 0.182656 0.161124 0.169697 0.173824 0.160852 0.178921 0.123973 0.145117 0.175011 0.175052 0.209429 0.172171 5.864295e-02 0.661
N:8 Run:0 0.199461 0.166378 0.172981 0.180532 0.201544 0.161125 0.162059 0.188057 0.203798 0.188132 0.175687 0.178603 0.140395 0.168268 0.186554 0.175008 0.160152 0.164908 0.157089 0.175645 0.196609 6.140333e-02 0.652
N:8 Run:1 0.199729 0.173716 0.0576123 0.028318 0.0311248 0.0350549 0.0328494 0.0375303 0.0269547 0.0627499 0.0273388 0.0243334 0.155985 0.166405 0.195373 0.14711 0.173838 0.190983 0.151362 0.135989 0.165391 6.140333e-02 0.652
N:8 Run:2 0.190555 0.163843 0.0503106 0.0337981 0.0282625 0.0243384 0.0193965 0.0280964 0.0137245 0.0423439 0.0221726 0.022751 0.14317 0.177389 0.193457 0.188411 0.183537 0.186784 0.185154 0.177501 0.145604 6.140333e-02 0.652
N:8 Run:3 0.211327 0.139736 0.0497969 0.0277 0.0192421 0.0144308 0.0117287 0.0152749 0.0156474 0.0140832 0.0143759 0.031954 0.168813 0.186279 0.167704 0.183737 0.160698 0.167739 0.178136 0.208912 0.17745 6.140333e-02 0.652
N:8 Run:4 0.199729 0.173716 0.0576123 0.028318 0.0311248 0.0350549 0.0328494 0.0375303 0.0269547 0.0627499 0.0273388 0.0243334 0.161137 0.176976 0.146899 0.154348 0.185839 0.186143 0.183884 0.171794 0.190359 6.140333e-02 0.652
N:8 Run:5 0.190555 0.163843 0.0503106 0.0337981 0.0282625 0.0243384 0.0193965 0.0280964 0.0137245 0.0423439 0.0221726 0.022751 0.108947 0.181763 0.179697 0.178325 0.185484 0.198618 0.189728 0.149388 0.176987 6.140333e-02 0.652
N:8 Run:6 0.225938 0.182224 0.164102 0.1168 0.0830371 0.133344 0.0779374 0.105225 0.112136 0.0983277 0.140751 0.15519 0.196248 0.182081 0.17704 0.141053 0.162983 0.15138 0.176592 0.154646 0.207233 6.140333e-02 0.652
N:8 Run:7 0.254594 0.177856 0.0266362 0.00413858 0.000836305 0.000464034 0.00043786 0.000421271 0.000417618 0.000421477 0.000436531 0.000419641 0.0962792 0.175719 0.170373 0.190679 0.171722 0.159678 0.155852 0.196248 0.188029 6.140333e-02 0.652
N:8 Run:8 0.148222 0.201286 0.127907 0.0973711 0.109267 0.127938 0.0987387 0.0666057 0.116897 0.130941 0.110753 0.106769 0.193122 0.188825 0.17537 0.192749 0.192345 0.149885 0.19299 0.14428 0.144379 6.140333e-02 0.652
N:8 Run:9 0.14488 0.185505 0.181225 0.16852 0.163903 0.149897 0.190809 0.191215 0.183706 0.182656 0.161124 0.169697 0.173824 0.160852 0.178921 0.123973 0.145117 0.175011 0.175052 0.209429 0.172171 6.140333e-02 0.652
N:9 Run:0 0.199461 0.166378 0.172981 0.180532 0.201544 0.161125 0.162059 0.188057 0.203798 0.188132 0.175687 0.178603 0.140395 0.168268 0.186554 0.175008 0.160152 0.164908 0.157089 0.175645 0.196609 5.981699e-02 0.649
N:9 Run:1 0.199729 0.173716 0.0576123 0.028318 0.0311248 0.0350549 0.0328494 0.0375303 0.0269547 0.0627499 0.0273388 0.0243334 0.155985 0.166405 0.195373 0.14711 0.173838 0.190983 0.151362 0.135989 0.165391 5.981699e-02 0.649
N:9 Run:2 0.190555 0.163843 0.0503106 0.0337981 0.0282625 0.0243384 0.0193965 0.0280964 0.0137245 0.0423439 0.0221726 0.022751 0.14317 0.177389 0.193457 0.188411 0.183537 0.186784 0.185154 0.177501 0.145604 5.981699e-02 0.649
N:9 Run:3 0.211327 0.139736 0.0497969 0.0277 0.0192421 0.0144308 0.0117287 0.0152749 0.0156474 0.0140832 0.0143759 0.031954 0.168813 0.186279 0.167704 0.183737 0.160698 0.167739 0.178136 0.208912 0.17745 5.981699e-02 0.649
N:9 Run:4 0.199729 0.173716 0.0576123 0.028318 0.0311248 0.0350549 0.0328494 0.0375303 0.0269547 0.0627499 0.0273388 0.0243334 0.161137 0.176976 0.146899 0.154348 0.185839 0.186143 0.183884 0.171794 0.190359 5.981699e-02 0.649
N:9 Run:5 0.190555 0.163843 0.0503106 0.0337981 0.0282625 0.0243384 0.0193965 0.0280964 0.0137245 0.0423439 0.0221726 0.022751 0.108947 0.181763 0.179697 0.178325 0.185484 0.198618 0.189728 0.149388 0.176987 5.981699e-02 0.649
N:9 Run:6 0.225938 0.182224 0.164102 0.1168 0.0830371 0.133344 0.0779374 0.105225 0.112136 0.0983277 0.140751 0.15519 0.196248 0.182081 0.17704 0.141053 0.162983 0.15138 0.176592 0.154646 0.207233 5.981699e-02 0.649
N:9 Run:7 0.254594 0.177856 0.0266362 0.00413858 0.000836305 0.000464034 0.00043786 0.000421271 0.000417618 0.000421477 0.000436531 0.000419641 0.0962792 0.175719 0.170373 0.190679 0.171722 0.159678 0.155852 0.196248 0.188029 5.981699e-02 0.649
N:9 Run:8 0.148222 0.201286 0.127907 0.0973711 0.109267 0.127938 0.0987387 0.0666057 0.116897 0.130941 0.110753 0.106769 0.193122 0.188825 0.17537 0.192749 0.192345 0.149885 0.19299 0.14428 0.144379 5.981699e-02 0.649
N:9 Run:9 0.14488 0.185505 0.181225 0.16852 0.163903 0.149897 0.190809 0.191215 0.183706 0.182656 0.161124 0.169697 0.173824 0.160852 0.178921 0.123973 0.145117 0.175011 0.175052 0.209429 0.172171 5.981699e-02 0.649
N:10 Run:0 0.199461 0.166378 0.172981 0.180532 0.201544 0.161125 0.162059 0.188057 0.203798 0.188132 0.175687 0.178603 0.140395 0.168268 0.186554 0.175008 0.160152 0.164908 0.157089 0.175645 0.196609 5.816283e-02 0.652
N:10 Run:1 0.199729 0.173716 0.0576123 0.028318 0.0311248 0.0350549 0.0328494 0.0375303 0.0269547 0.0627499 0.0273388 0.0243334 0.155985 0.166405 0.195373 0.14711 0.173838 0.190983 0.151362 0.135989 0.165391 5.816283e-02 0.652
N:10 Run:2 0.190555 0.163843 0.0503106 0.0337981 0.0282625 0.0243384 0.0193965 0.0280964 0.0137245 0.0423439 0.0221726 0.022751 0.14317 0.177389 0.193457 0.188411 0.183537 0.186784 0.185154 0.177501 0.145604 5.816283e-02 0.652
N:10 Run:3 0.211327 0.139736 0.0497969 0.0277 0.0192421 0.0144308 0.0117287 0.0152749 0.0156474 0.0140832 0.0143759 0.031954 0.168813 0.186279 0.167704 0.183737 0.160698 0.167739 0.178136 0.208912 0.17745 5.816283e-02 0.652
N:10 Run:4 0.199729 0.173716 0.0576123 0.028318 0.0311248 0.0350549 0.0328494 0.0375303 0.0269547 0.0627499 0.0273388 0.0243334 0.161137 0.176976 0.146899 0.154348 0.185839 0.186143 0.183884 0.171794 0.190359 5.816283e-02 0.652
N:10 Run:5 0.190555 0.163843 0.0503106 0.0337981 0.0282625 0.0243384 0.0193965 0.0280964 0.0137245 0.0423439 0.0221726 0.022751 0.108947 0.181763 0.179697 0.178325 0.185484 0.198618 0.189728 0.149388 0.176987 5.816283e-02 0.652
N:10 Run:6 0.225938 0.182224 0.164102 0.1168 0.0830371 0.133344 0.0779374 0.105225 0.112136 0.0983277 0.140751 0.15519 0.196248 0.182081 0.17704 0.141053 0.162983 0.15138 0.176592 0.154646 0.207233 5.816283e-02 0.652
N:10 Run:7 0.254594 0.177856 0.0266362 0.00413858 0.000836305 0.000464034 0.00043786 0.000421271 0.000417618 0.000421477 0.000436531 0.000419641 0.0962792 0.175719 0.170373 0.190679 0.171722 0.159678 0.155852 0.196248 0.188029 5.816283e-02 0.652
N:10 Run:8 0.148222 0.201286 0.127907 0.0973711 0.109267 0.127938 0.0987387 0.0666057 0.116897 0.130941 0.110753 0.106769 0.193122 0.188825 0.17537 0.192749 0.192345 0.149885 0.19299 0.14428 0.144379 5.816283e-02 0.652
N:10 Run:9 0.14488 0.185505 0.181225 0.16852 0.163903 0.149897 0.190809 0.191215 0.183706 0.182656 0.161124 0.169697 0.173824 0.160852 0.178921 0.123973 0.145117 0.175011 0.175052 0.209429 0.172171 5.816283e-02 0.652
N:11 Run:0 0.199461 0.166378 0.172981 0.180532 0.201544 0.161125 0.162059 0.188057 0.203798 0.188132 0.175687 0.178603 0.140395 0.168268 0.186554 0.175008 0.160152 0.164908 0.157089 0.175645 0.196609 6.042757e-02 0.696
N:11 Run:1 0.199729 0.173716 0.0576123 0.028318 0.0311248 0.0350549 0.0328494 0.0375303 0.0269547 0.0627499 0.0273388 0.0243334 0.155985 0.166405 0.195373 0.14711 0.173838 0.190983 0.151362 0.135989 0.165391 6.042757e-02 0.696
N:11 Run:2 0.190555 0.163843 0.0503106 0.0337981 0.0282625 0.0243384 0.0193965 0.0280964 0.0137245 0.0423439 0.0221726 0.022751 0.14317 0.177389 0.193457 0.188411 0.183537 0.186784 0.185154 0.177501 0.145604 6.042757e-02 0.696
N:11 Run:3 0.211327 0.139736 0.0497969 0.0277 0.0192421 0.0144308 0.0117287 0.0152749 0.0156474 0.0140832 0.0143759 0.031954 0.168813 0.186279 0.167704 0.183737 0.160698 0.167739 0.178136 0.208912 0.17745 6.042757e-02 0.696
N:11 Run:4 0.199729 0.173716 0.0576123 0.028318 0.0311248 0.0350549 0.0328494 0.0375303 0.0269547 0.0627499 0.0273388 0.0243334 0.161137 0.176976 0.146899 0.154348 0.185839 0.186143 0.183884 0.171794 0.190359 6.042757e-02 0.696
N:11 Run:5 0.190555 0.163843 0.0503106 0.0337981 0.0282625 0.0243384 0.0193965 0.0280964 0.0137245 0.0423439 0.0221726 0.022751 0.108947 0.181763 0.179697 0.178325 0.185484 0.198618 0.189728 0.149388 0.176987 6.042757e-02 0.696
N:11 Run:6 0.225938 0.182224 0.164102 0.1168 0.0830371 0.133344 0.0779374 0.105225 0.112136 0.0983277 0.140751 0.15519 0.196248 0.182081 0.17704 0.141053 0.162983 0.15138 0.176592 0.154646 0.207233 6.042757e-02 0.696
N:11 Run:7 0.254594 0.177856 0.0266362 0.00413858 0.000836305 0.000464034 0.00043786 0.000421271 0.000417618 0.000421477 0.000436531 0.000419641 0.0962792 0.175719 0.170373 0.190679 0.171722 0.159678 0.155852 0.196248 0.188029 6.042757e-02 0.696
N:11 Run:8 0.148222 0.201286 0.127907 0.0973711 0.109267 0.127938 0.0987387 0.0666057 0.116897 0.130941 0.110753 0.106769 0.193122 0.188825 0.17537 0.192749 0.192345 0.149885 0.19299 0.14428 0.144379 6.042757e-02 0.696
N:11 Run:9 0.14488 0.185505 0.181225 0.16852 0.163903 0.149897 0.190809 0.191215 0.183706 0.182656 0.161124 0.169697 0.173824 0.160852 0.178921 0.123973 0.145117 0.175011 0.175052 0.209429 0.172171 6.042757e-02 0.696
N:12 Run:0 0.199461 0.166378 0.172981 0.180532 0.201544 0.161125 0.162059 0.188057 0.203798 0.188132 0.175687 0.178603 0.140395 0.168268 0.186554 0.175008 0.160152 0.164908 0.157089 0.175645 0.196609 5.962462e-02 0.685
N:12 Run:1 0.199729 0.173716 0.0576123 0.028318 0.0311248 0.0350549 0.0328494 0.0375303 0.0269547 0.0627499 0.0273388 0.0243334 0.155985 0.166405 0.195373 0.14711 0.173838 0.190983 0.151362 0.135989 0.165391 5.962462e-02 0.685
N:12 Run:2 0.190555 0.163843 0.0503106 0.0337981 0.0282625 0.0243384 0.0193965 0.0280964 0.0137245 0.0423439 0.0221726 0.022751 0.14317 0.177389 0.193457 0.188411 0.183537 0.186784 0.185154 0.177501 0.145604 5.962462e-02 0.685
N:12 Run:3 0.211327 0.139736 0.0497969 0.0277 0.0192421 0.0144308 0.0117287 0.0152749 0.0156474 0.0140832 0.0143759 0.031954 0.168813 0.186279 0.167704 0.183737 0.160698 0.167739 0.178136 0.208912 0.17745 5.962462e-02 0.685
N:12 Run:4 0.199729 0.173716 0.0576123 0.028318 0.0311248 0.0350549 0.0328494 0.0375303 0.0269547 0.0627499 0.0273388 0.0243334 0.161137 0.176976 0.146899 0.154348 0.185839 0.186143 0.183884 0.171794 0.190359 5.962462e-02 0.685
N:12 Run:5 0.190555 0.163843 0.0503106 0.0337981 0.0282625 0.0243384 0.0193965 0.0280964 0.0137245 0.0423439 0.0221726 0.022751 0.108947 0.181763 0.179697 0.178325 0.185484 0.198618 0.189728 0.149388 0.176987 5.962462e-02 0.685
N:12 Run:6 0.225938 0.182224 0.164102 0.1168 0.0830371 0.133344 0.0779374 0.105225 0.112136 0.0983277 0.140751 0.15519 0.196248 0.182081 0.17704 0.141053 0.162983 0.15138 0.176592 0.154646 0.207233 5.962462e-02 0.685
N:12 Run:7 0.254594 0.177856 0.0266362 0.00413858 0.000836305 0.000464034 0.00043786 0.000421271 0.000417618 0.000421477 0.000436531 0.000419641 0.0962792 0.175719 0.170373 0.190679 0.171722 0.159678 0.155852 0.196248 0.188029 5.962462e-02 0.685
N:12 Run:8 0.148222 0.201286 0.127907 0.0973711 0.109267 0.127938 0.0987387 0.0666057 0.116897 0.130941 0.110753 0.106769 0.193122 0.188825 0.17537 0.192749 0.192345 0.149885 0.19299 0.14428 0.144379 5.962462e-02 0.685
N:12 Run:9 0.14488 0.185505 0.181225 0.16852 0.163903 0.149897 0.190809 0.191215 0.183706 0.182656 0.161124 0.169697 0.173824 0.160852 0.178921 0.123973 0.145117 0.175011 0.175052 0.209429 0.172171 5.962462e-02 0.685
N:13 Run:0 0.199461 0.166378 0.172981 0.180532 0.201544 0.161125 0.162059 0.188057 0.203798 0.188132 0.175687 0.178603 0.140395 0.168268 0.186554 0.175008 0.160152 0.164908 0.157089 0.175645 0.196609 6.156820e-02 0.637
N:13 Run:1 0.199729 0.173716 0.0576123 0.028318 0.0311248 0.0350549 0.0328494 0.0375303 0.0269547 0.0627499 0.0273388 0.0243334 0.155985 0.166405 0.195373 0.14711 0.173838 0.190983 0.151362 0.135989 0.165391 6.156820e-02 0.637
N:13 Run:2 0.190555 0.163843 0.0503106 0.0337981 0.0282625 0.0243384 0.0193965 0.0280964 0.0137245 0.0423439 0.0221726 0.022751 0.14317 0.177389 0.193457 0.188411 0.183537 0.186784 0.185154 0.177501 0.145604 6.156820e-02 0.637
N:13 Run:3 0.211327 0.139736 0.0497969 0.0277 0.0192421 0.0144308 0.0117287 0.0152749 0.0156474 0.0140832 0.0143759 0.031954 0.168813 0.186279 0.167704 0.183737 0.160698 0.167739 0.178136 0.208912 0.17745 6.156820e-02 0.637
N:13 Run:4 0.199729 0.173716 0.0576123 0.028318 0.0311248 0.0350549 0.0328494 0.0375303 0.0269547 0.0627499 0.0273388 0.0243334 0.161137 0.176976 0.146899 0.154348 0.185839 0.186143 0.183884 0.171794 0.190359 6.156820e-02 0.637
N:13 Run:5 0.190555 0.163843 0.0503106 0.0337981 0.0282625 0.0243384 0.0193965 0.0280964 0.0137245 0.0423439 0.0221726 0.022751 0.108947 0.181763 0.179697 0.178325 0.185484 0.198618 0.189728 0.149388 0.176987 6.156820e-02 0.637
N:13 Run:6 0.225938 0.182224 0.164102 0.1168 0.0830371 0.133344 0.0779374 0.105225 0.112136 0.0983277 0.140751 0.15519 0.196248 0.182081 0.17704 0.141053 0.162983 0.15138 0.176592 0.154646 0.207233 6.156820e-02 0.637
N:13 Run:7 0.254594 0.177856 0.0266362 0.00413858 0.000836305 0.000464034 0.00043786 0.000421271 0.000417618 0.000421477 0.000436531 0.000419641 0.0962792 0.175719 0.170373 0.190679 0.171722 0.159678 0.155852 0.196248 0.188029 6.156820e-02 0.637
N:13 Run:8 0.148222 0.201286 0.127907 0.0973711 0.109267 0.127938 0.0987387 0.0666057 0.116897 0.130941 0.110753 0.106769 0.193122 0.188825 0.17537 0.192749 0.192345 0.149885 0.19299 0.14428 0.144379 6.156820e-02 0.637
N:13 Run:9 0.14488 0.185505 0.181225 0.16852 0.163903 0.149897 0.190809 0.191215 0.183706 0.182656 0.161124 0.169697 0.173824 0.160852 0.178921 0.123973 0.145117 0.175011 0.175052 0.209429 0.172171 6.156820e-02 0.637
N:14 Run:0 0.199461 0.166378 0.172981 0.180532 0.201544 0.161125 0.162059 0.188057 0.203798 0.188132 0.175687 0.178603 0.140395 0.168268 0.186554 0.175008 0.160152 0.164908 0.157089 0.175645 0.196609 6.224230e-02 0.692
N:14 Run:1 0.199729 0.173716 0.0576123 0.028318 0.0311248 0.0350549 0.0328494 0.0375303 0.0269547 0.0627499 0.0273388 0.0243334 0.155985 0.166405 0.195373 0.14711 0.173838 0.190983 0.151362 0.135989 0.165391 6.224230e-02 0.692
N:14 Run:2 0.190555 0.163843 0.0503106 0.0337981 0.0282625 0.0243384 0.0193965 0.0280964 0.0137245 0.0423439 0.0221726 0.022751 0.14317 0.177389 0.193457 0.188411 0.183537 0.186784 0.185154 0.177501 0.145604 6.224230e-02 0.692
N:14 Run:3 0.211327 0.139736 0.0497969 0.0277 0.0192421 0.0144308 0.0117287 0.0152749 0.0156474 0.0140832 0.0143759 0.031954 0.168813 0.186279 0.167704 0.183737 0.160698 0.167739 0.178136 0.208912 0.17745 6.224230e-02 0.692
N:14 Run:4 0.199729 0.173716 0.0576123 0.028318 0.0311248 0.0350549 0.0328494 0.0375303 0.0269547 0.0627499 0.0273388 0.0243334 0.161137 0.176976 0.146899 0.154348 0.185839 0.186143 0.183884 0.171794 0.190359 6.224230e-02 0.692
N:14 Run:5 0.190555 0.163843 0.0503106 0.0337981 0.0282625 0.0243384 0.0193965 0.0280964 0.0137245 0.0423439 0.0221726 0.022751 0.108947 0.181763 0.179697 0.178325 0.185484 0.198618 0.189728 0.149388 0.176987 6.224230e-02 0.692
N:14 Run:6 0.225938 0.182224 0.164102 0.1168 0.0830371 0.133344 0.0779374 0.105225 0.112136 0.0983277 0.140751 0.15519 0.196248 0.182081 0.17704 0.141053 0.162983 0.15138 0.176592 0.154646 0.207233 6.224230e-02 0.692
N:14 Run:7 0.254594 0.177856 0.0266362 0.00413858 0.000836305 0.000464034 0.00043786 0.000421271 0.000417618 0.000421477 0.000436531 0.000419641 0.0962792 0.175719 0.170373 0.190679 0.171722 0.159678 0.155852 0.196248 0.188029 6.224230e-02 0.692
N:14 Run:8 0.148222 0.201286 0.127907 0.0973711 0.109267 0.127938 0.0987387 0.0666057 0.116897 0.130941 0.110753 0.106769 0.193122 0.188825 0.17537 0.192749 0.192345 0.149885 0.19299 0.14428 0.144379 6.224230e-02 0.692
N:14 Run:9 0.14488 0.185505 0.181225 0.16852 0.163903 0.149897 0.190809 0.191215 0.183706 0.182656 0.161124 0.169697 0.173824 0.160852 0.178921 0.123973 0.145117 0.175011 0.175052 0.209429 0.172171 6.224230e-02 0.692
N:15 Run:0 0.199461 0.166378 0.172981 0.180532 0.201544 0.161125 0.162059 0.188057 0.203798 0.188132 0.175687 0.178603 0.140395 0.168268 0.186554 0.175008 0.160152 0.164908 0.157089 0.175645 0.196609 5.897227e-02 0.633
N:15 Run:1 0.199729 0.173716 0.0576123 0.028318 0.0311248 0.0350549 0.0328494 0.0375303 0.0269547 0.0627499 0.0273388 0.0243334 0.155985 0.166405 0.195373 0.14711 0.173838 0.190983 0.151362 0.135989 0.165391 5.897227e-02 0.633
N:15 Run:2 0.190555 0.163843 0.0503106 0.0337981 0.0282625 0.0243384 0.0193965 0.0280964 0.0137245 0.0423439 0.0221726 0.022751 0.14317 0.177389 0.193457 0.188411 0.183537 0.186784 0.185154 0.177501 0.145604 5.897227e-02 0.633
N:15 Run:3 0.211327 0.139736 0.0497969 0.0277 0.0192421 0.0144308 0.0117287 0.0152749 0.0156474 0.0140832 0.0143759 0.031954 0.168813 0.186279 0.167704 0.183737 0.160698 0.167739 0.178136 0.208912 0.17745 5.897227e-02 0.633
N:15 Run:4 0.199729 0.173716 0.0576123 0.028318 0.0311248 0.0350549 0.0328494 0.0375303 0.0269547 0.0627499 0.0273388 0.0243334 0.161137 0.176976 0.146899 0.154348 0.185839 0.186143 0.183884 0.171794 0.190359 5.897227e-02 0.633
N:15 Run:5 0.190555 0.163843 0.0503106 0.0337981 0.0282625 0.0243384 0.0193965 0.0280964 0.0137245 0.0423439 0.0221726 0.022751 0.108947 0.181763 0.179697 0.178325 0.185484 0.198618 0.189728 0.149388 0.176987 5.897227e-02 0.633
N:15 Run:6 0.225938 0.182224 0.164102 0.1168 0.0830371 0.133344 0.0779374 0.105225 0.112136 0.0983277 0.140751 0.15519 0.196248 0.182081 0.17704 0.141053 0.162983 0.15138 0.176592 0.154646 0.207233 5.897227e-02 0.633
N:15 Run:7 0.254594 0.177856 0.0266362 0.00413858 0.000836305 0.000464034 0.00043786 0.000421271 0.000417618 0.000421477 0.000436531 0.000419641 0.0962792 0.175719 0.170373 0.190679 0.171722 0.159678 0.155852 0.196248 0.188029 5.897227e-02 0.633
N:15 Run:8 0.148222 0.201286 0.127907 0.0973711 0.109267 0.127938 0.0987387 0.0666057 0.116897 0.130941 0.110753 0.106769 0.193122 0.188825 0.17537 0.192749 0.192345 0.149885 0.19299 0.14428 0.144379 5.897227e-02 0.633
N:15 Run:9 0.14488 0.185505 0.181225 0.16852 0.163903 0.149897 0.190809 0.191215 0.183706 0.182656 0.161124 0.169697 0.173824 0.160852 0.178921 0.123973 0.145117 0.175011 0.175052 0.209429 0.172171 5.897227e-02 0.633
N:16 Run:0 0.199461 0.166378 0.172981 0.180532 0.201544 0.161125 0.162059 0.188057 0.203798 0.188132 0.175687 0.178603 0.140395 0.168268 0.186554 0.175008 0.160152 0.164908 0.157089 0.175645 0.196609 5.891435e-02 0.677
N:16 Run:1 0.199729 0.173716 0.0576123 0.028318 0.0311248 0.0350549 0.0328494 0.0375303 0.0269547 0.0627499 0.0273388 0.0243334 0.155985 0.166405 0.195373 0.14711 0.173838 0.190983 0.151362 0.135989 0.165391 5.891435e-02 0.677
N:16 Run:2 0.190555 0.163843 0.0503106 0.0337981 0.0282625 0.0243384 0.0193965 0.0280964 0.0137245 0.0423439 0.0221726 0.022751 0.14317 0.177389 0.193457 0.188411 0.183537 0.186784 0.185154 0.177501 0.145604 5.891435e-02 0.677
N:16 Run:3 0.211327 0.139736 0.0497969 0.0277 0.0192421 0.0144308 0.0117287 0.0152749 0.0156474 0.0140832 0.0143759 0.031954 0.168813 0.186279 0.167704 0.183737 0.160698 0.167739 0.178136 0.208912 0.17745 5.891435e-02 0.677
N:16 Run:4 0.199729 0.173716 0.0576123 0.028318 0.0311248 0.0350549 0.0328494 0.0375303 0.0269547 0.0627499 0.0273388 0.0243334 0.161137 0.176976 0.146899 0.154348 0.185839 0.186143 0.183884 0.171794 0.190359 5.891435e-02 0.677
N:16 Run:5 0.190555 0.163843 0.0503106 0.0337981 0.0282625 0.0243384 0.0193965 0.0280964 0.0137245 0.0423439 0.0221726 0.022751 0.108947 0.181763 0.179697 0.178325 0.185484 0.198618 0.189728 0.149388 0.176987 5.891435e-02 0.677
N:16 Run:6 0.225938 0.182224 0.164102 0.1168 0.0830371 0.133344 0.0779374 0.105225 0.112136 0.0983277 0.140751 0.15519 0.196248 0.182081 0.17704 0.141053 0.162983 0.15138 0.176592 0.154646 0.207233 5.891435e-02 0.677
N:16 Run:7 0.254594 0.177856 0.0266362 0.00413858 0.000836305 0.000464034 0.00043786 0.000421271 0.000417618 0.000421477 0.000436531 0.000419641 0.0962792 0.175719 0.170373 0.190679 0.171722 0.159678 0.155852 0.196248 0.188029 5.891435e-02 0.677
N:16 Run:8 0.148222 0.201286 0.127907 0.0973711 0.109267 0.127938 0.0987387 0.0666057 0.116897 0.130941 0.110753 0.106769 0.193122 0.188825 0.17537 0.192749 0.192345 0.149885 0.19299 0.14428 0.144379 5.891435e-02 0.677
N:16 Run:9 0.14488 0.185505 0.181225 0.16852 0.163903 0.149897 0.190809 0.191215 0.183706 0.182656 0.161124 0.169697 0.173824 0.160852 0.178921 0.123973 0.145117 0.175011 0.175052 0.209429 0.172171 5.891435e-02 0.677
N:17 Run:0 0.199461 0.172163 0.176112 0.17666 0.187516 0.163194 0.166883 0.183742 0.193688 0.183826 0.174683 0.174507 0.143426 0.165849 0.184466 0.178015 0.161807 0.168679 0.161973 0.173959 0.18867 5.567847e-02 0.646
N:17 Run:1 0.199729 0.175647 0.0605497 0.0279915 0.0296264 0.0365844 0.0327135 0.0352377 0.0256308 0.0655571 0.0228973 0.0231503 0.148074 0.168222 0.189359 0.151388 0.17353 0.182739 0.155732 0.146277 0.171711 5.567847e-02 0.646
N:17 Run:2 0.190555 0.165958 0.0568571 0.040242 0.0331417 0.0301148 0.0235279 0.0344516 0.0163132 0.0479465 0.0252262 0.0266351 0.13859 0.172284 0.187987 0.1828 0.181208 0.185321 0.181845 0.171502 0.147825 5.567847e-02 0.646
N:17 Run:3 0.211327 0.144478 0.0410123 0.0167662 0.00904103 0.0056987 0.00429454 0.00609703 0.0063168 0.00569074 0.00593654 0.0189436 0.16835 0.183544 0.169576 0.177177 0.161229 0.169342 0.176291 0.193157 0.169785 5.567847e-02 0.646
N:17 Run:4 0.199729 0.175647 0.0605497 0.0279915 0.0296264 0.0365844 0.0327135 0.0352377 0.0256308 0.0655571 0.0228973 0.0231503 0.156834 0.172733 0.1522 0.160281 0.181128 0.183272 0.178196 0.169356 0.185083 5.567847e-02 0.646
N:17 Run:5 0.190555 0.165958 0.0568571 0.040242 0.0331417 0.0301148 0.0235279 0.0344516 0.0163132 0.0479465 0.0252262 0.0266351 0.11609 0.176394 0.171264 0.177112 0.181297 0.185749 0.182576 0.157163 0.179821 5.567847e-02 0.646
N:17 Run:6 0.225938 0.17738 0.159885 0.123446 0.0860409 0.140488 0.0838923 0.114372 0.118861 0.110518 0.140454 0.15456 0.186882 0.181491 0.171592 0.147654 0.161156 0.156921 0.17666 0.156267 0.197735 5.567847e-02 0.646
N:17 Run:7 0.254594 0.180651 0.0281099 0.00466114 0.00106035 0.000653969 0.000626236 0.000607451 0.000603176 0.00060782 0.000623928 0.000605374 0.100314 0.165889 0.170946 0.1833 0.168591 0.163867 0.162246 0.186024 0.184626 5.567847e-02 0.646
N:17 Run:8 0.148222 0.186363 0.134737 0.109515 0.119575 0.136461 0.110406 0.0761285 0.123371 0.138956 0.121552 0.116248 0.181571 0.182375 0.175899 0.189697 0.18668 0.155472 0.186104 0.153004 0.150827 5.567847e-02 0.646
N:17 Run:9 0.14488 0.183179 0.177728 0.170558 0.165247 0.150828 0.184313 0.180747 0.183957 0.179256 0.160505 0.167336 0.167764 0.166228 0.17985 0.134896 0.148276 0.173336 0.177216 0.198554 0.175985 5.567847e-02 0.646
N:18 Run:0 0.199461 0.172163 0.176112 0.17666 0.187516 0.163194 0.166883 0.183742 0.193688 0.183826 0.174683 0.174507 0.143426 0.165849 0.184466 0.178015 0.161807 0.168679 0.161973 0.173959 0.18867 5.948861e-02 0.669
N:18 Run:1 0.199729 0.175647 0.0605497 0.0279915 0.0296264 0.0365844 0.0327135 0.0352377 0.0256308 0.0655571 0.0228973 0.0231503 0.148074 0.168222 0.189359 0.151388 0.17353 0.182739 0.155732 0.146277 0.171711 5.948861e-02 0.669
N:18 Run:2 0.190555 0.165958 0.0568571 0.040242 0.0331417 0.0301148 0.0235279 0.0344516 0.0163132 0.0479465 0.0252262 0.0266351 0.13859 0.172284 0.187987 0.1828 0.181208 0.185321 0.181845 0.171502 0.147825 5.948861e-02 0.669
N:18 Run:3 0.211327 0.144478 0.0410123 0.0167662 0.00904103 0.0056987 0.00429454 0.00609703 0.0063168 0.00569074 0.00593654 0.0189436 0.16835 0.183544 0.169576 0.177177 0.161229 0.169342 0.176291 0.193157 0.169785 5.948861e-02 0.669
N:18 Run:4 0.199729 0.175647 0.0605497 0.0279915 0.0296264 0.0365844 0.0327135 0.0352377 0.0256308 0.0655571 0.0228973 0.0231503 0.156834 0.172733 0.1522 0.160281 0.181128 0.183272 0.178196 0.169356 0.185083 5.948861e-02 0.669
N:18 Run:5 0.190555 0.165958 0.0568571 0.040242 0.0331417 0.0301148 0.0235279 0.0344516 0.0163132 0.0479465 0.0252262 0.0266351 0.11609 0.176394 0.171264 0.177112 0.181297 0.185749 0.182576 0.157163 0.179821 5.948861e-02 0.669
N:18 Run:6 0.225938 0.17738 0.159885 0.123446 0.0860409 0.140488 0.0838923 0.114372 0.118861 0.110518 0.140454 0.15456 0.186882 0.181491 0.171592 0.147654 0.161156 0.156921 0.17666 0.156267 0.197735 5.948861e-02 0.669
N:18 Run:7 0.254594 0.180651 0.0281099 0.00466114 0.00106035 0.000653969 0.000626236 0.000607451 0.000603176 0.00060782 0.000623928 0.000605374 0.100314 0.165889 0.170946 0.1833 0.168591 0.163867 0.162246 0.186024 0.184626 5.948861e-02 0.669
N:18 Run:8 0.148222 0.186363 0.134737 0.109515 0.119575 0.136461 0.110406 0.0761285 0.123371 0.138956 0.121552 0.116248 0.181571 0.182375 0.175899 0.189697 0.18668 0.155472 0.186104 0.153004 0.150827 5.948861e-02 0.669
N:18 Run:9 0.14488 0.183179 0.177728 0.170558 0.165247 0.150828 0.184313 0.180747 0.183957 0.179256 0.160505 0.167336 0.167764 0.166228 0.17985 0.134896 0.148276 0.173336 0.177216 0.198554 0.175985 5.948861e-02 0.669
N:19 Run:0 0.199461 0.172163 0.176112 0.17666 0.187516 0.163194 0.166883 0.183742 0.193688 0.183826 0.174683 0.174507 0.143426 0.165849 0.184466 0.178015 0.161807 0.168679 0.161973 0.173959 0.18867 6.067473e-02 0.643
N:19 Run:1 0.199729 0.175647 0.0605497 0.0279915 0.0296264 0.0365844 0.0327135 0.0352377 0.0256308 0.0655571 0.0228973 0.0231503 0.148074 0.168222 0.189359 0.151388 0.17353 0.182739 0.155732 0.146277 0.171711 6.067473e-02 0.643
N:19 Run:2 0.190555 0.165958 0.0568571 0.040242 0.0331417 0.0301148 0.0235279 0.0344516 0.0163132 0.0479465 0.0252262 0.0266351 0.13859 0.172284 0.187987 0.1828 0.181208 0.185321 0.181845 0.171502 0.147825 6.067473e-02 0.643
N:19 Run:3 0.211327 0.144478 0.0410123 0.0167662 0.00904103 0.0056987 0.00429454 0.00609703 0.0063168 0.00569074 0.00593654 0.0189436 0.16835 0.183544 0.169576 0.177177 0.161229 0.169342 0.176291 0.193157 0.169785 6.067473e-02 0.643
N:19 Run:4 0.199729 0.175647 0.0605497 0.0279915 0.0296264 0.0365844 0.0327135 0.0352377 0.0256308 0.0655571 0.0228973 0.0231503 0.156834 0.172733 0.1522 0.160281 0.181128 0.183272 0.178196 0.169356 0.185083 6.067473e-02 0.643
N:19 Run:5 0.190555 0.165958 0.0568571 0.040242 0.0331417 0.0301148 0.0235279 0.0344516 0.0163132 0.0479465 0.0252262 0.0266351 0.11609 0.176394 0.171264 0.177112 0.181297 0.185749 0.182576 0.157163 0.179821 6.067473e-02 0.643
N:19 Run:6 0.225938 0.17738 0.159885 0.123446 0.0860409 0.140488 0.0838923 0.114372 0.118861 0.110518 0.140454 0.15456 0.186882 0.181491 0.171592 0.147654 0.161156 0.156921 0.17666 0.156267 0.197735 6.067473e-02 0.643
N:19 Run:7 0.254594 0.180651 0.0281099 0.00466114 0.00106035 0.000653969 0.000626236 0.000607451 0.000603176 0.00060782 0.000623928 0.000605374 0.100314 0.165889 0.170946 0.1833 0.168591 0.163867 0.162246 0.186024 0.184626 6.067473e-02 0.643
N:19 Run:8 0.148222 0.186363 0.134737 0.109515 0.119575 0.136461 0.110406 0.0761285 0.123371 0.138956 0.121552 0.116248 0.181571 0.182375 0.175899 0.189697 0.18668 0.155472 0.186104 0.153004 0.150827 6.067473e-02 0.643
N:19 Run:9 0.14488 0.183179 0.177728 0.170558 0.165247 0.150828 0.184313 0.180747 0.183957 0.179256 0.160505 0.167336 0.167764 0.166228 0.17985 0.134896 0.148276 0.173336 0.177216 0.198554 0.175985 6.067473e-02 0.643
N:20 Run:0 0.199461 0.172163 0.176112 0.17666 0.187516 0.163194 0.166883 0.183742 0.193688 0.183826 0.174683 0.174507 0.143426 0.165849 0.184466 0.178015 0.161807 0.168679 0.161973 0.173959 0.18867 5.939826e-02 0.662
N:20 Run:1 0.199729 0.175647 0.0605497 0.0279915 0.0296264 0.0365844 0.0327135 0.0352377 0.0256308 0.0655571 0.0228973 0.0231503 0.148074 0.168222 0.189359 0.151388 0.17353 0.182739 0.155732 0.146277 0.171711 5.939826e-02 0.662
N:20 Run:2 0.190555 0.165958 0.0568571 0.040242 0.0331417 0.0301148 0.0235279 0.0344516 0.0163132 0.0479465 0.0252262 0.0266351 0.13859 0.172284 0.187987 0.1828 0.181208 0.185321 0.181845 0.171502 0.147825 5.939826e-02 0.662
N:20 Run:3 0.211327 0.144478 0.0410123 0.0167662 0.00904103 0.0056987 0.00429454 0.00609703 0.0063168 0.00569074 0.00593654 0.0189436 0.16835 0.183544 0.169576 0.177177 0.161229 0.169342 0.176291 0.193157 0.169785 5.939826e-02 0.662
N:20 Run:4 0.199729 0.175647 0.0605497 0.0279915 0.0296264 0.0365844 0.0327135 0.0352377 0.0256308 0.0655571 0.0228973 0.0231503 0.156834 0.172733 0.1522 0.160281 0.181128 0.183272 0.178196 0.169356 0.185083 5.939826e-02 0.662
N:20 Run:5 0.190555 0.165958 0.0568571 0.040242 0.0331417 0.0301148 0.0235279 0.0344516 0.0163132 0.0479465 0.0252262 0.0266351 0.11609 0.176394 0.171264 0.177112 0.181297 0.185749 0.182576 0.157163 0.179821 5.939826e-02 0.662
N:20 Run:6 0.225938 0.17738 0.159885 0.123446 0.0860409 0.140488 0.0838923 0.114372 0.118861 0.110518 0.140454 0.15456 0.186882 0.181491 0.171592 0.147654 0.161156 0.156921 0.17666 0.156267 0.197735 5.939826e-02 0.662
N:20 Run:7 0.254594 0.180651 0.0281099 0.00466114 0.00106035 0.000653969 0.000626236 0.000607451 0.000603176 0.00060782 0.000623928 0.000605374 0.100314 0.165889 0.170946 0.1833 0.168591 0.163867 0.162246 0.186024 0.184626 5.939826e-02 0.662
N:20 Run:8 0.148222 0.186363 0.134737 0.109515 0.119575 0.136461 0.110406 0.0761285 0.123371 0.138956 0.121552 0.116248 0.181571 0.182375 0.175899 0.189697 0.18668 0.155472 0.186104 0.153004 0.150827 5.939826e-02 0.662
N:20 Run:9 0.14488 0.183179 0.177728 0.170558 0.165247 0.150828 0.184313 0.180747 0.183957 0.179256 0.160505 0.167336 0.167764 0.166228 0.17985 0.134896 0.148276 0.173336 0.177216 0.198554 0.175985 5.939826e-02 0.662
N:21 Run:0 0.199461 0.172163 0.176112 0.17666 0.187516 0.163194 0.166883 0.183742 0.193688 0.183826 0.174683 0.174507 0.143426 0.165849 0.184466 0.178015 0.161807 0.168679 0.161973 0.173959 0.18867 5.849117e-02 0.663
N:21 Run:1 0.199729 0.175647 0.0605497 0.0279915 0.0296264 0.0365844 0.0327135 0.0352377 0.0256308 0.0655571 0.0228973 0.0231503 0.148074 0.168222 0.189359 0.151388 0.17353 0.182739 0.155732 0.146277 0.171711 5.849117e-02 0.663
N:21 Run:2 0.190555 0.165958 0.0568571 0.040242 0.0331417 0.0301148 0.0235279 0.0344516 0.0163132 0.0479465 0.0252262 0.0266351 0.13859 0.172284 0.187987 0.1828 0.181208 0.185321 0.181845 0.171502 0.147825 5.849117e-02 0.663
N:21 Run:3 0.211327 0.144478 0.0410123 0.0167662 0.00904103 0.0056987 0.00429454 0.00609703 0.0063168 0.00569074 0.00593654 0.0189436 0.16835 0.183544 0.169576 0.177177 0.161229 0.169342 0.176291 0.193157 0.169785 5.849117e-02 0.663
N:21 Run:4 0.199729 0.175647 0.0605497 0.0279915 0.0296264 0.0365844 0.0327135 0.0352377 0.0256308 0.0655571 0.0228973 0.0231503 0.156834 0.172733 0.1522 0.160281 0.181128 0.183272 0.178196 0.169356 0.185083 5.849117e-02 0.663
N:21 Run:5 0.190555 0.165958 0.0568571 0.040242 0.0331417 0.0301148 0.0235279 0.0344516 0.0163132 0.0479465 0.0252262 0.0266351 0.11609 0.176394 0.171264 0.177112 0.181297 0.185749 0.182576 0.157163 0.179821 5.849117e-02 0.663
N:21 Run:6 0.225938 0.17738 0.159885 0.123446 0.0860409 0.140488 0.0838923 0.114372 0.118861 0.110518 0.140454 0.15456 0.186882 0.181491 0.171592 0.147654 0.161156 0.156921 0.17666 0.156267 0.197735 5.849117e-02 0.663
N:21 Run:7 0.254594 0.180651 0.0281099 0.00466114 0.00106035 0.000653969 0.000626236 0.000607451 0.000603176 0.00060782 0.000623928 0.000605374 0.100314 0.165889 0.170946 0.1833 0.168591 0.163867 0.162246 0.186024 0.184626 5.849117e-02 0.663
N:21 Run:8 0.148222 0.186363 0.134737 0.109515 0.119575 0.136461 0.110406 0.0761285 0.123371 0.138956 0.121552 0.116248 0.181571 0.182375 0.175899 0.189697 0.18668 0.155472 0.186104 0.153004 0.150827 5.849117e-02 0.663
N:21 Run:9 0.14488 0.183179 0.177728 0.170558 0.165247 0.150828 0.184313 0.180747 0.183957 0.179256 0.160505 0.167336 0.167764 0.166228 0.17985 0.134896 0.148276 0.173336 0.177216 0.198554 0.175985 5.849117e-02 0.663
N:22 Run:0 0.199461 0.172163 0.176112 0.17666 0.187516 0.163194 0.166883 0.183742 0.193688 0.183826 0.174683 0.174507 0.143426 0.165849 0.184466 0.178015 0.161807 0.168679 0.161973 0.173959 0.18867 6.151038e-02 0.660
N:22 Run:1 0.199729 0.175647 0.0605497 0.0279915 0.0296264 0.0365844 0.0327135 0.0352377 0.0256308 0.0655571 0.0228973 0.0231503 0.148074 0.168222 0.189359 0.151388 0.17353 0.182739 0.155732 0.146277 0.171711 6.151038e-02 0.660
N:22 Run:2 0.190555 0.165958 0.0568571 0.040242 0.0331417 0.0301148 0.0235279 0.0344516 0.0163132 0.0479465 0.0252262 0.0266351 0.13859 0.172284 0.187987 0.1828 0.181208 0.185321 0.181845 0.171502 0.147825 6.151038e-02 0.660
N:22 Run:3 0.211327 0.144478 0.0410123 0.0167662 0.00904103 0.0056987 0.00429454 0.00609703 0.0063168 0.00569074 0.00593654 0.0189436 0.16835 0.183544 0.169576 0.177177 0.161229 0.169342 0.176291 0.193157 0.169785 6.151038e-02 0.660
N:22 Run:4 0.199729 0.175647 0.0605497 0.0279915 0.0296264 0.0365844 0.0327135 0.0352377 0.0256308 0.0655571 0.0228973 0.0231503 0.156834 0.172733 0.1522 0.160281 0.181128 0.183272 0.178196 0.169356 0.185083 6.151038e-02 0.660
N:22 Run:5 0.190555 0.165958 0.0568571 0.040242 0.0331417 0.0301148 0.0235279 0.0344516 0.0163132 0.0479465 0.0252262 0.0266351 0.11609 0.176394 0.171264 0.177112 0.181297 0.185749 0.182576 0.157163 0.179821 6.151038e-02 0.660
N:22 Run:6 0.225938 0.17738 0.159885 0.123446 0.0860409 0.140488 0.0838923 0.114372 0.118861 0.110518 0.140454 0.15456 0.186882 0.181491 0.171592 0.147654 0.161156 0.156921 0.17666 0.156267 0.197735 6.151038e-02 0.660
N:22 Run:7 0.254594 0.180651 0.0281099 0.00466114 0.00106035 0.000653969 0.000626236 0.000607451 0.000603176 0.00060782 0.000623928 0.000605374 0.100314 0.165889 0.170946 0.1833 0.168591 0.163867 0.162246 0.186024 0.184626 6.151038e-02 0.660
N:22 Run:8 0.148222 0.186363 0.134737 0.109515 0.119575 0.136461 0.110406 0.0761285 0.123371 0.138956 0.121552 0.116248 0.181571 0.182375 0.175899 0.189697 0.18668 0.155472 0.186104 0.153004 0.150827 6.151038e-02 0.660
N:22 Run:9 0.14488 0.183179 0.177728 0.170558 0.165247 0.150828 0.184313 0.180747 0.183957 0.179256 0.160505 0.167336 0.167764 0.166228 0.17985 0.134896 0.148276 0.173336 0.177216 0.198554 0.175985 6.151038e-02 0.660
N:23 Run:0 0.199461 0.172163 0.176112 0.17666 0.187516 0.163194 0.166883 0.183742 0.193688 0.183826 0.174683 0.174507 0.143426 0.165849 0.184466 0.178015 0.161807 0.168679 0.161973 0.173959 0.18867 5.978899e-02 0.668
N:23 Run:1 0.199729 0.175647 0.0605497 0.0279915 0.0296264 0.0365844 0.0327135 0.0352377 0.0256308 0.0655571 0.0228973 0.0231503 0.148074 0.168222 0.189359 0.151388 0.17353 0.182739 0.155732 0.146277 0.171711 5.978899e-02 0.668
N:23 Run:2 0.190555 0.165958 0.0568571 0.040242 0.0331417 0.0301148 0.0235279 0.0344516 0.0163132 0.0479465 0.0252262 0.0266351 0.13859 0.172284 0.187987 0.1828 0.181208 0.185321 0.181845 0.171502 0.147825 5.978899e-02 0.668
N:23 Run:3 0.211327 0.144478 0.0410123 0.0167662 0.00904103 0.0056987 0.00429454 0.00609703 0.0063168 0.00569074 0.00593654 0.0189436 0.16835 0.183544 0.169576 0.177177 0.161229 0.169342 0.176291 0.193157 0.169785 5.978899e-02 0.668
N:23 Run:4 0.199729 0.175647 0.0605497 0.0279915 0.0296264 0.0365844 0.0327135 0.0352377 0.0256308 0.0655571 0.0228973 0.0231503 0.156834 0.172733 0.1522 0.160281 0.181128 0.183272 0.178196 0.169356 0.185083 5.978899e-02 0.668
N:23 Run:5 0.190555 0.165958 0.0568571 0.040242 0.0331417 0.0301148 0.0235279 0.0344516 0.0163132 0.0479465 0.0252262 0.0266351 0.11609 0.176394 0.171264 0.177112 0.181297 0.185749 0.182576 0.157163 0.179821 5.978899e-02 0.668
N:23 Run:6 0.225938 0.17738 0.159885 0.123446 0.0860409 0.140488 0.0838923 0.114372 0.118861 0.110518 0.140454 0.15456 0.186882 0.181491 0.171592 0.147654 0.161156 0.156921 0.17666 0.156267 0.197735 5.978899e-02 0.668
N:23 Run:7 0.254594 0.180651 0.0281099 0.00466114 0.00106035 0.000653969 0.000626236 0.000607451 0.000603176 0.00060782 0.000623928 0.000605374 0.100314 0.165889 0.170946 0.1833 0.168591 0.163867 0.162246 0.186024 0.184626 5.978899e-02 0.668
N:23 Run:8 0.148222 0.186363 0.134737 0.109515 0.119575 0.136461 0.110406 0.0761285 0.123371 0.138956 0.121552 0.116248 0.181571 0.182375 0.175899 0.189697 0.18668 0.155472 0.186104 0.153004 0.150827 5.978899e-02 0.668
N:23 Run:9 0.14488 0.183179 0.177728 0.170558 0.165247 0.150828 0.184313 0.180747 0.183957 0.179256 0.160505 0.167336 0.167764 0.166228 0.17985 0.134896 0.148276 0.173336 0.177216 0.198554 0.175985 5.978899e-02 0.668
N:24 Run:0 0.199461 0.172163 0.176112 0.17666 0.187516 0.163194 0.166883 0.183742 0.193688 0.183826 0.174683 0.174507 0.143426 0.165849 0.184466 0.178015 0.161807 0.168679 0.161973 0.173959 0.18867 5.990764e-02 0.664
N:24 Run:1 0.199729 0.175647 0.0605497 0.0279915 0.0296264 0.0365844 0.0327135 0.0352377 0.0256308 0.0655571 0.0228973 0.0231503 0.148074 0.168222 0.189359 0.151388 0.17353 0.182739 0.155732 0.146277 0.171711 5.990764e-02 0.664
N:24 Run:2 0.190555 0.165958 0.0568571 0.040242 0.0331417 0.0301148 0.0235279 0.0344516 0.0163132 0.0479465 0.0252262 0.0266351 0.13859 0.172284 0.187987 0.1828 0.181208 0.185321 0.181845 0.171502 0.147825 5.990764e-02 0.664
N:24 Run:3 0.211327 0.144478 0.0410123 0.0167662 0.00904103 0.0056987 0.00429454 0.00609703 0.0063168 0.00569074 0.00593654 0.0189436 0.16835 0.183544 0.169576 0.177177 0.161229 0.169342 0.176291 0.193157 0.169785 5.990764e-02 0.664
N:24 Run:4 0.199729 0.175647 0.0605497 0.0279915 0.0296264 0.0365844 0.0327135 0.0352377 0.0256308 0.0655571 0.0228973 0.0231503 0.156834 0.172733 0.1522 0.160281 0.181128 0.183272 0.178196 0.169356 0.185083 5.990764e-02 0.664
N:24 Run:5 0.190555 0.165958 0.0568571 0.040242 0.0331417 0.0301148 0.0235279 0.0344516 0.0163132 0.0479465 0.0252262 0.0266351 0.11609 0.176394 0.171264 0.177112 0.181297 0.185749 0.182576 0.157163 0.179821 5.990764e-02 0.664
N:24 Run:6 0.225938 0.17738 0.159885 0.123446 0.0860409 0.140488 0.0838923 0.114372 0.118861 0.110518 0.140454 0.15456 0.186882 0.181491 0.171592 0.147654 0.161156 0.156921 0.17666 0.156267 0.197735 5.990764e-02 0.664
N:24 Run:7 0.254594 0.180651 0.0281099 0.00466114 0.00106035 0.000653969 0.000626236 0.000607451 0.000603176 0.00060782 0.000623928 0.000605374 0.100314 0.165889 0.170946 0.1833 0.168591 0.163867 0.162246 0.186024 0.184626 5.990764e-02 0.664
N:24 Run:8 0.148222 0.186363 0.134737 0.109515 0.119575 0.136461 0.110406 0.0761285 0.123371 0.138956 0.121552 0.116248 0.181571 0.182375 0.175899 0.189697 0.18668 0.155472 0.186104 0.153004 0.150827 5.990764e-02 0.664
N:24 Run:9 0.14488 0.183179 0.177728 0.170558 0.165247 0.150828 0.184313 0.180747 0.183957 0.179256 0.160505 0.167336 0.167764 0.166228 0.17985 0.134896 0.148276 0.173336 0.177216 0.198554 0.175985 5.990764e-02 0.664
N:25 Run:0 0.199461 0.172163 0.176112 0.17666 0.187516 0.163194 0.166883 0.183742 0.193688 0.183826 0.174683 0.174507 0.143426 0.165849 0.184466 0.178015 0.161807 0.168679 0.161973 0.173959 0.18867 5.993874e-02 0.686
N:25 Run:1 0.199729 0.175647 0.0605497 0.0279915 0.0296264 0.0365844 0.0327135 0.0352377 0.0256308 0.0655571 0.0228973 0.0231503 0.148074 0.168222 0.189359 0.151388 0.17353 0.182739 0.155732 0.146277 0.171711 5.993874e-02 0.686
N:25 Run:2 0.190555 0.165958 0.0568571 0.040242 0.0331417 0.0301148 0.0235279 0.0344516 0.0163132 0.0479465 0.0252262 0.0266351 0.13859 0.172284 0.187987 0.1828 0.181208 0.185321 0.181845 0.171502 0.147825 5.993874e-02 0.686
N:25 Run:3 0.211327 0.144478 0.0410123 0.0167662 0.00904103 0.0056987 0.00429454 0.00609703 0.0063168 0.00569074 0.00593654 0.0189436 0.16835 0.183544 0.169576 0.177177 0.161229 0.169342 0.176291 0.193157 0.169785 5.993874e-02 0.686
N:25 Run:4 0.199729 0.175647 0.0605497 0.0279915 0.0296264 0.0365844 0.0327135 0.0352377 0.0256308 0.0655571 0.0228973 0.0231503 0.156834 0.172733 0.1522 0.160281 0.181128 0.183272 0.178196 0.169356 0.185083 5.993874e-02 0.686
N:25 Run:5 0.190555 0.165958 0.0568571 0.040242 0.0331417 0.0301148 0.0235279 0.0344516 0.0163132 0.0479465 0.0252262 0.0266351 0.11609 0.176394 0.171264 0.177112 0.181297 0.185749 0.182576 0.157163 0.179821 5.993874e-02 0.686
N:25 Run:6 0.225938 0.17738 0.159885 0.123446 0.0860409 0.140488 0.0838923 0.114372 0.118861 0.110518 0.140454 0.15456 0.186882 0.181491 0.171592 0.147654 0.161156 0.156921 0.17666 0.156267 0.197735 5.993874e-02 0.686
N:25 Run:7 0.254594 0.180651 0.0281099 0.00466114 0.00106035 0.000653969 0.000626236 0.000607451 0.000603176 0.00060782 0.000623928 0.000605374 0.100314 0.165889 0.170946 0.1833 0.168591 0.163867 0.162246 0.186024 0.184626 5.993874e-02 0.686
N:25 Run:8 0.148222 0.186363 0.134737 0.109515 0.119575 0.136461 0.110406 0.0761285 0.123371 0.138956 0.121552 0.116248 0.181571 0.182375 0.175899 0.189697 0.18668 0.155472 0.186104 0.153004 0.150827 5.993874e-02 0.686
N:25 Run:9 0.14488 0.183179 0.177728 0.170558 0.165247 0.150828 0.184313 0.180747 0.183957 0.179256 0.160505 0.167336 0.167764 0.166228 0.17985 0.134896 0.148276 0.173336 0.177216 0.198554 0.175985 5.993874e-02 0.686
N:26 Run:0 0.199461 0.172163 0.176112 0.17666 0.187516 0.163194 0.166883 0.183742 0.193688 0.183826 0.174683 0.174507 0.143426 0.165849 0.184466 0.178015 0.161807 0.168679 0.161973 0.173959 0.18867 5.733645e-02 0.667
N:26 Run:1 0.199729 0.175647 0.0605497 0.0279915 0.0296264 0.0365844 0.0327135 0.0352377 0.0256308 0.0655571 0.0228973 0.0231503 0.148074 0.168222 0.189359 0.151388 0.17353 0.182739 0.155732 0.146277 0.171711 5.733645e-02 0.667
N:26 Run:2 0.190555 0.165958 0.0568571 0.040242 0.0331417 0.0301148 0.0235279 0.0344516 0.0163132 0.0479465 0.0252262 0.0266351 0.13859 0.172284 0.187987 0.1828 0.181208 0.185321 0.181845 0.171502 0.147825 5.733645e-02 0.667
N:26 Run:3 0.211327 0.144478 0.0410123 0.0167662 0.00904103 0.0056987 0.00429454 0.00609703 0.0063168 0.00569074 0.00593654 0.0189436 0.16835 0.183544 0.169576 0.177177 0.161229 0.169342 0.176291 0.193157 0.169785 5.733645e-02 0.667
N:26 Run:4 0.199729 0.175647 0.0605497 0.0279915 0.0296264 0.0365844 0.0327135 0.0352377 0.0256308 0.0655571 0.0228973 0.0231503 0.156834 0.172733 0.1522 0.160281 0.181128 0.183272 0.178196 0.169356 0.185083 5.733645e-02 0.667
N:26 Run:5 0.190555 0.165958 0.0568571 0.040242 0.0331417 0.0301148 0.0235279 0.0344516 0.0163132 0.0479465 0.0252262 0.0266351 0.11609 0.176394 0.171264 0.177112 0.181297 0.185749 0.182576 0.157163 0.179821 5.733645e-02 0.667
N:26 Run:6 0.225938 0.17738 0.159885 0.123446 0.0860409 0.140488 0.0838923 0.114372 0.118861 0.110518 0.140454 0.15456 0.186882 0.181491 0.171592 0.147654 0.161156 0.156921 0.17666 0.156267 0.197735 5.733645e-02 0.667
N:26 Run:7 0.254594 0.180651 0.0281099 0.00466114 0.00106035 0.000653969 0.000626236 0.000607451 0.000603176 0.00060782 0.000623928 0.000605374 0.100314 0.165889 0.170946 0.1833 0.168591 0.163867 0.162246 0.186024 0.184626 5.733645e-02 0.667
N:26 Run:8 0.148222 0.186363 0.134737 0.109515 0.119575 0.136461 0.110406 0.0761285 0.123371 0.138956 0.121552 0.116248 0.181571 0.182375 0.175899 0.189697 0.18668 0.155472 0.186104 0.153004 0.150827 5.733645e-02 0.667
N:26 Run:9 0.14488 0.183179 0.177728 0.170558 0.165247 0.150828 0.184313 0.180747 0.183957 0.179256 0.160505 0.167336 0.167764 0.166228 0.17985 0.134896 0.148276 0.173336 0.177216 0.198554 0.175985 5.733645e-02 0.667
N:27 Run:0 0.199461 0.172163 0.176112 0.17666 0.187516 0.163194 0.166883 0.183742 0.193688 0.183826 0.174683 0.174507 0.143426 0.165849 0.184466 0.178015 0.161807 0.168679 0.161973 0.173959 0.18867 6.047674e-02 0.677
N:27 Run:1 0.199729 0.175647 0.0605497 0.0279915 0.0296264 0.0365844 0.0327135 0.0352377 0.0256308 0.0655571 0.0228973 0.0231503 0.148074 0.168222 0.189359 0.151388 0.17353 0.182739 0.155732 0.146277 0.171711 6.047674e-02 0.677
N:27 Run:2 0.190555 0.165958 0.0568571 0.040242 0.0331417 0.0301148 0.0235279 0.0344516 0.0163132 0.0479465 0.0252262 0.0266351 0.13859 0.172284 0.187987 0.1828 0.181208 0.185321 0.181845 0.171502 0.147825 6.047674e-02 0.677
N:27 Run:3 0.211327 0.144478 0.0410123 0.0167662 0.00904103 0.0056987 0.00429454 0.00609703 0.0063168 0.00569074 0.00593654 0.0189436 0.16835 0.183544 0.169576 0.177177 0.161229 0.169342 0.176291 0.193157 0.169785 6.047674e-02 0.677
N:27 Run:4 0.199729 0.175647 0.0605497 0.0279915 0.0296264 0.0365844 0.0327135 0.0352377 0.0256308 0.0655571 0.0228973 0.0231503 0.156834 0.172733 0.1522 0.160281 0.181128 0.183272 0.178196 0.169356 0.185083 6.047674e-02 0.677
N:27 Run:5 0.190555 0.165958 0.0568571 0.040242 0.0331417 0.0301148 0.0235279 0.0344516 0.0163132 0.0479465 0.0252262 0.0266351 0.11609 0.176394 0.171264 0.177112 0.181297 0.185749 0.182576 0.157163 0.179821 6.047674e-02 0.677
N:27 Run:6 0.225938 0.17738 0.159885 0.123446 0.0860409 0.140488 0.0838923 0.114372 0.118861 0.110518 0.140454 0.15456 0.186882 0.181491 0.171592 0.147654 0.161156 0.156921 0.17666 0.156267 0.197735 6.047674e-02 0.677
N:27 Run:7 0.254594 0.180651 0.0281099 0.00466114 0.00106035 0.000653969 0.000626236 0.000607451 0.000603176 0.00060782 0.000623928 0.000605374 0.100314 0.165889 0.170946 0.1833 0.168591 0.163867 0.162246 0.186024 0.184626 6.047674e-02 0.677
N:27 Run:8 0.148222 0.186363 0.134737 0.109515 0.119575 0.136461 0.110406 0.0761285 0.123371 0.138956 0.121552 0.116248 0.181571 0.182375 0.175899 0.189697 0.18668 0.155472 0.186104 0.153004 0.150827 6.047674e-02 0.677
N:27 Run:9 0.14488 0.183179 0.177728 0.170558 0.165247 0.150828 0.184313 0.180747 0.183957 0.179256 0.160505 0.167336 0.167764 0.166228 0.17985 0.134896 0.148276 0.173336 0.177216 0.198554 0.175985 6.047674e-02 0.677
N:28 Run:0 0.199461 0.172163 0.176112 0.17666 0.187516 0.163194 0.166883 0.183742 0.193688 0.183826 0.174683 0.174507 0.143426 0.165849 0.184466 0.178015 0.161807 0.168679 0.161973 0.173959 0.18867 6.044956e-02 0.679
N:28 Run:1 0.199729 0.175647 0.0605497 0.0279915 0.0296264 0.0365844 0.0327135 0.0352377 0.0256308 0.0655571 0.0228973 0.0231503 0.148074 0.168222 0.189359 0.151388 0.17353 0.182739 0.155732 0.146277 0.171711 6.044956e-02 0.679
N:28 Run:2 0.190555 0.165958 0.0568571 0.040242 0.0331417 0.0301148 0.0235279 0.0344516 0.0163132 0.0479465 0.0252262 0.0266351 0.13859 0.172284 0.187987 0.1828 0.181208 0.185321 0.181845 0.171502 0.147825 6.044956e-02 0.679
N:28 Run:3 0.211327 0.144478 0.0410123 0.0167662 0.00904103 0.0056987 0.00429454 0.00609703 0.0063168 0.00569074 0.00593654 0.0189436 0.16835 0.183544 0.169576 0.177177 0.161229 0.169342 0.176291 0.193157 0.169785 6.044956e-02 0.679
N:28 Run:4 0.199729 0.175647 0.0605497 0.0279915 0.0296264 0.0365844 0.0327135 0.0352377 0.0256308 0.0655571 0.0228973 0.0231503 0.156834 0.172733 0.1522 0.160281 0.181128 0.183272 0.178196 0.169356 0.185083 6.044956e-02 0.679
N:28 Run:5 0.190555 0.165958 0.0568571 0.040242 0.0331417 0.0301148 0.0235279 0.0344516 0.0163132 0.0479465 0.0252262 0.0266351 0.11609 0.176394 0.171264 0.177112 0.181297 0.185749 0.182576 0.157163 0.179821 6.044956e-02 0.679
N:28 Run:6 0.225938 0.17738 0.159885 0.123446 0.0860409 0.140488 0.0838923 0.114372 0.118861 0.110518 0.140454 0.15456 0.186882 0.181491 0.171592 0.147654 0.161156 0.156921 0.17666 0.156267 0.197735 6.044956e-02 0.679
N:28 Run:7 0.254594 0.180651 0.0281099 0.00466114 0.00106035 0.000653969 0.000626236 0.000607451 0.000603176 0.00060782 0.000623928 0.000605374 0.100314 0.165889 0.170946 0.1833 0.168591 0.163867 0.162246 0.186024 0.184626 6.044956e-02 0.679
N:28 Run:8 0.148222 0.186363 0.134737 0.109515 0.119575 0.136461 0.110406 0.0761285 0.123371 0.138956 0.121552 0.116248 0.181571 0.182375 0.175899 0.189697 0.18668 0.155472 0.186104 0.153004 0.150827 6.044956e-02 0.679
N:28 Run:9 0.14488 0.183179 0.177728 0.170558 0.165247 0.150828 0.184313 0.180747 0.183957 0.179256 0.160505 0.167336 0.167764 0.166228 0.17985 0.134896 0.148276 0.173336 0.177216 0.198554 0.175985 6.044956e-02 0.679
N:29 Run:0 0.199461 0.172163 0.176112 0.17666 0.187516 0.163194 0.166883 0.183742 0.193688 0.183826 0.174683 0.174507 0.143426 0.165849 0.184466 0.178015 0.161807 0.168679 0.161973 0.173959 0.18867 6.074743e-02 0.653
N:29 Run:1 0.199729 0.175647 0.0605497 0.0279915 0.0296264 0.0365844 0.0327135 0.0352377 0.0256308 0.0655571 0.0228973 0.0231503 0.148074 0.168222 0.189359 0.151388 0.17353 0.182739 0.155732 0.146277 0.171711 6.074743e-02 0.653
N:29 Run:2 0.190555 0.165958 0.0568571 0.040242 0.0331417 0.0301148 0.0235279 0.0344516 0.0163132 0.0479465 0.0252262 0.0266351 0.13859 0.172284 0.187987 0.1828 0.181208 0.185321 0.181845 0.171502 0.147825 6.074743e-02 0.653
N:29 Run:3 0.211327 0.144478 0.0410123 0.0167662 0.00904103 0.0056987 0.00429454 0.00609703 0.0063168 0.00569074 0.00593654 0.0189436 0.16835 0.183544 0.169576 0.177177 0.161229 0.169342 0.176291 0.193157 0.169785 6.074743e-02 0.653
N:29 Run:4 0.199729 0.175647 0.0605497 0.0279915 0.0296264 0.0365844 0.0327135 0.0352377 0.0256308 0.0655571 0.0228973 0.0231503 0.156834 0.172733 0.1522 0.160281 0.181128 0.183272 0.178196 0.169356 0.185083 6.074743e-02 0.653
N:29 Run:5 0.190555 0.165958 0.0568571 0.040242 0.0331417 0.0301148 0.0235279 0.0344516 0.0163132 0.0479465 0.0252262 0.0266351 0.11609 0.176394 0.171264 0.177112 0.181297 0.185749 0.182576 0.157163 0.179821 6.074743e-02 0.653
N:29 Run:6 0.225938 0.17738 0.159885 0.123446 0.0860409 0.140488 0.0838923 0.114372 0.118861 0.110518 0.140454 0.15456 0.186882 0.181491 0.171592 0.147654 0.161156 0.156921 0.17666 0.156267 0.197735 6.074743e-02 0.653
N:29 Run:7 0.254594 0.180651 0.0281099 0.00466114 0.00106035 0.000653969 0.000626236 0.000607451 0.000603176 0.00060782 0.000623928 0.000605374 0.100314 0.165889 0.170946 0.1833 0.168591 0.163867 0.162246 0.186024 0.184626 6.074743e-02 0.653
N:29 Run:8 0.148222 0.186363 0.134737 0.109515 0.119575 0.136461 0.110406 0.0761285 0.123371 0.138956 0.121552 0.116248 0.181571 0.182375 0.175899 0.189697 0.18668 0.155472 0.186104 0.153004 0.150827 6.074743e-02 0.653
N:29 Run:9 0.14488 0.183179 0.177728 0.170558 0.165247 0.150828 0.184313 0.180747 0.183957 0.179256 0.160505 0.167336 0.167764 0.166228 0.17985 0.134896 0.148276 0.173336 0.177216 0.198554 0.175985 6.074743e-02 0.653
