Seed:1578616258
N:0 Run:0 0.288814 0.244773 0.22257 0.190274 0.24602 0.220221 0.251288 0.242663 0.236341 0.237009 0.227018 0.22682 0.20414 0.194316 0.225239 0.249835 0.218225 0.218097 0.232389 0.244287 0.225298 9.808446e-02 0.870
N:0 Run:1 0.257652 0.221625 0.197873 0.232252 0.236543 0.279676 0.295129 0.294328 0.361236 0.293872 0.307921 0.343917 0.288837 0.237392 0.219658 0.196341 0.212873 0.194269 0.20867 0.216446 0.201436 9.808446e-02 0.870
N:0 Run:2 0.237144 0.258699 0.212816 0.228099 0.222195 0.229876 0.22076 0.214599 0.268957 0.206038 0.249954 0.231981 0.49433 0.406914 0.286124 0.242705 0.195121 0.208585 0.20339 0.232906 0.250683 9.808446e-02 0.870
N:0 Run:3 0.211403 0.218273 0.180627 0.173036 0.162907 0.155691 0.156049 0.137189 0.132503 0.134338 0.180298 0.218281 0.245142 0.220611 0.224488 0.239044 0.227015 0.194718 0.19891 0.203832 0.211948 9.808446e-02 0.870
N:0 Run:4 0.257652 0.221625 0.197873 0.232252 0.236543 0.279676 0.295129 0.294328 0.361236 0.293872 0.307921 0.343917 0.462134 0.47981 0.418125 0.355081 0.281213 0.286924 0.252424 0.267684 0.260604 9.808446e-02 0.870
N:0 Run:5 0.237144 0.258699 0.212816 0.228099 0.222195 0.229876 0.22076 0.214599 0.268957 0.206038 0.249954 0.231981 0.19186 0.219321 0.229125 0.211138 0.216784 0.228157 0.198325 0.210392 0.198151 9.808446e-02 0.870
N:0 Run:6 0.200017 0.21997 0.249581 0.224065 0.22382 0.214577 0.201439 0.21672 0.21694 0.185994 0.199655 0.199579 0.239201 0.230637 0.281105 0.244957 0.213516 0.223341 0.247442 0.253472 0.251546 9.808446e-02 0.870
N:0 Run:7 0.231537 0.257298 0.250328 0.254986 0.238435 0.263171 0.246532 0.245571 0.260135 0.248732 0.216017 0.258291 0.248983 0.236488 0.239666 0.243894 0.239493 0.22578 0.244599 0.213433 0.201333 9.808446e-02 0.870
N:0 Run:8 0.326622 0.220929 0.204936 0.229712 0.246778 0.259136 0.265112 0.258876 0.255561 0.267716 0.262278 0.261925 0.355485 0.378445 0.343784 0.283901 0.269478 0.237792 0.219966 0.239467 0.228015 9.808446e-02 0.870
N:0 Run:9 0.228842 0.2313 0.272344 0.250384 0.299773 0.309629 0.356718 0.404129 0.404051 0.334349 0.397054 0.375323 0.394246 0.310435 0.285755 0.264795 0.251629 0.230855 0.189078 0.200987 0.233603 9.808446e-02 0.870
N:1 Run:0 0.288814 0.24297 0.217449 0.19555 0.25932 0.234725 0.247733 0.257336 0.236472 0.235701 0.222787 0.218592 0.224114 0.211149 0.236265 0.267189 0.213734 0.217958 0.239247 0.234019 0.216512 9.678000e-02 0.875
N:1 Run:1 0.257652 0.210463 0.212488 0.258127 0.261902 0.283309 0.291195 0.293297 0.344337 0.27929 0.281599 0.320136 0.229199 0.206618 0.195156 0.192039 0.210301 0.214305 0.22801 0.226815 0.209151 9.678000e-02 0.875
N:1 Run:2 0.237144 0.241533 0.202949 0.221526 0.225515 0.242092 0.242231 0.235058 0.264522 0.201042 0.244974 0.220707 0.483478 0.395764 0.297833 0.254131 0.213691 0.20375 0.19815 0.206276 0.230618 9.678000e-02 0.875
N:1 Run:3 0.211403 0.226889 0.194015 0.187368 0.185247 0.184439 0.183646 0.182911 0.182926 0.183036 0.188182 0.209858 0.230597 0.202821 0.206082 0.215961 0.214159 0.193839 0.193364 0.19766 0.212244 9.678000e-02 0.875
N:1 Run:4 0.257652 0.210463 0.212488 0.258127 0.261902 0.283309 0.291195 0.293297 0.344337 0.27929 0.281599 0.320136 0.461146 0.481109 0.423207 0.377165 0.299627 0.308347 0.255833 0.285767 0.271194 9.678000e-02 0.875
N:1 Run:5 0.237144 0.241533 0.202949 0.221526 0.225515 0.242092 0.242231 0.235058 0.264522 0.201042 0.244974 0.220707 0.196198 0.211864 0.233215 0.211567 0.212568 0.225202 0.194482 0.198427 0.202292 9.678000e-02 0.875
N:1 Run:6 0.200017 0.202612 0.239112 0.231635 0.2329 0.231909 0.209687 0.231718 0.232361 0.215533 0.22415 0.207115 0.235975 0.220158 0.291093 0.229136 0.20451 0.219115 0.242339 0.245223 0.241238 9.678000e-02 0.875
N:1 Run:7 0.231537 0.263638 0.239681 0.252736 0.232347 0.274813 0.239588 0.2455 0.242154 0.240163 0.224853 0.282788 0.267701 0.247191 0.252892 0.262026 0.255314 0.228748 0.221043 0.213449 0.197969 9.678000e-02 0.875
N:1 Run:8 0.326622 0.22778 0.217788 0.245006 0.247926 0.248042 0.246848 0.246281 0.242053 0.251637 0.245742 0.244881 0.336321 0.384919 0.366645 0.291733 0.268123 0.229736 0.224636 0.240654 0.221631 9.678000e-02 0.875
N:1 Run:9 0.228842 0.218101 0.267208 0.23407 0.274314 0.270768 0.339692 0.43598 0.429311 0.310766 0.41745 0.343712 0.41323 0.314733 0.296701 0.266006 0.254206 0.234719 0.1968 0.207026 0.235822 9.678000e-02 0.875
N:2 Run:0 0.288814 0.245036 0.217843 0.193332 0.255401 0.236053 0.247187 0.257447 0.237199 0.235739 0.222656 0.217683 0.225806 0.211859 0.235613 0.265276 0.21351 0.217195 0.238416 0.233446 0.215887 9.544863e-02 0.866
N:2 Run:1 0.257652 0.210061 0.212978 0.257015 0.263475 0.282149 0.289471 0.291611 0.333296 0.282093 0.282354 0.313071 0.230512 0.205343 0.191861 0.188071 0.207559 0.214814 0.228725 0.227284 0.208879 9.544863e-02 0.866
N:2 Run:2 0.237144 0.241034 0.201517 0.219725 0.22505 0.241955 0.244057 0.237316 0.263983 0.199748 0.242439 0.219968 0.501726 0.394152 0.302382 0.258009 0.216199 0.202356 0.195332 0.203117 0.228226 9.544863e-02 0.866
N:2 Run:3 0.211403 0.226686 0.191535 0.183 0.180118 0.179009 0.177972 0.177083 0.177067 0.177192 0.182862 0.206228 0.228243 0.200528 0.203303 0.213462 0.212353 0.190708 0.189408 0.193977 0.210053 9.544863e-02 0.866
N:2 Run:4 0.257652 0.210061 0.212978 0.257015 0.263475 0.282149 0.289471 0.291611 0.333296 0.282093 0.282354 0.313071 0.453735 0.47712 0.414498 0.370212 0.301081 0.305744 0.257719 0.283356 0.271073 9.544863e-02 0.866
N:2 Run:5 0.237144 0.241034 0.201517 0.219725 0.22505 0.241955 0.244057 0.237316 0.263983 0.199748 0.242439 0.219968 0.19388 0.209307 0.231935 0.210857 0.211131 0.223904 0.191609 0.19488 0.199913 9.544863e-02 0.866
N:2 Run:6 0.200017 0.199998 0.236557 0.232203 0.233471 0.2335 0.209758 0.231722 0.233336 0.218352 0.225925 0.206644 0.234218 0.219278 0.286305 0.229426 0.203194 0.217538 0.240666 0.244431 0.240867 9.544863e-02 0.866
N:2 Run:7 0.231537 0.261745 0.239801 0.25199 0.232623 0.271971 0.240043 0.24532 0.241941 0.239938 0.226164 0.278719 0.267807 0.248672 0.25343 0.262105 0.256279 0.22987 0.220287 0.213055 0.19556 9.544863e-02 0.866
N:2 Run:8 0.326622 0.2317 0.219428 0.247587 0.252172 0.252853 0.251977 0.251478 0.247832 0.255829 0.251125 0.250274 0.324869 0.369801 0.360124 0.293242 0.269314 0.230957 0.225373 0.239982 0.221349 9.544863e-02 0.866
N:2 Run:9 0.228842 0.217175 0.264697 0.234155 0.27598 0.275036 0.35158 0.440961 0.445615 0.323221 0.433517 0.367476 0.42601 0.321278 0.297708 0.267464 0.255102 0.236013 0.195123 0.205215 0.233992 9.544863e-02 0.866
N:3 Run:0 0.288814 0.245036 0.217843 0.193332 0.255401 0.236053 0.247187 0.257447 0.237199 0.235739 0.222656 0.217683 0.225806 0.211859 0.235613 0.265276 0.21351 0.217195 0.238416 0.233446 0.215887 1.043409e-01 0.854
N:3 Run:1 0.257652 0.210061 0.212978 0.257015 0.263475 0.282149 0.289471 0.291611 0.333296 0.282093 0.282354 0.313071 0.230512 0.205343 0.191861 0.188071 0.207559 0.214814 0.228725 0.227284 0.208879 1.043409e-01 0.854
N:3 Run:2 0.237144 0.241034 0.201517 0.219725 0.22505 0.241955 0.244057 0.237316 0.263983 0.199748 0.242439 0.219968 0.501726 0.394152 0.302382 0.258009 0.216199 0.202356 0.195332 0.203117 0.228226 1.043409e-01 0.854
N:3 Run:3 0.211403 0.226686 0.191535 0.183 0.180118 0.179009 0.177972 0.177083 0.177067 0.177192 0.182862 0.206228 0.228243 0.200528 0.203303 0.213462 0.212353 0.190708 0.189408 0.193977 0.210053 1.043409e-01 0.854
N:3 Run:4 0.257652 0.210061 0.212978 0.257015 0.263475 0.282149 0.289471 0.291611 0.333296 0.282093 0.282354 0.313071 0.453735 0.47712 0.414498 0.370212 0.301081 0.305744 0.257719 0.283356 0.271073 1.043409e-01 0.854
N:3 Run:5 0.237144 0.241034 0.201517 0.219725 0.22505 0.241955 0.244057 0.237316 0.263983 0.199748 0.242439 0.219968 0.19388 0.209307 0.231935 0.210857 0.211131 0.223904 0.191609 0.19488 0.199913 1.043409e-01 0.854
N:3 Run:6 0.200017 0.199998 0.236557 0.232203 0.233471 0.2335 0.209758 0.231722 0.233336 0.218352 0.225925 0.206644 0.234218 0.219278 0.286305 0.229426 0.203194 0.217538 0.240666 0.244431 0.240867 1.043409e-01 0.854
N:3 Run:7 0.231537 0.261745 0.239801 0.25199 0.232623 0.271971 0.240043 0.24532 0.241941 0.239938 0.226164 0.278719 0.267807 0.248672 0.25343 0.262105 0.256279 0.22987 0.220287 0.213055 0.19556 1.043409e-01 0.854
N:3 Run:8 0.326622 0.2317 0.219428 0.247587 0.252172 0.252853 0.251977 0.251478 0.247832 0.255829 0.251125 0.250274 0.324869 0.369801 0.360124 0.293242 0.269314 0.230957 0.225373 0.239982 0.221349 1.043409e-01 0.854
N:3 Run:9 0.228842 0.217175 0.264697 0.234155 0.27598 0.275036 0.35158 0.440961 0.445615 0.323221 0.433517 0.367476 0.42601 0.321278 0.297708 0.267464 0.255102 0.236013 0.195123 0.205215 0.233992 1.043409e-01 0.854
N:4 Run:0 0.288814 0.245036 0.217843 0.193332 0.255401 0.236053 0.247187 0.257447 0.237199 0.235739 0.222656 0.217683 0.225806 0.211859 0.235613 0.265276 0.21351 0.217195 0.238416 0.233446 0.215887 9.733141e-02 0.868
N:4 Run:1 0.257652 0.210061 0.212978 0.257015 0.263475 0.282149 0.289471 0.291611 0.333296 0.282093 0.282354 0.313071 0.230512 0.205343 0.191861 0.188071 0.207559 0.214814 0.228725 0.227284 0.208879 9.733141e-02 0.868
N:4 Run:2 0.237144 0.241034 0.201517 0.219725 0.22505 0.241955 0.244057 0.237316 0.263983 0.199748 0.242439 0.219968 0.501726 0.394152 0.302382 0.258009 0.216199 0.202356 0.195332 0.203117 0.228226 9.733141e-02 0.868
N:4 Run:3 0.211403 0.226686 0.191535 0.183 0.180118 0.179009 0.177972 0.177083 0.177067 0.177192 0.182862 0.206228 0.228243 0.200528 0.203303 0.213462 0.212353 0.190708 0.189408 0.193977 0.210053 9.733141e-02 0.868
N:4 Run:4 0.257652 0.210061 0.212978 0.257015 0.263475 0.282149 0.289471 0.291611 0.333296 0.282093 0.282354 0.313071 0.453735 0.47712 0.414498 0.370212 0.301081 0.305744 0.257719 0.283356 0.271073 9.733141e-02 0.868
N:4 Run:5 0.237144 0.241034 0.201517 0.219725 0.22505 0.241955 0.244057 0.237316 0.263983 0.199748 0.242439 0.219968 0.19388 0.209307 0.231935 0.210857 0.211131 0.223904 0.191609 0.19488 0.199913 9.733141e-02 0.868
N:4 Run:6 0.200017 0.199998 0.236557 0.232203 0.233471 0.2335 0.209758 0.231722 0.233336 0.218352 0.225925 0.206644 0.234218 0.219278 0.286305 0.229426 0.203194 0.217538 0.240666 0.244431 0.240867 9.733141e-02 0.868
N:4 Run:7 0.231537 0.261745 0.239801 0.25199 0.232623 0.271971 0.240043 0.24532 0.241941 0.239938 0.226164 0.278719 0.267807 0.248672 0.25343 0.262105 0.256279 0.22987 0.220287 0.213055 0.19556 9.733141e-02 0.868
N:4 Run:8 0.326622 0.2317 0.219428 0.247587 0.252172 0.252853 0.251977 0.251478 0.247832 0.255829 0.251125 0.250274 0.324869 0.369801 0.360124 0.293242 0.269314 0.230957 0.225373 0.239982 0.221349 9.733141e-02 0.868
N:4 Run:9 0.228842 0.217175 0.264697 0.234155 0.27598 0.275036 0.35158 0.440961 0.445615 0.323221 0.433517 0.367476 0.42601 0.321278 0.297708 0.267464 0.255102 0.236013 0.195123 0.205215 0.233992 9.733141e-02 0.868
N:5 Run:0 0.288814 0.245036 0.217843 0.193332 0.255401 0.236053 0.247187 0.257447 0.237199 0.235739 0.222656 0.217683 0.225806 0.211859 0.235613 0.265276 0.21351 0.217195 0.238416 0.233446 0.215887 1.050829e-01 0.850
N:5 Run:1 0.257652 0.210061 0.212978 0.257015 0.263475 0.282149 0.289471 0.291611 0.333296 0.282093 0.282354 0.313071 0.230512 0.205343 0.191861 0.188071 0.207559 0.214814 0.228725 0.227284 0.208879 1.050829e-01 0.850
N:5 Run:2 0.237144 0.241034 0.201517 0.219725 0.22505 0.241955 0.244057 0.237316 0.263983 0.199748 0.242439 0.219968 0.501726 0.394152 0.302382 0.258009 0.216199 0.202356 0.195332 0.203117 0.228226 1.050829e-01 0.850
N:5 Run:3 0.211403 0.226686 0.191535 0.183 0.180118 0.179009 0.177972 0.177083 0.177067 0.177192 0.182862 0.206228 0.228243 0.200528 0.203303 0.213462 0.212353 0.190708 0.189408 0.193977 0.210053 1.050829e-01 0.850
N:5 Run:4 0.257652 0.210061 0.212978 0.257015 0.263475 0.282149 0.289471 0.291611 0.333296 0.282093 0.282354 0.313071 0.453735 0.47712 0.414498 0.370212 0.301081 0.305744 0.257719 0.283356 0.271073 1.050829e-01 0.850
N:5 Run:5 0.237144 0.241034 0.201517 0.219725 0.22505 0.241955 0.244057 0.237316 0.263983 0.199748 0.242439 0.219968 0.19388 0.209307 0.231935 0.210857 0.211131 0.223904 0.191609 0.19488 0.199913 1.050829e-01 0.850
N:5 Run:6 0.200017 0.199998 0.236557 0.232203 0.233471 0.2335 0.209758 0.231722 0.233336 0.218352 0.225925 0.206644 0.234218 0.219278 0.286305 0.229426 0.203194 0.217538 0.240666 0.244431 0.240867 1.050829e-01 0.850
N:5 Run:7 0.231537 0.261745 0.239801 0.25199 0.232623 0.271971 0.240043 0.24532 0.241941 0.239938 0.226164 0.278719 0.267807 0.248672 0.25343 0.262105 0.256279 0.22987 0.220287 0.213055 0.19556 1.050829e-01 0.850
N:5 Run:8 0.326622 0.2317 0.219428 0.247587 0.252172 0.252853 0.251977 0.251478 0.247832 0.255829 0.251125 0.250274 0.324869 0.369801 0.360124 0.293242 0.269314 0.230957 0.225373 0.239982 0.221349 1.050829e-01 0.850
N:5 Run:9 0.228842 0.217175 0.264697 0.234155 0.27598 0.275036 0.35158 0.440961 0.445615 0.323221 0.433517 0.367476 0.42601 0.321278 0.297708 0.267464 0.255102 0.236013 0.195123 0.205215 0.233992 1.050829e-01 0.850
N:6 Run:0 0.288814 0.245036 0.217843 0.193332 0.255401 0.236053 0.247187 0.257447 0.237199 0.235739 0.222656 0.217683 0.225806 0.211859 0.235613 0.265276 0.21351 0.217195 0.238416 0.233446 0.215887 1.044830e-01 0.873
N:6 Run:1 0.257652 0.210061 0.212978 0.257015 0.263475 0.282149 0.289471 0.291611 0.333296 0.282093 0.282354 0.313071 0.230512 0.205343 0.191861 0.188071 0.207559 0.214814 0.228725 0.227284 0.208879 1.044830e-01 0.873
N:6 Run:2 0.237144 0.241034 0.201517 0.219725 0.22505 0.241955 0.244057 0.237316 0.263983 0.199748 0.242439 0.219968 0.501726 0.394152 0.302382 0.258009 0.216199 0.202356 0.195332 0.203117 0.228226 1.044830e-01 0.873
N:6 Run:3 0.211403 0.226686 0.191535 0.183 0.180118 0.179009 0.177972 0.177083 0.177067 0.177192 0.182862 0.206228 0.228243 0.200528 0.203303 0.213462 0.212353 0.190708 0.189408 0.193977 0.210053 1.044830e-01 0.873
N:6 Run:4 0.257652 0.210061 0.212978 0.257015 0.263475 0.282149 0.289471 0.291611 0.333296 0.282093 0.282354 0.313071 0.453735 0.47712 0.414498 0.370212 0.301081 0.305744 0.257719 0.283356 0.271073 1.044830e-01 0.873
N:6 Run:5 0.237144 0.241034 0.201517 0.219725 0.22505 0.241955 0.244057 0.237316 0.263983 0.199748 0.242439 0.219968 0.19388 0.209307 0.231935 0.210857 0.211131 0.223904 0.191609 0.19488 0.199913 1.044830e-01 0.873
N:6 Run:6 0.200017 0.199998 0.236557 0.232203 0.233471 0.2335 0.209758 0.231722 0.233336 0.218352 0.225925 0.206644 0.234218 0.219278 0.286305 0.229426 0.203194 0.217538 0.240666 0.244431 0.240867 1.044830e-01 0.873
N:6 Run:7 0.231537 0.261745 0.239801 0.25199 0.232623 0.271971 0.240043 0.24532 0.241941 0.239938 0.226164 0.278719 0.267807 0.248672 0.25343 0.262105 0.256279 0.22987 0.220287 0.213055 0.19556 1.044830e-01 0.873
N:6 Run:8 0.326622 0.2317 0.219428 0.247587 0.252172 0.252853 0.251977 0.251478 0.247832 0.255829 0.251125 0.250274 0.324869 0.369801 0.360124 0.293242 0.269314 0.230957 0.225373 0.239982 0.221349 1.044830e-01 0.873
N:6 Run:9 0.228842 0.217175 0.264697 0.234155 0.27598 0.275036 0.35158 0.440961 0.445615 0.323221 0.433517 0.367476 0.42601 0.321278 0.297708 0.267464 0.255102 0.236013 0.195123 0.205215 0.233992 1.044830e-01 0.873
N:7 Run:0 0.288814 0.245036 0.217843 0.193332 0.255401 0.236053 0.247187 0.257447 0.237199 0.235739 0.222656 0.217683 0.225806 0.211859 0.235613 0.265276 0.21351 0.217195 0.238416 0.233446 0.215887 1.046584e-01 0.858
N:7 Run:1 0.257652 0.210061 0.212978 0.257015 0.263475 0.282149 0.289471 0.291611 0.333296 0.282093 0.282354 0.313071 0.230512 0.205343 0.191861 0.188071 0.207559 0.214814 0.228725 0.227284 0.208879 1.046584e-01 0.858
N:7 Run:2 0.237144 0.241034 0.201517 0.219725 0.22505 0.241955 0.244057 0.237316 0.263983 0.199748 0.242439 0.219968 0.501726 0.394152 0.302382 0.258009 0.216199 0.202356 0.195332 0.203117 0.228226 1.046584e-01 0.858
N:7 Run:3 0.211403 0.226686 0.191535 0.183 0.180118 0.179009 0.177972 0.177083 0.177067 0.177192 0.182862 0.206228 0.228243 0.200528 0.203303 0.213462 0.212353 0.190708 0.189408 0.193977 0.210053 1.046584e-01 0.858
N:7 Run:4 0.257652 0.210061 0.212978 0.257015 0.263475 0.282149 0.289471 0.291611 0.333296 0.282093 0.282354 0.313071 0.453735 0.47712 0.414498 0.370212 0.301081 0.305744 0.257719 0.283356 0.271073 1.046584e-01 0.858
N:7 Run:5 0.237144 0.241034 0.201517 0.219725 0.22505 0.241955 0.244057 0.237316 0.263983 0.199748 0.242439 0.219968 0.19388 0.209307 0.231935 0.210857 0.211131 0.223904 0.191609 0.19488 0.199913 1.046584e-01 0.858
N:7 Run:6 0.200017 0.199998 0.236557 0.232203 0.233471 0.2335 0.209758 0.231722 0.233336 0.218352 0.225925 0.206644 0.234218 0.219278 0.286305 0.229426 0.203194 0.217538 0.240666 0.244431 0.240867 1.046584e-01 0.858
N:7 Run:7 0.231537 0.261745 0.239801 0.25199 0.232623 0.271971 0.240043 0.24532 0.241941 0.239938 0.226164 0.278719 0.267807 0.248672 0.25343 0.262105 0.256279 0.22987 0.220287 0.213055 0.19556 1.046584e-01 0.858
N:7 Run:8 0.326622 0.2317 0.219428 0.247587 0.252172 0.252853 0.251977 0.251478 0.247832 0.255829 0.251125 0.250274 0.324869 0.369801 0.360124 0.293242 0.269314 0.230957 0.225373 0.239982 0.221349 1.046584e-01 0.858
N:7 Run:9 0.228842 0.217175 0.264697 0.234155 0.27598 0.275036 0.35158 0.440961 0.445615 0.323221 0.433517 0.367476 0.42601 0.321278 0.297708 0.267464 0.255102 0.236013 0.195123 0.205215 0.233992 1.046584e-01 0.858
N:8 Run:0 0.288814 0.245036 0.217843 0.193332 0.255401 0.236053 0.247187 0.257447 0.237199 0.235739 0.222656 0.217683 0.225806 0.211859 0.235613 0.265276 0.21351 0.217195 0.238416 0.233446 0.215887 1.056506e-01 0.856
N:8 Run:1 0.257652 0.210061 0.212978 0.257015 0.263475 0.282149 0.289471 0.291611 0.333296 0.282093 0.282354 0.313071 0.230512 0.205343 0.191861 0.188071 0.207559 0.214814 0.228725 0.227284 0.208879 1.056506e-01 0.856
N:8 Run:2 0.237144 0.241034 0.201517 0.219725 0.22505 0.241955 0.244057 0.237316 0.263983 0.199748 0.242439 0.219968 0.501726 0.394152 0.302382 0.258009 0.216199 0.202356 0.195332 0.203117 0.228226 1.056506e-01 0.856
N:8 Run:3 0.211403 0.226686 0.191535 0.183 0.180118 0.179009 0.177972 0.177083 0.177067 0.177192 0.182862 0.206228 0.228243 0.200528 0.203303 0.213462 0.212353 0.190708 0.189408 0.193977 0.210053 1.056506e-01 0.856
N:8 Run:4 0.257652 0.210061 0.212978 0.257015 0.263475 0.282149 0.289471 0.291611 0.333296 0.282093 0.282354 0.313071 0.453735 0.47712 0.414498 0.370212 0.301081 0.305744 0.257719 0.283356 0.271073 1.056506e-01 0.856
N:8 Run:5 0.237144 0.241034 0.201517 0.219725 0.22505 0.241955 0.244057 0.237316 0.263983 0.199748 0.242439 0.219968 0.19388 0.209307 0.231935 0.210857 0.211131 0.223904 0.191609 0.19488 0.199913 1.056506e-01 0.856
N:8 Run:6 0.200017 0.199998 0.236557 0.232203 0.233471 0.2335 0.209758 0.231722 0.233336 0.218352 0.225925 0.206644 0.234218 0.219278 0.286305 0.229426 0.203194 0.217538 0.240666 0.244431 0.240867 1.056506e-01 0.856
N:8 Run:7 0.231537 0.261745 0.239801 0.25199 0.232623 0.271971 0.240043 0.24532 0.241941 0.239938 0.226164 0.278719 0.267807 0.248672 0.25343 0.262105 0.256279 0.22987 0.220287 0.213055 0.19556 1.056506e-01 0.856
N:8 Run:8 0.326622 0.2317 0.219428 0.247587 0.252172 0.252853 0.251977 0.251478 0.247832 0.255829 0.251125 0.250274 0.324869 0.369801 0.360124 0.293242 0.269314 0.230957 0.225373 0.239982 0.221349 1.056506e-01 0.856
N:8 Run:9 0.228842 0.217175 0.264697 0.234155 0.27598 0.275036 0.35158 0.440961 0.445615 0.323221 0.433517 0.367476 0.42601 0.321278 0.297708 0.267464 0.255102 0.236013 0.195123 0.205215 0.233992 1.056506e-01 0.856
N:9 Run:0 0.288814 0.245036 0.217843 0.193332 0.255401 0.236053 0.247187 0.257447 0.237199 0.235739 0.222656 0.217683 0.225806 0.211859 0.235613 0.265276 0.21351 0.217195 0.238416 0.233446 0.215887 9.670759e-02 0.871
N:9 Run:1 0.257652 0.210061 0.212978 0.257015 0.263475 0.282149 0.289471 0.291611 0.333296 0.282093 0.282354 0.313071 0.230512 0.205343 0.191861 0.188071 0.207559 0.214814 0.228725 0.227284 0.208879 9.670759e-02 0.871
N:9 Run:2 0.237144 0.241034 0.201517 0.219725 0.22505 0.241955 0.244057 0.237316 0.263983 0.199748 0.242439 0.219968 0.501726 0.394152 0.302382 0.258009 0.216199 0.202356 0.195332 0.203117 0.228226 9.670759e-02 0.871
N:9 Run:3 0.211403 0.226686 0.191535 0.183 0.180118 0.179009 0.177972 0.177083 0.177067 0.177192 0.182862 0.206228 0.228243 0.200528 0.203303 0.213462 0.212353 0.190708 0.189408 0.193977 0.210053 9.670759e-02 0.871
N:9 Run:4 0.257652 0.210061 0.212978 0.257015 0.263475 0.282149 0.289471 0.291611 0.333296 0.282093 0.282354 0.313071 0.453735 0.47712 0.414498 0.370212 0.301081 0.305744 0.257719 0.283356 0.271073 9.670759e-02 0.871
N:9 Run:5 0.237144 0.241034 0.201517 0.219725 0.22505 0.241955 0.244057 0.237316 0.263983 0.199748 0.242439 0.219968 0.19388 0.209307 0.231935 0.210857 0.211131 0.223904 0.191609 0.19488 0.199913 9.670759e-02 0.871
N:9 Run:6 0.200017 0.199998 0.236557 0.232203 0.233471 0.2335 0.209758 0.231722 0.233336 0.218352 0.225925 0.206644 0.234218 0.219278 0.286305 0.229426 0.203194 0.217538 0.240666 0.244431 0.240867 9.670759e-02 0.871
N:9 Run:7 0.231537 0.261745 0.239801 0.25199 0.232623 0.271971 0.240043 0.24532 0.241941 0.239938 0.226164 0.278719 0.267807 0.248672 0.25343 0.262105 0.256279 0.22987 0.220287 0.213055 0.19556 9.670759e-02 0.871
N:9 Run:8 0.326622 0.2317 0.219428 0.247587 0.252172 0.252853 0.251977 0.251478 0.247832 0.255829 0.251125 0.250274 0.324869 0.369801 0.360124 0.293242 0.269314 0.230957 0.225373 0.239982 0.221349 9.670759e-02 0.871
N:9 Run:9 0.228842 0.217175 0.264697 0.234155 0.27598 0.275036 0.35158 0.440961 0.445615 0.323221 0.433517 0.367476 0.42601 0.321278 0.297708 0.267464 0.255102 0.236013 0.195123 0.205215 0.233992 9.670759e-02 0.871
N:10 Run:0 0.288814 0.262659 0.209484 0.192092 0.240785 0.223346 0.231303 0.208246 0.210522 0.215494 0.212723 0.205028 0.225946 0.211608 0.239536 0.270047 0.212789 0.220624 0.238298 0.227421 0.219734 9.193194e-02 0.874
N:10 Run:1 0.257652 0.219565 0.211273 0.222833 0.255291 0.304198 0.350192 0.287183 0.35086 0.268537 0.30879 0.329057 0.2362 0.228191 0.204768 0.20447 0.225623 0.200635 0.22574 0.234034 0.205446 9.193194e-02 0.874
N:10 Run:2 0.237144 0.25305 0.195786 0.214628 0.19354 0.217801 0.21194 0.230031 0.221507 0.196015 0.213426 0.201111 0.479368 0.405787 0.274821 0.247981 0.21374 0.209424 0.19828 0.222965 0.232943 9.193194e-02 0.874
N:10 Run:3 0.211403 0.240184 0.189298 0.188113 0.182049 0.182493 0.179136 0.176105 0.176162 0.17647 0.186089 0.198065 0.24488 0.22141 0.229893 0.236335 0.223057 0.208073 0.2147 0.218682 0.21806 9.193194e-02 0.874
N:10 Run:4 0.257652 0.219565 0.211273 0.222833 0.255291 0.304198 0.350192 0.287183 0.35086 0.268537 0.30879 0.329057 0.461329 0.470323 0.347342 0.322488 0.260559 0.259127 0.247957 0.272261 0.240059 9.193194e-02 0.874
N:10 Run:5 0.237144 0.25305 0.195786 0.214628 0.19354 0.217801 0.21194 0.230031 0.221507 0.196015 0.213426 0.201111 0.198818 0.228787 0.232885 0.231508 0.235537 0.244554 0.200852 0.223069 0.212255 9.193194e-02 0.874
N:10 Run:6 0.200017 0.227251 0.238687 0.222602 0.230458 0.226326 0.216341 0.226042 0.215007 0.207116 0.224298 0.212589 0.235271 0.231251 0.26787 0.248195 0.213607 0.21645 0.224687 0.225119 0.241578 9.193194e-02 0.874
N:10 Run:7 0.231537 0.252344 0.25408 0.258528 0.242689 0.282165 0.238211 0.247842 0.244565 0.235721 0.22443 0.261487 0.229807 0.234278 0.233265 0.255229 0.251189 0.236316 0.232981 0.225595 0.209405 9.193194e-02 0.874
N:10 Run:8 0.326622 0.217071 0.200413 0.186844 0.222547 0.265103 0.249537 0.249489 0.250542 0.252053 0.22693 0.263012 0.472054 0.379873 0.331202 0.273054 0.272348 0.238807 0.22255 0.24615 0.225157 9.193194e-02 0.874
N:10 Run:9 0.228842 0.221101 0.269402 0.265067 0.305429 0.342617 0.4109 0.508001 0.454171 0.316469 0.431139 0.348406 0.386597 0.301302 0.280184 0.257993 0.256587 0.237733 0.202821 0.213835 0.259075 9.193194e-02 0.874
N:11 Run:0 0.288814 0.262659 0.209484 0.192092 0.240785 0.223346 0.231303 0.208246 0.210522 0.215494 0.212723 0.205028 0.225946 0.211608 0.239536 0.270047 0.212789 0.220624 0.238298 0.227421 0.219734 9.927322e-02 0.869
N:11 Run:1 0.257652 0.219565 0.211273 0.222833 0.255291 0.304198 0.350192 0.287183 0.35086 0.268537 0.30879 0.329057 0.2362 0.228191 0.204768 0.20447 0.225623 0.200635 0.22574 0.234034 0.205446 9.927322e-02 0.869
N:11 Run:2 0.237144 0.25305 0.195786 0.214628 0.19354 0.217801 0.21194 0.230031 0.221507 0.196015 0.213426 0.201111 0.479368 0.405787 0.274821 0.247981 0.21374 0.209424 0.19828 0.222965 0.232943 9.927322e-02 0.869
N:11 Run:3 0.211403 0.240184 0.189298 0.188113 0.182049 0.182493 0.179136 0.176105 0.176162 0.17647 0.186089 0.198065 0.24488 0.22141 0.229893 0.236335 0.223057 0.208073 0.2147 0.218682 0.21806 9.927322e-02 0.869
N:11 Run:4 0.257652 0.219565 0.211273 0.222833 0.255291 0.304198 0.350192 0.287183 0.35086 0.268537 0.30879 0.329057 0.461329 0.470323 0.347342 0.322488 0.260559 0.259127 0.247957 0.272261 0.240059 9.927322e-02 0.869
N:11 Run:5 0.237144 0.25305 0.195786 0.214628 0.19354 0.217801 0.21194 0.230031 0.221507 0.196015 0.213426 0.201111 0.198818 0.228787 0.232885 0.231508 0.235537 0.244554 0.200852 0.223069 0.212255 9.927322e-02 0.869
N:11 Run:6 0.200017 0.227251 0.238687 0.222602 0.230458 0.226326 0.216341 0.226042 0.215007 0.207116 0.224298 0.212589 0.235271 0.231251 0.26787 0.248195 0.213607 0.21645 0.224687 0.225119 0.241578 9.927322e-02 0.869
N:11 Run:7 0.231537 0.252344 0.25408 0.258528 0.242689 0.282165 0.238211 0.247842 0.244565 0.235721 0.22443 0.261487 0.229807 0.234278 0.233265 0.255229 0.251189 0.236316 0.232981 0.225595 0.209405 9.927322e-02 0.869
N:11 Run:8 0.326622 0.217071 0.200413 0.186844 0.222547 0.265103 0.249537 0.249489 0.250542 0.252053 0.22693 0.263012 0.472054 0.379873 0.331202 0.273054 0.272348 0.238807 0.22255 0.24615 0.225157 9.927322e-02 0.869
N:11 Run:9 0.228842 0.221101 0.269402 0.265067 0.305429 0.342617 0.4109 0.508001 0.454171 0.316469 0.431139 0.348406 0.386597 0.301302 0.280184 0.257993 0.256587 0.237733 0.202821 0.213835 0.259075 9.927322e-02 0.869
N:12 Run:0 0.288814 0.262659 0.209484 0.192092 0.240785 0.223346 0.231303 0.208246 0.210522 0.215494 0.212723 0.205028 0.225946 0.211608 0.239536 0.270047 0.212789 0.220624 0.238298 0.227421 0.219734 9.216551e-02 0.867
N:12 Run:1 0.257652 0.219565 0.211273 0.222833 0.255291 0.304198 0.350192 0.287183 0.35086 0.268537 0.30879 0.329057 0.2362 0.228191 0.204768 0.20447 0.225623 0.200635 0.22574 0.234034 0.205446 9.216551e-02 0.867
N:12 Run:2 0.237144 0.25305 0.195786 0.214628 0.19354 0.217801 0.21194 0.230031 0.221507 0.196015 0.213426 0.201111 0.479368 0.405787 0.274821 0.247981 0.21374 0.209424 0.19828 0.222965 0.232943 9.216551e-02 0.867
N:12 Run:3 0.211403 0.240184 0.189298 0.188113 0.182049 0.182493 0.179136 0.176105 0.176162 0.17647 0.186089 0.198065 0.24488 0.22141 0.229893 0.236335 0.223057 0.208073 0.2147 0.218682 0.21806 9.216551e-02 0.867
N:12 Run:4 0.257652 0.219565 0.211273 0.222833 0.255291 0.304198 0.350192 0.287183 0.35086 0.268537 0.30879 0.329057 0.461329 0.470323 0.347342 0.322488 0.260559 0.259127 0.247957 0.272261 0.240059 9.216551e-02 0.867
N:12 Run:5 0.237144 0.25305 0.195786 0.214628 0.19354 0.217801 0.21194 0.230031 0.221507 0.196015 0.213426 0.201111 0.198818 0.228787 0.232885 0.231508 0.235537 0.244554 0.200852 0.223069 0.212255 9.216551e-02 0.867
N:12 Run:6 0.200017 0.227251 0.238687 0.222602 0.230458 0.226326 0.216341 0.226042 0.215007 0.207116 0.224298 0.212589 0.235271 0.231251 0.26787 0.248195 0.213607 0.21645 0.224687 0.225119 0.241578 9.216551e-02 0.867
N:12 Run:7 0.231537 0.252344 0.25408 0.258528 0.242689 0.282165 0.238211 0.247842 0.244565 0.235721 0.22443 0.261487 0.229807 0.234278 0.233265 0.255229 0.251189 0.236316 0.232981 0.225595 0.209405 9.216551e-02 0.867
N:12 Run:8 0.326622 0.217071 0.200413 0.186844 0.222547 0.265103 0.249537 0.249489 0.250542 0.252053 0.22693 0.263012 0.472054 0.379873 0.331202 0.273054 0.272348 0.238807 0.22255 0.24615 0.225157 9.216551e-02 0.867
N:12 Run:9 0.228842 0.221101 0.269402 0.265067 0.305429 0.342617 0.4109 0.508001 0.454171 0.316469 0.431139 0.348406 0.386597 0.301302 0.280184 0.257993 0.256587 0.237733 0.202821 0.213835 0.259075 9.216551e-02 0.867
N:13 Run:0 0.288814 0.262659 0.209484 0.192092 0.240785 0.223346 0.231303 0.208246 0.210522 0.215494 0.212723 0.205028 0.225946 0.211608 0.239536 0.270047 0.212789 0.220624 0.238298 0.227421 0.219734 1.052895e-01 0.875
N:13 Run:1 0.257652 0.219565 0.211273 0.222833 0.255291 0.304198 0.350192 0.287183 0.35086 0.268537 0.30879 0.329057 0.2362 0.228191 0.204768 0.20447 0.225623 0.200635 0.22574 0.234034 0.205446 1.052895e-01 0.875
N:13 Run:2 0.237144 0.25305 0.195786 0.214628 0.19354 0.217801 0.21194 0.230031 0.221507 0.196015 0.213426 0.201111 0.479368 0.405787 0.274821 0.247981 0.21374 0.209424 0.19828 0.222965 0.232943 1.052895e-01 0.875
N:13 Run:3 0.211403 0.240184 0.189298 0.188113 0.182049 0.182493 0.179136 0.176105 0.176162 0.17647 0.186089 0.198065 0.24488 0.22141 0.229893 0.236335 0.223057 0.208073 0.2147 0.218682 0.21806 1.052895e-01 0.875
N:13 Run:4 0.257652 0.219565 0.211273 0.222833 0.255291 0.304198 0.350192 0.287183 0.35086 0.268537 0.30879 0.329057 0.461329 0.470323 0.347342 0.322488 0.260559 0.259127 0.247957 0.272261 0.240059 1.052895e-01 0.875
N:13 Run:5 0.237144 0.25305 0.195786 0.214628 0.19354 0.217801 0.21194 0.230031 0.221507 0.196015 0.213426 0.201111 0.198818 0.228787 0.232885 0.231508 0.235537 0.244554 0.200852 0.223069 0.212255 1.052895e-01 0.875
N:13 Run:6 0.200017 0.227251 0.238687 0.222602 0.230458 0.226326 0.216341 0.226042 0.215007 0.207116 0.224298 0.212589 0.235271 0.231251 0.26787 0.248195 0.213607 0.21645 0.224687 0.225119 0.241578 1.052895e-01 0.875
N:13 Run:7 0.231537 0.252344 0.25408 0.258528 0.242689 0.282165 0.238211 0.247842 0.244565 0.235721 0.22443 0.261487 0.229807 0.234278 0.233265 0.255229 0.251189 0.236316 0.232981 0.225595 0.209405 1.052895e-01 0.875
N:13 Run:8 0.326622 0.217071 0.200413 0.186844 0.222547 0.265103 0.249537 0.249489 0.250542 0.252053 0.22693 0.263012 0.472054 0.379873 0.331202 0.273054 0.272348 0.238807 0.22255 0.24615 0.225157 1.052895e-01 0.875
N:13 Run:9 0.228842 0.221101 0.269402 0.265067 0.305429 0.342617 0.4109 0.508001 0.454171 0.316469 0.431139 0.348406 0.386597 0.301302 0.280184 0.257993 0.256587 0.237733 0.202821 0.213835 0.259075 1.052895e-01 0.875
N:14 Run:0 0.288814 0.262659 0.209484 0.192092 0.240785 0.223346 0.231303 0.208246 0.210522 0.215494 0.212723 0.205028 0.225946 0.211608 0.239536 0.270047 0.212789 0.220624 0.238298 0.227421 0.219734 9.833142e-02 0.875
N:14 Run:1 0.257652 0.219565 0.211273 0.222833 0.255291 0.304198 0.350192 0.287183 0.35086 0.268537 0.30879 0.329057 0.2362 0.228191 0.204768 0.20447 0.225623 0.200635 0.22574 0.234034 0.205446 9.833142e-02 0.875
N:14 Run:2 0.237144 0.25305 0.195786 0.214628 0.19354 0.217801 0.21194 0.230031 0.221507 0.196015 0.213426 0.201111 0.479368 0.405787 0.274821 0.247981 0.21374 0.209424 0.19828 0.222965 0.232943 9.833142e-02 0.875
N:14 Run:3 0.211403 0.240184 0.189298 0.188113 0.182049 0.182493 0.179136 0.176105 0.176162 0.17647 0.186089 0.198065 0.24488 0.22141 0.229893 0.236335 0.223057 0.208073 0.2147 0.218682 0.21806 9.833142e-02 0.875
N:14 Run:4 0.257652 0.219565 0.211273 0.222833 0.255291 0.304198 0.350192 0.287183 0.35086 0.268537 0.30879 0.329057 0.461329 0.470323 0.347342 0.322488 0.260559 0.259127 0.247957 0.272261 0.240059 9.833142e-02 0.875
N:14 Run:5 0.237144 0.25305 0.195786 0.214628 0.19354 0.217801 0.21194 0.230031 0.221507 0.196015 0.213426 0.201111 0.198818 0.228787 0.232885 0.231508 0.235537 0.244554 0.200852 0.223069 0.212255 9.833142e-02 0.875
N:14 Run:6 0.200017 0.227251 0.238687 0.222602 0.230458 0.226326 0.216341 0.226042 0.215007 0.207116 0.224298 0.212589 0.235271 0.231251 0.26787 0.248195 0.213607 0.21645 0.224687 0.225119 0.241578 9.833142e-02 0.875
N:14 Run:7 0.231537 0.252344 0.25408 0.258528 0.242689 0.282165 0.238211 0.247842 0.244565 0.235721 0.22443 0.261487 0.229807 0.234278 0.233265 0.255229 0.251189 0.236316 0.232981 0.225595 0.209405 9.833142e-02 0.875
N:14 Run:8 0.326622 0.217071 0.200413 0.186844 0.222547 0.265103 0.249537 0.249489 0.250542 0.252053 0.22693 0.263012 0.472054 0.379873 0.331202 0.273054 0.272348 0.238807 0.22255 0.24615 0.225157 9.833142e-02 0.875
N:14 Run:9 0.228842 0.221101 0.269402 0.265067 0.305429 0.342617 0.4109 0.508001 0.454171 0.316469 0.431139 0.348406 0.386597 0.301302 0.280184 0.257993 0.256587 0.237733 0.202821 0.213835 0.259075 9.833142e-02 0.875
N:15 Run:0 0.288814 0.262659 0.209484 0.192092 0.240785 0.223346 0.231303 0.208246 0.210522 0.215494 0.212723 0.205028 0.225946 0.211608 0.239536 0.270047 0.212789 0.220624 0.238298 0.227421 0.219734 1.050278e-01 0.856
N:15 Run:1 0.257652 0.219565 0.211273 0.222833 0.255291 0.304198 0.350192 0.287183 0.35086 0.268537 0.30879 0.329057 0.2362 0.228191 0.204768 0.20447 0.225623 0.200635 0.22574 0.234034 0.205446 1.050278e-01 0.856
N:15 Run:2 0.237144 0.25305 0.195786 0.214628 0.19354 0.217801 0.21194 0.230031 0.221507 0.196015 0.213426 0.201111 0.479368 0.405787 0.274821 0.247981 0.21374 0.209424 0.19828 0.222965 0.232943 1.050278e-01 0.856
N:15 Run:3 0.211403 0.240184 0.189298 0.188113 0.182049 0.182493 0.179136 0.176105 0.176162 0.17647 0.186089 0.198065 0.24488 0.22141 0.229893 0.236335 0.223057 0.208073 0.2147 0.218682 0.21806 1.050278e-01 0.856
N:15 Run:4 0.257652 0.219565 0.211273 0.222833 0.255291 0.304198 0.350192 0.287183 0.35086 0.268537 0.30879 0.329057 0.461329 0.470323 0.347342 0.322488 0.260559 0.259127 0.247957 0.272261 0.240059 1.050278e-01 0.856
N:15 Run:5 0.237144 0.25305 0.195786 0.214628 0.19354 0.217801 0.21194 0.230031 0.221507 0.196015 0.213426 0.201111 0.198818 0.228787 0.232885 0.231508 0.235537 0.244554 0.200852 0.223069 0.212255 1.050278e-01 0.856
N:15 Run:6 0.200017 0.227251 0.238687 0.222602 0.230458 0.226326 0.216341 0.226042 0.215007 0.207116 0.224298 0.212589 0.235271 0.231251 0.26787 0.248195 0.213607 0.21645 0.224687 0.225119 0.241578 1.050278e-01 0.856
N:15 Run:7 0.231537 0.252344 0.25408 0.258528 0.242689 0.282165 0.238211 0.247842 0.244565 0.235721 0.22443 0.261487 0.229807 0.234278 0.233265 0.255229 0.251189 0.236316 0.232981 0.225595 0.209405 1.050278e-01 0.856
N:15 Run:8 0.326622 0.217071 0.200413 0.186844 0.222547 0.265103 0.249537 0.249489 0.250542 0.252053 0.22693 0.263012 0.472054 0.379873 0.331202 0.273054 0.272348 0.238807 0.22255 0.24615 0.225157 1.050278e-01 0.856
N:15 Run:9 0.228842 0.221101 0.269402 0.265067 0.305429 0.342617 0.4109 0.508001 0.454171 0.316469 0.431139 0.348406 0.386597 0.301302 0.280184 0.257993 0.256587 0.237733 0.202821 0.213835 0.259075 1.050278e-01 0.856
N:16 Run:0 0.288814 0.262659 0.209484 0.192092 0.240785 0.223346 0.231303 0.208246 0.210522 0.215494 0.212723 0.205028 0.225946 0.211608 0.239536 0.270047 0.212789 0.220624 0.238298 0.227421 0.219734 1.093008e-01 0.852
N:16 Run:1 0.257652 0.219565 0.211273 0.222833 0.255291 0.304198 0.350192 0.287183 0.35086 0.268537 0.30879 0.329057 0.2362 0.228191 0.204768 0.20447 0.225623 0.200635 0.22574 0.234034 0.205446 1.093008e-01 0.852
N:16 Run:2 0.237144 0.25305 0.195786 0.214628 0.19354 0.217801 0.21194 0.230031 0.221507 0.196015 0.213426 0.201111 0.479368 0.405787 0.274821 0.247981 0.21374 0.209424 0.19828 0.222965 0.232943 1.093008e-01 0.852
N:16 Run:3 0.211403 0.240184 0.189298 0.188113 0.182049 0.182493 0.179136 0.176105 0.176162 0.17647 0.186089 0.198065 0.24488 0.22141 0.229893 0.236335 0.223057 0.208073 0.2147 0.218682 0.21806 1.093008e-01 0.852
N:16 Run:4 0.257652 0.219565 0.211273 0.222833 0.255291 0.304198 0.350192 0.287183 0.35086 0.268537 0.30879 0.329057 0.461329 0.470323 0.347342 0.322488 0.260559 0.259127 0.247957 0.272261 0.240059 1.093008e-01 0.852
N:16 Run:5 0.237144 0.25305 0.195786 0.214628 0.19354 0.217801 0.21194 0.230031 0.221507 0.196015 0.213426 0.201111 0.198818 0.228787 0.232885 0.231508 0.235537 0.244554 0.200852 0.223069 0.212255 1.093008e-01 0.852
N:16 Run:6 0.200017 0.227251 0.238687 0.222602 0.230458 0.226326 0.216341 0.226042 0.215007 0.207116 0.224298 0.212589 0.235271 0.231251 0.26787 0.248195 0.213607 0.21645 0.224687 0.225119 0.241578 1.093008e-01 0.852
N:16 Run:7 0.231537 0.252344 0.25408 0.258528 0.242689 0.282165 0.238211 0.247842 0.244565 0.235721 0.22443 0.261487 0.229807 0.234278 0.233265 0.255229 0.251189 0.236316 0.232981 0.225595 0.209405 1.093008e-01 0.852
N:16 Run:8 0.326622 0.217071 0.200413 0.186844 0.222547 0.265103 0.249537 0.249489 0.250542 0.252053 0.22693 0.263012 0.472054 0.379873 0.331202 0.273054 0.272348 0.238807 0.22255 0.24615 0.225157 1.093008e-01 0.852
N:16 Run:9 0.228842 0.221101 0.269402 0.265067 0.305429 0.342617 0.4109 0.508001 0.454171 0.316469 0.431139 0.348406 0.386597 0.301302 0.280184 0.257993 0.256587 0.237733 0.202821 0.213835 0.259075 1.093008e-01 0.852
N:17 Run:0 0.288814 0.262659 0.209484 0.192092 0.240785 0.223346 0.231303 0.208246 0.210522 0.215494 0.212723 0.205028 0.225946 0.211608 0.239536 0.270047 0.212789 0.220624 0.238298 0.227421 0.219734 9.766722e-02 0.860
N:17 Run:1 0.257652 0.219565 0.211273 0.222833 0.255291 0.304198 0.350192 0.287183 0.35086 0.268537 0.30879 0.329057 0.2362 0.228191 0.204768 0.20447 0.225623 0.200635 0.22574 0.234034 0.205446 9.766722e-02 0.860
N:17 Run:2 0.237144 0.25305 0.195786 0.214628 0.19354 0.217801 0.21194 0.230031 0.221507 0.196015 0.213426 0.201111 0.479368 0.405787 0.274821 0.247981 0.21374 0.209424 0.19828 0.222965 0.232943 9.766722e-02 0.860
N:17 Run:3 0.211403 0.240184 0.189298 0.188113 0.182049 0.182493 0.179136 0.176105 0.176162 0.17647 0.186089 0.198065 0.24488 0.22141 0.229893 0.236335 0.223057 0.208073 0.2147 0.218682 0.21806 9.766722e-02 0.860
N:17 Run:4 0.257652 0.219565 0.211273 0.222833 0.255291 0.304198 0.350192 0.287183 0.35086 0.268537 0.30879 0.329057 0.461329 0.470323 0.347342 0.322488 0.260559 0.259127 0.247957 0.272261 0.240059 9.766722e-02 0.860
N:17 Run:5 0.237144 0.25305 0.195786 0.214628 0.19354 0.217801 0.21194 0.230031 0.221507 0.196015 0.213426 0.201111 0.198818 0.228787 0.232885 0.231508 0.235537 0.244554 0.200852 0.223069 0.212255 9.766722e-02 0.860
N:17 Run:6 0.200017 0.227251 0.238687 0.222602 0.230458 0.226326 0.216341 0.226042 0.215007 0.207116 0.224298 0.212589 0.235271 0.231251 0.26787 0.248195 0.213607 0.21645 0.224687 0.225119 0.241578 9.766722e-02 0.860
N:17 Run:7 0.231537 0.252344 0.25408 0.258528 0.242689 0.282165 0.238211 0.247842 0.244565 0.235721 0.22443 0.261487 0.229807 0.234278 0.233265 0.255229 0.251189 0.236316 0.232981 0.225595 0.209405 9.766722e-02 0.860
N:17 Run:8 0.326622 0.217071 0.200413 0.186844 0.222547 0.265103 0.249537 0.249489 0.250542 0.252053 0.22693 0.263012 0.472054 0.379873 0.331202 0.273054 0.272348 0.238807 0.22255 0.24615 0.225157 9.766722e-02 0.860
N:17 Run:9 0.228842 0.221101 0.269402 0.265067 0.305429 0.342617 0.4109 0.508001 0.454171 0.316469 0.431139 0.348406 0.386597 0.301302 0.280184 0.257993 0.256587 0.237733 0.202821 0.213835 0.259075 9.766722e-02 0.860
N:18 Run:0 0.288814 0.260741 0.213373 0.190114 0.248578 0.230697 0.236528 0.221696 0.216412 0.220577 0.214703 0.207067 0.228556 0.212504 0.242043 0.279337 0.213739 0.219889 0.242292 0.229746 0.217617 9.171582e-02 0.873
N:18 Run:1 0.257652 0.213557 0.212685 0.23682 0.268176 0.308157 0.344695 0.303837 0.350316 0.278642 0.300084 0.328966 0.228989 0.214798 0.195445 0.193926 0.218543 0.205669 0.229304 0.234614 0.206911 9.171582e-02 0.873
N:18 Run:2 0.237144 0.248439 0.196661 0.214973 0.199954 0.225296 0.222866 0.235598 0.230402 0.190428 0.217989 0.2037 0.431213 0.410884 0.302589 0.260074 0.216232 0.204554 0.194753 0.210736 0.230127 9.171582e-02 0.873
N:18 Run:3 0.211403 0.238821 0.189053 0.18219 0.178202 0.177535 0.175409 0.173458 0.173683 0.173978 0.181248 0.197115 0.237648 0.209269 0.216909 0.22615 0.219105 0.196448 0.19961 0.205984 0.215563 9.171582e-02 0.873
N:18 Run:4 0.257652 0.213557 0.212685 0.23682 0.268176 0.308157 0.344695 0.303837 0.350316 0.278642 0.300084 0.328966 0.442143 0.46119 0.376272 0.355039 0.286782 0.282116 0.255432 0.28747 0.25596 9.171582e-02 0.873
N:18 Run:5 0.237144 0.248439 0.196661 0.214973 0.199954 0.225296 0.222866 0.235598 0.230402 0.190428 0.217989 0.2037 0.192498 0.219901 0.235811 0.223284 0.226622 0.239875 0.193863 0.207514 0.207162 9.171582e-02 0.873
N:18 Run:6 0.200017 0.212263 0.238634 0.22866 0.234568 0.23277 0.213731 0.231198 0.22291 0.21151 0.22751 0.20978 0.235711 0.226678 0.27882 0.239729 0.208146 0.2166 0.229425 0.230473 0.241733 9.171582e-02 0.873
N:18 Run:7 0.231537 0.260289 0.250678 0.261752 0.242146 0.289756 0.242679 0.251553 0.24381 0.23912 0.22765 0.278617 0.247354 0.242555 0.244221 0.266275 0.261489 0.237197 0.226331 0.221896 0.201438 9.171582e-02 0.873
N:18 Run:8 0.326622 0.224458 0.206077 0.194604 0.224735 0.255724 0.245235 0.246857 0.244802 0.249733 0.228555 0.252235 0.424072 0.398179 0.359429 0.29128 0.278003 0.238425 0.226052 0.247462 0.224768 9.171582e-02 0.873
N:18 Run:9 0.228842 0.218447 0.270316 0.25416 0.292064 0.309997 0.379579 0.490712 0.452738 0.320007 0.423671 0.341365 0.395173 0.317906 0.297621 0.267852 0.262435 0.241602 0.196458 0.209942 0.253959 9.171582e-02 0.873
N:19 Run:0 0.288814 0.260741 0.213373 0.190114 0.248578 0.230697 0.236528 0.221696 0.216412 0.220577 0.214703 0.207067 0.228556 0.212504 0.242043 0.279337 0.213739 0.219889 0.242292 0.229746 0.217617 9.278462e-02 0.871
N:19 Run:1 0.257652 0.213557 0.212685 0.23682 0.268176 0.308157 0.344695 0.303837 0.350316 0.278642 0.300084 0.328966 0.228989 0.214798 0.195445 0.193926 0.218543 0.205669 0.229304 0.234614 0.206911 9.278462e-02 0.871
N:19 Run:2 0.237144 0.248439 0.196661 0.214973 0.199954 0.225296 0.222866 0.235598 0.230402 0.190428 0.217989 0.2037 0.431213 0.410884 0.302589 0.260074 0.216232 0.204554 0.194753 0.210736 0.230127 9.278462e-02 0.871
N:19 Run:3 0.211403 0.238821 0.189053 0.18219 0.178202 0.177535 0.175409 0.173458 0.173683 0.173978 0.181248 0.197115 0.237648 0.209269 0.216909 0.22615 0.219105 0.196448 0.19961 0.205984 0.215563 9.278462e-02 0.871
N:19 Run:4 0.257652 0.213557 0.212685 0.23682 0.268176 0.308157 0.344695 0.303837 0.350316 0.278642 0.300084 0.328966 0.442143 0.46119 0.376272 0.355039 0.286782 0.282116 0.255432 0.28747 0.25596 9.278462e-02 0.871
N:19 Run:5 0.237144 0.248439 0.196661 0.214973 0.199954 0.225296 0.222866 0.235598 0.230402 0.190428 0.217989 0.2037 0.192498 0.219901 0.235811 0.223284 0.226622 0.239875 0.193863 0.207514 0.207162 9.278462e-02 0.871
N:19 Run:6 0.200017 0.212263 0.238634 0.22866 0.234568 0.23277 0.213731 0.231198 0.22291 0.21151 0.22751 0.20978 0.235711 0.226678 0.27882 0.239729 0.208146 0.2166 0.229425 0.230473 0.241733 9.278462e-02 0.871
N:19 Run:7 0.231537 0.260289 0.250678 0.261752 0.242146 0.289756 0.242679 0.251553 0.24381 0.23912 0.22765 0.278617 0.247354 0.242555 0.244221 0.266275 0.261489 0.237197 0.226331 0.221896 0.201438 9.278462e-02 0.871
N:19 Run:8 0.326622 0.224458 0.206077 0.194604 0.224735 0.255724 0.245235 0.246857 0.244802 0.249733 0.228555 0.252235 0.424072 0.398179 0.359429 0.29128 0.278003 0.238425 0.226052 0.247462 0.224768 9.278462e-02 0.871
N:19 Run:9 0.228842 0.218447 0.270316 0.25416 0.292064 0.309997 0.379579 0.490712 0.452738 0.320007 0.423671 0.341365 0.395173 0.317906 0.297621 0.267852 0.262435 0.241602 0.196458 0.209942 0.253959 9.278462e-02 0.871
N:20 Run:0 0.288814 0.260741 0.213373 0.190114 0.248578 0.230697 0.236528 0.221696 0.216412 0.220577 0.214703 0.207067 0.228556 0.212504 0.242043 0.279337 0.213739 0.219889 0.242292 0.229746 0.217617 9.531403e-02 0.873
N:20 Run:1 0.257652 0.213557 0.212685 0.23682 0.268176 0.308157 0.344695 0.303837 0.350316 0.278642 0.300084 0.328966 0.228989 0.214798 0.195445 0.193926 0.218543 0.205669 0.229304 0.234614 0.206911 9.531403e-02 0.873
N:20 Run:2 0.237144 0.248439 0.196661 0.214973 0.199954 0.225296 0.222866 0.235598 0.230402 0.190428 0.217989 0.2037 0.431213 0.410884 0.302589 0.260074 0.216232 0.204554 0.194753 0.210736 0.230127 9.531403e-02 0.873
N:20 Run:3 0.211403 0.238821 0.189053 0.18219 0.178202 0.177535 0.175409 0.173458 0.173683 0.173978 0.181248 0.197115 0.237648 0.209269 0.216909 0.22615 0.219105 0.196448 0.19961 0.205984 0.215563 9.531403e-02 0.873
N:20 Run:4 0.257652 0.213557 0.212685 0.23682 0.268176 0.308157 0.344695 0.303837 0.350316 0.278642 0.300084 0.328966 0.442143 0.46119 0.376272 0.355039 0.286782 0.282116 0.255432 0.28747 0.25596 9.531403e-02 0.873
N:20 Run:5 0.237144 0.248439 0.196661 0.214973 0.199954 0.225296 0.222866 0.235598 0.230402 0.190428 0.217989 0.2037 0.192498 0.219901 0.235811 0.223284 0.226622 0.239875 0.193863 0.207514 0.207162 9.531403e-02 0.873
N:20 Run:6 0.200017 0.212263 0.238634 0.22866 0.234568 0.23277 0.213731 0.231198 0.22291 0.21151 0.22751 0.20978 0.235711 0.226678 0.27882 0.239729 0.208146 0.2166 0.229425 0.230473 0.241733 9.531403e-02 0.873
N:20 Run:7 0.231537 0.260289 0.250678 0.261752 0.242146 0.289756 0.242679 0.251553 0.24381 0.23912 0.22765 0.278617 0.247354 0.242555 0.244221 0.266275 0.261489 0.237197 0.226331 0.221896 0.201438 9.531403e-02 0.873
N:20 Run:8 0.326622 0.224458 0.206077 0.194604 0.224735 0.255724 0.245235 0.246857 0.244802 0.249733 0.228555 0.252235 0.424072 0.398179 0.359429 0.29128 0.278003 0.238425 0.226052 0.247462 0.224768 9.531403e-02 0.873
N:20 Run:9 0.228842 0.218447 0.270316 0.25416 0.292064 0.309997 0.379579 0.490712 0.452738 0.320007 0.423671 0.341365 0.395173 0.317906 0.297621 0.267852 0.262435 0.241602 0.196458 0.209942 0.253959 9.531403e-02 0.873
N:21 Run:0 0.288814 0.260741 0.213373 0.190114 0.248578 0.230697 0.236528 0.221696 0.216412 0.220577 0.214703 0.207067 0.228556 0.212504 0.242043 0.279337 0.213739 0.219889 0.242292 0.229746 0.217617 9.731345e-02 0.878
N:21 Run:1 0.257652 0.213557 0.212685 0.23682 0.268176 0.308157 0.344695 0.303837 0.350316 0.278642 0.300084 0.328966 0.228989 0.214798 0.195445 0.193926 0.218543 0.205669 0.229304 0.234614 0.206911 9.731345e-02 0.878
N:21 Run:2 0.237144 0.248439 0.196661 0.214973 0.199954 0.225296 0.222866 0.235598 0.230402 0.190428 0.217989 0.2037 0.431213 0.410884 0.302589 0.260074 0.216232 0.204554 0.194753 0.210736 0.230127 9.731345e-02 0.878
N:21 Run:3 0.211403 0.238821 0.189053 0.18219 0.178202 0.177535 0.175409 0.173458 0.173683 0.173978 0.181248 0.197115 0.237648 0.209269 0.216909 0.22615 0.219105 0.196448 0.19961 0.205984 0.215563 9.731345e-02 0.878
N:21 Run:4 0.257652 0.213557 0.212685 0.23682 0.268176 0.308157 0.344695 0.303837 0.350316 0.278642 0.300084 0.328966 0.442143 0.46119 0.376272 0.355039 0.286782 0.282116 0.255432 0.28747 0.25596 9.731345e-02 0.878
N:21 Run:5 0.237144 0.248439 0.196661 0.214973 0.199954 0.225296 0.222866 0.235598 0.230402 0.190428 0.217989 0.2037 0.192498 0.219901 0.235811 0.223284 0.226622 0.239875 0.193863 0.207514 0.207162 9.731345e-02 0.878
N:21 Run:6 0.200017 0.212263 0.238634 0.22866 0.234568 0.23277 0.213731 0.231198 0.22291 0.21151 0.22751 0.20978 0.235711 0.226678 0.27882 0.239729 0.208146 0.2166 0.229425 0.230473 0.241733 9.731345e-02 0.878
N:21 Run:7 0.231537 0.260289 0.250678 0.261752 0.242146 0.289756 0.242679 0.251553 0.24381 0.23912 0.22765 0.278617 0.247354 0.242555 0.244221 0.266275 0.261489 0.237197 0.226331 0.221896 0.201438 9.731345e-02 0.878
N:21 Run:8 0.326622 0.224458 0.206077 0.194604 0.224735 0.255724 0.245235 0.246857 0.244802 0.249733 0.228555 0.252235 0.424072 0.398179 0.359429 0.29128 0.278003 0.238425 0.226052 0.247462 0.224768 9.731345e-02 0.878
N:21 Run:9 0.228842 0.218447 0.270316 0.25416 0.292064 0.309997 0.379579 0.490712 0.452738 0.320007 0.423671 0.341365 0.395173 0.317906 0.297621 0.267852 0.262435 0.241602 0.196458 0.209942 0.253959 9.731345e-02 0.878
N:22 Run:0 0.288814 0.260741 0.213373 0.190114 0.248578 0.230697 0.236528 0.221696 0.216412 0.220577 0.214703 0.207067 0.228556 0.212504 0.242043 0.279337 0.213739 0.219889 0.242292 0.229746 0.217617 1.090861e-01 0.854
N:22 Run:1 0.257652 0.213557 0.212685 0.23682 0.268176 0.308157 0.344695 0.303837 0.350316 0.278642 0.300084 0.328966 0.228989 0.214798 0.195445 0.193926 0.218543 0.205669 0.229304 0.234614 0.206911 1.090861e-01 0.854
N:22 Run:2 0.237144 0.248439 0.196661 0.214973 0.199954 0.225296 0.222866 0.235598 0.230402 0.190428 0.217989 0.2037 0.431213 0.410884 0.302589 0.260074 0.216232 0.204554 0.194753 0.210736 0.230127 1.090861e-01 0.854
N:22 Run:3 0.211403 0.238821 0.189053 0.18219 0.178202 0.177535 0.175409 0.173458 0.173683 0.173978 0.181248 0.197115 0.237648 0.209269 0.216909 0.22615 0.219105 0.196448 0.19961 0.205984 0.215563 1.090861e-01 0.854
N:22 Run:4 0.257652 0.213557 0.212685 0.23682 0.268176 0.308157 0.344695 0.303837 0.350316 0.278642 0.300084 0.328966 0.442143 0.46119 0.376272 0.355039 0.286782 0.282116 0.255432 0.28747 0.25596 1.090861e-01 0.854
N:22 Run:5 0.237144 0.248439 0.196661 0.214973 0.199954 0.225296 0.222866 0.235598 0.230402 0.190428 0.217989 0.2037 0.192498 0.219901 0.235811 0.223284 0.226622 0.239875 0.193863 0.207514 0.207162 1.090861e-01 0.854
N:22 Run:6 0.200017 0.212263 0.238634 0.22866 0.234568 0.23277 0.213731 0.231198 0.22291 0.21151 0.22751 0.20978 0.235711 0.226678 0.27882 0.239729 0.208146 0.2166 0.229425 0.230473 0.241733 1.090861e-01 0.854
N:22 Run:7 0.231537 0.260289 0.250678 0.261752 0.242146 0.289756 0.242679 0.251553 0.24381 0.23912 0.22765 0.278617 0.247354 0.242555 0.244221 0.266275 0.261489 0.237197 0.226331 0.221896 0.201438 1.090861e-01 0.854
N:22 Run:8 0.326622 0.224458 0.206077 0.194604 0.224735 0.255724 0.245235 0.246857 0.244802 0.249733 0.228555 0.252235 0.424072 0.398179 0.359429 0.29128 0.278003 0.238425 0.226052 0.247462 0.224768 1.090861e-01 0.854
N:22 Run:9 0.228842 0.218447 0.270316 0.25416 0.292064 0.309997 0.379579 0.490712 0.452738 0.320007 0.423671 0.341365 0.395173 0.317906 0.297621 0.267852 0.262435 0.241602 0.196458 0.209942 0.253959 1.090861e-01 0.854
N:23 Run:0 0.288814 0.260741 0.213373 0.190114 0.248578 0.230697 0.236528 0.221696 0.216412 0.220577 0.214703 0.207067 0.228556 0.212504 0.242043 0.279337 0.213739 0.219889 0.242292 0.229746 0.217617 9.220313e-02 0.867
N:23 Run:1 0.257652 0.213557 0.212685 0.23682 0.268176 0.308157 0.344695 0.303837 0.350316 0.278642 0.300084 0.328966 0.228989 0.214798 0.195445 0.193926 0.218543 0.205669 0.229304 0.234614 0.206911 9.220313e-02 0.867
N:23 Run:2 0.237144 0.248439 0.196661 0.214973 0.199954 0.225296 0.222866 0.235598 0.230402 0.190428 0.217989 0.2037 0.431213 0.410884 0.302589 0.260074 0.216232 0.204554 0.194753 0.210736 0.230127 9.220313e-02 0.867
N:23 Run:3 0.211403 0.238821 0.189053 0.18219 0.178202 0.177535 0.175409 0.173458 0.173683 0.173978 0.181248 0.197115 0.237648 0.209269 0.216909 0.22615 0.219105 0.196448 0.19961 0.205984 0.215563 9.220313e-02 0.867
N:23 Run:4 0.257652 0.213557 0.212685 0.23682 0.268176 0.308157 0.344695 0.303837 0.350316 0.278642 0.300084 0.328966 0.442143 0.46119 0.376272 0.355039 0.286782 0.282116 0.255432 0.28747 0.25596 9.220313e-02 0.867
N:23 Run:5 0.237144 0.248439 0.196661 0.214973 0.199954 0.225296 0.222866 0.235598 0.230402 0.190428 0.217989 0.2037 0.192498 0.219901 0.235811 0.223284 0.226622 0.239875 0.193863 0.207514 0.207162 9.220313e-02 0.867
N:23 Run:6 0.200017 0.212263 0.238634 0.22866 0.234568 0.23277 0.213731 0.231198 0.22291 0.21151 0.22751 0.20978 0.235711 0.226678 0.27882 0.239729 0.208146 0.2166 0.229425 0.230473 0.241733 9.220313e-02 0.867
N:23 Run:7 0.231537 0.260289 0.250678 0.261752 0.242146 0.289756 0.242679 0.251553 0.24381 0.23912 0.22765 0.278617 0.247354 0.242555 0.244221 0.266275 0.261489 0.237197 0.226331 0.221896 0.201438 9.220313e-02 0.867
N:23 Run:8 0.326622 0.224458 0.206077 0.194604 0.224735 0.255724 0.245235 0.246857 0.244802 0.249733 0.228555 0.252235 0.424072 0.398179 0.359429 0.29128 0.278003 0.238425 0.226052 0.247462 0.224768 9.220313e-02 0.867
N:23 Run:9 0.228842 0.218447 0.270316 0.25416 0.292064 0.309997 0.379579 0.490712 0.452738 0.320007 0.423671 0.341365 0.395173 0.317906 0.297621 0.267852 0.262435 0.241602 0.196458 0.209942 0.253959 9.220313e-02 0.867
N:24 Run:0 0.288814 0.260741 0.213373 0.190114 0.248578 0.230697 0.236528 0.221696 0.216412 0.220577 0.214703 0.207067 0.228556 0.212504 0.242043 0.279337 0.213739 0.219889 0.242292 0.229746 0.217617 1.047632e-01 0.851
N:24 Run:1 0.257652 0.213557 0.212685 0.23682 0.268176 0.308157 0.344695 0.303837 0.350316 0.278642 0.300084 0.328966 0.228989 0.214798 0.195445 0.193926 0.218543 0.205669 0.229304 0.234614 0.206911 1.047632e-01 0.851
N:24 Run:2 0.237144 0.248439 0.196661 0.214973 0.199954 0.225296 0.222866 0.235598 0.230402 0.190428 0.217989 0.2037 0.431213 0.410884 0.302589 0.260074 0.216232 0.204554 0.194753 0.210736 0.230127 1.047632e-01 0.851
N:24 Run:3 0.211403 0.238821 0.189053 0.18219 0.178202 0.177535 0.175409 0.173458 0.173683 0.173978 0.181248 0.197115 0.237648 0.209269 0.216909 0.22615 0.219105 0.196448 0.19961 0.205984 0.215563 1.047632e-01 0.851
N:24 Run:4 0.257652 0.213557 0.212685 0.23682 0.268176 0.308157 0.344695 0.303837 0.350316 0.278642 0.300084 0.328966 0.442143 0.46119 0.376272 0.355039 0.286782 0.282116 0.255432 0.28747 0.25596 1.047632e-01 0.851
N:24 Run:5 0.237144 0.248439 0.196661 0.214973 0.199954 0.225296 0.222866 0.235598 0.230402 0.190428 0.217989 0.2037 0.192498 0.219901 0.235811 0.223284 0.226622 0.239875 0.193863 0.207514 0.207162 1.047632e-01 0.851
N:24 Run:6 0.200017 0.212263 0.238634 0.22866 0.234568 0.23277 0.213731 0.231198 0.22291 0.21151 0.22751 0.20978 0.235711 0.226678 0.27882 0.239729 0.208146 0.2166 0.229425 0.230473 0.241733 1.047632e-01 0.851
N:24 Run:7 0.231537 0.260289 0.250678 0.261752 0.242146 0.289756 0.242679 0.251553 0.24381 0.23912 0.22765 0.278617 0.247354 0.242555 0.244221 0.266275 0.261489 0.237197 0.226331 0.221896 0.201438 1.047632e-01 0.851
N:24 Run:8 0.326622 0.224458 0.206077 0.194604 0.224735 0.255724 0.245235 0.246857 0.244802 0.249733 0.228555 0.252235 0.424072 0.398179 0.359429 0.29128 0.278003 0.238425 0.226052 0.247462 0.224768 1.047632e-01 0.851
N:24 Run:9 0.228842 0.218447 0.270316 0.25416 0.292064 0.309997 0.379579 0.490712 0.452738 0.320007 0.423671 0.341365 0.395173 0.317906 0.297621 0.267852 0.262435 0.241602 0.196458 0.209942 0.253959 1.047632e-01 0.851
N:25 Run:0 0.288814 0.260741 0.213373 0.190114 0.248578 0.230697 0.236528 0.221696 0.216412 0.220577 0.214703 0.207067 0.228556 0.212504 0.242043 0.279337 0.213739 0.219889 0.242292 0.229746 0.217617 9.768108e-02 0.869
N:25 Run:1 0.257652 0.213557 0.212685 0.23682 0.268176 0.308157 0.344695 0.303837 0.350316 0.278642 0.300084 0.328966 0.228989 0.214798 0.195445 0.193926 0.218543 0.205669 0.229304 0.234614 0.206911 9.768108e-02 0.869
N:25 Run:2 0.237144 0.248439 0.196661 0.214973 0.199954 0.225296 0.222866 0.235598 0.230402 0.190428 0.217989 0.2037 0.431213 0.410884 0.302589 0.260074 0.216232 0.204554 0.194753 0.210736 0.230127 9.768108e-02 0.869
N:25 Run:3 0.211403 0.238821 0.189053 0.18219 0.178202 0.177535 0.175409 0.173458 0.173683 0.173978 0.181248 0.197115 0.237648 0.209269 0.216909 0.22615 0.219105 0.196448 0.19961 0.205984 0.215563 9.768108e-02 0.869
N:25 Run:4 0.257652 0.213557 0.212685 0.23682 0.268176 0.308157 0.344695 0.303837 0.350316 0.278642 0.300084 0.328966 0.442143 0.46119 0.376272 0.355039 0.286782 0.282116 0.255432 0.28747 0.25596 9.768108e-02 0.869
N:25 Run:5 0.237144 0.248439 0.196661 0.214973 0.199954 0.225296 0.222866 0.235598 0.230402 0.190428 0.217989 0.2037 0.192498 0.219901 0.235811 0.223284 0.226622 0.239875 0.193863 0.207514 0.207162 9.768108e-02 0.869
N:25 Run:6 0.200017 0.212263 0.238634 0.22866 0.234568 0.23277 0.213731 0.231198 0.22291 0.21151 0.22751 0.20978 0.235711 0.226678 0.27882 0.239729 0.208146 0.2166 0.229425 0.230473 0.241733 9.768108e-02 0.869
N:25 Run:7 0.231537 0.260289 0.250678 0.261752 0.242146 0.289756 0.242679 0.251553 0.24381 0.23912 0.22765 0.278617 0.247354 0.242555 0.244221 0.266275 0.261489 0.237197 0.226331 0.221896 0.201438 9.768108e-02 0.869
N:25 Run:8 0.326622 0.224458 0.206077 0.194604 0.224735 0.255724 0.245235 0.246857 0.244802 0.249733 0.228555 0.252235 0.424072 0.398179 0.359429 0.29128 0.278003 0.238425 0.226052 0.247462 0.224768 9.768108e-02 0.869
N:25 Run:9 0.228842 0.218447 0.270316 0.25416 0.292064 0.309997 0.379579 0.490712 0.452738 0.320007 0.423671 0.341365 0.395173 0.317906 0.297621 0.267852 0.262435 0.241602 0.196458 0.209942 0.253959 9.768108e-02 0.869
N:26 Run:0 0.288814 0.260741 0.213373 0.190114 0.248578 0.230697 0.236528 0.221696 0.216412 0.220577 0.214703 0.207067 0.228556 0.212504 0.242043 0.279337 0.213739 0.219889 0.242292 0.229746 0.217617 1.045071e-01 0.860
N:26 Run:1 0.257652 0.213557 0.212685 0.23682 0.268176 0.308157 0.344695 0.303837 0.350316 0.278642 0.300084 0.328966 0.228989 0.214798 0.195445 0.193926 0.218543 0.205669 0.229304 0.234614 0.206911 1.045071e-01 0.860
N:26 Run:2 0.237144 0.248439 0.196661 0.214973 0.199954 0.225296 0.222866 0.235598 0.230402 0.190428 0.217989 0.2037 0.431213 0.410884 0.302589 0.260074 0.216232 0.204554 0.194753 0.210736 0.230127 1.045071e-01 0.860
N:26 Run:3 0.211403 0.238821 0.189053 0.18219 0.178202 0.177535 0.175409 0.173458 0.173683 0.173978 0.181248 0.197115 0.237648 0.209269 0.216909 0.22615 0.219105 0.196448 0.19961 0.205984 0.215563 1.045071e-01 0.860
N:26 Run:4 0.257652 0.213557 0.212685 0.23682 0.268176 0.308157 0.344695 0.303837 0.350316 0.278642 0.300084 0.328966 0.442143 0.46119 0.376272 0.355039 0.286782 0.282116 0.255432 0.28747 0.25596 1.045071e-01 0.860
N:26 Run:5 0.237144 0.248439 0.196661 0.214973 0.199954 0.225296 0.222866 0.235598 0.230402 0.190428 0.217989 0.2037 0.192498 0.219901 0.235811 0.223284 0.226622 0.239875 0.193863 0.207514 0.207162 1.045071e-01 0.860
N:26 Run:6 0.200017 0.212263 0.238634 0.22866 0.234568 0.23277 0.213731 0.231198 0.22291 0.21151 0.22751 0.20978 0.235711 0.226678 0.27882 0.239729 0.208146 0.2166 0.229425 0.230473 0.241733 1.045071e-01 0.860
N:26 Run:7 0.231537 0.260289 0.250678 0.261752 0.242146 0.289756 0.242679 0.251553 0.24381 0.23912 0.22765 0.278617 0.247354 0.242555 0.244221 0.266275 0.261489 0.237197 0.226331 0.221896 0.201438 1.045071e-01 0.860
N:26 Run:8 0.326622 0.224458 0.206077 0.194604 0.224735 0.255724 0.245235 0.246857 0.244802 0.249733 0.228555 0.252235 0.424072 0.398179 0.359429 0.29128 0.278003 0.238425 0.226052 0.247462 0.224768 1.045071e-01 0.860
N:26 Run:9 0.228842 0.218447 0.270316 0.25416 0.292064 0.309997 0.379579 0.490712 0.452738 0.320007 0.423671 0.341365 0.395173 0.317906 0.297621 0.267852 0.262435 0.241602 0.196458 0.209942 0.253959 1.045071e-01 0.860
N:27 Run:0 0.288814 0.260741 0.213373 0.190114 0.248578 0.230697 0.236528 0.221696 0.216412 0.220577 0.214703 0.207067 0.228556 0.212504 0.242043 0.279337 0.213739 0.219889 0.242292 0.229746 0.217617 9.643548e-02 0.874
N:27 Run:1 0.257652 0.213557 0.212685 0.23682 0.268176 0.308157 0.344695 0.303837 0.350316 0.278642 0.300084 0.328966 0.228989 0.214798 0.195445 0.193926 0.218543 0.205669 0.229304 0.234614 0.206911 9.643548e-02 0.874
N:27 Run:2 0.237144 0.248439 0.196661 0.214973 0.199954 0.225296 0.222866 0.235598 0.230402 0.190428 0.217989 0.2037 0.431213 0.410884 0.302589 0.260074 0.216232 0.204554 0.194753 0.210736 0.230127 9.643548e-02 0.874
N:27 Run:3 0.211403 0.238821 0.189053 0.18219 0.178202 0.177535 0.175409 0.173458 0.173683 0.173978 0.181248 0.197115 0.237648 0.209269 0.216909 0.22615 0.219105 0.196448 0.19961 0.205984 0.215563 9.643548e-02 0.874
N:27 Run:4 0.257652 0.213557 0.212685 0.23682 0.268176 0.308157 0.344695 0.303837 0.350316 0.278642 0.300084 0.328966 0.442143 0.46119 0.376272 0.355039 0.286782 0.282116 0.255432 0.28747 0.25596 9.643548e-02 0.874
N:27 Run:5 0.237144 0.248439 0.196661 0.214973 0.199954 0.225296 0.222866 0.235598 0.230402 0.190428 0.217989 0.2037 0.192498 0.219901 0.235811 0.223284 0.226622 0.239875 0.193863 0.207514 0.207162 9.643548e-02 0.874
N:27 Run:6 0.200017 0.212263 0.238634 0.22866 0.234568 0.23277 0.213731 0.231198 0.22291 0.21151 0.22751 0.20978 0.235711 0.226678 0.27882 0.239729 0.208146 0.2166 0.229425 0.230473 0.241733 9.643548e-02 0.874
N:27 Run:7 0.231537 0.260289 0.250678 0.261752 0.242146 0.289756 0.242679 0.251553 0.24381 0.23912 0.22765 0.278617 0.247354 0.242555 0.244221 0.266275 0.261489 0.237197 0.226331 0.221896 0.201438 9.643548e-02 0.874
N:27 Run:8 0.326622 0.224458 0.206077 0.194604 0.224735 0.255724 0.245235 0.246857 0.244802 0.249733 0.228555 0.252235 0.424072 0.398179 0.359429 0.29128 0.278003 0.238425 0.226052 0.247462 0.224768 9.643548e-02 0.874
N:27 Run:9 0.228842 0.218447 0.270316 0.25416 0.292064 0.309997 0.379579 0.490712 0.452738 0.320007 0.423671 0.341365 0.395173 0.317906 0.297621 0.267852 0.262435 0.241602 0.196458 0.209942 0.253959 9.643548e-02 0.874
N:28 Run:0 0.288814 0.260741 0.213373 0.190114 0.248578 0.230697 0.236528 0.221696 0.216412 0.220577 0.214703 0.207067 0.228556 0.212504 0.242043 0.279337 0.213739 0.219889 0.242292 0.229746 0.217617 9.736978e-02 0.870
N:28 Run:1 0.257652 0.213557 0.212685 0.23682 0.268176 0.308157 0.344695 0.303837 0.350316 0.278642 0.300084 0.328966 0.228989 0.214798 0.195445 0.193926 0.218543 0.205669 0.229304 0.234614 0.206911 9.736978e-02 0.870
N:28 Run:2 0.237144 0.248439 0.196661 0.214973 0.199954 0.225296 0.222866 0.235598 0.230402 0.190428 0.217989 0.2037 0.431213 0.410884 0.302589 0.260074 0.216232 0.204554 0.194753 0.210736 0.230127 9.736978e-02 0.870
N:28 Run:3 0.211403 0.238821 0.189053 0.18219 0.178202 0.177535 0.175409 0.173458 0.173683 0.173978 0.181248 0.197115 0.237648 0.209269 0.216909 0.22615 0.219105 0.196448 0.19961 0.205984 0.215563 9.736978e-02 0.870
N:28 Run:4 0.257652 0.213557 0.212685 0.23682 0.268176 0.308157 0.344695 0.303837 0.350316 0.278642 0.300084 0.328966 0.442143 0.46119 0.376272 0.355039 0.286782 0.282116 0.255432 0.28747 0.25596 9.736978e-02 0.870
N:28 Run:5 0.237144 0.248439 0.196661 0.214973 0.199954 0.225296 0.222866 0.235598 0.230402 0.190428 0.217989 0.2037 0.192498 0.219901 0.235811 0.223284 0.226622 0.239875 0.193863 0.207514 0.207162 9.736978e-02 0.870
N:28 Run:6 0.200017 0.212263 0.238634 0.22866 0.234568 0.23277 0.213731 0.231198 0.22291 0.21151 0.22751 0.20978 0.235711 0.226678 0.27882 0.239729 0.208146 0.2166 0.229425 0.230473 0.241733 9.736978e-02 0.870
N:28 Run:7 0.231537 0.260289 0.250678 0.261752 0.242146 0.289756 0.242679 0.251553 0.24381 0.23912 0.22765 0.278617 0.247354 0.242555 0.244221 0.266275 0.261489 0.237197 0.226331 0.221896 0.201438 9.736978e-02 0.870
N:28 Run:8 0.326622 0.224458 0.206077 0.194604 0.224735 0.255724 0.245235 0.246857 0.244802 0.249733 0.228555 0.252235 0.424072 0.398179 0.359429 0.29128 0.278003 0.238425 0.226052 0.247462 0.224768 9.736978e-02 0.870
N:28 Run:9 0.228842 0.218447 0.270316 0.25416 0.292064 0.309997 0.379579 0.490712 0.452738 0.320007 0.423671 0.341365 0.395173 0.317906 0.297621 0.267852 0.262435 0.241602 0.196458 0.209942 0.253959 9.736978e-02 0.870
N:29 Run:0 0.288814 0.260741 0.213373 0.190114 0.248578 0.230697 0.236528 0.221696 0.216412 0.220577 0.214703 0.207067 0.228556 0.212504 0.242043 0.279337 0.213739 0.219889 0.242292 0.229746 0.217617 9.275641e-02 0.870
N:29 Run:1 0.257652 0.213557 0.212685 0.23682 0.268176 0.308157 0.344695 0.303837 0.350316 0.278642 0.300084 0.328966 0.228989 0.214798 0.195445 0.193926 0.218543 0.205669 0.229304 0.234614 0.206911 9.275641e-02 0.870
N:29 Run:2 0.237144 0.248439 0.196661 0.214973 0.199954 0.225296 0.222866 0.235598 0.230402 0.190428 0.217989 0.2037 0.431213 0.410884 0.302589 0.260074 0.216232 0.204554 0.194753 0.210736 0.230127 9.275641e-02 0.870
N:29 Run:3 0.211403 0.238821 0.189053 0.18219 0.178202 0.177535 0.175409 0.173458 0.173683 0.173978 0.181248 0.197115 0.237648 0.209269 0.216909 0.22615 0.219105 0.196448 0.19961 0.205984 0.215563 9.275641e-02 0.870
N:29 Run:4 0.257652 0.213557 0.212685 0.23682 0.268176 0.308157 0.344695 0.303837 0.350316 0.278642 0.300084 0.328966 0.442143 0.46119 0.376272 0.355039 0.286782 0.282116 0.255432 0.28747 0.25596 9.275641e-02 0.870
N:29 Run:5 0.237144 0.248439 0.196661 0.214973 0.199954 0.225296 0.222866 0.235598 0.230402 0.190428 0.217989 0.2037 0.192498 0.219901 0.235811 0.223284 0.226622 0.239875 0.193863 0.207514 0.207162 9.275641e-02 0.870
N:29 Run:6 0.200017 0.212263 0.238634 0.22866 0.234568 0.23277 0.213731 0.231198 0.22291 0.21151 0.22751 0.20978 0.235711 0.226678 0.27882 0.239729 0.208146 0.2166 0.229425 0.230473 0.241733 9.275641e-02 0.870
N:29 Run:7 0.231537 0.260289 0.250678 0.261752 0.242146 0.289756 0.242679 0.251553 0.24381 0.23912 0.22765 0.278617 0.247354 0.242555 0.244221 0.266275 0.261489 0.237197 0.226331 0.221896 0.201438 9.275641e-02 0.870
N:29 Run:8 0.326622 0.224458 0.206077 0.194604 0.224735 0.255724 0.245235 0.246857 0.244802 0.249733 0.228555 0.252235 0.424072 0.398179 0.359429 0.29128 0.278003 0.238425 0.226052 0.247462 0.224768 9.275641e-02 0.870
N:29 Run:9 0.228842 0.218447 0.270316 0.25416 0.292064 0.309997 0.379579 0.490712 0.452738 0.320007 0.423671 0.341365 0.395173 0.317906 0.297621 0.267852 0.262435 0.241602 0.196458 0.209942 0.253959 9.275641e-02 0.870
