Seed:1578621680
N:0 Run:0 0.701992 0.649063 0.618068 0.597832 0.616222 0.61115 0.641796 0.669165 0.646653 0.647634 0.668386 0.6448 0.647085 0.638005 0.633705 0.632092 0.620721 0.634392 0.631457 0.627366 0.639364 7.104805e-02 0.686
N:0 Run:1 0.570029 0.618626 0.609748 0.602218 0.611294 0.605929 0.60145 0.606792 0.604517 0.60307 0.619092 0.61142 0.597957 0.633735 0.648404 0.650383 0.633795 0.64368 0.63521 0.620618 0.637685 7.104805e-02 0.686
N:0 Run:2 0.665841 0.640239 0.633115 0.649117 0.645539 0.641289 0.62347 0.620351 0.617523 0.619784 0.612108 0.593004 0.571579 0.605789 0.620409 0.643532 0.645996 0.649357 0.649933 0.632977 0.648882 7.104805e-02 0.686
N:0 Run:3 0.622754 0.642352 0.633656 0.637092 0.632156 0.639551 0.637413 0.64574 0.655294 0.640828 0.647979 0.6414 0.636305 0.654851 0.655119 0.653317 0.649108 0.630383 0.624251 0.629424 0.64139 7.104805e-02 0.686
N:0 Run:4 0.570029 0.618626 0.609748 0.602218 0.611294 0.605929 0.60145 0.606792 0.604517 0.60307 0.619092 0.61142 0.631443 0.627413 0.636421 0.641476 0.640468 0.640242 0.628578 0.631945 0.637083 7.104805e-02 0.686
N:0 Run:5 0.665841 0.640239 0.633115 0.649117 0.645539 0.641289 0.62347 0.620351 0.617523 0.619784 0.612108 0.593004 0.596491 0.604915 0.61049 0.61262 0.617746 0.63963 0.618421 0.630622 0.644233 7.104805e-02 0.686
N:0 Run:6 0.534381 0.599661 0.621459 0.629375 0.630495 0.635883 0.637361 0.632602 0.652616 0.653957 0.635481 0.633989 0.638479 0.649341 0.646383 0.650852 0.652108 0.649834 0.661286 0.643552 0.645853 7.104805e-02 0.686
N:0 Run:7 0.66201 0.661139 0.653373 0.64635 0.649267 0.644298 0.655594 0.631812 0.62397 0.630683 0.636244 0.639974 0.646548 0.639021 0.637228 0.632542 0.623648 0.622553 0.634693 0.649607 0.637494 7.104805e-02 0.686
N:0 Run:8 0.574646 0.615388 0.63342 0.601485 0.555314 0.530499 0.516413 0.504949 0.500021 0.502385 0.512636 0.514884 0.529929 0.579346 0.601946 0.626797 0.639802 0.643041 0.661456 0.658374 0.653793 7.104805e-02 0.686
N:0 Run:9 0.524796 0.604471 0.613432 0.59918 0.602789 0.60945 0.606922 0.608819 0.631112 0.608646 0.636065 0.634915 0.651229 0.646033 0.643129 0.651407 0.645756 0.650995 0.647381 0.654872 0.661989 7.104805e-02 0.686
N:1 Run:0 0.701992 0.645873 0.616178 0.598591 0.616442 0.6112 0.644 0.675641 0.64703 0.647791 0.673246 0.644629 0.647295 0.637397 0.632333 0.631035 0.61981 0.63461 0.631115 0.626196 0.63906 7.091285e-02 0.687
N:1 Run:1 0.570029 0.620442 0.610144 0.602934 0.61169 0.606352 0.602218 0.607174 0.60513 0.603372 0.618929 0.610943 0.582476 0.631045 0.649444 0.65116 0.632892 0.643924 0.633945 0.619403 0.638269 7.091285e-02 0.687
N:1 Run:2 0.665841 0.638112 0.631393 0.649639 0.645279 0.640631 0.622321 0.619104 0.616989 0.619146 0.611592 0.594994 0.569994 0.606587 0.620806 0.645105 0.646297 0.64962 0.649871 0.631694 0.650055 7.091285e-02 0.687
N:1 Run:3 0.622754 0.643668 0.632802 0.636735 0.631349 0.639678 0.636925 0.645856 0.656611 0.639811 0.648223 0.640564 0.634993 0.656612 0.656333 0.65456 0.649047 0.62899 0.623205 0.628418 0.641583 7.091285e-02 0.687
N:1 Run:4 0.570029 0.620442 0.610144 0.602934 0.61169 0.606352 0.602218 0.607174 0.60513 0.603372 0.618929 0.610943 0.631558 0.626315 0.63628 0.641851 0.640381 0.640112 0.627619 0.631419 0.636438 7.091285e-02 0.687
N:1 Run:5 0.665841 0.638112 0.631393 0.649639 0.645279 0.640631 0.622321 0.619104 0.616989 0.619146 0.611592 0.594994 0.59844 0.605838 0.610659 0.612454 0.617639 0.641163 0.61842 0.63051 0.644728 7.091285e-02 0.687
N:1 Run:6 0.534381 0.601826 0.622364 0.62938 0.629765 0.635431 0.636349 0.631198 0.654614 0.654703 0.634195 0.633049 0.637999 0.650209 0.645968 0.651623 0.652676 0.649523 0.663523 0.642882 0.645931 7.091285e-02 0.687
N:1 Run:7 0.66201 0.662346 0.65313 0.645359 0.648891 0.643144 0.657264 0.630718 0.62244 0.629414 0.635597 0.639787 0.646673 0.637836 0.635881 0.631405 0.622687 0.621618 0.634848 0.651144 0.636623 7.091285e-02 0.687
N:1 Run:8 0.574646 0.616195 0.634617 0.591353 0.544543 0.524026 0.51434 0.507356 0.50589 0.507908 0.511674 0.513499 0.525772 0.5799 0.602994 0.628347 0.640693 0.643345 0.664907 0.66011 0.654665 7.091285e-02 0.687
N:1 Run:9 0.524796 0.60775 0.614002 0.600001 0.603211 0.609161 0.606527 0.60823 0.630967 0.608392 0.636771 0.633891 0.652706 0.645744 0.642853 0.652637 0.646031 0.651496 0.64722 0.65609 0.664991 7.091285e-02 0.687
N:2 Run:0 0.701992 0.646907 0.618908 0.603523 0.617021 0.612571 0.644652 0.685988 0.650372 0.648585 0.681428 0.647329 0.648069 0.637639 0.631565 0.630209 0.620376 0.634146 0.630892 0.625589 0.63774 7.082184e-02 0.687
N:2 Run:1 0.570029 0.618531 0.610937 0.605454 0.612647 0.608356 0.60497 0.608709 0.607305 0.605584 0.618482 0.611879 0.559212 0.622848 0.64818 0.650833 0.633003 0.643504 0.633105 0.619991 0.638084 7.082184e-02 0.687
N:2 Run:2 0.665841 0.638032 0.630823 0.649412 0.644684 0.639879 0.622998 0.619207 0.617773 0.619138 0.612683 0.600044 0.561142 0.602912 0.618737 0.644147 0.64526 0.648901 0.649132 0.63159 0.650609 7.082184e-02 0.687
N:2 Run:3 0.622754 0.643467 0.632163 0.635991 0.630776 0.639189 0.636183 0.644976 0.657145 0.639485 0.647932 0.639755 0.63391 0.657847 0.65734 0.656388 0.649161 0.629347 0.623527 0.627447 0.640599 7.082184e-02 0.687
N:2 Run:4 0.570029 0.618531 0.610937 0.605454 0.612647 0.608356 0.60497 0.608709 0.607305 0.605584 0.618482 0.611879 0.630438 0.625365 0.635278 0.641533 0.639947 0.639737 0.627693 0.630913 0.63515 7.082184e-02 0.687
N:2 Run:5 0.665841 0.638032 0.630823 0.649412 0.644684 0.639879 0.622998 0.619207 0.617773 0.619138 0.612683 0.600044 0.602425 0.607762 0.611506 0.613034 0.617841 0.641281 0.620379 0.629986 0.64386 7.082184e-02 0.687
N:2 Run:6 0.534381 0.599272 0.620084 0.627627 0.628316 0.634059 0.634741 0.629916 0.655962 0.655056 0.634265 0.632544 0.637017 0.650036 0.645108 0.651951 0.652793 0.648933 0.666016 0.64346 0.646056 7.082184e-02 0.687
N:2 Run:7 0.66201 0.664015 0.653309 0.644673 0.6481 0.641941 0.65881 0.631762 0.62269 0.628228 0.634264 0.63883 0.645753 0.636701 0.634484 0.630542 0.622897 0.621442 0.634214 0.651462 0.636215 7.082184e-02 0.687
N:2 Run:8 0.574646 0.614048 0.633514 0.571229 0.536706 0.524117 0.519451 0.51745 0.516939 0.517058 0.517208 0.517494 0.520183 0.576484 0.601867 0.627602 0.639585 0.642441 0.668726 0.662308 0.655978 7.082184e-02 0.687
N:2 Run:9 0.524796 0.605168 0.612715 0.602723 0.605202 0.609926 0.607891 0.609217 0.62966 0.610667 0.636273 0.632657 0.653236 0.645204 0.642513 0.653458 0.646556 0.651519 0.646815 0.656865 0.669102 7.082184e-02 0.687
N:3 Run:0 0.701992 0.646907 0.618908 0.603523 0.617021 0.612571 0.644652 0.685988 0.650372 0.648585 0.681428 0.647329 0.648069 0.637639 0.631565 0.630209 0.620376 0.634146 0.630892 0.625589 0.63774 7.096220e-02 0.687
N:3 Run:1 0.570029 0.618531 0.610937 0.605454 0.612647 0.608356 0.60497 0.608709 0.607305 0.605584 0.618482 0.611879 0.559212 0.622848 0.64818 0.650833 0.633003 0.643504 0.633105 0.619991 0.638084 7.096220e-02 0.687
N:3 Run:2 0.665841 0.638032 0.630823 0.649412 0.644684 0.639879 0.622998 0.619207 0.617773 0.619138 0.612683 0.600044 0.561142 0.602912 0.618737 0.644147 0.64526 0.648901 0.649132 0.63159 0.650609 7.096220e-02 0.687
N:3 Run:3 0.622754 0.643467 0.632163 0.635991 0.630776 0.639189 0.636183 0.644976 0.657145 0.639485 0.647932 0.639755 0.63391 0.657847 0.65734 0.656388 0.649161 0.629347 0.623527 0.627447 0.640599 7.096220e-02 0.687
N:3 Run:4 0.570029 0.618531 0.610937 0.605454 0.612647 0.608356 0.60497 0.608709 0.607305 0.605584 0.618482 0.611879 0.630438 0.625365 0.635278 0.641533 0.639947 0.639737 0.627693 0.630913 0.63515 7.096220e-02 0.687
N:3 Run:5 0.665841 0.638032 0.630823 0.649412 0.644684 0.639879 0.622998 0.619207 0.617773 0.619138 0.612683 0.600044 0.602425 0.607762 0.611506 0.613034 0.617841 0.641281 0.620379 0.629986 0.64386 7.096220e-02 0.687
N:3 Run:6 0.534381 0.599272 0.620084 0.627627 0.628316 0.634059 0.634741 0.629916 0.655962 0.655056 0.634265 0.632544 0.637017 0.650036 0.645108 0.651951 0.652793 0.648933 0.666016 0.64346 0.646056 7.096220e-02 0.687
N:3 Run:7 0.66201 0.664015 0.653309 0.644673 0.6481 0.641941 0.65881 0.631762 0.62269 0.628228 0.634264 0.63883 0.645753 0.636701 0.634484 0.630542 0.622897 0.621442 0.634214 0.651462 0.636215 7.096220e-02 0.687
N:3 Run:8 0.574646 0.614048 0.633514 0.571229 0.536706 0.524117 0.519451 0.51745 0.516939 0.517058 0.517208 0.517494 0.520183 0.576484 0.601867 0.627602 0.639585 0.642441 0.668726 0.662308 0.655978 7.096220e-02 0.687
N:3 Run:9 0.524796 0.605168 0.612715 0.602723 0.605202 0.609926 0.607891 0.609217 0.62966 0.610667 0.636273 0.632657 0.653236 0.645204 0.642513 0.653458 0.646556 0.651519 0.646815 0.656865 0.669102 7.096220e-02 0.687
N:4 Run:0 0.701992 0.646907 0.618908 0.603523 0.617021 0.612571 0.644652 0.685988 0.650372 0.648585 0.681428 0.647329 0.648069 0.637639 0.631565 0.630209 0.620376 0.634146 0.630892 0.625589 0.63774 7.106151e-02 0.687
N:4 Run:1 0.570029 0.618531 0.610937 0.605454 0.612647 0.608356 0.60497 0.608709 0.607305 0.605584 0.618482 0.611879 0.559212 0.622848 0.64818 0.650833 0.633003 0.643504 0.633105 0.619991 0.638084 7.106151e-02 0.687
N:4 Run:2 0.665841 0.638032 0.630823 0.649412 0.644684 0.639879 0.622998 0.619207 0.617773 0.619138 0.612683 0.600044 0.561142 0.602912 0.618737 0.644147 0.64526 0.648901 0.649132 0.63159 0.650609 7.106151e-02 0.687
N:4 Run:3 0.622754 0.643467 0.632163 0.635991 0.630776 0.639189 0.636183 0.644976 0.657145 0.639485 0.647932 0.639755 0.63391 0.657847 0.65734 0.656388 0.649161 0.629347 0.623527 0.627447 0.640599 7.106151e-02 0.687
N:4 Run:4 0.570029 0.618531 0.610937 0.605454 0.612647 0.608356 0.60497 0.608709 0.607305 0.605584 0.618482 0.611879 0.630438 0.625365 0.635278 0.641533 0.639947 0.639737 0.627693 0.630913 0.63515 7.106151e-02 0.687
N:4 Run:5 0.665841 0.638032 0.630823 0.649412 0.644684 0.639879 0.622998 0.619207 0.617773 0.619138 0.612683 0.600044 0.602425 0.607762 0.611506 0.613034 0.617841 0.641281 0.620379 0.629986 0.64386 7.106151e-02 0.687
N:4 Run:6 0.534381 0.599272 0.620084 0.627627 0.628316 0.634059 0.634741 0.629916 0.655962 0.655056 0.634265 0.632544 0.637017 0.650036 0.645108 0.651951 0.652793 0.648933 0.666016 0.64346 0.646056 7.106151e-02 0.687
N:4 Run:7 0.66201 0.664015 0.653309 0.644673 0.6481 0.641941 0.65881 0.631762 0.62269 0.628228 0.634264 0.63883 0.645753 0.636701 0.634484 0.630542 0.622897 0.621442 0.634214 0.651462 0.636215 7.106151e-02 0.687
N:4 Run:8 0.574646 0.614048 0.633514 0.571229 0.536706 0.524117 0.519451 0.51745 0.516939 0.517058 0.517208 0.517494 0.520183 0.576484 0.601867 0.627602 0.639585 0.642441 0.668726 0.662308 0.655978 7.106151e-02 0.687
N:4 Run:9 0.524796 0.605168 0.612715 0.602723 0.605202 0.609926 0.607891 0.609217 0.62966 0.610667 0.636273 0.632657 0.653236 0.645204 0.642513 0.653458 0.646556 0.651519 0.646815 0.656865 0.669102 7.106151e-02 0.687
N:5 Run:0 0.701992 0.646907 0.618908 0.603523 0.617021 0.612571 0.644652 0.685988 0.650372 0.648585 0.681428 0.647329 0.648069 0.637639 0.631565 0.630209 0.620376 0.634146 0.630892 0.625589 0.63774 7.123218e-02 0.687
N:5 Run:1 0.570029 0.618531 0.610937 0.605454 0.612647 0.608356 0.60497 0.608709 0.607305 0.605584 0.618482 0.611879 0.559212 0.622848 0.64818 0.650833 0.633003 0.643504 0.633105 0.619991 0.638084 7.123218e-02 0.687
N:5 Run:2 0.665841 0.638032 0.630823 0.649412 0.644684 0.639879 0.622998 0.619207 0.617773 0.619138 0.612683 0.600044 0.561142 0.602912 0.618737 0.644147 0.64526 0.648901 0.649132 0.63159 0.650609 7.123218e-02 0.687
N:5 Run:3 0.622754 0.643467 0.632163 0.635991 0.630776 0.639189 0.636183 0.644976 0.657145 0.639485 0.647932 0.639755 0.63391 0.657847 0.65734 0.656388 0.649161 0.629347 0.623527 0.627447 0.640599 7.123218e-02 0.687
N:5 Run:4 0.570029 0.618531 0.610937 0.605454 0.612647 0.608356 0.60497 0.608709 0.607305 0.605584 0.618482 0.611879 0.630438 0.625365 0.635278 0.641533 0.639947 0.639737 0.627693 0.630913 0.63515 7.123218e-02 0.687
N:5 Run:5 0.665841 0.638032 0.630823 0.649412 0.644684 0.639879 0.622998 0.619207 0.617773 0.619138 0.612683 0.600044 0.602425 0.607762 0.611506 0.613034 0.617841 0.641281 0.620379 0.629986 0.64386 7.123218e-02 0.687
N:5 Run:6 0.534381 0.599272 0.620084 0.627627 0.628316 0.634059 0.634741 0.629916 0.655962 0.655056 0.634265 0.632544 0.637017 0.650036 0.645108 0.651951 0.652793 0.648933 0.666016 0.64346 0.646056 7.123218e-02 0.687
N:5 Run:7 0.66201 0.664015 0.653309 0.644673 0.6481 0.641941 0.65881 0.631762 0.62269 0.628228 0.634264 0.63883 0.645753 0.636701 0.634484 0.630542 0.622897 0.621442 0.634214 0.651462 0.636215 7.123218e-02 0.687
N:5 Run:8 0.574646 0.614048 0.633514 0.571229 0.536706 0.524117 0.519451 0.51745 0.516939 0.517058 0.517208 0.517494 0.520183 0.576484 0.601867 0.627602 0.639585 0.642441 0.668726 0.662308 0.655978 7.123218e-02 0.687
N:5 Run:9 0.524796 0.605168 0.612715 0.602723 0.605202 0.609926 0.607891 0.609217 0.62966 0.610667 0.636273 0.632657 0.653236 0.645204 0.642513 0.653458 0.646556 0.651519 0.646815 0.656865 0.669102 7.123218e-02 0.687
N:6 Run:0 0.701992 0.646907 0.618908 0.603523 0.617021 0.612571 0.644652 0.685988 0.650372 0.648585 0.681428 0.647329 0.648069 0.637639 0.631565 0.630209 0.620376 0.634146 0.630892 0.625589 0.63774 7.086779e-02 0.688
N:6 Run:1 0.570029 0.618531 0.610937 0.605454 0.612647 0.608356 0.60497 0.608709 0.607305 0.605584 0.618482 0.611879 0.559212 0.622848 0.64818 0.650833 0.633003 0.643504 0.633105 0.619991 0.638084 7.086779e-02 0.688
N:6 Run:2 0.665841 0.638032 0.630823 0.649412 0.644684 0.639879 0.622998 0.619207 0.617773 0.619138 0.612683 0.600044 0.561142 0.602912 0.618737 0.644147 0.64526 0.648901 0.649132 0.63159 0.650609 7.086779e-02 0.688
N:6 Run:3 0.622754 0.643467 0.632163 0.635991 0.630776 0.639189 0.636183 0.644976 0.657145 0.639485 0.647932 0.639755 0.63391 0.657847 0.65734 0.656388 0.649161 0.629347 0.623527 0.627447 0.640599 7.086779e-02 0.688
N:6 Run:4 0.570029 0.618531 0.610937 0.605454 0.612647 0.608356 0.60497 0.608709 0.607305 0.605584 0.618482 0.611879 0.630438 0.625365 0.635278 0.641533 0.639947 0.639737 0.627693 0.630913 0.63515 7.086779e-02 0.688
N:6 Run:5 0.665841 0.638032 0.630823 0.649412 0.644684 0.639879 0.622998 0.619207 0.617773 0.619138 0.612683 0.600044 0.602425 0.607762 0.611506 0.613034 0.617841 0.641281 0.620379 0.629986 0.64386 7.086779e-02 0.688
N:6 Run:6 0.534381 0.599272 0.620084 0.627627 0.628316 0.634059 0.634741 0.629916 0.655962 0.655056 0.634265 0.632544 0.637017 0.650036 0.645108 0.651951 0.652793 0.648933 0.666016 0.64346 0.646056 7.086779e-02 0.688
N:6 Run:7 0.66201 0.664015 0.653309 0.644673 0.6481 0.641941 0.65881 0.631762 0.62269 0.628228 0.634264 0.63883 0.645753 0.636701 0.634484 0.630542 0.622897 0.621442 0.634214 0.651462 0.636215 7.086779e-02 0.688
N:6 Run:8 0.574646 0.614048 0.633514 0.571229 0.536706 0.524117 0.519451 0.51745 0.516939 0.517058 0.517208 0.517494 0.520183 0.576484 0.601867 0.627602 0.639585 0.642441 0.668726 0.662308 0.655978 7.086779e-02 0.688
N:6 Run:9 0.524796 0.605168 0.612715 0.602723 0.605202 0.609926 0.607891 0.609217 0.62966 0.610667 0.636273 0.632657 0.653236 0.645204 0.642513 0.653458 0.646556 0.651519 0.646815 0.656865 0.669102 7.086779e-02 0.688
N:7 Run:0 0.701992 0.646907 0.618908 0.603523 0.617021 0.612571 0.644652 0.685988 0.650372 0.648585 0.681428 0.647329 0.648069 0.637639 0.631565 0.630209 0.620376 0.634146 0.630892 0.625589 0.63774 7.101126e-02 0.688
N:7 Run:1 0.570029 0.618531 0.610937 0.605454 0.612647 0.608356 0.60497 0.608709 0.607305 0.605584 0.618482 0.611879 0.559212 0.622848 0.64818 0.650833 0.633003 0.643504 0.633105 0.619991 0.638084 7.101126e-02 0.688
N:7 Run:2 0.665841 0.638032 0.630823 0.649412 0.644684 0.639879 0.622998 0.619207 0.617773 0.619138 0.612683 0.600044 0.561142 0.602912 0.618737 0.644147 0.64526 0.648901 0.649132 0.63159 0.650609 7.101126e-02 0.688
N:7 Run:3 0.622754 0.643467 0.632163 0.635991 0.630776 0.639189 0.636183 0.644976 0.657145 0.639485 0.647932 0.639755 0.63391 0.657847 0.65734 0.656388 0.649161 0.629347 0.623527 0.627447 0.640599 7.101126e-02 0.688
N:7 Run:4 0.570029 0.618531 0.610937 0.605454 0.612647 0.608356 0.60497 0.608709 0.607305 0.605584 0.618482 0.611879 0.630438 0.625365 0.635278 0.641533 0.639947 0.639737 0.627693 0.630913 0.63515 7.101126e-02 0.688
N:7 Run:5 0.665841 0.638032 0.630823 0.649412 0.644684 0.639879 0.622998 0.619207 0.617773 0.619138 0.612683 0.600044 0.602425 0.607762 0.611506 0.613034 0.617841 0.641281 0.620379 0.629986 0.64386 7.101126e-02 0.688
N:7 Run:6 0.534381 0.599272 0.620084 0.627627 0.628316 0.634059 0.634741 0.629916 0.655962 0.655056 0.634265 0.632544 0.637017 0.650036 0.645108 0.651951 0.652793 0.648933 0.666016 0.64346 0.646056 7.101126e-02 0.688
N:7 Run:7 0.66201 0.664015 0.653309 0.644673 0.6481 0.641941 0.65881 0.631762 0.62269 0.628228 0.634264 0.63883 0.645753 0.636701 0.634484 0.630542 0.622897 0.621442 0.634214 0.651462 0.636215 7.101126e-02 0.688
N:7 Run:8 0.574646 0.614048 0.633514 0.571229 0.536706 0.524117 0.519451 0.51745 0.516939 0.517058 0.517208 0.517494 0.520183 0.576484 0.601867 0.627602 0.639585 0.642441 0.668726 0.662308 0.655978 7.101126e-02 0.688
N:7 Run:9 0.524796 0.605168 0.612715 0.602723 0.605202 0.609926 0.607891 0.609217 0.62966 0.610667 0.636273 0.632657 0.653236 0.645204 0.642513 0.653458 0.646556 0.651519 0.646815 0.656865 0.669102 7.101126e-02 0.688
N:8 Run:0 0.701992 0.646907 0.618908 0.603523 0.617021 0.612571 0.644652 0.685988 0.650372 0.648585 0.681428 0.647329 0.648069 0.637639 0.631565 0.630209 0.620376 0.634146 0.630892 0.625589 0.63774 7.111100e-02 0.687
N:8 Run:1 0.570029 0.618531 0.610937 0.605454 0.612647 0.608356 0.60497 0.608709 0.607305 0.605584 0.618482 0.611879 0.559212 0.622848 0.64818 0.650833 0.633003 0.643504 0.633105 0.619991 0.638084 7.111100e-02 0.687
N:8 Run:2 0.665841 0.638032 0.630823 0.649412 0.644684 0.639879 0.622998 0.619207 0.617773 0.619138 0.612683 0.600044 0.561142 0.602912 0.618737 0.644147 0.64526 0.648901 0.649132 0.63159 0.650609 7.111100e-02 0.687
N:8 Run:3 0.622754 0.643467 0.632163 0.635991 0.630776 0.639189 0.636183 0.644976 0.657145 0.639485 0.647932 0.639755 0.63391 0.657847 0.65734 0.656388 0.649161 0.629347 0.623527 0.627447 0.640599 7.111100e-02 0.687
N:8 Run:4 0.570029 0.618531 0.610937 0.605454 0.612647 0.608356 0.60497 0.608709 0.607305 0.605584 0.618482 0.611879 0.630438 0.625365 0.635278 0.641533 0.639947 0.639737 0.627693 0.630913 0.63515 7.111100e-02 0.687
N:8 Run:5 0.665841 0.638032 0.630823 0.649412 0.644684 0.639879 0.622998 0.619207 0.617773 0.619138 0.612683 0.600044 0.602425 0.607762 0.611506 0.613034 0.617841 0.641281 0.620379 0.629986 0.64386 7.111100e-02 0.687
N:8 Run:6 0.534381 0.599272 0.620084 0.627627 0.628316 0.634059 0.634741 0.629916 0.655962 0.655056 0.634265 0.632544 0.637017 0.650036 0.645108 0.651951 0.652793 0.648933 0.666016 0.64346 0.646056 7.111100e-02 0.687
N:8 Run:7 0.66201 0.664015 0.653309 0.644673 0.6481 0.641941 0.65881 0.631762 0.62269 0.628228 0.634264 0.63883 0.645753 0.636701 0.634484 0.630542 0.622897 0.621442 0.634214 0.651462 0.636215 7.111100e-02 0.687
N:8 Run:8 0.574646 0.614048 0.633514 0.571229 0.536706 0.524117 0.519451 0.51745 0.516939 0.517058 0.517208 0.517494 0.520183 0.576484 0.601867 0.627602 0.639585 0.642441 0.668726 0.662308 0.655978 7.111100e-02 0.687
N:8 Run:9 0.524796 0.605168 0.612715 0.602723 0.605202 0.609926 0.607891 0.609217 0.62966 0.610667 0.636273 0.632657 0.653236 0.645204 0.642513 0.653458 0.646556 0.651519 0.646815 0.656865 0.669102 7.111100e-02 0.687
N:9 Run:0 0.701992 0.646907 0.618908 0.603523 0.617021 0.612571 0.644652 0.685988 0.650372 0.648585 0.681428 0.647329 0.648069 0.637639 0.631565 0.630209 0.620376 0.634146 0.630892 0.625589 0.63774 7.094305e-02 0.687
N:9 Run:1 0.570029 0.618531 0.610937 0.605454 0.612647 0.608356 0.60497 0.608709 0.607305 0.605584 0.618482 0.611879 0.559212 0.622848 0.64818 0.650833 0.633003 0.643504 0.633105 0.619991 0.638084 7.094305e-02 0.687
N:9 Run:2 0.665841 0.638032 0.630823 0.649412 0.644684 0.639879 0.622998 0.619207 0.617773 0.619138 0.612683 0.600044 0.561142 0.602912 0.618737 0.644147 0.64526 0.648901 0.649132 0.63159 0.650609 7.094305e-02 0.687
N:9 Run:3 0.622754 0.643467 0.632163 0.635991 0.630776 0.639189 0.636183 0.644976 0.657145 0.639485 0.647932 0.639755 0.63391 0.657847 0.65734 0.656388 0.649161 0.629347 0.623527 0.627447 0.640599 7.094305e-02 0.687
N:9 Run:4 0.570029 0.618531 0.610937 0.605454 0.612647 0.608356 0.60497 0.608709 0.607305 0.605584 0.618482 0.611879 0.630438 0.625365 0.635278 0.641533 0.639947 0.639737 0.627693 0.630913 0.63515 7.094305e-02 0.687
N:9 Run:5 0.665841 0.638032 0.630823 0.649412 0.644684 0.639879 0.622998 0.619207 0.617773 0.619138 0.612683 0.600044 0.602425 0.607762 0.611506 0.613034 0.617841 0.641281 0.620379 0.629986 0.64386 7.094305e-02 0.687
N:9 Run:6 0.534381 0.599272 0.620084 0.627627 0.628316 0.634059 0.634741 0.629916 0.655962 0.655056 0.634265 0.632544 0.637017 0.650036 0.645108 0.651951 0.652793 0.648933 0.666016 0.64346 0.646056 7.094305e-02 0.687
N:9 Run:7 0.66201 0.664015 0.653309 0.644673 0.6481 0.641941 0.65881 0.631762 0.62269 0.628228 0.634264 0.63883 0.645753 0.636701 0.634484 0.630542 0.622897 0.621442 0.634214 0.651462 0.636215 7.094305e-02 0.687
N:9 Run:8 0.574646 0.614048 0.633514 0.571229 0.536706 0.524117 0.519451 0.51745 0.516939 0.517058 0.517208 0.517494 0.520183 0.576484 0.601867 0.627602 0.639585 0.642441 0.668726 0.662308 0.655978 7.094305e-02 0.687
N:9 Run:9 0.524796 0.605168 0.612715 0.602723 0.605202 0.609926 0.607891 0.609217 0.62966 0.610667 0.636273 0.632657 0.653236 0.645204 0.642513 0.653458 0.646556 0.651519 0.646815 0.656865 0.669102 7.094305e-02 0.687
N:10 Run:0 0.701992 0.646907 0.618908 0.603523 0.617021 0.612571 0.644652 0.685988 0.650372 0.648585 0.681428 0.647329 0.648069 0.637639 0.631565 0.630209 0.620376 0.634146 0.630892 0.625589 0.63774 7.104117e-02 0.688
N:10 Run:1 0.570029 0.618531 0.610937 0.605454 0.612647 0.608356 0.60497 0.608709 0.607305 0.605584 0.618482 0.611879 0.559212 0.622848 0.64818 0.650833 0.633003 0.643504 0.633105 0.619991 0.638084 7.104117e-02 0.688
N:10 Run:2 0.665841 0.638032 0.630823 0.649412 0.644684 0.639879 0.622998 0.619207 0.617773 0.619138 0.612683 0.600044 0.561142 0.602912 0.618737 0.644147 0.64526 0.648901 0.649132 0.63159 0.650609 7.104117e-02 0.688
N:10 Run:3 0.622754 0.643467 0.632163 0.635991 0.630776 0.639189 0.636183 0.644976 0.657145 0.639485 0.647932 0.639755 0.63391 0.657847 0.65734 0.656388 0.649161 0.629347 0.623527 0.627447 0.640599 7.104117e-02 0.688
N:10 Run:4 0.570029 0.618531 0.610937 0.605454 0.612647 0.608356 0.60497 0.608709 0.607305 0.605584 0.618482 0.611879 0.630438 0.625365 0.635278 0.641533 0.639947 0.639737 0.627693 0.630913 0.63515 7.104117e-02 0.688
N:10 Run:5 0.665841 0.638032 0.630823 0.649412 0.644684 0.639879 0.622998 0.619207 0.617773 0.619138 0.612683 0.600044 0.602425 0.607762 0.611506 0.613034 0.617841 0.641281 0.620379 0.629986 0.64386 7.104117e-02 0.688
N:10 Run:6 0.534381 0.599272 0.620084 0.627627 0.628316 0.634059 0.634741 0.629916 0.655962 0.655056 0.634265 0.632544 0.637017 0.650036 0.645108 0.651951 0.652793 0.648933 0.666016 0.64346 0.646056 7.104117e-02 0.688
N:10 Run:7 0.66201 0.664015 0.653309 0.644673 0.6481 0.641941 0.65881 0.631762 0.62269 0.628228 0.634264 0.63883 0.645753 0.636701 0.634484 0.630542 0.622897 0.621442 0.634214 0.651462 0.636215 7.104117e-02 0.688
N:10 Run:8 0.574646 0.614048 0.633514 0.571229 0.536706 0.524117 0.519451 0.51745 0.516939 0.517058 0.517208 0.517494 0.520183 0.576484 0.601867 0.627602 0.639585 0.642441 0.668726 0.662308 0.655978 7.104117e-02 0.688
N:10 Run:9 0.524796 0.605168 0.612715 0.602723 0.605202 0.609926 0.607891 0.609217 0.62966 0.610667 0.636273 0.632657 0.653236 0.645204 0.642513 0.653458 0.646556 0.651519 0.646815 0.656865 0.669102 7.104117e-02 0.688
N:11 Run:0 0.701992 0.646907 0.618908 0.603523 0.617021 0.612571 0.644652 0.685988 0.650372 0.648585 0.681428 0.647329 0.648069 0.637639 0.631565 0.630209 0.620376 0.634146 0.630892 0.625589 0.63774 7.104348e-02 0.686
N:11 Run:1 0.570029 0.618531 0.610937 0.605454 0.612647 0.608356 0.60497 0.608709 0.607305 0.605584 0.618482 0.611879 0.559212 0.622848 0.64818 0.650833 0.633003 0.643504 0.633105 0.619991 0.638084 7.104348e-02 0.686
N:11 Run:2 0.665841 0.638032 0.630823 0.649412 0.644684 0.639879 0.622998 0.619207 0.617773 0.619138 0.612683 0.600044 0.561142 0.602912 0.618737 0.644147 0.64526 0.648901 0.649132 0.63159 0.650609 7.104348e-02 0.686
N:11 Run:3 0.622754 0.643467 0.632163 0.635991 0.630776 0.639189 0.636183 0.644976 0.657145 0.639485 0.647932 0.639755 0.63391 0.657847 0.65734 0.656388 0.649161 0.629347 0.623527 0.627447 0.640599 7.104348e-02 0.686
N:11 Run:4 0.570029 0.618531 0.610937 0.605454 0.612647 0.608356 0.60497 0.608709 0.607305 0.605584 0.618482 0.611879 0.630438 0.625365 0.635278 0.641533 0.639947 0.639737 0.627693 0.630913 0.63515 7.104348e-02 0.686
N:11 Run:5 0.665841 0.638032 0.630823 0.649412 0.644684 0.639879 0.622998 0.619207 0.617773 0.619138 0.612683 0.600044 0.602425 0.607762 0.611506 0.613034 0.617841 0.641281 0.620379 0.629986 0.64386 7.104348e-02 0.686
N:11 Run:6 0.534381 0.599272 0.620084 0.627627 0.628316 0.634059 0.634741 0.629916 0.655962 0.655056 0.634265 0.632544 0.637017 0.650036 0.645108 0.651951 0.652793 0.648933 0.666016 0.64346 0.646056 7.104348e-02 0.686
N:11 Run:7 0.66201 0.664015 0.653309 0.644673 0.6481 0.641941 0.65881 0.631762 0.62269 0.628228 0.634264 0.63883 0.645753 0.636701 0.634484 0.630542 0.622897 0.621442 0.634214 0.651462 0.636215 7.104348e-02 0.686
N:11 Run:8 0.574646 0.614048 0.633514 0.571229 0.536706 0.524117 0.519451 0.51745 0.516939 0.517058 0.517208 0.517494 0.520183 0.576484 0.601867 0.627602 0.639585 0.642441 0.668726 0.662308 0.655978 7.104348e-02 0.686
N:11 Run:9 0.524796 0.605168 0.612715 0.602723 0.605202 0.609926 0.607891 0.609217 0.62966 0.610667 0.636273 0.632657 0.653236 0.645204 0.642513 0.653458 0.646556 0.651519 0.646815 0.656865 0.669102 7.104348e-02 0.686
N:12 Run:0 0.701992 0.646907 0.618908 0.603523 0.617021 0.612571 0.644652 0.685988 0.650372 0.648585 0.681428 0.647329 0.648069 0.637639 0.631565 0.630209 0.620376 0.634146 0.630892 0.625589 0.63774 7.091004e-02 0.688
N:12 Run:1 0.570029 0.618531 0.610937 0.605454 0.612647 0.608356 0.60497 0.608709 0.607305 0.605584 0.618482 0.611879 0.559212 0.622848 0.64818 0.650833 0.633003 0.643504 0.633105 0.619991 0.638084 7.091004e-02 0.688
N:12 Run:2 0.665841 0.638032 0.630823 0.649412 0.644684 0.639879 0.622998 0.619207 0.617773 0.619138 0.612683 0.600044 0.561142 0.602912 0.618737 0.644147 0.64526 0.648901 0.649132 0.63159 0.650609 7.091004e-02 0.688
N:12 Run:3 0.622754 0.643467 0.632163 0.635991 0.630776 0.639189 0.636183 0.644976 0.657145 0.639485 0.647932 0.639755 0.63391 0.657847 0.65734 0.656388 0.649161 0.629347 0.623527 0.627447 0.640599 7.091004e-02 0.688
N:12 Run:4 0.570029 0.618531 0.610937 0.605454 0.612647 0.608356 0.60497 0.608709 0.607305 0.605584 0.618482 0.611879 0.630438 0.625365 0.635278 0.641533 0.639947 0.639737 0.627693 0.630913 0.63515 7.091004e-02 0.688
N:12 Run:5 0.665841 0.638032 0.630823 0.649412 0.644684 0.639879 0.622998 0.619207 0.617773 0.619138 0.612683 0.600044 0.602425 0.607762 0.611506 0.613034 0.617841 0.641281 0.620379 0.629986 0.64386 7.091004e-02 0.688
N:12 Run:6 0.534381 0.599272 0.620084 0.627627 0.628316 0.634059 0.634741 0.629916 0.655962 0.655056 0.634265 0.632544 0.637017 0.650036 0.645108 0.651951 0.652793 0.648933 0.666016 0.64346 0.646056 7.091004e-02 0.688
N:12 Run:7 0.66201 0.664015 0.653309 0.644673 0.6481 0.641941 0.65881 0.631762 0.62269 0.628228 0.634264 0.63883 0.645753 0.636701 0.634484 0.630542 0.622897 0.621442 0.634214 0.651462 0.636215 7.091004e-02 0.688
N:12 Run:8 0.574646 0.614048 0.633514 0.571229 0.536706 0.524117 0.519451 0.51745 0.516939 0.517058 0.517208 0.517494 0.520183 0.576484 0.601867 0.627602 0.639585 0.642441 0.668726 0.662308 0.655978 7.091004e-02 0.688
N:12 Run:9 0.524796 0.605168 0.612715 0.602723 0.605202 0.609926 0.607891 0.609217 0.62966 0.610667 0.636273 0.632657 0.653236 0.645204 0.642513 0.653458 0.646556 0.651519 0.646815 0.656865 0.669102 7.091004e-02 0.688
N:13 Run:0 0.701992 0.646907 0.618908 0.603523 0.617021 0.612571 0.644652 0.685988 0.650372 0.648585 0.681428 0.647329 0.648069 0.637639 0.631565 0.630209 0.620376 0.634146 0.630892 0.625589 0.63774 7.106495e-02 0.685
N:13 Run:1 0.570029 0.618531 0.610937 0.605454 0.612647 0.608356 0.60497 0.608709 0.607305 0.605584 0.618482 0.611879 0.559212 0.622848 0.64818 0.650833 0.633003 0.643504 0.633105 0.619991 0.638084 7.106495e-02 0.685
N:13 Run:2 0.665841 0.638032 0.630823 0.649412 0.644684 0.639879 0.622998 0.619207 0.617773 0.619138 0.612683 0.600044 0.561142 0.602912 0.618737 0.644147 0.64526 0.648901 0.649132 0.63159 0.650609 7.106495e-02 0.685
N:13 Run:3 0.622754 0.643467 0.632163 0.635991 0.630776 0.639189 0.636183 0.644976 0.657145 0.639485 0.647932 0.639755 0.63391 0.657847 0.65734 0.656388 0.649161 0.629347 0.623527 0.627447 0.640599 7.106495e-02 0.685
N:13 Run:4 0.570029 0.618531 0.610937 0.605454 0.612647 0.608356 0.60497 0.608709 0.607305 0.605584 0.618482 0.611879 0.630438 0.625365 0.635278 0.641533 0.639947 0.639737 0.627693 0.630913 0.63515 7.106495e-02 0.685
N:13 Run:5 0.665841 0.638032 0.630823 0.649412 0.644684 0.639879 0.622998 0.619207 0.617773 0.619138 0.612683 0.600044 0.602425 0.607762 0.611506 0.613034 0.617841 0.641281 0.620379 0.629986 0.64386 7.106495e-02 0.685
N:13 Run:6 0.534381 0.599272 0.620084 0.627627 0.628316 0.634059 0.634741 0.629916 0.655962 0.655056 0.634265 0.632544 0.637017 0.650036 0.645108 0.651951 0.652793 0.648933 0.666016 0.64346 0.646056 7.106495e-02 0.685
N:13 Run:7 0.66201 0.664015 0.653309 0.644673 0.6481 0.641941 0.65881 0.631762 0.62269 0.628228 0.634264 0.63883 0.645753 0.636701 0.634484 0.630542 0.622897 0.621442 0.634214 0.651462 0.636215 7.106495e-02 0.685
N:13 Run:8 0.574646 0.614048 0.633514 0.571229 0.536706 0.524117 0.519451 0.51745 0.516939 0.517058 0.517208 0.517494 0.520183 0.576484 0.601867 0.627602 0.639585 0.642441 0.668726 0.662308 0.655978 7.106495e-02 0.685
N:13 Run:9 0.524796 0.605168 0.612715 0.602723 0.605202 0.609926 0.607891 0.609217 0.62966 0.610667 0.636273 0.632657 0.653236 0.645204 0.642513 0.653458 0.646556 0.651519 0.646815 0.656865 0.669102 7.106495e-02 0.685
N:14 Run:0 0.701992 0.646907 0.618908 0.603523 0.617021 0.612571 0.644652 0.685988 0.650372 0.648585 0.681428 0.647329 0.648069 0.637639 0.631565 0.630209 0.620376 0.634146 0.630892 0.625589 0.63774 7.104102e-02 0.688
N:14 Run:1 0.570029 0.618531 0.610937 0.605454 0.612647 0.608356 0.60497 0.608709 0.607305 0.605584 0.618482 0.611879 0.559212 0.622848 0.64818 0.650833 0.633003 0.643504 0.633105 0.619991 0.638084 7.104102e-02 0.688
N:14 Run:2 0.665841 0.638032 0.630823 0.649412 0.644684 0.639879 0.622998 0.619207 0.617773 0.619138 0.612683 0.600044 0.561142 0.602912 0.618737 0.644147 0.64526 0.648901 0.649132 0.63159 0.650609 7.104102e-02 0.688
N:14 Run:3 0.622754 0.643467 0.632163 0.635991 0.630776 0.639189 0.636183 0.644976 0.657145 0.639485 0.647932 0.639755 0.63391 0.657847 0.65734 0.656388 0.649161 0.629347 0.623527 0.627447 0.640599 7.104102e-02 0.688
N:14 Run:4 0.570029 0.618531 0.610937 0.605454 0.612647 0.608356 0.60497 0.608709 0.607305 0.605584 0.618482 0.611879 0.630438 0.625365 0.635278 0.641533 0.639947 0.639737 0.627693 0.630913 0.63515 7.104102e-02 0.688
N:14 Run:5 0.665841 0.638032 0.630823 0.649412 0.644684 0.639879 0.622998 0.619207 0.617773 0.619138 0.612683 0.600044 0.602425 0.607762 0.611506 0.613034 0.617841 0.641281 0.620379 0.629986 0.64386 7.104102e-02 0.688
N:14 Run:6 0.534381 0.599272 0.620084 0.627627 0.628316 0.634059 0.634741 0.629916 0.655962 0.655056 0.634265 0.632544 0.637017 0.650036 0.645108 0.651951 0.652793 0.648933 0.666016 0.64346 0.646056 7.104102e-02 0.688
N:14 Run:7 0.66201 0.664015 0.653309 0.644673 0.6481 0.641941 0.65881 0.631762 0.62269 0.628228 0.634264 0.63883 0.645753 0.636701 0.634484 0.630542 0.622897 0.621442 0.634214 0.651462 0.636215 7.104102e-02 0.688
N:14 Run:8 0.574646 0.614048 0.633514 0.571229 0.536706 0.524117 0.519451 0.51745 0.516939 0.517058 0.517208 0.517494 0.520183 0.576484 0.601867 0.627602 0.639585 0.642441 0.668726 0.662308 0.655978 7.104102e-02 0.688
N:14 Run:9 0.524796 0.605168 0.612715 0.602723 0.605202 0.609926 0.607891 0.609217 0.62966 0.610667 0.636273 0.632657 0.653236 0.645204 0.642513 0.653458 0.646556 0.651519 0.646815 0.656865 0.669102 7.104102e-02 0.688
N:15 Run:0 0.701992 0.646907 0.618908 0.603523 0.617021 0.612571 0.644652 0.685988 0.650372 0.648585 0.681428 0.647329 0.648069 0.637639 0.631565 0.630209 0.620376 0.634146 0.630892 0.625589 0.63774 7.092845e-02 0.688
N:15 Run:1 0.570029 0.618531 0.610937 0.605454 0.612647 0.608356 0.60497 0.608709 0.607305 0.605584 0.618482 0.611879 0.559212 0.622848 0.64818 0.650833 0.633003 0.643504 0.633105 0.619991 0.638084 7.092845e-02 0.688
N:15 Run:2 0.665841 0.638032 0.630823 0.649412 0.644684 0.639879 0.622998 0.619207 0.617773 0.619138 0.612683 0.600044 0.561142 0.602912 0.618737 0.644147 0.64526 0.648901 0.649132 0.63159 0.650609 7.092845e-02 0.688
N:15 Run:3 0.622754 0.643467 0.632163 0.635991 0.630776 0.639189 0.636183 0.644976 0.657145 0.639485 0.647932 0.639755 0.63391 0.657847 0.65734 0.656388 0.649161 0.629347 0.623527 0.627447 0.640599 7.092845e-02 0.688
N:15 Run:4 0.570029 0.618531 0.610937 0.605454 0.612647 0.608356 0.60497 0.608709 0.607305 0.605584 0.618482 0.611879 0.630438 0.625365 0.635278 0.641533 0.639947 0.639737 0.627693 0.630913 0.63515 7.092845e-02 0.688
N:15 Run:5 0.665841 0.638032 0.630823 0.649412 0.644684 0.639879 0.622998 0.619207 0.617773 0.619138 0.612683 0.600044 0.602425 0.607762 0.611506 0.613034 0.617841 0.641281 0.620379 0.629986 0.64386 7.092845e-02 0.688
N:15 Run:6 0.534381 0.599272 0.620084 0.627627 0.628316 0.634059 0.634741 0.629916 0.655962 0.655056 0.634265 0.632544 0.637017 0.650036 0.645108 0.651951 0.652793 0.648933 0.666016 0.64346 0.646056 7.092845e-02 0.688
N:15 Run:7 0.66201 0.664015 0.653309 0.644673 0.6481 0.641941 0.65881 0.631762 0.62269 0.628228 0.634264 0.63883 0.645753 0.636701 0.634484 0.630542 0.622897 0.621442 0.634214 0.651462 0.636215 7.092845e-02 0.688
N:15 Run:8 0.574646 0.614048 0.633514 0.571229 0.536706 0.524117 0.519451 0.51745 0.516939 0.517058 0.517208 0.517494 0.520183 0.576484 0.601867 0.627602 0.639585 0.642441 0.668726 0.662308 0.655978 7.092845e-02 0.688
N:15 Run:9 0.524796 0.605168 0.612715 0.602723 0.605202 0.609926 0.607891 0.609217 0.62966 0.610667 0.636273 0.632657 0.653236 0.645204 0.642513 0.653458 0.646556 0.651519 0.646815 0.656865 0.669102 7.092845e-02 0.688
N:16 Run:0 0.701992 0.646907 0.618908 0.603523 0.617021 0.612571 0.644652 0.685988 0.650372 0.648585 0.681428 0.647329 0.648069 0.637639 0.631565 0.630209 0.620376 0.634146 0.630892 0.625589 0.63774 7.111218e-02 0.686
N:16 Run:1 0.570029 0.618531 0.610937 0.605454 0.612647 0.608356 0.60497 0.608709 0.607305 0.605584 0.618482 0.611879 0.559212 0.622848 0.64818 0.650833 0.633003 0.643504 0.633105 0.619991 0.638084 7.111218e-02 0.686
N:16 Run:2 0.665841 0.638032 0.630823 0.649412 0.644684 0.639879 0.622998 0.619207 0.617773 0.619138 0.612683 0.600044 0.561142 0.602912 0.618737 0.644147 0.64526 0.648901 0.649132 0.63159 0.650609 7.111218e-02 0.686
N:16 Run:3 0.622754 0.643467 0.632163 0.635991 0.630776 0.639189 0.636183 0.644976 0.657145 0.639485 0.647932 0.639755 0.63391 0.657847 0.65734 0.656388 0.649161 0.629347 0.623527 0.627447 0.640599 7.111218e-02 0.686
N:16 Run:4 0.570029 0.618531 0.610937 0.605454 0.612647 0.608356 0.60497 0.608709 0.607305 0.605584 0.618482 0.611879 0.630438 0.625365 0.635278 0.641533 0.639947 0.639737 0.627693 0.630913 0.63515 7.111218e-02 0.686
N:16 Run:5 0.665841 0.638032 0.630823 0.649412 0.644684 0.639879 0.622998 0.619207 0.617773 0.619138 0.612683 0.600044 0.602425 0.607762 0.611506 0.613034 0.617841 0.641281 0.620379 0.629986 0.64386 7.111218e-02 0.686
N:16 Run:6 0.534381 0.599272 0.620084 0.627627 0.628316 0.634059 0.634741 0.629916 0.655962 0.655056 0.634265 0.632544 0.637017 0.650036 0.645108 0.651951 0.652793 0.648933 0.666016 0.64346 0.646056 7.111218e-02 0.686
N:16 Run:7 0.66201 0.664015 0.653309 0.644673 0.6481 0.641941 0.65881 0.631762 0.62269 0.628228 0.634264 0.63883 0.645753 0.636701 0.634484 0.630542 0.622897 0.621442 0.634214 0.651462 0.636215 7.111218e-02 0.686
N:16 Run:8 0.574646 0.614048 0.633514 0.571229 0.536706 0.524117 0.519451 0.51745 0.516939 0.517058 0.517208 0.517494 0.520183 0.576484 0.601867 0.627602 0.639585 0.642441 0.668726 0.662308 0.655978 7.111218e-02 0.686
N:16 Run:9 0.524796 0.605168 0.612715 0.602723 0.605202 0.609926 0.607891 0.609217 0.62966 0.610667 0.636273 0.632657 0.653236 0.645204 0.642513 0.653458 0.646556 0.651519 0.646815 0.656865 0.669102 7.111218e-02 0.686
N:17 Run:0 0.701992 0.646907 0.618908 0.603523 0.617021 0.612571 0.644652 0.685988 0.650372 0.648585 0.681428 0.647329 0.648069 0.637639 0.631565 0.630209 0.620376 0.634146 0.630892 0.625589 0.63774 7.095747e-02 0.688
N:17 Run:1 0.570029 0.618531 0.610937 0.605454 0.612647 0.608356 0.60497 0.608709 0.607305 0.605584 0.618482 0.611879 0.559212 0.622848 0.64818 0.650833 0.633003 0.643504 0.633105 0.619991 0.638084 7.095747e-02 0.688
N:17 Run:2 0.665841 0.638032 0.630823 0.649412 0.644684 0.639879 0.622998 0.619207 0.617773 0.619138 0.612683 0.600044 0.561142 0.602912 0.618737 0.644147 0.64526 0.648901 0.649132 0.63159 0.650609 7.095747e-02 0.688
N:17 Run:3 0.622754 0.643467 0.632163 0.635991 0.630776 0.639189 0.636183 0.644976 0.657145 0.639485 0.647932 0.639755 0.63391 0.657847 0.65734 0.656388 0.649161 0.629347 0.623527 0.627447 0.640599 7.095747e-02 0.688
N:17 Run:4 0.570029 0.618531 0.610937 0.605454 0.612647 0.608356 0.60497 0.608709 0.607305 0.605584 0.618482 0.611879 0.630438 0.625365 0.635278 0.641533 0.639947 0.639737 0.627693 0.630913 0.63515 7.095747e-02 0.688
N:17 Run:5 0.665841 0.638032 0.630823 0.649412 0.644684 0.639879 0.622998 0.619207 0.617773 0.619138 0.612683 0.600044 0.602425 0.607762 0.611506 0.613034 0.617841 0.641281 0.620379 0.629986 0.64386 7.095747e-02 0.688
N:17 Run:6 0.534381 0.599272 0.620084 0.627627 0.628316 0.634059 0.634741 0.629916 0.655962 0.655056 0.634265 0.632544 0.637017 0.650036 0.645108 0.651951 0.652793 0.648933 0.666016 0.64346 0.646056 7.095747e-02 0.688
N:17 Run:7 0.66201 0.664015 0.653309 0.644673 0.6481 0.641941 0.65881 0.631762 0.62269 0.628228 0.634264 0.63883 0.645753 0.636701 0.634484 0.630542 0.622897 0.621442 0.634214 0.651462 0.636215 7.095747e-02 0.688
N:17 Run:8 0.574646 0.614048 0.633514 0.571229 0.536706 0.524117 0.519451 0.51745 0.516939 0.517058 0.517208 0.517494 0.520183 0.576484 0.601867 0.627602 0.639585 0.642441 0.668726 0.662308 0.655978 7.095747e-02 0.688
N:17 Run:9 0.524796 0.605168 0.612715 0.602723 0.605202 0.609926 0.607891 0.609217 0.62966 0.610667 0.636273 0.632657 0.653236 0.645204 0.642513 0.653458 0.646556 0.651519 0.646815 0.656865 0.669102 7.095747e-02 0.688
N:18 Run:0 0.701992 0.646907 0.618908 0.603523 0.617021 0.612571 0.644652 0.685988 0.650372 0.648585 0.681428 0.647329 0.648069 0.637639 0.631565 0.630209 0.620376 0.634146 0.630892 0.625589 0.63774 7.109311e-02 0.686
N:18 Run:1 0.570029 0.618531 0.610937 0.605454 0.612647 0.608356 0.60497 0.608709 0.607305 0.605584 0.618482 0.611879 0.559212 0.622848 0.64818 0.650833 0.633003 0.643504 0.633105 0.619991 0.638084 7.109311e-02 0.686
N:18 Run:2 0.665841 0.638032 0.630823 0.649412 0.644684 0.639879 0.622998 0.619207 0.617773 0.619138 0.612683 0.600044 0.561142 0.602912 0.618737 0.644147 0.64526 0.648901 0.649132 0.63159 0.650609 7.109311e-02 0.686
N:18 Run:3 0.622754 0.643467 0.632163 0.635991 0.630776 0.639189 0.636183 0.644976 0.657145 0.639485 0.647932 0.639755 0.63391 0.657847 0.65734 0.656388 0.649161 0.629347 0.623527 0.627447 0.640599 7.109311e-02 0.686
N:18 Run:4 0.570029 0.618531 0.610937 0.605454 0.612647 0.608356 0.60497 0.608709 0.607305 0.605584 0.618482 0.611879 0.630438 0.625365 0.635278 0.641533 0.639947 0.639737 0.627693 0.630913 0.63515 7.109311e-02 0.686
N:18 Run:5 0.665841 0.638032 0.630823 0.649412 0.644684 0.639879 0.622998 0.619207 0.617773 0.619138 0.612683 0.600044 0.602425 0.607762 0.611506 0.613034 0.617841 0.641281 0.620379 0.629986 0.64386 7.109311e-02 0.686
N:18 Run:6 0.534381 0.599272 0.620084 0.627627 0.628316 0.634059 0.634741 0.629916 0.655962 0.655056 0.634265 0.632544 0.637017 0.650036 0.645108 0.651951 0.652793 0.648933 0.666016 0.64346 0.646056 7.109311e-02 0.686
N:18 Run:7 0.66201 0.664015 0.653309 0.644673 0.6481 0.641941 0.65881 0.631762 0.62269 0.628228 0.634264 0.63883 0.645753 0.636701 0.634484 0.630542 0.622897 0.621442 0.634214 0.651462 0.636215 7.109311e-02 0.686
N:18 Run:8 0.574646 0.614048 0.633514 0.571229 0.536706 0.524117 0.519451 0.51745 0.516939 0.517058 0.517208 0.517494 0.520183 0.576484 0.601867 0.627602 0.639585 0.642441 0.668726 0.662308 0.655978 7.109311e-02 0.686
N:18 Run:9 0.524796 0.605168 0.612715 0.602723 0.605202 0.609926 0.607891 0.609217 0.62966 0.610667 0.636273 0.632657 0.653236 0.645204 0.642513 0.653458 0.646556 0.651519 0.646815 0.656865 0.669102 7.109311e-02 0.686
N:19 Run:0 0.701992 0.646907 0.618908 0.603523 0.617021 0.612571 0.644652 0.685988 0.650372 0.648585 0.681428 0.647329 0.648069 0.637639 0.631565 0.630209 0.620376 0.634146 0.630892 0.625589 0.63774 7.111363e-02 0.688
N:19 Run:1 0.570029 0.618531 0.610937 0.605454 0.612647 0.608356 0.60497 0.608709 0.607305 0.605584 0.618482 0.611879 0.559212 0.622848 0.64818 0.650833 0.633003 0.643504 0.633105 0.619991 0.638084 7.111363e-02 0.688
N:19 Run:2 0.665841 0.638032 0.630823 0.649412 0.644684 0.639879 0.622998 0.619207 0.617773 0.619138 0.612683 0.600044 0.561142 0.602912 0.618737 0.644147 0.64526 0.648901 0.649132 0.63159 0.650609 7.111363e-02 0.688
N:19 Run:3 0.622754 0.643467 0.632163 0.635991 0.630776 0.639189 0.636183 0.644976 0.657145 0.639485 0.647932 0.639755 0.63391 0.657847 0.65734 0.656388 0.649161 0.629347 0.623527 0.627447 0.640599 7.111363e-02 0.688
N:19 Run:4 0.570029 0.618531 0.610937 0.605454 0.612647 0.608356 0.60497 0.608709 0.607305 0.605584 0.618482 0.611879 0.630438 0.625365 0.635278 0.641533 0.639947 0.639737 0.627693 0.630913 0.63515 7.111363e-02 0.688
N:19 Run:5 0.665841 0.638032 0.630823 0.649412 0.644684 0.639879 0.622998 0.619207 0.617773 0.619138 0.612683 0.600044 0.602425 0.607762 0.611506 0.613034 0.617841 0.641281 0.620379 0.629986 0.64386 7.111363e-02 0.688
N:19 Run:6 0.534381 0.599272 0.620084 0.627627 0.628316 0.634059 0.634741 0.629916 0.655962 0.655056 0.634265 0.632544 0.637017 0.650036 0.645108 0.651951 0.652793 0.648933 0.666016 0.64346 0.646056 7.111363e-02 0.688
N:19 Run:7 0.66201 0.664015 0.653309 0.644673 0.6481 0.641941 0.65881 0.631762 0.62269 0.628228 0.634264 0.63883 0.645753 0.636701 0.634484 0.630542 0.622897 0.621442 0.634214 0.651462 0.636215 7.111363e-02 0.688
N:19 Run:8 0.574646 0.614048 0.633514 0.571229 0.536706 0.524117 0.519451 0.51745 0.516939 0.517058 0.517208 0.517494 0.520183 0.576484 0.601867 0.627602 0.639585 0.642441 0.668726 0.662308 0.655978 7.111363e-02 0.688
N:19 Run:9 0.524796 0.605168 0.612715 0.602723 0.605202 0.609926 0.607891 0.609217 0.62966 0.610667 0.636273 0.632657 0.653236 0.645204 0.642513 0.653458 0.646556 0.651519 0.646815 0.656865 0.669102 7.111363e-02 0.688
N:20 Run:0 0.701992 0.646907 0.618908 0.603523 0.617021 0.612571 0.644652 0.685988 0.650372 0.648585 0.681428 0.647329 0.648069 0.637639 0.631565 0.630209 0.620376 0.634146 0.630892 0.625589 0.63774 7.104841e-02 0.687
N:20 Run:1 0.570029 0.618531 0.610937 0.605454 0.612647 0.608356 0.60497 0.608709 0.607305 0.605584 0.618482 0.611879 0.559212 0.622848 0.64818 0.650833 0.633003 0.643504 0.633105 0.619991 0.638084 7.104841e-02 0.687
N:20 Run:2 0.665841 0.638032 0.630823 0.649412 0.644684 0.639879 0.622998 0.619207 0.617773 0.619138 0.612683 0.600044 0.561142 0.602912 0.618737 0.644147 0.64526 0.648901 0.649132 0.63159 0.650609 7.104841e-02 0.687
N:20 Run:3 0.622754 0.643467 0.632163 0.635991 0.630776 0.639189 0.636183 0.644976 0.657145 0.639485 0.647932 0.639755 0.63391 0.657847 0.65734 0.656388 0.649161 0.629347 0.623527 0.627447 0.640599 7.104841e-02 0.687
N:20 Run:4 0.570029 0.618531 0.610937 0.605454 0.612647 0.608356 0.60497 0.608709 0.607305 0.605584 0.618482 0.611879 0.630438 0.625365 0.635278 0.641533 0.639947 0.639737 0.627693 0.630913 0.63515 7.104841e-02 0.687
N:20 Run:5 0.665841 0.638032 0.630823 0.649412 0.644684 0.639879 0.622998 0.619207 0.617773 0.619138 0.612683 0.600044 0.602425 0.607762 0.611506 0.613034 0.617841 0.641281 0.620379 0.629986 0.64386 7.104841e-02 0.687
N:20 Run:6 0.534381 0.599272 0.620084 0.627627 0.628316 0.634059 0.634741 0.629916 0.655962 0.655056 0.634265 0.632544 0.637017 0.650036 0.645108 0.651951 0.652793 0.648933 0.666016 0.64346 0.646056 7.104841e-02 0.687
N:20 Run:7 0.66201 0.664015 0.653309 0.644673 0.6481 0.641941 0.65881 0.631762 0.62269 0.628228 0.634264 0.63883 0.645753 0.636701 0.634484 0.630542 0.622897 0.621442 0.634214 0.651462 0.636215 7.104841e-02 0.687
N:20 Run:8 0.574646 0.614048 0.633514 0.571229 0.536706 0.524117 0.519451 0.51745 0.516939 0.517058 0.517208 0.517494 0.520183 0.576484 0.601867 0.627602 0.639585 0.642441 0.668726 0.662308 0.655978 7.104841e-02 0.687
N:20 Run:9 0.524796 0.605168 0.612715 0.602723 0.605202 0.609926 0.607891 0.609217 0.62966 0.610667 0.636273 0.632657 0.653236 0.645204 0.642513 0.653458 0.646556 0.651519 0.646815 0.656865 0.669102 7.104841e-02 0.687
N:21 Run:0 0.701992 0.646907 0.618908 0.603523 0.617021 0.612571 0.644652 0.685988 0.650372 0.648585 0.681428 0.647329 0.648069 0.637639 0.631565 0.630209 0.620376 0.634146 0.630892 0.625589 0.63774 7.101889e-02 0.689
N:21 Run:1 0.570029 0.618531 0.610937 0.605454 0.612647 0.608356 0.60497 0.608709 0.607305 0.605584 0.618482 0.611879 0.559212 0.622848 0.64818 0.650833 0.633003 0.643504 0.633105 0.619991 0.638084 7.101889e-02 0.689
N:21 Run:2 0.665841 0.638032 0.630823 0.649412 0.644684 0.639879 0.622998 0.619207 0.617773 0.619138 0.612683 0.600044 0.561142 0.602912 0.618737 0.644147 0.64526 0.648901 0.649132 0.63159 0.650609 7.101889e-02 0.689
N:21 Run:3 0.622754 0.643467 0.632163 0.635991 0.630776 0.639189 0.636183 0.644976 0.657145 0.639485 0.647932 0.639755 0.63391 0.657847 0.65734 0.656388 0.649161 0.629347 0.623527 0.627447 0.640599 7.101889e-02 0.689
N:21 Run:4 0.570029 0.618531 0.610937 0.605454 0.612647 0.608356 0.60497 0.608709 0.607305 0.605584 0.618482 0.611879 0.630438 0.625365 0.635278 0.641533 0.639947 0.639737 0.627693 0.630913 0.63515 7.101889e-02 0.689
N:21 Run:5 0.665841 0.638032 0.630823 0.649412 0.644684 0.639879 0.622998 0.619207 0.617773 0.619138 0.612683 0.600044 0.602425 0.607762 0.611506 0.613034 0.617841 0.641281 0.620379 0.629986 0.64386 7.101889e-02 0.689
N:21 Run:6 0.534381 0.599272 0.620084 0.627627 0.628316 0.634059 0.634741 0.629916 0.655962 0.655056 0.634265 0.632544 0.637017 0.650036 0.645108 0.651951 0.652793 0.648933 0.666016 0.64346 0.646056 7.101889e-02 0.689
N:21 Run:7 0.66201 0.664015 0.653309 0.644673 0.6481 0.641941 0.65881 0.631762 0.62269 0.628228 0.634264 0.63883 0.645753 0.636701 0.634484 0.630542 0.622897 0.621442 0.634214 0.651462 0.636215 7.101889e-02 0.689
N:21 Run:8 0.574646 0.614048 0.633514 0.571229 0.536706 0.524117 0.519451 0.51745 0.516939 0.517058 0.517208 0.517494 0.520183 0.576484 0.601867 0.627602 0.639585 0.642441 0.668726 0.662308 0.655978 7.101889e-02 0.689
N:21 Run:9 0.524796 0.605168 0.612715 0.602723 0.605202 0.609926 0.607891 0.609217 0.62966 0.610667 0.636273 0.632657 0.653236 0.645204 0.642513 0.653458 0.646556 0.651519 0.646815 0.656865 0.669102 7.101889e-02 0.689
N:22 Run:0 0.701992 0.646907 0.618908 0.603523 0.617021 0.612571 0.644652 0.685988 0.650372 0.648585 0.681428 0.647329 0.648069 0.637639 0.631565 0.630209 0.620376 0.634146 0.630892 0.625589 0.63774 7.102206e-02 0.687
N:22 Run:1 0.570029 0.618531 0.610937 0.605454 0.612647 0.608356 0.60497 0.608709 0.607305 0.605584 0.618482 0.611879 0.559212 0.622848 0.64818 0.650833 0.633003 0.643504 0.633105 0.619991 0.638084 7.102206e-02 0.687
N:22 Run:2 0.665841 0.638032 0.630823 0.649412 0.644684 0.639879 0.622998 0.619207 0.617773 0.619138 0.612683 0.600044 0.561142 0.602912 0.618737 0.644147 0.64526 0.648901 0.649132 0.63159 0.650609 7.102206e-02 0.687
N:22 Run:3 0.622754 0.643467 0.632163 0.635991 0.630776 0.639189 0.636183 0.644976 0.657145 0.639485 0.647932 0.639755 0.63391 0.657847 0.65734 0.656388 0.649161 0.629347 0.623527 0.627447 0.640599 7.102206e-02 0.687
N:22 Run:4 0.570029 0.618531 0.610937 0.605454 0.612647 0.608356 0.60497 0.608709 0.607305 0.605584 0.618482 0.611879 0.630438 0.625365 0.635278 0.641533 0.639947 0.639737 0.627693 0.630913 0.63515 7.102206e-02 0.687
N:22 Run:5 0.665841 0.638032 0.630823 0.649412 0.644684 0.639879 0.622998 0.619207 0.617773 0.619138 0.612683 0.600044 0.602425 0.607762 0.611506 0.613034 0.617841 0.641281 0.620379 0.629986 0.64386 7.102206e-02 0.687
N:22 Run:6 0.534381 0.599272 0.620084 0.627627 0.628316 0.634059 0.634741 0.629916 0.655962 0.655056 0.634265 0.632544 0.637017 0.650036 0.645108 0.651951 0.652793 0.648933 0.666016 0.64346 0.646056 7.102206e-02 0.687
N:22 Run:7 0.66201 0.664015 0.653309 0.644673 0.6481 0.641941 0.65881 0.631762 0.62269 0.628228 0.634264 0.63883 0.645753 0.636701 0.634484 0.630542 0.622897 0.621442 0.634214 0.651462 0.636215 7.102206e-02 0.687
N:22 Run:8 0.574646 0.614048 0.633514 0.571229 0.536706 0.524117 0.519451 0.51745 0.516939 0.517058 0.517208 0.517494 0.520183 0.576484 0.601867 0.627602 0.639585 0.642441 0.668726 0.662308 0.655978 7.102206e-02 0.687
N:22 Run:9 0.524796 0.605168 0.612715 0.602723 0.605202 0.609926 0.607891 0.609217 0.62966 0.610667 0.636273 0.632657 0.653236 0.645204 0.642513 0.653458 0.646556 0.651519 0.646815 0.656865 0.669102 7.102206e-02 0.687
N:23 Run:0 0.701992 0.646907 0.618908 0.603523 0.617021 0.612571 0.644652 0.685988 0.650372 0.648585 0.681428 0.647329 0.648069 0.637639 0.631565 0.630209 0.620376 0.634146 0.630892 0.625589 0.63774 7.090019e-02 0.686
N:23 Run:1 0.570029 0.618531 0.610937 0.605454 0.612647 0.608356 0.60497 0.608709 0.607305 0.605584 0.618482 0.611879 0.559212 0.622848 0.64818 0.650833 0.633003 0.643504 0.633105 0.619991 0.638084 7.090019e-02 0.686
N:23 Run:2 0.665841 0.638032 0.630823 0.649412 0.644684 0.639879 0.622998 0.619207 0.617773 0.619138 0.612683 0.600044 0.561142 0.602912 0.618737 0.644147 0.64526 0.648901 0.649132 0.63159 0.650609 7.090019e-02 0.686
N:23 Run:3 0.622754 0.643467 0.632163 0.635991 0.630776 0.639189 0.636183 0.644976 0.657145 0.639485 0.647932 0.639755 0.63391 0.657847 0.65734 0.656388 0.649161 0.629347 0.623527 0.627447 0.640599 7.090019e-02 0.686
N:23 Run:4 0.570029 0.618531 0.610937 0.605454 0.612647 0.608356 0.60497 0.608709 0.607305 0.605584 0.618482 0.611879 0.630438 0.625365 0.635278 0.641533 0.639947 0.639737 0.627693 0.630913 0.63515 7.090019e-02 0.686
N:23 Run:5 0.665841 0.638032 0.630823 0.649412 0.644684 0.639879 0.622998 0.619207 0.617773 0.619138 0.612683 0.600044 0.602425 0.607762 0.611506 0.613034 0.617841 0.641281 0.620379 0.629986 0.64386 7.090019e-02 0.686
N:23 Run:6 0.534381 0.599272 0.620084 0.627627 0.628316 0.634059 0.634741 0.629916 0.655962 0.655056 0.634265 0.632544 0.637017 0.650036 0.645108 0.651951 0.652793 0.648933 0.666016 0.64346 0.646056 7.090019e-02 0.686
N:23 Run:7 0.66201 0.664015 0.653309 0.644673 0.6481 0.641941 0.65881 0.631762 0.62269 0.628228 0.634264 0.63883 0.645753 0.636701 0.634484 0.630542 0.622897 0.621442 0.634214 0.651462 0.636215 7.090019e-02 0.686
N:23 Run:8 0.574646 0.614048 0.633514 0.571229 0.536706 0.524117 0.519451 0.51745 0.516939 0.517058 0.517208 0.517494 0.520183 0.576484 0.601867 0.627602 0.639585 0.642441 0.668726 0.662308 0.655978 7.090019e-02 0.686
N:23 Run:9 0.524796 0.605168 0.612715 0.602723 0.605202 0.609926 0.607891 0.609217 0.62966 0.610667 0.636273 0.632657 0.653236 0.645204 0.642513 0.653458 0.646556 0.651519 0.646815 0.656865 0.669102 7.090019e-02 0.686
N:24 Run:0 0.701992 0.646907 0.618908 0.603523 0.617021 0.612571 0.644652 0.685988 0.650372 0.648585 0.681428 0.647329 0.648069 0.637639 0.631565 0.630209 0.620376 0.634146 0.630892 0.625589 0.63774 7.098247e-02 0.688
N:24 Run:1 0.570029 0.618531 0.610937 0.605454 0.612647 0.608356 0.60497 0.608709 0.607305 0.605584 0.618482 0.611879 0.559212 0.622848 0.64818 0.650833 0.633003 0.643504 0.633105 0.619991 0.638084 7.098247e-02 0.688
N:24 Run:2 0.665841 0.638032 0.630823 0.649412 0.644684 0.639879 0.622998 0.619207 0.617773 0.619138 0.612683 0.600044 0.561142 0.602912 0.618737 0.644147 0.64526 0.648901 0.649132 0.63159 0.650609 7.098247e-02 0.688
N:24 Run:3 0.622754 0.643467 0.632163 0.635991 0.630776 0.639189 0.636183 0.644976 0.657145 0.639485 0.647932 0.639755 0.63391 0.657847 0.65734 0.656388 0.649161 0.629347 0.623527 0.627447 0.640599 7.098247e-02 0.688
N:24 Run:4 0.570029 0.618531 0.610937 0.605454 0.612647 0.608356 0.60497 0.608709 0.607305 0.605584 0.618482 0.611879 0.630438 0.625365 0.635278 0.641533 0.639947 0.639737 0.627693 0.630913 0.63515 7.098247e-02 0.688
N:24 Run:5 0.665841 0.638032 0.630823 0.649412 0.644684 0.639879 0.622998 0.619207 0.617773 0.619138 0.612683 0.600044 0.602425 0.607762 0.611506 0.613034 0.617841 0.641281 0.620379 0.629986 0.64386 7.098247e-02 0.688
N:24 Run:6 0.534381 0.599272 0.620084 0.627627 0.628316 0.634059 0.634741 0.629916 0.655962 0.655056 0.634265 0.632544 0.637017 0.650036 0.645108 0.651951 0.652793 0.648933 0.666016 0.64346 0.646056 7.098247e-02 0.688
N:24 Run:7 0.66201 0.664015 0.653309 0.644673 0.6481 0.641941 0.65881 0.631762 0.62269 0.628228 0.634264 0.63883 0.645753 0.636701 0.634484 0.630542 0.622897 0.621442 0.634214 0.651462 0.636215 7.098247e-02 0.688
N:24 Run:8 0.574646 0.614048 0.633514 0.571229 0.536706 0.524117 0.519451 0.51745 0.516939 0.517058 0.517208 0.517494 0.520183 0.576484 0.601867 0.627602 0.639585 0.642441 0.668726 0.662308 0.655978 7.098247e-02 0.688
N:24 Run:9 0.524796 0.605168 0.612715 0.602723 0.605202 0.609926 0.607891 0.609217 0.62966 0.610667 0.636273 0.632657 0.653236 0.645204 0.642513 0.653458 0.646556 0.651519 0.646815 0.656865 0.669102 7.098247e-02 0.688
N:25 Run:0 0.701992 0.646907 0.618908 0.603523 0.617021 0.612571 0.644652 0.685988 0.650372 0.648585 0.681428 0.647329 0.648069 0.637639 0.631565 0.630209 0.620376 0.634146 0.630892 0.625589 0.63774 7.108339e-02 0.687
N:25 Run:1 0.570029 0.618531 0.610937 0.605454 0.612647 0.608356 0.60497 0.608709 0.607305 0.605584 0.618482 0.611879 0.559212 0.622848 0.64818 0.650833 0.633003 0.643504 0.633105 0.619991 0.638084 7.108339e-02 0.687
N:25 Run:2 0.665841 0.638032 0.630823 0.649412 0.644684 0.639879 0.622998 0.619207 0.617773 0.619138 0.612683 0.600044 0.561142 0.602912 0.618737 0.644147 0.64526 0.648901 0.649132 0.63159 0.650609 7.108339e-02 0.687
N:25 Run:3 0.622754 0.643467 0.632163 0.635991 0.630776 0.639189 0.636183 0.644976 0.657145 0.639485 0.647932 0.639755 0.63391 0.657847 0.65734 0.656388 0.649161 0.629347 0.623527 0.627447 0.640599 7.108339e-02 0.687
N:25 Run:4 0.570029 0.618531 0.610937 0.605454 0.612647 0.608356 0.60497 0.608709 0.607305 0.605584 0.618482 0.611879 0.630438 0.625365 0.635278 0.641533 0.639947 0.639737 0.627693 0.630913 0.63515 7.108339e-02 0.687
N:25 Run:5 0.665841 0.638032 0.630823 0.649412 0.644684 0.639879 0.622998 0.619207 0.617773 0.619138 0.612683 0.600044 0.602425 0.607762 0.611506 0.613034 0.617841 0.641281 0.620379 0.629986 0.64386 7.108339e-02 0.687
N:25 Run:6 0.534381 0.599272 0.620084 0.627627 0.628316 0.634059 0.634741 0.629916 0.655962 0.655056 0.634265 0.632544 0.637017 0.650036 0.645108 0.651951 0.652793 0.648933 0.666016 0.64346 0.646056 7.108339e-02 0.687
N:25 Run:7 0.66201 0.664015 0.653309 0.644673 0.6481 0.641941 0.65881 0.631762 0.62269 0.628228 0.634264 0.63883 0.645753 0.636701 0.634484 0.630542 0.622897 0.621442 0.634214 0.651462 0.636215 7.108339e-02 0.687
N:25 Run:8 0.574646 0.614048 0.633514 0.571229 0.536706 0.524117 0.519451 0.51745 0.516939 0.517058 0.517208 0.517494 0.520183 0.576484 0.601867 0.627602 0.639585 0.642441 0.668726 0.662308 0.655978 7.108339e-02 0.687
N:25 Run:9 0.524796 0.605168 0.612715 0.602723 0.605202 0.609926 0.607891 0.609217 0.62966 0.610667 0.636273 0.632657 0.653236 0.645204 0.642513 0.653458 0.646556 0.651519 0.646815 0.656865 0.669102 7.108339e-02 0.687
N:26 Run:0 0.701992 0.646907 0.618908 0.603523 0.617021 0.612571 0.644652 0.685988 0.650372 0.648585 0.681428 0.647329 0.648069 0.637639 0.631565 0.630209 0.620376 0.634146 0.630892 0.625589 0.63774 7.125432e-02 0.688
N:26 Run:1 0.570029 0.618531 0.610937 0.605454 0.612647 0.608356 0.60497 0.608709 0.607305 0.605584 0.618482 0.611879 0.559212 0.622848 0.64818 0.650833 0.633003 0.643504 0.633105 0.619991 0.638084 7.125432e-02 0.688
N:26 Run:2 0.665841 0.638032 0.630823 0.649412 0.644684 0.639879 0.622998 0.619207 0.617773 0.619138 0.612683 0.600044 0.561142 0.602912 0.618737 0.644147 0.64526 0.648901 0.649132 0.63159 0.650609 7.125432e-02 0.688
N:26 Run:3 0.622754 0.643467 0.632163 0.635991 0.630776 0.639189 0.636183 0.644976 0.657145 0.639485 0.647932 0.639755 0.63391 0.657847 0.65734 0.656388 0.649161 0.629347 0.623527 0.627447 0.640599 7.125432e-02 0.688
N:26 Run:4 0.570029 0.618531 0.610937 0.605454 0.612647 0.608356 0.60497 0.608709 0.607305 0.605584 0.618482 0.611879 0.630438 0.625365 0.635278 0.641533 0.639947 0.639737 0.627693 0.630913 0.63515 7.125432e-02 0.688
N:26 Run:5 0.665841 0.638032 0.630823 0.649412 0.644684 0.639879 0.622998 0.619207 0.617773 0.619138 0.612683 0.600044 0.602425 0.607762 0.611506 0.613034 0.617841 0.641281 0.620379 0.629986 0.64386 7.125432e-02 0.688
N:26 Run:6 0.534381 0.599272 0.620084 0.627627 0.628316 0.634059 0.634741 0.629916 0.655962 0.655056 0.634265 0.632544 0.637017 0.650036 0.645108 0.651951 0.652793 0.648933 0.666016 0.64346 0.646056 7.125432e-02 0.688
N:26 Run:7 0.66201 0.664015 0.653309 0.644673 0.6481 0.641941 0.65881 0.631762 0.62269 0.628228 0.634264 0.63883 0.645753 0.636701 0.634484 0.630542 0.622897 0.621442 0.634214 0.651462 0.636215 7.125432e-02 0.688
N:26 Run:8 0.574646 0.614048 0.633514 0.571229 0.536706 0.524117 0.519451 0.51745 0.516939 0.517058 0.517208 0.517494 0.520183 0.576484 0.601867 0.627602 0.639585 0.642441 0.668726 0.662308 0.655978 7.125432e-02 0.688
N:26 Run:9 0.524796 0.605168 0.612715 0.602723 0.605202 0.609926 0.607891 0.609217 0.62966 0.610667 0.636273 0.632657 0.653236 0.645204 0.642513 0.653458 0.646556 0.651519 0.646815 0.656865 0.669102 7.125432e-02 0.688
N:27 Run:0 0.701992 0.646907 0.618908 0.603523 0.617021 0.612571 0.644652 0.685988 0.650372 0.648585 0.681428 0.647329 0.648069 0.637639 0.631565 0.630209 0.620376 0.634146 0.630892 0.625589 0.63774 7.100757e-02 0.687
N:27 Run:1 0.570029 0.618531 0.610937 0.605454 0.612647 0.608356 0.60497 0.608709 0.607305 0.605584 0.618482 0.611879 0.559212 0.622848 0.64818 0.650833 0.633003 0.643504 0.633105 0.619991 0.638084 7.100757e-02 0.687
N:27 Run:2 0.665841 0.638032 0.630823 0.649412 0.644684 0.639879 0.622998 0.619207 0.617773 0.619138 0.612683 0.600044 0.561142 0.602912 0.618737 0.644147 0.64526 0.648901 0.649132 0.63159 0.650609 7.100757e-02 0.687
N:27 Run:3 0.622754 0.643467 0.632163 0.635991 0.630776 0.639189 0.636183 0.644976 0.657145 0.639485 0.647932 0.639755 0.63391 0.657847 0.65734 0.656388 0.649161 0.629347 0.623527 0.627447 0.640599 7.100757e-02 0.687
N:27 Run:4 0.570029 0.618531 0.610937 0.605454 0.612647 0.608356 0.60497 0.608709 0.607305 0.605584 0.618482 0.611879 0.630438 0.625365 0.635278 0.641533 0.639947 0.639737 0.627693 0.630913 0.63515 7.100757e-02 0.687
N:27 Run:5 0.665841 0.638032 0.630823 0.649412 0.644684 0.639879 0.622998 0.619207 0.617773 0.619138 0.612683 0.600044 0.602425 0.607762 0.611506 0.613034 0.617841 0.641281 0.620379 0.629986 0.64386 7.100757e-02 0.687
N:27 Run:6 0.534381 0.599272 0.620084 0.627627 0.628316 0.634059 0.634741 0.629916 0.655962 0.655056 0.634265 0.632544 0.637017 0.650036 0.645108 0.651951 0.652793 0.648933 0.666016 0.64346 0.646056 7.100757e-02 0.687
N:27 Run:7 0.66201 0.664015 0.653309 0.644673 0.6481 0.641941 0.65881 0.631762 0.62269 0.628228 0.634264 0.63883 0.645753 0.636701 0.634484 0.630542 0.622897 0.621442 0.634214 0.651462 0.636215 7.100757e-02 0.687
N:27 Run:8 0.574646 0.614048 0.633514 0.571229 0.536706 0.524117 0.519451 0.51745 0.516939 0.517058 0.517208 0.517494 0.520183 0.576484 0.601867 0.627602 0.639585 0.642441 0.668726 0.662308 0.655978 7.100757e-02 0.687
N:27 Run:9 0.524796 0.605168 0.612715 0.602723 0.605202 0.609926 0.607891 0.609217 0.62966 0.610667 0.636273 0.632657 0.653236 0.645204 0.642513 0.653458 0.646556 0.651519 0.646815 0.656865 0.669102 7.100757e-02 0.687
N:28 Run:0 0.701992 0.646907 0.618908 0.603523 0.617021 0.612571 0.644652 0.685988 0.650372 0.648585 0.681428 0.647329 0.648069 0.637639 0.631565 0.630209 0.620376 0.634146 0.630892 0.625589 0.63774 7.103338e-02 0.687
N:28 Run:1 0.570029 0.618531 0.610937 0.605454 0.612647 0.608356 0.60497 0.608709 0.607305 0.605584 0.618482 0.611879 0.559212 0.622848 0.64818 0.650833 0.633003 0.643504 0.633105 0.619991 0.638084 7.103338e-02 0.687
N:28 Run:2 0.665841 0.638032 0.630823 0.649412 0.644684 0.639879 0.622998 0.619207 0.617773 0.619138 0.612683 0.600044 0.561142 0.602912 0.618737 0.644147 0.64526 0.648901 0.649132 0.63159 0.650609 7.103338e-02 0.687
N:28 Run:3 0.622754 0.643467 0.632163 0.635991 0.630776 0.639189 0.636183 0.644976 0.657145 0.639485 0.647932 0.639755 0.63391 0.657847 0.65734 0.656388 0.649161 0.629347 0.623527 0.627447 0.640599 7.103338e-02 0.687
N:28 Run:4 0.570029 0.618531 0.610937 0.605454 0.612647 0.608356 0.60497 0.608709 0.607305 0.605584 0.618482 0.611879 0.630438 0.625365 0.635278 0.641533 0.639947 0.639737 0.627693 0.630913 0.63515 7.103338e-02 0.687
N:28 Run:5 0.665841 0.638032 0.630823 0.649412 0.644684 0.639879 0.622998 0.619207 0.617773 0.619138 0.612683 0.600044 0.602425 0.607762 0.611506 0.613034 0.617841 0.641281 0.620379 0.629986 0.64386 7.103338e-02 0.687
N:28 Run:6 0.534381 0.599272 0.620084 0.627627 0.628316 0.634059 0.634741 0.629916 0.655962 0.655056 0.634265 0.632544 0.637017 0.650036 0.645108 0.651951 0.652793 0.648933 0.666016 0.64346 0.646056 7.103338e-02 0.687
N:28 Run:7 0.66201 0.664015 0.653309 0.644673 0.6481 0.641941 0.65881 0.631762 0.62269 0.628228 0.634264 0.63883 0.645753 0.636701 0.634484 0.630542 0.622897 0.621442 0.634214 0.651462 0.636215 7.103338e-02 0.687
N:28 Run:8 0.574646 0.614048 0.633514 0.571229 0.536706 0.524117 0.519451 0.51745 0.516939 0.517058 0.517208 0.517494 0.520183 0.576484 0.601867 0.627602 0.639585 0.642441 0.668726 0.662308 0.655978 7.103338e-02 0.687
N:28 Run:9 0.524796 0.605168 0.612715 0.602723 0.605202 0.609926 0.607891 0.609217 0.62966 0.610667 0.636273 0.632657 0.653236 0.645204 0.642513 0.653458 0.646556 0.651519 0.646815 0.656865 0.669102 7.103338e-02 0.687
N:29 Run:0 0.701992 0.646907 0.618908 0.603523 0.617021 0.612571 0.644652 0.685988 0.650372 0.648585 0.681428 0.647329 0.648069 0.637639 0.631565 0.630209 0.620376 0.634146 0.630892 0.625589 0.63774 7.100591e-02 0.687
N:29 Run:1 0.570029 0.618531 0.610937 0.605454 0.612647 0.608356 0.60497 0.608709 0.607305 0.605584 0.618482 0.611879 0.559212 0.622848 0.64818 0.650833 0.633003 0.643504 0.633105 0.619991 0.638084 7.100591e-02 0.687
N:29 Run:2 0.665841 0.638032 0.630823 0.649412 0.644684 0.639879 0.622998 0.619207 0.617773 0.619138 0.612683 0.600044 0.561142 0.602912 0.618737 0.644147 0.64526 0.648901 0.649132 0.63159 0.650609 7.100591e-02 0.687
N:29 Run:3 0.622754 0.643467 0.632163 0.635991 0.630776 0.639189 0.636183 0.644976 0.657145 0.639485 0.647932 0.639755 0.63391 0.657847 0.65734 0.656388 0.649161 0.629347 0.623527 0.627447 0.640599 7.100591e-02 0.687
N:29 Run:4 0.570029 0.618531 0.610937 0.605454 0.612647 0.608356 0.60497 0.608709 0.607305 0.605584 0.618482 0.611879 0.630438 0.625365 0.635278 0.641533 0.639947 0.639737 0.627693 0.630913 0.63515 7.100591e-02 0.687
N:29 Run:5 0.665841 0.638032 0.630823 0.649412 0.644684 0.639879 0.622998 0.619207 0.617773 0.619138 0.612683 0.600044 0.602425 0.607762 0.611506 0.613034 0.617841 0.641281 0.620379 0.629986 0.64386 7.100591e-02 0.687
N:29 Run:6 0.534381 0.599272 0.620084 0.627627 0.628316 0.634059 0.634741 0.629916 0.655962 0.655056 0.634265 0.632544 0.637017 0.650036 0.645108 0.651951 0.652793 0.648933 0.666016 0.64346 0.646056 7.100591e-02 0.687
N:29 Run:7 0.66201 0.664015 0.653309 0.644673 0.6481 0.641941 0.65881 0.631762 0.62269 0.628228 0.634264 0.63883 0.645753 0.636701 0.634484 0.630542 0.622897 0.621442 0.634214 0.651462 0.636215 7.100591e-02 0.687
N:29 Run:8 0.574646 0.614048 0.633514 0.571229 0.536706 0.524117 0.519451 0.51745 0.516939 0.517058 0.517208 0.517494 0.520183 0.576484 0.601867 0.627602 0.639585 0.642441 0.668726 0.662308 0.655978 7.100591e-02 0.687
N:29 Run:9 0.524796 0.605168 0.612715 0.602723 0.605202 0.609926 0.607891 0.609217 0.62966 0.610667 0.636273 0.632657 0.653236 0.645204 0.642513 0.653458 0.646556 0.651519 0.646815 0.656865 0.669102 7.100591e-02 0.687
