Seed:1578616258
N:0 Run:0 0.494889 0.457406 0.425948 0.445889 0.432677 0.430995 0.451156 0.444661 0.450626 0.445044 0.420422 0.431681 0.439829 0.452834 0.431136 0.42796 0.42419 0.440051 0.44904 0.424023 0.433671 5.586662e-02 0.190
N:0 Run:1 0.440152 0.417015 0.436042 0.38753 0.380975 0.372728 0.398916 0.386692 0.401462 0.395277 0.381088 0.392663 0.412281 0.423567 0.41173 0.419413 0.40754 0.401489 0.42457 0.410735 0.408716 5.586662e-02 0.190
N:0 Run:2 0.52702 0.45019 0.369496 0.352251 0.2989 0.269633 0.276305 0.301615 0.290546 0.303781 0.279082 0.294342 0.301972 0.341811 0.332939 0.360826 0.375036 0.388914 0.383219 0.411148 0.428004 5.586662e-02 0.190
N:0 Run:3 0.4487 0.418724 0.424916 0.444682 0.473585 0.469969 0.453085 0.456706 0.453363 0.464294 0.468469 0.469115 0.456479 0.438632 0.419444 0.423368 0.415407 0.417978 0.415714 0.428167 0.41337 5.586662e-02 0.190
N:0 Run:4 0.440152 0.417015 0.436042 0.38753 0.380975 0.372728 0.398916 0.386692 0.401462 0.395277 0.381088 0.392663 0.410219 0.444097 0.445171 0.440504 0.439308 0.422551 0.421148 0.440106 0.44673 5.586662e-02 0.190
N:0 Run:5 0.52702 0.45019 0.369496 0.352251 0.2989 0.269633 0.276305 0.301615 0.290546 0.303781 0.279082 0.294342 0.377473 0.397235 0.429538 0.430064 0.415092 0.403695 0.420569 0.430964 0.419429 5.586662e-02 0.190
N:0 Run:6 0.359518 0.421657 0.44251 0.417344 0.426472 0.40481 0.417373 0.426035 0.422469 0.412716 0.387081 0.392496 0.388556 0.434051 0.440362 0.432308 0.438388 0.429337 0.43227 0.428269 0.439658 5.586662e-02 0.190
N:0 Run:7 0.475357 0.44714 0.441804 0.421663 0.377955 0.381862 0.390373 0.391398 0.387135 0.404204 0.372909 0.390184 0.400628 0.415867 0.431625 0.44769 0.433115 0.438409 0.430295 0.431889 0.43663 5.586662e-02 0.190
N:0 Run:8 0.436765 0.429028 0.423925 0.435525 0.425961 0.422996 0.432238 0.4308 0.439515 0.427258 0.419539 0.414267 0.413589 0.420341 0.414218 0.434428 0.419672 0.428798 0.44142 0.418869 0.427385 5.586662e-02 0.190
N:0 Run:9 0.43162 0.424999 0.426754 0.412853 0.398212 0.428911 0.406363 0.436772 0.430447 0.397317 0.440052 0.393922 0.466262 0.474684 0.459996 0.445646 0.439466 0.454845 0.441179 0.413434 0.415092 5.586662e-02 0.190
N:1 Run:0 0.494889 0.457406 0.425948 0.445889 0.432677 0.430995 0.451156 0.444661 0.450626 0.445044 0.420422 0.431681 0.439829 0.452834 0.431136 0.42796 0.42419 0.440051 0.44904 0.424023 0.433671 5.946717e-02 0.133
N:1 Run:1 0.440152 0.417015 0.436042 0.38753 0.380975 0.372728 0.398916 0.386692 0.401462 0.395277 0.381088 0.392663 0.412281 0.423567 0.41173 0.419413 0.40754 0.401489 0.42457 0.410735 0.408716 5.946717e-02 0.133
N:1 Run:2 0.52702 0.45019 0.369496 0.352251 0.2989 0.269633 0.276305 0.301615 0.290546 0.303781 0.279082 0.294342 0.301972 0.341811 0.332939 0.360826 0.375036 0.388914 0.383219 0.411148 0.428004 5.946717e-02 0.133
N:1 Run:3 0.4487 0.418724 0.424916 0.444682 0.473585 0.469969 0.453085 0.456706 0.453363 0.464294 0.468469 0.469115 0.456479 0.438632 0.419444 0.423368 0.415407 0.417978 0.415714 0.428167 0.41337 5.946717e-02 0.133
N:1 Run:4 0.440152 0.417015 0.436042 0.38753 0.380975 0.372728 0.398916 0.386692 0.401462 0.395277 0.381088 0.392663 0.410219 0.444097 0.445171 0.440504 0.439308 0.422551 0.421148 0.440106 0.44673 5.946717e-02 0.133
N:1 Run:5 0.52702 0.45019 0.369496 0.352251 0.2989 0.269633 0.276305 0.301615 0.290546 0.303781 0.279082 0.294342 0.377473 0.397235 0.429538 0.430064 0.415092 0.403695 0.420569 0.430964 0.419429 5.946717e-02 0.133
N:1 Run:6 0.359518 0.421657 0.44251 0.417344 0.426472 0.40481 0.417373 0.426035 0.422469 0.412716 0.387081 0.392496 0.388556 0.434051 0.440362 0.432308 0.438388 0.429337 0.43227 0.428269 0.439658 5.946717e-02 0.133
N:1 Run:7 0.475357 0.44714 0.441804 0.421663 0.377955 0.381862 0.390373 0.391398 0.387135 0.404204 0.372909 0.390184 0.400628 0.415867 0.431625 0.44769 0.433115 0.438409 0.430295 0.431889 0.43663 5.946717e-02 0.133
N:1 Run:8 0.436765 0.429028 0.423925 0.435525 0.425961 0.422996 0.432238 0.4308 0.439515 0.427258 0.419539 0.414267 0.413589 0.420341 0.414218 0.434428 0.419672 0.428798 0.44142 0.418869 0.427385 5.946717e-02 0.133
N:1 Run:9 0.43162 0.424999 0.426754 0.412853 0.398212 0.428911 0.406363 0.436772 0.430447 0.397317 0.440052 0.393922 0.466262 0.474684 0.459996 0.445646 0.439466 0.454845 0.441179 0.413434 0.415092 5.946717e-02 0.133
N:2 Run:0 0.494889 0.457406 0.425948 0.445889 0.432677 0.430995 0.451156 0.444661 0.450626 0.445044 0.420422 0.431681 0.439829 0.452834 0.431136 0.42796 0.42419 0.440051 0.44904 0.424023 0.433671 5.945258e-02 0.133
N:2 Run:1 0.440152 0.417015 0.436042 0.38753 0.380975 0.372728 0.398916 0.386692 0.401462 0.395277 0.381088 0.392663 0.412281 0.423567 0.41173 0.419413 0.40754 0.401489 0.42457 0.410735 0.408716 5.945258e-02 0.133
N:2 Run:2 0.52702 0.45019 0.369496 0.352251 0.2989 0.269633 0.276305 0.301615 0.290546 0.303781 0.279082 0.294342 0.301972 0.341811 0.332939 0.360826 0.375036 0.388914 0.383219 0.411148 0.428004 5.945258e-02 0.133
N:2 Run:3 0.4487 0.418724 0.424916 0.444682 0.473585 0.469969 0.453085 0.456706 0.453363 0.464294 0.468469 0.469115 0.456479 0.438632 0.419444 0.423368 0.415407 0.417978 0.415714 0.428167 0.41337 5.945258e-02 0.133
N:2 Run:4 0.440152 0.417015 0.436042 0.38753 0.380975 0.372728 0.398916 0.386692 0.401462 0.395277 0.381088 0.392663 0.410219 0.444097 0.445171 0.440504 0.439308 0.422551 0.421148 0.440106 0.44673 5.945258e-02 0.133
N:2 Run:5 0.52702 0.45019 0.369496 0.352251 0.2989 0.269633 0.276305 0.301615 0.290546 0.303781 0.279082 0.294342 0.377473 0.397235 0.429538 0.430064 0.415092 0.403695 0.420569 0.430964 0.419429 5.945258e-02 0.133
N:2 Run:6 0.359518 0.421657 0.44251 0.417344 0.426472 0.40481 0.417373 0.426035 0.422469 0.412716 0.387081 0.392496 0.388556 0.434051 0.440362 0.432308 0.438388 0.429337 0.43227 0.428269 0.439658 5.945258e-02 0.133
N:2 Run:7 0.475357 0.44714 0.441804 0.421663 0.377955 0.381862 0.390373 0.391398 0.387135 0.404204 0.372909 0.390184 0.400628 0.415867 0.431625 0.44769 0.433115 0.438409 0.430295 0.431889 0.43663 5.945258e-02 0.133
N:2 Run:8 0.436765 0.429028 0.423925 0.435525 0.425961 0.422996 0.432238 0.4308 0.439515 0.427258 0.419539 0.414267 0.413589 0.420341 0.414218 0.434428 0.419672 0.428798 0.44142 0.418869 0.427385 5.945258e-02 0.133
N:2 Run:9 0.43162 0.424999 0.426754 0.412853 0.398212 0.428911 0.406363 0.436772 0.430447 0.397317 0.440052 0.393922 0.466262 0.474684 0.459996 0.445646 0.439466 0.454845 0.441179 0.413434 0.415092 5.945258e-02 0.133
N:3 Run:0 0.494889 0.457406 0.425948 0.445889 0.432677 0.430995 0.451156 0.444661 0.450626 0.445044 0.420422 0.431681 0.439829 0.452834 0.431136 0.42796 0.42419 0.440051 0.44904 0.424023 0.433671 5.925683e-02 0.132
N:3 Run:1 0.440152 0.417015 0.436042 0.38753 0.380975 0.372728 0.398916 0.386692 0.401462 0.395277 0.381088 0.392663 0.412281 0.423567 0.41173 0.419413 0.40754 0.401489 0.42457 0.410735 0.408716 5.925683e-02 0.132
N:3 Run:2 0.52702 0.45019 0.369496 0.352251 0.2989 0.269633 0.276305 0.301615 0.290546 0.303781 0.279082 0.294342 0.301972 0.341811 0.332939 0.360826 0.375036 0.388914 0.383219 0.411148 0.428004 5.925683e-02 0.132
N:3 Run:3 0.4487 0.418724 0.424916 0.444682 0.473585 0.469969 0.453085 0.456706 0.453363 0.464294 0.468469 0.469115 0.456479 0.438632 0.419444 0.423368 0.415407 0.417978 0.415714 0.428167 0.41337 5.925683e-02 0.132
N:3 Run:4 0.440152 0.417015 0.436042 0.38753 0.380975 0.372728 0.398916 0.386692 0.401462 0.395277 0.381088 0.392663 0.410219 0.444097 0.445171 0.440504 0.439308 0.422551 0.421148 0.440106 0.44673 5.925683e-02 0.132
N:3 Run:5 0.52702 0.45019 0.369496 0.352251 0.2989 0.269633 0.276305 0.301615 0.290546 0.303781 0.279082 0.294342 0.377473 0.397235 0.429538 0.430064 0.415092 0.403695 0.420569 0.430964 0.419429 5.925683e-02 0.132
N:3 Run:6 0.359518 0.421657 0.44251 0.417344 0.426472 0.40481 0.417373 0.426035 0.422469 0.412716 0.387081 0.392496 0.388556 0.434051 0.440362 0.432308 0.438388 0.429337 0.43227 0.428269 0.439658 5.925683e-02 0.132
N:3 Run:7 0.475357 0.44714 0.441804 0.421663 0.377955 0.381862 0.390373 0.391398 0.387135 0.404204 0.372909 0.390184 0.400628 0.415867 0.431625 0.44769 0.433115 0.438409 0.430295 0.431889 0.43663 5.925683e-02 0.132
N:3 Run:8 0.436765 0.429028 0.423925 0.435525 0.425961 0.422996 0.432238 0.4308 0.439515 0.427258 0.419539 0.414267 0.413589 0.420341 0.414218 0.434428 0.419672 0.428798 0.44142 0.418869 0.427385 5.925683e-02 0.132
N:3 Run:9 0.43162 0.424999 0.426754 0.412853 0.398212 0.428911 0.406363 0.436772 0.430447 0.397317 0.440052 0.393922 0.466262 0.474684 0.459996 0.445646 0.439466 0.454845 0.441179 0.413434 0.415092 5.925683e-02 0.132
N:4 Run:0 0.494889 0.457406 0.425948 0.445889 0.432677 0.430995 0.451156 0.444661 0.450626 0.445044 0.420422 0.431681 0.439829 0.452834 0.431136 0.42796 0.42419 0.440051 0.44904 0.424023 0.433671 5.927395e-02 0.133
N:4 Run:1 0.440152 0.417015 0.436042 0.38753 0.380975 0.372728 0.398916 0.386692 0.401462 0.395277 0.381088 0.392663 0.412281 0.423567 0.41173 0.419413 0.40754 0.401489 0.42457 0.410735 0.408716 5.927395e-02 0.133
N:4 Run:2 0.52702 0.45019 0.369496 0.352251 0.2989 0.269633 0.276305 0.301615 0.290546 0.303781 0.279082 0.294342 0.301972 0.341811 0.332939 0.360826 0.375036 0.388914 0.383219 0.411148 0.428004 5.927395e-02 0.133
N:4 Run:3 0.4487 0.418724 0.424916 0.444682 0.473585 0.469969 0.453085 0.456706 0.453363 0.464294 0.468469 0.469115 0.456479 0.438632 0.419444 0.423368 0.415407 0.417978 0.415714 0.428167 0.41337 5.927395e-02 0.133
N:4 Run:4 0.440152 0.417015 0.436042 0.38753 0.380975 0.372728 0.398916 0.386692 0.401462 0.395277 0.381088 0.392663 0.410219 0.444097 0.445171 0.440504 0.439308 0.422551 0.421148 0.440106 0.44673 5.927395e-02 0.133
N:4 Run:5 0.52702 0.45019 0.369496 0.352251 0.2989 0.269633 0.276305 0.301615 0.290546 0.303781 0.279082 0.294342 0.377473 0.397235 0.429538 0.430064 0.415092 0.403695 0.420569 0.430964 0.419429 5.927395e-02 0.133
N:4 Run:6 0.359518 0.421657 0.44251 0.417344 0.426472 0.40481 0.417373 0.426035 0.422469 0.412716 0.387081 0.392496 0.388556 0.434051 0.440362 0.432308 0.438388 0.429337 0.43227 0.428269 0.439658 5.927395e-02 0.133
N:4 Run:7 0.475357 0.44714 0.441804 0.421663 0.377955 0.381862 0.390373 0.391398 0.387135 0.404204 0.372909 0.390184 0.400628 0.415867 0.431625 0.44769 0.433115 0.438409 0.430295 0.431889 0.43663 5.927395e-02 0.133
N:4 Run:8 0.436765 0.429028 0.423925 0.435525 0.425961 0.422996 0.432238 0.4308 0.439515 0.427258 0.419539 0.414267 0.413589 0.420341 0.414218 0.434428 0.419672 0.428798 0.44142 0.418869 0.427385 5.927395e-02 0.133
N:4 Run:9 0.43162 0.424999 0.426754 0.412853 0.398212 0.428911 0.406363 0.436772 0.430447 0.397317 0.440052 0.393922 0.466262 0.474684 0.459996 0.445646 0.439466 0.454845 0.441179 0.413434 0.415092 5.927395e-02 0.133
N:5 Run:0 0.494889 0.452765 0.427906 0.439409 0.422699 0.423693 0.437871 0.428224 0.430142 0.426647 0.408427 0.422917 0.432192 0.443885 0.43134 0.430494 0.425995 0.440261 0.445599 0.426816 0.436353 5.465284e-02 0.220
N:5 Run:1 0.440152 0.42074 0.428992 0.392149 0.390177 0.384941 0.405321 0.396128 0.406738 0.40322 0.388547 0.402178 0.420281 0.429852 0.417255 0.425883 0.413447 0.407206 0.430068 0.416401 0.415443 5.465284e-02 0.220
N:5 Run:2 0.52702 0.447823 0.35997 0.354586 0.299715 0.266382 0.264652 0.313105 0.300412 0.294456 0.273583 0.283524 0.267046 0.322484 0.300561 0.350398 0.376878 0.393743 0.382857 0.418464 0.433031 5.465284e-02 0.220
N:5 Run:3 0.4487 0.422049 0.429853 0.443834 0.454446 0.449297 0.439782 0.444234 0.441555 0.443117 0.446622 0.447014 0.442297 0.436409 0.423156 0.428526 0.421241 0.424339 0.422092 0.432432 0.418917 5.465284e-02 0.220
N:5 Run:4 0.440152 0.42074 0.428992 0.392149 0.390177 0.384941 0.405321 0.396128 0.406738 0.40322 0.388547 0.402178 0.418504 0.443239 0.443778 0.441027 0.44037 0.426703 0.426726 0.439801 0.443497 5.465284e-02 0.220
N:5 Run:5 0.52702 0.447823 0.35997 0.354586 0.299715 0.266382 0.264652 0.313105 0.300412 0.294456 0.273583 0.283524 0.388942 0.40562 0.434526 0.43338 0.420127 0.40935 0.427157 0.43523 0.42456 5.465284e-02 0.220
N:5 Run:6 0.359518 0.425337 0.440751 0.420914 0.429787 0.408831 0.422803 0.427781 0.419876 0.415993 0.395429 0.401909 0.398401 0.434843 0.440745 0.434908 0.437225 0.432473 0.435525 0.431944 0.440559 5.465284e-02 0.220
N:5 Run:7 0.475357 0.445857 0.441358 0.42543 0.382579 0.39002 0.400322 0.39899 0.396489 0.412935 0.384827 0.400318 0.408071 0.418016 0.430314 0.441903 0.434386 0.438415 0.433318 0.435196 0.438078 5.465284e-02 0.220
N:5 Run:8 0.436765 0.43202 0.428705 0.436054 0.428562 0.427369 0.433845 0.432808 0.438144 0.427131 0.422252 0.419637 0.419963 0.426372 0.420313 0.437742 0.424446 0.433112 0.441223 0.422762 0.432219 5.465284e-02 0.220
N:5 Run:9 0.43162 0.428965 0.420861 0.414926 0.389849 0.420219 0.398071 0.420822 0.414106 0.395398 0.424754 0.390961 0.447635 0.455547 0.450555 0.443193 0.440267 0.448956 0.44038 0.416484 0.421154 5.465284e-02 0.220
N:6 Run:0 0.494889 0.452765 0.427906 0.439409 0.422699 0.423693 0.437871 0.428224 0.430142 0.426647 0.408427 0.422917 0.432192 0.443885 0.43134 0.430494 0.425995 0.440261 0.445599 0.426816 0.436353 5.987569e-02 0.134
N:6 Run:1 0.440152 0.42074 0.428992 0.392149 0.390177 0.384941 0.405321 0.396128 0.406738 0.40322 0.388547 0.402178 0.420281 0.429852 0.417255 0.425883 0.413447 0.407206 0.430068 0.416401 0.415443 5.987569e-02 0.134
N:6 Run:2 0.52702 0.447823 0.35997 0.354586 0.299715 0.266382 0.264652 0.313105 0.300412 0.294456 0.273583 0.283524 0.267046 0.322484 0.300561 0.350398 0.376878 0.393743 0.382857 0.418464 0.433031 5.987569e-02 0.134
N:6 Run:3 0.4487 0.422049 0.429853 0.443834 0.454446 0.449297 0.439782 0.444234 0.441555 0.443117 0.446622 0.447014 0.442297 0.436409 0.423156 0.428526 0.421241 0.424339 0.422092 0.432432 0.418917 5.987569e-02 0.134
N:6 Run:4 0.440152 0.42074 0.428992 0.392149 0.390177 0.384941 0.405321 0.396128 0.406738 0.40322 0.388547 0.402178 0.418504 0.443239 0.443778 0.441027 0.44037 0.426703 0.426726 0.439801 0.443497 5.987569e-02 0.134
N:6 Run:5 0.52702 0.447823 0.35997 0.354586 0.299715 0.266382 0.264652 0.313105 0.300412 0.294456 0.273583 0.283524 0.388942 0.40562 0.434526 0.43338 0.420127 0.40935 0.427157 0.43523 0.42456 5.987569e-02 0.134
N:6 Run:6 0.359518 0.425337 0.440751 0.420914 0.429787 0.408831 0.422803 0.427781 0.419876 0.415993 0.395429 0.401909 0.398401 0.434843 0.440745 0.434908 0.437225 0.432473 0.435525 0.431944 0.440559 5.987569e-02 0.134
N:6 Run:7 0.475357 0.445857 0.441358 0.42543 0.382579 0.39002 0.400322 0.39899 0.396489 0.412935 0.384827 0.400318 0.408071 0.418016 0.430314 0.441903 0.434386 0.438415 0.433318 0.435196 0.438078 5.987569e-02 0.134
N:6 Run:8 0.436765 0.43202 0.428705 0.436054 0.428562 0.427369 0.433845 0.432808 0.438144 0.427131 0.422252 0.419637 0.419963 0.426372 0.420313 0.437742 0.424446 0.433112 0.441223 0.422762 0.432219 5.987569e-02 0.134
N:6 Run:9 0.43162 0.428965 0.420861 0.414926 0.389849 0.420219 0.398071 0.420822 0.414106 0.395398 0.424754 0.390961 0.447635 0.455547 0.450555 0.443193 0.440267 0.448956 0.44038 0.416484 0.421154 5.987569e-02 0.134
N:7 Run:0 0.494889 0.452765 0.427906 0.439409 0.422699 0.423693 0.437871 0.428224 0.430142 0.426647 0.408427 0.422917 0.432192 0.443885 0.43134 0.430494 0.425995 0.440261 0.445599 0.426816 0.436353 5.637274e-02 0.198
N:7 Run:1 0.440152 0.42074 0.428992 0.392149 0.390177 0.384941 0.405321 0.396128 0.406738 0.40322 0.388547 0.402178 0.420281 0.429852 0.417255 0.425883 0.413447 0.407206 0.430068 0.416401 0.415443 5.637274e-02 0.198
N:7 Run:2 0.52702 0.447823 0.35997 0.354586 0.299715 0.266382 0.264652 0.313105 0.300412 0.294456 0.273583 0.283524 0.267046 0.322484 0.300561 0.350398 0.376878 0.393743 0.382857 0.418464 0.433031 5.637274e-02 0.198
N:7 Run:3 0.4487 0.422049 0.429853 0.443834 0.454446 0.449297 0.439782 0.444234 0.441555 0.443117 0.446622 0.447014 0.442297 0.436409 0.423156 0.428526 0.421241 0.424339 0.422092 0.432432 0.418917 5.637274e-02 0.198
N:7 Run:4 0.440152 0.42074 0.428992 0.392149 0.390177 0.384941 0.405321 0.396128 0.406738 0.40322 0.388547 0.402178 0.418504 0.443239 0.443778 0.441027 0.44037 0.426703 0.426726 0.439801 0.443497 5.637274e-02 0.198
N:7 Run:5 0.52702 0.447823 0.35997 0.354586 0.299715 0.266382 0.264652 0.313105 0.300412 0.294456 0.273583 0.283524 0.388942 0.40562 0.434526 0.43338 0.420127 0.40935 0.427157 0.43523 0.42456 5.637274e-02 0.198
N:7 Run:6 0.359518 0.425337 0.440751 0.420914 0.429787 0.408831 0.422803 0.427781 0.419876 0.415993 0.395429 0.401909 0.398401 0.434843 0.440745 0.434908 0.437225 0.432473 0.435525 0.431944 0.440559 5.637274e-02 0.198
N:7 Run:7 0.475357 0.445857 0.441358 0.42543 0.382579 0.39002 0.400322 0.39899 0.396489 0.412935 0.384827 0.400318 0.408071 0.418016 0.430314 0.441903 0.434386 0.438415 0.433318 0.435196 0.438078 5.637274e-02 0.198
N:7 Run:8 0.436765 0.43202 0.428705 0.436054 0.428562 0.427369 0.433845 0.432808 0.438144 0.427131 0.422252 0.419637 0.419963 0.426372 0.420313 0.437742 0.424446 0.433112 0.441223 0.422762 0.432219 5.637274e-02 0.198
N:7 Run:9 0.43162 0.428965 0.420861 0.414926 0.389849 0.420219 0.398071 0.420822 0.414106 0.395398 0.424754 0.390961 0.447635 0.455547 0.450555 0.443193 0.440267 0.448956 0.44038 0.416484 0.421154 5.637274e-02 0.198
N:8 Run:0 0.494889 0.452765 0.427906 0.439409 0.422699 0.423693 0.437871 0.428224 0.430142 0.426647 0.408427 0.422917 0.432192 0.443885 0.43134 0.430494 0.425995 0.440261 0.445599 0.426816 0.436353 5.581465e-02 0.208
N:8 Run:1 0.440152 0.42074 0.428992 0.392149 0.390177 0.384941 0.405321 0.396128 0.406738 0.40322 0.388547 0.402178 0.420281 0.429852 0.417255 0.425883 0.413447 0.407206 0.430068 0.416401 0.415443 5.581465e-02 0.208
N:8 Run:2 0.52702 0.447823 0.35997 0.354586 0.299715 0.266382 0.264652 0.313105 0.300412 0.294456 0.273583 0.283524 0.267046 0.322484 0.300561 0.350398 0.376878 0.393743 0.382857 0.418464 0.433031 5.581465e-02 0.208
N:8 Run:3 0.4487 0.422049 0.429853 0.443834 0.454446 0.449297 0.439782 0.444234 0.441555 0.443117 0.446622 0.447014 0.442297 0.436409 0.423156 0.428526 0.421241 0.424339 0.422092 0.432432 0.418917 5.581465e-02 0.208
N:8 Run:4 0.440152 0.42074 0.428992 0.392149 0.390177 0.384941 0.405321 0.396128 0.406738 0.40322 0.388547 0.402178 0.418504 0.443239 0.443778 0.441027 0.44037 0.426703 0.426726 0.439801 0.443497 5.581465e-02 0.208
N:8 Run:5 0.52702 0.447823 0.35997 0.354586 0.299715 0.266382 0.264652 0.313105 0.300412 0.294456 0.273583 0.283524 0.388942 0.40562 0.434526 0.43338 0.420127 0.40935 0.427157 0.43523 0.42456 5.581465e-02 0.208
N:8 Run:6 0.359518 0.425337 0.440751 0.420914 0.429787 0.408831 0.422803 0.427781 0.419876 0.415993 0.395429 0.401909 0.398401 0.434843 0.440745 0.434908 0.437225 0.432473 0.435525 0.431944 0.440559 5.581465e-02 0.208
N:8 Run:7 0.475357 0.445857 0.441358 0.42543 0.382579 0.39002 0.400322 0.39899 0.396489 0.412935 0.384827 0.400318 0.408071 0.418016 0.430314 0.441903 0.434386 0.438415 0.433318 0.435196 0.438078 5.581465e-02 0.208
N:8 Run:8 0.436765 0.43202 0.428705 0.436054 0.428562 0.427369 0.433845 0.432808 0.438144 0.427131 0.422252 0.419637 0.419963 0.426372 0.420313 0.437742 0.424446 0.433112 0.441223 0.422762 0.432219 5.581465e-02 0.208
N:8 Run:9 0.43162 0.428965 0.420861 0.414926 0.389849 0.420219 0.398071 0.420822 0.414106 0.395398 0.424754 0.390961 0.447635 0.455547 0.450555 0.443193 0.440267 0.448956 0.44038 0.416484 0.421154 5.581465e-02 0.208
N:9 Run:0 0.494889 0.452765 0.427906 0.439409 0.422699 0.423693 0.437871 0.428224 0.430142 0.426647 0.408427 0.422917 0.432192 0.443885 0.43134 0.430494 0.425995 0.440261 0.445599 0.426816 0.436353 5.525808e-02 0.224
N:9 Run:1 0.440152 0.42074 0.428992 0.392149 0.390177 0.384941 0.405321 0.396128 0.406738 0.40322 0.388547 0.402178 0.420281 0.429852 0.417255 0.425883 0.413447 0.407206 0.430068 0.416401 0.415443 5.525808e-02 0.224
N:9 Run:2 0.52702 0.447823 0.35997 0.354586 0.299715 0.266382 0.264652 0.313105 0.300412 0.294456 0.273583 0.283524 0.267046 0.322484 0.300561 0.350398 0.376878 0.393743 0.382857 0.418464 0.433031 5.525808e-02 0.224
N:9 Run:3 0.4487 0.422049 0.429853 0.443834 0.454446 0.449297 0.439782 0.444234 0.441555 0.443117 0.446622 0.447014 0.442297 0.436409 0.423156 0.428526 0.421241 0.424339 0.422092 0.432432 0.418917 5.525808e-02 0.224
N:9 Run:4 0.440152 0.42074 0.428992 0.392149 0.390177 0.384941 0.405321 0.396128 0.406738 0.40322 0.388547 0.402178 0.418504 0.443239 0.443778 0.441027 0.44037 0.426703 0.426726 0.439801 0.443497 5.525808e-02 0.224
N:9 Run:5 0.52702 0.447823 0.35997 0.354586 0.299715 0.266382 0.264652 0.313105 0.300412 0.294456 0.273583 0.283524 0.388942 0.40562 0.434526 0.43338 0.420127 0.40935 0.427157 0.43523 0.42456 5.525808e-02 0.224
N:9 Run:6 0.359518 0.425337 0.440751 0.420914 0.429787 0.408831 0.422803 0.427781 0.419876 0.415993 0.395429 0.401909 0.398401 0.434843 0.440745 0.434908 0.437225 0.432473 0.435525 0.431944 0.440559 5.525808e-02 0.224
N:9 Run:7 0.475357 0.445857 0.441358 0.42543 0.382579 0.39002 0.400322 0.39899 0.396489 0.412935 0.384827 0.400318 0.408071 0.418016 0.430314 0.441903 0.434386 0.438415 0.433318 0.435196 0.438078 5.525808e-02 0.224
N:9 Run:8 0.436765 0.43202 0.428705 0.436054 0.428562 0.427369 0.433845 0.432808 0.438144 0.427131 0.422252 0.419637 0.419963 0.426372 0.420313 0.437742 0.424446 0.433112 0.441223 0.422762 0.432219 5.525808e-02 0.224
N:9 Run:9 0.43162 0.428965 0.420861 0.414926 0.389849 0.420219 0.398071 0.420822 0.414106 0.395398 0.424754 0.390961 0.447635 0.455547 0.450555 0.443193 0.440267 0.448956 0.44038 0.416484 0.421154 5.525808e-02 0.224
N:10 Run:0 0.494889 0.452765 0.427906 0.439409 0.422699 0.423693 0.437871 0.428224 0.430142 0.426647 0.408427 0.422917 0.432192 0.443885 0.43134 0.430494 0.425995 0.440261 0.445599 0.426816 0.436353 5.951505e-02 0.133
N:10 Run:1 0.440152 0.42074 0.428992 0.392149 0.390177 0.384941 0.405321 0.396128 0.406738 0.40322 0.388547 0.402178 0.420281 0.429852 0.417255 0.425883 0.413447 0.407206 0.430068 0.416401 0.415443 5.951505e-02 0.133
N:10 Run:2 0.52702 0.447823 0.35997 0.354586 0.299715 0.266382 0.264652 0.313105 0.300412 0.294456 0.273583 0.283524 0.267046 0.322484 0.300561 0.350398 0.376878 0.393743 0.382857 0.418464 0.433031 5.951505e-02 0.133
N:10 Run:3 0.4487 0.422049 0.429853 0.443834 0.454446 0.449297 0.439782 0.444234 0.441555 0.443117 0.446622 0.447014 0.442297 0.436409 0.423156 0.428526 0.421241 0.424339 0.422092 0.432432 0.418917 5.951505e-02 0.133
N:10 Run:4 0.440152 0.42074 0.428992 0.392149 0.390177 0.384941 0.405321 0.396128 0.406738 0.40322 0.388547 0.402178 0.418504 0.443239 0.443778 0.441027 0.44037 0.426703 0.426726 0.439801 0.443497 5.951505e-02 0.133
N:10 Run:5 0.52702 0.447823 0.35997 0.354586 0.299715 0.266382 0.264652 0.313105 0.300412 0.294456 0.273583 0.283524 0.388942 0.40562 0.434526 0.43338 0.420127 0.40935 0.427157 0.43523 0.42456 5.951505e-02 0.133
N:10 Run:6 0.359518 0.425337 0.440751 0.420914 0.429787 0.408831 0.422803 0.427781 0.419876 0.415993 0.395429 0.401909 0.398401 0.434843 0.440745 0.434908 0.437225 0.432473 0.435525 0.431944 0.440559 5.951505e-02 0.133
N:10 Run:7 0.475357 0.445857 0.441358 0.42543 0.382579 0.39002 0.400322 0.39899 0.396489 0.412935 0.384827 0.400318 0.408071 0.418016 0.430314 0.441903 0.434386 0.438415 0.433318 0.435196 0.438078 5.951505e-02 0.133
N:10 Run:8 0.436765 0.43202 0.428705 0.436054 0.428562 0.427369 0.433845 0.432808 0.438144 0.427131 0.422252 0.419637 0.419963 0.426372 0.420313 0.437742 0.424446 0.433112 0.441223 0.422762 0.432219 5.951505e-02 0.133
N:10 Run:9 0.43162 0.428965 0.420861 0.414926 0.389849 0.420219 0.398071 0.420822 0.414106 0.395398 0.424754 0.390961 0.447635 0.455547 0.450555 0.443193 0.440267 0.448956 0.44038 0.416484 0.421154 5.951505e-02 0.133
N:11 Run:0 0.494889 0.452765 0.427906 0.439409 0.422699 0.423693 0.437871 0.428224 0.430142 0.426647 0.408427 0.422917 0.432192 0.443885 0.43134 0.430494 0.425995 0.440261 0.445599 0.426816 0.436353 5.932591e-02 0.133
N:11 Run:1 0.440152 0.42074 0.428992 0.392149 0.390177 0.384941 0.405321 0.396128 0.406738 0.40322 0.388547 0.402178 0.420281 0.429852 0.417255 0.425883 0.413447 0.407206 0.430068 0.416401 0.415443 5.932591e-02 0.133
N:11 Run:2 0.52702 0.447823 0.35997 0.354586 0.299715 0.266382 0.264652 0.313105 0.300412 0.294456 0.273583 0.283524 0.267046 0.322484 0.300561 0.350398 0.376878 0.393743 0.382857 0.418464 0.433031 5.932591e-02 0.133
N:11 Run:3 0.4487 0.422049 0.429853 0.443834 0.454446 0.449297 0.439782 0.444234 0.441555 0.443117 0.446622 0.447014 0.442297 0.436409 0.423156 0.428526 0.421241 0.424339 0.422092 0.432432 0.418917 5.932591e-02 0.133
N:11 Run:4 0.440152 0.42074 0.428992 0.392149 0.390177 0.384941 0.405321 0.396128 0.406738 0.40322 0.388547 0.402178 0.418504 0.443239 0.443778 0.441027 0.44037 0.426703 0.426726 0.439801 0.443497 5.932591e-02 0.133
N:11 Run:5 0.52702 0.447823 0.35997 0.354586 0.299715 0.266382 0.264652 0.313105 0.300412 0.294456 0.273583 0.283524 0.388942 0.40562 0.434526 0.43338 0.420127 0.40935 0.427157 0.43523 0.42456 5.932591e-02 0.133
N:11 Run:6 0.359518 0.425337 0.440751 0.420914 0.429787 0.408831 0.422803 0.427781 0.419876 0.415993 0.395429 0.401909 0.398401 0.434843 0.440745 0.434908 0.437225 0.432473 0.435525 0.431944 0.440559 5.932591e-02 0.133
N:11 Run:7 0.475357 0.445857 0.441358 0.42543 0.382579 0.39002 0.400322 0.39899 0.396489 0.412935 0.384827 0.400318 0.408071 0.418016 0.430314 0.441903 0.434386 0.438415 0.433318 0.435196 0.438078 5.932591e-02 0.133
N:11 Run:8 0.436765 0.43202 0.428705 0.436054 0.428562 0.427369 0.433845 0.432808 0.438144 0.427131 0.422252 0.419637 0.419963 0.426372 0.420313 0.437742 0.424446 0.433112 0.441223 0.422762 0.432219 5.932591e-02 0.133
N:11 Run:9 0.43162 0.428965 0.420861 0.414926 0.389849 0.420219 0.398071 0.420822 0.414106 0.395398 0.424754 0.390961 0.447635 0.455547 0.450555 0.443193 0.440267 0.448956 0.44038 0.416484 0.421154 5.932591e-02 0.133
N:12 Run:0 0.494889 0.452765 0.427906 0.439409 0.422699 0.423693 0.437871 0.428224 0.430142 0.426647 0.408427 0.422917 0.432192 0.443885 0.43134 0.430494 0.425995 0.440261 0.445599 0.426816 0.436353 5.507503e-02 0.212
N:12 Run:1 0.440152 0.42074 0.428992 0.392149 0.390177 0.384941 0.405321 0.396128 0.406738 0.40322 0.388547 0.402178 0.420281 0.429852 0.417255 0.425883 0.413447 0.407206 0.430068 0.416401 0.415443 5.507503e-02 0.212
N:12 Run:2 0.52702 0.447823 0.35997 0.354586 0.299715 0.266382 0.264652 0.313105 0.300412 0.294456 0.273583 0.283524 0.267046 0.322484 0.300561 0.350398 0.376878 0.393743 0.382857 0.418464 0.433031 5.507503e-02 0.212
N:12 Run:3 0.4487 0.422049 0.429853 0.443834 0.454446 0.449297 0.439782 0.444234 0.441555 0.443117 0.446622 0.447014 0.442297 0.436409 0.423156 0.428526 0.421241 0.424339 0.422092 0.432432 0.418917 5.507503e-02 0.212
N:12 Run:4 0.440152 0.42074 0.428992 0.392149 0.390177 0.384941 0.405321 0.396128 0.406738 0.40322 0.388547 0.402178 0.418504 0.443239 0.443778 0.441027 0.44037 0.426703 0.426726 0.439801 0.443497 5.507503e-02 0.212
N:12 Run:5 0.52702 0.447823 0.35997 0.354586 0.299715 0.266382 0.264652 0.313105 0.300412 0.294456 0.273583 0.283524 0.388942 0.40562 0.434526 0.43338 0.420127 0.40935 0.427157 0.43523 0.42456 5.507503e-02 0.212
N:12 Run:6 0.359518 0.425337 0.440751 0.420914 0.429787 0.408831 0.422803 0.427781 0.419876 0.415993 0.395429 0.401909 0.398401 0.434843 0.440745 0.434908 0.437225 0.432473 0.435525 0.431944 0.440559 5.507503e-02 0.212
N:12 Run:7 0.475357 0.445857 0.441358 0.42543 0.382579 0.39002 0.400322 0.39899 0.396489 0.412935 0.384827 0.400318 0.408071 0.418016 0.430314 0.441903 0.434386 0.438415 0.433318 0.435196 0.438078 5.507503e-02 0.212
N:12 Run:8 0.436765 0.43202 0.428705 0.436054 0.428562 0.427369 0.433845 0.432808 0.438144 0.427131 0.422252 0.419637 0.419963 0.426372 0.420313 0.437742 0.424446 0.433112 0.441223 0.422762 0.432219 5.507503e-02 0.212
N:12 Run:9 0.43162 0.428965 0.420861 0.414926 0.389849 0.420219 0.398071 0.420822 0.414106 0.395398 0.424754 0.390961 0.447635 0.455547 0.450555 0.443193 0.440267 0.448956 0.44038 0.416484 0.421154 5.507503e-02 0.212
N:13 Run:0 0.494889 0.452765 0.427906 0.439409 0.422699 0.423693 0.437871 0.428224 0.430142 0.426647 0.408427 0.422917 0.432192 0.443885 0.43134 0.430494 0.425995 0.440261 0.445599 0.426816 0.436353 5.929183e-02 0.165
N:13 Run:1 0.440152 0.42074 0.428992 0.392149 0.390177 0.384941 0.405321 0.396128 0.406738 0.40322 0.388547 0.402178 0.420281 0.429852 0.417255 0.425883 0.413447 0.407206 0.430068 0.416401 0.415443 5.929183e-02 0.165
N:13 Run:2 0.52702 0.447823 0.35997 0.354586 0.299715 0.266382 0.264652 0.313105 0.300412 0.294456 0.273583 0.283524 0.267046 0.322484 0.300561 0.350398 0.376878 0.393743 0.382857 0.418464 0.433031 5.929183e-02 0.165
N:13 Run:3 0.4487 0.422049 0.429853 0.443834 0.454446 0.449297 0.439782 0.444234 0.441555 0.443117 0.446622 0.447014 0.442297 0.436409 0.423156 0.428526 0.421241 0.424339 0.422092 0.432432 0.418917 5.929183e-02 0.165
N:13 Run:4 0.440152 0.42074 0.428992 0.392149 0.390177 0.384941 0.405321 0.396128 0.406738 0.40322 0.388547 0.402178 0.418504 0.443239 0.443778 0.441027 0.44037 0.426703 0.426726 0.439801 0.443497 5.929183e-02 0.165
N:13 Run:5 0.52702 0.447823 0.35997 0.354586 0.299715 0.266382 0.264652 0.313105 0.300412 0.294456 0.273583 0.283524 0.388942 0.40562 0.434526 0.43338 0.420127 0.40935 0.427157 0.43523 0.42456 5.929183e-02 0.165
N:13 Run:6 0.359518 0.425337 0.440751 0.420914 0.429787 0.408831 0.422803 0.427781 0.419876 0.415993 0.395429 0.401909 0.398401 0.434843 0.440745 0.434908 0.437225 0.432473 0.435525 0.431944 0.440559 5.929183e-02 0.165
N:13 Run:7 0.475357 0.445857 0.441358 0.42543 0.382579 0.39002 0.400322 0.39899 0.396489 0.412935 0.384827 0.400318 0.408071 0.418016 0.430314 0.441903 0.434386 0.438415 0.433318 0.435196 0.438078 5.929183e-02 0.165
N:13 Run:8 0.436765 0.43202 0.428705 0.436054 0.428562 0.427369 0.433845 0.432808 0.438144 0.427131 0.422252 0.419637 0.419963 0.426372 0.420313 0.437742 0.424446 0.433112 0.441223 0.422762 0.432219 5.929183e-02 0.165
N:13 Run:9 0.43162 0.428965 0.420861 0.414926 0.389849 0.420219 0.398071 0.420822 0.414106 0.395398 0.424754 0.390961 0.447635 0.455547 0.450555 0.443193 0.440267 0.448956 0.44038 0.416484 0.421154 5.929183e-02 0.165
N:14 Run:0 0.494889 0.452765 0.427906 0.439409 0.422699 0.423693 0.437871 0.428224 0.430142 0.426647 0.408427 0.422917 0.432192 0.443885 0.43134 0.430494 0.425995 0.440261 0.445599 0.426816 0.436353 5.936718e-02 0.142
N:14 Run:1 0.440152 0.42074 0.428992 0.392149 0.390177 0.384941 0.405321 0.396128 0.406738 0.40322 0.388547 0.402178 0.420281 0.429852 0.417255 0.425883 0.413447 0.407206 0.430068 0.416401 0.415443 5.936718e-02 0.142
N:14 Run:2 0.52702 0.447823 0.35997 0.354586 0.299715 0.266382 0.264652 0.313105 0.300412 0.294456 0.273583 0.283524 0.267046 0.322484 0.300561 0.350398 0.376878 0.393743 0.382857 0.418464 0.433031 5.936718e-02 0.142
N:14 Run:3 0.4487 0.422049 0.429853 0.443834 0.454446 0.449297 0.439782 0.444234 0.441555 0.443117 0.446622 0.447014 0.442297 0.436409 0.423156 0.428526 0.421241 0.424339 0.422092 0.432432 0.418917 5.936718e-02 0.142
N:14 Run:4 0.440152 0.42074 0.428992 0.392149 0.390177 0.384941 0.405321 0.396128 0.406738 0.40322 0.388547 0.402178 0.418504 0.443239 0.443778 0.441027 0.44037 0.426703 0.426726 0.439801 0.443497 5.936718e-02 0.142
N:14 Run:5 0.52702 0.447823 0.35997 0.354586 0.299715 0.266382 0.264652 0.313105 0.300412 0.294456 0.273583 0.283524 0.388942 0.40562 0.434526 0.43338 0.420127 0.40935 0.427157 0.43523 0.42456 5.936718e-02 0.142
N:14 Run:6 0.359518 0.425337 0.440751 0.420914 0.429787 0.408831 0.422803 0.427781 0.419876 0.415993 0.395429 0.401909 0.398401 0.434843 0.440745 0.434908 0.437225 0.432473 0.435525 0.431944 0.440559 5.936718e-02 0.142
N:14 Run:7 0.475357 0.445857 0.441358 0.42543 0.382579 0.39002 0.400322 0.39899 0.396489 0.412935 0.384827 0.400318 0.408071 0.418016 0.430314 0.441903 0.434386 0.438415 0.433318 0.435196 0.438078 5.936718e-02 0.142
N:14 Run:8 0.436765 0.43202 0.428705 0.436054 0.428562 0.427369 0.433845 0.432808 0.438144 0.427131 0.422252 0.419637 0.419963 0.426372 0.420313 0.437742 0.424446 0.433112 0.441223 0.422762 0.432219 5.936718e-02 0.142
N:14 Run:9 0.43162 0.428965 0.420861 0.414926 0.389849 0.420219 0.398071 0.420822 0.414106 0.395398 0.424754 0.390961 0.447635 0.455547 0.450555 0.443193 0.440267 0.448956 0.44038 0.416484 0.421154 5.936718e-02 0.142
N:15 Run:0 0.494889 0.452765 0.427906 0.439409 0.422699 0.423693 0.437871 0.428224 0.430142 0.426647 0.408427 0.422917 0.432192 0.443885 0.43134 0.430494 0.425995 0.440261 0.445599 0.426816 0.436353 5.919128e-02 0.133
N:15 Run:1 0.440152 0.42074 0.428992 0.392149 0.390177 0.384941 0.405321 0.396128 0.406738 0.40322 0.388547 0.402178 0.420281 0.429852 0.417255 0.425883 0.413447 0.407206 0.430068 0.416401 0.415443 5.919128e-02 0.133
N:15 Run:2 0.52702 0.447823 0.35997 0.354586 0.299715 0.266382 0.264652 0.313105 0.300412 0.294456 0.273583 0.283524 0.267046 0.322484 0.300561 0.350398 0.376878 0.393743 0.382857 0.418464 0.433031 5.919128e-02 0.133
N:15 Run:3 0.4487 0.422049 0.429853 0.443834 0.454446 0.449297 0.439782 0.444234 0.441555 0.443117 0.446622 0.447014 0.442297 0.436409 0.423156 0.428526 0.421241 0.424339 0.422092 0.432432 0.418917 5.919128e-02 0.133
N:15 Run:4 0.440152 0.42074 0.428992 0.392149 0.390177 0.384941 0.405321 0.396128 0.406738 0.40322 0.388547 0.402178 0.418504 0.443239 0.443778 0.441027 0.44037 0.426703 0.426726 0.439801 0.443497 5.919128e-02 0.133
N:15 Run:5 0.52702 0.447823 0.35997 0.354586 0.299715 0.266382 0.264652 0.313105 0.300412 0.294456 0.273583 0.283524 0.388942 0.40562 0.434526 0.43338 0.420127 0.40935 0.427157 0.43523 0.42456 5.919128e-02 0.133
N:15 Run:6 0.359518 0.425337 0.440751 0.420914 0.429787 0.408831 0.422803 0.427781 0.419876 0.415993 0.395429 0.401909 0.398401 0.434843 0.440745 0.434908 0.437225 0.432473 0.435525 0.431944 0.440559 5.919128e-02 0.133
N:15 Run:7 0.475357 0.445857 0.441358 0.42543 0.382579 0.39002 0.400322 0.39899 0.396489 0.412935 0.384827 0.400318 0.408071 0.418016 0.430314 0.441903 0.434386 0.438415 0.433318 0.435196 0.438078 5.919128e-02 0.133
N:15 Run:8 0.436765 0.43202 0.428705 0.436054 0.428562 0.427369 0.433845 0.432808 0.438144 0.427131 0.422252 0.419637 0.419963 0.426372 0.420313 0.437742 0.424446 0.433112 0.441223 0.422762 0.432219 5.919128e-02 0.133
N:15 Run:9 0.43162 0.428965 0.420861 0.414926 0.389849 0.420219 0.398071 0.420822 0.414106 0.395398 0.424754 0.390961 0.447635 0.455547 0.450555 0.443193 0.440267 0.448956 0.44038 0.416484 0.421154 5.919128e-02 0.133
N:16 Run:0 0.494889 0.452765 0.427906 0.439409 0.422699 0.423693 0.437871 0.428224 0.430142 0.426647 0.408427 0.422917 0.432192 0.443885 0.43134 0.430494 0.425995 0.440261 0.445599 0.426816 0.436353 5.963211e-02 0.133
N:16 Run:1 0.440152 0.42074 0.428992 0.392149 0.390177 0.384941 0.405321 0.396128 0.406738 0.40322 0.388547 0.402178 0.420281 0.429852 0.417255 0.425883 0.413447 0.407206 0.430068 0.416401 0.415443 5.963211e-02 0.133
N:16 Run:2 0.52702 0.447823 0.35997 0.354586 0.299715 0.266382 0.264652 0.313105 0.300412 0.294456 0.273583 0.283524 0.267046 0.322484 0.300561 0.350398 0.376878 0.393743 0.382857 0.418464 0.433031 5.963211e-02 0.133
N:16 Run:3 0.4487 0.422049 0.429853 0.443834 0.454446 0.449297 0.439782 0.444234 0.441555 0.443117 0.446622 0.447014 0.442297 0.436409 0.423156 0.428526 0.421241 0.424339 0.422092 0.432432 0.418917 5.963211e-02 0.133
N:16 Run:4 0.440152 0.42074 0.428992 0.392149 0.390177 0.384941 0.405321 0.396128 0.406738 0.40322 0.388547 0.402178 0.418504 0.443239 0.443778 0.441027 0.44037 0.426703 0.426726 0.439801 0.443497 5.963211e-02 0.133
N:16 Run:5 0.52702 0.447823 0.35997 0.354586 0.299715 0.266382 0.264652 0.313105 0.300412 0.294456 0.273583 0.283524 0.388942 0.40562 0.434526 0.43338 0.420127 0.40935 0.427157 0.43523 0.42456 5.963211e-02 0.133
N:16 Run:6 0.359518 0.425337 0.440751 0.420914 0.429787 0.408831 0.422803 0.427781 0.419876 0.415993 0.395429 0.401909 0.398401 0.434843 0.440745 0.434908 0.437225 0.432473 0.435525 0.431944 0.440559 5.963211e-02 0.133
N:16 Run:7 0.475357 0.445857 0.441358 0.42543 0.382579 0.39002 0.400322 0.39899 0.396489 0.412935 0.384827 0.400318 0.408071 0.418016 0.430314 0.441903 0.434386 0.438415 0.433318 0.435196 0.438078 5.963211e-02 0.133
N:16 Run:8 0.436765 0.43202 0.428705 0.436054 0.428562 0.427369 0.433845 0.432808 0.438144 0.427131 0.422252 0.419637 0.419963 0.426372 0.420313 0.437742 0.424446 0.433112 0.441223 0.422762 0.432219 5.963211e-02 0.133
N:16 Run:9 0.43162 0.428965 0.420861 0.414926 0.389849 0.420219 0.398071 0.420822 0.414106 0.395398 0.424754 0.390961 0.447635 0.455547 0.450555 0.443193 0.440267 0.448956 0.44038 0.416484 0.421154 5.963211e-02 0.133
N:17 Run:0 0.494889 0.452765 0.427906 0.439409 0.422699 0.423693 0.437871 0.428224 0.430142 0.426647 0.408427 0.422917 0.432192 0.443885 0.43134 0.430494 0.425995 0.440261 0.445599 0.426816 0.436353 5.931375e-02 0.133
N:17 Run:1 0.440152 0.42074 0.428992 0.392149 0.390177 0.384941 0.405321 0.396128 0.406738 0.40322 0.388547 0.402178 0.420281 0.429852 0.417255 0.425883 0.413447 0.407206 0.430068 0.416401 0.415443 5.931375e-02 0.133
N:17 Run:2 0.52702 0.447823 0.35997 0.354586 0.299715 0.266382 0.264652 0.313105 0.300412 0.294456 0.273583 0.283524 0.267046 0.322484 0.300561 0.350398 0.376878 0.393743 0.382857 0.418464 0.433031 5.931375e-02 0.133
N:17 Run:3 0.4487 0.422049 0.429853 0.443834 0.454446 0.449297 0.439782 0.444234 0.441555 0.443117 0.446622 0.447014 0.442297 0.436409 0.423156 0.428526 0.421241 0.424339 0.422092 0.432432 0.418917 5.931375e-02 0.133
N:17 Run:4 0.440152 0.42074 0.428992 0.392149 0.390177 0.384941 0.405321 0.396128 0.406738 0.40322 0.388547 0.402178 0.418504 0.443239 0.443778 0.441027 0.44037 0.426703 0.426726 0.439801 0.443497 5.931375e-02 0.133
N:17 Run:5 0.52702 0.447823 0.35997 0.354586 0.299715 0.266382 0.264652 0.313105 0.300412 0.294456 0.273583 0.283524 0.388942 0.40562 0.434526 0.43338 0.420127 0.40935 0.427157 0.43523 0.42456 5.931375e-02 0.133
N:17 Run:6 0.359518 0.425337 0.440751 0.420914 0.429787 0.408831 0.422803 0.427781 0.419876 0.415993 0.395429 0.401909 0.398401 0.434843 0.440745 0.434908 0.437225 0.432473 0.435525 0.431944 0.440559 5.931375e-02 0.133
N:17 Run:7 0.475357 0.445857 0.441358 0.42543 0.382579 0.39002 0.400322 0.39899 0.396489 0.412935 0.384827 0.400318 0.408071 0.418016 0.430314 0.441903 0.434386 0.438415 0.433318 0.435196 0.438078 5.931375e-02 0.133
N:17 Run:8 0.436765 0.43202 0.428705 0.436054 0.428562 0.427369 0.433845 0.432808 0.438144 0.427131 0.422252 0.419637 0.419963 0.426372 0.420313 0.437742 0.424446 0.433112 0.441223 0.422762 0.432219 5.931375e-02 0.133
N:17 Run:9 0.43162 0.428965 0.420861 0.414926 0.389849 0.420219 0.398071 0.420822 0.414106 0.395398 0.424754 0.390961 0.447635 0.455547 0.450555 0.443193 0.440267 0.448956 0.44038 0.416484 0.421154 5.931375e-02 0.133
N:18 Run:0 0.494889 0.452765 0.427906 0.439409 0.422699 0.423693 0.437871 0.428224 0.430142 0.426647 0.408427 0.422917 0.432192 0.443885 0.43134 0.430494 0.425995 0.440261 0.445599 0.426816 0.436353 5.592283e-02 0.210
N:18 Run:1 0.440152 0.42074 0.428992 0.392149 0.390177 0.384941 0.405321 0.396128 0.406738 0.40322 0.388547 0.402178 0.420281 0.429852 0.417255 0.425883 0.413447 0.407206 0.430068 0.416401 0.415443 5.592283e-02 0.210
N:18 Run:2 0.52702 0.447823 0.35997 0.354586 0.299715 0.266382 0.264652 0.313105 0.300412 0.294456 0.273583 0.283524 0.267046 0.322484 0.300561 0.350398 0.376878 0.393743 0.382857 0.418464 0.433031 5.592283e-02 0.210
N:18 Run:3 0.4487 0.422049 0.429853 0.443834 0.454446 0.449297 0.439782 0.444234 0.441555 0.443117 0.446622 0.447014 0.442297 0.436409 0.423156 0.428526 0.421241 0.424339 0.422092 0.432432 0.418917 5.592283e-02 0.210
N:18 Run:4 0.440152 0.42074 0.428992 0.392149 0.390177 0.384941 0.405321 0.396128 0.406738 0.40322 0.388547 0.402178 0.418504 0.443239 0.443778 0.441027 0.44037 0.426703 0.426726 0.439801 0.443497 5.592283e-02 0.210
N:18 Run:5 0.52702 0.447823 0.35997 0.354586 0.299715 0.266382 0.264652 0.313105 0.300412 0.294456 0.273583 0.283524 0.388942 0.40562 0.434526 0.43338 0.420127 0.40935 0.427157 0.43523 0.42456 5.592283e-02 0.210
N:18 Run:6 0.359518 0.425337 0.440751 0.420914 0.429787 0.408831 0.422803 0.427781 0.419876 0.415993 0.395429 0.401909 0.398401 0.434843 0.440745 0.434908 0.437225 0.432473 0.435525 0.431944 0.440559 5.592283e-02 0.210
N:18 Run:7 0.475357 0.445857 0.441358 0.42543 0.382579 0.39002 0.400322 0.39899 0.396489 0.412935 0.384827 0.400318 0.408071 0.418016 0.430314 0.441903 0.434386 0.438415 0.433318 0.435196 0.438078 5.592283e-02 0.210
N:18 Run:8 0.436765 0.43202 0.428705 0.436054 0.428562 0.427369 0.433845 0.432808 0.438144 0.427131 0.422252 0.419637 0.419963 0.426372 0.420313 0.437742 0.424446 0.433112 0.441223 0.422762 0.432219 5.592283e-02 0.210
N:18 Run:9 0.43162 0.428965 0.420861 0.414926 0.389849 0.420219 0.398071 0.420822 0.414106 0.395398 0.424754 0.390961 0.447635 0.455547 0.450555 0.443193 0.440267 0.448956 0.44038 0.416484 0.421154 5.592283e-02 0.210
N:19 Run:0 0.494889 0.452765 0.427906 0.439409 0.422699 0.423693 0.437871 0.428224 0.430142 0.426647 0.408427 0.422917 0.432192 0.443885 0.43134 0.430494 0.425995 0.440261 0.445599 0.426816 0.436353 5.918010e-02 0.133
N:19 Run:1 0.440152 0.42074 0.428992 0.392149 0.390177 0.384941 0.405321 0.396128 0.406738 0.40322 0.388547 0.402178 0.420281 0.429852 0.417255 0.425883 0.413447 0.407206 0.430068 0.416401 0.415443 5.918010e-02 0.133
N:19 Run:2 0.52702 0.447823 0.35997 0.354586 0.299715 0.266382 0.264652 0.313105 0.300412 0.294456 0.273583 0.283524 0.267046 0.322484 0.300561 0.350398 0.376878 0.393743 0.382857 0.418464 0.433031 5.918010e-02 0.133
N:19 Run:3 0.4487 0.422049 0.429853 0.443834 0.454446 0.449297 0.439782 0.444234 0.441555 0.443117 0.446622 0.447014 0.442297 0.436409 0.423156 0.428526 0.421241 0.424339 0.422092 0.432432 0.418917 5.918010e-02 0.133
N:19 Run:4 0.440152 0.42074 0.428992 0.392149 0.390177 0.384941 0.405321 0.396128 0.406738 0.40322 0.388547 0.402178 0.418504 0.443239 0.443778 0.441027 0.44037 0.426703 0.426726 0.439801 0.443497 5.918010e-02 0.133
N:19 Run:5 0.52702 0.447823 0.35997 0.354586 0.299715 0.266382 0.264652 0.313105 0.300412 0.294456 0.273583 0.283524 0.388942 0.40562 0.434526 0.43338 0.420127 0.40935 0.427157 0.43523 0.42456 5.918010e-02 0.133
N:19 Run:6 0.359518 0.425337 0.440751 0.420914 0.429787 0.408831 0.422803 0.427781 0.419876 0.415993 0.395429 0.401909 0.398401 0.434843 0.440745 0.434908 0.437225 0.432473 0.435525 0.431944 0.440559 5.918010e-02 0.133
N:19 Run:7 0.475357 0.445857 0.441358 0.42543 0.382579 0.39002 0.400322 0.39899 0.396489 0.412935 0.384827 0.400318 0.408071 0.418016 0.430314 0.441903 0.434386 0.438415 0.433318 0.435196 0.438078 5.918010e-02 0.133
N:19 Run:8 0.436765 0.43202 0.428705 0.436054 0.428562 0.427369 0.433845 0.432808 0.438144 0.427131 0.422252 0.419637 0.419963 0.426372 0.420313 0.437742 0.424446 0.433112 0.441223 0.422762 0.432219 5.918010e-02 0.133
N:19 Run:9 0.43162 0.428965 0.420861 0.414926 0.389849 0.420219 0.398071 0.420822 0.414106 0.395398 0.424754 0.390961 0.447635 0.455547 0.450555 0.443193 0.440267 0.448956 0.44038 0.416484 0.421154 5.918010e-02 0.133
N:20 Run:0 0.494889 0.452765 0.427906 0.439409 0.422699 0.423693 0.437871 0.428224 0.430142 0.426647 0.408427 0.422917 0.432192 0.443885 0.43134 0.430494 0.425995 0.440261 0.445599 0.426816 0.436353 5.591244e-02 0.194
N:20 Run:1 0.440152 0.42074 0.428992 0.392149 0.390177 0.384941 0.405321 0.396128 0.406738 0.40322 0.388547 0.402178 0.420281 0.429852 0.417255 0.425883 0.413447 0.407206 0.430068 0.416401 0.415443 5.591244e-02 0.194
N:20 Run:2 0.52702 0.447823 0.35997 0.354586 0.299715 0.266382 0.264652 0.313105 0.300412 0.294456 0.273583 0.283524 0.267046 0.322484 0.300561 0.350398 0.376878 0.393743 0.382857 0.418464 0.433031 5.591244e-02 0.194
N:20 Run:3 0.4487 0.422049 0.429853 0.443834 0.454446 0.449297 0.439782 0.444234 0.441555 0.443117 0.446622 0.447014 0.442297 0.436409 0.423156 0.428526 0.421241 0.424339 0.422092 0.432432 0.418917 5.591244e-02 0.194
N:20 Run:4 0.440152 0.42074 0.428992 0.392149 0.390177 0.384941 0.405321 0.396128 0.406738 0.40322 0.388547 0.402178 0.418504 0.443239 0.443778 0.441027 0.44037 0.426703 0.426726 0.439801 0.443497 5.591244e-02 0.194
N:20 Run:5 0.52702 0.447823 0.35997 0.354586 0.299715 0.266382 0.264652 0.313105 0.300412 0.294456 0.273583 0.283524 0.388942 0.40562 0.434526 0.43338 0.420127 0.40935 0.427157 0.43523 0.42456 5.591244e-02 0.194
N:20 Run:6 0.359518 0.425337 0.440751 0.420914 0.429787 0.408831 0.422803 0.427781 0.419876 0.415993 0.395429 0.401909 0.398401 0.434843 0.440745 0.434908 0.437225 0.432473 0.435525 0.431944 0.440559 5.591244e-02 0.194
N:20 Run:7 0.475357 0.445857 0.441358 0.42543 0.382579 0.39002 0.400322 0.39899 0.396489 0.412935 0.384827 0.400318 0.408071 0.418016 0.430314 0.441903 0.434386 0.438415 0.433318 0.435196 0.438078 5.591244e-02 0.194
N:20 Run:8 0.436765 0.43202 0.428705 0.436054 0.428562 0.427369 0.433845 0.432808 0.438144 0.427131 0.422252 0.419637 0.419963 0.426372 0.420313 0.437742 0.424446 0.433112 0.441223 0.422762 0.432219 5.591244e-02 0.194
N:20 Run:9 0.43162 0.428965 0.420861 0.414926 0.389849 0.420219 0.398071 0.420822 0.414106 0.395398 0.424754 0.390961 0.447635 0.455547 0.450555 0.443193 0.440267 0.448956 0.44038 0.416484 0.421154 5.591244e-02 0.194
N:21 Run:0 0.494889 0.452765 0.427906 0.439409 0.422699 0.423693 0.437871 0.428224 0.430142 0.426647 0.408427 0.422917 0.432192 0.443885 0.43134 0.430494 0.425995 0.440261 0.445599 0.426816 0.436353 5.936642e-02 0.146
N:21 Run:1 0.440152 0.42074 0.428992 0.392149 0.390177 0.384941 0.405321 0.396128 0.406738 0.40322 0.388547 0.402178 0.420281 0.429852 0.417255 0.425883 0.413447 0.407206 0.430068 0.416401 0.415443 5.936642e-02 0.146
N:21 Run:2 0.52702 0.447823 0.35997 0.354586 0.299715 0.266382 0.264652 0.313105 0.300412 0.294456 0.273583 0.283524 0.267046 0.322484 0.300561 0.350398 0.376878 0.393743 0.382857 0.418464 0.433031 5.936642e-02 0.146
N:21 Run:3 0.4487 0.422049 0.429853 0.443834 0.454446 0.449297 0.439782 0.444234 0.441555 0.443117 0.446622 0.447014 0.442297 0.436409 0.423156 0.428526 0.421241 0.424339 0.422092 0.432432 0.418917 5.936642e-02 0.146
N:21 Run:4 0.440152 0.42074 0.428992 0.392149 0.390177 0.384941 0.405321 0.396128 0.406738 0.40322 0.388547 0.402178 0.418504 0.443239 0.443778 0.441027 0.44037 0.426703 0.426726 0.439801 0.443497 5.936642e-02 0.146
N:21 Run:5 0.52702 0.447823 0.35997 0.354586 0.299715 0.266382 0.264652 0.313105 0.300412 0.294456 0.273583 0.283524 0.388942 0.40562 0.434526 0.43338 0.420127 0.40935 0.427157 0.43523 0.42456 5.936642e-02 0.146
N:21 Run:6 0.359518 0.425337 0.440751 0.420914 0.429787 0.408831 0.422803 0.427781 0.419876 0.415993 0.395429 0.401909 0.398401 0.434843 0.440745 0.434908 0.437225 0.432473 0.435525 0.431944 0.440559 5.936642e-02 0.146
N:21 Run:7 0.475357 0.445857 0.441358 0.42543 0.382579 0.39002 0.400322 0.39899 0.396489 0.412935 0.384827 0.400318 0.408071 0.418016 0.430314 0.441903 0.434386 0.438415 0.433318 0.435196 0.438078 5.936642e-02 0.146
N:21 Run:8 0.436765 0.43202 0.428705 0.436054 0.428562 0.427369 0.433845 0.432808 0.438144 0.427131 0.422252 0.419637 0.419963 0.426372 0.420313 0.437742 0.424446 0.433112 0.441223 0.422762 0.432219 5.936642e-02 0.146
N:21 Run:9 0.43162 0.428965 0.420861 0.414926 0.389849 0.420219 0.398071 0.420822 0.414106 0.395398 0.424754 0.390961 0.447635 0.455547 0.450555 0.443193 0.440267 0.448956 0.44038 0.416484 0.421154 5.936642e-02 0.146
N:22 Run:0 0.494889 0.452765 0.427906 0.439409 0.422699 0.423693 0.437871 0.428224 0.430142 0.426647 0.408427 0.422917 0.432192 0.443885 0.43134 0.430494 0.425995 0.440261 0.445599 0.426816 0.436353 5.962432e-02 0.132
N:22 Run:1 0.440152 0.42074 0.428992 0.392149 0.390177 0.384941 0.405321 0.396128 0.406738 0.40322 0.388547 0.402178 0.420281 0.429852 0.417255 0.425883 0.413447 0.407206 0.430068 0.416401 0.415443 5.962432e-02 0.132
N:22 Run:2 0.52702 0.447823 0.35997 0.354586 0.299715 0.266382 0.264652 0.313105 0.300412 0.294456 0.273583 0.283524 0.267046 0.322484 0.300561 0.350398 0.376878 0.393743 0.382857 0.418464 0.433031 5.962432e-02 0.132
N:22 Run:3 0.4487 0.422049 0.429853 0.443834 0.454446 0.449297 0.439782 0.444234 0.441555 0.443117 0.446622 0.447014 0.442297 0.436409 0.423156 0.428526 0.421241 0.424339 0.422092 0.432432 0.418917 5.962432e-02 0.132
N:22 Run:4 0.440152 0.42074 0.428992 0.392149 0.390177 0.384941 0.405321 0.396128 0.406738 0.40322 0.388547 0.402178 0.418504 0.443239 0.443778 0.441027 0.44037 0.426703 0.426726 0.439801 0.443497 5.962432e-02 0.132
N:22 Run:5 0.52702 0.447823 0.35997 0.354586 0.299715 0.266382 0.264652 0.313105 0.300412 0.294456 0.273583 0.283524 0.388942 0.40562 0.434526 0.43338 0.420127 0.40935 0.427157 0.43523 0.42456 5.962432e-02 0.132
N:22 Run:6 0.359518 0.425337 0.440751 0.420914 0.429787 0.408831 0.422803 0.427781 0.419876 0.415993 0.395429 0.401909 0.398401 0.434843 0.440745 0.434908 0.437225 0.432473 0.435525 0.431944 0.440559 5.962432e-02 0.132
N:22 Run:7 0.475357 0.445857 0.441358 0.42543 0.382579 0.39002 0.400322 0.39899 0.396489 0.412935 0.384827 0.400318 0.408071 0.418016 0.430314 0.441903 0.434386 0.438415 0.433318 0.435196 0.438078 5.962432e-02 0.132
N:22 Run:8 0.436765 0.43202 0.428705 0.436054 0.428562 0.427369 0.433845 0.432808 0.438144 0.427131 0.422252 0.419637 0.419963 0.426372 0.420313 0.437742 0.424446 0.433112 0.441223 0.422762 0.432219 5.962432e-02 0.132
N:22 Run:9 0.43162 0.428965 0.420861 0.414926 0.389849 0.420219 0.398071 0.420822 0.414106 0.395398 0.424754 0.390961 0.447635 0.455547 0.450555 0.443193 0.440267 0.448956 0.44038 0.416484 0.421154 5.962432e-02 0.132
N:23 Run:0 0.494889 0.452765 0.427906 0.439409 0.422699 0.423693 0.437871 0.428224 0.430142 0.426647 0.408427 0.422917 0.432192 0.443885 0.43134 0.430494 0.425995 0.440261 0.445599 0.426816 0.436353 5.950071e-02 0.133
N:23 Run:1 0.440152 0.42074 0.428992 0.392149 0.390177 0.384941 0.405321 0.396128 0.406738 0.40322 0.388547 0.402178 0.420281 0.429852 0.417255 0.425883 0.413447 0.407206 0.430068 0.416401 0.415443 5.950071e-02 0.133
N:23 Run:2 0.52702 0.447823 0.35997 0.354586 0.299715 0.266382 0.264652 0.313105 0.300412 0.294456 0.273583 0.283524 0.267046 0.322484 0.300561 0.350398 0.376878 0.393743 0.382857 0.418464 0.433031 5.950071e-02 0.133
N:23 Run:3 0.4487 0.422049 0.429853 0.443834 0.454446 0.449297 0.439782 0.444234 0.441555 0.443117 0.446622 0.447014 0.442297 0.436409 0.423156 0.428526 0.421241 0.424339 0.422092 0.432432 0.418917 5.950071e-02 0.133
N:23 Run:4 0.440152 0.42074 0.428992 0.392149 0.390177 0.384941 0.405321 0.396128 0.406738 0.40322 0.388547 0.402178 0.418504 0.443239 0.443778 0.441027 0.44037 0.426703 0.426726 0.439801 0.443497 5.950071e-02 0.133
N:23 Run:5 0.52702 0.447823 0.35997 0.354586 0.299715 0.266382 0.264652 0.313105 0.300412 0.294456 0.273583 0.283524 0.388942 0.40562 0.434526 0.43338 0.420127 0.40935 0.427157 0.43523 0.42456 5.950071e-02 0.133
N:23 Run:6 0.359518 0.425337 0.440751 0.420914 0.429787 0.408831 0.422803 0.427781 0.419876 0.415993 0.395429 0.401909 0.398401 0.434843 0.440745 0.434908 0.437225 0.432473 0.435525 0.431944 0.440559 5.950071e-02 0.133
N:23 Run:7 0.475357 0.445857 0.441358 0.42543 0.382579 0.39002 0.400322 0.39899 0.396489 0.412935 0.384827 0.400318 0.408071 0.418016 0.430314 0.441903 0.434386 0.438415 0.433318 0.435196 0.438078 5.950071e-02 0.133
N:23 Run:8 0.436765 0.43202 0.428705 0.436054 0.428562 0.427369 0.433845 0.432808 0.438144 0.427131 0.422252 0.419637 0.419963 0.426372 0.420313 0.437742 0.424446 0.433112 0.441223 0.422762 0.432219 5.950071e-02 0.133
N:23 Run:9 0.43162 0.428965 0.420861 0.414926 0.389849 0.420219 0.398071 0.420822 0.414106 0.395398 0.424754 0.390961 0.447635 0.455547 0.450555 0.443193 0.440267 0.448956 0.44038 0.416484 0.421154 5.950071e-02 0.133
N:24 Run:0 0.494889 0.452765 0.427906 0.439409 0.422699 0.423693 0.437871 0.428224 0.430142 0.426647 0.408427 0.422917 0.432192 0.443885 0.43134 0.430494 0.425995 0.440261 0.445599 0.426816 0.436353 5.470622e-02 0.196
N:24 Run:1 0.440152 0.42074 0.428992 0.392149 0.390177 0.384941 0.405321 0.396128 0.406738 0.40322 0.388547 0.402178 0.420281 0.429852 0.417255 0.425883 0.413447 0.407206 0.430068 0.416401 0.415443 5.470622e-02 0.196
N:24 Run:2 0.52702 0.447823 0.35997 0.354586 0.299715 0.266382 0.264652 0.313105 0.300412 0.294456 0.273583 0.283524 0.267046 0.322484 0.300561 0.350398 0.376878 0.393743 0.382857 0.418464 0.433031 5.470622e-02 0.196
N:24 Run:3 0.4487 0.422049 0.429853 0.443834 0.454446 0.449297 0.439782 0.444234 0.441555 0.443117 0.446622 0.447014 0.442297 0.436409 0.423156 0.428526 0.421241 0.424339 0.422092 0.432432 0.418917 5.470622e-02 0.196
N:24 Run:4 0.440152 0.42074 0.428992 0.392149 0.390177 0.384941 0.405321 0.396128 0.406738 0.40322 0.388547 0.402178 0.418504 0.443239 0.443778 0.441027 0.44037 0.426703 0.426726 0.439801 0.443497 5.470622e-02 0.196
N:24 Run:5 0.52702 0.447823 0.35997 0.354586 0.299715 0.266382 0.264652 0.313105 0.300412 0.294456 0.273583 0.283524 0.388942 0.40562 0.434526 0.43338 0.420127 0.40935 0.427157 0.43523 0.42456 5.470622e-02 0.196
N:24 Run:6 0.359518 0.425337 0.440751 0.420914 0.429787 0.408831 0.422803 0.427781 0.419876 0.415993 0.395429 0.401909 0.398401 0.434843 0.440745 0.434908 0.437225 0.432473 0.435525 0.431944 0.440559 5.470622e-02 0.196
N:24 Run:7 0.475357 0.445857 0.441358 0.42543 0.382579 0.39002 0.400322 0.39899 0.396489 0.412935 0.384827 0.400318 0.408071 0.418016 0.430314 0.441903 0.434386 0.438415 0.433318 0.435196 0.438078 5.470622e-02 0.196
N:24 Run:8 0.436765 0.43202 0.428705 0.436054 0.428562 0.427369 0.433845 0.432808 0.438144 0.427131 0.422252 0.419637 0.419963 0.426372 0.420313 0.437742 0.424446 0.433112 0.441223 0.422762 0.432219 5.470622e-02 0.196
N:24 Run:9 0.43162 0.428965 0.420861 0.414926 0.389849 0.420219 0.398071 0.420822 0.414106 0.395398 0.424754 0.390961 0.447635 0.455547 0.450555 0.443193 0.440267 0.448956 0.44038 0.416484 0.421154 5.470622e-02 0.196
N:25 Run:0 0.494889 0.452765 0.427906 0.439409 0.422699 0.423693 0.437871 0.428224 0.430142 0.426647 0.408427 0.422917 0.432192 0.443885 0.43134 0.430494 0.425995 0.440261 0.445599 0.426816 0.436353 5.627362e-02 0.205
N:25 Run:1 0.440152 0.42074 0.428992 0.392149 0.390177 0.384941 0.405321 0.396128 0.406738 0.40322 0.388547 0.402178 0.420281 0.429852 0.417255 0.425883 0.413447 0.407206 0.430068 0.416401 0.415443 5.627362e-02 0.205
N:25 Run:2 0.52702 0.447823 0.35997 0.354586 0.299715 0.266382 0.264652 0.313105 0.300412 0.294456 0.273583 0.283524 0.267046 0.322484 0.300561 0.350398 0.376878 0.393743 0.382857 0.418464 0.433031 5.627362e-02 0.205
N:25 Run:3 0.4487 0.422049 0.429853 0.443834 0.454446 0.449297 0.439782 0.444234 0.441555 0.443117 0.446622 0.447014 0.442297 0.436409 0.423156 0.428526 0.421241 0.424339 0.422092 0.432432 0.418917 5.627362e-02 0.205
N:25 Run:4 0.440152 0.42074 0.428992 0.392149 0.390177 0.384941 0.405321 0.396128 0.406738 0.40322 0.388547 0.402178 0.418504 0.443239 0.443778 0.441027 0.44037 0.426703 0.426726 0.439801 0.443497 5.627362e-02 0.205
N:25 Run:5 0.52702 0.447823 0.35997 0.354586 0.299715 0.266382 0.264652 0.313105 0.300412 0.294456 0.273583 0.283524 0.388942 0.40562 0.434526 0.43338 0.420127 0.40935 0.427157 0.43523 0.42456 5.627362e-02 0.205
N:25 Run:6 0.359518 0.425337 0.440751 0.420914 0.429787 0.408831 0.422803 0.427781 0.419876 0.415993 0.395429 0.401909 0.398401 0.434843 0.440745 0.434908 0.437225 0.432473 0.435525 0.431944 0.440559 5.627362e-02 0.205
N:25 Run:7 0.475357 0.445857 0.441358 0.42543 0.382579 0.39002 0.400322 0.39899 0.396489 0.412935 0.384827 0.400318 0.408071 0.418016 0.430314 0.441903 0.434386 0.438415 0.433318 0.435196 0.438078 5.627362e-02 0.205
N:25 Run:8 0.436765 0.43202 0.428705 0.436054 0.428562 0.427369 0.433845 0.432808 0.438144 0.427131 0.422252 0.419637 0.419963 0.426372 0.420313 0.437742 0.424446 0.433112 0.441223 0.422762 0.432219 5.627362e-02 0.205
N:25 Run:9 0.43162 0.428965 0.420861 0.414926 0.389849 0.420219 0.398071 0.420822 0.414106 0.395398 0.424754 0.390961 0.447635 0.455547 0.450555 0.443193 0.440267 0.448956 0.44038 0.416484 0.421154 5.627362e-02 0.205
N:26 Run:0 0.494889 0.452765 0.427906 0.439409 0.422699 0.423693 0.437871 0.428224 0.430142 0.426647 0.408427 0.422917 0.432192 0.443885 0.43134 0.430494 0.425995 0.440261 0.445599 0.426816 0.436353 5.926838e-02 0.133
N:26 Run:1 0.440152 0.42074 0.428992 0.392149 0.390177 0.384941 0.405321 0.396128 0.406738 0.40322 0.388547 0.402178 0.420281 0.429852 0.417255 0.425883 0.413447 0.407206 0.430068 0.416401 0.415443 5.926838e-02 0.133
N:26 Run:2 0.52702 0.447823 0.35997 0.354586 0.299715 0.266382 0.264652 0.313105 0.300412 0.294456 0.273583 0.283524 0.267046 0.322484 0.300561 0.350398 0.376878 0.393743 0.382857 0.418464 0.433031 5.926838e-02 0.133
N:26 Run:3 0.4487 0.422049 0.429853 0.443834 0.454446 0.449297 0.439782 0.444234 0.441555 0.443117 0.446622 0.447014 0.442297 0.436409 0.423156 0.428526 0.421241 0.424339 0.422092 0.432432 0.418917 5.926838e-02 0.133
N:26 Run:4 0.440152 0.42074 0.428992 0.392149 0.390177 0.384941 0.405321 0.396128 0.406738 0.40322 0.388547 0.402178 0.418504 0.443239 0.443778 0.441027 0.44037 0.426703 0.426726 0.439801 0.443497 5.926838e-02 0.133
N:26 Run:5 0.52702 0.447823 0.35997 0.354586 0.299715 0.266382 0.264652 0.313105 0.300412 0.294456 0.273583 0.283524 0.388942 0.40562 0.434526 0.43338 0.420127 0.40935 0.427157 0.43523 0.42456 5.926838e-02 0.133
N:26 Run:6 0.359518 0.425337 0.440751 0.420914 0.429787 0.408831 0.422803 0.427781 0.419876 0.415993 0.395429 0.401909 0.398401 0.434843 0.440745 0.434908 0.437225 0.432473 0.435525 0.431944 0.440559 5.926838e-02 0.133
N:26 Run:7 0.475357 0.445857 0.441358 0.42543 0.382579 0.39002 0.400322 0.39899 0.396489 0.412935 0.384827 0.400318 0.408071 0.418016 0.430314 0.441903 0.434386 0.438415 0.433318 0.435196 0.438078 5.926838e-02 0.133
N:26 Run:8 0.436765 0.43202 0.428705 0.436054 0.428562 0.427369 0.433845 0.432808 0.438144 0.427131 0.422252 0.419637 0.419963 0.426372 0.420313 0.437742 0.424446 0.433112 0.441223 0.422762 0.432219 5.926838e-02 0.133
N:26 Run:9 0.43162 0.428965 0.420861 0.414926 0.389849 0.420219 0.398071 0.420822 0.414106 0.395398 0.424754 0.390961 0.447635 0.455547 0.450555 0.443193 0.440267 0.448956 0.44038 0.416484 0.421154 5.926838e-02 0.133
N:27 Run:0 0.494889 0.452765 0.427906 0.439409 0.422699 0.423693 0.437871 0.428224 0.430142 0.426647 0.408427 0.422917 0.432192 0.443885 0.43134 0.430494 0.425995 0.440261 0.445599 0.426816 0.436353 5.923506e-02 0.139
N:27 Run:1 0.440152 0.42074 0.428992 0.392149 0.390177 0.384941 0.405321 0.396128 0.406738 0.40322 0.388547 0.402178 0.420281 0.429852 0.417255 0.425883 0.413447 0.407206 0.430068 0.416401 0.415443 5.923506e-02 0.139
N:27 Run:2 0.52702 0.447823 0.35997 0.354586 0.299715 0.266382 0.264652 0.313105 0.300412 0.294456 0.273583 0.283524 0.267046 0.322484 0.300561 0.350398 0.376878 0.393743 0.382857 0.418464 0.433031 5.923506e-02 0.139
N:27 Run:3 0.4487 0.422049 0.429853 0.443834 0.454446 0.449297 0.439782 0.444234 0.441555 0.443117 0.446622 0.447014 0.442297 0.436409 0.423156 0.428526 0.421241 0.424339 0.422092 0.432432 0.418917 5.923506e-02 0.139
N:27 Run:4 0.440152 0.42074 0.428992 0.392149 0.390177 0.384941 0.405321 0.396128 0.406738 0.40322 0.388547 0.402178 0.418504 0.443239 0.443778 0.441027 0.44037 0.426703 0.426726 0.439801 0.443497 5.923506e-02 0.139
N:27 Run:5 0.52702 0.447823 0.35997 0.354586 0.299715 0.266382 0.264652 0.313105 0.300412 0.294456 0.273583 0.283524 0.388942 0.40562 0.434526 0.43338 0.420127 0.40935 0.427157 0.43523 0.42456 5.923506e-02 0.139
N:27 Run:6 0.359518 0.425337 0.440751 0.420914 0.429787 0.408831 0.422803 0.427781 0.419876 0.415993 0.395429 0.401909 0.398401 0.434843 0.440745 0.434908 0.437225 0.432473 0.435525 0.431944 0.440559 5.923506e-02 0.139
N:27 Run:7 0.475357 0.445857 0.441358 0.42543 0.382579 0.39002 0.400322 0.39899 0.396489 0.412935 0.384827 0.400318 0.408071 0.418016 0.430314 0.441903 0.434386 0.438415 0.433318 0.435196 0.438078 5.923506e-02 0.139
N:27 Run:8 0.436765 0.43202 0.428705 0.436054 0.428562 0.427369 0.433845 0.432808 0.438144 0.427131 0.422252 0.419637 0.419963 0.426372 0.420313 0.437742 0.424446 0.433112 0.441223 0.422762 0.432219 5.923506e-02 0.139
N:27 Run:9 0.43162 0.428965 0.420861 0.414926 0.389849 0.420219 0.398071 0.420822 0.414106 0.395398 0.424754 0.390961 0.447635 0.455547 0.450555 0.443193 0.440267 0.448956 0.44038 0.416484 0.421154 5.923506e-02 0.139
N:28 Run:0 0.494889 0.452765 0.427906 0.439409 0.422699 0.423693 0.437871 0.428224 0.430142 0.426647 0.408427 0.422917 0.432192 0.443885 0.43134 0.430494 0.425995 0.440261 0.445599 0.426816 0.436353 5.623353e-02 0.211
N:28 Run:1 0.440152 0.42074 0.428992 0.392149 0.390177 0.384941 0.405321 0.396128 0.406738 0.40322 0.388547 0.402178 0.420281 0.429852 0.417255 0.425883 0.413447 0.407206 0.430068 0.416401 0.415443 5.623353e-02 0.211
N:28 Run:2 0.52702 0.447823 0.35997 0.354586 0.299715 0.266382 0.264652 0.313105 0.300412 0.294456 0.273583 0.283524 0.267046 0.322484 0.300561 0.350398 0.376878 0.393743 0.382857 0.418464 0.433031 5.623353e-02 0.211
N:28 Run:3 0.4487 0.422049 0.429853 0.443834 0.454446 0.449297 0.439782 0.444234 0.441555 0.443117 0.446622 0.447014 0.442297 0.436409 0.423156 0.428526 0.421241 0.424339 0.422092 0.432432 0.418917 5.623353e-02 0.211
N:28 Run:4 0.440152 0.42074 0.428992 0.392149 0.390177 0.384941 0.405321 0.396128 0.406738 0.40322 0.388547 0.402178 0.418504 0.443239 0.443778 0.441027 0.44037 0.426703 0.426726 0.439801 0.443497 5.623353e-02 0.211
N:28 Run:5 0.52702 0.447823 0.35997 0.354586 0.299715 0.266382 0.264652 0.313105 0.300412 0.294456 0.273583 0.283524 0.388942 0.40562 0.434526 0.43338 0.420127 0.40935 0.427157 0.43523 0.42456 5.623353e-02 0.211
N:28 Run:6 0.359518 0.425337 0.440751 0.420914 0.429787 0.408831 0.422803 0.427781 0.419876 0.415993 0.395429 0.401909 0.398401 0.434843 0.440745 0.434908 0.437225 0.432473 0.435525 0.431944 0.440559 5.623353e-02 0.211
N:28 Run:7 0.475357 0.445857 0.441358 0.42543 0.382579 0.39002 0.400322 0.39899 0.396489 0.412935 0.384827 0.400318 0.408071 0.418016 0.430314 0.441903 0.434386 0.438415 0.433318 0.435196 0.438078 5.623353e-02 0.211
N:28 Run:8 0.436765 0.43202 0.428705 0.436054 0.428562 0.427369 0.433845 0.432808 0.438144 0.427131 0.422252 0.419637 0.419963 0.426372 0.420313 0.437742 0.424446 0.433112 0.441223 0.422762 0.432219 5.623353e-02 0.211
N:28 Run:9 0.43162 0.428965 0.420861 0.414926 0.389849 0.420219 0.398071 0.420822 0.414106 0.395398 0.424754 0.390961 0.447635 0.455547 0.450555 0.443193 0.440267 0.448956 0.44038 0.416484 0.421154 5.623353e-02 0.211
N:29 Run:0 0.494889 0.452765 0.427906 0.439409 0.422699 0.423693 0.437871 0.428224 0.430142 0.426647 0.408427 0.422917 0.432192 0.443885 0.43134 0.430494 0.425995 0.440261 0.445599 0.426816 0.436353 5.589392e-02 0.206
N:29 Run:1 0.440152 0.42074 0.428992 0.392149 0.390177 0.384941 0.405321 0.396128 0.406738 0.40322 0.388547 0.402178 0.420281 0.429852 0.417255 0.425883 0.413447 0.407206 0.430068 0.416401 0.415443 5.589392e-02 0.206
N:29 Run:2 0.52702 0.447823 0.35997 0.354586 0.299715 0.266382 0.264652 0.313105 0.300412 0.294456 0.273583 0.283524 0.267046 0.322484 0.300561 0.350398 0.376878 0.393743 0.382857 0.418464 0.433031 5.589392e-02 0.206
N:29 Run:3 0.4487 0.422049 0.429853 0.443834 0.454446 0.449297 0.439782 0.444234 0.441555 0.443117 0.446622 0.447014 0.442297 0.436409 0.423156 0.428526 0.421241 0.424339 0.422092 0.432432 0.418917 5.589392e-02 0.206
N:29 Run:4 0.440152 0.42074 0.428992 0.392149 0.390177 0.384941 0.405321 0.396128 0.406738 0.40322 0.388547 0.402178 0.418504 0.443239 0.443778 0.441027 0.44037 0.426703 0.426726 0.439801 0.443497 5.589392e-02 0.206
N:29 Run:5 0.52702 0.447823 0.35997 0.354586 0.299715 0.266382 0.264652 0.313105 0.300412 0.294456 0.273583 0.283524 0.388942 0.40562 0.434526 0.43338 0.420127 0.40935 0.427157 0.43523 0.42456 5.589392e-02 0.206
N:29 Run:6 0.359518 0.425337 0.440751 0.420914 0.429787 0.408831 0.422803 0.427781 0.419876 0.415993 0.395429 0.401909 0.398401 0.434843 0.440745 0.434908 0.437225 0.432473 0.435525 0.431944 0.440559 5.589392e-02 0.206
N:29 Run:7 0.475357 0.445857 0.441358 0.42543 0.382579 0.39002 0.400322 0.39899 0.396489 0.412935 0.384827 0.400318 0.408071 0.418016 0.430314 0.441903 0.434386 0.438415 0.433318 0.435196 0.438078 5.589392e-02 0.206
N:29 Run:8 0.436765 0.43202 0.428705 0.436054 0.428562 0.427369 0.433845 0.432808 0.438144 0.427131 0.422252 0.419637 0.419963 0.426372 0.420313 0.437742 0.424446 0.433112 0.441223 0.422762 0.432219 5.589392e-02 0.206
N:29 Run:9 0.43162 0.428965 0.420861 0.414926 0.389849 0.420219 0.398071 0.420822 0.414106 0.395398 0.424754 0.390961 0.447635 0.455547 0.450555 0.443193 0.440267 0.448956 0.44038 0.416484 0.421154 5.589392e-02 0.206
