Seed:1578604612
N:0 Run:0 0.256615 0.311124 0.326926 0.307773 0.308548 0.359065 0.399845 0.386287 0.3257 0.337076 0.323316 0.297876 0.312915 0.323635 0.306693 0.284994 0.2809 0.274461 0.300693 0.297205 0.304211 1.341786e-01 0.952
N:0 Run:1 0.295199 0.291148 0.322747 0.288016 0.266723 0.272564 0.260603 0.255327 0.253886 0.255371 0.251707 0.251238 0.282199 0.301901 0.336401 0.346024 0.319913 0.295953 0.296972 0.291107 0.298215 1.341786e-01 0.952
N:0 Run:2 0.243673 0.276696 0.325216 0.333136 0.475007 0.456225 0.409201 0.369154 0.464968 0.438661 0.432943 0.388657 0.414929 0.492927 0.381146 0.325531 0.294147 0.325337 0.287276 0.280234 0.310142 1.341786e-01 0.952
N:0 Run:3 0.374064 0.326196 0.312642 0.334538 0.305832 0.286708 0.280946 0.29092 0.306778 0.287099 0.28792 0.297652 0.314234 0.302561 0.28932 0.317671 0.28445 0.306682 0.302775 0.327873 0.282516 1.341786e-01 0.952
N:0 Run:4 0.295199 0.291148 0.322747 0.288016 0.266723 0.272564 0.260603 0.255327 0.253886 0.255371 0.251707 0.251238 0.253861 0.260184 0.261462 0.267092 0.292018 0.304474 0.322859 0.306341 0.28087 1.341786e-01 0.952
N:0 Run:5 0.243673 0.276696 0.325216 0.333136 0.475007 0.456225 0.409201 0.369154 0.464968 0.438661 0.432943 0.388657 0.325916 0.29779 0.295257 0.297586 0.316227 0.295135 0.299206 0.288504 0.299282 1.341786e-01 0.952
N:0 Run:6 0.371436 0.318432 0.332202 0.324973 0.364058 0.331491 0.326845 0.298086 0.322503 0.327063 0.305532 0.314007 0.296644 0.283785 0.295503 0.289939 0.28191 0.281327 0.288319 0.292319 0.277887 1.341786e-01 0.952
N:0 Run:7 0.375198 0.311189 0.299937 0.339617 0.318142 0.348637 0.310576 0.338001 0.394012 0.34796 0.318109 0.371169 0.320277 0.329018 0.311629 0.281069 0.292526 0.301733 0.281855 0.281324 0.282355 1.341786e-01 0.952
N:0 Run:8 0.248228 0.27328 0.316167 0.31615 0.299192 0.287654 0.308595 0.291895 0.277441 0.278047 0.286557 0.271389 0.271328 0.321926 0.306813 0.301796 0.305162 0.282098 0.286657 0.277131 0.29067 1.341786e-01 0.952
N:0 Run:9 0.262661 0.271857 0.267911 0.26819 0.267863 0.26486 0.258672 0.256923 0.255693 0.258355 0.259477 0.256415 0.26355 0.269428 0.272605 0.327417 0.319477 0.301226 0.299789 0.320839 0.305284 1.341786e-01 0.952
N:1 Run:0 0.256615 0.296792 0.375079 0.422139 0.37882 0.415609 0.37137 0.390967 0.418286 0.399339 0.448421 0.413858 0.370609 0.311742 0.288336 0.295181 0.296053 0.264526 0.28488 0.317156 0.327943 9.646048e-02 0.949
N:1 Run:1 0.295199 0.298131 0.313896 0.283125 0.252114 0.289826 0.284989 0.279773 0.256385 0.282201 0.278255 0.306403 0.284427 0.320617 0.309204 0.314059 0.32904 0.307206 0.304216 0.276945 0.297296 9.646048e-02 0.949
N:1 Run:2 0.243673 0.289389 0.364451 0.419613 0.484954 0.519486 0.467781 0.404098 0.400462 0.43192 0.440296 0.446943 0.434355 0.419054 0.443516 0.373646 0.3326 0.308445 0.291998 0.315369 0.277555 9.646048e-02 0.949
N:1 Run:3 0.374064 0.295447 0.253324 0.232694 0.208006 0.207926 0.21692 0.207929 0.207624 0.210952 0.219359 0.23243 0.247215 0.261403 0.255514 0.282183 0.308828 0.320975 0.292029 0.269383 0.284861 9.646048e-02 0.949
N:1 Run:4 0.295199 0.298131 0.313896 0.283125 0.252114 0.289826 0.284989 0.279773 0.256385 0.282201 0.278255 0.306403 0.301195 0.31076 0.330082 0.36607 0.359898 0.313502 0.309093 0.282555 0.294173 9.646048e-02 0.949
N:1 Run:5 0.243673 0.289389 0.364451 0.419613 0.484954 0.519486 0.467781 0.404098 0.400462 0.43192 0.440296 0.446943 0.348555 0.357019 0.347453 0.312718 0.294991 0.334325 0.299065 0.315693 0.286337 9.646048e-02 0.949
N:1 Run:6 0.371436 0.33366 0.300249 0.263537 0.236704 0.225207 0.213778 0.211686 0.198385 0.200069 0.187985 0.209331 0.285787 0.315874 0.289105 0.284667 0.305678 0.273318 0.299104 0.316996 0.316014 9.646048e-02 0.949
N:1 Run:7 0.375198 0.325093 0.325681 0.287214 0.300139 0.29784 0.327118 0.333055 0.314742 0.370719 0.286243 0.285279 0.306089 0.304981 0.297814 0.314314 0.29444 0.318011 0.313412 0.289116 0.341389 9.646048e-02 0.949
N:1 Run:8 0.248228 0.279451 0.321989 0.302946 0.260996 0.253897 0.272141 0.266525 0.246307 0.242008 0.269677 0.275428 0.27595 0.30705 0.302835 0.304558 0.323254 0.301506 0.296091 0.290276 0.325042 9.646048e-02 0.949
N:1 Run:9 0.262661 0.298902 0.279449 0.245225 0.235877 0.205347 0.216586 0.227918 0.225664 0.237356 0.23724 0.244407 0.320466 0.341864 0.36342 0.338645 0.335757 0.311489 0.324329 0.292805 0.305463 9.646048e-02 0.949
N:2 Run:0 0.256615 0.296792 0.375079 0.422139 0.37882 0.415609 0.37137 0.390967 0.418286 0.399339 0.448421 0.413858 0.370609 0.311742 0.288336 0.295181 0.296053 0.264526 0.28488 0.317156 0.327943 1.353734e-01 0.936
N:2 Run:1 0.295199 0.298131 0.313896 0.283125 0.252114 0.289826 0.284989 0.279773 0.256385 0.282201 0.278255 0.306403 0.284427 0.320617 0.309204 0.314059 0.32904 0.307206 0.304216 0.276945 0.297296 1.353734e-01 0.936
N:2 Run:2 0.243673 0.289389 0.364451 0.419613 0.484954 0.519486 0.467781 0.404098 0.400462 0.43192 0.440296 0.446943 0.434355 0.419054 0.443516 0.373646 0.3326 0.308445 0.291998 0.315369 0.277555 1.353734e-01 0.936
N:2 Run:3 0.374064 0.295447 0.253324 0.232694 0.208006 0.207926 0.21692 0.207929 0.207624 0.210952 0.219359 0.23243 0.247215 0.261403 0.255514 0.282183 0.308828 0.320975 0.292029 0.269383 0.284861 1.353734e-01 0.936
N:2 Run:4 0.295199 0.298131 0.313896 0.283125 0.252114 0.289826 0.284989 0.279773 0.256385 0.282201 0.278255 0.306403 0.301195 0.31076 0.330082 0.36607 0.359898 0.313502 0.309093 0.282555 0.294173 1.353734e-01 0.936
N:2 Run:5 0.243673 0.289389 0.364451 0.419613 0.484954 0.519486 0.467781 0.404098 0.400462 0.43192 0.440296 0.446943 0.348555 0.357019 0.347453 0.312718 0.294991 0.334325 0.299065 0.315693 0.286337 1.353734e-01 0.936
N:2 Run:6 0.371436 0.33366 0.300249 0.263537 0.236704 0.225207 0.213778 0.211686 0.198385 0.200069 0.187985 0.209331 0.285787 0.315874 0.289105 0.284667 0.305678 0.273318 0.299104 0.316996 0.316014 1.353734e-01 0.936
N:2 Run:7 0.375198 0.325093 0.325681 0.287214 0.300139 0.29784 0.327118 0.333055 0.314742 0.370719 0.286243 0.285279 0.306089 0.304981 0.297814 0.314314 0.29444 0.318011 0.313412 0.289116 0.341389 1.353734e-01 0.936
N:2 Run:8 0.248228 0.279451 0.321989 0.302946 0.260996 0.253897 0.272141 0.266525 0.246307 0.242008 0.269677 0.275428 0.27595 0.30705 0.302835 0.304558 0.323254 0.301506 0.296091 0.290276 0.325042 1.353734e-01 0.936
N:2 Run:9 0.262661 0.298902 0.279449 0.245225 0.235877 0.205347 0.216586 0.227918 0.225664 0.237356 0.23724 0.244407 0.320466 0.341864 0.36342 0.338645 0.335757 0.311489 0.324329 0.292805 0.305463 1.353734e-01 0.936
N:3 Run:0 0.256615 0.296364 0.375094 0.425619 0.377555 0.416754 0.366884 0.387117 0.419052 0.397603 0.454343 0.416515 0.371356 0.309833 0.28729 0.292559 0.293981 0.26433 0.28275 0.314839 0.326722 9.613855e-02 0.939
N:3 Run:1 0.295199 0.296707 0.31205 0.282246 0.252695 0.287914 0.28299 0.277271 0.257199 0.281454 0.276514 0.304349 0.282504 0.319574 0.307359 0.312734 0.3277 0.305654 0.301399 0.27532 0.296009 9.613855e-02 0.939
N:3 Run:2 0.243673 0.28699 0.361936 0.419133 0.493808 0.534761 0.473483 0.40006 0.394878 0.430476 0.440175 0.447936 0.439364 0.424924 0.452532 0.377381 0.332917 0.307524 0.289453 0.313673 0.276443 9.613855e-02 0.939
N:3 Run:3 0.374064 0.295354 0.253701 0.233663 0.214647 0.213812 0.220389 0.214432 0.213866 0.215962 0.222272 0.23311 0.247531 0.261537 0.256032 0.281768 0.306491 0.317971 0.290498 0.269715 0.284836 9.613855e-02 0.939
N:3 Run:4 0.295199 0.296707 0.31205 0.282246 0.252695 0.287914 0.28299 0.277271 0.257199 0.281454 0.276514 0.304349 0.29857 0.309629 0.329881 0.367788 0.360445 0.312795 0.308164 0.280861 0.290716 9.613855e-02 0.939
N:3 Run:5 0.243673 0.28699 0.361936 0.419133 0.493808 0.534761 0.473483 0.40006 0.394878 0.430476 0.440175 0.447936 0.345763 0.357078 0.346814 0.311704 0.292907 0.333789 0.298259 0.314102 0.285017 9.613855e-02 0.939
N:3 Run:6 0.371436 0.332536 0.294043 0.257837 0.234242 0.224808 0.216416 0.214939 0.206861 0.207577 0.201552 0.213864 0.282564 0.312533 0.287034 0.283466 0.3041 0.272923 0.296786 0.315557 0.315342 9.613855e-02 0.939
N:3 Run:7 0.375198 0.325189 0.32531 0.287189 0.298823 0.29559 0.326374 0.333046 0.314266 0.372756 0.287095 0.284518 0.304855 0.303929 0.297355 0.312882 0.292709 0.315884 0.311993 0.287112 0.341211 9.613855e-02 0.939
N:3 Run:8 0.248228 0.277712 0.320388 0.300767 0.261773 0.253345 0.2694 0.264745 0.245877 0.242841 0.267677 0.272828 0.273057 0.304575 0.300412 0.303646 0.32329 0.301107 0.293784 0.287824 0.323496 9.613855e-02 0.939
N:3 Run:9 0.262661 0.29801 0.277692 0.246059 0.236709 0.213391 0.220566 0.228993 0.227868 0.237323 0.237598 0.243529 0.320122 0.341625 0.365268 0.339317 0.335429 0.30925 0.322818 0.292188 0.30392 9.613855e-02 0.939
N:4 Run:0 0.256615 0.296364 0.375094 0.425619 0.377555 0.416754 0.366884 0.387117 0.419052 0.397603 0.454343 0.416515 0.371356 0.309833 0.28729 0.292559 0.293981 0.26433 0.28275 0.314839 0.326722 1.250567e-01 0.935
N:4 Run:1 0.295199 0.296707 0.31205 0.282246 0.252695 0.287914 0.28299 0.277271 0.257199 0.281454 0.276514 0.304349 0.282504 0.319574 0.307359 0.312734 0.3277 0.305654 0.301399 0.27532 0.296009 1.250567e-01 0.935
N:4 Run:2 0.243673 0.28699 0.361936 0.419133 0.493808 0.534761 0.473483 0.40006 0.394878 0.430476 0.440175 0.447936 0.439364 0.424924 0.452532 0.377381 0.332917 0.307524 0.289453 0.313673 0.276443 1.250567e-01 0.935
N:4 Run:3 0.374064 0.295354 0.253701 0.233663 0.214647 0.213812 0.220389 0.214432 0.213866 0.215962 0.222272 0.23311 0.247531 0.261537 0.256032 0.281768 0.306491 0.317971 0.290498 0.269715 0.284836 1.250567e-01 0.935
N:4 Run:4 0.295199 0.296707 0.31205 0.282246 0.252695 0.287914 0.28299 0.277271 0.257199 0.281454 0.276514 0.304349 0.29857 0.309629 0.329881 0.367788 0.360445 0.312795 0.308164 0.280861 0.290716 1.250567e-01 0.935
N:4 Run:5 0.243673 0.28699 0.361936 0.419133 0.493808 0.534761 0.473483 0.40006 0.394878 0.430476 0.440175 0.447936 0.345763 0.357078 0.346814 0.311704 0.292907 0.333789 0.298259 0.314102 0.285017 1.250567e-01 0.935
N:4 Run:6 0.371436 0.332536 0.294043 0.257837 0.234242 0.224808 0.216416 0.214939 0.206861 0.207577 0.201552 0.213864 0.282564 0.312533 0.287034 0.283466 0.3041 0.272923 0.296786 0.315557 0.315342 1.250567e-01 0.935
N:4 Run:7 0.375198 0.325189 0.32531 0.287189 0.298823 0.29559 0.326374 0.333046 0.314266 0.372756 0.287095 0.284518 0.304855 0.303929 0.297355 0.312882 0.292709 0.315884 0.311993 0.287112 0.341211 1.250567e-01 0.935
N:4 Run:8 0.248228 0.277712 0.320388 0.300767 0.261773 0.253345 0.2694 0.264745 0.245877 0.242841 0.267677 0.272828 0.273057 0.304575 0.300412 0.303646 0.32329 0.301107 0.293784 0.287824 0.323496 1.250567e-01 0.935
N:4 Run:9 0.262661 0.29801 0.277692 0.246059 0.236709 0.213391 0.220566 0.228993 0.227868 0.237323 0.237598 0.243529 0.320122 0.341625 0.365268 0.339317 0.335429 0.30925 0.322818 0.292188 0.30392 1.250567e-01 0.935
N:5 Run:0 0.256615 0.296364 0.375094 0.425619 0.377555 0.416754 0.366884 0.387117 0.419052 0.397603 0.454343 0.416515 0.371356 0.309833 0.28729 0.292559 0.293981 0.26433 0.28275 0.314839 0.326722 9.951773e-02 0.937
N:5 Run:1 0.295199 0.296707 0.31205 0.282246 0.252695 0.287914 0.28299 0.277271 0.257199 0.281454 0.276514 0.304349 0.282504 0.319574 0.307359 0.312734 0.3277 0.305654 0.301399 0.27532 0.296009 9.951773e-02 0.937
N:5 Run:2 0.243673 0.28699 0.361936 0.419133 0.493808 0.534761 0.473483 0.40006 0.394878 0.430476 0.440175 0.447936 0.439364 0.424924 0.452532 0.377381 0.332917 0.307524 0.289453 0.313673 0.276443 9.951773e-02 0.937
N:5 Run:3 0.374064 0.295354 0.253701 0.233663 0.214647 0.213812 0.220389 0.214432 0.213866 0.215962 0.222272 0.23311 0.247531 0.261537 0.256032 0.281768 0.306491 0.317971 0.290498 0.269715 0.284836 9.951773e-02 0.937
N:5 Run:4 0.295199 0.296707 0.31205 0.282246 0.252695 0.287914 0.28299 0.277271 0.257199 0.281454 0.276514 0.304349 0.29857 0.309629 0.329881 0.367788 0.360445 0.312795 0.308164 0.280861 0.290716 9.951773e-02 0.937
N:5 Run:5 0.243673 0.28699 0.361936 0.419133 0.493808 0.534761 0.473483 0.40006 0.394878 0.430476 0.440175 0.447936 0.345763 0.357078 0.346814 0.311704 0.292907 0.333789 0.298259 0.314102 0.285017 9.951773e-02 0.937
N:5 Run:6 0.371436 0.332536 0.294043 0.257837 0.234242 0.224808 0.216416 0.214939 0.206861 0.207577 0.201552 0.213864 0.282564 0.312533 0.287034 0.283466 0.3041 0.272923 0.296786 0.315557 0.315342 9.951773e-02 0.937
N:5 Run:7 0.375198 0.325189 0.32531 0.287189 0.298823 0.29559 0.326374 0.333046 0.314266 0.372756 0.287095 0.284518 0.304855 0.303929 0.297355 0.312882 0.292709 0.315884 0.311993 0.287112 0.341211 9.951773e-02 0.937
N:5 Run:8 0.248228 0.277712 0.320388 0.300767 0.261773 0.253345 0.2694 0.264745 0.245877 0.242841 0.267677 0.272828 0.273057 0.304575 0.300412 0.303646 0.32329 0.301107 0.293784 0.287824 0.323496 9.951773e-02 0.937
N:5 Run:9 0.262661 0.29801 0.277692 0.246059 0.236709 0.213391 0.220566 0.228993 0.227868 0.237323 0.237598 0.243529 0.320122 0.341625 0.365268 0.339317 0.335429 0.30925 0.322818 0.292188 0.30392 9.951773e-02 0.937
N:6 Run:0 0.256615 0.296364 0.375094 0.425619 0.377555 0.416754 0.366884 0.387117 0.419052 0.397603 0.454343 0.416515 0.371356 0.309833 0.28729 0.292559 0.293981 0.26433 0.28275 0.314839 0.326722 9.623107e-02 0.948
N:6 Run:1 0.295199 0.296707 0.31205 0.282246 0.252695 0.287914 0.28299 0.277271 0.257199 0.281454 0.276514 0.304349 0.282504 0.319574 0.307359 0.312734 0.3277 0.305654 0.301399 0.27532 0.296009 9.623107e-02 0.948
N:6 Run:2 0.243673 0.28699 0.361936 0.419133 0.493808 0.534761 0.473483 0.40006 0.394878 0.430476 0.440175 0.447936 0.439364 0.424924 0.452532 0.377381 0.332917 0.307524 0.289453 0.313673 0.276443 9.623107e-02 0.948
N:6 Run:3 0.374064 0.295354 0.253701 0.233663 0.214647 0.213812 0.220389 0.214432 0.213866 0.215962 0.222272 0.23311 0.247531 0.261537 0.256032 0.281768 0.306491 0.317971 0.290498 0.269715 0.284836 9.623107e-02 0.948
N:6 Run:4 0.295199 0.296707 0.31205 0.282246 0.252695 0.287914 0.28299 0.277271 0.257199 0.281454 0.276514 0.304349 0.29857 0.309629 0.329881 0.367788 0.360445 0.312795 0.308164 0.280861 0.290716 9.623107e-02 0.948
N:6 Run:5 0.243673 0.28699 0.361936 0.419133 0.493808 0.534761 0.473483 0.40006 0.394878 0.430476 0.440175 0.447936 0.345763 0.357078 0.346814 0.311704 0.292907 0.333789 0.298259 0.314102 0.285017 9.623107e-02 0.948
N:6 Run:6 0.371436 0.332536 0.294043 0.257837 0.234242 0.224808 0.216416 0.214939 0.206861 0.207577 0.201552 0.213864 0.282564 0.312533 0.287034 0.283466 0.3041 0.272923 0.296786 0.315557 0.315342 9.623107e-02 0.948
N:6 Run:7 0.375198 0.325189 0.32531 0.287189 0.298823 0.29559 0.326374 0.333046 0.314266 0.372756 0.287095 0.284518 0.304855 0.303929 0.297355 0.312882 0.292709 0.315884 0.311993 0.287112 0.341211 9.623107e-02 0.948
N:6 Run:8 0.248228 0.277712 0.320388 0.300767 0.261773 0.253345 0.2694 0.264745 0.245877 0.242841 0.267677 0.272828 0.273057 0.304575 0.300412 0.303646 0.32329 0.301107 0.293784 0.287824 0.323496 9.623107e-02 0.948
N:6 Run:9 0.262661 0.29801 0.277692 0.246059 0.236709 0.213391 0.220566 0.228993 0.227868 0.237323 0.237598 0.243529 0.320122 0.341625 0.365268 0.339317 0.335429 0.30925 0.322818 0.292188 0.30392 9.623107e-02 0.948
N:7 Run:0 0.256615 0.296364 0.375094 0.425619 0.377555 0.416754 0.366884 0.387117 0.419052 0.397603 0.454343 0.416515 0.371356 0.309833 0.28729 0.292559 0.293981 0.26433 0.28275 0.314839 0.326722 1.300035e-01 0.930
N:7 Run:1 0.295199 0.296707 0.31205 0.282246 0.252695 0.287914 0.28299 0.277271 0.257199 0.281454 0.276514 0.304349 0.282504 0.319574 0.307359 0.312734 0.3277 0.305654 0.301399 0.27532 0.296009 1.300035e-01 0.930
N:7 Run:2 0.243673 0.28699 0.361936 0.419133 0.493808 0.534761 0.473483 0.40006 0.394878 0.430476 0.440175 0.447936 0.439364 0.424924 0.452532 0.377381 0.332917 0.307524 0.289453 0.313673 0.276443 1.300035e-01 0.930
N:7 Run:3 0.374064 0.295354 0.253701 0.233663 0.214647 0.213812 0.220389 0.214432 0.213866 0.215962 0.222272 0.23311 0.247531 0.261537 0.256032 0.281768 0.306491 0.317971 0.290498 0.269715 0.284836 1.300035e-01 0.930
N:7 Run:4 0.295199 0.296707 0.31205 0.282246 0.252695 0.287914 0.28299 0.277271 0.257199 0.281454 0.276514 0.304349 0.29857 0.309629 0.329881 0.367788 0.360445 0.312795 0.308164 0.280861 0.290716 1.300035e-01 0.930
N:7 Run:5 0.243673 0.28699 0.361936 0.419133 0.493808 0.534761 0.473483 0.40006 0.394878 0.430476 0.440175 0.447936 0.345763 0.357078 0.346814 0.311704 0.292907 0.333789 0.298259 0.314102 0.285017 1.300035e-01 0.930
N:7 Run:6 0.371436 0.332536 0.294043 0.257837 0.234242 0.224808 0.216416 0.214939 0.206861 0.207577 0.201552 0.213864 0.282564 0.312533 0.287034 0.283466 0.3041 0.272923 0.296786 0.315557 0.315342 1.300035e-01 0.930
N:7 Run:7 0.375198 0.325189 0.32531 0.287189 0.298823 0.29559 0.326374 0.333046 0.314266 0.372756 0.287095 0.284518 0.304855 0.303929 0.297355 0.312882 0.292709 0.315884 0.311993 0.287112 0.341211 1.300035e-01 0.930
N:7 Run:8 0.248228 0.277712 0.320388 0.300767 0.261773 0.253345 0.2694 0.264745 0.245877 0.242841 0.267677 0.272828 0.273057 0.304575 0.300412 0.303646 0.32329 0.301107 0.293784 0.287824 0.323496 1.300035e-01 0.930
N:7 Run:9 0.262661 0.29801 0.277692 0.246059 0.236709 0.213391 0.220566 0.228993 0.227868 0.237323 0.237598 0.243529 0.320122 0.341625 0.365268 0.339317 0.335429 0.30925 0.322818 0.292188 0.30392 1.300035e-01 0.930
N:8 Run:0 0.256615 0.296364 0.375094 0.425619 0.377555 0.416754 0.366884 0.387117 0.419052 0.397603 0.454343 0.416515 0.371356 0.309833 0.28729 0.292559 0.293981 0.26433 0.28275 0.314839 0.326722 1.348976e-01 0.933
N:8 Run:1 0.295199 0.296707 0.31205 0.282246 0.252695 0.287914 0.28299 0.277271 0.257199 0.281454 0.276514 0.304349 0.282504 0.319574 0.307359 0.312734 0.3277 0.305654 0.301399 0.27532 0.296009 1.348976e-01 0.933
N:8 Run:2 0.243673 0.28699 0.361936 0.419133 0.493808 0.534761 0.473483 0.40006 0.394878 0.430476 0.440175 0.447936 0.439364 0.424924 0.452532 0.377381 0.332917 0.307524 0.289453 0.313673 0.276443 1.348976e-01 0.933
N:8 Run:3 0.374064 0.295354 0.253701 0.233663 0.214647 0.213812 0.220389 0.214432 0.213866 0.215962 0.222272 0.23311 0.247531 0.261537 0.256032 0.281768 0.306491 0.317971 0.290498 0.269715 0.284836 1.348976e-01 0.933
N:8 Run:4 0.295199 0.296707 0.31205 0.282246 0.252695 0.287914 0.28299 0.277271 0.257199 0.281454 0.276514 0.304349 0.29857 0.309629 0.329881 0.367788 0.360445 0.312795 0.308164 0.280861 0.290716 1.348976e-01 0.933
N:8 Run:5 0.243673 0.28699 0.361936 0.419133 0.493808 0.534761 0.473483 0.40006 0.394878 0.430476 0.440175 0.447936 0.345763 0.357078 0.346814 0.311704 0.292907 0.333789 0.298259 0.314102 0.285017 1.348976e-01 0.933
N:8 Run:6 0.371436 0.332536 0.294043 0.257837 0.234242 0.224808 0.216416 0.214939 0.206861 0.207577 0.201552 0.213864 0.282564 0.312533 0.287034 0.283466 0.3041 0.272923 0.296786 0.315557 0.315342 1.348976e-01 0.933
N:8 Run:7 0.375198 0.325189 0.32531 0.287189 0.298823 0.29559 0.326374 0.333046 0.314266 0.372756 0.287095 0.284518 0.304855 0.303929 0.297355 0.312882 0.292709 0.315884 0.311993 0.287112 0.341211 1.348976e-01 0.933
N:8 Run:8 0.248228 0.277712 0.320388 0.300767 0.261773 0.253345 0.2694 0.264745 0.245877 0.242841 0.267677 0.272828 0.273057 0.304575 0.300412 0.303646 0.32329 0.301107 0.293784 0.287824 0.323496 1.348976e-01 0.933
N:8 Run:9 0.262661 0.29801 0.277692 0.246059 0.236709 0.213391 0.220566 0.228993 0.227868 0.237323 0.237598 0.243529 0.320122 0.341625 0.365268 0.339317 0.335429 0.30925 0.322818 0.292188 0.30392 1.348976e-01 0.933
N:9 Run:0 0.256615 0.296364 0.375094 0.425619 0.377555 0.416754 0.366884 0.387117 0.419052 0.397603 0.454343 0.416515 0.371356 0.309833 0.28729 0.292559 0.293981 0.26433 0.28275 0.314839 0.326722 1.029937e-01 0.952
N:9 Run:1 0.295199 0.296707 0.31205 0.282246 0.252695 0.287914 0.28299 0.277271 0.257199 0.281454 0.276514 0.304349 0.282504 0.319574 0.307359 0.312734 0.3277 0.305654 0.301399 0.27532 0.296009 1.029937e-01 0.952
N:9 Run:2 0.243673 0.28699 0.361936 0.419133 0.493808 0.534761 0.473483 0.40006 0.394878 0.430476 0.440175 0.447936 0.439364 0.424924 0.452532 0.377381 0.332917 0.307524 0.289453 0.313673 0.276443 1.029937e-01 0.952
N:9 Run:3 0.374064 0.295354 0.253701 0.233663 0.214647 0.213812 0.220389 0.214432 0.213866 0.215962 0.222272 0.23311 0.247531 0.261537 0.256032 0.281768 0.306491 0.317971 0.290498 0.269715 0.284836 1.029937e-01 0.952
N:9 Run:4 0.295199 0.296707 0.31205 0.282246 0.252695 0.287914 0.28299 0.277271 0.257199 0.281454 0.276514 0.304349 0.29857 0.309629 0.329881 0.367788 0.360445 0.312795 0.308164 0.280861 0.290716 1.029937e-01 0.952
N:9 Run:5 0.243673 0.28699 0.361936 0.419133 0.493808 0.534761 0.473483 0.40006 0.394878 0.430476 0.440175 0.447936 0.345763 0.357078 0.346814 0.311704 0.292907 0.333789 0.298259 0.314102 0.285017 1.029937e-01 0.952
N:9 Run:6 0.371436 0.332536 0.294043 0.257837 0.234242 0.224808 0.216416 0.214939 0.206861 0.207577 0.201552 0.213864 0.282564 0.312533 0.287034 0.283466 0.3041 0.272923 0.296786 0.315557 0.315342 1.029937e-01 0.952
N:9 Run:7 0.375198 0.325189 0.32531 0.287189 0.298823 0.29559 0.326374 0.333046 0.314266 0.372756 0.287095 0.284518 0.304855 0.303929 0.297355 0.312882 0.292709 0.315884 0.311993 0.287112 0.341211 1.029937e-01 0.952
N:9 Run:8 0.248228 0.277712 0.320388 0.300767 0.261773 0.253345 0.2694 0.264745 0.245877 0.242841 0.267677 0.272828 0.273057 0.304575 0.300412 0.303646 0.32329 0.301107 0.293784 0.287824 0.323496 1.029937e-01 0.952
N:9 Run:9 0.262661 0.29801 0.277692 0.246059 0.236709 0.213391 0.220566 0.228993 0.227868 0.237323 0.237598 0.243529 0.320122 0.341625 0.365268 0.339317 0.335429 0.30925 0.322818 0.292188 0.30392 1.029937e-01 0.952
N:10 Run:0 0.256615 0.296364 0.375094 0.425619 0.377555 0.416754 0.366884 0.387117 0.419052 0.397603 0.454343 0.416515 0.371356 0.309833 0.28729 0.292559 0.293981 0.26433 0.28275 0.314839 0.326722 1.251125e-01 0.940
N:10 Run:1 0.295199 0.296707 0.31205 0.282246 0.252695 0.287914 0.28299 0.277271 0.257199 0.281454 0.276514 0.304349 0.282504 0.319574 0.307359 0.312734 0.3277 0.305654 0.301399 0.27532 0.296009 1.251125e-01 0.940
N:10 Run:2 0.243673 0.28699 0.361936 0.419133 0.493808 0.534761 0.473483 0.40006 0.394878 0.430476 0.440175 0.447936 0.439364 0.424924 0.452532 0.377381 0.332917 0.307524 0.289453 0.313673 0.276443 1.251125e-01 0.940
N:10 Run:3 0.374064 0.295354 0.253701 0.233663 0.214647 0.213812 0.220389 0.214432 0.213866 0.215962 0.222272 0.23311 0.247531 0.261537 0.256032 0.281768 0.306491 0.317971 0.290498 0.269715 0.284836 1.251125e-01 0.940
N:10 Run:4 0.295199 0.296707 0.31205 0.282246 0.252695 0.287914 0.28299 0.277271 0.257199 0.281454 0.276514 0.304349 0.29857 0.309629 0.329881 0.367788 0.360445 0.312795 0.308164 0.280861 0.290716 1.251125e-01 0.940
N:10 Run:5 0.243673 0.28699 0.361936 0.419133 0.493808 0.534761 0.473483 0.40006 0.394878 0.430476 0.440175 0.447936 0.345763 0.357078 0.346814 0.311704 0.292907 0.333789 0.298259 0.314102 0.285017 1.251125e-01 0.940
N:10 Run:6 0.371436 0.332536 0.294043 0.257837 0.234242 0.224808 0.216416 0.214939 0.206861 0.207577 0.201552 0.213864 0.282564 0.312533 0.287034 0.283466 0.3041 0.272923 0.296786 0.315557 0.315342 1.251125e-01 0.940
N:10 Run:7 0.375198 0.325189 0.32531 0.287189 0.298823 0.29559 0.326374 0.333046 0.314266 0.372756 0.287095 0.284518 0.304855 0.303929 0.297355 0.312882 0.292709 0.315884 0.311993 0.287112 0.341211 1.251125e-01 0.940
N:10 Run:8 0.248228 0.277712 0.320388 0.300767 0.261773 0.253345 0.2694 0.264745 0.245877 0.242841 0.267677 0.272828 0.273057 0.304575 0.300412 0.303646 0.32329 0.301107 0.293784 0.287824 0.323496 1.251125e-01 0.940
N:10 Run:9 0.262661 0.29801 0.277692 0.246059 0.236709 0.213391 0.220566 0.228993 0.227868 0.237323 0.237598 0.243529 0.320122 0.341625 0.365268 0.339317 0.335429 0.30925 0.322818 0.292188 0.30392 1.251125e-01 0.940
N:11 Run:0 0.256615 0.310531 0.366347 0.401061 0.417023 0.443588 0.400663 0.403036 0.437111 0.381822 0.418607 0.389698 0.32206 0.26042 0.255194 0.267311 0.275745 0.28234 0.291847 0.301427 0.305757 9.175697e-02 0.939
N:11 Run:1 0.295199 0.309307 0.282763 0.289507 0.263286 0.294687 0.271933 0.26285 0.279319 0.308851 0.29458 0.297773 0.27447 0.345397 0.308036 0.329065 0.3346 0.319639 0.269273 0.27092 0.311915 9.175697e-02 0.939
N:11 Run:2 0.243673 0.270495 0.326944 0.395248 0.459386 0.504974 0.472044 0.409204 0.399177 0.437173 0.452317 0.448157 0.475615 0.487854 0.458205 0.378505 0.314745 0.316815 0.273356 0.293477 0.275951 9.175697e-02 0.939
N:11 Run:3 0.374064 0.29788 0.260719 0.22423 0.200103 0.199543 0.212833 0.211367 0.206985 0.207985 0.213221 0.226709 0.254192 0.287662 0.276723 0.296421 0.296049 0.298981 0.294172 0.288089 0.291941 9.175697e-02 0.939
N:11 Run:4 0.295199 0.309307 0.282763 0.289507 0.263286 0.294687 0.271933 0.26285 0.279319 0.308851 0.29458 0.297773 0.285514 0.307181 0.345705 0.34733 0.308518 0.299917 0.282632 0.26543 0.266286 9.175697e-02 0.939
N:11 Run:5 0.243673 0.270495 0.326944 0.395248 0.459386 0.504974 0.472044 0.409204 0.399177 0.437173 0.452317 0.448157 0.329073 0.376967 0.316924 0.308721 0.279969 0.33298 0.30106 0.322064 0.284256 9.175697e-02 0.939
N:11 Run:6 0.371436 0.316723 0.278759 0.255996 0.231541 0.224398 0.212148 0.212291 0.197444 0.199371 0.185777 0.209862 0.277332 0.296251 0.297085 0.322509 0.297332 0.290966 0.291628 0.300996 0.299224 9.175697e-02 0.939
N:11 Run:7 0.375198 0.32257 0.322964 0.307325 0.296077 0.277595 0.329993 0.332455 0.312759 0.358933 0.2975 0.281878 0.311982 0.317045 0.312926 0.304866 0.279354 0.278197 0.277704 0.274978 0.322231 9.175697e-02 0.939
N:11 Run:8 0.248228 0.269622 0.382169 0.395204 0.353146 0.339656 0.344811 0.365432 0.326174 0.342913 0.342517 0.356836 0.307727 0.290085 0.28259 0.302372 0.325477 0.317048 0.285137 0.277167 0.320028 9.175697e-02 0.939
N:11 Run:9 0.262661 0.305905 0.284066 0.250179 0.227979 0.201462 0.206667 0.211624 0.220858 0.227811 0.231825 0.236605 0.285824 0.294126 0.331827 0.322699 0.318744 0.287846 0.30187 0.30464 0.321533 9.175697e-02 0.939
N:12 Run:0 0.256615 0.310531 0.366347 0.401061 0.417023 0.443588 0.400663 0.403036 0.437111 0.381822 0.418607 0.389698 0.32206 0.26042 0.255194 0.267311 0.275745 0.28234 0.291847 0.301427 0.305757 9.647030e-02 0.949
N:12 Run:1 0.295199 0.309307 0.282763 0.289507 0.263286 0.294687 0.271933 0.26285 0.279319 0.308851 0.29458 0.297773 0.27447 0.345397 0.308036 0.329065 0.3346 0.319639 0.269273 0.27092 0.311915 9.647030e-02 0.949
N:12 Run:2 0.243673 0.270495 0.326944 0.395248 0.459386 0.504974 0.472044 0.409204 0.399177 0.437173 0.452317 0.448157 0.475615 0.487854 0.458205 0.378505 0.314745 0.316815 0.273356 0.293477 0.275951 9.647030e-02 0.949
N:12 Run:3 0.374064 0.29788 0.260719 0.22423 0.200103 0.199543 0.212833 0.211367 0.206985 0.207985 0.213221 0.226709 0.254192 0.287662 0.276723 0.296421 0.296049 0.298981 0.294172 0.288089 0.291941 9.647030e-02 0.949
N:12 Run:4 0.295199 0.309307 0.282763 0.289507 0.263286 0.294687 0.271933 0.26285 0.279319 0.308851 0.29458 0.297773 0.285514 0.307181 0.345705 0.34733 0.308518 0.299917 0.282632 0.26543 0.266286 9.647030e-02 0.949
N:12 Run:5 0.243673 0.270495 0.326944 0.395248 0.459386 0.504974 0.472044 0.409204 0.399177 0.437173 0.452317 0.448157 0.329073 0.376967 0.316924 0.308721 0.279969 0.33298 0.30106 0.322064 0.284256 9.647030e-02 0.949
N:12 Run:6 0.371436 0.316723 0.278759 0.255996 0.231541 0.224398 0.212148 0.212291 0.197444 0.199371 0.185777 0.209862 0.277332 0.296251 0.297085 0.322509 0.297332 0.290966 0.291628 0.300996 0.299224 9.647030e-02 0.949
N:12 Run:7 0.375198 0.32257 0.322964 0.307325 0.296077 0.277595 0.329993 0.332455 0.312759 0.358933 0.2975 0.281878 0.311982 0.317045 0.312926 0.304866 0.279354 0.278197 0.277704 0.274978 0.322231 9.647030e-02 0.949
N:12 Run:8 0.248228 0.269622 0.382169 0.395204 0.353146 0.339656 0.344811 0.365432 0.326174 0.342913 0.342517 0.356836 0.307727 0.290085 0.28259 0.302372 0.325477 0.317048 0.285137 0.277167 0.320028 9.647030e-02 0.949
N:12 Run:9 0.262661 0.305905 0.284066 0.250179 0.227979 0.201462 0.206667 0.211624 0.220858 0.227811 0.231825 0.236605 0.285824 0.294126 0.331827 0.322699 0.318744 0.287846 0.30187 0.30464 0.321533 9.647030e-02 0.949
N:13 Run:0 0.256615 0.310531 0.366347 0.401061 0.417023 0.443588 0.400663 0.403036 0.437111 0.381822 0.418607 0.389698 0.32206 0.26042 0.255194 0.267311 0.275745 0.28234 0.291847 0.301427 0.305757 9.636730e-02 0.942
N:13 Run:1 0.295199 0.309307 0.282763 0.289507 0.263286 0.294687 0.271933 0.26285 0.279319 0.308851 0.29458 0.297773 0.27447 0.345397 0.308036 0.329065 0.3346 0.319639 0.269273 0.27092 0.311915 9.636730e-02 0.942
N:13 Run:2 0.243673 0.270495 0.326944 0.395248 0.459386 0.504974 0.472044 0.409204 0.399177 0.437173 0.452317 0.448157 0.475615 0.487854 0.458205 0.378505 0.314745 0.316815 0.273356 0.293477 0.275951 9.636730e-02 0.942
N:13 Run:3 0.374064 0.29788 0.260719 0.22423 0.200103 0.199543 0.212833 0.211367 0.206985 0.207985 0.213221 0.226709 0.254192 0.287662 0.276723 0.296421 0.296049 0.298981 0.294172 0.288089 0.291941 9.636730e-02 0.942
N:13 Run:4 0.295199 0.309307 0.282763 0.289507 0.263286 0.294687 0.271933 0.26285 0.279319 0.308851 0.29458 0.297773 0.285514 0.307181 0.345705 0.34733 0.308518 0.299917 0.282632 0.26543 0.266286 9.636730e-02 0.942
N:13 Run:5 0.243673 0.270495 0.326944 0.395248 0.459386 0.504974 0.472044 0.409204 0.399177 0.437173 0.452317 0.448157 0.329073 0.376967 0.316924 0.308721 0.279969 0.33298 0.30106 0.322064 0.284256 9.636730e-02 0.942
N:13 Run:6 0.371436 0.316723 0.278759 0.255996 0.231541 0.224398 0.212148 0.212291 0.197444 0.199371 0.185777 0.209862 0.277332 0.296251 0.297085 0.322509 0.297332 0.290966 0.291628 0.300996 0.299224 9.636730e-02 0.942
N:13 Run:7 0.375198 0.32257 0.322964 0.307325 0.296077 0.277595 0.329993 0.332455 0.312759 0.358933 0.2975 0.281878 0.311982 0.317045 0.312926 0.304866 0.279354 0.278197 0.277704 0.274978 0.322231 9.636730e-02 0.942
N:13 Run:8 0.248228 0.269622 0.382169 0.395204 0.353146 0.339656 0.344811 0.365432 0.326174 0.342913 0.342517 0.356836 0.307727 0.290085 0.28259 0.302372 0.325477 0.317048 0.285137 0.277167 0.320028 9.636730e-02 0.942
N:13 Run:9 0.262661 0.305905 0.284066 0.250179 0.227979 0.201462 0.206667 0.211624 0.220858 0.227811 0.231825 0.236605 0.285824 0.294126 0.331827 0.322699 0.318744 0.287846 0.30187 0.30464 0.321533 9.636730e-02 0.942
N:14 Run:0 0.256615 0.310531 0.366347 0.401061 0.417023 0.443588 0.400663 0.403036 0.437111 0.381822 0.418607 0.389698 0.32206 0.26042 0.255194 0.267311 0.275745 0.28234 0.291847 0.301427 0.305757 9.600729e-02 0.943
N:14 Run:1 0.295199 0.309307 0.282763 0.289507 0.263286 0.294687 0.271933 0.26285 0.279319 0.308851 0.29458 0.297773 0.27447 0.345397 0.308036 0.329065 0.3346 0.319639 0.269273 0.27092 0.311915 9.600729e-02 0.943
N:14 Run:2 0.243673 0.270495 0.326944 0.395248 0.459386 0.504974 0.472044 0.409204 0.399177 0.437173 0.452317 0.448157 0.475615 0.487854 0.458205 0.378505 0.314745 0.316815 0.273356 0.293477 0.275951 9.600729e-02 0.943
N:14 Run:3 0.374064 0.29788 0.260719 0.22423 0.200103 0.199543 0.212833 0.211367 0.206985 0.207985 0.213221 0.226709 0.254192 0.287662 0.276723 0.296421 0.296049 0.298981 0.294172 0.288089 0.291941 9.600729e-02 0.943
N:14 Run:4 0.295199 0.309307 0.282763 0.289507 0.263286 0.294687 0.271933 0.26285 0.279319 0.308851 0.29458 0.297773 0.285514 0.307181 0.345705 0.34733 0.308518 0.299917 0.282632 0.26543 0.266286 9.600729e-02 0.943
N:14 Run:5 0.243673 0.270495 0.326944 0.395248 0.459386 0.504974 0.472044 0.409204 0.399177 0.437173 0.452317 0.448157 0.329073 0.376967 0.316924 0.308721 0.279969 0.33298 0.30106 0.322064 0.284256 9.600729e-02 0.943
N:14 Run:6 0.371436 0.316723 0.278759 0.255996 0.231541 0.224398 0.212148 0.212291 0.197444 0.199371 0.185777 0.209862 0.277332 0.296251 0.297085 0.322509 0.297332 0.290966 0.291628 0.300996 0.299224 9.600729e-02 0.943
N:14 Run:7 0.375198 0.32257 0.322964 0.307325 0.296077 0.277595 0.329993 0.332455 0.312759 0.358933 0.2975 0.281878 0.311982 0.317045 0.312926 0.304866 0.279354 0.278197 0.277704 0.274978 0.322231 9.600729e-02 0.943
N:14 Run:8 0.248228 0.269622 0.382169 0.395204 0.353146 0.339656 0.344811 0.365432 0.326174 0.342913 0.342517 0.356836 0.307727 0.290085 0.28259 0.302372 0.325477 0.317048 0.285137 0.277167 0.320028 9.600729e-02 0.943
N:14 Run:9 0.262661 0.305905 0.284066 0.250179 0.227979 0.201462 0.206667 0.211624 0.220858 0.227811 0.231825 0.236605 0.285824 0.294126 0.331827 0.322699 0.318744 0.287846 0.30187 0.30464 0.321533 9.600729e-02 0.943
N:15 Run:0 0.256615 0.310531 0.366347 0.401061 0.417023 0.443588 0.400663 0.403036 0.437111 0.381822 0.418607 0.389698 0.32206 0.26042 0.255194 0.267311 0.275745 0.28234 0.291847 0.301427 0.305757 9.645032e-02 0.953
N:15 Run:1 0.295199 0.309307 0.282763 0.289507 0.263286 0.294687 0.271933 0.26285 0.279319 0.308851 0.29458 0.297773 0.27447 0.345397 0.308036 0.329065 0.3346 0.319639 0.269273 0.27092 0.311915 9.645032e-02 0.953
N:15 Run:2 0.243673 0.270495 0.326944 0.395248 0.459386 0.504974 0.472044 0.409204 0.399177 0.437173 0.452317 0.448157 0.475615 0.487854 0.458205 0.378505 0.314745 0.316815 0.273356 0.293477 0.275951 9.645032e-02 0.953
N:15 Run:3 0.374064 0.29788 0.260719 0.22423 0.200103 0.199543 0.212833 0.211367 0.206985 0.207985 0.213221 0.226709 0.254192 0.287662 0.276723 0.296421 0.296049 0.298981 0.294172 0.288089 0.291941 9.645032e-02 0.953
N:15 Run:4 0.295199 0.309307 0.282763 0.289507 0.263286 0.294687 0.271933 0.26285 0.279319 0.308851 0.29458 0.297773 0.285514 0.307181 0.345705 0.34733 0.308518 0.299917 0.282632 0.26543 0.266286 9.645032e-02 0.953
N:15 Run:5 0.243673 0.270495 0.326944 0.395248 0.459386 0.504974 0.472044 0.409204 0.399177 0.437173 0.452317 0.448157 0.329073 0.376967 0.316924 0.308721 0.279969 0.33298 0.30106 0.322064 0.284256 9.645032e-02 0.953
N:15 Run:6 0.371436 0.316723 0.278759 0.255996 0.231541 0.224398 0.212148 0.212291 0.197444 0.199371 0.185777 0.209862 0.277332 0.296251 0.297085 0.322509 0.297332 0.290966 0.291628 0.300996 0.299224 9.645032e-02 0.953
N:15 Run:7 0.375198 0.32257 0.322964 0.307325 0.296077 0.277595 0.329993 0.332455 0.312759 0.358933 0.2975 0.281878 0.311982 0.317045 0.312926 0.304866 0.279354 0.278197 0.277704 0.274978 0.322231 9.645032e-02 0.953
N:15 Run:8 0.248228 0.269622 0.382169 0.395204 0.353146 0.339656 0.344811 0.365432 0.326174 0.342913 0.342517 0.356836 0.307727 0.290085 0.28259 0.302372 0.325477 0.317048 0.285137 0.277167 0.320028 9.645032e-02 0.953
N:15 Run:9 0.262661 0.305905 0.284066 0.250179 0.227979 0.201462 0.206667 0.211624 0.220858 0.227811 0.231825 0.236605 0.285824 0.294126 0.331827 0.322699 0.318744 0.287846 0.30187 0.30464 0.321533 9.645032e-02 0.953
N:16 Run:0 0.256615 0.310531 0.366347 0.401061 0.417023 0.443588 0.400663 0.403036 0.437111 0.381822 0.418607 0.389698 0.32206 0.26042 0.255194 0.267311 0.275745 0.28234 0.291847 0.301427 0.305757 1.190057e-01 0.927
N:16 Run:1 0.295199 0.309307 0.282763 0.289507 0.263286 0.294687 0.271933 0.26285 0.279319 0.308851 0.29458 0.297773 0.27447 0.345397 0.308036 0.329065 0.3346 0.319639 0.269273 0.27092 0.311915 1.190057e-01 0.927
N:16 Run:2 0.243673 0.270495 0.326944 0.395248 0.459386 0.504974 0.472044 0.409204 0.399177 0.437173 0.452317 0.448157 0.475615 0.487854 0.458205 0.378505 0.314745 0.316815 0.273356 0.293477 0.275951 1.190057e-01 0.927
N:16 Run:3 0.374064 0.29788 0.260719 0.22423 0.200103 0.199543 0.212833 0.211367 0.206985 0.207985 0.213221 0.226709 0.254192 0.287662 0.276723 0.296421 0.296049 0.298981 0.294172 0.288089 0.291941 1.190057e-01 0.927
N:16 Run:4 0.295199 0.309307 0.282763 0.289507 0.263286 0.294687 0.271933 0.26285 0.279319 0.308851 0.29458 0.297773 0.285514 0.307181 0.345705 0.34733 0.308518 0.299917 0.282632 0.26543 0.266286 1.190057e-01 0.927
N:16 Run:5 0.243673 0.270495 0.326944 0.395248 0.459386 0.504974 0.472044 0.409204 0.399177 0.437173 0.452317 0.448157 0.329073 0.376967 0.316924 0.308721 0.279969 0.33298 0.30106 0.322064 0.284256 1.190057e-01 0.927
N:16 Run:6 0.371436 0.316723 0.278759 0.255996 0.231541 0.224398 0.212148 0.212291 0.197444 0.199371 0.185777 0.209862 0.277332 0.296251 0.297085 0.322509 0.297332 0.290966 0.291628 0.300996 0.299224 1.190057e-01 0.927
N:16 Run:7 0.375198 0.32257 0.322964 0.307325 0.296077 0.277595 0.329993 0.332455 0.312759 0.358933 0.2975 0.281878 0.311982 0.317045 0.312926 0.304866 0.279354 0.278197 0.277704 0.274978 0.322231 1.190057e-01 0.927
N:16 Run:8 0.248228 0.269622 0.382169 0.395204 0.353146 0.339656 0.344811 0.365432 0.326174 0.342913 0.342517 0.356836 0.307727 0.290085 0.28259 0.302372 0.325477 0.317048 0.285137 0.277167 0.320028 1.190057e-01 0.927
N:16 Run:9 0.262661 0.305905 0.284066 0.250179 0.227979 0.201462 0.206667 0.211624 0.220858 0.227811 0.231825 0.236605 0.285824 0.294126 0.331827 0.322699 0.318744 0.287846 0.30187 0.30464 0.321533 1.190057e-01 0.927
N:17 Run:0 0.256615 0.310531 0.366347 0.401061 0.417023 0.443588 0.400663 0.403036 0.437111 0.381822 0.418607 0.389698 0.32206 0.26042 0.255194 0.267311 0.275745 0.28234 0.291847 0.301427 0.305757 9.681937e-02 0.946
N:17 Run:1 0.295199 0.309307 0.282763 0.289507 0.263286 0.294687 0.271933 0.26285 0.279319 0.308851 0.29458 0.297773 0.27447 0.345397 0.308036 0.329065 0.3346 0.319639 0.269273 0.27092 0.311915 9.681937e-02 0.946
N:17 Run:2 0.243673 0.270495 0.326944 0.395248 0.459386 0.504974 0.472044 0.409204 0.399177 0.437173 0.452317 0.448157 0.475615 0.487854 0.458205 0.378505 0.314745 0.316815 0.273356 0.293477 0.275951 9.681937e-02 0.946
N:17 Run:3 0.374064 0.29788 0.260719 0.22423 0.200103 0.199543 0.212833 0.211367 0.206985 0.207985 0.213221 0.226709 0.254192 0.287662 0.276723 0.296421 0.296049 0.298981 0.294172 0.288089 0.291941 9.681937e-02 0.946
N:17 Run:4 0.295199 0.309307 0.282763 0.289507 0.263286 0.294687 0.271933 0.26285 0.279319 0.308851 0.29458 0.297773 0.285514 0.307181 0.345705 0.34733 0.308518 0.299917 0.282632 0.26543 0.266286 9.681937e-02 0.946
N:17 Run:5 0.243673 0.270495 0.326944 0.395248 0.459386 0.504974 0.472044 0.409204 0.399177 0.437173 0.452317 0.448157 0.329073 0.376967 0.316924 0.308721 0.279969 0.33298 0.30106 0.322064 0.284256 9.681937e-02 0.946
N:17 Run:6 0.371436 0.316723 0.278759 0.255996 0.231541 0.224398 0.212148 0.212291 0.197444 0.199371 0.185777 0.209862 0.277332 0.296251 0.297085 0.322509 0.297332 0.290966 0.291628 0.300996 0.299224 9.681937e-02 0.946
N:17 Run:7 0.375198 0.32257 0.322964 0.307325 0.296077 0.277595 0.329993 0.332455 0.312759 0.358933 0.2975 0.281878 0.311982 0.317045 0.312926 0.304866 0.279354 0.278197 0.277704 0.274978 0.322231 9.681937e-02 0.946
N:17 Run:8 0.248228 0.269622 0.382169 0.395204 0.353146 0.339656 0.344811 0.365432 0.326174 0.342913 0.342517 0.356836 0.307727 0.290085 0.28259 0.302372 0.325477 0.317048 0.285137 0.277167 0.320028 9.681937e-02 0.946
N:17 Run:9 0.262661 0.305905 0.284066 0.250179 0.227979 0.201462 0.206667 0.211624 0.220858 0.227811 0.231825 0.236605 0.285824 0.294126 0.331827 0.322699 0.318744 0.287846 0.30187 0.30464 0.321533 9.681937e-02 0.946
N:18 Run:0 0.256615 0.310531 0.366347 0.401061 0.417023 0.443588 0.400663 0.403036 0.437111 0.381822 0.418607 0.389698 0.32206 0.26042 0.255194 0.267311 0.275745 0.28234 0.291847 0.301427 0.305757 9.700557e-02 0.940
N:18 Run:1 0.295199 0.309307 0.282763 0.289507 0.263286 0.294687 0.271933 0.26285 0.279319 0.308851 0.29458 0.297773 0.27447 0.345397 0.308036 0.329065 0.3346 0.319639 0.269273 0.27092 0.311915 9.700557e-02 0.940
N:18 Run:2 0.243673 0.270495 0.326944 0.395248 0.459386 0.504974 0.472044 0.409204 0.399177 0.437173 0.452317 0.448157 0.475615 0.487854 0.458205 0.378505 0.314745 0.316815 0.273356 0.293477 0.275951 9.700557e-02 0.940
N:18 Run:3 0.374064 0.29788 0.260719 0.22423 0.200103 0.199543 0.212833 0.211367 0.206985 0.207985 0.213221 0.226709 0.254192 0.287662 0.276723 0.296421 0.296049 0.298981 0.294172 0.288089 0.291941 9.700557e-02 0.940
N:18 Run:4 0.295199 0.309307 0.282763 0.289507 0.263286 0.294687 0.271933 0.26285 0.279319 0.308851 0.29458 0.297773 0.285514 0.307181 0.345705 0.34733 0.308518 0.299917 0.282632 0.26543 0.266286 9.700557e-02 0.940
N:18 Run:5 0.243673 0.270495 0.326944 0.395248 0.459386 0.504974 0.472044 0.409204 0.399177 0.437173 0.452317 0.448157 0.329073 0.376967 0.316924 0.308721 0.279969 0.33298 0.30106 0.322064 0.284256 9.700557e-02 0.940
N:18 Run:6 0.371436 0.316723 0.278759 0.255996 0.231541 0.224398 0.212148 0.212291 0.197444 0.199371 0.185777 0.209862 0.277332 0.296251 0.297085 0.322509 0.297332 0.290966 0.291628 0.300996 0.299224 9.700557e-02 0.940
N:18 Run:7 0.375198 0.32257 0.322964 0.307325 0.296077 0.277595 0.329993 0.332455 0.312759 0.358933 0.2975 0.281878 0.311982 0.317045 0.312926 0.304866 0.279354 0.278197 0.277704 0.274978 0.322231 9.700557e-02 0.940
N:18 Run:8 0.248228 0.269622 0.382169 0.395204 0.353146 0.339656 0.344811 0.365432 0.326174 0.342913 0.342517 0.356836 0.307727 0.290085 0.28259 0.302372 0.325477 0.317048 0.285137 0.277167 0.320028 9.700557e-02 0.940
N:18 Run:9 0.262661 0.305905 0.284066 0.250179 0.227979 0.201462 0.206667 0.211624 0.220858 0.227811 0.231825 0.236605 0.285824 0.294126 0.331827 0.322699 0.318744 0.287846 0.30187 0.30464 0.321533 9.700557e-02 0.940
N:19 Run:0 0.256615 0.310531 0.366347 0.401061 0.417023 0.443588 0.400663 0.403036 0.437111 0.381822 0.418607 0.389698 0.32206 0.26042 0.255194 0.267311 0.275745 0.28234 0.291847 0.301427 0.305757 1.250938e-01 0.946
N:19 Run:1 0.295199 0.309307 0.282763 0.289507 0.263286 0.294687 0.271933 0.26285 0.279319 0.308851 0.29458 0.297773 0.27447 0.345397 0.308036 0.329065 0.3346 0.319639 0.269273 0.27092 0.311915 1.250938e-01 0.946
N:19 Run:2 0.243673 0.270495 0.326944 0.395248 0.459386 0.504974 0.472044 0.409204 0.399177 0.437173 0.452317 0.448157 0.475615 0.487854 0.458205 0.378505 0.314745 0.316815 0.273356 0.293477 0.275951 1.250938e-01 0.946
N:19 Run:3 0.374064 0.29788 0.260719 0.22423 0.200103 0.199543 0.212833 0.211367 0.206985 0.207985 0.213221 0.226709 0.254192 0.287662 0.276723 0.296421 0.296049 0.298981 0.294172 0.288089 0.291941 1.250938e-01 0.946
N:19 Run:4 0.295199 0.309307 0.282763 0.289507 0.263286 0.294687 0.271933 0.26285 0.279319 0.308851 0.29458 0.297773 0.285514 0.307181 0.345705 0.34733 0.308518 0.299917 0.282632 0.26543 0.266286 1.250938e-01 0.946
N:19 Run:5 0.243673 0.270495 0.326944 0.395248 0.459386 0.504974 0.472044 0.409204 0.399177 0.437173 0.452317 0.448157 0.329073 0.376967 0.316924 0.308721 0.279969 0.33298 0.30106 0.322064 0.284256 1.250938e-01 0.946
N:19 Run:6 0.371436 0.316723 0.278759 0.255996 0.231541 0.224398 0.212148 0.212291 0.197444 0.199371 0.185777 0.209862 0.277332 0.296251 0.297085 0.322509 0.297332 0.290966 0.291628 0.300996 0.299224 1.250938e-01 0.946
N:19 Run:7 0.375198 0.32257 0.322964 0.307325 0.296077 0.277595 0.329993 0.332455 0.312759 0.358933 0.2975 0.281878 0.311982 0.317045 0.312926 0.304866 0.279354 0.278197 0.277704 0.274978 0.322231 1.250938e-01 0.946
N:19 Run:8 0.248228 0.269622 0.382169 0.395204 0.353146 0.339656 0.344811 0.365432 0.326174 0.342913 0.342517 0.356836 0.307727 0.290085 0.28259 0.302372 0.325477 0.317048 0.285137 0.277167 0.320028 1.250938e-01 0.946
N:19 Run:9 0.262661 0.305905 0.284066 0.250179 0.227979 0.201462 0.206667 0.211624 0.220858 0.227811 0.231825 0.236605 0.285824 0.294126 0.331827 0.322699 0.318744 0.287846 0.30187 0.30464 0.321533 1.250938e-01 0.946
N:20 Run:0 0.256615 0.310531 0.366347 0.401061 0.417023 0.443588 0.400663 0.403036 0.437111 0.381822 0.418607 0.389698 0.32206 0.26042 0.255194 0.267311 0.275745 0.28234 0.291847 0.301427 0.305757 9.193139e-02 0.939
N:20 Run:1 0.295199 0.309307 0.282763 0.289507 0.263286 0.294687 0.271933 0.26285 0.279319 0.308851 0.29458 0.297773 0.27447 0.345397 0.308036 0.329065 0.3346 0.319639 0.269273 0.27092 0.311915 9.193139e-02 0.939
N:20 Run:2 0.243673 0.270495 0.326944 0.395248 0.459386 0.504974 0.472044 0.409204 0.399177 0.437173 0.452317 0.448157 0.475615 0.487854 0.458205 0.378505 0.314745 0.316815 0.273356 0.293477 0.275951 9.193139e-02 0.939
N:20 Run:3 0.374064 0.29788 0.260719 0.22423 0.200103 0.199543 0.212833 0.211367 0.206985 0.207985 0.213221 0.226709 0.254192 0.287662 0.276723 0.296421 0.296049 0.298981 0.294172 0.288089 0.291941 9.193139e-02 0.939
N:20 Run:4 0.295199 0.309307 0.282763 0.289507 0.263286 0.294687 0.271933 0.26285 0.279319 0.308851 0.29458 0.297773 0.285514 0.307181 0.345705 0.34733 0.308518 0.299917 0.282632 0.26543 0.266286 9.193139e-02 0.939
N:20 Run:5 0.243673 0.270495 0.326944 0.395248 0.459386 0.504974 0.472044 0.409204 0.399177 0.437173 0.452317 0.448157 0.329073 0.376967 0.316924 0.308721 0.279969 0.33298 0.30106 0.322064 0.284256 9.193139e-02 0.939
N:20 Run:6 0.371436 0.316723 0.278759 0.255996 0.231541 0.224398 0.212148 0.212291 0.197444 0.199371 0.185777 0.209862 0.277332 0.296251 0.297085 0.322509 0.297332 0.290966 0.291628 0.300996 0.299224 9.193139e-02 0.939
N:20 Run:7 0.375198 0.32257 0.322964 0.307325 0.296077 0.277595 0.329993 0.332455 0.312759 0.358933 0.2975 0.281878 0.311982 0.317045 0.312926 0.304866 0.279354 0.278197 0.277704 0.274978 0.322231 9.193139e-02 0.939
N:20 Run:8 0.248228 0.269622 0.382169 0.395204 0.353146 0.339656 0.344811 0.365432 0.326174 0.342913 0.342517 0.356836 0.307727 0.290085 0.28259 0.302372 0.325477 0.317048 0.285137 0.277167 0.320028 9.193139e-02 0.939
N:20 Run:9 0.262661 0.305905 0.284066 0.250179 0.227979 0.201462 0.206667 0.211624 0.220858 0.227811 0.231825 0.236605 0.285824 0.294126 0.331827 0.322699 0.318744 0.287846 0.30187 0.30464 0.321533 9.193139e-02 0.939
N:21 Run:0 0.256615 0.310531 0.366347 0.401061 0.417023 0.443588 0.400663 0.403036 0.437111 0.381822 0.418607 0.389698 0.32206 0.26042 0.255194 0.267311 0.275745 0.28234 0.291847 0.301427 0.305757 1.224665e-01 0.939
N:21 Run:1 0.295199 0.309307 0.282763 0.289507 0.263286 0.294687 0.271933 0.26285 0.279319 0.308851 0.29458 0.297773 0.27447 0.345397 0.308036 0.329065 0.3346 0.319639 0.269273 0.27092 0.311915 1.224665e-01 0.939
N:21 Run:2 0.243673 0.270495 0.326944 0.395248 0.459386 0.504974 0.472044 0.409204 0.399177 0.437173 0.452317 0.448157 0.475615 0.487854 0.458205 0.378505 0.314745 0.316815 0.273356 0.293477 0.275951 1.224665e-01 0.939
N:21 Run:3 0.374064 0.29788 0.260719 0.22423 0.200103 0.199543 0.212833 0.211367 0.206985 0.207985 0.213221 0.226709 0.254192 0.287662 0.276723 0.296421 0.296049 0.298981 0.294172 0.288089 0.291941 1.224665e-01 0.939
N:21 Run:4 0.295199 0.309307 0.282763 0.289507 0.263286 0.294687 0.271933 0.26285 0.279319 0.308851 0.29458 0.297773 0.285514 0.307181 0.345705 0.34733 0.308518 0.299917 0.282632 0.26543 0.266286 1.224665e-01 0.939
N:21 Run:5 0.243673 0.270495 0.326944 0.395248 0.459386 0.504974 0.472044 0.409204 0.399177 0.437173 0.452317 0.448157 0.329073 0.376967 0.316924 0.308721 0.279969 0.33298 0.30106 0.322064 0.284256 1.224665e-01 0.939
N:21 Run:6 0.371436 0.316723 0.278759 0.255996 0.231541 0.224398 0.212148 0.212291 0.197444 0.199371 0.185777 0.209862 0.277332 0.296251 0.297085 0.322509 0.297332 0.290966 0.291628 0.300996 0.299224 1.224665e-01 0.939
N:21 Run:7 0.375198 0.32257 0.322964 0.307325 0.296077 0.277595 0.329993 0.332455 0.312759 0.358933 0.2975 0.281878 0.311982 0.317045 0.312926 0.304866 0.279354 0.278197 0.277704 0.274978 0.322231 1.224665e-01 0.939
N:21 Run:8 0.248228 0.269622 0.382169 0.395204 0.353146 0.339656 0.344811 0.365432 0.326174 0.342913 0.342517 0.356836 0.307727 0.290085 0.28259 0.302372 0.325477 0.317048 0.285137 0.277167 0.320028 1.224665e-01 0.939
N:21 Run:9 0.262661 0.305905 0.284066 0.250179 0.227979 0.201462 0.206667 0.211624 0.220858 0.227811 0.231825 0.236605 0.285824 0.294126 0.331827 0.322699 0.318744 0.287846 0.30187 0.30464 0.321533 1.224665e-01 0.939
N:22 Run:0 0.256615 0.310531 0.366347 0.401061 0.417023 0.443588 0.400663 0.403036 0.437111 0.381822 0.418607 0.389698 0.32206 0.26042 0.255194 0.267311 0.275745 0.28234 0.291847 0.301427 0.305757 9.690040e-02 0.928
N:22 Run:1 0.295199 0.309307 0.282763 0.289507 0.263286 0.294687 0.271933 0.26285 0.279319 0.308851 0.29458 0.297773 0.27447 0.345397 0.308036 0.329065 0.3346 0.319639 0.269273 0.27092 0.311915 9.690040e-02 0.928
N:22 Run:2 0.243673 0.270495 0.326944 0.395248 0.459386 0.504974 0.472044 0.409204 0.399177 0.437173 0.452317 0.448157 0.475615 0.487854 0.458205 0.378505 0.314745 0.316815 0.273356 0.293477 0.275951 9.690040e-02 0.928
N:22 Run:3 0.374064 0.29788 0.260719 0.22423 0.200103 0.199543 0.212833 0.211367 0.206985 0.207985 0.213221 0.226709 0.254192 0.287662 0.276723 0.296421 0.296049 0.298981 0.294172 0.288089 0.291941 9.690040e-02 0.928
N:22 Run:4 0.295199 0.309307 0.282763 0.289507 0.263286 0.294687 0.271933 0.26285 0.279319 0.308851 0.29458 0.297773 0.285514 0.307181 0.345705 0.34733 0.308518 0.299917 0.282632 0.26543 0.266286 9.690040e-02 0.928
N:22 Run:5 0.243673 0.270495 0.326944 0.395248 0.459386 0.504974 0.472044 0.409204 0.399177 0.437173 0.452317 0.448157 0.329073 0.376967 0.316924 0.308721 0.279969 0.33298 0.30106 0.322064 0.284256 9.690040e-02 0.928
N:22 Run:6 0.371436 0.316723 0.278759 0.255996 0.231541 0.224398 0.212148 0.212291 0.197444 0.199371 0.185777 0.209862 0.277332 0.296251 0.297085 0.322509 0.297332 0.290966 0.291628 0.300996 0.299224 9.690040e-02 0.928
N:22 Run:7 0.375198 0.32257 0.322964 0.307325 0.296077 0.277595 0.329993 0.332455 0.312759 0.358933 0.2975 0.281878 0.311982 0.317045 0.312926 0.304866 0.279354 0.278197 0.277704 0.274978 0.322231 9.690040e-02 0.928
N:22 Run:8 0.248228 0.269622 0.382169 0.395204 0.353146 0.339656 0.344811 0.365432 0.326174 0.342913 0.342517 0.356836 0.307727 0.290085 0.28259 0.302372 0.325477 0.317048 0.285137 0.277167 0.320028 9.690040e-02 0.928
N:22 Run:9 0.262661 0.305905 0.284066 0.250179 0.227979 0.201462 0.206667 0.211624 0.220858 0.227811 0.231825 0.236605 0.285824 0.294126 0.331827 0.322699 0.318744 0.287846 0.30187 0.30464 0.321533 9.690040e-02 0.928
N:23 Run:0 0.256615 0.310531 0.366347 0.401061 0.417023 0.443588 0.400663 0.403036 0.437111 0.381822 0.418607 0.389698 0.32206 0.26042 0.255194 0.267311 0.275745 0.28234 0.291847 0.301427 0.305757 9.633269e-02 0.944
N:23 Run:1 0.295199 0.309307 0.282763 0.289507 0.263286 0.294687 0.271933 0.26285 0.279319 0.308851 0.29458 0.297773 0.27447 0.345397 0.308036 0.329065 0.3346 0.319639 0.269273 0.27092 0.311915 9.633269e-02 0.944
N:23 Run:2 0.243673 0.270495 0.326944 0.395248 0.459386 0.504974 0.472044 0.409204 0.399177 0.437173 0.452317 0.448157 0.475615 0.487854 0.458205 0.378505 0.314745 0.316815 0.273356 0.293477 0.275951 9.633269e-02 0.944
N:23 Run:3 0.374064 0.29788 0.260719 0.22423 0.200103 0.199543 0.212833 0.211367 0.206985 0.207985 0.213221 0.226709 0.254192 0.287662 0.276723 0.296421 0.296049 0.298981 0.294172 0.288089 0.291941 9.633269e-02 0.944
N:23 Run:4 0.295199 0.309307 0.282763 0.289507 0.263286 0.294687 0.271933 0.26285 0.279319 0.308851 0.29458 0.297773 0.285514 0.307181 0.345705 0.34733 0.308518 0.299917 0.282632 0.26543 0.266286 9.633269e-02 0.944
N:23 Run:5 0.243673 0.270495 0.326944 0.395248 0.459386 0.504974 0.472044 0.409204 0.399177 0.437173 0.452317 0.448157 0.329073 0.376967 0.316924 0.308721 0.279969 0.33298 0.30106 0.322064 0.284256 9.633269e-02 0.944
N:23 Run:6 0.371436 0.316723 0.278759 0.255996 0.231541 0.224398 0.212148 0.212291 0.197444 0.199371 0.185777 0.209862 0.277332 0.296251 0.297085 0.322509 0.297332 0.290966 0.291628 0.300996 0.299224 9.633269e-02 0.944
N:23 Run:7 0.375198 0.32257 0.322964 0.307325 0.296077 0.277595 0.329993 0.332455 0.312759 0.358933 0.2975 0.281878 0.311982 0.317045 0.312926 0.304866 0.279354 0.278197 0.277704 0.274978 0.322231 9.633269e-02 0.944
N:23 Run:8 0.248228 0.269622 0.382169 0.395204 0.353146 0.339656 0.344811 0.365432 0.326174 0.342913 0.342517 0.356836 0.307727 0.290085 0.28259 0.302372 0.325477 0.317048 0.285137 0.277167 0.320028 9.633269e-02 0.944
N:23 Run:9 0.262661 0.305905 0.284066 0.250179 0.227979 0.201462 0.206667 0.211624 0.220858 0.227811 0.231825 0.236605 0.285824 0.294126 0.331827 0.322699 0.318744 0.287846 0.30187 0.30464 0.321533 9.633269e-02 0.944
N:24 Run:0 0.256615 0.310531 0.366347 0.401061 0.417023 0.443588 0.400663 0.403036 0.437111 0.381822 0.418607 0.389698 0.32206 0.26042 0.255194 0.267311 0.275745 0.28234 0.291847 0.301427 0.305757 1.342507e-01 0.922
N:24 Run:1 0.295199 0.309307 0.282763 0.289507 0.263286 0.294687 0.271933 0.26285 0.279319 0.308851 0.29458 0.297773 0.27447 0.345397 0.308036 0.329065 0.3346 0.319639 0.269273 0.27092 0.311915 1.342507e-01 0.922
N:24 Run:2 0.243673 0.270495 0.326944 0.395248 0.459386 0.504974 0.472044 0.409204 0.399177 0.437173 0.452317 0.448157 0.475615 0.487854 0.458205 0.378505 0.314745 0.316815 0.273356 0.293477 0.275951 1.342507e-01 0.922
N:24 Run:3 0.374064 0.29788 0.260719 0.22423 0.200103 0.199543 0.212833 0.211367 0.206985 0.207985 0.213221 0.226709 0.254192 0.287662 0.276723 0.296421 0.296049 0.298981 0.294172 0.288089 0.291941 1.342507e-01 0.922
N:24 Run:4 0.295199 0.309307 0.282763 0.289507 0.263286 0.294687 0.271933 0.26285 0.279319 0.308851 0.29458 0.297773 0.285514 0.307181 0.345705 0.34733 0.308518 0.299917 0.282632 0.26543 0.266286 1.342507e-01 0.922
N:24 Run:5 0.243673 0.270495 0.326944 0.395248 0.459386 0.504974 0.472044 0.409204 0.399177 0.437173 0.452317 0.448157 0.329073 0.376967 0.316924 0.308721 0.279969 0.33298 0.30106 0.322064 0.284256 1.342507e-01 0.922
N:24 Run:6 0.371436 0.316723 0.278759 0.255996 0.231541 0.224398 0.212148 0.212291 0.197444 0.199371 0.185777 0.209862 0.277332 0.296251 0.297085 0.322509 0.297332 0.290966 0.291628 0.300996 0.299224 1.342507e-01 0.922
N:24 Run:7 0.375198 0.32257 0.322964 0.307325 0.296077 0.277595 0.329993 0.332455 0.312759 0.358933 0.2975 0.281878 0.311982 0.317045 0.312926 0.304866 0.279354 0.278197 0.277704 0.274978 0.322231 1.342507e-01 0.922
N:24 Run:8 0.248228 0.269622 0.382169 0.395204 0.353146 0.339656 0.344811 0.365432 0.326174 0.342913 0.342517 0.356836 0.307727 0.290085 0.28259 0.302372 0.325477 0.317048 0.285137 0.277167 0.320028 1.342507e-01 0.922
N:24 Run:9 0.262661 0.305905 0.284066 0.250179 0.227979 0.201462 0.206667 0.211624 0.220858 0.227811 0.231825 0.236605 0.285824 0.294126 0.331827 0.322699 0.318744 0.287846 0.30187 0.30464 0.321533 1.342507e-01 0.922
N:25 Run:0 0.256615 0.310531 0.366347 0.401061 0.417023 0.443588 0.400663 0.403036 0.437111 0.381822 0.418607 0.389698 0.32206 0.26042 0.255194 0.267311 0.275745 0.28234 0.291847 0.301427 0.305757 9.637118e-02 0.955
N:25 Run:1 0.295199 0.309307 0.282763 0.289507 0.263286 0.294687 0.271933 0.26285 0.279319 0.308851 0.29458 0.297773 0.27447 0.345397 0.308036 0.329065 0.3346 0.319639 0.269273 0.27092 0.311915 9.637118e-02 0.955
N:25 Run:2 0.243673 0.270495 0.326944 0.395248 0.459386 0.504974 0.472044 0.409204 0.399177 0.437173 0.452317 0.448157 0.475615 0.487854 0.458205 0.378505 0.314745 0.316815 0.273356 0.293477 0.275951 9.637118e-02 0.955
N:25 Run:3 0.374064 0.29788 0.260719 0.22423 0.200103 0.199543 0.212833 0.211367 0.206985 0.207985 0.213221 0.226709 0.254192 0.287662 0.276723 0.296421 0.296049 0.298981 0.294172 0.288089 0.291941 9.637118e-02 0.955
N:25 Run:4 0.295199 0.309307 0.282763 0.289507 0.263286 0.294687 0.271933 0.26285 0.279319 0.308851 0.29458 0.297773 0.285514 0.307181 0.345705 0.34733 0.308518 0.299917 0.282632 0.26543 0.266286 9.637118e-02 0.955
N:25 Run:5 0.243673 0.270495 0.326944 0.395248 0.459386 0.504974 0.472044 0.409204 0.399177 0.437173 0.452317 0.448157 0.329073 0.376967 0.316924 0.308721 0.279969 0.33298 0.30106 0.322064 0.284256 9.637118e-02 0.955
N:25 Run:6 0.371436 0.316723 0.278759 0.255996 0.231541 0.224398 0.212148 0.212291 0.197444 0.199371 0.185777 0.209862 0.277332 0.296251 0.297085 0.322509 0.297332 0.290966 0.291628 0.300996 0.299224 9.637118e-02 0.955
N:25 Run:7 0.375198 0.32257 0.322964 0.307325 0.296077 0.277595 0.329993 0.332455 0.312759 0.358933 0.2975 0.281878 0.311982 0.317045 0.312926 0.304866 0.279354 0.278197 0.277704 0.274978 0.322231 9.637118e-02 0.955
N:25 Run:8 0.248228 0.269622 0.382169 0.395204 0.353146 0.339656 0.344811 0.365432 0.326174 0.342913 0.342517 0.356836 0.307727 0.290085 0.28259 0.302372 0.325477 0.317048 0.285137 0.277167 0.320028 9.637118e-02 0.955
N:25 Run:9 0.262661 0.305905 0.284066 0.250179 0.227979 0.201462 0.206667 0.211624 0.220858 0.227811 0.231825 0.236605 0.285824 0.294126 0.331827 0.322699 0.318744 0.287846 0.30187 0.30464 0.321533 9.637118e-02 0.955
N:26 Run:0 0.256615 0.310531 0.366347 0.401061 0.417023 0.443588 0.400663 0.403036 0.437111 0.381822 0.418607 0.389698 0.32206 0.26042 0.255194 0.267311 0.275745 0.28234 0.291847 0.301427 0.305757 1.238910e-01 0.955
N:26 Run:1 0.295199 0.309307 0.282763 0.289507 0.263286 0.294687 0.271933 0.26285 0.279319 0.308851 0.29458 0.297773 0.27447 0.345397 0.308036 0.329065 0.3346 0.319639 0.269273 0.27092 0.311915 1.238910e-01 0.955
N:26 Run:2 0.243673 0.270495 0.326944 0.395248 0.459386 0.504974 0.472044 0.409204 0.399177 0.437173 0.452317 0.448157 0.475615 0.487854 0.458205 0.378505 0.314745 0.316815 0.273356 0.293477 0.275951 1.238910e-01 0.955
N:26 Run:3 0.374064 0.29788 0.260719 0.22423 0.200103 0.199543 0.212833 0.211367 0.206985 0.207985 0.213221 0.226709 0.254192 0.287662 0.276723 0.296421 0.296049 0.298981 0.294172 0.288089 0.291941 1.238910e-01 0.955
N:26 Run:4 0.295199 0.309307 0.282763 0.289507 0.263286 0.294687 0.271933 0.26285 0.279319 0.308851 0.29458 0.297773 0.285514 0.307181 0.345705 0.34733 0.308518 0.299917 0.282632 0.26543 0.266286 1.238910e-01 0.955
N:26 Run:5 0.243673 0.270495 0.326944 0.395248 0.459386 0.504974 0.472044 0.409204 0.399177 0.437173 0.452317 0.448157 0.329073 0.376967 0.316924 0.308721 0.279969 0.33298 0.30106 0.322064 0.284256 1.238910e-01 0.955
N:26 Run:6 0.371436 0.316723 0.278759 0.255996 0.231541 0.224398 0.212148 0.212291 0.197444 0.199371 0.185777 0.209862 0.277332 0.296251 0.297085 0.322509 0.297332 0.290966 0.291628 0.300996 0.299224 1.238910e-01 0.955
N:26 Run:7 0.375198 0.32257 0.322964 0.307325 0.296077 0.277595 0.329993 0.332455 0.312759 0.358933 0.2975 0.281878 0.311982 0.317045 0.312926 0.304866 0.279354 0.278197 0.277704 0.274978 0.322231 1.238910e-01 0.955
N:26 Run:8 0.248228 0.269622 0.382169 0.395204 0.353146 0.339656 0.344811 0.365432 0.326174 0.342913 0.342517 0.356836 0.307727 0.290085 0.28259 0.302372 0.325477 0.317048 0.285137 0.277167 0.320028 1.238910e-01 0.955
N:26 Run:9 0.262661 0.305905 0.284066 0.250179 0.227979 0.201462 0.206667 0.211624 0.220858 0.227811 0.231825 0.236605 0.285824 0.294126 0.331827 0.322699 0.318744 0.287846 0.30187 0.30464 0.321533 1.238910e-01 0.955
N:27 Run:0 0.256615 0.310531 0.366347 0.401061 0.417023 0.443588 0.400663 0.403036 0.437111 0.381822 0.418607 0.389698 0.32206 0.26042 0.255194 0.267311 0.275745 0.28234 0.291847 0.301427 0.305757 1.113208e-01 0.937
N:27 Run:1 0.295199 0.309307 0.282763 0.289507 0.263286 0.294687 0.271933 0.26285 0.279319 0.308851 0.29458 0.297773 0.27447 0.345397 0.308036 0.329065 0.3346 0.319639 0.269273 0.27092 0.311915 1.113208e-01 0.937
N:27 Run:2 0.243673 0.270495 0.326944 0.395248 0.459386 0.504974 0.472044 0.409204 0.399177 0.437173 0.452317 0.448157 0.475615 0.487854 0.458205 0.378505 0.314745 0.316815 0.273356 0.293477 0.275951 1.113208e-01 0.937
N:27 Run:3 0.374064 0.29788 0.260719 0.22423 0.200103 0.199543 0.212833 0.211367 0.206985 0.207985 0.213221 0.226709 0.254192 0.287662 0.276723 0.296421 0.296049 0.298981 0.294172 0.288089 0.291941 1.113208e-01 0.937
N:27 Run:4 0.295199 0.309307 0.282763 0.289507 0.263286 0.294687 0.271933 0.26285 0.279319 0.308851 0.29458 0.297773 0.285514 0.307181 0.345705 0.34733 0.308518 0.299917 0.282632 0.26543 0.266286 1.113208e-01 0.937
N:27 Run:5 0.243673 0.270495 0.326944 0.395248 0.459386 0.504974 0.472044 0.409204 0.399177 0.437173 0.452317 0.448157 0.329073 0.376967 0.316924 0.308721 0.279969 0.33298 0.30106 0.322064 0.284256 1.113208e-01 0.937
N:27 Run:6 0.371436 0.316723 0.278759 0.255996 0.231541 0.224398 0.212148 0.212291 0.197444 0.199371 0.185777 0.209862 0.277332 0.296251 0.297085 0.322509 0.297332 0.290966 0.291628 0.300996 0.299224 1.113208e-01 0.937
N:27 Run:7 0.375198 0.32257 0.322964 0.307325 0.296077 0.277595 0.329993 0.332455 0.312759 0.358933 0.2975 0.281878 0.311982 0.317045 0.312926 0.304866 0.279354 0.278197 0.277704 0.274978 0.322231 1.113208e-01 0.937
N:27 Run:8 0.248228 0.269622 0.382169 0.395204 0.353146 0.339656 0.344811 0.365432 0.326174 0.342913 0.342517 0.356836 0.307727 0.290085 0.28259 0.302372 0.325477 0.317048 0.285137 0.277167 0.320028 1.113208e-01 0.937
N:27 Run:9 0.262661 0.305905 0.284066 0.250179 0.227979 0.201462 0.206667 0.211624 0.220858 0.227811 0.231825 0.236605 0.285824 0.294126 0.331827 0.322699 0.318744 0.287846 0.30187 0.30464 0.321533 1.113208e-01 0.937
N:28 Run:0 0.256615 0.310531 0.366347 0.401061 0.417023 0.443588 0.400663 0.403036 0.437111 0.381822 0.418607 0.389698 0.32206 0.26042 0.255194 0.267311 0.275745 0.28234 0.291847 0.301427 0.305757 9.652162e-02 0.940
N:28 Run:1 0.295199 0.309307 0.282763 0.289507 0.263286 0.294687 0.271933 0.26285 0.279319 0.308851 0.29458 0.297773 0.27447 0.345397 0.308036 0.329065 0.3346 0.319639 0.269273 0.27092 0.311915 9.652162e-02 0.940
N:28 Run:2 0.243673 0.270495 0.326944 0.395248 0.459386 0.504974 0.472044 0.409204 0.399177 0.437173 0.452317 0.448157 0.475615 0.487854 0.458205 0.378505 0.314745 0.316815 0.273356 0.293477 0.275951 9.652162e-02 0.940
N:28 Run:3 0.374064 0.29788 0.260719 0.22423 0.200103 0.199543 0.212833 0.211367 0.206985 0.207985 0.213221 0.226709 0.254192 0.287662 0.276723 0.296421 0.296049 0.298981 0.294172 0.288089 0.291941 9.652162e-02 0.940
N:28 Run:4 0.295199 0.309307 0.282763 0.289507 0.263286 0.294687 0.271933 0.26285 0.279319 0.308851 0.29458 0.297773 0.285514 0.307181 0.345705 0.34733 0.308518 0.299917 0.282632 0.26543 0.266286 9.652162e-02 0.940
N:28 Run:5 0.243673 0.270495 0.326944 0.395248 0.459386 0.504974 0.472044 0.409204 0.399177 0.437173 0.452317 0.448157 0.329073 0.376967 0.316924 0.308721 0.279969 0.33298 0.30106 0.322064 0.284256 9.652162e-02 0.940
N:28 Run:6 0.371436 0.316723 0.278759 0.255996 0.231541 0.224398 0.212148 0.212291 0.197444 0.199371 0.185777 0.209862 0.277332 0.296251 0.297085 0.322509 0.297332 0.290966 0.291628 0.300996 0.299224 9.652162e-02 0.940
N:28 Run:7 0.375198 0.32257 0.322964 0.307325 0.296077 0.277595 0.329993 0.332455 0.312759 0.358933 0.2975 0.281878 0.311982 0.317045 0.312926 0.304866 0.279354 0.278197 0.277704 0.274978 0.322231 9.652162e-02 0.940
N:28 Run:8 0.248228 0.269622 0.382169 0.395204 0.353146 0.339656 0.344811 0.365432 0.326174 0.342913 0.342517 0.356836 0.307727 0.290085 0.28259 0.302372 0.325477 0.317048 0.285137 0.277167 0.320028 9.652162e-02 0.940
N:28 Run:9 0.262661 0.305905 0.284066 0.250179 0.227979 0.201462 0.206667 0.211624 0.220858 0.227811 0.231825 0.236605 0.285824 0.294126 0.331827 0.322699 0.318744 0.287846 0.30187 0.30464 0.321533 9.652162e-02 0.940
N:29 Run:0 0.256615 0.310531 0.366347 0.401061 0.417023 0.443588 0.400663 0.403036 0.437111 0.381822 0.418607 0.389698 0.32206 0.26042 0.255194 0.267311 0.275745 0.28234 0.291847 0.301427 0.305757 9.654903e-02 0.948
N:29 Run:1 0.295199 0.309307 0.282763 0.289507 0.263286 0.294687 0.271933 0.26285 0.279319 0.308851 0.29458 0.297773 0.27447 0.345397 0.308036 0.329065 0.3346 0.319639 0.269273 0.27092 0.311915 9.654903e-02 0.948
N:29 Run:2 0.243673 0.270495 0.326944 0.395248 0.459386 0.504974 0.472044 0.409204 0.399177 0.437173 0.452317 0.448157 0.475615 0.487854 0.458205 0.378505 0.314745 0.316815 0.273356 0.293477 0.275951 9.654903e-02 0.948
N:29 Run:3 0.374064 0.29788 0.260719 0.22423 0.200103 0.199543 0.212833 0.211367 0.206985 0.207985 0.213221 0.226709 0.254192 0.287662 0.276723 0.296421 0.296049 0.298981 0.294172 0.288089 0.291941 9.654903e-02 0.948
N:29 Run:4 0.295199 0.309307 0.282763 0.289507 0.263286 0.294687 0.271933 0.26285 0.279319 0.308851 0.29458 0.297773 0.285514 0.307181 0.345705 0.34733 0.308518 0.299917 0.282632 0.26543 0.266286 9.654903e-02 0.948
N:29 Run:5 0.243673 0.270495 0.326944 0.395248 0.459386 0.504974 0.472044 0.409204 0.399177 0.437173 0.452317 0.448157 0.329073 0.376967 0.316924 0.308721 0.279969 0.33298 0.30106 0.322064 0.284256 9.654903e-02 0.948
N:29 Run:6 0.371436 0.316723 0.278759 0.255996 0.231541 0.224398 0.212148 0.212291 0.197444 0.199371 0.185777 0.209862 0.277332 0.296251 0.297085 0.322509 0.297332 0.290966 0.291628 0.300996 0.299224 9.654903e-02 0.948
N:29 Run:7 0.375198 0.32257 0.322964 0.307325 0.296077 0.277595 0.329993 0.332455 0.312759 0.358933 0.2975 0.281878 0.311982 0.317045 0.312926 0.304866 0.279354 0.278197 0.277704 0.274978 0.322231 9.654903e-02 0.948
N:29 Run:8 0.248228 0.269622 0.382169 0.395204 0.353146 0.339656 0.344811 0.365432 0.326174 0.342913 0.342517 0.356836 0.307727 0.290085 0.28259 0.302372 0.325477 0.317048 0.285137 0.277167 0.320028 9.654903e-02 0.948
N:29 Run:9 0.262661 0.305905 0.284066 0.250179 0.227979 0.201462 0.206667 0.211624 0.220858 0.227811 0.231825 0.236605 0.285824 0.294126 0.331827 0.322699 0.318744 0.287846 0.30187 0.30464 0.321533 9.654903e-02 0.948
