Seed:1578621681
N:0 Run:0 0.191106 0.227992 0.3148 0.509521 0.604274 0.537789 0.512293 0.591023 0.583132 0.716793 0.669156 0.458917 0.309441 0.239383 0.246212 0.234043 0.246824 0.235185 0.241834 0.231812 0.220632 9.288604e-02 0.749
N:0 Run:1 0.345503 0.237147 0.239651 0.292041 0.29292 0.286984 0.300038 0.363937 0.25926 0.250779 0.303397 0.280525 0.202739 0.223742 0.208031 0.222347 0.233036 0.23267 0.212233 0.303036 0.258533 9.288604e-02 0.749
N:0 Run:2 0.325985 0.232269 0.256476 0.316269 0.319248 0.332336 0.257763 0.289804 0.292876 0.249542 0.315464 0.23643 0.192867 0.197254 0.20123 0.226393 0.268191 0.227279 0.218801 0.216288 0.235153 9.288604e-02 0.749
N:0 Run:3 0.217029 0.221646 0.24349 0.208939 0.212066 0.237827 0.218832 0.223979 0.225467 0.249086 0.222402 0.215736 0.259099 0.22616 0.276232 0.245606 0.220211 0.230592 0.234199 0.260756 0.245589 9.288604e-02 0.749
N:0 Run:4 0.345503 0.237147 0.239651 0.292041 0.29292 0.286984 0.300038 0.363937 0.25926 0.250779 0.303397 0.280525 0.280893 0.251718 0.231002 0.221388 0.213668 0.242099 0.228346 0.23894 0.283485 9.288604e-02 0.749
N:0 Run:5 0.325985 0.232269 0.256476 0.316269 0.319248 0.332336 0.257763 0.289804 0.292876 0.249542 0.315464 0.23643 0.271778 0.219329 0.210237 0.219376 0.244531 0.261445 0.231928 0.23488 0.267949 9.288604e-02 0.749
N:0 Run:6 0.181312 0.236784 0.219675 0.245751 0.280625 0.29927 0.234813 0.237568 0.266118 0.345886 0.253961 0.282834 0.270751 0.250332 0.237832 0.240039 0.264076 0.241342 0.236107 0.236527 0.238787 9.288604e-02 0.749
N:0 Run:7 0.273802 0.219587 0.236885 0.274976 0.326004 0.329762 0.350304 0.366549 0.412849 0.394184 0.403985 0.474384 0.335929 0.26833 0.3076 0.239143 0.274526 0.257281 0.248858 0.233105 0.2427 9.288604e-02 0.749
N:0 Run:8 0.229784 0.223218 0.219406 0.212981 0.211943 0.215603 0.221215 0.219435 0.220704 0.221642 0.217264 0.206685 0.203416 0.202936 0.242106 0.220558 0.212959 0.238513 0.248634 0.250851 0.221993 9.288604e-02 0.749
N:0 Run:9 0.274623 0.232541 0.305563 0.334745 0.305078 0.315993 0.332249 0.305069 0.316286 0.351602 0.318627 0.306559 0.219857 0.212782 0.204448 0.226044 0.209332 0.224459 0.262313 0.248898 0.239984 9.288604e-02 0.749
N:1 Run:0 0.191106 0.226069 0.319296 0.51085 0.600365 0.539421 0.509014 0.589696 0.578276 0.702777 0.662061 0.45847 0.315701 0.240739 0.245308 0.233375 0.246078 0.233794 0.241085 0.231406 0.219462 9.281528e-02 0.762
N:1 Run:1 0.345503 0.237088 0.238951 0.293902 0.29477 0.287301 0.302871 0.369642 0.260538 0.249884 0.304665 0.282829 0.201389 0.222214 0.206055 0.219758 0.231585 0.231163 0.210355 0.306764 0.260607 9.281528e-02 0.762
N:1 Run:2 0.325985 0.23269 0.256468 0.317347 0.322255 0.335857 0.258638 0.291609 0.291409 0.249213 0.31514 0.235788 0.190499 0.194264 0.197784 0.22469 0.269821 0.227407 0.217146 0.214745 0.233824 9.281528e-02 0.762
N:1 Run:3 0.217029 0.219635 0.242786 0.206997 0.210252 0.237728 0.217627 0.2237 0.225452 0.250965 0.22099 0.214658 0.260326 0.225548 0.277993 0.245459 0.219212 0.229738 0.233291 0.2616 0.247493 9.281528e-02 0.762
N:1 Run:4 0.345503 0.237088 0.238951 0.293902 0.29477 0.287301 0.302871 0.369642 0.260538 0.249884 0.304665 0.282829 0.282528 0.251689 0.229955 0.218682 0.21114 0.241015 0.226505 0.23749 0.285037 9.281528e-02 0.762
N:1 Run:5 0.325985 0.23269 0.256468 0.317347 0.322255 0.335857 0.258638 0.291609 0.291409 0.249213 0.31514 0.235788 0.272369 0.218461 0.208241 0.217893 0.243862 0.262619 0.230185 0.232951 0.269401 9.281528e-02 0.762
N:1 Run:6 0.181312 0.235969 0.218226 0.244046 0.281458 0.302269 0.23464 0.23584 0.265615 0.350723 0.254866 0.284611 0.270662 0.251134 0.236811 0.24047 0.263731 0.24021 0.234441 0.235316 0.238269 9.281528e-02 0.762
N:1 Run:7 0.273802 0.218518 0.235919 0.276309 0.329616 0.334718 0.356976 0.371073 0.421323 0.403756 0.408671 0.484565 0.343362 0.272447 0.311046 0.238877 0.276028 0.259638 0.249184 0.231733 0.241757 9.281528e-02 0.762
N:1 Run:8 0.229784 0.221795 0.217695 0.210519 0.209685 0.212516 0.218363 0.216784 0.217844 0.218387 0.214308 0.204337 0.200741 0.200151 0.239846 0.218228 0.209843 0.237759 0.247811 0.250361 0.220923 9.281528e-02 0.762
N:1 Run:9 0.274623 0.232236 0.306657 0.337374 0.303259 0.318388 0.333544 0.306454 0.315778 0.351415 0.321226 0.304559 0.219113 0.210182 0.20096 0.223904 0.206941 0.222407 0.263445 0.249291 0.240122 9.281528e-02 0.762
N:2 Run:0 0.191106 0.226069 0.319296 0.51085 0.600365 0.539421 0.509014 0.589696 0.578276 0.702777 0.662061 0.45847 0.315701 0.240739 0.245308 0.233375 0.246078 0.233794 0.241085 0.231406 0.219462 9.528295e-02 0.724
N:2 Run:1 0.345503 0.237088 0.238951 0.293902 0.29477 0.287301 0.302871 0.369642 0.260538 0.249884 0.304665 0.282829 0.201389 0.222214 0.206055 0.219758 0.231585 0.231163 0.210355 0.306764 0.260607 9.528295e-02 0.724
N:2 Run:2 0.325985 0.23269 0.256468 0.317347 0.322255 0.335857 0.258638 0.291609 0.291409 0.249213 0.31514 0.235788 0.190499 0.194264 0.197784 0.22469 0.269821 0.227407 0.217146 0.214745 0.233824 9.528295e-02 0.724
N:2 Run:3 0.217029 0.219635 0.242786 0.206997 0.210252 0.237728 0.217627 0.2237 0.225452 0.250965 0.22099 0.214658 0.260326 0.225548 0.277993 0.245459 0.219212 0.229738 0.233291 0.2616 0.247493 9.528295e-02 0.724
N:2 Run:4 0.345503 0.237088 0.238951 0.293902 0.29477 0.287301 0.302871 0.369642 0.260538 0.249884 0.304665 0.282829 0.282528 0.251689 0.229955 0.218682 0.21114 0.241015 0.226505 0.23749 0.285037 9.528295e-02 0.724
N:2 Run:5 0.325985 0.23269 0.256468 0.317347 0.322255 0.335857 0.258638 0.291609 0.291409 0.249213 0.31514 0.235788 0.272369 0.218461 0.208241 0.217893 0.243862 0.262619 0.230185 0.232951 0.269401 9.528295e-02 0.724
N:2 Run:6 0.181312 0.235969 0.218226 0.244046 0.281458 0.302269 0.23464 0.23584 0.265615 0.350723 0.254866 0.284611 0.270662 0.251134 0.236811 0.24047 0.263731 0.24021 0.234441 0.235316 0.238269 9.528295e-02 0.724
N:2 Run:7 0.273802 0.218518 0.235919 0.276309 0.329616 0.334718 0.356976 0.371073 0.421323 0.403756 0.408671 0.484565 0.343362 0.272447 0.311046 0.238877 0.276028 0.259638 0.249184 0.231733 0.241757 9.528295e-02 0.724
N:2 Run:8 0.229784 0.221795 0.217695 0.210519 0.209685 0.212516 0.218363 0.216784 0.217844 0.218387 0.214308 0.204337 0.200741 0.200151 0.239846 0.218228 0.209843 0.237759 0.247811 0.250361 0.220923 9.528295e-02 0.724
N:2 Run:9 0.274623 0.232236 0.306657 0.337374 0.303259 0.318388 0.333544 0.306454 0.315778 0.351415 0.321226 0.304559 0.219113 0.210182 0.20096 0.223904 0.206941 0.222407 0.263445 0.249291 0.240122 9.528295e-02 0.724
N:3 Run:0 0.191106 0.226069 0.319296 0.51085 0.600365 0.539421 0.509014 0.589696 0.578276 0.702777 0.662061 0.45847 0.315701 0.240739 0.245308 0.233375 0.246078 0.233794 0.241085 0.231406 0.219462 9.292900e-02 0.760
N:3 Run:1 0.345503 0.237088 0.238951 0.293902 0.29477 0.287301 0.302871 0.369642 0.260538 0.249884 0.304665 0.282829 0.201389 0.222214 0.206055 0.219758 0.231585 0.231163 0.210355 0.306764 0.260607 9.292900e-02 0.760
N:3 Run:2 0.325985 0.23269 0.256468 0.317347 0.322255 0.335857 0.258638 0.291609 0.291409 0.249213 0.31514 0.235788 0.190499 0.194264 0.197784 0.22469 0.269821 0.227407 0.217146 0.214745 0.233824 9.292900e-02 0.760
N:3 Run:3 0.217029 0.219635 0.242786 0.206997 0.210252 0.237728 0.217627 0.2237 0.225452 0.250965 0.22099 0.214658 0.260326 0.225548 0.277993 0.245459 0.219212 0.229738 0.233291 0.2616 0.247493 9.292900e-02 0.760
N:3 Run:4 0.345503 0.237088 0.238951 0.293902 0.29477 0.287301 0.302871 0.369642 0.260538 0.249884 0.304665 0.282829 0.282528 0.251689 0.229955 0.218682 0.21114 0.241015 0.226505 0.23749 0.285037 9.292900e-02 0.760
N:3 Run:5 0.325985 0.23269 0.256468 0.317347 0.322255 0.335857 0.258638 0.291609 0.291409 0.249213 0.31514 0.235788 0.272369 0.218461 0.208241 0.217893 0.243862 0.262619 0.230185 0.232951 0.269401 9.292900e-02 0.760
N:3 Run:6 0.181312 0.235969 0.218226 0.244046 0.281458 0.302269 0.23464 0.23584 0.265615 0.350723 0.254866 0.284611 0.270662 0.251134 0.236811 0.24047 0.263731 0.24021 0.234441 0.235316 0.238269 9.292900e-02 0.760
N:3 Run:7 0.273802 0.218518 0.235919 0.276309 0.329616 0.334718 0.356976 0.371073 0.421323 0.403756 0.408671 0.484565 0.343362 0.272447 0.311046 0.238877 0.276028 0.259638 0.249184 0.231733 0.241757 9.292900e-02 0.760
N:3 Run:8 0.229784 0.221795 0.217695 0.210519 0.209685 0.212516 0.218363 0.216784 0.217844 0.218387 0.214308 0.204337 0.200741 0.200151 0.239846 0.218228 0.209843 0.237759 0.247811 0.250361 0.220923 9.292900e-02 0.760
N:3 Run:9 0.274623 0.232236 0.306657 0.337374 0.303259 0.318388 0.333544 0.306454 0.315778 0.351415 0.321226 0.304559 0.219113 0.210182 0.20096 0.223904 0.206941 0.222407 0.263445 0.249291 0.240122 9.292900e-02 0.760
N:4 Run:0 0.191106 0.226069 0.319296 0.51085 0.600365 0.539421 0.509014 0.589696 0.578276 0.702777 0.662061 0.45847 0.315701 0.240739 0.245308 0.233375 0.246078 0.233794 0.241085 0.231406 0.219462 9.310684e-02 0.756
N:4 Run:1 0.345503 0.237088 0.238951 0.293902 0.29477 0.287301 0.302871 0.369642 0.260538 0.249884 0.304665 0.282829 0.201389 0.222214 0.206055 0.219758 0.231585 0.231163 0.210355 0.306764 0.260607 9.310684e-02 0.756
N:4 Run:2 0.325985 0.23269 0.256468 0.317347 0.322255 0.335857 0.258638 0.291609 0.291409 0.249213 0.31514 0.235788 0.190499 0.194264 0.197784 0.22469 0.269821 0.227407 0.217146 0.214745 0.233824 9.310684e-02 0.756
N:4 Run:3 0.217029 0.219635 0.242786 0.206997 0.210252 0.237728 0.217627 0.2237 0.225452 0.250965 0.22099 0.214658 0.260326 0.225548 0.277993 0.245459 0.219212 0.229738 0.233291 0.2616 0.247493 9.310684e-02 0.756
N:4 Run:4 0.345503 0.237088 0.238951 0.293902 0.29477 0.287301 0.302871 0.369642 0.260538 0.249884 0.304665 0.282829 0.282528 0.251689 0.229955 0.218682 0.21114 0.241015 0.226505 0.23749 0.285037 9.310684e-02 0.756
N:4 Run:5 0.325985 0.23269 0.256468 0.317347 0.322255 0.335857 0.258638 0.291609 0.291409 0.249213 0.31514 0.235788 0.272369 0.218461 0.208241 0.217893 0.243862 0.262619 0.230185 0.232951 0.269401 9.310684e-02 0.756
N:4 Run:6 0.181312 0.235969 0.218226 0.244046 0.281458 0.302269 0.23464 0.23584 0.265615 0.350723 0.254866 0.284611 0.270662 0.251134 0.236811 0.24047 0.263731 0.24021 0.234441 0.235316 0.238269 9.310684e-02 0.756
N:4 Run:7 0.273802 0.218518 0.235919 0.276309 0.329616 0.334718 0.356976 0.371073 0.421323 0.403756 0.408671 0.484565 0.343362 0.272447 0.311046 0.238877 0.276028 0.259638 0.249184 0.231733 0.241757 9.310684e-02 0.756
N:4 Run:8 0.229784 0.221795 0.217695 0.210519 0.209685 0.212516 0.218363 0.216784 0.217844 0.218387 0.214308 0.204337 0.200741 0.200151 0.239846 0.218228 0.209843 0.237759 0.247811 0.250361 0.220923 9.310684e-02 0.756
N:4 Run:9 0.274623 0.232236 0.306657 0.337374 0.303259 0.318388 0.333544 0.306454 0.315778 0.351415 0.321226 0.304559 0.219113 0.210182 0.20096 0.223904 0.206941 0.222407 0.263445 0.249291 0.240122 9.310684e-02 0.756
N:5 Run:0 0.191106 0.226069 0.319296 0.51085 0.600365 0.539421 0.509014 0.589696 0.578276 0.702777 0.662061 0.45847 0.315701 0.240739 0.245308 0.233375 0.246078 0.233794 0.241085 0.231406 0.219462 9.289695e-02 0.746
N:5 Run:1 0.345503 0.237088 0.238951 0.293902 0.29477 0.287301 0.302871 0.369642 0.260538 0.249884 0.304665 0.282829 0.201389 0.222214 0.206055 0.219758 0.231585 0.231163 0.210355 0.306764 0.260607 9.289695e-02 0.746
N:5 Run:2 0.325985 0.23269 0.256468 0.317347 0.322255 0.335857 0.258638 0.291609 0.291409 0.249213 0.31514 0.235788 0.190499 0.194264 0.197784 0.22469 0.269821 0.227407 0.217146 0.214745 0.233824 9.289695e-02 0.746
N:5 Run:3 0.217029 0.219635 0.242786 0.206997 0.210252 0.237728 0.217627 0.2237 0.225452 0.250965 0.22099 0.214658 0.260326 0.225548 0.277993 0.245459 0.219212 0.229738 0.233291 0.2616 0.247493 9.289695e-02 0.746
N:5 Run:4 0.345503 0.237088 0.238951 0.293902 0.29477 0.287301 0.302871 0.369642 0.260538 0.249884 0.304665 0.282829 0.282528 0.251689 0.229955 0.218682 0.21114 0.241015 0.226505 0.23749 0.285037 9.289695e-02 0.746
N:5 Run:5 0.325985 0.23269 0.256468 0.317347 0.322255 0.335857 0.258638 0.291609 0.291409 0.249213 0.31514 0.235788 0.272369 0.218461 0.208241 0.217893 0.243862 0.262619 0.230185 0.232951 0.269401 9.289695e-02 0.746
N:5 Run:6 0.181312 0.235969 0.218226 0.244046 0.281458 0.302269 0.23464 0.23584 0.265615 0.350723 0.254866 0.284611 0.270662 0.251134 0.236811 0.24047 0.263731 0.24021 0.234441 0.235316 0.238269 9.289695e-02 0.746
N:5 Run:7 0.273802 0.218518 0.235919 0.276309 0.329616 0.334718 0.356976 0.371073 0.421323 0.403756 0.408671 0.484565 0.343362 0.272447 0.311046 0.238877 0.276028 0.259638 0.249184 0.231733 0.241757 9.289695e-02 0.746
N:5 Run:8 0.229784 0.221795 0.217695 0.210519 0.209685 0.212516 0.218363 0.216784 0.217844 0.218387 0.214308 0.204337 0.200741 0.200151 0.239846 0.218228 0.209843 0.237759 0.247811 0.250361 0.220923 9.289695e-02 0.746
N:5 Run:9 0.274623 0.232236 0.306657 0.337374 0.303259 0.318388 0.333544 0.306454 0.315778 0.351415 0.321226 0.304559 0.219113 0.210182 0.20096 0.223904 0.206941 0.222407 0.263445 0.249291 0.240122 9.289695e-02 0.746
N:6 Run:0 0.191106 0.226069 0.319296 0.51085 0.600365 0.539421 0.509014 0.589696 0.578276 0.702777 0.662061 0.45847 0.315701 0.240739 0.245308 0.233375 0.246078 0.233794 0.241085 0.231406 0.219462 9.292167e-02 0.749
N:6 Run:1 0.345503 0.237088 0.238951 0.293902 0.29477 0.287301 0.302871 0.369642 0.260538 0.249884 0.304665 0.282829 0.201389 0.222214 0.206055 0.219758 0.231585 0.231163 0.210355 0.306764 0.260607 9.292167e-02 0.749
N:6 Run:2 0.325985 0.23269 0.256468 0.317347 0.322255 0.335857 0.258638 0.291609 0.291409 0.249213 0.31514 0.235788 0.190499 0.194264 0.197784 0.22469 0.269821 0.227407 0.217146 0.214745 0.233824 9.292167e-02 0.749
N:6 Run:3 0.217029 0.219635 0.242786 0.206997 0.210252 0.237728 0.217627 0.2237 0.225452 0.250965 0.22099 0.214658 0.260326 0.225548 0.277993 0.245459 0.219212 0.229738 0.233291 0.2616 0.247493 9.292167e-02 0.749
N:6 Run:4 0.345503 0.237088 0.238951 0.293902 0.29477 0.287301 0.302871 0.369642 0.260538 0.249884 0.304665 0.282829 0.282528 0.251689 0.229955 0.218682 0.21114 0.241015 0.226505 0.23749 0.285037 9.292167e-02 0.749
N:6 Run:5 0.325985 0.23269 0.256468 0.317347 0.322255 0.335857 0.258638 0.291609 0.291409 0.249213 0.31514 0.235788 0.272369 0.218461 0.208241 0.217893 0.243862 0.262619 0.230185 0.232951 0.269401 9.292167e-02 0.749
N:6 Run:6 0.181312 0.235969 0.218226 0.244046 0.281458 0.302269 0.23464 0.23584 0.265615 0.350723 0.254866 0.284611 0.270662 0.251134 0.236811 0.24047 0.263731 0.24021 0.234441 0.235316 0.238269 9.292167e-02 0.749
N:6 Run:7 0.273802 0.218518 0.235919 0.276309 0.329616 0.334718 0.356976 0.371073 0.421323 0.403756 0.408671 0.484565 0.343362 0.272447 0.311046 0.238877 0.276028 0.259638 0.249184 0.231733 0.241757 9.292167e-02 0.749
N:6 Run:8 0.229784 0.221795 0.217695 0.210519 0.209685 0.212516 0.218363 0.216784 0.217844 0.218387 0.214308 0.204337 0.200741 0.200151 0.239846 0.218228 0.209843 0.237759 0.247811 0.250361 0.220923 9.292167e-02 0.749
N:6 Run:9 0.274623 0.232236 0.306657 0.337374 0.303259 0.318388 0.333544 0.306454 0.315778 0.351415 0.321226 0.304559 0.219113 0.210182 0.20096 0.223904 0.206941 0.222407 0.263445 0.249291 0.240122 9.292167e-02 0.749
N:7 Run:0 0.191106 0.226069 0.319296 0.51085 0.600365 0.539421 0.509014 0.589696 0.578276 0.702777 0.662061 0.45847 0.315701 0.240739 0.245308 0.233375 0.246078 0.233794 0.241085 0.231406 0.219462 9.296566e-02 0.727
N:7 Run:1 0.345503 0.237088 0.238951 0.293902 0.29477 0.287301 0.302871 0.369642 0.260538 0.249884 0.304665 0.282829 0.201389 0.222214 0.206055 0.219758 0.231585 0.231163 0.210355 0.306764 0.260607 9.296566e-02 0.727
N:7 Run:2 0.325985 0.23269 0.256468 0.317347 0.322255 0.335857 0.258638 0.291609 0.291409 0.249213 0.31514 0.235788 0.190499 0.194264 0.197784 0.22469 0.269821 0.227407 0.217146 0.214745 0.233824 9.296566e-02 0.727
N:7 Run:3 0.217029 0.219635 0.242786 0.206997 0.210252 0.237728 0.217627 0.2237 0.225452 0.250965 0.22099 0.214658 0.260326 0.225548 0.277993 0.245459 0.219212 0.229738 0.233291 0.2616 0.247493 9.296566e-02 0.727
N:7 Run:4 0.345503 0.237088 0.238951 0.293902 0.29477 0.287301 0.302871 0.369642 0.260538 0.249884 0.304665 0.282829 0.282528 0.251689 0.229955 0.218682 0.21114 0.241015 0.226505 0.23749 0.285037 9.296566e-02 0.727
N:7 Run:5 0.325985 0.23269 0.256468 0.317347 0.322255 0.335857 0.258638 0.291609 0.291409 0.249213 0.31514 0.235788 0.272369 0.218461 0.208241 0.217893 0.243862 0.262619 0.230185 0.232951 0.269401 9.296566e-02 0.727
N:7 Run:6 0.181312 0.235969 0.218226 0.244046 0.281458 0.302269 0.23464 0.23584 0.265615 0.350723 0.254866 0.284611 0.270662 0.251134 0.236811 0.24047 0.263731 0.24021 0.234441 0.235316 0.238269 9.296566e-02 0.727
N:7 Run:7 0.273802 0.218518 0.235919 0.276309 0.329616 0.334718 0.356976 0.371073 0.421323 0.403756 0.408671 0.484565 0.343362 0.272447 0.311046 0.238877 0.276028 0.259638 0.249184 0.231733 0.241757 9.296566e-02 0.727
N:7 Run:8 0.229784 0.221795 0.217695 0.210519 0.209685 0.212516 0.218363 0.216784 0.217844 0.218387 0.214308 0.204337 0.200741 0.200151 0.239846 0.218228 0.209843 0.237759 0.247811 0.250361 0.220923 9.296566e-02 0.727
N:7 Run:9 0.274623 0.232236 0.306657 0.337374 0.303259 0.318388 0.333544 0.306454 0.315778 0.351415 0.321226 0.304559 0.219113 0.210182 0.20096 0.223904 0.206941 0.222407 0.263445 0.249291 0.240122 9.296566e-02 0.727
N:8 Run:0 0.191106 0.226069 0.319296 0.51085 0.600365 0.539421 0.509014 0.589696 0.578276 0.702777 0.662061 0.45847 0.315701 0.240739 0.245308 0.233375 0.246078 0.233794 0.241085 0.231406 0.219462 9.527424e-02 0.761
N:8 Run:1 0.345503 0.237088 0.238951 0.293902 0.29477 0.287301 0.302871 0.369642 0.260538 0.249884 0.304665 0.282829 0.201389 0.222214 0.206055 0.219758 0.231585 0.231163 0.210355 0.306764 0.260607 9.527424e-02 0.761
N:8 Run:2 0.325985 0.23269 0.256468 0.317347 0.322255 0.335857 0.258638 0.291609 0.291409 0.249213 0.31514 0.235788 0.190499 0.194264 0.197784 0.22469 0.269821 0.227407 0.217146 0.214745 0.233824 9.527424e-02 0.761
N:8 Run:3 0.217029 0.219635 0.242786 0.206997 0.210252 0.237728 0.217627 0.2237 0.225452 0.250965 0.22099 0.214658 0.260326 0.225548 0.277993 0.245459 0.219212 0.229738 0.233291 0.2616 0.247493 9.527424e-02 0.761
N:8 Run:4 0.345503 0.237088 0.238951 0.293902 0.29477 0.287301 0.302871 0.369642 0.260538 0.249884 0.304665 0.282829 0.282528 0.251689 0.229955 0.218682 0.21114 0.241015 0.226505 0.23749 0.285037 9.527424e-02 0.761
N:8 Run:5 0.325985 0.23269 0.256468 0.317347 0.322255 0.335857 0.258638 0.291609 0.291409 0.249213 0.31514 0.235788 0.272369 0.218461 0.208241 0.217893 0.243862 0.262619 0.230185 0.232951 0.269401 9.527424e-02 0.761
N:8 Run:6 0.181312 0.235969 0.218226 0.244046 0.281458 0.302269 0.23464 0.23584 0.265615 0.350723 0.254866 0.284611 0.270662 0.251134 0.236811 0.24047 0.263731 0.24021 0.234441 0.235316 0.238269 9.527424e-02 0.761
N:8 Run:7 0.273802 0.218518 0.235919 0.276309 0.329616 0.334718 0.356976 0.371073 0.421323 0.403756 0.408671 0.484565 0.343362 0.272447 0.311046 0.238877 0.276028 0.259638 0.249184 0.231733 0.241757 9.527424e-02 0.761
N:8 Run:8 0.229784 0.221795 0.217695 0.210519 0.209685 0.212516 0.218363 0.216784 0.217844 0.218387 0.214308 0.204337 0.200741 0.200151 0.239846 0.218228 0.209843 0.237759 0.247811 0.250361 0.220923 9.527424e-02 0.761
N:8 Run:9 0.274623 0.232236 0.306657 0.337374 0.303259 0.318388 0.333544 0.306454 0.315778 0.351415 0.321226 0.304559 0.219113 0.210182 0.20096 0.223904 0.206941 0.222407 0.263445 0.249291 0.240122 9.527424e-02 0.761
N:9 Run:0 0.191106 0.226069 0.319296 0.51085 0.600365 0.539421 0.509014 0.589696 0.578276 0.702777 0.662061 0.45847 0.315701 0.240739 0.245308 0.233375 0.246078 0.233794 0.241085 0.231406 0.219462 9.313790e-02 0.741
N:9 Run:1 0.345503 0.237088 0.238951 0.293902 0.29477 0.287301 0.302871 0.369642 0.260538 0.249884 0.304665 0.282829 0.201389 0.222214 0.206055 0.219758 0.231585 0.231163 0.210355 0.306764 0.260607 9.313790e-02 0.741
N:9 Run:2 0.325985 0.23269 0.256468 0.317347 0.322255 0.335857 0.258638 0.291609 0.291409 0.249213 0.31514 0.235788 0.190499 0.194264 0.197784 0.22469 0.269821 0.227407 0.217146 0.214745 0.233824 9.313790e-02 0.741
N:9 Run:3 0.217029 0.219635 0.242786 0.206997 0.210252 0.237728 0.217627 0.2237 0.225452 0.250965 0.22099 0.214658 0.260326 0.225548 0.277993 0.245459 0.219212 0.229738 0.233291 0.2616 0.247493 9.313790e-02 0.741
N:9 Run:4 0.345503 0.237088 0.238951 0.293902 0.29477 0.287301 0.302871 0.369642 0.260538 0.249884 0.304665 0.282829 0.282528 0.251689 0.229955 0.218682 0.21114 0.241015 0.226505 0.23749 0.285037 9.313790e-02 0.741
N:9 Run:5 0.325985 0.23269 0.256468 0.317347 0.322255 0.335857 0.258638 0.291609 0.291409 0.249213 0.31514 0.235788 0.272369 0.218461 0.208241 0.217893 0.243862 0.262619 0.230185 0.232951 0.269401 9.313790e-02 0.741
N:9 Run:6 0.181312 0.235969 0.218226 0.244046 0.281458 0.302269 0.23464 0.23584 0.265615 0.350723 0.254866 0.284611 0.270662 0.251134 0.236811 0.24047 0.263731 0.24021 0.234441 0.235316 0.238269 9.313790e-02 0.741
N:9 Run:7 0.273802 0.218518 0.235919 0.276309 0.329616 0.334718 0.356976 0.371073 0.421323 0.403756 0.408671 0.484565 0.343362 0.272447 0.311046 0.238877 0.276028 0.259638 0.249184 0.231733 0.241757 9.313790e-02 0.741
N:9 Run:8 0.229784 0.221795 0.217695 0.210519 0.209685 0.212516 0.218363 0.216784 0.217844 0.218387 0.214308 0.204337 0.200741 0.200151 0.239846 0.218228 0.209843 0.237759 0.247811 0.250361 0.220923 9.313790e-02 0.741
N:9 Run:9 0.274623 0.232236 0.306657 0.337374 0.303259 0.318388 0.333544 0.306454 0.315778 0.351415 0.321226 0.304559 0.219113 0.210182 0.20096 0.223904 0.206941 0.222407 0.263445 0.249291 0.240122 9.313790e-02 0.741
N:10 Run:0 0.191106 0.226069 0.319296 0.51085 0.600365 0.539421 0.509014 0.589696 0.578276 0.702777 0.662061 0.45847 0.315701 0.240739 0.245308 0.233375 0.246078 0.233794 0.241085 0.231406 0.219462 9.286414e-02 0.763
N:10 Run:1 0.345503 0.237088 0.238951 0.293902 0.29477 0.287301 0.302871 0.369642 0.260538 0.249884 0.304665 0.282829 0.201389 0.222214 0.206055 0.219758 0.231585 0.231163 0.210355 0.306764 0.260607 9.286414e-02 0.763
N:10 Run:2 0.325985 0.23269 0.256468 0.317347 0.322255 0.335857 0.258638 0.291609 0.291409 0.249213 0.31514 0.235788 0.190499 0.194264 0.197784 0.22469 0.269821 0.227407 0.217146 0.214745 0.233824 9.286414e-02 0.763
N:10 Run:3 0.217029 0.219635 0.242786 0.206997 0.210252 0.237728 0.217627 0.2237 0.225452 0.250965 0.22099 0.214658 0.260326 0.225548 0.277993 0.245459 0.219212 0.229738 0.233291 0.2616 0.247493 9.286414e-02 0.763
N:10 Run:4 0.345503 0.237088 0.238951 0.293902 0.29477 0.287301 0.302871 0.369642 0.260538 0.249884 0.304665 0.282829 0.282528 0.251689 0.229955 0.218682 0.21114 0.241015 0.226505 0.23749 0.285037 9.286414e-02 0.763
N:10 Run:5 0.325985 0.23269 0.256468 0.317347 0.322255 0.335857 0.258638 0.291609 0.291409 0.249213 0.31514 0.235788 0.272369 0.218461 0.208241 0.217893 0.243862 0.262619 0.230185 0.232951 0.269401 9.286414e-02 0.763
N:10 Run:6 0.181312 0.235969 0.218226 0.244046 0.281458 0.302269 0.23464 0.23584 0.265615 0.350723 0.254866 0.284611 0.270662 0.251134 0.236811 0.24047 0.263731 0.24021 0.234441 0.235316 0.238269 9.286414e-02 0.763
N:10 Run:7 0.273802 0.218518 0.235919 0.276309 0.329616 0.334718 0.356976 0.371073 0.421323 0.403756 0.408671 0.484565 0.343362 0.272447 0.311046 0.238877 0.276028 0.259638 0.249184 0.231733 0.241757 9.286414e-02 0.763
N:10 Run:8 0.229784 0.221795 0.217695 0.210519 0.209685 0.212516 0.218363 0.216784 0.217844 0.218387 0.214308 0.204337 0.200741 0.200151 0.239846 0.218228 0.209843 0.237759 0.247811 0.250361 0.220923 9.286414e-02 0.763
N:10 Run:9 0.274623 0.232236 0.306657 0.337374 0.303259 0.318388 0.333544 0.306454 0.315778 0.351415 0.321226 0.304559 0.219113 0.210182 0.20096 0.223904 0.206941 0.222407 0.263445 0.249291 0.240122 9.286414e-02 0.763
N:11 Run:0 0.191106 0.226069 0.319296 0.51085 0.600365 0.539421 0.509014 0.589696 0.578276 0.702777 0.662061 0.45847 0.315701 0.240739 0.245308 0.233375 0.246078 0.233794 0.241085 0.231406 0.219462 9.532777e-02 0.755
N:11 Run:1 0.345503 0.237088 0.238951 0.293902 0.29477 0.287301 0.302871 0.369642 0.260538 0.249884 0.304665 0.282829 0.201389 0.222214 0.206055 0.219758 0.231585 0.231163 0.210355 0.306764 0.260607 9.532777e-02 0.755
N:11 Run:2 0.325985 0.23269 0.256468 0.317347 0.322255 0.335857 0.258638 0.291609 0.291409 0.249213 0.31514 0.235788 0.190499 0.194264 0.197784 0.22469 0.269821 0.227407 0.217146 0.214745 0.233824 9.532777e-02 0.755
N:11 Run:3 0.217029 0.219635 0.242786 0.206997 0.210252 0.237728 0.217627 0.2237 0.225452 0.250965 0.22099 0.214658 0.260326 0.225548 0.277993 0.245459 0.219212 0.229738 0.233291 0.2616 0.247493 9.532777e-02 0.755
N:11 Run:4 0.345503 0.237088 0.238951 0.293902 0.29477 0.287301 0.302871 0.369642 0.260538 0.249884 0.304665 0.282829 0.282528 0.251689 0.229955 0.218682 0.21114 0.241015 0.226505 0.23749 0.285037 9.532777e-02 0.755
N:11 Run:5 0.325985 0.23269 0.256468 0.317347 0.322255 0.335857 0.258638 0.291609 0.291409 0.249213 0.31514 0.235788 0.272369 0.218461 0.208241 0.217893 0.243862 0.262619 0.230185 0.232951 0.269401 9.532777e-02 0.755
N:11 Run:6 0.181312 0.235969 0.218226 0.244046 0.281458 0.302269 0.23464 0.23584 0.265615 0.350723 0.254866 0.284611 0.270662 0.251134 0.236811 0.24047 0.263731 0.24021 0.234441 0.235316 0.238269 9.532777e-02 0.755
N:11 Run:7 0.273802 0.218518 0.235919 0.276309 0.329616 0.334718 0.356976 0.371073 0.421323 0.403756 0.408671 0.484565 0.343362 0.272447 0.311046 0.238877 0.276028 0.259638 0.249184 0.231733 0.241757 9.532777e-02 0.755
N:11 Run:8 0.229784 0.221795 0.217695 0.210519 0.209685 0.212516 0.218363 0.216784 0.217844 0.218387 0.214308 0.204337 0.200741 0.200151 0.239846 0.218228 0.209843 0.237759 0.247811 0.250361 0.220923 9.532777e-02 0.755
N:11 Run:9 0.274623 0.232236 0.306657 0.337374 0.303259 0.318388 0.333544 0.306454 0.315778 0.351415 0.321226 0.304559 0.219113 0.210182 0.20096 0.223904 0.206941 0.222407 0.263445 0.249291 0.240122 9.532777e-02 0.755
N:12 Run:0 0.191106 0.226069 0.319296 0.51085 0.600365 0.539421 0.509014 0.589696 0.578276 0.702777 0.662061 0.45847 0.315701 0.240739 0.245308 0.233375 0.246078 0.233794 0.241085 0.231406 0.219462 9.294131e-02 0.748
N:12 Run:1 0.345503 0.237088 0.238951 0.293902 0.29477 0.287301 0.302871 0.369642 0.260538 0.249884 0.304665 0.282829 0.201389 0.222214 0.206055 0.219758 0.231585 0.231163 0.210355 0.306764 0.260607 9.294131e-02 0.748
N:12 Run:2 0.325985 0.23269 0.256468 0.317347 0.322255 0.335857 0.258638 0.291609 0.291409 0.249213 0.31514 0.235788 0.190499 0.194264 0.197784 0.22469 0.269821 0.227407 0.217146 0.214745 0.233824 9.294131e-02 0.748
N:12 Run:3 0.217029 0.219635 0.242786 0.206997 0.210252 0.237728 0.217627 0.2237 0.225452 0.250965 0.22099 0.214658 0.260326 0.225548 0.277993 0.245459 0.219212 0.229738 0.233291 0.2616 0.247493 9.294131e-02 0.748
N:12 Run:4 0.345503 0.237088 0.238951 0.293902 0.29477 0.287301 0.302871 0.369642 0.260538 0.249884 0.304665 0.282829 0.282528 0.251689 0.229955 0.218682 0.21114 0.241015 0.226505 0.23749 0.285037 9.294131e-02 0.748
N:12 Run:5 0.325985 0.23269 0.256468 0.317347 0.322255 0.335857 0.258638 0.291609 0.291409 0.249213 0.31514 0.235788 0.272369 0.218461 0.208241 0.217893 0.243862 0.262619 0.230185 0.232951 0.269401 9.294131e-02 0.748
N:12 Run:6 0.181312 0.235969 0.218226 0.244046 0.281458 0.302269 0.23464 0.23584 0.265615 0.350723 0.254866 0.284611 0.270662 0.251134 0.236811 0.24047 0.263731 0.24021 0.234441 0.235316 0.238269 9.294131e-02 0.748
N:12 Run:7 0.273802 0.218518 0.235919 0.276309 0.329616 0.334718 0.356976 0.371073 0.421323 0.403756 0.408671 0.484565 0.343362 0.272447 0.311046 0.238877 0.276028 0.259638 0.249184 0.231733 0.241757 9.294131e-02 0.748
N:12 Run:8 0.229784 0.221795 0.217695 0.210519 0.209685 0.212516 0.218363 0.216784 0.217844 0.218387 0.214308 0.204337 0.200741 0.200151 0.239846 0.218228 0.209843 0.237759 0.247811 0.250361 0.220923 9.294131e-02 0.748
N:12 Run:9 0.274623 0.232236 0.306657 0.337374 0.303259 0.318388 0.333544 0.306454 0.315778 0.351415 0.321226 0.304559 0.219113 0.210182 0.20096 0.223904 0.206941 0.222407 0.263445 0.249291 0.240122 9.294131e-02 0.748
N:13 Run:0 0.191106 0.226069 0.319296 0.51085 0.600365 0.539421 0.509014 0.589696 0.578276 0.702777 0.662061 0.45847 0.315701 0.240739 0.245308 0.233375 0.246078 0.233794 0.241085 0.231406 0.219462 9.513214e-02 0.761
N:13 Run:1 0.345503 0.237088 0.238951 0.293902 0.29477 0.287301 0.302871 0.369642 0.260538 0.249884 0.304665 0.282829 0.201389 0.222214 0.206055 0.219758 0.231585 0.231163 0.210355 0.306764 0.260607 9.513214e-02 0.761
N:13 Run:2 0.325985 0.23269 0.256468 0.317347 0.322255 0.335857 0.258638 0.291609 0.291409 0.249213 0.31514 0.235788 0.190499 0.194264 0.197784 0.22469 0.269821 0.227407 0.217146 0.214745 0.233824 9.513214e-02 0.761
N:13 Run:3 0.217029 0.219635 0.242786 0.206997 0.210252 0.237728 0.217627 0.2237 0.225452 0.250965 0.22099 0.214658 0.260326 0.225548 0.277993 0.245459 0.219212 0.229738 0.233291 0.2616 0.247493 9.513214e-02 0.761
N:13 Run:4 0.345503 0.237088 0.238951 0.293902 0.29477 0.287301 0.302871 0.369642 0.260538 0.249884 0.304665 0.282829 0.282528 0.251689 0.229955 0.218682 0.21114 0.241015 0.226505 0.23749 0.285037 9.513214e-02 0.761
N:13 Run:5 0.325985 0.23269 0.256468 0.317347 0.322255 0.335857 0.258638 0.291609 0.291409 0.249213 0.31514 0.235788 0.272369 0.218461 0.208241 0.217893 0.243862 0.262619 0.230185 0.232951 0.269401 9.513214e-02 0.761
N:13 Run:6 0.181312 0.235969 0.218226 0.244046 0.281458 0.302269 0.23464 0.23584 0.265615 0.350723 0.254866 0.284611 0.270662 0.251134 0.236811 0.24047 0.263731 0.24021 0.234441 0.235316 0.238269 9.513214e-02 0.761
N:13 Run:7 0.273802 0.218518 0.235919 0.276309 0.329616 0.334718 0.356976 0.371073 0.421323 0.403756 0.408671 0.484565 0.343362 0.272447 0.311046 0.238877 0.276028 0.259638 0.249184 0.231733 0.241757 9.513214e-02 0.761
N:13 Run:8 0.229784 0.221795 0.217695 0.210519 0.209685 0.212516 0.218363 0.216784 0.217844 0.218387 0.214308 0.204337 0.200741 0.200151 0.239846 0.218228 0.209843 0.237759 0.247811 0.250361 0.220923 9.513214e-02 0.761
N:13 Run:9 0.274623 0.232236 0.306657 0.337374 0.303259 0.318388 0.333544 0.306454 0.315778 0.351415 0.321226 0.304559 0.219113 0.210182 0.20096 0.223904 0.206941 0.222407 0.263445 0.249291 0.240122 9.513214e-02 0.761
N:14 Run:0 0.191106 0.226069 0.319296 0.51085 0.600365 0.539421 0.509014 0.589696 0.578276 0.702777 0.662061 0.45847 0.315701 0.240739 0.245308 0.233375 0.246078 0.233794 0.241085 0.231406 0.219462 9.309452e-02 0.736
N:14 Run:1 0.345503 0.237088 0.238951 0.293902 0.29477 0.287301 0.302871 0.369642 0.260538 0.249884 0.304665 0.282829 0.201389 0.222214 0.206055 0.219758 0.231585 0.231163 0.210355 0.306764 0.260607 9.309452e-02 0.736
N:14 Run:2 0.325985 0.23269 0.256468 0.317347 0.322255 0.335857 0.258638 0.291609 0.291409 0.249213 0.31514 0.235788 0.190499 0.194264 0.197784 0.22469 0.269821 0.227407 0.217146 0.214745 0.233824 9.309452e-02 0.736
N:14 Run:3 0.217029 0.219635 0.242786 0.206997 0.210252 0.237728 0.217627 0.2237 0.225452 0.250965 0.22099 0.214658 0.260326 0.225548 0.277993 0.245459 0.219212 0.229738 0.233291 0.2616 0.247493 9.309452e-02 0.736
N:14 Run:4 0.345503 0.237088 0.238951 0.293902 0.29477 0.287301 0.302871 0.369642 0.260538 0.249884 0.304665 0.282829 0.282528 0.251689 0.229955 0.218682 0.21114 0.241015 0.226505 0.23749 0.285037 9.309452e-02 0.736
N:14 Run:5 0.325985 0.23269 0.256468 0.317347 0.322255 0.335857 0.258638 0.291609 0.291409 0.249213 0.31514 0.235788 0.272369 0.218461 0.208241 0.217893 0.243862 0.262619 0.230185 0.232951 0.269401 9.309452e-02 0.736
N:14 Run:6 0.181312 0.235969 0.218226 0.244046 0.281458 0.302269 0.23464 0.23584 0.265615 0.350723 0.254866 0.284611 0.270662 0.251134 0.236811 0.24047 0.263731 0.24021 0.234441 0.235316 0.238269 9.309452e-02 0.736
N:14 Run:7 0.273802 0.218518 0.235919 0.276309 0.329616 0.334718 0.356976 0.371073 0.421323 0.403756 0.408671 0.484565 0.343362 0.272447 0.311046 0.238877 0.276028 0.259638 0.249184 0.231733 0.241757 9.309452e-02 0.736
N:14 Run:8 0.229784 0.221795 0.217695 0.210519 0.209685 0.212516 0.218363 0.216784 0.217844 0.218387 0.214308 0.204337 0.200741 0.200151 0.239846 0.218228 0.209843 0.237759 0.247811 0.250361 0.220923 9.309452e-02 0.736
N:14 Run:9 0.274623 0.232236 0.306657 0.337374 0.303259 0.318388 0.333544 0.306454 0.315778 0.351415 0.321226 0.304559 0.219113 0.210182 0.20096 0.223904 0.206941 0.222407 0.263445 0.249291 0.240122 9.309452e-02 0.736
N:15 Run:0 0.191106 0.226069 0.319296 0.51085 0.600365 0.539421 0.509014 0.589696 0.578276 0.702777 0.662061 0.45847 0.315701 0.240739 0.245308 0.233375 0.246078 0.233794 0.241085 0.231406 0.219462 9.283684e-02 0.755
N:15 Run:1 0.345503 0.237088 0.238951 0.293902 0.29477 0.287301 0.302871 0.369642 0.260538 0.249884 0.304665 0.282829 0.201389 0.222214 0.206055 0.219758 0.231585 0.231163 0.210355 0.306764 0.260607 9.283684e-02 0.755
N:15 Run:2 0.325985 0.23269 0.256468 0.317347 0.322255 0.335857 0.258638 0.291609 0.291409 0.249213 0.31514 0.235788 0.190499 0.194264 0.197784 0.22469 0.269821 0.227407 0.217146 0.214745 0.233824 9.283684e-02 0.755
N:15 Run:3 0.217029 0.219635 0.242786 0.206997 0.210252 0.237728 0.217627 0.2237 0.225452 0.250965 0.22099 0.214658 0.260326 0.225548 0.277993 0.245459 0.219212 0.229738 0.233291 0.2616 0.247493 9.283684e-02 0.755
N:15 Run:4 0.345503 0.237088 0.238951 0.293902 0.29477 0.287301 0.302871 0.369642 0.260538 0.249884 0.304665 0.282829 0.282528 0.251689 0.229955 0.218682 0.21114 0.241015 0.226505 0.23749 0.285037 9.283684e-02 0.755
N:15 Run:5 0.325985 0.23269 0.256468 0.317347 0.322255 0.335857 0.258638 0.291609 0.291409 0.249213 0.31514 0.235788 0.272369 0.218461 0.208241 0.217893 0.243862 0.262619 0.230185 0.232951 0.269401 9.283684e-02 0.755
N:15 Run:6 0.181312 0.235969 0.218226 0.244046 0.281458 0.302269 0.23464 0.23584 0.265615 0.350723 0.254866 0.284611 0.270662 0.251134 0.236811 0.24047 0.263731 0.24021 0.234441 0.235316 0.238269 9.283684e-02 0.755
N:15 Run:7 0.273802 0.218518 0.235919 0.276309 0.329616 0.334718 0.356976 0.371073 0.421323 0.403756 0.408671 0.484565 0.343362 0.272447 0.311046 0.238877 0.276028 0.259638 0.249184 0.231733 0.241757 9.283684e-02 0.755
N:15 Run:8 0.229784 0.221795 0.217695 0.210519 0.209685 0.212516 0.218363 0.216784 0.217844 0.218387 0.214308 0.204337 0.200741 0.200151 0.239846 0.218228 0.209843 0.237759 0.247811 0.250361 0.220923 9.283684e-02 0.755
N:15 Run:9 0.274623 0.232236 0.306657 0.337374 0.303259 0.318388 0.333544 0.306454 0.315778 0.351415 0.321226 0.304559 0.219113 0.210182 0.20096 0.223904 0.206941 0.222407 0.263445 0.249291 0.240122 9.283684e-02 0.755
N:16 Run:0 0.191106 0.226069 0.319296 0.51085 0.600365 0.539421 0.509014 0.589696 0.578276 0.702777 0.662061 0.45847 0.315701 0.240739 0.245308 0.233375 0.246078 0.233794 0.241085 0.231406 0.219462 9.313684e-02 0.761
N:16 Run:1 0.345503 0.237088 0.238951 0.293902 0.29477 0.287301 0.302871 0.369642 0.260538 0.249884 0.304665 0.282829 0.201389 0.222214 0.206055 0.219758 0.231585 0.231163 0.210355 0.306764 0.260607 9.313684e-02 0.761
N:16 Run:2 0.325985 0.23269 0.256468 0.317347 0.322255 0.335857 0.258638 0.291609 0.291409 0.249213 0.31514 0.235788 0.190499 0.194264 0.197784 0.22469 0.269821 0.227407 0.217146 0.214745 0.233824 9.313684e-02 0.761
N:16 Run:3 0.217029 0.219635 0.242786 0.206997 0.210252 0.237728 0.217627 0.2237 0.225452 0.250965 0.22099 0.214658 0.260326 0.225548 0.277993 0.245459 0.219212 0.229738 0.233291 0.2616 0.247493 9.313684e-02 0.761
N:16 Run:4 0.345503 0.237088 0.238951 0.293902 0.29477 0.287301 0.302871 0.369642 0.260538 0.249884 0.304665 0.282829 0.282528 0.251689 0.229955 0.218682 0.21114 0.241015 0.226505 0.23749 0.285037 9.313684e-02 0.761
N:16 Run:5 0.325985 0.23269 0.256468 0.317347 0.322255 0.335857 0.258638 0.291609 0.291409 0.249213 0.31514 0.235788 0.272369 0.218461 0.208241 0.217893 0.243862 0.262619 0.230185 0.232951 0.269401 9.313684e-02 0.761
N:16 Run:6 0.181312 0.235969 0.218226 0.244046 0.281458 0.302269 0.23464 0.23584 0.265615 0.350723 0.254866 0.284611 0.270662 0.251134 0.236811 0.24047 0.263731 0.24021 0.234441 0.235316 0.238269 9.313684e-02 0.761
N:16 Run:7 0.273802 0.218518 0.235919 0.276309 0.329616 0.334718 0.356976 0.371073 0.421323 0.403756 0.408671 0.484565 0.343362 0.272447 0.311046 0.238877 0.276028 0.259638 0.249184 0.231733 0.241757 9.313684e-02 0.761
N:16 Run:8 0.229784 0.221795 0.217695 0.210519 0.209685 0.212516 0.218363 0.216784 0.217844 0.218387 0.214308 0.204337 0.200741 0.200151 0.239846 0.218228 0.209843 0.237759 0.247811 0.250361 0.220923 9.313684e-02 0.761
N:16 Run:9 0.274623 0.232236 0.306657 0.337374 0.303259 0.318388 0.333544 0.306454 0.315778 0.351415 0.321226 0.304559 0.219113 0.210182 0.20096 0.223904 0.206941 0.222407 0.263445 0.249291 0.240122 9.313684e-02 0.761
N:17 Run:0 0.191106 0.226069 0.319296 0.51085 0.600365 0.539421 0.509014 0.589696 0.578276 0.702777 0.662061 0.45847 0.315701 0.240739 0.245308 0.233375 0.246078 0.233794 0.241085 0.231406 0.219462 9.291299e-02 0.754
N:17 Run:1 0.345503 0.237088 0.238951 0.293902 0.29477 0.287301 0.302871 0.369642 0.260538 0.249884 0.304665 0.282829 0.201389 0.222214 0.206055 0.219758 0.231585 0.231163 0.210355 0.306764 0.260607 9.291299e-02 0.754
N:17 Run:2 0.325985 0.23269 0.256468 0.317347 0.322255 0.335857 0.258638 0.291609 0.291409 0.249213 0.31514 0.235788 0.190499 0.194264 0.197784 0.22469 0.269821 0.227407 0.217146 0.214745 0.233824 9.291299e-02 0.754
N:17 Run:3 0.217029 0.219635 0.242786 0.206997 0.210252 0.237728 0.217627 0.2237 0.225452 0.250965 0.22099 0.214658 0.260326 0.225548 0.277993 0.245459 0.219212 0.229738 0.233291 0.2616 0.247493 9.291299e-02 0.754
N:17 Run:4 0.345503 0.237088 0.238951 0.293902 0.29477 0.287301 0.302871 0.369642 0.260538 0.249884 0.304665 0.282829 0.282528 0.251689 0.229955 0.218682 0.21114 0.241015 0.226505 0.23749 0.285037 9.291299e-02 0.754
N:17 Run:5 0.325985 0.23269 0.256468 0.317347 0.322255 0.335857 0.258638 0.291609 0.291409 0.249213 0.31514 0.235788 0.272369 0.218461 0.208241 0.217893 0.243862 0.262619 0.230185 0.232951 0.269401 9.291299e-02 0.754
N:17 Run:6 0.181312 0.235969 0.218226 0.244046 0.281458 0.302269 0.23464 0.23584 0.265615 0.350723 0.254866 0.284611 0.270662 0.251134 0.236811 0.24047 0.263731 0.24021 0.234441 0.235316 0.238269 9.291299e-02 0.754
N:17 Run:7 0.273802 0.218518 0.235919 0.276309 0.329616 0.334718 0.356976 0.371073 0.421323 0.403756 0.408671 0.484565 0.343362 0.272447 0.311046 0.238877 0.276028 0.259638 0.249184 0.231733 0.241757 9.291299e-02 0.754
N:17 Run:8 0.229784 0.221795 0.217695 0.210519 0.209685 0.212516 0.218363 0.216784 0.217844 0.218387 0.214308 0.204337 0.200741 0.200151 0.239846 0.218228 0.209843 0.237759 0.247811 0.250361 0.220923 9.291299e-02 0.754
N:17 Run:9 0.274623 0.232236 0.306657 0.337374 0.303259 0.318388 0.333544 0.306454 0.315778 0.351415 0.321226 0.304559 0.219113 0.210182 0.20096 0.223904 0.206941 0.222407 0.263445 0.249291 0.240122 9.291299e-02 0.754
N:18 Run:0 0.191106 0.226069 0.319296 0.51085 0.600365 0.539421 0.509014 0.589696 0.578276 0.702777 0.662061 0.45847 0.315701 0.240739 0.245308 0.233375 0.246078 0.233794 0.241085 0.231406 0.219462 9.364090e-02 0.751
N:18 Run:1 0.345503 0.237088 0.238951 0.293902 0.29477 0.287301 0.302871 0.369642 0.260538 0.249884 0.304665 0.282829 0.201389 0.222214 0.206055 0.219758 0.231585 0.231163 0.210355 0.306764 0.260607 9.364090e-02 0.751
N:18 Run:2 0.325985 0.23269 0.256468 0.317347 0.322255 0.335857 0.258638 0.291609 0.291409 0.249213 0.31514 0.235788 0.190499 0.194264 0.197784 0.22469 0.269821 0.227407 0.217146 0.214745 0.233824 9.364090e-02 0.751
N:18 Run:3 0.217029 0.219635 0.242786 0.206997 0.210252 0.237728 0.217627 0.2237 0.225452 0.250965 0.22099 0.214658 0.260326 0.225548 0.277993 0.245459 0.219212 0.229738 0.233291 0.2616 0.247493 9.364090e-02 0.751
N:18 Run:4 0.345503 0.237088 0.238951 0.293902 0.29477 0.287301 0.302871 0.369642 0.260538 0.249884 0.304665 0.282829 0.282528 0.251689 0.229955 0.218682 0.21114 0.241015 0.226505 0.23749 0.285037 9.364090e-02 0.751
N:18 Run:5 0.325985 0.23269 0.256468 0.317347 0.322255 0.335857 0.258638 0.291609 0.291409 0.249213 0.31514 0.235788 0.272369 0.218461 0.208241 0.217893 0.243862 0.262619 0.230185 0.232951 0.269401 9.364090e-02 0.751
N:18 Run:6 0.181312 0.235969 0.218226 0.244046 0.281458 0.302269 0.23464 0.23584 0.265615 0.350723 0.254866 0.284611 0.270662 0.251134 0.236811 0.24047 0.263731 0.24021 0.234441 0.235316 0.238269 9.364090e-02 0.751
N:18 Run:7 0.273802 0.218518 0.235919 0.276309 0.329616 0.334718 0.356976 0.371073 0.421323 0.403756 0.408671 0.484565 0.343362 0.272447 0.311046 0.238877 0.276028 0.259638 0.249184 0.231733 0.241757 9.364090e-02 0.751
N:18 Run:8 0.229784 0.221795 0.217695 0.210519 0.209685 0.212516 0.218363 0.216784 0.217844 0.218387 0.214308 0.204337 0.200741 0.200151 0.239846 0.218228 0.209843 0.237759 0.247811 0.250361 0.220923 9.364090e-02 0.751
N:18 Run:9 0.274623 0.232236 0.306657 0.337374 0.303259 0.318388 0.333544 0.306454 0.315778 0.351415 0.321226 0.304559 0.219113 0.210182 0.20096 0.223904 0.206941 0.222407 0.263445 0.249291 0.240122 9.364090e-02 0.751
N:19 Run:0 0.191106 0.226069 0.319296 0.51085 0.600365 0.539421 0.509014 0.589696 0.578276 0.702777 0.662061 0.45847 0.315701 0.240739 0.245308 0.233375 0.246078 0.233794 0.241085 0.231406 0.219462 9.296160e-02 0.757
N:19 Run:1 0.345503 0.237088 0.238951 0.293902 0.29477 0.287301 0.302871 0.369642 0.260538 0.249884 0.304665 0.282829 0.201389 0.222214 0.206055 0.219758 0.231585 0.231163 0.210355 0.306764 0.260607 9.296160e-02 0.757
N:19 Run:2 0.325985 0.23269 0.256468 0.317347 0.322255 0.335857 0.258638 0.291609 0.291409 0.249213 0.31514 0.235788 0.190499 0.194264 0.197784 0.22469 0.269821 0.227407 0.217146 0.214745 0.233824 9.296160e-02 0.757
N:19 Run:3 0.217029 0.219635 0.242786 0.206997 0.210252 0.237728 0.217627 0.2237 0.225452 0.250965 0.22099 0.214658 0.260326 0.225548 0.277993 0.245459 0.219212 0.229738 0.233291 0.2616 0.247493 9.296160e-02 0.757
N:19 Run:4 0.345503 0.237088 0.238951 0.293902 0.29477 0.287301 0.302871 0.369642 0.260538 0.249884 0.304665 0.282829 0.282528 0.251689 0.229955 0.218682 0.21114 0.241015 0.226505 0.23749 0.285037 9.296160e-02 0.757
N:19 Run:5 0.325985 0.23269 0.256468 0.317347 0.322255 0.335857 0.258638 0.291609 0.291409 0.249213 0.31514 0.235788 0.272369 0.218461 0.208241 0.217893 0.243862 0.262619 0.230185 0.232951 0.269401 9.296160e-02 0.757
N:19 Run:6 0.181312 0.235969 0.218226 0.244046 0.281458 0.302269 0.23464 0.23584 0.265615 0.350723 0.254866 0.284611 0.270662 0.251134 0.236811 0.24047 0.263731 0.24021 0.234441 0.235316 0.238269 9.296160e-02 0.757
N:19 Run:7 0.273802 0.218518 0.235919 0.276309 0.329616 0.334718 0.356976 0.371073 0.421323 0.403756 0.408671 0.484565 0.343362 0.272447 0.311046 0.238877 0.276028 0.259638 0.249184 0.231733 0.241757 9.296160e-02 0.757
N:19 Run:8 0.229784 0.221795 0.217695 0.210519 0.209685 0.212516 0.218363 0.216784 0.217844 0.218387 0.214308 0.204337 0.200741 0.200151 0.239846 0.218228 0.209843 0.237759 0.247811 0.250361 0.220923 9.296160e-02 0.757
N:19 Run:9 0.274623 0.232236 0.306657 0.337374 0.303259 0.318388 0.333544 0.306454 0.315778 0.351415 0.321226 0.304559 0.219113 0.210182 0.20096 0.223904 0.206941 0.222407 0.263445 0.249291 0.240122 9.296160e-02 0.757
N:20 Run:0 0.191106 0.226069 0.319296 0.51085 0.600365 0.539421 0.509014 0.589696 0.578276 0.702777 0.662061 0.45847 0.315701 0.240739 0.245308 0.233375 0.246078 0.233794 0.241085 0.231406 0.219462 9.308842e-02 0.761
N:20 Run:1 0.345503 0.237088 0.238951 0.293902 0.29477 0.287301 0.302871 0.369642 0.260538 0.249884 0.304665 0.282829 0.201389 0.222214 0.206055 0.219758 0.231585 0.231163 0.210355 0.306764 0.260607 9.308842e-02 0.761
N:20 Run:2 0.325985 0.23269 0.256468 0.317347 0.322255 0.335857 0.258638 0.291609 0.291409 0.249213 0.31514 0.235788 0.190499 0.194264 0.197784 0.22469 0.269821 0.227407 0.217146 0.214745 0.233824 9.308842e-02 0.761
N:20 Run:3 0.217029 0.219635 0.242786 0.206997 0.210252 0.237728 0.217627 0.2237 0.225452 0.250965 0.22099 0.214658 0.260326 0.225548 0.277993 0.245459 0.219212 0.229738 0.233291 0.2616 0.247493 9.308842e-02 0.761
N:20 Run:4 0.345503 0.237088 0.238951 0.293902 0.29477 0.287301 0.302871 0.369642 0.260538 0.249884 0.304665 0.282829 0.282528 0.251689 0.229955 0.218682 0.21114 0.241015 0.226505 0.23749 0.285037 9.308842e-02 0.761
N:20 Run:5 0.325985 0.23269 0.256468 0.317347 0.322255 0.335857 0.258638 0.291609 0.291409 0.249213 0.31514 0.235788 0.272369 0.218461 0.208241 0.217893 0.243862 0.262619 0.230185 0.232951 0.269401 9.308842e-02 0.761
N:20 Run:6 0.181312 0.235969 0.218226 0.244046 0.281458 0.302269 0.23464 0.23584 0.265615 0.350723 0.254866 0.284611 0.270662 0.251134 0.236811 0.24047 0.263731 0.24021 0.234441 0.235316 0.238269 9.308842e-02 0.761
N:20 Run:7 0.273802 0.218518 0.235919 0.276309 0.329616 0.334718 0.356976 0.371073 0.421323 0.403756 0.408671 0.484565 0.343362 0.272447 0.311046 0.238877 0.276028 0.259638 0.249184 0.231733 0.241757 9.308842e-02 0.761
N:20 Run:8 0.229784 0.221795 0.217695 0.210519 0.209685 0.212516 0.218363 0.216784 0.217844 0.218387 0.214308 0.204337 0.200741 0.200151 0.239846 0.218228 0.209843 0.237759 0.247811 0.250361 0.220923 9.308842e-02 0.761
N:20 Run:9 0.274623 0.232236 0.306657 0.337374 0.303259 0.318388 0.333544 0.306454 0.315778 0.351415 0.321226 0.304559 0.219113 0.210182 0.20096 0.223904 0.206941 0.222407 0.263445 0.249291 0.240122 9.308842e-02 0.761
N:21 Run:0 0.191106 0.226069 0.319296 0.51085 0.600365 0.539421 0.509014 0.589696 0.578276 0.702777 0.662061 0.45847 0.315701 0.240739 0.245308 0.233375 0.246078 0.233794 0.241085 0.231406 0.219462 9.298672e-02 0.753
N:21 Run:1 0.345503 0.237088 0.238951 0.293902 0.29477 0.287301 0.302871 0.369642 0.260538 0.249884 0.304665 0.282829 0.201389 0.222214 0.206055 0.219758 0.231585 0.231163 0.210355 0.306764 0.260607 9.298672e-02 0.753
N:21 Run:2 0.325985 0.23269 0.256468 0.317347 0.322255 0.335857 0.258638 0.291609 0.291409 0.249213 0.31514 0.235788 0.190499 0.194264 0.197784 0.22469 0.269821 0.227407 0.217146 0.214745 0.233824 9.298672e-02 0.753
N:21 Run:3 0.217029 0.219635 0.242786 0.206997 0.210252 0.237728 0.217627 0.2237 0.225452 0.250965 0.22099 0.214658 0.260326 0.225548 0.277993 0.245459 0.219212 0.229738 0.233291 0.2616 0.247493 9.298672e-02 0.753
N:21 Run:4 0.345503 0.237088 0.238951 0.293902 0.29477 0.287301 0.302871 0.369642 0.260538 0.249884 0.304665 0.282829 0.282528 0.251689 0.229955 0.218682 0.21114 0.241015 0.226505 0.23749 0.285037 9.298672e-02 0.753
N:21 Run:5 0.325985 0.23269 0.256468 0.317347 0.322255 0.335857 0.258638 0.291609 0.291409 0.249213 0.31514 0.235788 0.272369 0.218461 0.208241 0.217893 0.243862 0.262619 0.230185 0.232951 0.269401 9.298672e-02 0.753
N:21 Run:6 0.181312 0.235969 0.218226 0.244046 0.281458 0.302269 0.23464 0.23584 0.265615 0.350723 0.254866 0.284611 0.270662 0.251134 0.236811 0.24047 0.263731 0.24021 0.234441 0.235316 0.238269 9.298672e-02 0.753
N:21 Run:7 0.273802 0.218518 0.235919 0.276309 0.329616 0.334718 0.356976 0.371073 0.421323 0.403756 0.408671 0.484565 0.343362 0.272447 0.311046 0.238877 0.276028 0.259638 0.249184 0.231733 0.241757 9.298672e-02 0.753
N:21 Run:8 0.229784 0.221795 0.217695 0.210519 0.209685 0.212516 0.218363 0.216784 0.217844 0.218387 0.214308 0.204337 0.200741 0.200151 0.239846 0.218228 0.209843 0.237759 0.247811 0.250361 0.220923 9.298672e-02 0.753
N:21 Run:9 0.274623 0.232236 0.306657 0.337374 0.303259 0.318388 0.333544 0.306454 0.315778 0.351415 0.321226 0.304559 0.219113 0.210182 0.20096 0.223904 0.206941 0.222407 0.263445 0.249291 0.240122 9.298672e-02 0.753
N:22 Run:0 0.191106 0.226069 0.319296 0.51085 0.600365 0.539421 0.509014 0.589696 0.578276 0.702777 0.662061 0.45847 0.315701 0.240739 0.245308 0.233375 0.246078 0.233794 0.241085 0.231406 0.219462 9.291808e-02 0.764
N:22 Run:1 0.345503 0.237088 0.238951 0.293902 0.29477 0.287301 0.302871 0.369642 0.260538 0.249884 0.304665 0.282829 0.201389 0.222214 0.206055 0.219758 0.231585 0.231163 0.210355 0.306764 0.260607 9.291808e-02 0.764
N:22 Run:2 0.325985 0.23269 0.256468 0.317347 0.322255 0.335857 0.258638 0.291609 0.291409 0.249213 0.31514 0.235788 0.190499 0.194264 0.197784 0.22469 0.269821 0.227407 0.217146 0.214745 0.233824 9.291808e-02 0.764
N:22 Run:3 0.217029 0.219635 0.242786 0.206997 0.210252 0.237728 0.217627 0.2237 0.225452 0.250965 0.22099 0.214658 0.260326 0.225548 0.277993 0.245459 0.219212 0.229738 0.233291 0.2616 0.247493 9.291808e-02 0.764
N:22 Run:4 0.345503 0.237088 0.238951 0.293902 0.29477 0.287301 0.302871 0.369642 0.260538 0.249884 0.304665 0.282829 0.282528 0.251689 0.229955 0.218682 0.21114 0.241015 0.226505 0.23749 0.285037 9.291808e-02 0.764
N:22 Run:5 0.325985 0.23269 0.256468 0.317347 0.322255 0.335857 0.258638 0.291609 0.291409 0.249213 0.31514 0.235788 0.272369 0.218461 0.208241 0.217893 0.243862 0.262619 0.230185 0.232951 0.269401 9.291808e-02 0.764
N:22 Run:6 0.181312 0.235969 0.218226 0.244046 0.281458 0.302269 0.23464 0.23584 0.265615 0.350723 0.254866 0.284611 0.270662 0.251134 0.236811 0.24047 0.263731 0.24021 0.234441 0.235316 0.238269 9.291808e-02 0.764
N:22 Run:7 0.273802 0.218518 0.235919 0.276309 0.329616 0.334718 0.356976 0.371073 0.421323 0.403756 0.408671 0.484565 0.343362 0.272447 0.311046 0.238877 0.276028 0.259638 0.249184 0.231733 0.241757 9.291808e-02 0.764
N:22 Run:8 0.229784 0.221795 0.217695 0.210519 0.209685 0.212516 0.218363 0.216784 0.217844 0.218387 0.214308 0.204337 0.200741 0.200151 0.239846 0.218228 0.209843 0.237759 0.247811 0.250361 0.220923 9.291808e-02 0.764
N:22 Run:9 0.274623 0.232236 0.306657 0.337374 0.303259 0.318388 0.333544 0.306454 0.315778 0.351415 0.321226 0.304559 0.219113 0.210182 0.20096 0.223904 0.206941 0.222407 0.263445 0.249291 0.240122 9.291808e-02 0.764
N:23 Run:0 0.191106 0.226069 0.319296 0.51085 0.600365 0.539421 0.509014 0.589696 0.578276 0.702777 0.662061 0.45847 0.315701 0.240739 0.245308 0.233375 0.246078 0.233794 0.241085 0.231406 0.219462 9.331282e-02 0.758
N:23 Run:1 0.345503 0.237088 0.238951 0.293902 0.29477 0.287301 0.302871 0.369642 0.260538 0.249884 0.304665 0.282829 0.201389 0.222214 0.206055 0.219758 0.231585 0.231163 0.210355 0.306764 0.260607 9.331282e-02 0.758
N:23 Run:2 0.325985 0.23269 0.256468 0.317347 0.322255 0.335857 0.258638 0.291609 0.291409 0.249213 0.31514 0.235788 0.190499 0.194264 0.197784 0.22469 0.269821 0.227407 0.217146 0.214745 0.233824 9.331282e-02 0.758
N:23 Run:3 0.217029 0.219635 0.242786 0.206997 0.210252 0.237728 0.217627 0.2237 0.225452 0.250965 0.22099 0.214658 0.260326 0.225548 0.277993 0.245459 0.219212 0.229738 0.233291 0.2616 0.247493 9.331282e-02 0.758
N:23 Run:4 0.345503 0.237088 0.238951 0.293902 0.29477 0.287301 0.302871 0.369642 0.260538 0.249884 0.304665 0.282829 0.282528 0.251689 0.229955 0.218682 0.21114 0.241015 0.226505 0.23749 0.285037 9.331282e-02 0.758
N:23 Run:5 0.325985 0.23269 0.256468 0.317347 0.322255 0.335857 0.258638 0.291609 0.291409 0.249213 0.31514 0.235788 0.272369 0.218461 0.208241 0.217893 0.243862 0.262619 0.230185 0.232951 0.269401 9.331282e-02 0.758
N:23 Run:6 0.181312 0.235969 0.218226 0.244046 0.281458 0.302269 0.23464 0.23584 0.265615 0.350723 0.254866 0.284611 0.270662 0.251134 0.236811 0.24047 0.263731 0.24021 0.234441 0.235316 0.238269 9.331282e-02 0.758
N:23 Run:7 0.273802 0.218518 0.235919 0.276309 0.329616 0.334718 0.356976 0.371073 0.421323 0.403756 0.408671 0.484565 0.343362 0.272447 0.311046 0.238877 0.276028 0.259638 0.249184 0.231733 0.241757 9.331282e-02 0.758
N:23 Run:8 0.229784 0.221795 0.217695 0.210519 0.209685 0.212516 0.218363 0.216784 0.217844 0.218387 0.214308 0.204337 0.200741 0.200151 0.239846 0.218228 0.209843 0.237759 0.247811 0.250361 0.220923 9.331282e-02 0.758
N:23 Run:9 0.274623 0.232236 0.306657 0.337374 0.303259 0.318388 0.333544 0.306454 0.315778 0.351415 0.321226 0.304559 0.219113 0.210182 0.20096 0.223904 0.206941 0.222407 0.263445 0.249291 0.240122 9.331282e-02 0.758
N:24 Run:0 0.191106 0.226069 0.319296 0.51085 0.600365 0.539421 0.509014 0.589696 0.578276 0.702777 0.662061 0.45847 0.315701 0.240739 0.245308 0.233375 0.246078 0.233794 0.241085 0.231406 0.219462 9.316378e-02 0.747
N:24 Run:1 0.345503 0.237088 0.238951 0.293902 0.29477 0.287301 0.302871 0.369642 0.260538 0.249884 0.304665 0.282829 0.201389 0.222214 0.206055 0.219758 0.231585 0.231163 0.210355 0.306764 0.260607 9.316378e-02 0.747
N:24 Run:2 0.325985 0.23269 0.256468 0.317347 0.322255 0.335857 0.258638 0.291609 0.291409 0.249213 0.31514 0.235788 0.190499 0.194264 0.197784 0.22469 0.269821 0.227407 0.217146 0.214745 0.233824 9.316378e-02 0.747
N:24 Run:3 0.217029 0.219635 0.242786 0.206997 0.210252 0.237728 0.217627 0.2237 0.225452 0.250965 0.22099 0.214658 0.260326 0.225548 0.277993 0.245459 0.219212 0.229738 0.233291 0.2616 0.247493 9.316378e-02 0.747
N:24 Run:4 0.345503 0.237088 0.238951 0.293902 0.29477 0.287301 0.302871 0.369642 0.260538 0.249884 0.304665 0.282829 0.282528 0.251689 0.229955 0.218682 0.21114 0.241015 0.226505 0.23749 0.285037 9.316378e-02 0.747
N:24 Run:5 0.325985 0.23269 0.256468 0.317347 0.322255 0.335857 0.258638 0.291609 0.291409 0.249213 0.31514 0.235788 0.272369 0.218461 0.208241 0.217893 0.243862 0.262619 0.230185 0.232951 0.269401 9.316378e-02 0.747
N:24 Run:6 0.181312 0.235969 0.218226 0.244046 0.281458 0.302269 0.23464 0.23584 0.265615 0.350723 0.254866 0.284611 0.270662 0.251134 0.236811 0.24047 0.263731 0.24021 0.234441 0.235316 0.238269 9.316378e-02 0.747
N:24 Run:7 0.273802 0.218518 0.235919 0.276309 0.329616 0.334718 0.356976 0.371073 0.421323 0.403756 0.408671 0.484565 0.343362 0.272447 0.311046 0.238877 0.276028 0.259638 0.249184 0.231733 0.241757 9.316378e-02 0.747
N:24 Run:8 0.229784 0.221795 0.217695 0.210519 0.209685 0.212516 0.218363 0.216784 0.217844 0.218387 0.214308 0.204337 0.200741 0.200151 0.239846 0.218228 0.209843 0.237759 0.247811 0.250361 0.220923 9.316378e-02 0.747
N:24 Run:9 0.274623 0.232236 0.306657 0.337374 0.303259 0.318388 0.333544 0.306454 0.315778 0.351415 0.321226 0.304559 0.219113 0.210182 0.20096 0.223904 0.206941 0.222407 0.263445 0.249291 0.240122 9.316378e-02 0.747
N:25 Run:0 0.191106 0.226069 0.319296 0.51085 0.600365 0.539421 0.509014 0.589696 0.578276 0.702777 0.662061 0.45847 0.315701 0.240739 0.245308 0.233375 0.246078 0.233794 0.241085 0.231406 0.219462 9.288017e-02 0.750
N:25 Run:1 0.345503 0.237088 0.238951 0.293902 0.29477 0.287301 0.302871 0.369642 0.260538 0.249884 0.304665 0.282829 0.201389 0.222214 0.206055 0.219758 0.231585 0.231163 0.210355 0.306764 0.260607 9.288017e-02 0.750
N:25 Run:2 0.325985 0.23269 0.256468 0.317347 0.322255 0.335857 0.258638 0.291609 0.291409 0.249213 0.31514 0.235788 0.190499 0.194264 0.197784 0.22469 0.269821 0.227407 0.217146 0.214745 0.233824 9.288017e-02 0.750
N:25 Run:3 0.217029 0.219635 0.242786 0.206997 0.210252 0.237728 0.217627 0.2237 0.225452 0.250965 0.22099 0.214658 0.260326 0.225548 0.277993 0.245459 0.219212 0.229738 0.233291 0.2616 0.247493 9.288017e-02 0.750
N:25 Run:4 0.345503 0.237088 0.238951 0.293902 0.29477 0.287301 0.302871 0.369642 0.260538 0.249884 0.304665 0.282829 0.282528 0.251689 0.229955 0.218682 0.21114 0.241015 0.226505 0.23749 0.285037 9.288017e-02 0.750
N:25 Run:5 0.325985 0.23269 0.256468 0.317347 0.322255 0.335857 0.258638 0.291609 0.291409 0.249213 0.31514 0.235788 0.272369 0.218461 0.208241 0.217893 0.243862 0.262619 0.230185 0.232951 0.269401 9.288017e-02 0.750
N:25 Run:6 0.181312 0.235969 0.218226 0.244046 0.281458 0.302269 0.23464 0.23584 0.265615 0.350723 0.254866 0.284611 0.270662 0.251134 0.236811 0.24047 0.263731 0.24021 0.234441 0.235316 0.238269 9.288017e-02 0.750
N:25 Run:7 0.273802 0.218518 0.235919 0.276309 0.329616 0.334718 0.356976 0.371073 0.421323 0.403756 0.408671 0.484565 0.343362 0.272447 0.311046 0.238877 0.276028 0.259638 0.249184 0.231733 0.241757 9.288017e-02 0.750
N:25 Run:8 0.229784 0.221795 0.217695 0.210519 0.209685 0.212516 0.218363 0.216784 0.217844 0.218387 0.214308 0.204337 0.200741 0.200151 0.239846 0.218228 0.209843 0.237759 0.247811 0.250361 0.220923 9.288017e-02 0.750
N:25 Run:9 0.274623 0.232236 0.306657 0.337374 0.303259 0.318388 0.333544 0.306454 0.315778 0.351415 0.321226 0.304559 0.219113 0.210182 0.20096 0.223904 0.206941 0.222407 0.263445 0.249291 0.240122 9.288017e-02 0.750
N:26 Run:0 0.191106 0.226069 0.319296 0.51085 0.600365 0.539421 0.509014 0.589696 0.578276 0.702777 0.662061 0.45847 0.315701 0.240739 0.245308 0.233375 0.246078 0.233794 0.241085 0.231406 0.219462 9.299856e-02 0.757
N:26 Run:1 0.345503 0.237088 0.238951 0.293902 0.29477 0.287301 0.302871 0.369642 0.260538 0.249884 0.304665 0.282829 0.201389 0.222214 0.206055 0.219758 0.231585 0.231163 0.210355 0.306764 0.260607 9.299856e-02 0.757
N:26 Run:2 0.325985 0.23269 0.256468 0.317347 0.322255 0.335857 0.258638 0.291609 0.291409 0.249213 0.31514 0.235788 0.190499 0.194264 0.197784 0.22469 0.269821 0.227407 0.217146 0.214745 0.233824 9.299856e-02 0.757
N:26 Run:3 0.217029 0.219635 0.242786 0.206997 0.210252 0.237728 0.217627 0.2237 0.225452 0.250965 0.22099 0.214658 0.260326 0.225548 0.277993 0.245459 0.219212 0.229738 0.233291 0.2616 0.247493 9.299856e-02 0.757
N:26 Run:4 0.345503 0.237088 0.238951 0.293902 0.29477 0.287301 0.302871 0.369642 0.260538 0.249884 0.304665 0.282829 0.282528 0.251689 0.229955 0.218682 0.21114 0.241015 0.226505 0.23749 0.285037 9.299856e-02 0.757
N:26 Run:5 0.325985 0.23269 0.256468 0.317347 0.322255 0.335857 0.258638 0.291609 0.291409 0.249213 0.31514 0.235788 0.272369 0.218461 0.208241 0.217893 0.243862 0.262619 0.230185 0.232951 0.269401 9.299856e-02 0.757
N:26 Run:6 0.181312 0.235969 0.218226 0.244046 0.281458 0.302269 0.23464 0.23584 0.265615 0.350723 0.254866 0.284611 0.270662 0.251134 0.236811 0.24047 0.263731 0.24021 0.234441 0.235316 0.238269 9.299856e-02 0.757
N:26 Run:7 0.273802 0.218518 0.235919 0.276309 0.329616 0.334718 0.356976 0.371073 0.421323 0.403756 0.408671 0.484565 0.343362 0.272447 0.311046 0.238877 0.276028 0.259638 0.249184 0.231733 0.241757 9.299856e-02 0.757
N:26 Run:8 0.229784 0.221795 0.217695 0.210519 0.209685 0.212516 0.218363 0.216784 0.217844 0.218387 0.214308 0.204337 0.200741 0.200151 0.239846 0.218228 0.209843 0.237759 0.247811 0.250361 0.220923 9.299856e-02 0.757
N:26 Run:9 0.274623 0.232236 0.306657 0.337374 0.303259 0.318388 0.333544 0.306454 0.315778 0.351415 0.321226 0.304559 0.219113 0.210182 0.20096 0.223904 0.206941 0.222407 0.263445 0.249291 0.240122 9.299856e-02 0.757
N:27 Run:0 0.191106 0.226069 0.319296 0.51085 0.600365 0.539421 0.509014 0.589696 0.578276 0.702777 0.662061 0.45847 0.315701 0.240739 0.245308 0.233375 0.246078 0.233794 0.241085 0.231406 0.219462 9.288897e-02 0.754
N:27 Run:1 0.345503 0.237088 0.238951 0.293902 0.29477 0.287301 0.302871 0.369642 0.260538 0.249884 0.304665 0.282829 0.201389 0.222214 0.206055 0.219758 0.231585 0.231163 0.210355 0.306764 0.260607 9.288897e-02 0.754
N:27 Run:2 0.325985 0.23269 0.256468 0.317347 0.322255 0.335857 0.258638 0.291609 0.291409 0.249213 0.31514 0.235788 0.190499 0.194264 0.197784 0.22469 0.269821 0.227407 0.217146 0.214745 0.233824 9.288897e-02 0.754
N:27 Run:3 0.217029 0.219635 0.242786 0.206997 0.210252 0.237728 0.217627 0.2237 0.225452 0.250965 0.22099 0.214658 0.260326 0.225548 0.277993 0.245459 0.219212 0.229738 0.233291 0.2616 0.247493 9.288897e-02 0.754
N:27 Run:4 0.345503 0.237088 0.238951 0.293902 0.29477 0.287301 0.302871 0.369642 0.260538 0.249884 0.304665 0.282829 0.282528 0.251689 0.229955 0.218682 0.21114 0.241015 0.226505 0.23749 0.285037 9.288897e-02 0.754
N:27 Run:5 0.325985 0.23269 0.256468 0.317347 0.322255 0.335857 0.258638 0.291609 0.291409 0.249213 0.31514 0.235788 0.272369 0.218461 0.208241 0.217893 0.243862 0.262619 0.230185 0.232951 0.269401 9.288897e-02 0.754
N:27 Run:6 0.181312 0.235969 0.218226 0.244046 0.281458 0.302269 0.23464 0.23584 0.265615 0.350723 0.254866 0.284611 0.270662 0.251134 0.236811 0.24047 0.263731 0.24021 0.234441 0.235316 0.238269 9.288897e-02 0.754
N:27 Run:7 0.273802 0.218518 0.235919 0.276309 0.329616 0.334718 0.356976 0.371073 0.421323 0.403756 0.408671 0.484565 0.343362 0.272447 0.311046 0.238877 0.276028 0.259638 0.249184 0.231733 0.241757 9.288897e-02 0.754
N:27 Run:8 0.229784 0.221795 0.217695 0.210519 0.209685 0.212516 0.218363 0.216784 0.217844 0.218387 0.214308 0.204337 0.200741 0.200151 0.239846 0.218228 0.209843 0.237759 0.247811 0.250361 0.220923 9.288897e-02 0.754
N:27 Run:9 0.274623 0.232236 0.306657 0.337374 0.303259 0.318388 0.333544 0.306454 0.315778 0.351415 0.321226 0.304559 0.219113 0.210182 0.20096 0.223904 0.206941 0.222407 0.263445 0.249291 0.240122 9.288897e-02 0.754
N:28 Run:0 0.191106 0.226069 0.319296 0.51085 0.600365 0.539421 0.509014 0.589696 0.578276 0.702777 0.662061 0.45847 0.315701 0.240739 0.245308 0.233375 0.246078 0.233794 0.241085 0.231406 0.219462 9.295076e-02 0.757
N:28 Run:1 0.345503 0.237088 0.238951 0.293902 0.29477 0.287301 0.302871 0.369642 0.260538 0.249884 0.304665 0.282829 0.201389 0.222214 0.206055 0.219758 0.231585 0.231163 0.210355 0.306764 0.260607 9.295076e-02 0.757
N:28 Run:2 0.325985 0.23269 0.256468 0.317347 0.322255 0.335857 0.258638 0.291609 0.291409 0.249213 0.31514 0.235788 0.190499 0.194264 0.197784 0.22469 0.269821 0.227407 0.217146 0.214745 0.233824 9.295076e-02 0.757
N:28 Run:3 0.217029 0.219635 0.242786 0.206997 0.210252 0.237728 0.217627 0.2237 0.225452 0.250965 0.22099 0.214658 0.260326 0.225548 0.277993 0.245459 0.219212 0.229738 0.233291 0.2616 0.247493 9.295076e-02 0.757
N:28 Run:4 0.345503 0.237088 0.238951 0.293902 0.29477 0.287301 0.302871 0.369642 0.260538 0.249884 0.304665 0.282829 0.282528 0.251689 0.229955 0.218682 0.21114 0.241015 0.226505 0.23749 0.285037 9.295076e-02 0.757
N:28 Run:5 0.325985 0.23269 0.256468 0.317347 0.322255 0.335857 0.258638 0.291609 0.291409 0.249213 0.31514 0.235788 0.272369 0.218461 0.208241 0.217893 0.243862 0.262619 0.230185 0.232951 0.269401 9.295076e-02 0.757
N:28 Run:6 0.181312 0.235969 0.218226 0.244046 0.281458 0.302269 0.23464 0.23584 0.265615 0.350723 0.254866 0.284611 0.270662 0.251134 0.236811 0.24047 0.263731 0.24021 0.234441 0.235316 0.238269 9.295076e-02 0.757
N:28 Run:7 0.273802 0.218518 0.235919 0.276309 0.329616 0.334718 0.356976 0.371073 0.421323 0.403756 0.408671 0.484565 0.343362 0.272447 0.311046 0.238877 0.276028 0.259638 0.249184 0.231733 0.241757 9.295076e-02 0.757
N:28 Run:8 0.229784 0.221795 0.217695 0.210519 0.209685 0.212516 0.218363 0.216784 0.217844 0.218387 0.214308 0.204337 0.200741 0.200151 0.239846 0.218228 0.209843 0.237759 0.247811 0.250361 0.220923 9.295076e-02 0.757
N:28 Run:9 0.274623 0.232236 0.306657 0.337374 0.303259 0.318388 0.333544 0.306454 0.315778 0.351415 0.321226 0.304559 0.219113 0.210182 0.20096 0.223904 0.206941 0.222407 0.263445 0.249291 0.240122 9.295076e-02 0.757
N:29 Run:0 0.191106 0.228865 0.319609 0.507862 0.601287 0.537137 0.503012 0.589286 0.575119 0.701762 0.668354 0.454499 0.311511 0.240594 0.244643 0.23361 0.245591 0.234849 0.242438 0.232328 0.221518 9.280232e-02 0.730
N:29 Run:1 0.345503 0.237204 0.23915 0.29301 0.295046 0.287253 0.301812 0.368927 0.259303 0.249475 0.306241 0.28125 0.203882 0.224756 0.209063 0.222426 0.232158 0.231721 0.212547 0.306111 0.259525 9.280232e-02 0.730
N:29 Run:2 0.325985 0.233337 0.255951 0.315366 0.324624 0.338273 0.258462 0.293859 0.292198 0.24884 0.316091 0.235989 0.19447 0.198755 0.202813 0.227857 0.268828 0.229018 0.219329 0.217166 0.235122 9.280232e-02 0.730
N:29 Run:3 0.217029 0.221152 0.24358 0.20998 0.212995 0.238375 0.21913 0.225459 0.227137 0.251721 0.221859 0.216744 0.259882 0.226403 0.277393 0.245252 0.220921 0.231309 0.234299 0.261199 0.247904 9.280232e-02 0.730
N:29 Run:4 0.345503 0.237204 0.23915 0.29301 0.295046 0.287253 0.301812 0.368927 0.259303 0.249475 0.306241 0.28125 0.280085 0.253515 0.232006 0.22157 0.213953 0.242311 0.227954 0.237691 0.284292 9.280232e-02 0.730
N:29 Run:5 0.325985 0.233337 0.255951 0.315366 0.324624 0.338273 0.258462 0.293859 0.292198 0.24884 0.316091 0.235989 0.270588 0.220717 0.211377 0.21969 0.244451 0.261817 0.231376 0.234325 0.268518 9.280232e-02 0.730
N:29 Run:6 0.181312 0.236861 0.21972 0.243656 0.279247 0.30034 0.234205 0.23566 0.264788 0.347999 0.253947 0.283592 0.268922 0.250478 0.2382 0.241863 0.262095 0.240979 0.235445 0.235589 0.239866 9.280232e-02 0.730
N:29 Run:7 0.273802 0.220563 0.237231 0.275521 0.327441 0.331168 0.35435 0.369859 0.418212 0.399414 0.408468 0.484956 0.340002 0.272124 0.30815 0.238078 0.276091 0.259598 0.249701 0.232772 0.242011 9.280232e-02 0.730
N:29 Run:8 0.229784 0.223094 0.219586 0.212397 0.211799 0.214126 0.219467 0.218021 0.21896 0.219398 0.215738 0.206934 0.203704 0.203218 0.239572 0.220925 0.213668 0.239012 0.24796 0.249716 0.223478 9.280232e-02 0.730
N:29 Run:9 0.274623 0.232803 0.305083 0.333846 0.303383 0.315412 0.333922 0.303495 0.313566 0.350903 0.317525 0.304388 0.221109 0.214744 0.206251 0.22672 0.211126 0.225674 0.264872 0.249922 0.240321 9.280232e-02 0.730
