Seed:1578604612
N:0 Run:0 0.191106 0.232922 0.381649 0.556909 0.450102 0.608793 0.595555 0.723096 0.533853 0.460757 0.557654 0.441431 0.271041 0.257614 0.23301 0.243264 0.23893 0.232029 0.242769 0.245127 0.236776 1.228835e-01 0.871
N:0 Run:1 0.345503 0.240102 0.257526 0.250038 0.257164 0.299446 0.272026 0.291492 0.243522 0.27028 0.26712 0.306995 0.233022 0.233998 0.231816 0.233963 0.234674 0.239454 0.237836 0.232274 0.235056 1.228835e-01 0.871
N:0 Run:2 0.325985 0.239668 0.296554 0.343449 0.359674 0.324687 0.311438 0.285907 0.292993 0.321378 0.342865 0.272334 0.228168 0.230969 0.235723 0.231726 0.235208 0.234948 0.244635 0.23932 0.233527 1.228835e-01 0.871
N:0 Run:3 0.217029 0.234992 0.255003 0.300027 0.276298 0.293044 0.278806 0.246694 0.270472 0.284757 0.270442 0.269707 0.23961 0.240447 0.233747 0.235678 0.240341 0.250956 0.23447 0.229335 0.235245 1.228835e-01 0.871
N:0 Run:4 0.345503 0.240102 0.257526 0.250038 0.257164 0.299446 0.272026 0.291492 0.243522 0.27028 0.26712 0.306995 0.274463 0.239371 0.239498 0.233307 0.258327 0.242599 0.233607 0.240939 0.245473 1.228835e-01 0.871
N:0 Run:5 0.325985 0.239668 0.296554 0.343449 0.359674 0.324687 0.311438 0.285907 0.292993 0.321378 0.342865 0.272334 0.254466 0.238745 0.253755 0.234599 0.235773 0.238082 0.231708 0.23643 0.234934 1.228835e-01 0.871
N:0 Run:6 0.181312 0.24271 0.348794 0.38211 0.350274 0.329896 0.373888 0.33219 0.295373 0.320477 0.368866 0.31428 0.254673 0.24958 0.23436 0.235225 0.237055 0.23531 0.244838 0.243185 0.236432 1.228835e-01 0.871
N:0 Run:7 0.273802 0.235813 0.249599 0.240882 0.252712 0.257062 0.258588 0.254479 0.245147 0.299719 0.245497 0.252855 0.261328 0.234881 0.234795 0.234698 0.235137 0.244966 0.236325 0.241749 0.241736 1.228835e-01 0.871
N:0 Run:8 0.229784 0.234975 0.290815 0.258272 0.241761 0.25769 0.278041 0.261415 0.277861 0.249654 0.281623 0.301497 0.260056 0.242981 0.236579 0.231379 0.233765 0.236624 0.238177 0.235002 0.241668 1.228835e-01 0.871
N:0 Run:9 0.274623 0.236566 0.233792 0.235858 0.236722 0.236908 0.234264 0.238998 0.23646 0.237583 0.233304 0.236735 0.239358 0.241172 0.234381 0.233837 0.24288 0.237844 0.242272 0.232676 0.241803 1.228835e-01 0.871
N:1 Run:0 0.191106 0.244995 0.318987 0.551252 0.426127 0.490217 0.474923 0.637962 0.474745 0.534732 0.395836 0.394045 0.273099 0.225895 0.222912 0.242646 0.251246 0.274443 0.262785 0.301734 0.259138 1.192624e-01 0.875
N:1 Run:1 0.345503 0.366408 0.318067 0.266984 0.247847 0.258744 0.24514 0.297703 0.288333 0.260355 0.277546 0.256326 0.240426 0.273518 0.278472 0.255091 0.229875 0.286997 0.268693 0.24091 0.242638 1.192624e-01 0.875
N:1 Run:2 0.325985 0.260988 0.234623 0.250757 0.250336 0.246479 0.273414 0.269413 0.267362 0.25004 0.268229 0.247423 0.247485 0.245506 0.244601 0.241123 0.245689 0.293941 0.2969 0.264521 0.264218 1.192624e-01 0.875
N:1 Run:3 0.217029 0.231176 0.211066 0.200612 0.199194 0.197542 0.196233 0.196185 0.196249 0.197737 0.196051 0.195562 0.287252 0.25549 0.23479 0.237757 0.238973 0.276021 0.235223 0.262781 0.246892 1.192624e-01 0.875
N:1 Run:4 0.345503 0.366408 0.318067 0.266984 0.247847 0.258744 0.24514 0.297703 0.288333 0.260355 0.277546 0.256326 0.258726 0.291998 0.280079 0.267844 0.236918 0.234829 0.246663 0.260056 0.25066 1.192624e-01 0.875
N:1 Run:5 0.325985 0.260988 0.234623 0.250757 0.250336 0.246479 0.273414 0.269413 0.267362 0.25004 0.268229 0.247423 0.248915 0.233002 0.217246 0.215078 0.22582 0.246681 0.233351 0.257748 0.263688 1.192624e-01 0.875
N:1 Run:6 0.181312 0.217023 0.229115 0.267117 0.334138 0.336628 0.445156 0.422349 0.412274 0.391983 0.355434 0.378905 0.397183 0.348858 0.272697 0.276714 0.252988 0.244742 0.249159 0.27007 0.272277 1.192624e-01 0.875
N:1 Run:7 0.273802 0.24717 0.360248 0.364222 0.484734 0.403391 0.437883 0.378544 0.440308 0.367404 0.329426 0.301075 0.404791 0.333075 0.331682 0.27393 0.263623 0.245125 0.255747 0.264542 0.297089 1.192624e-01 0.875
N:1 Run:8 0.229784 0.23539 0.224326 0.218421 0.205283 0.210116 0.203406 0.201772 0.199363 0.20059 0.198074 0.19653 0.203619 0.212645 0.224665 0.224008 0.229461 0.246201 0.227379 0.232427 0.243558 1.192624e-01 0.875
N:1 Run:9 0.274623 0.250668 0.233802 0.243412 0.234337 0.219115 0.229558 0.229539 0.207776 0.205443 0.204063 0.21154 0.210466 0.205854 0.201602 0.206285 0.220091 0.224251 0.220417 0.223775 0.218411 1.192624e-01 0.875
N:2 Run:0 0.191106 0.245765 0.601231 0.695642 0.645964 0.456882 0.657199 0.487893 0.392187 0.581246 0.695525 0.381754 0.270191 0.256794 0.251756 0.251185 0.251151 0.25113 0.251128 0.251128 0.251141 1.133786e-01 0.823
N:2 Run:1 0.345503 0.259562 0.321025 0.287563 0.353651 0.340095 0.333156 0.3934 0.315915 0.297638 0.286125 0.263758 0.252557 0.25126 0.2512 0.251135 0.251129 0.251149 0.25115 0.25113 0.251128 1.133786e-01 0.823
N:2 Run:2 0.325985 0.257819 0.251803 0.25119 0.251134 0.251129 0.251129 0.251128 0.251133 0.25113 0.251128 0.251128 0.251128 0.251128 0.251128 0.251158 0.251131 0.251129 0.251129 0.251139 0.251136 1.133786e-01 0.823
N:2 Run:3 0.217029 0.248353 0.251888 0.251233 0.251165 0.251151 0.251204 0.251227 0.251904 0.251232 0.25141 0.251198 0.251147 0.251338 0.2512 0.251138 0.25114 0.251129 0.251131 0.251129 0.251129 1.133786e-01 0.823
N:2 Run:4 0.345503 0.259562 0.321025 0.287563 0.353651 0.340095 0.333156 0.3934 0.315915 0.297638 0.286125 0.263758 0.252266 0.251232 0.251138 0.251129 0.25113 0.251129 0.251129 0.251129 0.25113 1.133786e-01 0.823
N:2 Run:5 0.325985 0.257819 0.251803 0.25119 0.251134 0.251129 0.251129 0.251128 0.251133 0.25113 0.251128 0.251128 0.251129 0.251138 0.25113 0.251131 0.251139 0.251138 0.25113 0.25113 0.251131 1.133786e-01 0.823
N:2 Run:6 0.181312 0.244894 0.250571 0.251079 0.251124 0.251128 0.251128 0.251128 0.251128 0.251128 0.251128 0.251128 0.251128 0.251128 0.251129 0.251136 0.251131 0.251278 0.251142 0.251129 0.251128 1.133786e-01 0.823
N:2 Run:7 0.273802 0.253155 0.251309 0.251144 0.25113 0.251129 0.251128 0.251128 0.251128 0.251129 0.251128 0.251128 0.251128 0.251128 0.251128 0.251131 0.251131 0.251326 0.251147 0.251146 0.25113 1.133786e-01 0.823
N:2 Run:8 0.229784 0.24925 0.250961 0.251113 0.251128 0.251128 0.251128 0.251128 0.251128 0.251128 0.251128 0.251128 0.251184 0.251151 0.251171 0.251135 0.251145 0.251133 0.251143 0.25225 0.251229 1.133786e-01 0.823
N:2 Run:9 0.274623 0.253228 0.251316 0.251146 0.251131 0.251202 0.251442 0.253662 0.256352 0.272565 0.265626 0.266983 0.259556 0.255534 0.25485 0.25241 0.251632 0.251173 0.25114 0.25113 0.251129 1.133786e-01 0.823
N:3 Run:0 0.191106 0.245765 0.601231 0.695642 0.645964 0.456882 0.657199 0.487893 0.392187 0.581246 0.695525 0.381754 0.270191 0.256794 0.251756 0.251185 0.251151 0.25113 0.251128 0.251128 0.251141 1.207386e-01 0.845
N:3 Run:1 0.345503 0.259562 0.321025 0.287563 0.353651 0.340095 0.333156 0.3934 0.315915 0.297638 0.286125 0.263758 0.252557 0.25126 0.2512 0.251135 0.251129 0.251149 0.25115 0.25113 0.251128 1.207386e-01 0.845
N:3 Run:2 0.325985 0.257819 0.251803 0.25119 0.251134 0.251129 0.251129 0.251128 0.251133 0.25113 0.251128 0.251128 0.251128 0.251128 0.251128 0.251158 0.251131 0.251129 0.251129 0.251139 0.251136 1.207386e-01 0.845
N:3 Run:3 0.217029 0.248353 0.251888 0.251233 0.251165 0.251151 0.251204 0.251227 0.251904 0.251232 0.25141 0.251198 0.251147 0.251338 0.2512 0.251138 0.25114 0.251129 0.251131 0.251129 0.251129 1.207386e-01 0.845
N:3 Run:4 0.345503 0.259562 0.321025 0.287563 0.353651 0.340095 0.333156 0.3934 0.315915 0.297638 0.286125 0.263758 0.252266 0.251232 0.251138 0.251129 0.25113 0.251129 0.251129 0.251129 0.25113 1.207386e-01 0.845
N:3 Run:5 0.325985 0.257819 0.251803 0.25119 0.251134 0.251129 0.251129 0.251128 0.251133 0.25113 0.251128 0.251128 0.251129 0.251138 0.25113 0.251131 0.251139 0.251138 0.25113 0.25113 0.251131 1.207386e-01 0.845
N:3 Run:6 0.181312 0.244894 0.250571 0.251079 0.251124 0.251128 0.251128 0.251128 0.251128 0.251128 0.251128 0.251128 0.251128 0.251128 0.251129 0.251136 0.251131 0.251278 0.251142 0.251129 0.251128 1.207386e-01 0.845
N:3 Run:7 0.273802 0.253155 0.251309 0.251144 0.25113 0.251129 0.251128 0.251128 0.251128 0.251129 0.251128 0.251128 0.251128 0.251128 0.251128 0.251131 0.251131 0.251326 0.251147 0.251146 0.25113 1.207386e-01 0.845
N:3 Run:8 0.229784 0.24925 0.250961 0.251113 0.251128 0.251128 0.251128 0.251128 0.251128 0.251128 0.251128 0.251128 0.251184 0.251151 0.251171 0.251135 0.251145 0.251133 0.251143 0.25225 0.251229 1.207386e-01 0.845
N:3 Run:9 0.274623 0.253228 0.251316 0.251146 0.251131 0.251202 0.251442 0.253662 0.256352 0.272565 0.265626 0.266983 0.259556 0.255534 0.25485 0.25241 0.251632 0.251173 0.25114 0.25113 0.251129 1.207386e-01 0.845
N:4 Run:0 0.191106 0.243052 0.509152 0.600999 0.601069 0.500904 0.530469 0.503614 0.551826 0.619907 0.690879 0.561938 0.284428 0.265462 0.232326 0.235597 0.232644 0.239383 0.250096 0.251133 0.244461 1.082153e-01 0.839
N:4 Run:1 0.345503 0.248505 0.248556 0.304423 0.294769 0.271909 0.308825 0.364548 0.263705 0.252397 0.307625 0.292921 0.221849 0.23126 0.227997 0.237081 0.233619 0.229376 0.233457 0.300194 0.263668 1.082153e-01 0.839
N:4 Run:2 0.325985 0.248201 0.23775 0.240129 0.264462 0.284424 0.258104 0.287691 0.244401 0.239194 0.255145 0.235769 0.217638 0.217988 0.225218 0.256182 0.26746 0.246429 0.23359 0.24031 0.240777 1.082153e-01 0.839
N:4 Run:3 0.217029 0.226456 0.25834 0.242098 0.244025 0.249569 0.233452 0.240252 0.247399 0.307388 0.227176 0.239296 0.258932 0.23645 0.246607 0.237151 0.230673 0.236763 0.245406 0.262166 0.259985 1.082153e-01 0.839
N:4 Run:4 0.345503 0.248505 0.248556 0.304423 0.294769 0.271909 0.308825 0.364548 0.263705 0.252397 0.307625 0.292921 0.256239 0.264203 0.251748 0.231925 0.226475 0.246684 0.231455 0.229955 0.257828 1.082153e-01 0.839
N:4 Run:5 0.325985 0.248201 0.23775 0.240129 0.264462 0.284424 0.258104 0.287691 0.244401 0.239194 0.255145 0.235769 0.257073 0.255912 0.246962 0.235655 0.233256 0.239989 0.231508 0.23579 0.262302 1.082153e-01 0.839
N:4 Run:6 0.181312 0.232332 0.257052 0.256561 0.308565 0.398424 0.26676 0.249647 0.271088 0.390967 0.278904 0.314866 0.236081 0.255066 0.248025 0.270692 0.248044 0.238968 0.241588 0.234666 0.245727 1.082153e-01 0.839
N:4 Run:7 0.273802 0.245544 0.245379 0.270619 0.278318 0.285354 0.292469 0.280481 0.33675 0.346269 0.272834 0.450401 0.28534 0.309428 0.258529 0.23218 0.292841 0.280429 0.267944 0.236184 0.240243 1.082153e-01 0.839
N:4 Run:8 0.229784 0.226658 0.23198 0.223651 0.222911 0.219615 0.224156 0.221957 0.22418 0.220035 0.221046 0.223526 0.220783 0.220099 0.22565 0.228368 0.229193 0.240126 0.23849 0.237626 0.271359 1.082153e-01 0.839
N:4 Run:9 0.274623 0.234532 0.238485 0.275018 0.250345 0.264235 0.28027 0.280529 0.26177 0.278538 0.283221 0.250234 0.277627 0.267069 0.240836 0.243145 0.254319 0.245969 0.292957 0.253214 0.245235 1.082153e-01 0.839
N:5 Run:0 0.191106 0.226675 0.380196 0.463825 0.591184 0.560292 0.530712 0.567138 0.582596 0.597246 0.635301 0.589699 0.30625 0.260452 0.234897 0.237303 0.245305 0.22502 0.236661 0.240741 0.231413 1.060276e-01 0.855
N:5 Run:1 0.345503 0.229825 0.250431 0.296793 0.312851 0.291078 0.308268 0.351282 0.274037 0.252376 0.323352 0.288916 0.231194 0.23055 0.218451 0.213262 0.227302 0.224587 0.216489 0.300441 0.265413 1.060276e-01 0.855
N:5 Run:2 0.325985 0.241388 0.262482 0.289113 0.35498 0.360923 0.283684 0.339887 0.285335 0.258869 0.303949 0.252677 0.19333 0.196377 0.194531 0.231475 0.270958 0.253295 0.222087 0.227625 0.229515 1.060276e-01 0.855
N:5 Run:3 0.217029 0.21746 0.237596 0.214603 0.225257 0.253927 0.238648 0.264903 0.276134 0.306083 0.225855 0.248863 0.271435 0.235385 0.268599 0.237086 0.231903 0.236904 0.233116 0.255947 0.290443 1.060276e-01 0.855
N:5 Run:4 0.345503 0.229825 0.250431 0.296793 0.312851 0.291078 0.308268 0.351282 0.274037 0.252376 0.323352 0.288916 0.260935 0.246317 0.231068 0.210041 0.208224 0.234439 0.218648 0.227065 0.264468 1.060276e-01 0.855
N:5 Run:5 0.325985 0.241388 0.262482 0.289113 0.35498 0.360923 0.283684 0.339887 0.285335 0.258869 0.303949 0.252677 0.258316 0.232489 0.219451 0.230553 0.238086 0.259775 0.218754 0.221096 0.264186 1.060276e-01 0.855
N:5 Run:6 0.181312 0.244034 0.224271 0.22757 0.256908 0.276123 0.238685 0.229817 0.26202 0.318285 0.270255 0.290836 0.259528 0.252568 0.230589 0.258441 0.24379 0.227678 0.222775 0.228685 0.240524 1.060276e-01 0.855
N:5 Run:7 0.273802 0.226032 0.234425 0.261262 0.309546 0.306403 0.338482 0.336082 0.360424 0.356593 0.350873 0.432642 0.338121 0.337578 0.289545 0.232392 0.265724 0.281045 0.247213 0.224274 0.232653 1.060276e-01 0.855
N:5 Run:8 0.229784 0.225492 0.22145 0.209785 0.216972 0.203539 0.209334 0.209894 0.20819 0.208941 0.209488 0.214889 0.204647 0.200378 0.226146 0.212496 0.203555 0.238721 0.234295 0.237445 0.233127 1.060276e-01 0.855
N:5 Run:9 0.274623 0.235936 0.288079 0.293294 0.282302 0.2894 0.316779 0.279024 0.278088 0.304582 0.286259 0.279444 0.227988 0.217142 0.198118 0.221844 0.216701 0.224171 0.270392 0.248178 0.247252 1.060276e-01 0.855
N:6 Run:0 0.191106 0.226675 0.380196 0.463825 0.591184 0.560292 0.530712 0.567138 0.582596 0.597246 0.635301 0.589699 0.30625 0.260452 0.234897 0.237303 0.245305 0.22502 0.236661 0.240741 0.231413 1.212144e-01 0.828
N:6 Run:1 0.345503 0.229825 0.250431 0.296793 0.312851 0.291078 0.308268 0.351282 0.274037 0.252376 0.323352 0.288916 0.231194 0.23055 0.218451 0.213262 0.227302 0.224587 0.216489 0.300441 0.265413 1.212144e-01 0.828
N:6 Run:2 0.325985 0.241388 0.262482 0.289113 0.35498 0.360923 0.283684 0.339887 0.285335 0.258869 0.303949 0.252677 0.19333 0.196377 0.194531 0.231475 0.270958 0.253295 0.222087 0.227625 0.229515 1.212144e-01 0.828
N:6 Run:3 0.217029 0.21746 0.237596 0.214603 0.225257 0.253927 0.238648 0.264903 0.276134 0.306083 0.225855 0.248863 0.271435 0.235385 0.268599 0.237086 0.231903 0.236904 0.233116 0.255947 0.290443 1.212144e-01 0.828
N:6 Run:4 0.345503 0.229825 0.250431 0.296793 0.312851 0.291078 0.308268 0.351282 0.274037 0.252376 0.323352 0.288916 0.260935 0.246317 0.231068 0.210041 0.208224 0.234439 0.218648 0.227065 0.264468 1.212144e-01 0.828
N:6 Run:5 0.325985 0.241388 0.262482 0.289113 0.35498 0.360923 0.283684 0.339887 0.285335 0.258869 0.303949 0.252677 0.258316 0.232489 0.219451 0.230553 0.238086 0.259775 0.218754 0.221096 0.264186 1.212144e-01 0.828
N:6 Run:6 0.181312 0.244034 0.224271 0.22757 0.256908 0.276123 0.238685 0.229817 0.26202 0.318285 0.270255 0.290836 0.259528 0.252568 0.230589 0.258441 0.24379 0.227678 0.222775 0.228685 0.240524 1.212144e-01 0.828
N:6 Run:7 0.273802 0.226032 0.234425 0.261262 0.309546 0.306403 0.338482 0.336082 0.360424 0.356593 0.350873 0.432642 0.338121 0.337578 0.289545 0.232392 0.265724 0.281045 0.247213 0.224274 0.232653 1.212144e-01 0.828
N:6 Run:8 0.229784 0.225492 0.22145 0.209785 0.216972 0.203539 0.209334 0.209894 0.20819 0.208941 0.209488 0.214889 0.204647 0.200378 0.226146 0.212496 0.203555 0.238721 0.234295 0.237445 0.233127 1.212144e-01 0.828
N:6 Run:9 0.274623 0.235936 0.288079 0.293294 0.282302 0.2894 0.316779 0.279024 0.278088 0.304582 0.286259 0.279444 0.227988 0.217142 0.198118 0.221844 0.216701 0.224171 0.270392 0.248178 0.247252 1.212144e-01 0.828
N:7 Run:0 0.191106 0.226675 0.380196 0.463825 0.591184 0.560292 0.530712 0.567138 0.582596 0.597246 0.635301 0.589699 0.30625 0.260452 0.234897 0.237303 0.245305 0.22502 0.236661 0.240741 0.231413 1.193599e-01 0.823
N:7 Run:1 0.345503 0.229825 0.250431 0.296793 0.312851 0.291078 0.308268 0.351282 0.274037 0.252376 0.323352 0.288916 0.231194 0.23055 0.218451 0.213262 0.227302 0.224587 0.216489 0.300441 0.265413 1.193599e-01 0.823
N:7 Run:2 0.325985 0.241388 0.262482 0.289113 0.35498 0.360923 0.283684 0.339887 0.285335 0.258869 0.303949 0.252677 0.19333 0.196377 0.194531 0.231475 0.270958 0.253295 0.222087 0.227625 0.229515 1.193599e-01 0.823
N:7 Run:3 0.217029 0.21746 0.237596 0.214603 0.225257 0.253927 0.238648 0.264903 0.276134 0.306083 0.225855 0.248863 0.271435 0.235385 0.268599 0.237086 0.231903 0.236904 0.233116 0.255947 0.290443 1.193599e-01 0.823
N:7 Run:4 0.345503 0.229825 0.250431 0.296793 0.312851 0.291078 0.308268 0.351282 0.274037 0.252376 0.323352 0.288916 0.260935 0.246317 0.231068 0.210041 0.208224 0.234439 0.218648 0.227065 0.264468 1.193599e-01 0.823
N:7 Run:5 0.325985 0.241388 0.262482 0.289113 0.35498 0.360923 0.283684 0.339887 0.285335 0.258869 0.303949 0.252677 0.258316 0.232489 0.219451 0.230553 0.238086 0.259775 0.218754 0.221096 0.264186 1.193599e-01 0.823
N:7 Run:6 0.181312 0.244034 0.224271 0.22757 0.256908 0.276123 0.238685 0.229817 0.26202 0.318285 0.270255 0.290836 0.259528 0.252568 0.230589 0.258441 0.24379 0.227678 0.222775 0.228685 0.240524 1.193599e-01 0.823
N:7 Run:7 0.273802 0.226032 0.234425 0.261262 0.309546 0.306403 0.338482 0.336082 0.360424 0.356593 0.350873 0.432642 0.338121 0.337578 0.289545 0.232392 0.265724 0.281045 0.247213 0.224274 0.232653 1.193599e-01 0.823
N:7 Run:8 0.229784 0.225492 0.22145 0.209785 0.216972 0.203539 0.209334 0.209894 0.20819 0.208941 0.209488 0.214889 0.204647 0.200378 0.226146 0.212496 0.203555 0.238721 0.234295 0.237445 0.233127 1.193599e-01 0.823
N:7 Run:9 0.274623 0.235936 0.288079 0.293294 0.282302 0.2894 0.316779 0.279024 0.278088 0.304582 0.286259 0.279444 0.227988 0.217142 0.198118 0.221844 0.216701 0.224171 0.270392 0.248178 0.247252 1.193599e-01 0.823
N:8 Run:0 0.191106 0.226675 0.380196 0.463825 0.591184 0.560292 0.530712 0.567138 0.582596 0.597246 0.635301 0.589699 0.30625 0.260452 0.234897 0.237303 0.245305 0.22502 0.236661 0.240741 0.231413 1.244129e-01 0.884
N:8 Run:1 0.345503 0.229825 0.250431 0.296793 0.312851 0.291078 0.308268 0.351282 0.274037 0.252376 0.323352 0.288916 0.231194 0.23055 0.218451 0.213262 0.227302 0.224587 0.216489 0.300441 0.265413 1.244129e-01 0.884
N:8 Run:2 0.325985 0.241388 0.262482 0.289113 0.35498 0.360923 0.283684 0.339887 0.285335 0.258869 0.303949 0.252677 0.19333 0.196377 0.194531 0.231475 0.270958 0.253295 0.222087 0.227625 0.229515 1.244129e-01 0.884
N:8 Run:3 0.217029 0.21746 0.237596 0.214603 0.225257 0.253927 0.238648 0.264903 0.276134 0.306083 0.225855 0.248863 0.271435 0.235385 0.268599 0.237086 0.231903 0.236904 0.233116 0.255947 0.290443 1.244129e-01 0.884
N:8 Run:4 0.345503 0.229825 0.250431 0.296793 0.312851 0.291078 0.308268 0.351282 0.274037 0.252376 0.323352 0.288916 0.260935 0.246317 0.231068 0.210041 0.208224 0.234439 0.218648 0.227065 0.264468 1.244129e-01 0.884
N:8 Run:5 0.325985 0.241388 0.262482 0.289113 0.35498 0.360923 0.283684 0.339887 0.285335 0.258869 0.303949 0.252677 0.258316 0.232489 0.219451 0.230553 0.238086 0.259775 0.218754 0.221096 0.264186 1.244129e-01 0.884
N:8 Run:6 0.181312 0.244034 0.224271 0.22757 0.256908 0.276123 0.238685 0.229817 0.26202 0.318285 0.270255 0.290836 0.259528 0.252568 0.230589 0.258441 0.24379 0.227678 0.222775 0.228685 0.240524 1.244129e-01 0.884
N:8 Run:7 0.273802 0.226032 0.234425 0.261262 0.309546 0.306403 0.338482 0.336082 0.360424 0.356593 0.350873 0.432642 0.338121 0.337578 0.289545 0.232392 0.265724 0.281045 0.247213 0.224274 0.232653 1.244129e-01 0.884
N:8 Run:8 0.229784 0.225492 0.22145 0.209785 0.216972 0.203539 0.209334 0.209894 0.20819 0.208941 0.209488 0.214889 0.204647 0.200378 0.226146 0.212496 0.203555 0.238721 0.234295 0.237445 0.233127 1.244129e-01 0.884
N:8 Run:9 0.274623 0.235936 0.288079 0.293294 0.282302 0.2894 0.316779 0.279024 0.278088 0.304582 0.286259 0.279444 0.227988 0.217142 0.198118 0.221844 0.216701 0.224171 0.270392 0.248178 0.247252 1.244129e-01 0.884
N:9 Run:0 0.191106 0.247126 0.340063 0.610444 0.577392 0.525367 0.533488 0.581065 0.563548 0.741076 0.614955 0.430429 0.318126 0.251381 0.245712 0.232742 0.234068 0.25275 0.268714 0.241027 0.231738 1.055981e-01 0.841
N:9 Run:1 0.345503 0.268028 0.230719 0.260377 0.255158 0.249055 0.266825 0.326063 0.245047 0.231629 0.255546 0.25697 0.21307 0.237299 0.219468 0.241452 0.235786 0.237118 0.218992 0.337045 0.274418 1.055981e-01 0.841
N:9 Run:2 0.325985 0.256143 0.240262 0.283548 0.270267 0.278396 0.236806 0.248186 0.247437 0.230504 0.263156 0.224267 0.205065 0.210444 0.228335 0.252429 0.267173 0.243685 0.23072 0.225671 0.248716 1.055981e-01 0.841
N:9 Run:3 0.217029 0.224725 0.25828 0.225315 0.220311 0.234084 0.217448 0.224236 0.224283 0.241839 0.221332 0.216618 0.250037 0.230317 0.299108 0.264801 0.230865 0.241539 0.244865 0.274729 0.250062 1.055981e-01 0.841
N:9 Run:4 0.345503 0.268028 0.230719 0.260377 0.255158 0.249055 0.266825 0.326063 0.245047 0.231629 0.255546 0.25697 0.289894 0.309947 0.263696 0.252027 0.229773 0.263617 0.246781 0.245828 0.325502 1.055981e-01 0.841
N:9 Run:5 0.325985 0.256143 0.240262 0.283548 0.270267 0.278396 0.236806 0.248186 0.247437 0.230504 0.263156 0.224267 0.262035 0.238865 0.224402 0.221219 0.256597 0.268816 0.256075 0.259327 0.278743 1.055981e-01 0.841
N:9 Run:6 0.181312 0.230639 0.223126 0.248609 0.288631 0.346998 0.241497 0.228937 0.240788 0.330603 0.242579 0.255911 0.2489 0.253039 0.264662 0.259975 0.267549 0.269836 0.258816 0.242854 0.262561 1.055981e-01 0.841
N:9 Run:7 0.273802 0.238879 0.253139 0.30271 0.30406 0.325814 0.338193 0.333038 0.428413 0.447689 0.380995 0.473657 0.329809 0.260523 0.303977 0.246351 0.314915 0.277312 0.274514 0.252475 0.254896 1.055981e-01 0.841
N:9 Run:8 0.229784 0.226343 0.225902 0.214119 0.211498 0.214454 0.21833 0.217627 0.218921 0.215112 0.212291 0.208343 0.206728 0.207027 0.233142 0.24374 0.242118 0.25356 0.269143 0.261447 0.24506 1.055981e-01 0.841
N:9 Run:9 0.274623 0.244014 0.274291 0.321258 0.264052 0.293876 0.283953 0.28098 0.284868 0.307693 0.304006 0.265184 0.241386 0.249608 0.248435 0.251894 0.238148 0.253517 0.303017 0.279467 0.24715 1.055981e-01 0.841
N:10 Run:0 0.191106 0.247126 0.340063 0.610444 0.577392 0.525367 0.533488 0.581065 0.563548 0.741076 0.614955 0.430429 0.318126 0.251381 0.245712 0.232742 0.234068 0.25275 0.268714 0.241027 0.231738 1.212437e-01 0.863
N:10 Run:1 0.345503 0.268028 0.230719 0.260377 0.255158 0.249055 0.266825 0.326063 0.245047 0.231629 0.255546 0.25697 0.21307 0.237299 0.219468 0.241452 0.235786 0.237118 0.218992 0.337045 0.274418 1.212437e-01 0.863
N:10 Run:2 0.325985 0.256143 0.240262 0.283548 0.270267 0.278396 0.236806 0.248186 0.247437 0.230504 0.263156 0.224267 0.205065 0.210444 0.228335 0.252429 0.267173 0.243685 0.23072 0.225671 0.248716 1.212437e-01 0.863
N:10 Run:3 0.217029 0.224725 0.25828 0.225315 0.220311 0.234084 0.217448 0.224236 0.224283 0.241839 0.221332 0.216618 0.250037 0.230317 0.299108 0.264801 0.230865 0.241539 0.244865 0.274729 0.250062 1.212437e-01 0.863
N:10 Run:4 0.345503 0.268028 0.230719 0.260377 0.255158 0.249055 0.266825 0.326063 0.245047 0.231629 0.255546 0.25697 0.289894 0.309947 0.263696 0.252027 0.229773 0.263617 0.246781 0.245828 0.325502 1.212437e-01 0.863
N:10 Run:5 0.325985 0.256143 0.240262 0.283548 0.270267 0.278396 0.236806 0.248186 0.247437 0.230504 0.263156 0.224267 0.262035 0.238865 0.224402 0.221219 0.256597 0.268816 0.256075 0.259327 0.278743 1.212437e-01 0.863
N:10 Run:6 0.181312 0.230639 0.223126 0.248609 0.288631 0.346998 0.241497 0.228937 0.240788 0.330603 0.242579 0.255911 0.2489 0.253039 0.264662 0.259975 0.267549 0.269836 0.258816 0.242854 0.262561 1.212437e-01 0.863
N:10 Run:7 0.273802 0.238879 0.253139 0.30271 0.30406 0.325814 0.338193 0.333038 0.428413 0.447689 0.380995 0.473657 0.329809 0.260523 0.303977 0.246351 0.314915 0.277312 0.274514 0.252475 0.254896 1.212437e-01 0.863
N:10 Run:8 0.229784 0.226343 0.225902 0.214119 0.211498 0.214454 0.21833 0.217627 0.218921 0.215112 0.212291 0.208343 0.206728 0.207027 0.233142 0.24374 0.242118 0.25356 0.269143 0.261447 0.24506 1.212437e-01 0.863
N:10 Run:9 0.274623 0.244014 0.274291 0.321258 0.264052 0.293876 0.283953 0.28098 0.284868 0.307693 0.304006 0.265184 0.241386 0.249608 0.248435 0.251894 0.238148 0.253517 0.303017 0.279467 0.24715 1.212437e-01 0.863
N:11 Run:0 0.191106 0.247126 0.340063 0.610444 0.577392 0.525367 0.533488 0.581065 0.563548 0.741076 0.614955 0.430429 0.318126 0.251381 0.245712 0.232742 0.234068 0.25275 0.268714 0.241027 0.231738 1.283927e-01 0.874
N:11 Run:1 0.345503 0.268028 0.230719 0.260377 0.255158 0.249055 0.266825 0.326063 0.245047 0.231629 0.255546 0.25697 0.21307 0.237299 0.219468 0.241452 0.235786 0.237118 0.218992 0.337045 0.274418 1.283927e-01 0.874
N:11 Run:2 0.325985 0.256143 0.240262 0.283548 0.270267 0.278396 0.236806 0.248186 0.247437 0.230504 0.263156 0.224267 0.205065 0.210444 0.228335 0.252429 0.267173 0.243685 0.23072 0.225671 0.248716 1.283927e-01 0.874
N:11 Run:3 0.217029 0.224725 0.25828 0.225315 0.220311 0.234084 0.217448 0.224236 0.224283 0.241839 0.221332 0.216618 0.250037 0.230317 0.299108 0.264801 0.230865 0.241539 0.244865 0.274729 0.250062 1.283927e-01 0.874
N:11 Run:4 0.345503 0.268028 0.230719 0.260377 0.255158 0.249055 0.266825 0.326063 0.245047 0.231629 0.255546 0.25697 0.289894 0.309947 0.263696 0.252027 0.229773 0.263617 0.246781 0.245828 0.325502 1.283927e-01 0.874
N:11 Run:5 0.325985 0.256143 0.240262 0.283548 0.270267 0.278396 0.236806 0.248186 0.247437 0.230504 0.263156 0.224267 0.262035 0.238865 0.224402 0.221219 0.256597 0.268816 0.256075 0.259327 0.278743 1.283927e-01 0.874
N:11 Run:6 0.181312 0.230639 0.223126 0.248609 0.288631 0.346998 0.241497 0.228937 0.240788 0.330603 0.242579 0.255911 0.2489 0.253039 0.264662 0.259975 0.267549 0.269836 0.258816 0.242854 0.262561 1.283927e-01 0.874
N:11 Run:7 0.273802 0.238879 0.253139 0.30271 0.30406 0.325814 0.338193 0.333038 0.428413 0.447689 0.380995 0.473657 0.329809 0.260523 0.303977 0.246351 0.314915 0.277312 0.274514 0.252475 0.254896 1.283927e-01 0.874
N:11 Run:8 0.229784 0.226343 0.225902 0.214119 0.211498 0.214454 0.21833 0.217627 0.218921 0.215112 0.212291 0.208343 0.206728 0.207027 0.233142 0.24374 0.242118 0.25356 0.269143 0.261447 0.24506 1.283927e-01 0.874
N:11 Run:9 0.274623 0.244014 0.274291 0.321258 0.264052 0.293876 0.283953 0.28098 0.284868 0.307693 0.304006 0.265184 0.241386 0.249608 0.248435 0.251894 0.238148 0.253517 0.303017 0.279467 0.24715 1.283927e-01 0.874
N:12 Run:0 0.191106 0.247126 0.340063 0.610444 0.577392 0.525367 0.533488 0.581065 0.563548 0.741076 0.614955 0.430429 0.318126 0.251381 0.245712 0.232742 0.234068 0.25275 0.268714 0.241027 0.231738 1.253314e-01 0.871
N:12 Run:1 0.345503 0.268028 0.230719 0.260377 0.255158 0.249055 0.266825 0.326063 0.245047 0.231629 0.255546 0.25697 0.21307 0.237299 0.219468 0.241452 0.235786 0.237118 0.218992 0.337045 0.274418 1.253314e-01 0.871
N:12 Run:2 0.325985 0.256143 0.240262 0.283548 0.270267 0.278396 0.236806 0.248186 0.247437 0.230504 0.263156 0.224267 0.205065 0.210444 0.228335 0.252429 0.267173 0.243685 0.23072 0.225671 0.248716 1.253314e-01 0.871
N:12 Run:3 0.217029 0.224725 0.25828 0.225315 0.220311 0.234084 0.217448 0.224236 0.224283 0.241839 0.221332 0.216618 0.250037 0.230317 0.299108 0.264801 0.230865 0.241539 0.244865 0.274729 0.250062 1.253314e-01 0.871
N:12 Run:4 0.345503 0.268028 0.230719 0.260377 0.255158 0.249055 0.266825 0.326063 0.245047 0.231629 0.255546 0.25697 0.289894 0.309947 0.263696 0.252027 0.229773 0.263617 0.246781 0.245828 0.325502 1.253314e-01 0.871
N:12 Run:5 0.325985 0.256143 0.240262 0.283548 0.270267 0.278396 0.236806 0.248186 0.247437 0.230504 0.263156 0.224267 0.262035 0.238865 0.224402 0.221219 0.256597 0.268816 0.256075 0.259327 0.278743 1.253314e-01 0.871
N:12 Run:6 0.181312 0.230639 0.223126 0.248609 0.288631 0.346998 0.241497 0.228937 0.240788 0.330603 0.242579 0.255911 0.2489 0.253039 0.264662 0.259975 0.267549 0.269836 0.258816 0.242854 0.262561 1.253314e-01 0.871
N:12 Run:7 0.273802 0.238879 0.253139 0.30271 0.30406 0.325814 0.338193 0.333038 0.428413 0.447689 0.380995 0.473657 0.329809 0.260523 0.303977 0.246351 0.314915 0.277312 0.274514 0.252475 0.254896 1.253314e-01 0.871
N:12 Run:8 0.229784 0.226343 0.225902 0.214119 0.211498 0.214454 0.21833 0.217627 0.218921 0.215112 0.212291 0.208343 0.206728 0.207027 0.233142 0.24374 0.242118 0.25356 0.269143 0.261447 0.24506 1.253314e-01 0.871
N:12 Run:9 0.274623 0.244014 0.274291 0.321258 0.264052 0.293876 0.283953 0.28098 0.284868 0.307693 0.304006 0.265184 0.241386 0.249608 0.248435 0.251894 0.238148 0.253517 0.303017 0.279467 0.24715 1.253314e-01 0.871
N:13 Run:0 0.191106 0.247126 0.340063 0.610444 0.577392 0.525367 0.533488 0.581065 0.563548 0.741076 0.614955 0.430429 0.318126 0.251381 0.245712 0.232742 0.234068 0.25275 0.268714 0.241027 0.231738 1.105310e-01 0.818
N:13 Run:1 0.345503 0.268028 0.230719 0.260377 0.255158 0.249055 0.266825 0.326063 0.245047 0.231629 0.255546 0.25697 0.21307 0.237299 0.219468 0.241452 0.235786 0.237118 0.218992 0.337045 0.274418 1.105310e-01 0.818
N:13 Run:2 0.325985 0.256143 0.240262 0.283548 0.270267 0.278396 0.236806 0.248186 0.247437 0.230504 0.263156 0.224267 0.205065 0.210444 0.228335 0.252429 0.267173 0.243685 0.23072 0.225671 0.248716 1.105310e-01 0.818
N:13 Run:3 0.217029 0.224725 0.25828 0.225315 0.220311 0.234084 0.217448 0.224236 0.224283 0.241839 0.221332 0.216618 0.250037 0.230317 0.299108 0.264801 0.230865 0.241539 0.244865 0.274729 0.250062 1.105310e-01 0.818
N:13 Run:4 0.345503 0.268028 0.230719 0.260377 0.255158 0.249055 0.266825 0.326063 0.245047 0.231629 0.255546 0.25697 0.289894 0.309947 0.263696 0.252027 0.229773 0.263617 0.246781 0.245828 0.325502 1.105310e-01 0.818
N:13 Run:5 0.325985 0.256143 0.240262 0.283548 0.270267 0.278396 0.236806 0.248186 0.247437 0.230504 0.263156 0.224267 0.262035 0.238865 0.224402 0.221219 0.256597 0.268816 0.256075 0.259327 0.278743 1.105310e-01 0.818
N:13 Run:6 0.181312 0.230639 0.223126 0.248609 0.288631 0.346998 0.241497 0.228937 0.240788 0.330603 0.242579 0.255911 0.2489 0.253039 0.264662 0.259975 0.267549 0.269836 0.258816 0.242854 0.262561 1.105310e-01 0.818
N:13 Run:7 0.273802 0.238879 0.253139 0.30271 0.30406 0.325814 0.338193 0.333038 0.428413 0.447689 0.380995 0.473657 0.329809 0.260523 0.303977 0.246351 0.314915 0.277312 0.274514 0.252475 0.254896 1.105310e-01 0.818
N:13 Run:8 0.229784 0.226343 0.225902 0.214119 0.211498 0.214454 0.21833 0.217627 0.218921 0.215112 0.212291 0.208343 0.206728 0.207027 0.233142 0.24374 0.242118 0.25356 0.269143 0.261447 0.24506 1.105310e-01 0.818
N:13 Run:9 0.274623 0.244014 0.274291 0.321258 0.264052 0.293876 0.283953 0.28098 0.284868 0.307693 0.304006 0.265184 0.241386 0.249608 0.248435 0.251894 0.238148 0.253517 0.303017 0.279467 0.24715 1.105310e-01 0.818
N:14 Run:0 0.191106 0.247126 0.340063 0.610444 0.577392 0.525367 0.533488 0.581065 0.563548 0.741076 0.614955 0.430429 0.318126 0.251381 0.245712 0.232742 0.234068 0.25275 0.268714 0.241027 0.231738 1.249715e-01 0.850
N:14 Run:1 0.345503 0.268028 0.230719 0.260377 0.255158 0.249055 0.266825 0.326063 0.245047 0.231629 0.255546 0.25697 0.21307 0.237299 0.219468 0.241452 0.235786 0.237118 0.218992 0.337045 0.274418 1.249715e-01 0.850
N:14 Run:2 0.325985 0.256143 0.240262 0.283548 0.270267 0.278396 0.236806 0.248186 0.247437 0.230504 0.263156 0.224267 0.205065 0.210444 0.228335 0.252429 0.267173 0.243685 0.23072 0.225671 0.248716 1.249715e-01 0.850
N:14 Run:3 0.217029 0.224725 0.25828 0.225315 0.220311 0.234084 0.217448 0.224236 0.224283 0.241839 0.221332 0.216618 0.250037 0.230317 0.299108 0.264801 0.230865 0.241539 0.244865 0.274729 0.250062 1.249715e-01 0.850
N:14 Run:4 0.345503 0.268028 0.230719 0.260377 0.255158 0.249055 0.266825 0.326063 0.245047 0.231629 0.255546 0.25697 0.289894 0.309947 0.263696 0.252027 0.229773 0.263617 0.246781 0.245828 0.325502 1.249715e-01 0.850
N:14 Run:5 0.325985 0.256143 0.240262 0.283548 0.270267 0.278396 0.236806 0.248186 0.247437 0.230504 0.263156 0.224267 0.262035 0.238865 0.224402 0.221219 0.256597 0.268816 0.256075 0.259327 0.278743 1.249715e-01 0.850
N:14 Run:6 0.181312 0.230639 0.223126 0.248609 0.288631 0.346998 0.241497 0.228937 0.240788 0.330603 0.242579 0.255911 0.2489 0.253039 0.264662 0.259975 0.267549 0.269836 0.258816 0.242854 0.262561 1.249715e-01 0.850
N:14 Run:7 0.273802 0.238879 0.253139 0.30271 0.30406 0.325814 0.338193 0.333038 0.428413 0.447689 0.380995 0.473657 0.329809 0.260523 0.303977 0.246351 0.314915 0.277312 0.274514 0.252475 0.254896 1.249715e-01 0.850
N:14 Run:8 0.229784 0.226343 0.225902 0.214119 0.211498 0.214454 0.21833 0.217627 0.218921 0.215112 0.212291 0.208343 0.206728 0.207027 0.233142 0.24374 0.242118 0.25356 0.269143 0.261447 0.24506 1.249715e-01 0.850
N:14 Run:9 0.274623 0.244014 0.274291 0.321258 0.264052 0.293876 0.283953 0.28098 0.284868 0.307693 0.304006 0.265184 0.241386 0.249608 0.248435 0.251894 0.238148 0.253517 0.303017 0.279467 0.24715 1.249715e-01 0.850
N:15 Run:0 0.191106 0.247126 0.340063 0.610444 0.577392 0.525367 0.533488 0.581065 0.563548 0.741076 0.614955 0.430429 0.318126 0.251381 0.245712 0.232742 0.234068 0.25275 0.268714 0.241027 0.231738 1.195026e-01 0.832
N:15 Run:1 0.345503 0.268028 0.230719 0.260377 0.255158 0.249055 0.266825 0.326063 0.245047 0.231629 0.255546 0.25697 0.21307 0.237299 0.219468 0.241452 0.235786 0.237118 0.218992 0.337045 0.274418 1.195026e-01 0.832
N:15 Run:2 0.325985 0.256143 0.240262 0.283548 0.270267 0.278396 0.236806 0.248186 0.247437 0.230504 0.263156 0.224267 0.205065 0.210444 0.228335 0.252429 0.267173 0.243685 0.23072 0.225671 0.248716 1.195026e-01 0.832
N:15 Run:3 0.217029 0.224725 0.25828 0.225315 0.220311 0.234084 0.217448 0.224236 0.224283 0.241839 0.221332 0.216618 0.250037 0.230317 0.299108 0.264801 0.230865 0.241539 0.244865 0.274729 0.250062 1.195026e-01 0.832
N:15 Run:4 0.345503 0.268028 0.230719 0.260377 0.255158 0.249055 0.266825 0.326063 0.245047 0.231629 0.255546 0.25697 0.289894 0.309947 0.263696 0.252027 0.229773 0.263617 0.246781 0.245828 0.325502 1.195026e-01 0.832
N:15 Run:5 0.325985 0.256143 0.240262 0.283548 0.270267 0.278396 0.236806 0.248186 0.247437 0.230504 0.263156 0.224267 0.262035 0.238865 0.224402 0.221219 0.256597 0.268816 0.256075 0.259327 0.278743 1.195026e-01 0.832
N:15 Run:6 0.181312 0.230639 0.223126 0.248609 0.288631 0.346998 0.241497 0.228937 0.240788 0.330603 0.242579 0.255911 0.2489 0.253039 0.264662 0.259975 0.267549 0.269836 0.258816 0.242854 0.262561 1.195026e-01 0.832
N:15 Run:7 0.273802 0.238879 0.253139 0.30271 0.30406 0.325814 0.338193 0.333038 0.428413 0.447689 0.380995 0.473657 0.329809 0.260523 0.303977 0.246351 0.314915 0.277312 0.274514 0.252475 0.254896 1.195026e-01 0.832
N:15 Run:8 0.229784 0.226343 0.225902 0.214119 0.211498 0.214454 0.21833 0.217627 0.218921 0.215112 0.212291 0.208343 0.206728 0.207027 0.233142 0.24374 0.242118 0.25356 0.269143 0.261447 0.24506 1.195026e-01 0.832
N:15 Run:9 0.274623 0.244014 0.274291 0.321258 0.264052 0.293876 0.283953 0.28098 0.284868 0.307693 0.304006 0.265184 0.241386 0.249608 0.248435 0.251894 0.238148 0.253517 0.303017 0.279467 0.24715 1.195026e-01 0.832
N:16 Run:0 0.191106 0.247126 0.340063 0.610444 0.577392 0.525367 0.533488 0.581065 0.563548 0.741076 0.614955 0.430429 0.318126 0.251381 0.245712 0.232742 0.234068 0.25275 0.268714 0.241027 0.231738 1.256718e-01 0.837
N:16 Run:1 0.345503 0.268028 0.230719 0.260377 0.255158 0.249055 0.266825 0.326063 0.245047 0.231629 0.255546 0.25697 0.21307 0.237299 0.219468 0.241452 0.235786 0.237118 0.218992 0.337045 0.274418 1.256718e-01 0.837
N:16 Run:2 0.325985 0.256143 0.240262 0.283548 0.270267 0.278396 0.236806 0.248186 0.247437 0.230504 0.263156 0.224267 0.205065 0.210444 0.228335 0.252429 0.267173 0.243685 0.23072 0.225671 0.248716 1.256718e-01 0.837
N:16 Run:3 0.217029 0.224725 0.25828 0.225315 0.220311 0.234084 0.217448 0.224236 0.224283 0.241839 0.221332 0.216618 0.250037 0.230317 0.299108 0.264801 0.230865 0.241539 0.244865 0.274729 0.250062 1.256718e-01 0.837
N:16 Run:4 0.345503 0.268028 0.230719 0.260377 0.255158 0.249055 0.266825 0.326063 0.245047 0.231629 0.255546 0.25697 0.289894 0.309947 0.263696 0.252027 0.229773 0.263617 0.246781 0.245828 0.325502 1.256718e-01 0.837
N:16 Run:5 0.325985 0.256143 0.240262 0.283548 0.270267 0.278396 0.236806 0.248186 0.247437 0.230504 0.263156 0.224267 0.262035 0.238865 0.224402 0.221219 0.256597 0.268816 0.256075 0.259327 0.278743 1.256718e-01 0.837
N:16 Run:6 0.181312 0.230639 0.223126 0.248609 0.288631 0.346998 0.241497 0.228937 0.240788 0.330603 0.242579 0.255911 0.2489 0.253039 0.264662 0.259975 0.267549 0.269836 0.258816 0.242854 0.262561 1.256718e-01 0.837
N:16 Run:7 0.273802 0.238879 0.253139 0.30271 0.30406 0.325814 0.338193 0.333038 0.428413 0.447689 0.380995 0.473657 0.329809 0.260523 0.303977 0.246351 0.314915 0.277312 0.274514 0.252475 0.254896 1.256718e-01 0.837
N:16 Run:8 0.229784 0.226343 0.225902 0.214119 0.211498 0.214454 0.21833 0.217627 0.218921 0.215112 0.212291 0.208343 0.206728 0.207027 0.233142 0.24374 0.242118 0.25356 0.269143 0.261447 0.24506 1.256718e-01 0.837
N:16 Run:9 0.274623 0.244014 0.274291 0.321258 0.264052 0.293876 0.283953 0.28098 0.284868 0.307693 0.304006 0.265184 0.241386 0.249608 0.248435 0.251894 0.238148 0.253517 0.303017 0.279467 0.24715 1.256718e-01 0.837
N:17 Run:0 0.191106 0.247126 0.340063 0.610444 0.577392 0.525367 0.533488 0.581065 0.563548 0.741076 0.614955 0.430429 0.318126 0.251381 0.245712 0.232742 0.234068 0.25275 0.268714 0.241027 0.231738 1.129610e-01 0.828
N:17 Run:1 0.345503 0.268028 0.230719 0.260377 0.255158 0.249055 0.266825 0.326063 0.245047 0.231629 0.255546 0.25697 0.21307 0.237299 0.219468 0.241452 0.235786 0.237118 0.218992 0.337045 0.274418 1.129610e-01 0.828
N:17 Run:2 0.325985 0.256143 0.240262 0.283548 0.270267 0.278396 0.236806 0.248186 0.247437 0.230504 0.263156 0.224267 0.205065 0.210444 0.228335 0.252429 0.267173 0.243685 0.23072 0.225671 0.248716 1.129610e-01 0.828
N:17 Run:3 0.217029 0.224725 0.25828 0.225315 0.220311 0.234084 0.217448 0.224236 0.224283 0.241839 0.221332 0.216618 0.250037 0.230317 0.299108 0.264801 0.230865 0.241539 0.244865 0.274729 0.250062 1.129610e-01 0.828
N:17 Run:4 0.345503 0.268028 0.230719 0.260377 0.255158 0.249055 0.266825 0.326063 0.245047 0.231629 0.255546 0.25697 0.289894 0.309947 0.263696 0.252027 0.229773 0.263617 0.246781 0.245828 0.325502 1.129610e-01 0.828
N:17 Run:5 0.325985 0.256143 0.240262 0.283548 0.270267 0.278396 0.236806 0.248186 0.247437 0.230504 0.263156 0.224267 0.262035 0.238865 0.224402 0.221219 0.256597 0.268816 0.256075 0.259327 0.278743 1.129610e-01 0.828
N:17 Run:6 0.181312 0.230639 0.223126 0.248609 0.288631 0.346998 0.241497 0.228937 0.240788 0.330603 0.242579 0.255911 0.2489 0.253039 0.264662 0.259975 0.267549 0.269836 0.258816 0.242854 0.262561 1.129610e-01 0.828
N:17 Run:7 0.273802 0.238879 0.253139 0.30271 0.30406 0.325814 0.338193 0.333038 0.428413 0.447689 0.380995 0.473657 0.329809 0.260523 0.303977 0.246351 0.314915 0.277312 0.274514 0.252475 0.254896 1.129610e-01 0.828
N:17 Run:8 0.229784 0.226343 0.225902 0.214119 0.211498 0.214454 0.21833 0.217627 0.218921 0.215112 0.212291 0.208343 0.206728 0.207027 0.233142 0.24374 0.242118 0.25356 0.269143 0.261447 0.24506 1.129610e-01 0.828
N:17 Run:9 0.274623 0.244014 0.274291 0.321258 0.264052 0.293876 0.283953 0.28098 0.284868 0.307693 0.304006 0.265184 0.241386 0.249608 0.248435 0.251894 0.238148 0.253517 0.303017 0.279467 0.24715 1.129610e-01 0.828
N:18 Run:0 0.191106 0.247126 0.340063 0.610444 0.577392 0.525367 0.533488 0.581065 0.563548 0.741076 0.614955 0.430429 0.318126 0.251381 0.245712 0.232742 0.234068 0.25275 0.268714 0.241027 0.231738 1.206968e-01 0.867
N:18 Run:1 0.345503 0.268028 0.230719 0.260377 0.255158 0.249055 0.266825 0.326063 0.245047 0.231629 0.255546 0.25697 0.21307 0.237299 0.219468 0.241452 0.235786 0.237118 0.218992 0.337045 0.274418 1.206968e-01 0.867
N:18 Run:2 0.325985 0.256143 0.240262 0.283548 0.270267 0.278396 0.236806 0.248186 0.247437 0.230504 0.263156 0.224267 0.205065 0.210444 0.228335 0.252429 0.267173 0.243685 0.23072 0.225671 0.248716 1.206968e-01 0.867
N:18 Run:3 0.217029 0.224725 0.25828 0.225315 0.220311 0.234084 0.217448 0.224236 0.224283 0.241839 0.221332 0.216618 0.250037 0.230317 0.299108 0.264801 0.230865 0.241539 0.244865 0.274729 0.250062 1.206968e-01 0.867
N:18 Run:4 0.345503 0.268028 0.230719 0.260377 0.255158 0.249055 0.266825 0.326063 0.245047 0.231629 0.255546 0.25697 0.289894 0.309947 0.263696 0.252027 0.229773 0.263617 0.246781 0.245828 0.325502 1.206968e-01 0.867
N:18 Run:5 0.325985 0.256143 0.240262 0.283548 0.270267 0.278396 0.236806 0.248186 0.247437 0.230504 0.263156 0.224267 0.262035 0.238865 0.224402 0.221219 0.256597 0.268816 0.256075 0.259327 0.278743 1.206968e-01 0.867
N:18 Run:6 0.181312 0.230639 0.223126 0.248609 0.288631 0.346998 0.241497 0.228937 0.240788 0.330603 0.242579 0.255911 0.2489 0.253039 0.264662 0.259975 0.267549 0.269836 0.258816 0.242854 0.262561 1.206968e-01 0.867
N:18 Run:7 0.273802 0.238879 0.253139 0.30271 0.30406 0.325814 0.338193 0.333038 0.428413 0.447689 0.380995 0.473657 0.329809 0.260523 0.303977 0.246351 0.314915 0.277312 0.274514 0.252475 0.254896 1.206968e-01 0.867
N:18 Run:8 0.229784 0.226343 0.225902 0.214119 0.211498 0.214454 0.21833 0.217627 0.218921 0.215112 0.212291 0.208343 0.206728 0.207027 0.233142 0.24374 0.242118 0.25356 0.269143 0.261447 0.24506 1.206968e-01 0.867
N:18 Run:9 0.274623 0.244014 0.274291 0.321258 0.264052 0.293876 0.283953 0.28098 0.284868 0.307693 0.304006 0.265184 0.241386 0.249608 0.248435 0.251894 0.238148 0.253517 0.303017 0.279467 0.24715 1.206968e-01 0.867
N:19 Run:0 0.191106 0.22727 0.376229 0.457471 0.596304 0.56362 0.51678 0.571795 0.579044 0.594822 0.648384 0.58343 0.305333 0.258764 0.235684 0.23782 0.245466 0.226353 0.236104 0.240389 0.231796 1.054934e-01 0.866
N:19 Run:1 0.345503 0.230381 0.250326 0.296113 0.312881 0.29028 0.308049 0.354091 0.2732 0.252273 0.323926 0.288008 0.232476 0.230759 0.220817 0.216509 0.228857 0.226458 0.219655 0.297107 0.263492 1.054934e-01 0.866
N:19 Run:2 0.325985 0.240472 0.261778 0.288289 0.358176 0.364767 0.282836 0.341714 0.284298 0.258442 0.303452 0.252595 0.201548 0.203664 0.202267 0.231085 0.269272 0.251187 0.223891 0.228576 0.230211 1.054934e-01 0.866
N:19 Run:3 0.217029 0.22049 0.237286 0.21752 0.226627 0.252977 0.239338 0.263305 0.274533 0.304856 0.227981 0.248424 0.269917 0.235856 0.266084 0.237034 0.232454 0.236627 0.233468 0.254278 0.288299 1.054934e-01 0.866
N:19 Run:4 0.345503 0.230381 0.250326 0.296113 0.312881 0.29028 0.308049 0.354091 0.2732 0.252273 0.323926 0.288008 0.259548 0.243968 0.231013 0.213858 0.212694 0.234304 0.221084 0.228562 0.261918 1.054934e-01 0.866
N:19 Run:5 0.325985 0.240472 0.261778 0.288289 0.358176 0.364767 0.282836 0.341714 0.284298 0.258442 0.303452 0.252595 0.257422 0.232261 0.221415 0.231677 0.237828 0.258178 0.221107 0.223014 0.262308 1.054934e-01 0.866
N:19 Run:6 0.181312 0.243718 0.226212 0.229146 0.25578 0.273376 0.239242 0.231572 0.261425 0.318208 0.269467 0.289989 0.259015 0.251511 0.230825 0.255913 0.243672 0.22851 0.2245 0.229981 0.239431 1.054934e-01 0.866
N:19 Run:7 0.273802 0.226924 0.234387 0.259116 0.309266 0.305624 0.339715 0.337685 0.363297 0.357561 0.353792 0.44301 0.339611 0.338817 0.288129 0.233381 0.262778 0.278128 0.245726 0.225776 0.233205 1.054934e-01 0.866
N:19 Run:8 0.229784 0.227228 0.223597 0.214713 0.220584 0.209925 0.214384 0.214802 0.213463 0.214317 0.214744 0.218964 0.210827 0.207503 0.228255 0.215785 0.208825 0.238221 0.234483 0.237633 0.232655 1.054934e-01 0.866
N:19 Run:9 0.274623 0.236048 0.28722 0.292429 0.281239 0.288483 0.316952 0.27811 0.277223 0.304171 0.285293 0.278429 0.228377 0.218556 0.20449 0.223255 0.218385 0.224921 0.266572 0.246504 0.246503 1.054934e-01 0.866
N:20 Run:0 0.191106 0.22727 0.376229 0.457471 0.596304 0.56362 0.51678 0.571795 0.579044 0.594822 0.648384 0.58343 0.305333 0.258764 0.235684 0.23782 0.245466 0.226353 0.236104 0.240389 0.231796 1.193306e-01 0.848
N:20 Run:1 0.345503 0.230381 0.250326 0.296113 0.312881 0.29028 0.308049 0.354091 0.2732 0.252273 0.323926 0.288008 0.232476 0.230759 0.220817 0.216509 0.228857 0.226458 0.219655 0.297107 0.263492 1.193306e-01 0.848
N:20 Run:2 0.325985 0.240472 0.261778 0.288289 0.358176 0.364767 0.282836 0.341714 0.284298 0.258442 0.303452 0.252595 0.201548 0.203664 0.202267 0.231085 0.269272 0.251187 0.223891 0.228576 0.230211 1.193306e-01 0.848
N:20 Run:3 0.217029 0.22049 0.237286 0.21752 0.226627 0.252977 0.239338 0.263305 0.274533 0.304856 0.227981 0.248424 0.269917 0.235856 0.266084 0.237034 0.232454 0.236627 0.233468 0.254278 0.288299 1.193306e-01 0.848
N:20 Run:4 0.345503 0.230381 0.250326 0.296113 0.312881 0.29028 0.308049 0.354091 0.2732 0.252273 0.323926 0.288008 0.259548 0.243968 0.231013 0.213858 0.212694 0.234304 0.221084 0.228562 0.261918 1.193306e-01 0.848
N:20 Run:5 0.325985 0.240472 0.261778 0.288289 0.358176 0.364767 0.282836 0.341714 0.284298 0.258442 0.303452 0.252595 0.257422 0.232261 0.221415 0.231677 0.237828 0.258178 0.221107 0.223014 0.262308 1.193306e-01 0.848
N:20 Run:6 0.181312 0.243718 0.226212 0.229146 0.25578 0.273376 0.239242 0.231572 0.261425 0.318208 0.269467 0.289989 0.259015 0.251511 0.230825 0.255913 0.243672 0.22851 0.2245 0.229981 0.239431 1.193306e-01 0.848
N:20 Run:7 0.273802 0.226924 0.234387 0.259116 0.309266 0.305624 0.339715 0.337685 0.363297 0.357561 0.353792 0.44301 0.339611 0.338817 0.288129 0.233381 0.262778 0.278128 0.245726 0.225776 0.233205 1.193306e-01 0.848
N:20 Run:8 0.229784 0.227228 0.223597 0.214713 0.220584 0.209925 0.214384 0.214802 0.213463 0.214317 0.214744 0.218964 0.210827 0.207503 0.228255 0.215785 0.208825 0.238221 0.234483 0.237633 0.232655 1.193306e-01 0.848
N:20 Run:9 0.274623 0.236048 0.28722 0.292429 0.281239 0.288483 0.316952 0.27811 0.277223 0.304171 0.285293 0.278429 0.228377 0.218556 0.20449 0.223255 0.218385 0.224921 0.266572 0.246504 0.246503 1.193306e-01 0.848
N:21 Run:0 0.191106 0.22727 0.376229 0.457471 0.596304 0.56362 0.51678 0.571795 0.579044 0.594822 0.648384 0.58343 0.305333 0.258764 0.235684 0.23782 0.245466 0.226353 0.236104 0.240389 0.231796 1.197988e-01 0.877
N:21 Run:1 0.345503 0.230381 0.250326 0.296113 0.312881 0.29028 0.308049 0.354091 0.2732 0.252273 0.323926 0.288008 0.232476 0.230759 0.220817 0.216509 0.228857 0.226458 0.219655 0.297107 0.263492 1.197988e-01 0.877
N:21 Run:2 0.325985 0.240472 0.261778 0.288289 0.358176 0.364767 0.282836 0.341714 0.284298 0.258442 0.303452 0.252595 0.201548 0.203664 0.202267 0.231085 0.269272 0.251187 0.223891 0.228576 0.230211 1.197988e-01 0.877
N:21 Run:3 0.217029 0.22049 0.237286 0.21752 0.226627 0.252977 0.239338 0.263305 0.274533 0.304856 0.227981 0.248424 0.269917 0.235856 0.266084 0.237034 0.232454 0.236627 0.233468 0.254278 0.288299 1.197988e-01 0.877
N:21 Run:4 0.345503 0.230381 0.250326 0.296113 0.312881 0.29028 0.308049 0.354091 0.2732 0.252273 0.323926 0.288008 0.259548 0.243968 0.231013 0.213858 0.212694 0.234304 0.221084 0.228562 0.261918 1.197988e-01 0.877
N:21 Run:5 0.325985 0.240472 0.261778 0.288289 0.358176 0.364767 0.282836 0.341714 0.284298 0.258442 0.303452 0.252595 0.257422 0.232261 0.221415 0.231677 0.237828 0.258178 0.221107 0.223014 0.262308 1.197988e-01 0.877
N:21 Run:6 0.181312 0.243718 0.226212 0.229146 0.25578 0.273376 0.239242 0.231572 0.261425 0.318208 0.269467 0.289989 0.259015 0.251511 0.230825 0.255913 0.243672 0.22851 0.2245 0.229981 0.239431 1.197988e-01 0.877
N:21 Run:7 0.273802 0.226924 0.234387 0.259116 0.309266 0.305624 0.339715 0.337685 0.363297 0.357561 0.353792 0.44301 0.339611 0.338817 0.288129 0.233381 0.262778 0.278128 0.245726 0.225776 0.233205 1.197988e-01 0.877
N:21 Run:8 0.229784 0.227228 0.223597 0.214713 0.220584 0.209925 0.214384 0.214802 0.213463 0.214317 0.214744 0.218964 0.210827 0.207503 0.228255 0.215785 0.208825 0.238221 0.234483 0.237633 0.232655 1.197988e-01 0.877
N:21 Run:9 0.274623 0.236048 0.28722 0.292429 0.281239 0.288483 0.316952 0.27811 0.277223 0.304171 0.285293 0.278429 0.228377 0.218556 0.20449 0.223255 0.218385 0.224921 0.266572 0.246504 0.246503 1.197988e-01 0.877
N:22 Run:0 0.191106 0.22727 0.376229 0.457471 0.596304 0.56362 0.51678 0.571795 0.579044 0.594822 0.648384 0.58343 0.305333 0.258764 0.235684 0.23782 0.245466 0.226353 0.236104 0.240389 0.231796 1.228136e-01 0.874
N:22 Run:1 0.345503 0.230381 0.250326 0.296113 0.312881 0.29028 0.308049 0.354091 0.2732 0.252273 0.323926 0.288008 0.232476 0.230759 0.220817 0.216509 0.228857 0.226458 0.219655 0.297107 0.263492 1.228136e-01 0.874
N:22 Run:2 0.325985 0.240472 0.261778 0.288289 0.358176 0.364767 0.282836 0.341714 0.284298 0.258442 0.303452 0.252595 0.201548 0.203664 0.202267 0.231085 0.269272 0.251187 0.223891 0.228576 0.230211 1.228136e-01 0.874
N:22 Run:3 0.217029 0.22049 0.237286 0.21752 0.226627 0.252977 0.239338 0.263305 0.274533 0.304856 0.227981 0.248424 0.269917 0.235856 0.266084 0.237034 0.232454 0.236627 0.233468 0.254278 0.288299 1.228136e-01 0.874
N:22 Run:4 0.345503 0.230381 0.250326 0.296113 0.312881 0.29028 0.308049 0.354091 0.2732 0.252273 0.323926 0.288008 0.259548 0.243968 0.231013 0.213858 0.212694 0.234304 0.221084 0.228562 0.261918 1.228136e-01 0.874
N:22 Run:5 0.325985 0.240472 0.261778 0.288289 0.358176 0.364767 0.282836 0.341714 0.284298 0.258442 0.303452 0.252595 0.257422 0.232261 0.221415 0.231677 0.237828 0.258178 0.221107 0.223014 0.262308 1.228136e-01 0.874
N:22 Run:6 0.181312 0.243718 0.226212 0.229146 0.25578 0.273376 0.239242 0.231572 0.261425 0.318208 0.269467 0.289989 0.259015 0.251511 0.230825 0.255913 0.243672 0.22851 0.2245 0.229981 0.239431 1.228136e-01 0.874
N:22 Run:7 0.273802 0.226924 0.234387 0.259116 0.309266 0.305624 0.339715 0.337685 0.363297 0.357561 0.353792 0.44301 0.339611 0.338817 0.288129 0.233381 0.262778 0.278128 0.245726 0.225776 0.233205 1.228136e-01 0.874
N:22 Run:8 0.229784 0.227228 0.223597 0.214713 0.220584 0.209925 0.214384 0.214802 0.213463 0.214317 0.214744 0.218964 0.210827 0.207503 0.228255 0.215785 0.208825 0.238221 0.234483 0.237633 0.232655 1.228136e-01 0.874
N:22 Run:9 0.274623 0.236048 0.28722 0.292429 0.281239 0.288483 0.316952 0.27811 0.277223 0.304171 0.285293 0.278429 0.228377 0.218556 0.20449 0.223255 0.218385 0.224921 0.266572 0.246504 0.246503 1.228136e-01 0.874
N:23 Run:0 0.191106 0.22727 0.376229 0.457471 0.596304 0.56362 0.51678 0.571795 0.579044 0.594822 0.648384 0.58343 0.305333 0.258764 0.235684 0.23782 0.245466 0.226353 0.236104 0.240389 0.231796 1.134180e-01 0.830
N:23 Run:1 0.345503 0.230381 0.250326 0.296113 0.312881 0.29028 0.308049 0.354091 0.2732 0.252273 0.323926 0.288008 0.232476 0.230759 0.220817 0.216509 0.228857 0.226458 0.219655 0.297107 0.263492 1.134180e-01 0.830
N:23 Run:2 0.325985 0.240472 0.261778 0.288289 0.358176 0.364767 0.282836 0.341714 0.284298 0.258442 0.303452 0.252595 0.201548 0.203664 0.202267 0.231085 0.269272 0.251187 0.223891 0.228576 0.230211 1.134180e-01 0.830
N:23 Run:3 0.217029 0.22049 0.237286 0.21752 0.226627 0.252977 0.239338 0.263305 0.274533 0.304856 0.227981 0.248424 0.269917 0.235856 0.266084 0.237034 0.232454 0.236627 0.233468 0.254278 0.288299 1.134180e-01 0.830
N:23 Run:4 0.345503 0.230381 0.250326 0.296113 0.312881 0.29028 0.308049 0.354091 0.2732 0.252273 0.323926 0.288008 0.259548 0.243968 0.231013 0.213858 0.212694 0.234304 0.221084 0.228562 0.261918 1.134180e-01 0.830
N:23 Run:5 0.325985 0.240472 0.261778 0.288289 0.358176 0.364767 0.282836 0.341714 0.284298 0.258442 0.303452 0.252595 0.257422 0.232261 0.221415 0.231677 0.237828 0.258178 0.221107 0.223014 0.262308 1.134180e-01 0.830
N:23 Run:6 0.181312 0.243718 0.226212 0.229146 0.25578 0.273376 0.239242 0.231572 0.261425 0.318208 0.269467 0.289989 0.259015 0.251511 0.230825 0.255913 0.243672 0.22851 0.2245 0.229981 0.239431 1.134180e-01 0.830
N:23 Run:7 0.273802 0.226924 0.234387 0.259116 0.309266 0.305624 0.339715 0.337685 0.363297 0.357561 0.353792 0.44301 0.339611 0.338817 0.288129 0.233381 0.262778 0.278128 0.245726 0.225776 0.233205 1.134180e-01 0.830
N:23 Run:8 0.229784 0.227228 0.223597 0.214713 0.220584 0.209925 0.214384 0.214802 0.213463 0.214317 0.214744 0.218964 0.210827 0.207503 0.228255 0.215785 0.208825 0.238221 0.234483 0.237633 0.232655 1.134180e-01 0.830
N:23 Run:9 0.274623 0.236048 0.28722 0.292429 0.281239 0.288483 0.316952 0.27811 0.277223 0.304171 0.285293 0.278429 0.228377 0.218556 0.20449 0.223255 0.218385 0.224921 0.266572 0.246504 0.246503 1.134180e-01 0.830
N:24 Run:0 0.191106 0.22727 0.376229 0.457471 0.596304 0.56362 0.51678 0.571795 0.579044 0.594822 0.648384 0.58343 0.305333 0.258764 0.235684 0.23782 0.245466 0.226353 0.236104 0.240389 0.231796 1.175607e-01 0.841
N:24 Run:1 0.345503 0.230381 0.250326 0.296113 0.312881 0.29028 0.308049 0.354091 0.2732 0.252273 0.323926 0.288008 0.232476 0.230759 0.220817 0.216509 0.228857 0.226458 0.219655 0.297107 0.263492 1.175607e-01 0.841
N:24 Run:2 0.325985 0.240472 0.261778 0.288289 0.358176 0.364767 0.282836 0.341714 0.284298 0.258442 0.303452 0.252595 0.201548 0.203664 0.202267 0.231085 0.269272 0.251187 0.223891 0.228576 0.230211 1.175607e-01 0.841
N:24 Run:3 0.217029 0.22049 0.237286 0.21752 0.226627 0.252977 0.239338 0.263305 0.274533 0.304856 0.227981 0.248424 0.269917 0.235856 0.266084 0.237034 0.232454 0.236627 0.233468 0.254278 0.288299 1.175607e-01 0.841
N:24 Run:4 0.345503 0.230381 0.250326 0.296113 0.312881 0.29028 0.308049 0.354091 0.2732 0.252273 0.323926 0.288008 0.259548 0.243968 0.231013 0.213858 0.212694 0.234304 0.221084 0.228562 0.261918 1.175607e-01 0.841
N:24 Run:5 0.325985 0.240472 0.261778 0.288289 0.358176 0.364767 0.282836 0.341714 0.284298 0.258442 0.303452 0.252595 0.257422 0.232261 0.221415 0.231677 0.237828 0.258178 0.221107 0.223014 0.262308 1.175607e-01 0.841
N:24 Run:6 0.181312 0.243718 0.226212 0.229146 0.25578 0.273376 0.239242 0.231572 0.261425 0.318208 0.269467 0.289989 0.259015 0.251511 0.230825 0.255913 0.243672 0.22851 0.2245 0.229981 0.239431 1.175607e-01 0.841
N:24 Run:7 0.273802 0.226924 0.234387 0.259116 0.309266 0.305624 0.339715 0.337685 0.363297 0.357561 0.353792 0.44301 0.339611 0.338817 0.288129 0.233381 0.262778 0.278128 0.245726 0.225776 0.233205 1.175607e-01 0.841
N:24 Run:8 0.229784 0.227228 0.223597 0.214713 0.220584 0.209925 0.214384 0.214802 0.213463 0.214317 0.214744 0.218964 0.210827 0.207503 0.228255 0.215785 0.208825 0.238221 0.234483 0.237633 0.232655 1.175607e-01 0.841
N:24 Run:9 0.274623 0.236048 0.28722 0.292429 0.281239 0.288483 0.316952 0.27811 0.277223 0.304171 0.285293 0.278429 0.228377 0.218556 0.20449 0.223255 0.218385 0.224921 0.266572 0.246504 0.246503 1.175607e-01 0.841
N:25 Run:0 0.191106 0.22727 0.376229 0.457471 0.596304 0.56362 0.51678 0.571795 0.579044 0.594822 0.648384 0.58343 0.305333 0.258764 0.235684 0.23782 0.245466 0.226353 0.236104 0.240389 0.231796 1.089923e-01 0.832
N:25 Run:1 0.345503 0.230381 0.250326 0.296113 0.312881 0.29028 0.308049 0.354091 0.2732 0.252273 0.323926 0.288008 0.232476 0.230759 0.220817 0.216509 0.228857 0.226458 0.219655 0.297107 0.263492 1.089923e-01 0.832
N:25 Run:2 0.325985 0.240472 0.261778 0.288289 0.358176 0.364767 0.282836 0.341714 0.284298 0.258442 0.303452 0.252595 0.201548 0.203664 0.202267 0.231085 0.269272 0.251187 0.223891 0.228576 0.230211 1.089923e-01 0.832
N:25 Run:3 0.217029 0.22049 0.237286 0.21752 0.226627 0.252977 0.239338 0.263305 0.274533 0.304856 0.227981 0.248424 0.269917 0.235856 0.266084 0.237034 0.232454 0.236627 0.233468 0.254278 0.288299 1.089923e-01 0.832
N:25 Run:4 0.345503 0.230381 0.250326 0.296113 0.312881 0.29028 0.308049 0.354091 0.2732 0.252273 0.323926 0.288008 0.259548 0.243968 0.231013 0.213858 0.212694 0.234304 0.221084 0.228562 0.261918 1.089923e-01 0.832
N:25 Run:5 0.325985 0.240472 0.261778 0.288289 0.358176 0.364767 0.282836 0.341714 0.284298 0.258442 0.303452 0.252595 0.257422 0.232261 0.221415 0.231677 0.237828 0.258178 0.221107 0.223014 0.262308 1.089923e-01 0.832
N:25 Run:6 0.181312 0.243718 0.226212 0.229146 0.25578 0.273376 0.239242 0.231572 0.261425 0.318208 0.269467 0.289989 0.259015 0.251511 0.230825 0.255913 0.243672 0.22851 0.2245 0.229981 0.239431 1.089923e-01 0.832
N:25 Run:7 0.273802 0.226924 0.234387 0.259116 0.309266 0.305624 0.339715 0.337685 0.363297 0.357561 0.353792 0.44301 0.339611 0.338817 0.288129 0.233381 0.262778 0.278128 0.245726 0.225776 0.233205 1.089923e-01 0.832
N:25 Run:8 0.229784 0.227228 0.223597 0.214713 0.220584 0.209925 0.214384 0.214802 0.213463 0.214317 0.214744 0.218964 0.210827 0.207503 0.228255 0.215785 0.208825 0.238221 0.234483 0.237633 0.232655 1.089923e-01 0.832
N:25 Run:9 0.274623 0.236048 0.28722 0.292429 0.281239 0.288483 0.316952 0.27811 0.277223 0.304171 0.285293 0.278429 0.228377 0.218556 0.20449 0.223255 0.218385 0.224921 0.266572 0.246504 0.246503 1.089923e-01 0.832
N:26 Run:0 0.191106 0.22727 0.376229 0.457471 0.596304 0.56362 0.51678 0.571795 0.579044 0.594822 0.648384 0.58343 0.305333 0.258764 0.235684 0.23782 0.245466 0.226353 0.236104 0.240389 0.231796 1.175142e-01 0.850
N:26 Run:1 0.345503 0.230381 0.250326 0.296113 0.312881 0.29028 0.308049 0.354091 0.2732 0.252273 0.323926 0.288008 0.232476 0.230759 0.220817 0.216509 0.228857 0.226458 0.219655 0.297107 0.263492 1.175142e-01 0.850
N:26 Run:2 0.325985 0.240472 0.261778 0.288289 0.358176 0.364767 0.282836 0.341714 0.284298 0.258442 0.303452 0.252595 0.201548 0.203664 0.202267 0.231085 0.269272 0.251187 0.223891 0.228576 0.230211 1.175142e-01 0.850
N:26 Run:3 0.217029 0.22049 0.237286 0.21752 0.226627 0.252977 0.239338 0.263305 0.274533 0.304856 0.227981 0.248424 0.269917 0.235856 0.266084 0.237034 0.232454 0.236627 0.233468 0.254278 0.288299 1.175142e-01 0.850
N:26 Run:4 0.345503 0.230381 0.250326 0.296113 0.312881 0.29028 0.308049 0.354091 0.2732 0.252273 0.323926 0.288008 0.259548 0.243968 0.231013 0.213858 0.212694 0.234304 0.221084 0.228562 0.261918 1.175142e-01 0.850
N:26 Run:5 0.325985 0.240472 0.261778 0.288289 0.358176 0.364767 0.282836 0.341714 0.284298 0.258442 0.303452 0.252595 0.257422 0.232261 0.221415 0.231677 0.237828 0.258178 0.221107 0.223014 0.262308 1.175142e-01 0.850
N:26 Run:6 0.181312 0.243718 0.226212 0.229146 0.25578 0.273376 0.239242 0.231572 0.261425 0.318208 0.269467 0.289989 0.259015 0.251511 0.230825 0.255913 0.243672 0.22851 0.2245 0.229981 0.239431 1.175142e-01 0.850
N:26 Run:7 0.273802 0.226924 0.234387 0.259116 0.309266 0.305624 0.339715 0.337685 0.363297 0.357561 0.353792 0.44301 0.339611 0.338817 0.288129 0.233381 0.262778 0.278128 0.245726 0.225776 0.233205 1.175142e-01 0.850
N:26 Run:8 0.229784 0.227228 0.223597 0.214713 0.220584 0.209925 0.214384 0.214802 0.213463 0.214317 0.214744 0.218964 0.210827 0.207503 0.228255 0.215785 0.208825 0.238221 0.234483 0.237633 0.232655 1.175142e-01 0.850
N:26 Run:9 0.274623 0.236048 0.28722 0.292429 0.281239 0.288483 0.316952 0.27811 0.277223 0.304171 0.285293 0.278429 0.228377 0.218556 0.20449 0.223255 0.218385 0.224921 0.266572 0.246504 0.246503 1.175142e-01 0.850
N:27 Run:0 0.191106 0.22727 0.376229 0.457471 0.596304 0.56362 0.51678 0.571795 0.579044 0.594822 0.648384 0.58343 0.305333 0.258764 0.235684 0.23782 0.245466 0.226353 0.236104 0.240389 0.231796 1.186627e-01 0.881
N:27 Run:1 0.345503 0.230381 0.250326 0.296113 0.312881 0.29028 0.308049 0.354091 0.2732 0.252273 0.323926 0.288008 0.232476 0.230759 0.220817 0.216509 0.228857 0.226458 0.219655 0.297107 0.263492 1.186627e-01 0.881
N:27 Run:2 0.325985 0.240472 0.261778 0.288289 0.358176 0.364767 0.282836 0.341714 0.284298 0.258442 0.303452 0.252595 0.201548 0.203664 0.202267 0.231085 0.269272 0.251187 0.223891 0.228576 0.230211 1.186627e-01 0.881
N:27 Run:3 0.217029 0.22049 0.237286 0.21752 0.226627 0.252977 0.239338 0.263305 0.274533 0.304856 0.227981 0.248424 0.269917 0.235856 0.266084 0.237034 0.232454 0.236627 0.233468 0.254278 0.288299 1.186627e-01 0.881
N:27 Run:4 0.345503 0.230381 0.250326 0.296113 0.312881 0.29028 0.308049 0.354091 0.2732 0.252273 0.323926 0.288008 0.259548 0.243968 0.231013 0.213858 0.212694 0.234304 0.221084 0.228562 0.261918 1.186627e-01 0.881
N:27 Run:5 0.325985 0.240472 0.261778 0.288289 0.358176 0.364767 0.282836 0.341714 0.284298 0.258442 0.303452 0.252595 0.257422 0.232261 0.221415 0.231677 0.237828 0.258178 0.221107 0.223014 0.262308 1.186627e-01 0.881
N:27 Run:6 0.181312 0.243718 0.226212 0.229146 0.25578 0.273376 0.239242 0.231572 0.261425 0.318208 0.269467 0.289989 0.259015 0.251511 0.230825 0.255913 0.243672 0.22851 0.2245 0.229981 0.239431 1.186627e-01 0.881
N:27 Run:7 0.273802 0.226924 0.234387 0.259116 0.309266 0.305624 0.339715 0.337685 0.363297 0.357561 0.353792 0.44301 0.339611 0.338817 0.288129 0.233381 0.262778 0.278128 0.245726 0.225776 0.233205 1.186627e-01 0.881
N:27 Run:8 0.229784 0.227228 0.223597 0.214713 0.220584 0.209925 0.214384 0.214802 0.213463 0.214317 0.214744 0.218964 0.210827 0.207503 0.228255 0.215785 0.208825 0.238221 0.234483 0.237633 0.232655 1.186627e-01 0.881
N:27 Run:9 0.274623 0.236048 0.28722 0.292429 0.281239 0.288483 0.316952 0.27811 0.277223 0.304171 0.285293 0.278429 0.228377 0.218556 0.20449 0.223255 0.218385 0.224921 0.266572 0.246504 0.246503 1.186627e-01 0.881
N:28 Run:0 0.191106 0.22727 0.376229 0.457471 0.596304 0.56362 0.51678 0.571795 0.579044 0.594822 0.648384 0.58343 0.305333 0.258764 0.235684 0.23782 0.245466 0.226353 0.236104 0.240389 0.231796 1.061717e-01 0.843
N:28 Run:1 0.345503 0.230381 0.250326 0.296113 0.312881 0.29028 0.308049 0.354091 0.2732 0.252273 0.323926 0.288008 0.232476 0.230759 0.220817 0.216509 0.228857 0.226458 0.219655 0.297107 0.263492 1.061717e-01 0.843
N:28 Run:2 0.325985 0.240472 0.261778 0.288289 0.358176 0.364767 0.282836 0.341714 0.284298 0.258442 0.303452 0.252595 0.201548 0.203664 0.202267 0.231085 0.269272 0.251187 0.223891 0.228576 0.230211 1.061717e-01 0.843
N:28 Run:3 0.217029 0.22049 0.237286 0.21752 0.226627 0.252977 0.239338 0.263305 0.274533 0.304856 0.227981 0.248424 0.269917 0.235856 0.266084 0.237034 0.232454 0.236627 0.233468 0.254278 0.288299 1.061717e-01 0.843
N:28 Run:4 0.345503 0.230381 0.250326 0.296113 0.312881 0.29028 0.308049 0.354091 0.2732 0.252273 0.323926 0.288008 0.259548 0.243968 0.231013 0.213858 0.212694 0.234304 0.221084 0.228562 0.261918 1.061717e-01 0.843
N:28 Run:5 0.325985 0.240472 0.261778 0.288289 0.358176 0.364767 0.282836 0.341714 0.284298 0.258442 0.303452 0.252595 0.257422 0.232261 0.221415 0.231677 0.237828 0.258178 0.221107 0.223014 0.262308 1.061717e-01 0.843
N:28 Run:6 0.181312 0.243718 0.226212 0.229146 0.25578 0.273376 0.239242 0.231572 0.261425 0.318208 0.269467 0.289989 0.259015 0.251511 0.230825 0.255913 0.243672 0.22851 0.2245 0.229981 0.239431 1.061717e-01 0.843
N:28 Run:7 0.273802 0.226924 0.234387 0.259116 0.309266 0.305624 0.339715 0.337685 0.363297 0.357561 0.353792 0.44301 0.339611 0.338817 0.288129 0.233381 0.262778 0.278128 0.245726 0.225776 0.233205 1.061717e-01 0.843
N:28 Run:8 0.229784 0.227228 0.223597 0.214713 0.220584 0.209925 0.214384 0.214802 0.213463 0.214317 0.214744 0.218964 0.210827 0.207503 0.228255 0.215785 0.208825 0.238221 0.234483 0.237633 0.232655 1.061717e-01 0.843
N:28 Run:9 0.274623 0.236048 0.28722 0.292429 0.281239 0.288483 0.316952 0.27811 0.277223 0.304171 0.285293 0.278429 0.228377 0.218556 0.20449 0.223255 0.218385 0.224921 0.266572 0.246504 0.246503 1.061717e-01 0.843
N:29 Run:0 0.191106 0.22727 0.376229 0.457471 0.596304 0.56362 0.51678 0.571795 0.579044 0.594822 0.648384 0.58343 0.305333 0.258764 0.235684 0.23782 0.245466 0.226353 0.236104 0.240389 0.231796 1.204353e-01 0.828
N:29 Run:1 0.345503 0.230381 0.250326 0.296113 0.312881 0.29028 0.308049 0.354091 0.2732 0.252273 0.323926 0.288008 0.232476 0.230759 0.220817 0.216509 0.228857 0.226458 0.219655 0.297107 0.263492 1.204353e-01 0.828
N:29 Run:2 0.325985 0.240472 0.261778 0.288289 0.358176 0.364767 0.282836 0.341714 0.284298 0.258442 0.303452 0.252595 0.201548 0.203664 0.202267 0.231085 0.269272 0.251187 0.223891 0.228576 0.230211 1.204353e-01 0.828
N:29 Run:3 0.217029 0.22049 0.237286 0.21752 0.226627 0.252977 0.239338 0.263305 0.274533 0.304856 0.227981 0.248424 0.269917 0.235856 0.266084 0.237034 0.232454 0.236627 0.233468 0.254278 0.288299 1.204353e-01 0.828
N:29 Run:4 0.345503 0.230381 0.250326 0.296113 0.312881 0.29028 0.308049 0.354091 0.2732 0.252273 0.323926 0.288008 0.259548 0.243968 0.231013 0.213858 0.212694 0.234304 0.221084 0.228562 0.261918 1.204353e-01 0.828
N:29 Run:5 0.325985 0.240472 0.261778 0.288289 0.358176 0.364767 0.282836 0.341714 0.284298 0.258442 0.303452 0.252595 0.257422 0.232261 0.221415 0.231677 0.237828 0.258178 0.221107 0.223014 0.262308 1.204353e-01 0.828
N:29 Run:6 0.181312 0.243718 0.226212 0.229146 0.25578 0.273376 0.239242 0.231572 0.261425 0.318208 0.269467 0.289989 0.259015 0.251511 0.230825 0.255913 0.243672 0.22851 0.2245 0.229981 0.239431 1.204353e-01 0.828
N:29 Run:7 0.273802 0.226924 0.234387 0.259116 0.309266 0.305624 0.339715 0.337685 0.363297 0.357561 0.353792 0.44301 0.339611 0.338817 0.288129 0.233381 0.262778 0.278128 0.245726 0.225776 0.233205 1.204353e-01 0.828
N:29 Run:8 0.229784 0.227228 0.223597 0.214713 0.220584 0.209925 0.214384 0.214802 0.213463 0.214317 0.214744 0.218964 0.210827 0.207503 0.228255 0.215785 0.208825 0.238221 0.234483 0.237633 0.232655 1.204353e-01 0.828
N:29 Run:9 0.274623 0.236048 0.28722 0.292429 0.281239 0.288483 0.316952 0.27811 0.277223 0.304171 0.285293 0.278429 0.228377 0.218556 0.20449 0.223255 0.218385 0.224921 0.266572 0.246504 0.246503 1.204353e-01 0.828
