Seed:1578621682
N:0 Run:0 0.106147 0.120108 0.13447 0.110321 0.0869598 0.0988154 0.10369 0.0824044 0.0885554 0.0787459 0.0776021 0.0853267 0.102196 0.108505 0.114511 0.153654 0.184976 0.154649 0.153048 0.159567 0.158552 1.799831e-01 0.707
N:0 Run:1 0.108691 0.136144 0.127374 0.0991185 0.0870807 0.094795 0.108539 0.0925151 0.0846526 0.0743641 0.0692366 0.0679027 0.109665 0.119998 0.11826 0.165985 0.220226 0.22618 0.200883 0.150281 0.138399 1.799831e-01 0.707
N:0 Run:2 0.103997 0.132589 0.337065 0.560978 0.583223 0.617996 0.551811 0.558327 0.517697 0.398926 0.401554 0.428723 0.243517 0.17082 0.168551 0.194101 0.144938 0.140966 0.127483 0.169952 0.17942 1.799831e-01 0.707
N:0 Run:3 0.113286 0.13964 0.116927 0.114368 0.120206 0.114698 0.103352 0.104693 0.099443 0.102952 0.111762 0.112448 0.109813 0.11254 0.101581 0.115794 0.179275 0.184978 0.139366 0.169695 0.142261 1.799831e-01 0.707
N:0 Run:4 0.108691 0.136144 0.127374 0.0991185 0.0870807 0.094795 0.108539 0.0925151 0.0846526 0.0743641 0.0692366 0.0679027 0.0914632 0.101122 0.1081 0.103666 0.115359 0.140434 0.153349 0.242995 0.230655 1.799831e-01 0.707
N:0 Run:5 0.103997 0.132589 0.337065 0.560978 0.583223 0.617996 0.551811 0.558327 0.517697 0.398926 0.401554 0.428723 0.262345 0.159673 0.131617 0.150611 0.108239 0.155293 0.163697 0.204384 0.172802 1.799831e-01 0.707
N:0 Run:6 0.0755818 0.148556 0.149221 0.156916 0.145192 0.175256 0.163224 0.164315 0.133955 0.138369 0.111381 0.126168 0.137842 0.117786 0.114412 0.11636 0.13729 0.139591 0.157729 0.11053 0.16062 1.799831e-01 0.707
N:0 Run:7 0.132839 0.175147 0.246446 0.401806 0.403831 0.394973 0.367949 0.45009 0.388552 0.44082 0.325336 0.476887 0.218739 0.126029 0.105418 0.10418 0.172591 0.130486 0.133475 0.174883 0.173283 1.799831e-01 0.707
N:0 Run:8 0.112464 0.196789 0.134431 0.092779 0.0845311 0.0731496 0.0715798 0.0716319 0.0711027 0.0703229 0.0700422 0.0673384 0.101608 0.134972 0.140752 0.163237 0.165171 0.135569 0.193678 0.160694 0.144079 1.799831e-01 0.707
N:0 Run:9 0.131728 0.150259 0.172132 0.289239 0.278145 0.259965 0.247723 0.290235 0.273967 0.304259 0.312648 0.297496 0.202442 0.15564 0.156541 0.117518 0.13843 0.155392 0.183649 0.175595 0.173083 1.799831e-01 0.707
N:1 Run:0 0.106147 0.120108 0.13447 0.110321 0.0869598 0.0988154 0.10369 0.0824044 0.0885554 0.0787459 0.0776021 0.0853267 0.102196 0.108505 0.114511 0.153654 0.184976 0.154649 0.153048 0.159567 0.158552 1.817047e-01 0.718
N:1 Run:1 0.108691 0.136144 0.127374 0.0991185 0.0870807 0.094795 0.108539 0.0925151 0.0846526 0.0743641 0.0692366 0.0679027 0.109665 0.119998 0.11826 0.165985 0.220226 0.22618 0.200883 0.150281 0.138399 1.817047e-01 0.718
N:1 Run:2 0.103997 0.132589 0.337065 0.560978 0.583223 0.617996 0.551811 0.558327 0.517697 0.398926 0.401554 0.428723 0.243517 0.17082 0.168551 0.194101 0.144938 0.140966 0.127483 0.169952 0.17942 1.817047e-01 0.718
N:1 Run:3 0.113286 0.13964 0.116927 0.114368 0.120206 0.114698 0.103352 0.104693 0.099443 0.102952 0.111762 0.112448 0.109813 0.11254 0.101581 0.115794 0.179275 0.184978 0.139366 0.169695 0.142261 1.817047e-01 0.718
N:1 Run:4 0.108691 0.136144 0.127374 0.0991185 0.0870807 0.094795 0.108539 0.0925151 0.0846526 0.0743641 0.0692366 0.0679027 0.0914632 0.101122 0.1081 0.103666 0.115359 0.140434 0.153349 0.242995 0.230655 1.817047e-01 0.718
N:1 Run:5 0.103997 0.132589 0.337065 0.560978 0.583223 0.617996 0.551811 0.558327 0.517697 0.398926 0.401554 0.428723 0.262345 0.159673 0.131617 0.150611 0.108239 0.155293 0.163697 0.204384 0.172802 1.817047e-01 0.718
N:1 Run:6 0.0755818 0.148556 0.149221 0.156916 0.145192 0.175256 0.163224 0.164315 0.133955 0.138369 0.111381 0.126168 0.137842 0.117786 0.114412 0.11636 0.13729 0.139591 0.157729 0.11053 0.16062 1.817047e-01 0.718
N:1 Run:7 0.132839 0.175147 0.246446 0.401806 0.403831 0.394973 0.367949 0.45009 0.388552 0.44082 0.325336 0.476887 0.218739 0.126029 0.105418 0.10418 0.172591 0.130486 0.133475 0.174883 0.173283 1.817047e-01 0.718
N:1 Run:8 0.112464 0.196789 0.134431 0.092779 0.0845311 0.0731496 0.0715798 0.0716319 0.0711027 0.0703229 0.0700422 0.0673384 0.101608 0.134972 0.140752 0.163237 0.165171 0.135569 0.193678 0.160694 0.144079 1.817047e-01 0.718
N:1 Run:9 0.131728 0.150259 0.172132 0.289239 0.278145 0.259965 0.247723 0.290235 0.273967 0.304259 0.312648 0.297496 0.202442 0.15564 0.156541 0.117518 0.13843 0.155392 0.183649 0.175595 0.173083 1.817047e-01 0.718
N:2 Run:0 0.106147 0.120108 0.13447 0.110321 0.0869598 0.0988154 0.10369 0.0824044 0.0885554 0.0787459 0.0776021 0.0853267 0.102196 0.108505 0.114511 0.153654 0.184976 0.154649 0.153048 0.159567 0.158552 1.825335e-01 0.717
N:2 Run:1 0.108691 0.136144 0.127374 0.0991185 0.0870807 0.094795 0.108539 0.0925151 0.0846526 0.0743641 0.0692366 0.0679027 0.109665 0.119998 0.11826 0.165985 0.220226 0.22618 0.200883 0.150281 0.138399 1.825335e-01 0.717
N:2 Run:2 0.103997 0.132589 0.337065 0.560978 0.583223 0.617996 0.551811 0.558327 0.517697 0.398926 0.401554 0.428723 0.243517 0.17082 0.168551 0.194101 0.144938 0.140966 0.127483 0.169952 0.17942 1.825335e-01 0.717
N:2 Run:3 0.113286 0.13964 0.116927 0.114368 0.120206 0.114698 0.103352 0.104693 0.099443 0.102952 0.111762 0.112448 0.109813 0.11254 0.101581 0.115794 0.179275 0.184978 0.139366 0.169695 0.142261 1.825335e-01 0.717
N:2 Run:4 0.108691 0.136144 0.127374 0.0991185 0.0870807 0.094795 0.108539 0.0925151 0.0846526 0.0743641 0.0692366 0.0679027 0.0914632 0.101122 0.1081 0.103666 0.115359 0.140434 0.153349 0.242995 0.230655 1.825335e-01 0.717
N:2 Run:5 0.103997 0.132589 0.337065 0.560978 0.583223 0.617996 0.551811 0.558327 0.517697 0.398926 0.401554 0.428723 0.262345 0.159673 0.131617 0.150611 0.108239 0.155293 0.163697 0.204384 0.172802 1.825335e-01 0.717
N:2 Run:6 0.0755818 0.148556 0.149221 0.156916 0.145192 0.175256 0.163224 0.164315 0.133955 0.138369 0.111381 0.126168 0.137842 0.117786 0.114412 0.11636 0.13729 0.139591 0.157729 0.11053 0.16062 1.825335e-01 0.717
N:2 Run:7 0.132839 0.175147 0.246446 0.401806 0.403831 0.394973 0.367949 0.45009 0.388552 0.44082 0.325336 0.476887 0.218739 0.126029 0.105418 0.10418 0.172591 0.130486 0.133475 0.174883 0.173283 1.825335e-01 0.717
N:2 Run:8 0.112464 0.196789 0.134431 0.092779 0.0845311 0.0731496 0.0715798 0.0716319 0.0711027 0.0703229 0.0700422 0.0673384 0.101608 0.134972 0.140752 0.163237 0.165171 0.135569 0.193678 0.160694 0.144079 1.825335e-01 0.717
N:2 Run:9 0.131728 0.150259 0.172132 0.289239 0.278145 0.259965 0.247723 0.290235 0.273967 0.304259 0.312648 0.297496 0.202442 0.15564 0.156541 0.117518 0.13843 0.155392 0.183649 0.175595 0.173083 1.825335e-01 0.717
N:3 Run:0 0.106147 0.120108 0.13447 0.110321 0.0869598 0.0988154 0.10369 0.0824044 0.0885554 0.0787459 0.0776021 0.0853267 0.102196 0.108505 0.114511 0.153654 0.184976 0.154649 0.153048 0.159567 0.158552 1.811083e-01 0.707
N:3 Run:1 0.108691 0.136144 0.127374 0.0991185 0.0870807 0.094795 0.108539 0.0925151 0.0846526 0.0743641 0.0692366 0.0679027 0.109665 0.119998 0.11826 0.165985 0.220226 0.22618 0.200883 0.150281 0.138399 1.811083e-01 0.707
N:3 Run:2 0.103997 0.132589 0.337065 0.560978 0.583223 0.617996 0.551811 0.558327 0.517697 0.398926 0.401554 0.428723 0.243517 0.17082 0.168551 0.194101 0.144938 0.140966 0.127483 0.169952 0.17942 1.811083e-01 0.707
N:3 Run:3 0.113286 0.13964 0.116927 0.114368 0.120206 0.114698 0.103352 0.104693 0.099443 0.102952 0.111762 0.112448 0.109813 0.11254 0.101581 0.115794 0.179275 0.184978 0.139366 0.169695 0.142261 1.811083e-01 0.707
N:3 Run:4 0.108691 0.136144 0.127374 0.0991185 0.0870807 0.094795 0.108539 0.0925151 0.0846526 0.0743641 0.0692366 0.0679027 0.0914632 0.101122 0.1081 0.103666 0.115359 0.140434 0.153349 0.242995 0.230655 1.811083e-01 0.707
N:3 Run:5 0.103997 0.132589 0.337065 0.560978 0.583223 0.617996 0.551811 0.558327 0.517697 0.398926 0.401554 0.428723 0.262345 0.159673 0.131617 0.150611 0.108239 0.155293 0.163697 0.204384 0.172802 1.811083e-01 0.707
N:3 Run:6 0.0755818 0.148556 0.149221 0.156916 0.145192 0.175256 0.163224 0.164315 0.133955 0.138369 0.111381 0.126168 0.137842 0.117786 0.114412 0.11636 0.13729 0.139591 0.157729 0.11053 0.16062 1.811083e-01 0.707
N:3 Run:7 0.132839 0.175147 0.246446 0.401806 0.403831 0.394973 0.367949 0.45009 0.388552 0.44082 0.325336 0.476887 0.218739 0.126029 0.105418 0.10418 0.172591 0.130486 0.133475 0.174883 0.173283 1.811083e-01 0.707
N:3 Run:8 0.112464 0.196789 0.134431 0.092779 0.0845311 0.0731496 0.0715798 0.0716319 0.0711027 0.0703229 0.0700422 0.0673384 0.101608 0.134972 0.140752 0.163237 0.165171 0.135569 0.193678 0.160694 0.144079 1.811083e-01 0.707
N:3 Run:9 0.131728 0.150259 0.172132 0.289239 0.278145 0.259965 0.247723 0.290235 0.273967 0.304259 0.312648 0.297496 0.202442 0.15564 0.156541 0.117518 0.13843 0.155392 0.183649 0.175595 0.173083 1.811083e-01 0.707
N:4 Run:0 0.106147 0.120108 0.13447 0.110321 0.0869598 0.0988154 0.10369 0.0824044 0.0885554 0.0787459 0.0776021 0.0853267 0.102196 0.108505 0.114511 0.153654 0.184976 0.154649 0.153048 0.159567 0.158552 1.827573e-01 0.746
N:4 Run:1 0.108691 0.136144 0.127374 0.0991185 0.0870807 0.094795 0.108539 0.0925151 0.0846526 0.0743641 0.0692366 0.0679027 0.109665 0.119998 0.11826 0.165985 0.220226 0.22618 0.200883 0.150281 0.138399 1.827573e-01 0.746
N:4 Run:2 0.103997 0.132589 0.337065 0.560978 0.583223 0.617996 0.551811 0.558327 0.517697 0.398926 0.401554 0.428723 0.243517 0.17082 0.168551 0.194101 0.144938 0.140966 0.127483 0.169952 0.17942 1.827573e-01 0.746
N:4 Run:3 0.113286 0.13964 0.116927 0.114368 0.120206 0.114698 0.103352 0.104693 0.099443 0.102952 0.111762 0.112448 0.109813 0.11254 0.101581 0.115794 0.179275 0.184978 0.139366 0.169695 0.142261 1.827573e-01 0.746
N:4 Run:4 0.108691 0.136144 0.127374 0.0991185 0.0870807 0.094795 0.108539 0.0925151 0.0846526 0.0743641 0.0692366 0.0679027 0.0914632 0.101122 0.1081 0.103666 0.115359 0.140434 0.153349 0.242995 0.230655 1.827573e-01 0.746
N:4 Run:5 0.103997 0.132589 0.337065 0.560978 0.583223 0.617996 0.551811 0.558327 0.517697 0.398926 0.401554 0.428723 0.262345 0.159673 0.131617 0.150611 0.108239 0.155293 0.163697 0.204384 0.172802 1.827573e-01 0.746
N:4 Run:6 0.0755818 0.148556 0.149221 0.156916 0.145192 0.175256 0.163224 0.164315 0.133955 0.138369 0.111381 0.126168 0.137842 0.117786 0.114412 0.11636 0.13729 0.139591 0.157729 0.11053 0.16062 1.827573e-01 0.746
N:4 Run:7 0.132839 0.175147 0.246446 0.401806 0.403831 0.394973 0.367949 0.45009 0.388552 0.44082 0.325336 0.476887 0.218739 0.126029 0.105418 0.10418 0.172591 0.130486 0.133475 0.174883 0.173283 1.827573e-01 0.746
N:4 Run:8 0.112464 0.196789 0.134431 0.092779 0.0845311 0.0731496 0.0715798 0.0716319 0.0711027 0.0703229 0.0700422 0.0673384 0.101608 0.134972 0.140752 0.163237 0.165171 0.135569 0.193678 0.160694 0.144079 1.827573e-01 0.746
N:4 Run:9 0.131728 0.150259 0.172132 0.289239 0.278145 0.259965 0.247723 0.290235 0.273967 0.304259 0.312648 0.297496 0.202442 0.15564 0.156541 0.117518 0.13843 0.155392 0.183649 0.175595 0.173083 1.827573e-01 0.746
N:5 Run:0 0.106147 0.120108 0.13447 0.110321 0.0869598 0.0988154 0.10369 0.0824044 0.0885554 0.0787459 0.0776021 0.0853267 0.102196 0.108505 0.114511 0.153654 0.184976 0.154649 0.153048 0.159567 0.158552 1.809600e-01 0.701
N:5 Run:1 0.108691 0.136144 0.127374 0.0991185 0.0870807 0.094795 0.108539 0.0925151 0.0846526 0.0743641 0.0692366 0.0679027 0.109665 0.119998 0.11826 0.165985 0.220226 0.22618 0.200883 0.150281 0.138399 1.809600e-01 0.701
N:5 Run:2 0.103997 0.132589 0.337065 0.560978 0.583223 0.617996 0.551811 0.558327 0.517697 0.398926 0.401554 0.428723 0.243517 0.17082 0.168551 0.194101 0.144938 0.140966 0.127483 0.169952 0.17942 1.809600e-01 0.701
N:5 Run:3 0.113286 0.13964 0.116927 0.114368 0.120206 0.114698 0.103352 0.104693 0.099443 0.102952 0.111762 0.112448 0.109813 0.11254 0.101581 0.115794 0.179275 0.184978 0.139366 0.169695 0.142261 1.809600e-01 0.701
N:5 Run:4 0.108691 0.136144 0.127374 0.0991185 0.0870807 0.094795 0.108539 0.0925151 0.0846526 0.0743641 0.0692366 0.0679027 0.0914632 0.101122 0.1081 0.103666 0.115359 0.140434 0.153349 0.242995 0.230655 1.809600e-01 0.701
N:5 Run:5 0.103997 0.132589 0.337065 0.560978 0.583223 0.617996 0.551811 0.558327 0.517697 0.398926 0.401554 0.428723 0.262345 0.159673 0.131617 0.150611 0.108239 0.155293 0.163697 0.204384 0.172802 1.809600e-01 0.701
N:5 Run:6 0.0755818 0.148556 0.149221 0.156916 0.145192 0.175256 0.163224 0.164315 0.133955 0.138369 0.111381 0.126168 0.137842 0.117786 0.114412 0.11636 0.13729 0.139591 0.157729 0.11053 0.16062 1.809600e-01 0.701
N:5 Run:7 0.132839 0.175147 0.246446 0.401806 0.403831 0.394973 0.367949 0.45009 0.388552 0.44082 0.325336 0.476887 0.218739 0.126029 0.105418 0.10418 0.172591 0.130486 0.133475 0.174883 0.173283 1.809600e-01 0.701
N:5 Run:8 0.112464 0.196789 0.134431 0.092779 0.0845311 0.0731496 0.0715798 0.0716319 0.0711027 0.0703229 0.0700422 0.0673384 0.101608 0.134972 0.140752 0.163237 0.165171 0.135569 0.193678 0.160694 0.144079 1.809600e-01 0.701
N:5 Run:9 0.131728 0.150259 0.172132 0.289239 0.278145 0.259965 0.247723 0.290235 0.273967 0.304259 0.312648 0.297496 0.202442 0.15564 0.156541 0.117518 0.13843 0.155392 0.183649 0.175595 0.173083 1.809600e-01 0.701
N:6 Run:0 0.106147 0.120108 0.13447 0.110321 0.0869598 0.0988154 0.10369 0.0824044 0.0885554 0.0787459 0.0776021 0.0853267 0.102196 0.108505 0.114511 0.153654 0.184976 0.154649 0.153048 0.159567 0.158552 1.810990e-01 0.705
N:6 Run:1 0.108691 0.136144 0.127374 0.0991185 0.0870807 0.094795 0.108539 0.0925151 0.0846526 0.0743641 0.0692366 0.0679027 0.109665 0.119998 0.11826 0.165985 0.220226 0.22618 0.200883 0.150281 0.138399 1.810990e-01 0.705
N:6 Run:2 0.103997 0.132589 0.337065 0.560978 0.583223 0.617996 0.551811 0.558327 0.517697 0.398926 0.401554 0.428723 0.243517 0.17082 0.168551 0.194101 0.144938 0.140966 0.127483 0.169952 0.17942 1.810990e-01 0.705
N:6 Run:3 0.113286 0.13964 0.116927 0.114368 0.120206 0.114698 0.103352 0.104693 0.099443 0.102952 0.111762 0.112448 0.109813 0.11254 0.101581 0.115794 0.179275 0.184978 0.139366 0.169695 0.142261 1.810990e-01 0.705
N:6 Run:4 0.108691 0.136144 0.127374 0.0991185 0.0870807 0.094795 0.108539 0.0925151 0.0846526 0.0743641 0.0692366 0.0679027 0.0914632 0.101122 0.1081 0.103666 0.115359 0.140434 0.153349 0.242995 0.230655 1.810990e-01 0.705
N:6 Run:5 0.103997 0.132589 0.337065 0.560978 0.583223 0.617996 0.551811 0.558327 0.517697 0.398926 0.401554 0.428723 0.262345 0.159673 0.131617 0.150611 0.108239 0.155293 0.163697 0.204384 0.172802 1.810990e-01 0.705
N:6 Run:6 0.0755818 0.148556 0.149221 0.156916 0.145192 0.175256 0.163224 0.164315 0.133955 0.138369 0.111381 0.126168 0.137842 0.117786 0.114412 0.11636 0.13729 0.139591 0.157729 0.11053 0.16062 1.810990e-01 0.705
N:6 Run:7 0.132839 0.175147 0.246446 0.401806 0.403831 0.394973 0.367949 0.45009 0.388552 0.44082 0.325336 0.476887 0.218739 0.126029 0.105418 0.10418 0.172591 0.130486 0.133475 0.174883 0.173283 1.810990e-01 0.705
N:6 Run:8 0.112464 0.196789 0.134431 0.092779 0.0845311 0.0731496 0.0715798 0.0716319 0.0711027 0.0703229 0.0700422 0.0673384 0.101608 0.134972 0.140752 0.163237 0.165171 0.135569 0.193678 0.160694 0.144079 1.810990e-01 0.705
N:6 Run:9 0.131728 0.150259 0.172132 0.289239 0.278145 0.259965 0.247723 0.290235 0.273967 0.304259 0.312648 0.297496 0.202442 0.15564 0.156541 0.117518 0.13843 0.155392 0.183649 0.175595 0.173083 1.810990e-01 0.705
N:7 Run:0 0.106147 0.120108 0.13447 0.110321 0.0869598 0.0988154 0.10369 0.0824044 0.0885554 0.0787459 0.0776021 0.0853267 0.102196 0.108505 0.114511 0.153654 0.184976 0.154649 0.153048 0.159567 0.158552 1.820959e-01 0.702
N:7 Run:1 0.108691 0.136144 0.127374 0.0991185 0.0870807 0.094795 0.108539 0.0925151 0.0846526 0.0743641 0.0692366 0.0679027 0.109665 0.119998 0.11826 0.165985 0.220226 0.22618 0.200883 0.150281 0.138399 1.820959e-01 0.702
N:7 Run:2 0.103997 0.132589 0.337065 0.560978 0.583223 0.617996 0.551811 0.558327 0.517697 0.398926 0.401554 0.428723 0.243517 0.17082 0.168551 0.194101 0.144938 0.140966 0.127483 0.169952 0.17942 1.820959e-01 0.702
N:7 Run:3 0.113286 0.13964 0.116927 0.114368 0.120206 0.114698 0.103352 0.104693 0.099443 0.102952 0.111762 0.112448 0.109813 0.11254 0.101581 0.115794 0.179275 0.184978 0.139366 0.169695 0.142261 1.820959e-01 0.702
N:7 Run:4 0.108691 0.136144 0.127374 0.0991185 0.0870807 0.094795 0.108539 0.0925151 0.0846526 0.0743641 0.0692366 0.0679027 0.0914632 0.101122 0.1081 0.103666 0.115359 0.140434 0.153349 0.242995 0.230655 1.820959e-01 0.702
N:7 Run:5 0.103997 0.132589 0.337065 0.560978 0.583223 0.617996 0.551811 0.558327 0.517697 0.398926 0.401554 0.428723 0.262345 0.159673 0.131617 0.150611 0.108239 0.155293 0.163697 0.204384 0.172802 1.820959e-01 0.702
N:7 Run:6 0.0755818 0.148556 0.149221 0.156916 0.145192 0.175256 0.163224 0.164315 0.133955 0.138369 0.111381 0.126168 0.137842 0.117786 0.114412 0.11636 0.13729 0.139591 0.157729 0.11053 0.16062 1.820959e-01 0.702
N:7 Run:7 0.132839 0.175147 0.246446 0.401806 0.403831 0.394973 0.367949 0.45009 0.388552 0.44082 0.325336 0.476887 0.218739 0.126029 0.105418 0.10418 0.172591 0.130486 0.133475 0.174883 0.173283 1.820959e-01 0.702
N:7 Run:8 0.112464 0.196789 0.134431 0.092779 0.0845311 0.0731496 0.0715798 0.0716319 0.0711027 0.0703229 0.0700422 0.0673384 0.101608 0.134972 0.140752 0.163237 0.165171 0.135569 0.193678 0.160694 0.144079 1.820959e-01 0.702
N:7 Run:9 0.131728 0.150259 0.172132 0.289239 0.278145 0.259965 0.247723 0.290235 0.273967 0.304259 0.312648 0.297496 0.202442 0.15564 0.156541 0.117518 0.13843 0.155392 0.183649 0.175595 0.173083 1.820959e-01 0.702
N:8 Run:0 0.106147 0.120108 0.13447 0.110321 0.0869598 0.0988154 0.10369 0.0824044 0.0885554 0.0787459 0.0776021 0.0853267 0.102196 0.108505 0.114511 0.153654 0.184976 0.154649 0.153048 0.159567 0.158552 1.840154e-01 0.708
N:8 Run:1 0.108691 0.136144 0.127374 0.0991185 0.0870807 0.094795 0.108539 0.0925151 0.0846526 0.0743641 0.0692366 0.0679027 0.109665 0.119998 0.11826 0.165985 0.220226 0.22618 0.200883 0.150281 0.138399 1.840154e-01 0.708
N:8 Run:2 0.103997 0.132589 0.337065 0.560978 0.583223 0.617996 0.551811 0.558327 0.517697 0.398926 0.401554 0.428723 0.243517 0.17082 0.168551 0.194101 0.144938 0.140966 0.127483 0.169952 0.17942 1.840154e-01 0.708
N:8 Run:3 0.113286 0.13964 0.116927 0.114368 0.120206 0.114698 0.103352 0.104693 0.099443 0.102952 0.111762 0.112448 0.109813 0.11254 0.101581 0.115794 0.179275 0.184978 0.139366 0.169695 0.142261 1.840154e-01 0.708
N:8 Run:4 0.108691 0.136144 0.127374 0.0991185 0.0870807 0.094795 0.108539 0.0925151 0.0846526 0.0743641 0.0692366 0.0679027 0.0914632 0.101122 0.1081 0.103666 0.115359 0.140434 0.153349 0.242995 0.230655 1.840154e-01 0.708
N:8 Run:5 0.103997 0.132589 0.337065 0.560978 0.583223 0.617996 0.551811 0.558327 0.517697 0.398926 0.401554 0.428723 0.262345 0.159673 0.131617 0.150611 0.108239 0.155293 0.163697 0.204384 0.172802 1.840154e-01 0.708
N:8 Run:6 0.0755818 0.148556 0.149221 0.156916 0.145192 0.175256 0.163224 0.164315 0.133955 0.138369 0.111381 0.126168 0.137842 0.117786 0.114412 0.11636 0.13729 0.139591 0.157729 0.11053 0.16062 1.840154e-01 0.708
N:8 Run:7 0.132839 0.175147 0.246446 0.401806 0.403831 0.394973 0.367949 0.45009 0.388552 0.44082 0.325336 0.476887 0.218739 0.126029 0.105418 0.10418 0.172591 0.130486 0.133475 0.174883 0.173283 1.840154e-01 0.708
N:8 Run:8 0.112464 0.196789 0.134431 0.092779 0.0845311 0.0731496 0.0715798 0.0716319 0.0711027 0.0703229 0.0700422 0.0673384 0.101608 0.134972 0.140752 0.163237 0.165171 0.135569 0.193678 0.160694 0.144079 1.840154e-01 0.708
N:8 Run:9 0.131728 0.150259 0.172132 0.289239 0.278145 0.259965 0.247723 0.290235 0.273967 0.304259 0.312648 0.297496 0.202442 0.15564 0.156541 0.117518 0.13843 0.155392 0.183649 0.175595 0.173083 1.840154e-01 0.708
N:9 Run:0 0.106147 0.116482 0.134436 0.108007 0.080648 0.095622 0.103699 0.0764557 0.0845751 0.071112 0.069515 0.0802127 0.0997492 0.107505 0.114424 0.155972 0.188314 0.154715 0.150284 0.160011 0.157842 1.797071e-01 0.699
N:9 Run:1 0.108691 0.13663 0.127375 0.0952197 0.0802933 0.0902396 0.107185 0.0876369 0.078134 0.0650153 0.0576218 0.0559118 0.102945 0.114532 0.114762 0.169307 0.226148 0.22823 0.204909 0.150378 0.138974 1.797071e-01 0.699
N:9 Run:2 0.103997 0.133616 0.338111 0.537795 0.562999 0.59277 0.54013 0.545214 0.511264 0.410037 0.410608 0.434196 0.252967 0.174455 0.169252 0.195817 0.146137 0.14146 0.125862 0.17088 0.180775 1.797071e-01 0.699
N:9 Run:3 0.113286 0.138061 0.113903 0.113146 0.120072 0.113831 0.100272 0.101295 0.0953173 0.100194 0.111714 0.113782 0.109428 0.112951 0.0987741 0.114256 0.182386 0.189803 0.138639 0.170651 0.141192 1.797071e-01 0.699
N:9 Run:4 0.108691 0.13663 0.127375 0.0952197 0.0802933 0.0902396 0.107185 0.0876369 0.078134 0.0650153 0.0576218 0.0559118 0.0856861 0.0989266 0.106659 0.101196 0.113133 0.13713 0.152182 0.247299 0.234002 1.797071e-01 0.699
N:9 Run:5 0.103997 0.133616 0.338111 0.537795 0.562999 0.59277 0.54013 0.545214 0.511264 0.410037 0.410608 0.434196 0.270173 0.164391 0.133046 0.152659 0.104015 0.156753 0.165296 0.205133 0.174972 1.797071e-01 0.699
N:9 Run:6 0.0755818 0.146901 0.149886 0.155713 0.143557 0.17516 0.163722 0.167001 0.134412 0.141978 0.110442 0.127777 0.141305 0.118827 0.113905 0.11469 0.136227 0.136371 0.159802 0.106439 0.1605 1.797071e-01 0.699
N:9 Run:7 0.132839 0.174804 0.245707 0.400351 0.424031 0.404811 0.380522 0.459937 0.396874 0.452264 0.331446 0.503646 0.232276 0.127902 0.105702 0.102522 0.17345 0.128754 0.131223 0.171872 0.171733 1.797071e-01 0.699
N:9 Run:8 0.112464 0.196746 0.134 0.0872728 0.078955 0.0635601 0.0613874 0.0618741 0.06056 0.0595906 0.0589343 0.0550452 0.0974659 0.130948 0.138053 0.163861 0.167215 0.134503 0.195626 0.16073 0.14132 1.797071e-01 0.699
N:9 Run:9 0.131728 0.151053 0.176798 0.294834 0.288643 0.273565 0.260846 0.300004 0.287992 0.315816 0.327583 0.311225 0.212483 0.160089 0.159399 0.117564 0.138078 0.155075 0.185369 0.178729 0.177335 1.797071e-01 0.699
N:10 Run:0 0.106147 0.116482 0.134436 0.108007 0.080648 0.095622 0.103699 0.0764557 0.0845751 0.071112 0.069515 0.0802127 0.0997492 0.107505 0.114424 0.155972 0.188314 0.154715 0.150284 0.160011 0.157842 1.816819e-01 0.713
N:10 Run:1 0.108691 0.13663 0.127375 0.0952197 0.0802933 0.0902396 0.107185 0.0876369 0.078134 0.0650153 0.0576218 0.0559118 0.102945 0.114532 0.114762 0.169307 0.226148 0.22823 0.204909 0.150378 0.138974 1.816819e-01 0.713
N:10 Run:2 0.103997 0.133616 0.338111 0.537795 0.562999 0.59277 0.54013 0.545214 0.511264 0.410037 0.410608 0.434196 0.252967 0.174455 0.169252 0.195817 0.146137 0.14146 0.125862 0.17088 0.180775 1.816819e-01 0.713
N:10 Run:3 0.113286 0.138061 0.113903 0.113146 0.120072 0.113831 0.100272 0.101295 0.0953173 0.100194 0.111714 0.113782 0.109428 0.112951 0.0987741 0.114256 0.182386 0.189803 0.138639 0.170651 0.141192 1.816819e-01 0.713
N:10 Run:4 0.108691 0.13663 0.127375 0.0952197 0.0802933 0.0902396 0.107185 0.0876369 0.078134 0.0650153 0.0576218 0.0559118 0.0856861 0.0989266 0.106659 0.101196 0.113133 0.13713 0.152182 0.247299 0.234002 1.816819e-01 0.713
N:10 Run:5 0.103997 0.133616 0.338111 0.537795 0.562999 0.59277 0.54013 0.545214 0.511264 0.410037 0.410608 0.434196 0.270173 0.164391 0.133046 0.152659 0.104015 0.156753 0.165296 0.205133 0.174972 1.816819e-01 0.713
N:10 Run:6 0.0755818 0.146901 0.149886 0.155713 0.143557 0.17516 0.163722 0.167001 0.134412 0.141978 0.110442 0.127777 0.141305 0.118827 0.113905 0.11469 0.136227 0.136371 0.159802 0.106439 0.1605 1.816819e-01 0.713
N:10 Run:7 0.132839 0.174804 0.245707 0.400351 0.424031 0.404811 0.380522 0.459937 0.396874 0.452264 0.331446 0.503646 0.232276 0.127902 0.105702 0.102522 0.17345 0.128754 0.131223 0.171872 0.171733 1.816819e-01 0.713
N:10 Run:8 0.112464 0.196746 0.134 0.0872728 0.078955 0.0635601 0.0613874 0.0618741 0.06056 0.0595906 0.0589343 0.0550452 0.0974659 0.130948 0.138053 0.163861 0.167215 0.134503 0.195626 0.16073 0.14132 1.816819e-01 0.713
N:10 Run:9 0.131728 0.151053 0.176798 0.294834 0.288643 0.273565 0.260846 0.300004 0.287992 0.315816 0.327583 0.311225 0.212483 0.160089 0.159399 0.117564 0.138078 0.155075 0.185369 0.178729 0.177335 1.816819e-01 0.713
N:11 Run:0 0.106147 0.116482 0.134436 0.108007 0.080648 0.095622 0.103699 0.0764557 0.0845751 0.071112 0.069515 0.0802127 0.0997492 0.107505 0.114424 0.155972 0.188314 0.154715 0.150284 0.160011 0.157842 1.826362e-01 0.705
N:11 Run:1 0.108691 0.13663 0.127375 0.0952197 0.0802933 0.0902396 0.107185 0.0876369 0.078134 0.0650153 0.0576218 0.0559118 0.102945 0.114532 0.114762 0.169307 0.226148 0.22823 0.204909 0.150378 0.138974 1.826362e-01 0.705
N:11 Run:2 0.103997 0.133616 0.338111 0.537795 0.562999 0.59277 0.54013 0.545214 0.511264 0.410037 0.410608 0.434196 0.252967 0.174455 0.169252 0.195817 0.146137 0.14146 0.125862 0.17088 0.180775 1.826362e-01 0.705
N:11 Run:3 0.113286 0.138061 0.113903 0.113146 0.120072 0.113831 0.100272 0.101295 0.0953173 0.100194 0.111714 0.113782 0.109428 0.112951 0.0987741 0.114256 0.182386 0.189803 0.138639 0.170651 0.141192 1.826362e-01 0.705
N:11 Run:4 0.108691 0.13663 0.127375 0.0952197 0.0802933 0.0902396 0.107185 0.0876369 0.078134 0.0650153 0.0576218 0.0559118 0.0856861 0.0989266 0.106659 0.101196 0.113133 0.13713 0.152182 0.247299 0.234002 1.826362e-01 0.705
N:11 Run:5 0.103997 0.133616 0.338111 0.537795 0.562999 0.59277 0.54013 0.545214 0.511264 0.410037 0.410608 0.434196 0.270173 0.164391 0.133046 0.152659 0.104015 0.156753 0.165296 0.205133 0.174972 1.826362e-01 0.705
N:11 Run:6 0.0755818 0.146901 0.149886 0.155713 0.143557 0.17516 0.163722 0.167001 0.134412 0.141978 0.110442 0.127777 0.141305 0.118827 0.113905 0.11469 0.136227 0.136371 0.159802 0.106439 0.1605 1.826362e-01 0.705
N:11 Run:7 0.132839 0.174804 0.245707 0.400351 0.424031 0.404811 0.380522 0.459937 0.396874 0.452264 0.331446 0.503646 0.232276 0.127902 0.105702 0.102522 0.17345 0.128754 0.131223 0.171872 0.171733 1.826362e-01 0.705
N:11 Run:8 0.112464 0.196746 0.134 0.0872728 0.078955 0.0635601 0.0613874 0.0618741 0.06056 0.0595906 0.0589343 0.0550452 0.0974659 0.130948 0.138053 0.163861 0.167215 0.134503 0.195626 0.16073 0.14132 1.826362e-01 0.705
N:11 Run:9 0.131728 0.151053 0.176798 0.294834 0.288643 0.273565 0.260846 0.300004 0.287992 0.315816 0.327583 0.311225 0.212483 0.160089 0.159399 0.117564 0.138078 0.155075 0.185369 0.178729 0.177335 1.826362e-01 0.705
N:12 Run:0 0.106147 0.116482 0.134436 0.108007 0.080648 0.095622 0.103699 0.0764557 0.0845751 0.071112 0.069515 0.0802127 0.0997492 0.107505 0.114424 0.155972 0.188314 0.154715 0.150284 0.160011 0.157842 1.798489e-01 0.703
N:12 Run:1 0.108691 0.13663 0.127375 0.0952197 0.0802933 0.0902396 0.107185 0.0876369 0.078134 0.0650153 0.0576218 0.0559118 0.102945 0.114532 0.114762 0.169307 0.226148 0.22823 0.204909 0.150378 0.138974 1.798489e-01 0.703
N:12 Run:2 0.103997 0.133616 0.338111 0.537795 0.562999 0.59277 0.54013 0.545214 0.511264 0.410037 0.410608 0.434196 0.252967 0.174455 0.169252 0.195817 0.146137 0.14146 0.125862 0.17088 0.180775 1.798489e-01 0.703
N:12 Run:3 0.113286 0.138061 0.113903 0.113146 0.120072 0.113831 0.100272 0.101295 0.0953173 0.100194 0.111714 0.113782 0.109428 0.112951 0.0987741 0.114256 0.182386 0.189803 0.138639 0.170651 0.141192 1.798489e-01 0.703
N:12 Run:4 0.108691 0.13663 0.127375 0.0952197 0.0802933 0.0902396 0.107185 0.0876369 0.078134 0.0650153 0.0576218 0.0559118 0.0856861 0.0989266 0.106659 0.101196 0.113133 0.13713 0.152182 0.247299 0.234002 1.798489e-01 0.703
N:12 Run:5 0.103997 0.133616 0.338111 0.537795 0.562999 0.59277 0.54013 0.545214 0.511264 0.410037 0.410608 0.434196 0.270173 0.164391 0.133046 0.152659 0.104015 0.156753 0.165296 0.205133 0.174972 1.798489e-01 0.703
N:12 Run:6 0.0755818 0.146901 0.149886 0.155713 0.143557 0.17516 0.163722 0.167001 0.134412 0.141978 0.110442 0.127777 0.141305 0.118827 0.113905 0.11469 0.136227 0.136371 0.159802 0.106439 0.1605 1.798489e-01 0.703
N:12 Run:7 0.132839 0.174804 0.245707 0.400351 0.424031 0.404811 0.380522 0.459937 0.396874 0.452264 0.331446 0.503646 0.232276 0.127902 0.105702 0.102522 0.17345 0.128754 0.131223 0.171872 0.171733 1.798489e-01 0.703
N:12 Run:8 0.112464 0.196746 0.134 0.0872728 0.078955 0.0635601 0.0613874 0.0618741 0.06056 0.0595906 0.0589343 0.0550452 0.0974659 0.130948 0.138053 0.163861 0.167215 0.134503 0.195626 0.16073 0.14132 1.798489e-01 0.703
N:12 Run:9 0.131728 0.151053 0.176798 0.294834 0.288643 0.273565 0.260846 0.300004 0.287992 0.315816 0.327583 0.311225 0.212483 0.160089 0.159399 0.117564 0.138078 0.155075 0.185369 0.178729 0.177335 1.798489e-01 0.703
N:13 Run:0 0.106147 0.116482 0.134436 0.108007 0.080648 0.095622 0.103699 0.0764557 0.0845751 0.071112 0.069515 0.0802127 0.0997492 0.107505 0.114424 0.155972 0.188314 0.154715 0.150284 0.160011 0.157842 1.837672e-01 0.710
N:13 Run:1 0.108691 0.13663 0.127375 0.0952197 0.0802933 0.0902396 0.107185 0.0876369 0.078134 0.0650153 0.0576218 0.0559118 0.102945 0.114532 0.114762 0.169307 0.226148 0.22823 0.204909 0.150378 0.138974 1.837672e-01 0.710
N:13 Run:2 0.103997 0.133616 0.338111 0.537795 0.562999 0.59277 0.54013 0.545214 0.511264 0.410037 0.410608 0.434196 0.252967 0.174455 0.169252 0.195817 0.146137 0.14146 0.125862 0.17088 0.180775 1.837672e-01 0.710
N:13 Run:3 0.113286 0.138061 0.113903 0.113146 0.120072 0.113831 0.100272 0.101295 0.0953173 0.100194 0.111714 0.113782 0.109428 0.112951 0.0987741 0.114256 0.182386 0.189803 0.138639 0.170651 0.141192 1.837672e-01 0.710
N:13 Run:4 0.108691 0.13663 0.127375 0.0952197 0.0802933 0.0902396 0.107185 0.0876369 0.078134 0.0650153 0.0576218 0.0559118 0.0856861 0.0989266 0.106659 0.101196 0.113133 0.13713 0.152182 0.247299 0.234002 1.837672e-01 0.710
N:13 Run:5 0.103997 0.133616 0.338111 0.537795 0.562999 0.59277 0.54013 0.545214 0.511264 0.410037 0.410608 0.434196 0.270173 0.164391 0.133046 0.152659 0.104015 0.156753 0.165296 0.205133 0.174972 1.837672e-01 0.710
N:13 Run:6 0.0755818 0.146901 0.149886 0.155713 0.143557 0.17516 0.163722 0.167001 0.134412 0.141978 0.110442 0.127777 0.141305 0.118827 0.113905 0.11469 0.136227 0.136371 0.159802 0.106439 0.1605 1.837672e-01 0.710
N:13 Run:7 0.132839 0.174804 0.245707 0.400351 0.424031 0.404811 0.380522 0.459937 0.396874 0.452264 0.331446 0.503646 0.232276 0.127902 0.105702 0.102522 0.17345 0.128754 0.131223 0.171872 0.171733 1.837672e-01 0.710
N:13 Run:8 0.112464 0.196746 0.134 0.0872728 0.078955 0.0635601 0.0613874 0.0618741 0.06056 0.0595906 0.0589343 0.0550452 0.0974659 0.130948 0.138053 0.163861 0.167215 0.134503 0.195626 0.16073 0.14132 1.837672e-01 0.710
N:13 Run:9 0.131728 0.151053 0.176798 0.294834 0.288643 0.273565 0.260846 0.300004 0.287992 0.315816 0.327583 0.311225 0.212483 0.160089 0.159399 0.117564 0.138078 0.155075 0.185369 0.178729 0.177335 1.837672e-01 0.710
N:14 Run:0 0.106147 0.116482 0.134436 0.108007 0.080648 0.095622 0.103699 0.0764557 0.0845751 0.071112 0.069515 0.0802127 0.0997492 0.107505 0.114424 0.155972 0.188314 0.154715 0.150284 0.160011 0.157842 1.821616e-01 0.712
N:14 Run:1 0.108691 0.13663 0.127375 0.0952197 0.0802933 0.0902396 0.107185 0.0876369 0.078134 0.0650153 0.0576218 0.0559118 0.102945 0.114532 0.114762 0.169307 0.226148 0.22823 0.204909 0.150378 0.138974 1.821616e-01 0.712
N:14 Run:2 0.103997 0.133616 0.338111 0.537795 0.562999 0.59277 0.54013 0.545214 0.511264 0.410037 0.410608 0.434196 0.252967 0.174455 0.169252 0.195817 0.146137 0.14146 0.125862 0.17088 0.180775 1.821616e-01 0.712
N:14 Run:3 0.113286 0.138061 0.113903 0.113146 0.120072 0.113831 0.100272 0.101295 0.0953173 0.100194 0.111714 0.113782 0.109428 0.112951 0.0987741 0.114256 0.182386 0.189803 0.138639 0.170651 0.141192 1.821616e-01 0.712
N:14 Run:4 0.108691 0.13663 0.127375 0.0952197 0.0802933 0.0902396 0.107185 0.0876369 0.078134 0.0650153 0.0576218 0.0559118 0.0856861 0.0989266 0.106659 0.101196 0.113133 0.13713 0.152182 0.247299 0.234002 1.821616e-01 0.712
N:14 Run:5 0.103997 0.133616 0.338111 0.537795 0.562999 0.59277 0.54013 0.545214 0.511264 0.410037 0.410608 0.434196 0.270173 0.164391 0.133046 0.152659 0.104015 0.156753 0.165296 0.205133 0.174972 1.821616e-01 0.712
N:14 Run:6 0.0755818 0.146901 0.149886 0.155713 0.143557 0.17516 0.163722 0.167001 0.134412 0.141978 0.110442 0.127777 0.141305 0.118827 0.113905 0.11469 0.136227 0.136371 0.159802 0.106439 0.1605 1.821616e-01 0.712
N:14 Run:7 0.132839 0.174804 0.245707 0.400351 0.424031 0.404811 0.380522 0.459937 0.396874 0.452264 0.331446 0.503646 0.232276 0.127902 0.105702 0.102522 0.17345 0.128754 0.131223 0.171872 0.171733 1.821616e-01 0.712
N:14 Run:8 0.112464 0.196746 0.134 0.0872728 0.078955 0.0635601 0.0613874 0.0618741 0.06056 0.0595906 0.0589343 0.0550452 0.0974659 0.130948 0.138053 0.163861 0.167215 0.134503 0.195626 0.16073 0.14132 1.821616e-01 0.712
N:14 Run:9 0.131728 0.151053 0.176798 0.294834 0.288643 0.273565 0.260846 0.300004 0.287992 0.315816 0.327583 0.311225 0.212483 0.160089 0.159399 0.117564 0.138078 0.155075 0.185369 0.178729 0.177335 1.821616e-01 0.712
N:15 Run:0 0.106147 0.116482 0.134436 0.108007 0.080648 0.095622 0.103699 0.0764557 0.0845751 0.071112 0.069515 0.0802127 0.0997492 0.107505 0.114424 0.155972 0.188314 0.154715 0.150284 0.160011 0.157842 1.798741e-01 0.702
N:15 Run:1 0.108691 0.13663 0.127375 0.0952197 0.0802933 0.0902396 0.107185 0.0876369 0.078134 0.0650153 0.0576218 0.0559118 0.102945 0.114532 0.114762 0.169307 0.226148 0.22823 0.204909 0.150378 0.138974 1.798741e-01 0.702
N:15 Run:2 0.103997 0.133616 0.338111 0.537795 0.562999 0.59277 0.54013 0.545214 0.511264 0.410037 0.410608 0.434196 0.252967 0.174455 0.169252 0.195817 0.146137 0.14146 0.125862 0.17088 0.180775 1.798741e-01 0.702
N:15 Run:3 0.113286 0.138061 0.113903 0.113146 0.120072 0.113831 0.100272 0.101295 0.0953173 0.100194 0.111714 0.113782 0.109428 0.112951 0.0987741 0.114256 0.182386 0.189803 0.138639 0.170651 0.141192 1.798741e-01 0.702
N:15 Run:4 0.108691 0.13663 0.127375 0.0952197 0.0802933 0.0902396 0.107185 0.0876369 0.078134 0.0650153 0.0576218 0.0559118 0.0856861 0.0989266 0.106659 0.101196 0.113133 0.13713 0.152182 0.247299 0.234002 1.798741e-01 0.702
N:15 Run:5 0.103997 0.133616 0.338111 0.537795 0.562999 0.59277 0.54013 0.545214 0.511264 0.410037 0.410608 0.434196 0.270173 0.164391 0.133046 0.152659 0.104015 0.156753 0.165296 0.205133 0.174972 1.798741e-01 0.702
N:15 Run:6 0.0755818 0.146901 0.149886 0.155713 0.143557 0.17516 0.163722 0.167001 0.134412 0.141978 0.110442 0.127777 0.141305 0.118827 0.113905 0.11469 0.136227 0.136371 0.159802 0.106439 0.1605 1.798741e-01 0.702
N:15 Run:7 0.132839 0.174804 0.245707 0.400351 0.424031 0.404811 0.380522 0.459937 0.396874 0.452264 0.331446 0.503646 0.232276 0.127902 0.105702 0.102522 0.17345 0.128754 0.131223 0.171872 0.171733 1.798741e-01 0.702
N:15 Run:8 0.112464 0.196746 0.134 0.0872728 0.078955 0.0635601 0.0613874 0.0618741 0.06056 0.0595906 0.0589343 0.0550452 0.0974659 0.130948 0.138053 0.163861 0.167215 0.134503 0.195626 0.16073 0.14132 1.798741e-01 0.702
N:15 Run:9 0.131728 0.151053 0.176798 0.294834 0.288643 0.273565 0.260846 0.300004 0.287992 0.315816 0.327583 0.311225 0.212483 0.160089 0.159399 0.117564 0.138078 0.155075 0.185369 0.178729 0.177335 1.798741e-01 0.702
N:16 Run:0 0.106147 0.116482 0.134436 0.108007 0.080648 0.095622 0.103699 0.0764557 0.0845751 0.071112 0.069515 0.0802127 0.0997492 0.107505 0.114424 0.155972 0.188314 0.154715 0.150284 0.160011 0.157842 1.823404e-01 0.704
N:16 Run:1 0.108691 0.13663 0.127375 0.0952197 0.0802933 0.0902396 0.107185 0.0876369 0.078134 0.0650153 0.0576218 0.0559118 0.102945 0.114532 0.114762 0.169307 0.226148 0.22823 0.204909 0.150378 0.138974 1.823404e-01 0.704
N:16 Run:2 0.103997 0.133616 0.338111 0.537795 0.562999 0.59277 0.54013 0.545214 0.511264 0.410037 0.410608 0.434196 0.252967 0.174455 0.169252 0.195817 0.146137 0.14146 0.125862 0.17088 0.180775 1.823404e-01 0.704
N:16 Run:3 0.113286 0.138061 0.113903 0.113146 0.120072 0.113831 0.100272 0.101295 0.0953173 0.100194 0.111714 0.113782 0.109428 0.112951 0.0987741 0.114256 0.182386 0.189803 0.138639 0.170651 0.141192 1.823404e-01 0.704
N:16 Run:4 0.108691 0.13663 0.127375 0.0952197 0.0802933 0.0902396 0.107185 0.0876369 0.078134 0.0650153 0.0576218 0.0559118 0.0856861 0.0989266 0.106659 0.101196 0.113133 0.13713 0.152182 0.247299 0.234002 1.823404e-01 0.704
N:16 Run:5 0.103997 0.133616 0.338111 0.537795 0.562999 0.59277 0.54013 0.545214 0.511264 0.410037 0.410608 0.434196 0.270173 0.164391 0.133046 0.152659 0.104015 0.156753 0.165296 0.205133 0.174972 1.823404e-01 0.704
N:16 Run:6 0.0755818 0.146901 0.149886 0.155713 0.143557 0.17516 0.163722 0.167001 0.134412 0.141978 0.110442 0.127777 0.141305 0.118827 0.113905 0.11469 0.136227 0.136371 0.159802 0.106439 0.1605 1.823404e-01 0.704
N:16 Run:7 0.132839 0.174804 0.245707 0.400351 0.424031 0.404811 0.380522 0.459937 0.396874 0.452264 0.331446 0.503646 0.232276 0.127902 0.105702 0.102522 0.17345 0.128754 0.131223 0.171872 0.171733 1.823404e-01 0.704
N:16 Run:8 0.112464 0.196746 0.134 0.0872728 0.078955 0.0635601 0.0613874 0.0618741 0.06056 0.0595906 0.0589343 0.0550452 0.0974659 0.130948 0.138053 0.163861 0.167215 0.134503 0.195626 0.16073 0.14132 1.823404e-01 0.704
N:16 Run:9 0.131728 0.151053 0.176798 0.294834 0.288643 0.273565 0.260846 0.300004 0.287992 0.315816 0.327583 0.311225 0.212483 0.160089 0.159399 0.117564 0.138078 0.155075 0.185369 0.178729 0.177335 1.823404e-01 0.704
N:17 Run:0 0.106147 0.116482 0.134436 0.108007 0.080648 0.095622 0.103699 0.0764557 0.0845751 0.071112 0.069515 0.0802127 0.0997492 0.107505 0.114424 0.155972 0.188314 0.154715 0.150284 0.160011 0.157842 1.814381e-01 0.708
N:17 Run:1 0.108691 0.13663 0.127375 0.0952197 0.0802933 0.0902396 0.107185 0.0876369 0.078134 0.0650153 0.0576218 0.0559118 0.102945 0.114532 0.114762 0.169307 0.226148 0.22823 0.204909 0.150378 0.138974 1.814381e-01 0.708
N:17 Run:2 0.103997 0.133616 0.338111 0.537795 0.562999 0.59277 0.54013 0.545214 0.511264 0.410037 0.410608 0.434196 0.252967 0.174455 0.169252 0.195817 0.146137 0.14146 0.125862 0.17088 0.180775 1.814381e-01 0.708
N:17 Run:3 0.113286 0.138061 0.113903 0.113146 0.120072 0.113831 0.100272 0.101295 0.0953173 0.100194 0.111714 0.113782 0.109428 0.112951 0.0987741 0.114256 0.182386 0.189803 0.138639 0.170651 0.141192 1.814381e-01 0.708
N:17 Run:4 0.108691 0.13663 0.127375 0.0952197 0.0802933 0.0902396 0.107185 0.0876369 0.078134 0.0650153 0.0576218 0.0559118 0.0856861 0.0989266 0.106659 0.101196 0.113133 0.13713 0.152182 0.247299 0.234002 1.814381e-01 0.708
N:17 Run:5 0.103997 0.133616 0.338111 0.537795 0.562999 0.59277 0.54013 0.545214 0.511264 0.410037 0.410608 0.434196 0.270173 0.164391 0.133046 0.152659 0.104015 0.156753 0.165296 0.205133 0.174972 1.814381e-01 0.708
N:17 Run:6 0.0755818 0.146901 0.149886 0.155713 0.143557 0.17516 0.163722 0.167001 0.134412 0.141978 0.110442 0.127777 0.141305 0.118827 0.113905 0.11469 0.136227 0.136371 0.159802 0.106439 0.1605 1.814381e-01 0.708
N:17 Run:7 0.132839 0.174804 0.245707 0.400351 0.424031 0.404811 0.380522 0.459937 0.396874 0.452264 0.331446 0.503646 0.232276 0.127902 0.105702 0.102522 0.17345 0.128754 0.131223 0.171872 0.171733 1.814381e-01 0.708
N:17 Run:8 0.112464 0.196746 0.134 0.0872728 0.078955 0.0635601 0.0613874 0.0618741 0.06056 0.0595906 0.0589343 0.0550452 0.0974659 0.130948 0.138053 0.163861 0.167215 0.134503 0.195626 0.16073 0.14132 1.814381e-01 0.708
N:17 Run:9 0.131728 0.151053 0.176798 0.294834 0.288643 0.273565 0.260846 0.300004 0.287992 0.315816 0.327583 0.311225 0.212483 0.160089 0.159399 0.117564 0.138078 0.155075 0.185369 0.178729 0.177335 1.814381e-01 0.708
N:18 Run:0 0.106147 0.116482 0.134436 0.108007 0.080648 0.095622 0.103699 0.0764557 0.0845751 0.071112 0.069515 0.0802127 0.0997492 0.107505 0.114424 0.155972 0.188314 0.154715 0.150284 0.160011 0.157842 1.816932e-01 0.711
N:18 Run:1 0.108691 0.13663 0.127375 0.0952197 0.0802933 0.0902396 0.107185 0.0876369 0.078134 0.0650153 0.0576218 0.0559118 0.102945 0.114532 0.114762 0.169307 0.226148 0.22823 0.204909 0.150378 0.138974 1.816932e-01 0.711
N:18 Run:2 0.103997 0.133616 0.338111 0.537795 0.562999 0.59277 0.54013 0.545214 0.511264 0.410037 0.410608 0.434196 0.252967 0.174455 0.169252 0.195817 0.146137 0.14146 0.125862 0.17088 0.180775 1.816932e-01 0.711
N:18 Run:3 0.113286 0.138061 0.113903 0.113146 0.120072 0.113831 0.100272 0.101295 0.0953173 0.100194 0.111714 0.113782 0.109428 0.112951 0.0987741 0.114256 0.182386 0.189803 0.138639 0.170651 0.141192 1.816932e-01 0.711
N:18 Run:4 0.108691 0.13663 0.127375 0.0952197 0.0802933 0.0902396 0.107185 0.0876369 0.078134 0.0650153 0.0576218 0.0559118 0.0856861 0.0989266 0.106659 0.101196 0.113133 0.13713 0.152182 0.247299 0.234002 1.816932e-01 0.711
N:18 Run:5 0.103997 0.133616 0.338111 0.537795 0.562999 0.59277 0.54013 0.545214 0.511264 0.410037 0.410608 0.434196 0.270173 0.164391 0.133046 0.152659 0.104015 0.156753 0.165296 0.205133 0.174972 1.816932e-01 0.711
N:18 Run:6 0.0755818 0.146901 0.149886 0.155713 0.143557 0.17516 0.163722 0.167001 0.134412 0.141978 0.110442 0.127777 0.141305 0.118827 0.113905 0.11469 0.136227 0.136371 0.159802 0.106439 0.1605 1.816932e-01 0.711
N:18 Run:7 0.132839 0.174804 0.245707 0.400351 0.424031 0.404811 0.380522 0.459937 0.396874 0.452264 0.331446 0.503646 0.232276 0.127902 0.105702 0.102522 0.17345 0.128754 0.131223 0.171872 0.171733 1.816932e-01 0.711
N:18 Run:8 0.112464 0.196746 0.134 0.0872728 0.078955 0.0635601 0.0613874 0.0618741 0.06056 0.0595906 0.0589343 0.0550452 0.0974659 0.130948 0.138053 0.163861 0.167215 0.134503 0.195626 0.16073 0.14132 1.816932e-01 0.711
N:18 Run:9 0.131728 0.151053 0.176798 0.294834 0.288643 0.273565 0.260846 0.300004 0.287992 0.315816 0.327583 0.311225 0.212483 0.160089 0.159399 0.117564 0.138078 0.155075 0.185369 0.178729 0.177335 1.816932e-01 0.711
N:19 Run:0 0.106147 0.12284 0.130898 0.10964 0.0872745 0.0970218 0.0993768 0.0827886 0.0857193 0.0802897 0.0798046 0.0850452 0.103617 0.10897 0.115245 0.1553 0.184336 0.157266 0.156947 0.159592 0.156779 1.795652e-01 0.704
N:19 Run:1 0.108691 0.133683 0.120548 0.0946585 0.0830144 0.0863846 0.0986856 0.0879391 0.0819062 0.0756999 0.0726911 0.071959 0.11211 0.122946 0.120728 0.166996 0.21887 0.228068 0.196348 0.149768 0.134047 1.795652e-01 0.704
N:19 Run:2 0.103997 0.131189 0.336117 0.565753 0.587665 0.618494 0.554549 0.565063 0.5119 0.394291 0.393169 0.414177 0.238301 0.172862 0.171493 0.193227 0.140772 0.13849 0.129179 0.170504 0.180911 1.795652e-01 0.704
N:19 Run:3 0.113286 0.141072 0.117606 0.111266 0.114456 0.111595 0.102343 0.105709 0.101374 0.105002 0.111984 0.111415 0.112048 0.114399 0.1048 0.11799 0.180704 0.186162 0.143264 0.171292 0.145159 1.795652e-01 0.704
N:19 Run:4 0.108691 0.133683 0.120548 0.0946585 0.0830144 0.0863846 0.0986856 0.0879391 0.0819062 0.0756999 0.0726911 0.071959 0.0939703 0.103149 0.110916 0.106075 0.115591 0.141914 0.152575 0.23651 0.22658 1.795652e-01 0.704
N:19 Run:5 0.103997 0.131189 0.336117 0.565753 0.587665 0.618494 0.554549 0.565063 0.5119 0.394291 0.393169 0.414177 0.258173 0.162039 0.135046 0.151559 0.11289 0.15558 0.161467 0.203158 0.170728 1.795652e-01 0.704
N:19 Run:6 0.0755818 0.148564 0.149365 0.159552 0.148316 0.177391 0.165272 0.162735 0.135992 0.139682 0.114753 0.127034 0.139005 0.119979 0.117341 0.119473 0.140238 0.1425 0.157558 0.114349 0.16011 1.795652e-01 0.704
N:19 Run:7 0.132839 0.176842 0.242946 0.402371 0.399757 0.396997 0.361102 0.449717 0.390928 0.445496 0.324336 0.463411 0.21839 0.130194 0.106853 0.104437 0.17025 0.131803 0.134944 0.177938 0.177262 1.795652e-01 0.704
N:19 Run:8 0.112464 0.198477 0.133813 0.0931492 0.0823545 0.0753699 0.073728 0.0733618 0.0727339 0.0727647 0.0728823 0.0718002 0.101498 0.136058 0.141814 0.163627 0.164274 0.137271 0.193899 0.163501 0.146983 1.795652e-01 0.704
N:19 Run:9 0.131728 0.151902 0.165639 0.287751 0.277929 0.25961 0.247386 0.289324 0.272507 0.300761 0.310737 0.295203 0.204685 0.159555 0.159656 0.117605 0.133886 0.155358 0.184585 0.177856 0.175161 1.795652e-01 0.704
N:20 Run:0 0.106147 0.12284 0.130898 0.10964 0.0872745 0.0970218 0.0993768 0.0827886 0.0857193 0.0802897 0.0798046 0.0850452 0.103617 0.10897 0.115245 0.1553 0.184336 0.157266 0.156947 0.159592 0.156779 1.835704e-01 0.699
N:20 Run:1 0.108691 0.133683 0.120548 0.0946585 0.0830144 0.0863846 0.0986856 0.0879391 0.0819062 0.0756999 0.0726911 0.071959 0.11211 0.122946 0.120728 0.166996 0.21887 0.228068 0.196348 0.149768 0.134047 1.835704e-01 0.699
N:20 Run:2 0.103997 0.131189 0.336117 0.565753 0.587665 0.618494 0.554549 0.565063 0.5119 0.394291 0.393169 0.414177 0.238301 0.172862 0.171493 0.193227 0.140772 0.13849 0.129179 0.170504 0.180911 1.835704e-01 0.699
N:20 Run:3 0.113286 0.141072 0.117606 0.111266 0.114456 0.111595 0.102343 0.105709 0.101374 0.105002 0.111984 0.111415 0.112048 0.114399 0.1048 0.11799 0.180704 0.186162 0.143264 0.171292 0.145159 1.835704e-01 0.699
N:20 Run:4 0.108691 0.133683 0.120548 0.0946585 0.0830144 0.0863846 0.0986856 0.0879391 0.0819062 0.0756999 0.0726911 0.071959 0.0939703 0.103149 0.110916 0.106075 0.115591 0.141914 0.152575 0.23651 0.22658 1.835704e-01 0.699
N:20 Run:5 0.103997 0.131189 0.336117 0.565753 0.587665 0.618494 0.554549 0.565063 0.5119 0.394291 0.393169 0.414177 0.258173 0.162039 0.135046 0.151559 0.11289 0.15558 0.161467 0.203158 0.170728 1.835704e-01 0.699
N:20 Run:6 0.0755818 0.148564 0.149365 0.159552 0.148316 0.177391 0.165272 0.162735 0.135992 0.139682 0.114753 0.127034 0.139005 0.119979 0.117341 0.119473 0.140238 0.1425 0.157558 0.114349 0.16011 1.835704e-01 0.699
N:20 Run:7 0.132839 0.176842 0.242946 0.402371 0.399757 0.396997 0.361102 0.449717 0.390928 0.445496 0.324336 0.463411 0.21839 0.130194 0.106853 0.104437 0.17025 0.131803 0.134944 0.177938 0.177262 1.835704e-01 0.699
N:20 Run:8 0.112464 0.198477 0.133813 0.0931492 0.0823545 0.0753699 0.073728 0.0733618 0.0727339 0.0727647 0.0728823 0.0718002 0.101498 0.136058 0.141814 0.163627 0.164274 0.137271 0.193899 0.163501 0.146983 1.835704e-01 0.699
N:20 Run:9 0.131728 0.151902 0.165639 0.287751 0.277929 0.25961 0.247386 0.289324 0.272507 0.300761 0.310737 0.295203 0.204685 0.159555 0.159656 0.117605 0.133886 0.155358 0.184585 0.177856 0.175161 1.835704e-01 0.699
N:21 Run:0 0.106147 0.12284 0.130898 0.10964 0.0872745 0.0970218 0.0993768 0.0827886 0.0857193 0.0802897 0.0798046 0.0850452 0.103617 0.10897 0.115245 0.1553 0.184336 0.157266 0.156947 0.159592 0.156779 1.833322e-01 0.695
N:21 Run:1 0.108691 0.133683 0.120548 0.0946585 0.0830144 0.0863846 0.0986856 0.0879391 0.0819062 0.0756999 0.0726911 0.071959 0.11211 0.122946 0.120728 0.166996 0.21887 0.228068 0.196348 0.149768 0.134047 1.833322e-01 0.695
N:21 Run:2 0.103997 0.131189 0.336117 0.565753 0.587665 0.618494 0.554549 0.565063 0.5119 0.394291 0.393169 0.414177 0.238301 0.172862 0.171493 0.193227 0.140772 0.13849 0.129179 0.170504 0.180911 1.833322e-01 0.695
N:21 Run:3 0.113286 0.141072 0.117606 0.111266 0.114456 0.111595 0.102343 0.105709 0.101374 0.105002 0.111984 0.111415 0.112048 0.114399 0.1048 0.11799 0.180704 0.186162 0.143264 0.171292 0.145159 1.833322e-01 0.695
N:21 Run:4 0.108691 0.133683 0.120548 0.0946585 0.0830144 0.0863846 0.0986856 0.0879391 0.0819062 0.0756999 0.0726911 0.071959 0.0939703 0.103149 0.110916 0.106075 0.115591 0.141914 0.152575 0.23651 0.22658 1.833322e-01 0.695
N:21 Run:5 0.103997 0.131189 0.336117 0.565753 0.587665 0.618494 0.554549 0.565063 0.5119 0.394291 0.393169 0.414177 0.258173 0.162039 0.135046 0.151559 0.11289 0.15558 0.161467 0.203158 0.170728 1.833322e-01 0.695
N:21 Run:6 0.0755818 0.148564 0.149365 0.159552 0.148316 0.177391 0.165272 0.162735 0.135992 0.139682 0.114753 0.127034 0.139005 0.119979 0.117341 0.119473 0.140238 0.1425 0.157558 0.114349 0.16011 1.833322e-01 0.695
N:21 Run:7 0.132839 0.176842 0.242946 0.402371 0.399757 0.396997 0.361102 0.449717 0.390928 0.445496 0.324336 0.463411 0.21839 0.130194 0.106853 0.104437 0.17025 0.131803 0.134944 0.177938 0.177262 1.833322e-01 0.695
N:21 Run:8 0.112464 0.198477 0.133813 0.0931492 0.0823545 0.0753699 0.073728 0.0733618 0.0727339 0.0727647 0.0728823 0.0718002 0.101498 0.136058 0.141814 0.163627 0.164274 0.137271 0.193899 0.163501 0.146983 1.833322e-01 0.695
N:21 Run:9 0.131728 0.151902 0.165639 0.287751 0.277929 0.25961 0.247386 0.289324 0.272507 0.300761 0.310737 0.295203 0.204685 0.159555 0.159656 0.117605 0.133886 0.155358 0.184585 0.177856 0.175161 1.833322e-01 0.695
N:22 Run:0 0.106147 0.12284 0.130898 0.10964 0.0872745 0.0970218 0.0993768 0.0827886 0.0857193 0.0802897 0.0798046 0.0850452 0.103617 0.10897 0.115245 0.1553 0.184336 0.157266 0.156947 0.159592 0.156779 1.813955e-01 0.709
N:22 Run:1 0.108691 0.133683 0.120548 0.0946585 0.0830144 0.0863846 0.0986856 0.0879391 0.0819062 0.0756999 0.0726911 0.071959 0.11211 0.122946 0.120728 0.166996 0.21887 0.228068 0.196348 0.149768 0.134047 1.813955e-01 0.709
N:22 Run:2 0.103997 0.131189 0.336117 0.565753 0.587665 0.618494 0.554549 0.565063 0.5119 0.394291 0.393169 0.414177 0.238301 0.172862 0.171493 0.193227 0.140772 0.13849 0.129179 0.170504 0.180911 1.813955e-01 0.709
N:22 Run:3 0.113286 0.141072 0.117606 0.111266 0.114456 0.111595 0.102343 0.105709 0.101374 0.105002 0.111984 0.111415 0.112048 0.114399 0.1048 0.11799 0.180704 0.186162 0.143264 0.171292 0.145159 1.813955e-01 0.709
N:22 Run:4 0.108691 0.133683 0.120548 0.0946585 0.0830144 0.0863846 0.0986856 0.0879391 0.0819062 0.0756999 0.0726911 0.071959 0.0939703 0.103149 0.110916 0.106075 0.115591 0.141914 0.152575 0.23651 0.22658 1.813955e-01 0.709
N:22 Run:5 0.103997 0.131189 0.336117 0.565753 0.587665 0.618494 0.554549 0.565063 0.5119 0.394291 0.393169 0.414177 0.258173 0.162039 0.135046 0.151559 0.11289 0.15558 0.161467 0.203158 0.170728 1.813955e-01 0.709
N:22 Run:6 0.0755818 0.148564 0.149365 0.159552 0.148316 0.177391 0.165272 0.162735 0.135992 0.139682 0.114753 0.127034 0.139005 0.119979 0.117341 0.119473 0.140238 0.1425 0.157558 0.114349 0.16011 1.813955e-01 0.709
N:22 Run:7 0.132839 0.176842 0.242946 0.402371 0.399757 0.396997 0.361102 0.449717 0.390928 0.445496 0.324336 0.463411 0.21839 0.130194 0.106853 0.104437 0.17025 0.131803 0.134944 0.177938 0.177262 1.813955e-01 0.709
N:22 Run:8 0.112464 0.198477 0.133813 0.0931492 0.0823545 0.0753699 0.073728 0.0733618 0.0727339 0.0727647 0.0728823 0.0718002 0.101498 0.136058 0.141814 0.163627 0.164274 0.137271 0.193899 0.163501 0.146983 1.813955e-01 0.709
N:22 Run:9 0.131728 0.151902 0.165639 0.287751 0.277929 0.25961 0.247386 0.289324 0.272507 0.300761 0.310737 0.295203 0.204685 0.159555 0.159656 0.117605 0.133886 0.155358 0.184585 0.177856 0.175161 1.813955e-01 0.709
N:23 Run:0 0.106147 0.12284 0.130898 0.10964 0.0872745 0.0970218 0.0993768 0.0827886 0.0857193 0.0802897 0.0798046 0.0850452 0.103617 0.10897 0.115245 0.1553 0.184336 0.157266 0.156947 0.159592 0.156779 1.822627e-01 0.704
N:23 Run:1 0.108691 0.133683 0.120548 0.0946585 0.0830144 0.0863846 0.0986856 0.0879391 0.0819062 0.0756999 0.0726911 0.071959 0.11211 0.122946 0.120728 0.166996 0.21887 0.228068 0.196348 0.149768 0.134047 1.822627e-01 0.704
N:23 Run:2 0.103997 0.131189 0.336117 0.565753 0.587665 0.618494 0.554549 0.565063 0.5119 0.394291 0.393169 0.414177 0.238301 0.172862 0.171493 0.193227 0.140772 0.13849 0.129179 0.170504 0.180911 1.822627e-01 0.704
N:23 Run:3 0.113286 0.141072 0.117606 0.111266 0.114456 0.111595 0.102343 0.105709 0.101374 0.105002 0.111984 0.111415 0.112048 0.114399 0.1048 0.11799 0.180704 0.186162 0.143264 0.171292 0.145159 1.822627e-01 0.704
N:23 Run:4 0.108691 0.133683 0.120548 0.0946585 0.0830144 0.0863846 0.0986856 0.0879391 0.0819062 0.0756999 0.0726911 0.071959 0.0939703 0.103149 0.110916 0.106075 0.115591 0.141914 0.152575 0.23651 0.22658 1.822627e-01 0.704
N:23 Run:5 0.103997 0.131189 0.336117 0.565753 0.587665 0.618494 0.554549 0.565063 0.5119 0.394291 0.393169 0.414177 0.258173 0.162039 0.135046 0.151559 0.11289 0.15558 0.161467 0.203158 0.170728 1.822627e-01 0.704
N:23 Run:6 0.0755818 0.148564 0.149365 0.159552 0.148316 0.177391 0.165272 0.162735 0.135992 0.139682 0.114753 0.127034 0.139005 0.119979 0.117341 0.119473 0.140238 0.1425 0.157558 0.114349 0.16011 1.822627e-01 0.704
N:23 Run:7 0.132839 0.176842 0.242946 0.402371 0.399757 0.396997 0.361102 0.449717 0.390928 0.445496 0.324336 0.463411 0.21839 0.130194 0.106853 0.104437 0.17025 0.131803 0.134944 0.177938 0.177262 1.822627e-01 0.704
N:23 Run:8 0.112464 0.198477 0.133813 0.0931492 0.0823545 0.0753699 0.073728 0.0733618 0.0727339 0.0727647 0.0728823 0.0718002 0.101498 0.136058 0.141814 0.163627 0.164274 0.137271 0.193899 0.163501 0.146983 1.822627e-01 0.704
N:23 Run:9 0.131728 0.151902 0.165639 0.287751 0.277929 0.25961 0.247386 0.289324 0.272507 0.300761 0.310737 0.295203 0.204685 0.159555 0.159656 0.117605 0.133886 0.155358 0.184585 0.177856 0.175161 1.822627e-01 0.704
N:24 Run:0 0.106147 0.12284 0.130898 0.10964 0.0872745 0.0970218 0.0993768 0.0827886 0.0857193 0.0802897 0.0798046 0.0850452 0.103617 0.10897 0.115245 0.1553 0.184336 0.157266 0.156947 0.159592 0.156779 1.833093e-01 0.701
N:24 Run:1 0.108691 0.133683 0.120548 0.0946585 0.0830144 0.0863846 0.0986856 0.0879391 0.0819062 0.0756999 0.0726911 0.071959 0.11211 0.122946 0.120728 0.166996 0.21887 0.228068 0.196348 0.149768 0.134047 1.833093e-01 0.701
N:24 Run:2 0.103997 0.131189 0.336117 0.565753 0.587665 0.618494 0.554549 0.565063 0.5119 0.394291 0.393169 0.414177 0.238301 0.172862 0.171493 0.193227 0.140772 0.13849 0.129179 0.170504 0.180911 1.833093e-01 0.701
N:24 Run:3 0.113286 0.141072 0.117606 0.111266 0.114456 0.111595 0.102343 0.105709 0.101374 0.105002 0.111984 0.111415 0.112048 0.114399 0.1048 0.11799 0.180704 0.186162 0.143264 0.171292 0.145159 1.833093e-01 0.701
N:24 Run:4 0.108691 0.133683 0.120548 0.0946585 0.0830144 0.0863846 0.0986856 0.0879391 0.0819062 0.0756999 0.0726911 0.071959 0.0939703 0.103149 0.110916 0.106075 0.115591 0.141914 0.152575 0.23651 0.22658 1.833093e-01 0.701
N:24 Run:5 0.103997 0.131189 0.336117 0.565753 0.587665 0.618494 0.554549 0.565063 0.5119 0.394291 0.393169 0.414177 0.258173 0.162039 0.135046 0.151559 0.11289 0.15558 0.161467 0.203158 0.170728 1.833093e-01 0.701
N:24 Run:6 0.0755818 0.148564 0.149365 0.159552 0.148316 0.177391 0.165272 0.162735 0.135992 0.139682 0.114753 0.127034 0.139005 0.119979 0.117341 0.119473 0.140238 0.1425 0.157558 0.114349 0.16011 1.833093e-01 0.701
N:24 Run:7 0.132839 0.176842 0.242946 0.402371 0.399757 0.396997 0.361102 0.449717 0.390928 0.445496 0.324336 0.463411 0.21839 0.130194 0.106853 0.104437 0.17025 0.131803 0.134944 0.177938 0.177262 1.833093e-01 0.701
N:24 Run:8 0.112464 0.198477 0.133813 0.0931492 0.0823545 0.0753699 0.073728 0.0733618 0.0727339 0.0727647 0.0728823 0.0718002 0.101498 0.136058 0.141814 0.163627 0.164274 0.137271 0.193899 0.163501 0.146983 1.833093e-01 0.701
N:24 Run:9 0.131728 0.151902 0.165639 0.287751 0.277929 0.25961 0.247386 0.289324 0.272507 0.300761 0.310737 0.295203 0.204685 0.159555 0.159656 0.117605 0.133886 0.155358 0.184585 0.177856 0.175161 1.833093e-01 0.701
N:25 Run:0 0.106147 0.12284 0.130898 0.10964 0.0872745 0.0970218 0.0993768 0.0827886 0.0857193 0.0802897 0.0798046 0.0850452 0.103617 0.10897 0.115245 0.1553 0.184336 0.157266 0.156947 0.159592 0.156779 1.822551e-01 0.710
N:25 Run:1 0.108691 0.133683 0.120548 0.0946585 0.0830144 0.0863846 0.0986856 0.0879391 0.0819062 0.0756999 0.0726911 0.071959 0.11211 0.122946 0.120728 0.166996 0.21887 0.228068 0.196348 0.149768 0.134047 1.822551e-01 0.710
N:25 Run:2 0.103997 0.131189 0.336117 0.565753 0.587665 0.618494 0.554549 0.565063 0.5119 0.394291 0.393169 0.414177 0.238301 0.172862 0.171493 0.193227 0.140772 0.13849 0.129179 0.170504 0.180911 1.822551e-01 0.710
N:25 Run:3 0.113286 0.141072 0.117606 0.111266 0.114456 0.111595 0.102343 0.105709 0.101374 0.105002 0.111984 0.111415 0.112048 0.114399 0.1048 0.11799 0.180704 0.186162 0.143264 0.171292 0.145159 1.822551e-01 0.710
N:25 Run:4 0.108691 0.133683 0.120548 0.0946585 0.0830144 0.0863846 0.0986856 0.0879391 0.0819062 0.0756999 0.0726911 0.071959 0.0939703 0.103149 0.110916 0.106075 0.115591 0.141914 0.152575 0.23651 0.22658 1.822551e-01 0.710
N:25 Run:5 0.103997 0.131189 0.336117 0.565753 0.587665 0.618494 0.554549 0.565063 0.5119 0.394291 0.393169 0.414177 0.258173 0.162039 0.135046 0.151559 0.11289 0.15558 0.161467 0.203158 0.170728 1.822551e-01 0.710
N:25 Run:6 0.0755818 0.148564 0.149365 0.159552 0.148316 0.177391 0.165272 0.162735 0.135992 0.139682 0.114753 0.127034 0.139005 0.119979 0.117341 0.119473 0.140238 0.1425 0.157558 0.114349 0.16011 1.822551e-01 0.710
N:25 Run:7 0.132839 0.176842 0.242946 0.402371 0.399757 0.396997 0.361102 0.449717 0.390928 0.445496 0.324336 0.463411 0.21839 0.130194 0.106853 0.104437 0.17025 0.131803 0.134944 0.177938 0.177262 1.822551e-01 0.710
N:25 Run:8 0.112464 0.198477 0.133813 0.0931492 0.0823545 0.0753699 0.073728 0.0733618 0.0727339 0.0727647 0.0728823 0.0718002 0.101498 0.136058 0.141814 0.163627 0.164274 0.137271 0.193899 0.163501 0.146983 1.822551e-01 0.710
N:25 Run:9 0.131728 0.151902 0.165639 0.287751 0.277929 0.25961 0.247386 0.289324 0.272507 0.300761 0.310737 0.295203 0.204685 0.159555 0.159656 0.117605 0.133886 0.155358 0.184585 0.177856 0.175161 1.822551e-01 0.710
N:26 Run:0 0.106147 0.12284 0.130898 0.10964 0.0872745 0.0970218 0.0993768 0.0827886 0.0857193 0.0802897 0.0798046 0.0850452 0.103617 0.10897 0.115245 0.1553 0.184336 0.157266 0.156947 0.159592 0.156779 1.796661e-01 0.707
N:26 Run:1 0.108691 0.133683 0.120548 0.0946585 0.0830144 0.0863846 0.0986856 0.0879391 0.0819062 0.0756999 0.0726911 0.071959 0.11211 0.122946 0.120728 0.166996 0.21887 0.228068 0.196348 0.149768 0.134047 1.796661e-01 0.707
N:26 Run:2 0.103997 0.131189 0.336117 0.565753 0.587665 0.618494 0.554549 0.565063 0.5119 0.394291 0.393169 0.414177 0.238301 0.172862 0.171493 0.193227 0.140772 0.13849 0.129179 0.170504 0.180911 1.796661e-01 0.707
N:26 Run:3 0.113286 0.141072 0.117606 0.111266 0.114456 0.111595 0.102343 0.105709 0.101374 0.105002 0.111984 0.111415 0.112048 0.114399 0.1048 0.11799 0.180704 0.186162 0.143264 0.171292 0.145159 1.796661e-01 0.707
N:26 Run:4 0.108691 0.133683 0.120548 0.0946585 0.0830144 0.0863846 0.0986856 0.0879391 0.0819062 0.0756999 0.0726911 0.071959 0.0939703 0.103149 0.110916 0.106075 0.115591 0.141914 0.152575 0.23651 0.22658 1.796661e-01 0.707
N:26 Run:5 0.103997 0.131189 0.336117 0.565753 0.587665 0.618494 0.554549 0.565063 0.5119 0.394291 0.393169 0.414177 0.258173 0.162039 0.135046 0.151559 0.11289 0.15558 0.161467 0.203158 0.170728 1.796661e-01 0.707
N:26 Run:6 0.0755818 0.148564 0.149365 0.159552 0.148316 0.177391 0.165272 0.162735 0.135992 0.139682 0.114753 0.127034 0.139005 0.119979 0.117341 0.119473 0.140238 0.1425 0.157558 0.114349 0.16011 1.796661e-01 0.707
N:26 Run:7 0.132839 0.176842 0.242946 0.402371 0.399757 0.396997 0.361102 0.449717 0.390928 0.445496 0.324336 0.463411 0.21839 0.130194 0.106853 0.104437 0.17025 0.131803 0.134944 0.177938 0.177262 1.796661e-01 0.707
N:26 Run:8 0.112464 0.198477 0.133813 0.0931492 0.0823545 0.0753699 0.073728 0.0733618 0.0727339 0.0727647 0.0728823 0.0718002 0.101498 0.136058 0.141814 0.163627 0.164274 0.137271 0.193899 0.163501 0.146983 1.796661e-01 0.707
N:26 Run:9 0.131728 0.151902 0.165639 0.287751 0.277929 0.25961 0.247386 0.289324 0.272507 0.300761 0.310737 0.295203 0.204685 0.159555 0.159656 0.117605 0.133886 0.155358 0.184585 0.177856 0.175161 1.796661e-01 0.707
N:27 Run:0 0.106147 0.12284 0.130898 0.10964 0.0872745 0.0970218 0.0993768 0.0827886 0.0857193 0.0802897 0.0798046 0.0850452 0.103617 0.10897 0.115245 0.1553 0.184336 0.157266 0.156947 0.159592 0.156779 1.828389e-01 0.710
N:27 Run:1 0.108691 0.133683 0.120548 0.0946585 0.0830144 0.0863846 0.0986856 0.0879391 0.0819062 0.0756999 0.0726911 0.071959 0.11211 0.122946 0.120728 0.166996 0.21887 0.228068 0.196348 0.149768 0.134047 1.828389e-01 0.710
N:27 Run:2 0.103997 0.131189 0.336117 0.565753 0.587665 0.618494 0.554549 0.565063 0.5119 0.394291 0.393169 0.414177 0.238301 0.172862 0.171493 0.193227 0.140772 0.13849 0.129179 0.170504 0.180911 1.828389e-01 0.710
N:27 Run:3 0.113286 0.141072 0.117606 0.111266 0.114456 0.111595 0.102343 0.105709 0.101374 0.105002 0.111984 0.111415 0.112048 0.114399 0.1048 0.11799 0.180704 0.186162 0.143264 0.171292 0.145159 1.828389e-01 0.710
N:27 Run:4 0.108691 0.133683 0.120548 0.0946585 0.0830144 0.0863846 0.0986856 0.0879391 0.0819062 0.0756999 0.0726911 0.071959 0.0939703 0.103149 0.110916 0.106075 0.115591 0.141914 0.152575 0.23651 0.22658 1.828389e-01 0.710
N:27 Run:5 0.103997 0.131189 0.336117 0.565753 0.587665 0.618494 0.554549 0.565063 0.5119 0.394291 0.393169 0.414177 0.258173 0.162039 0.135046 0.151559 0.11289 0.15558 0.161467 0.203158 0.170728 1.828389e-01 0.710
N:27 Run:6 0.0755818 0.148564 0.149365 0.159552 0.148316 0.177391 0.165272 0.162735 0.135992 0.139682 0.114753 0.127034 0.139005 0.119979 0.117341 0.119473 0.140238 0.1425 0.157558 0.114349 0.16011 1.828389e-01 0.710
N:27 Run:7 0.132839 0.176842 0.242946 0.402371 0.399757 0.396997 0.361102 0.449717 0.390928 0.445496 0.324336 0.463411 0.21839 0.130194 0.106853 0.104437 0.17025 0.131803 0.134944 0.177938 0.177262 1.828389e-01 0.710
N:27 Run:8 0.112464 0.198477 0.133813 0.0931492 0.0823545 0.0753699 0.073728 0.0733618 0.0727339 0.0727647 0.0728823 0.0718002 0.101498 0.136058 0.141814 0.163627 0.164274 0.137271 0.193899 0.163501 0.146983 1.828389e-01 0.710
N:27 Run:9 0.131728 0.151902 0.165639 0.287751 0.277929 0.25961 0.247386 0.289324 0.272507 0.300761 0.310737 0.295203 0.204685 0.159555 0.159656 0.117605 0.133886 0.155358 0.184585 0.177856 0.175161 1.828389e-01 0.710
N:28 Run:0 0.106147 0.12284 0.130898 0.10964 0.0872745 0.0970218 0.0993768 0.0827886 0.0857193 0.0802897 0.0798046 0.0850452 0.103617 0.10897 0.115245 0.1553 0.184336 0.157266 0.156947 0.159592 0.156779 1.820045e-01 0.700
N:28 Run:1 0.108691 0.133683 0.120548 0.0946585 0.0830144 0.0863846 0.0986856 0.0879391 0.0819062 0.0756999 0.0726911 0.071959 0.11211 0.122946 0.120728 0.166996 0.21887 0.228068 0.196348 0.149768 0.134047 1.820045e-01 0.700
N:28 Run:2 0.103997 0.131189 0.336117 0.565753 0.587665 0.618494 0.554549 0.565063 0.5119 0.394291 0.393169 0.414177 0.238301 0.172862 0.171493 0.193227 0.140772 0.13849 0.129179 0.170504 0.180911 1.820045e-01 0.700
N:28 Run:3 0.113286 0.141072 0.117606 0.111266 0.114456 0.111595 0.102343 0.105709 0.101374 0.105002 0.111984 0.111415 0.112048 0.114399 0.1048 0.11799 0.180704 0.186162 0.143264 0.171292 0.145159 1.820045e-01 0.700
N:28 Run:4 0.108691 0.133683 0.120548 0.0946585 0.0830144 0.0863846 0.0986856 0.0879391 0.0819062 0.0756999 0.0726911 0.071959 0.0939703 0.103149 0.110916 0.106075 0.115591 0.141914 0.152575 0.23651 0.22658 1.820045e-01 0.700
N:28 Run:5 0.103997 0.131189 0.336117 0.565753 0.587665 0.618494 0.554549 0.565063 0.5119 0.394291 0.393169 0.414177 0.258173 0.162039 0.135046 0.151559 0.11289 0.15558 0.161467 0.203158 0.170728 1.820045e-01 0.700
N:28 Run:6 0.0755818 0.148564 0.149365 0.159552 0.148316 0.177391 0.165272 0.162735 0.135992 0.139682 0.114753 0.127034 0.139005 0.119979 0.117341 0.119473 0.140238 0.1425 0.157558 0.114349 0.16011 1.820045e-01 0.700
N:28 Run:7 0.132839 0.176842 0.242946 0.402371 0.399757 0.396997 0.361102 0.449717 0.390928 0.445496 0.324336 0.463411 0.21839 0.130194 0.106853 0.104437 0.17025 0.131803 0.134944 0.177938 0.177262 1.820045e-01 0.700
N:28 Run:8 0.112464 0.198477 0.133813 0.0931492 0.0823545 0.0753699 0.073728 0.0733618 0.0727339 0.0727647 0.0728823 0.0718002 0.101498 0.136058 0.141814 0.163627 0.164274 0.137271 0.193899 0.163501 0.146983 1.820045e-01 0.700
N:28 Run:9 0.131728 0.151902 0.165639 0.287751 0.277929 0.25961 0.247386 0.289324 0.272507 0.300761 0.310737 0.295203 0.204685 0.159555 0.159656 0.117605 0.133886 0.155358 0.184585 0.177856 0.175161 1.820045e-01 0.700
N:29 Run:0 0.106147 0.12284 0.130898 0.10964 0.0872745 0.0970218 0.0993768 0.0827886 0.0857193 0.0802897 0.0798046 0.0850452 0.103617 0.10897 0.115245 0.1553 0.184336 0.157266 0.156947 0.159592 0.156779 1.848475e-01 0.701
N:29 Run:1 0.108691 0.133683 0.120548 0.0946585 0.0830144 0.0863846 0.0986856 0.0879391 0.0819062 0.0756999 0.0726911 0.071959 0.11211 0.122946 0.120728 0.166996 0.21887 0.228068 0.196348 0.149768 0.134047 1.848475e-01 0.701
N:29 Run:2 0.103997 0.131189 0.336117 0.565753 0.587665 0.618494 0.554549 0.565063 0.5119 0.394291 0.393169 0.414177 0.238301 0.172862 0.171493 0.193227 0.140772 0.13849 0.129179 0.170504 0.180911 1.848475e-01 0.701
N:29 Run:3 0.113286 0.141072 0.117606 0.111266 0.114456 0.111595 0.102343 0.105709 0.101374 0.105002 0.111984 0.111415 0.112048 0.114399 0.1048 0.11799 0.180704 0.186162 0.143264 0.171292 0.145159 1.848475e-01 0.701
N:29 Run:4 0.108691 0.133683 0.120548 0.0946585 0.0830144 0.0863846 0.0986856 0.0879391 0.0819062 0.0756999 0.0726911 0.071959 0.0939703 0.103149 0.110916 0.106075 0.115591 0.141914 0.152575 0.23651 0.22658 1.848475e-01 0.701
N:29 Run:5 0.103997 0.131189 0.336117 0.565753 0.587665 0.618494 0.554549 0.565063 0.5119 0.394291 0.393169 0.414177 0.258173 0.162039 0.135046 0.151559 0.11289 0.15558 0.161467 0.203158 0.170728 1.848475e-01 0.701
N:29 Run:6 0.0755818 0.148564 0.149365 0.159552 0.148316 0.177391 0.165272 0.162735 0.135992 0.139682 0.114753 0.127034 0.139005 0.119979 0.117341 0.119473 0.140238 0.1425 0.157558 0.114349 0.16011 1.848475e-01 0.701
N:29 Run:7 0.132839 0.176842 0.242946 0.402371 0.399757 0.396997 0.361102 0.449717 0.390928 0.445496 0.324336 0.463411 0.21839 0.130194 0.106853 0.104437 0.17025 0.131803 0.134944 0.177938 0.177262 1.848475e-01 0.701
N:29 Run:8 0.112464 0.198477 0.133813 0.0931492 0.0823545 0.0753699 0.073728 0.0733618 0.0727339 0.0727647 0.0728823 0.0718002 0.101498 0.136058 0.141814 0.163627 0.164274 0.137271 0.193899 0.163501 0.146983 1.848475e-01 0.701
N:29 Run:9 0.131728 0.151902 0.165639 0.287751 0.277929 0.25961 0.247386 0.289324 0.272507 0.300761 0.310737 0.295203 0.204685 0.159555 0.159656 0.117605 0.133886 0.155358 0.184585 0.177856 0.175161 1.848475e-01 0.701
