Seed:1578616258
N:0 Run:0 0.606038 0.591575 0.570448 0.541357 0.548894 0.569437 0.554194 0.548668 0.553437 0.551835 0.535258 0.546126 0.533744 0.531904 0.495002 0.560364 0.563741 0.553776 0.574007 0.578066 0.593834 8.306147e-02 0.479
N:0 Run:1 0.554472 0.583916 0.551198 0.537528 0.554863 0.529426 0.541533 0.539666 0.587756 0.546377 0.568137 0.561555 0.560357 0.553641 0.531397 0.565287 0.559874 0.542668 0.57981 0.584568 0.556706 8.306147e-02 0.479
N:0 Run:2 0.552756 0.532972 0.601741 0.619865 0.619711 0.62004 0.61609 0.620131 0.607974 0.587689 0.591917 0.592036 0.606767 0.602212 0.612542 0.604675 0.5923 0.588732 0.592064 0.572321 0.572445 8.306147e-02 0.479
N:0 Run:3 0.583663 0.576305 0.579961 0.559763 0.585167 0.555778 0.580251 0.56374 0.569176 0.548948 0.557636 0.551071 0.545395 0.549872 0.55626 0.570956 0.577523 0.581301 0.55679 0.573925 0.592941 8.306147e-02 0.479
N:0 Run:4 0.554472 0.583916 0.551198 0.537528 0.554863 0.529426 0.541533 0.539666 0.587756 0.546377 0.568137 0.561555 0.531126 0.535682 0.563139 0.57389 0.546299 0.581616 0.578143 0.580695 0.599803 8.306147e-02 0.479
N:0 Run:5 0.552756 0.532972 0.601741 0.619865 0.619711 0.62004 0.61609 0.620131 0.607974 0.587689 0.591917 0.592036 0.57775 0.554111 0.555238 0.570848 0.506783 0.568789 0.584933 0.592985 0.574204 8.306147e-02 0.479
N:0 Run:6 0.54438 0.537675 0.551186 0.57117 0.575886 0.581621 0.557531 0.579822 0.577282 0.538594 0.550862 0.55142 0.546262 0.542777 0.532832 0.553744 0.567225 0.573102 0.564609 0.57288 0.526267 8.306147e-02 0.479
N:0 Run:7 0.553952 0.544619 0.600894 0.614591 0.627192 0.614531 0.629693 0.632664 0.626014 0.624568 0.628166 0.624294 0.590973 0.550512 0.537822 0.545924 0.534686 0.552462 0.572121 0.589271 0.583613 8.306147e-02 0.479
N:0 Run:8 0.543417 0.575502 0.605225 0.604802 0.594674 0.588708 0.594336 0.581144 0.606755 0.592738 0.598807 0.591689 0.592937 0.588293 0.568528 0.576422 0.562335 0.572311 0.56467 0.546257 0.570537 8.306147e-02 0.479
N:0 Run:9 0.474572 0.558301 0.564713 0.561962 0.55812 0.565318 0.552535 0.577559 0.558116 0.570902 0.570421 0.555797 0.570252 0.567514 0.563726 0.572214 0.581559 0.589058 0.580073 0.533134 0.566322 8.306147e-02 0.479
N:1 Run:0 0.606038 0.591575 0.570448 0.541357 0.548894 0.569437 0.554194 0.548668 0.553437 0.551835 0.535258 0.546126 0.533744 0.531904 0.495002 0.560364 0.563741 0.553776 0.574007 0.578066 0.593834 8.342471e-02 0.485
N:1 Run:1 0.554472 0.583916 0.551198 0.537528 0.554863 0.529426 0.541533 0.539666 0.587756 0.546377 0.568137 0.561555 0.560357 0.553641 0.531397 0.565287 0.559874 0.542668 0.57981 0.584568 0.556706 8.342471e-02 0.485
N:1 Run:2 0.552756 0.532972 0.601741 0.619865 0.619711 0.62004 0.61609 0.620131 0.607974 0.587689 0.591917 0.592036 0.606767 0.602212 0.612542 0.604675 0.5923 0.588732 0.592064 0.572321 0.572445 8.342471e-02 0.485
N:1 Run:3 0.583663 0.576305 0.579961 0.559763 0.585167 0.555778 0.580251 0.56374 0.569176 0.548948 0.557636 0.551071 0.545395 0.549872 0.55626 0.570956 0.577523 0.581301 0.55679 0.573925 0.592941 8.342471e-02 0.485
N:1 Run:4 0.554472 0.583916 0.551198 0.537528 0.554863 0.529426 0.541533 0.539666 0.587756 0.546377 0.568137 0.561555 0.531126 0.535682 0.563139 0.57389 0.546299 0.581616 0.578143 0.580695 0.599803 8.342471e-02 0.485
N:1 Run:5 0.552756 0.532972 0.601741 0.619865 0.619711 0.62004 0.61609 0.620131 0.607974 0.587689 0.591917 0.592036 0.57775 0.554111 0.555238 0.570848 0.506783 0.568789 0.584933 0.592985 0.574204 8.342471e-02 0.485
N:1 Run:6 0.54438 0.537675 0.551186 0.57117 0.575886 0.581621 0.557531 0.579822 0.577282 0.538594 0.550862 0.55142 0.546262 0.542777 0.532832 0.553744 0.567225 0.573102 0.564609 0.57288 0.526267 8.342471e-02 0.485
N:1 Run:7 0.553952 0.544619 0.600894 0.614591 0.627192 0.614531 0.629693 0.632664 0.626014 0.624568 0.628166 0.624294 0.590973 0.550512 0.537822 0.545924 0.534686 0.552462 0.572121 0.589271 0.583613 8.342471e-02 0.485
N:1 Run:8 0.543417 0.575502 0.605225 0.604802 0.594674 0.588708 0.594336 0.581144 0.606755 0.592738 0.598807 0.591689 0.592937 0.588293 0.568528 0.576422 0.562335 0.572311 0.56467 0.546257 0.570537 8.342471e-02 0.485
N:1 Run:9 0.474572 0.558301 0.564713 0.561962 0.55812 0.565318 0.552535 0.577559 0.558116 0.570902 0.570421 0.555797 0.570252 0.567514 0.563726 0.572214 0.581559 0.589058 0.580073 0.533134 0.566322 8.342471e-02 0.485
N:2 Run:0 0.606038 0.57588 0.573147 0.556096 0.563665 0.587577 0.570233 0.564382 0.565229 0.564572 0.551724 0.562397 0.545558 0.539794 0.535733 0.570813 0.563596 0.556054 0.564427 0.579722 0.586529 8.027091e-02 0.498
N:2 Run:1 0.554472 0.580589 0.55689 0.546015 0.556654 0.547226 0.554909 0.553916 0.595551 0.562133 0.572496 0.57491 0.547521 0.555807 0.546648 0.574088 0.559648 0.547253 0.574065 0.586059 0.558778 8.027091e-02 0.498
N:2 Run:2 0.552756 0.549813 0.617698 0.619119 0.640884 0.608293 0.568462 0.62185 0.595309 0.590969 0.606085 0.555483 0.592363 0.611325 0.587556 0.577046 0.57102 0.581477 0.600728 0.571644 0.574341 8.027091e-02 0.498
N:2 Run:3 0.583663 0.57502 0.581028 0.565671 0.592434 0.560964 0.585381 0.557768 0.57781 0.56233 0.566226 0.557118 0.557422 0.555736 0.569287 0.561189 0.574974 0.577117 0.560523 0.572366 0.601132 8.027091e-02 0.498
N:2 Run:4 0.554472 0.580589 0.55689 0.546015 0.556654 0.547226 0.554909 0.553916 0.595551 0.562133 0.572496 0.57491 0.550295 0.550359 0.583015 0.597424 0.558466 0.581857 0.579015 0.578153 0.593996 8.027091e-02 0.498
N:2 Run:5 0.552756 0.549813 0.617698 0.619119 0.640884 0.608293 0.568462 0.62185 0.595309 0.590969 0.606085 0.555483 0.544489 0.537146 0.553047 0.570365 0.542414 0.556181 0.582726 0.591966 0.571663 8.027091e-02 0.498
N:2 Run:6 0.54438 0.548499 0.554846 0.561549 0.573804 0.555001 0.545029 0.545422 0.563085 0.550086 0.538854 0.549951 0.543497 0.540077 0.549116 0.555269 0.565561 0.570151 0.563568 0.575722 0.547194 8.027091e-02 0.498
N:2 Run:7 0.553952 0.548875 0.59867 0.605093 0.639322 0.605145 0.627665 0.653491 0.605396 0.622604 0.640597 0.62513 0.619192 0.56595 0.550436 0.560553 0.549255 0.554577 0.570241 0.588188 0.580306 8.027091e-02 0.498
N:2 Run:8 0.543417 0.579818 0.625007 0.579681 0.537395 0.527653 0.526015 0.526908 0.525921 0.525797 0.525747 0.525566 0.525903 0.549589 0.538578 0.571354 0.5632 0.57239 0.563397 0.549976 0.5722 8.027091e-02 0.498
N:2 Run:9 0.474572 0.559876 0.563523 0.562552 0.571696 0.576945 0.561019 0.59637 0.566465 0.553383 0.564809 0.554844 0.556326 0.570737 0.564396 0.578598 0.57929 0.583117 0.579846 0.54987 0.569812 8.027091e-02 0.498
N:3 Run:0 0.606038 0.582682 0.583907 0.564694 0.569563 0.584922 0.574498 0.567997 0.563401 0.561227 0.550114 0.561864 0.544789 0.537224 0.530286 0.556219 0.558493 0.554379 0.559712 0.576903 0.581747 7.909560e-02 0.508
N:3 Run:1 0.554472 0.571246 0.559177 0.546998 0.554783 0.548442 0.554555 0.555633 0.582818 0.565602 0.569505 0.572561 0.55312 0.555469 0.546201 0.563731 0.557607 0.54719 0.565357 0.583569 0.563551 7.909560e-02 0.508
N:3 Run:2 0.552756 0.550637 0.607371 0.63015 0.655098 0.640085 0.615478 0.640253 0.626866 0.613016 0.62155 0.593969 0.602912 0.609434 0.603205 0.58601 0.574842 0.577944 0.591955 0.574696 0.576209 7.909560e-02 0.508
N:3 Run:3 0.583663 0.576782 0.579245 0.568494 0.585285 0.564408 0.577293 0.560122 0.570895 0.561759 0.560958 0.55287 0.552371 0.549256 0.561583 0.559752 0.567976 0.571374 0.561478 0.568058 0.590125 7.909560e-02 0.508
N:3 Run:4 0.554472 0.571246 0.559177 0.546998 0.554783 0.548442 0.554555 0.555633 0.582818 0.565602 0.569505 0.572561 0.551783 0.546286 0.571911 0.589935 0.564243 0.577656 0.582683 0.57973 0.588327 7.909560e-02 0.508
N:3 Run:5 0.552756 0.550637 0.607371 0.63015 0.655098 0.640085 0.615478 0.640253 0.626866 0.613016 0.62155 0.593969 0.566293 0.545112 0.548604 0.562004 0.54252 0.553127 0.574687 0.58836 0.575025 7.909560e-02 0.508
N:3 Run:6 0.54438 0.54722 0.550681 0.55638 0.567374 0.558545 0.547286 0.549089 0.558351 0.547742 0.53959 0.544205 0.54008 0.535947 0.542981 0.548673 0.558009 0.566147 0.561664 0.569657 0.550032 7.909560e-02 0.508
N:3 Run:7 0.553952 0.547959 0.583431 0.595542 0.635979 0.611391 0.627225 0.665427 0.622876 0.625705 0.642101 0.629792 0.629754 0.581645 0.554802 0.560343 0.550921 0.551735 0.563732 0.580929 0.577593 7.909560e-02 0.508
N:3 Run:8 0.543417 0.571273 0.617754 0.609368 0.573696 0.54492 0.533546 0.534676 0.531589 0.528834 0.528558 0.518554 0.523782 0.543227 0.539095 0.561604 0.561055 0.56794 0.562769 0.550877 0.572139 7.909560e-02 0.508
N:3 Run:9 0.474572 0.534738 0.551671 0.556443 0.570236 0.570895 0.558918 0.585656 0.565662 0.558084 0.560726 0.552408 0.555302 0.562677 0.560548 0.570371 0.576412 0.578587 0.57848 0.554459 0.563558 7.909560e-02 0.508
N:4 Run:0 0.606038 0.56975 0.603803 0.577437 0.591754 0.599805 0.587605 0.58199 0.567207 0.56445 0.556269 0.5831 0.553325 0.54256 0.541866 0.554687 0.558023 0.555593 0.556013 0.586442 0.578359 7.712361e-02 0.494
N:4 Run:1 0.554472 0.564369 0.562376 0.550604 0.563266 0.56133 0.569061 0.572183 0.576008 0.569861 0.56876 0.576712 0.5511 0.560096 0.55204 0.561939 0.555945 0.549466 0.563595 0.596097 0.567976 7.712361e-02 0.494
N:4 Run:2 0.552756 0.560924 0.604774 0.630344 0.694094 0.639411 0.590899 0.648243 0.614096 0.605291 0.623333 0.574802 0.574397 0.584981 0.569827 0.55919 0.555175 0.564802 0.580845 0.568439 0.579554 7.712361e-02 0.494
N:4 Run:3 0.583663 0.575982 0.577429 0.569924 0.583796 0.56255 0.568482 0.551912 0.566207 0.563816 0.558228 0.550441 0.556027 0.549146 0.565462 0.552105 0.557173 0.558908 0.559142 0.564884 0.584572 7.712361e-02 0.494
N:4 Run:4 0.554472 0.564369 0.562376 0.550604 0.563266 0.56133 0.569061 0.572183 0.576008 0.569861 0.56876 0.576712 0.557133 0.553136 0.578026 0.597392 0.567909 0.579384 0.596883 0.584205 0.582118 7.712361e-02 0.494
N:4 Run:5 0.552756 0.560924 0.604774 0.630344 0.694094 0.639411 0.590899 0.648243 0.614096 0.605291 0.623333 0.574802 0.549357 0.539311 0.544474 0.557979 0.549849 0.547161 0.575428 0.594596 0.576066 7.712361e-02 0.494
N:4 Run:6 0.54438 0.556728 0.554402 0.553054 0.565456 0.549876 0.543613 0.540995 0.547172 0.547646 0.539104 0.543047 0.539948 0.537684 0.551458 0.548841 0.554494 0.567933 0.559521 0.565671 0.555517 7.712361e-02 0.494
N:4 Run:7 0.553952 0.550487 0.579875 0.585829 0.66129 0.609706 0.614449 0.725339 0.617179 0.622137 0.644288 0.624002 0.649487 0.589688 0.560159 0.570929 0.560841 0.554478 0.56381 0.582139 0.571902 7.712361e-02 0.494
N:4 Run:8 0.543417 0.577691 0.617719 0.588048 0.55299 0.537968 0.533136 0.533256 0.531812 0.53134 0.531182 0.530392 0.530692 0.539986 0.537534 0.561247 0.563629 0.567788 0.562473 0.552061 0.591219 7.712361e-02 0.494
N:4 Run:9 0.474572 0.535445 0.553686 0.556688 0.585503 0.57033 0.556974 0.58745 0.562298 0.547764 0.549003 0.545875 0.544301 0.554152 0.554492 0.56348 0.576486 0.569313 0.575058 0.556738 0.55876 7.712361e-02 0.494
N:5 Run:0 0.606038 0.56975 0.603803 0.577437 0.591754 0.599805 0.587605 0.58199 0.567207 0.56445 0.556269 0.5831 0.553325 0.54256 0.541866 0.554687 0.558023 0.555593 0.556013 0.586442 0.578359 7.772844e-02 0.483
N:5 Run:1 0.554472 0.564369 0.562376 0.550604 0.563266 0.56133 0.569061 0.572183 0.576008 0.569861 0.56876 0.576712 0.5511 0.560096 0.55204 0.561939 0.555945 0.549466 0.563595 0.596097 0.567976 7.772844e-02 0.483
N:5 Run:2 0.552756 0.560924 0.604774 0.630344 0.694094 0.639411 0.590899 0.648243 0.614096 0.605291 0.623333 0.574802 0.574397 0.584981 0.569827 0.55919 0.555175 0.564802 0.580845 0.568439 0.579554 7.772844e-02 0.483
N:5 Run:3 0.583663 0.575982 0.577429 0.569924 0.583796 0.56255 0.568482 0.551912 0.566207 0.563816 0.558228 0.550441 0.556027 0.549146 0.565462 0.552105 0.557173 0.558908 0.559142 0.564884 0.584572 7.772844e-02 0.483
N:5 Run:4 0.554472 0.564369 0.562376 0.550604 0.563266 0.56133 0.569061 0.572183 0.576008 0.569861 0.56876 0.576712 0.557133 0.553136 0.578026 0.597392 0.567909 0.579384 0.596883 0.584205 0.582118 7.772844e-02 0.483
N:5 Run:5 0.552756 0.560924 0.604774 0.630344 0.694094 0.639411 0.590899 0.648243 0.614096 0.605291 0.623333 0.574802 0.549357 0.539311 0.544474 0.557979 0.549849 0.547161 0.575428 0.594596 0.576066 7.772844e-02 0.483
N:5 Run:6 0.54438 0.556728 0.554402 0.553054 0.565456 0.549876 0.543613 0.540995 0.547172 0.547646 0.539104 0.543047 0.539948 0.537684 0.551458 0.548841 0.554494 0.567933 0.559521 0.565671 0.555517 7.772844e-02 0.483
N:5 Run:7 0.553952 0.550487 0.579875 0.585829 0.66129 0.609706 0.614449 0.725339 0.617179 0.622137 0.644288 0.624002 0.649487 0.589688 0.560159 0.570929 0.560841 0.554478 0.56381 0.582139 0.571902 7.772844e-02 0.483
N:5 Run:8 0.543417 0.577691 0.617719 0.588048 0.55299 0.537968 0.533136 0.533256 0.531812 0.53134 0.531182 0.530392 0.530692 0.539986 0.537534 0.561247 0.563629 0.567788 0.562473 0.552061 0.591219 7.772844e-02 0.483
N:5 Run:9 0.474572 0.535445 0.553686 0.556688 0.585503 0.57033 0.556974 0.58745 0.562298 0.547764 0.549003 0.545875 0.544301 0.554152 0.554492 0.56348 0.576486 0.569313 0.575058 0.556738 0.55876 7.772844e-02 0.483
N:6 Run:0 0.606038 0.56975 0.603803 0.577437 0.591754 0.599805 0.587605 0.58199 0.567207 0.56445 0.556269 0.5831 0.553325 0.54256 0.541866 0.554687 0.558023 0.555593 0.556013 0.586442 0.578359 7.762732e-02 0.489
N:6 Run:1 0.554472 0.564369 0.562376 0.550604 0.563266 0.56133 0.569061 0.572183 0.576008 0.569861 0.56876 0.576712 0.5511 0.560096 0.55204 0.561939 0.555945 0.549466 0.563595 0.596097 0.567976 7.762732e-02 0.489
N:6 Run:2 0.552756 0.560924 0.604774 0.630344 0.694094 0.639411 0.590899 0.648243 0.614096 0.605291 0.623333 0.574802 0.574397 0.584981 0.569827 0.55919 0.555175 0.564802 0.580845 0.568439 0.579554 7.762732e-02 0.489
N:6 Run:3 0.583663 0.575982 0.577429 0.569924 0.583796 0.56255 0.568482 0.551912 0.566207 0.563816 0.558228 0.550441 0.556027 0.549146 0.565462 0.552105 0.557173 0.558908 0.559142 0.564884 0.584572 7.762732e-02 0.489
N:6 Run:4 0.554472 0.564369 0.562376 0.550604 0.563266 0.56133 0.569061 0.572183 0.576008 0.569861 0.56876 0.576712 0.557133 0.553136 0.578026 0.597392 0.567909 0.579384 0.596883 0.584205 0.582118 7.762732e-02 0.489
N:6 Run:5 0.552756 0.560924 0.604774 0.630344 0.694094 0.639411 0.590899 0.648243 0.614096 0.605291 0.623333 0.574802 0.549357 0.539311 0.544474 0.557979 0.549849 0.547161 0.575428 0.594596 0.576066 7.762732e-02 0.489
N:6 Run:6 0.54438 0.556728 0.554402 0.553054 0.565456 0.549876 0.543613 0.540995 0.547172 0.547646 0.539104 0.543047 0.539948 0.537684 0.551458 0.548841 0.554494 0.567933 0.559521 0.565671 0.555517 7.762732e-02 0.489
N:6 Run:7 0.553952 0.550487 0.579875 0.585829 0.66129 0.609706 0.614449 0.725339 0.617179 0.622137 0.644288 0.624002 0.649487 0.589688 0.560159 0.570929 0.560841 0.554478 0.56381 0.582139 0.571902 7.762732e-02 0.489
N:6 Run:8 0.543417 0.577691 0.617719 0.588048 0.55299 0.537968 0.533136 0.533256 0.531812 0.53134 0.531182 0.530392 0.530692 0.539986 0.537534 0.561247 0.563629 0.567788 0.562473 0.552061 0.591219 7.762732e-02 0.489
N:6 Run:9 0.474572 0.535445 0.553686 0.556688 0.585503 0.57033 0.556974 0.58745 0.562298 0.547764 0.549003 0.545875 0.544301 0.554152 0.554492 0.56348 0.576486 0.569313 0.575058 0.556738 0.55876 7.762732e-02 0.489
N:7 Run:0 0.606038 0.56975 0.603803 0.577437 0.591754 0.599805 0.587605 0.58199 0.567207 0.56445 0.556269 0.5831 0.553325 0.54256 0.541866 0.554687 0.558023 0.555593 0.556013 0.586442 0.578359 8.317430e-02 0.480
N:7 Run:1 0.554472 0.564369 0.562376 0.550604 0.563266 0.56133 0.569061 0.572183 0.576008 0.569861 0.56876 0.576712 0.5511 0.560096 0.55204 0.561939 0.555945 0.549466 0.563595 0.596097 0.567976 8.317430e-02 0.480
N:7 Run:2 0.552756 0.560924 0.604774 0.630344 0.694094 0.639411 0.590899 0.648243 0.614096 0.605291 0.623333 0.574802 0.574397 0.584981 0.569827 0.55919 0.555175 0.564802 0.580845 0.568439 0.579554 8.317430e-02 0.480
N:7 Run:3 0.583663 0.575982 0.577429 0.569924 0.583796 0.56255 0.568482 0.551912 0.566207 0.563816 0.558228 0.550441 0.556027 0.549146 0.565462 0.552105 0.557173 0.558908 0.559142 0.564884 0.584572 8.317430e-02 0.480
N:7 Run:4 0.554472 0.564369 0.562376 0.550604 0.563266 0.56133 0.569061 0.572183 0.576008 0.569861 0.56876 0.576712 0.557133 0.553136 0.578026 0.597392 0.567909 0.579384 0.596883 0.584205 0.582118 8.317430e-02 0.480
N:7 Run:5 0.552756 0.560924 0.604774 0.630344 0.694094 0.639411 0.590899 0.648243 0.614096 0.605291 0.623333 0.574802 0.549357 0.539311 0.544474 0.557979 0.549849 0.547161 0.575428 0.594596 0.576066 8.317430e-02 0.480
N:7 Run:6 0.54438 0.556728 0.554402 0.553054 0.565456 0.549876 0.543613 0.540995 0.547172 0.547646 0.539104 0.543047 0.539948 0.537684 0.551458 0.548841 0.554494 0.567933 0.559521 0.565671 0.555517 8.317430e-02 0.480
N:7 Run:7 0.553952 0.550487 0.579875 0.585829 0.66129 0.609706 0.614449 0.725339 0.617179 0.622137 0.644288 0.624002 0.649487 0.589688 0.560159 0.570929 0.560841 0.554478 0.56381 0.582139 0.571902 8.317430e-02 0.480
N:7 Run:8 0.543417 0.577691 0.617719 0.588048 0.55299 0.537968 0.533136 0.533256 0.531812 0.53134 0.531182 0.530392 0.530692 0.539986 0.537534 0.561247 0.563629 0.567788 0.562473 0.552061 0.591219 8.317430e-02 0.480
N:7 Run:9 0.474572 0.535445 0.553686 0.556688 0.585503 0.57033 0.556974 0.58745 0.562298 0.547764 0.549003 0.545875 0.544301 0.554152 0.554492 0.56348 0.576486 0.569313 0.575058 0.556738 0.55876 8.317430e-02 0.480
N:8 Run:0 0.606038 0.563375 0.601294 0.570177 0.587261 0.593255 0.577413 0.572854 0.561394 0.560834 0.552797 0.577911 0.546042 0.539829 0.541941 0.558291 0.56083 0.557048 0.558398 0.589572 0.577658 7.710761e-02 0.492
N:8 Run:1 0.554472 0.567887 0.563435 0.549843 0.566631 0.562153 0.570196 0.572067 0.577208 0.566211 0.568344 0.573957 0.546407 0.562332 0.551861 0.564035 0.55662 0.550032 0.568102 0.59827 0.563215 7.710761e-02 0.492
N:8 Run:2 0.552756 0.562735 0.613449 0.644862 0.709013 0.638279 0.588169 0.666466 0.616471 0.60564 0.628977 0.56937 0.575776 0.586629 0.569836 0.559339 0.556623 0.568348 0.583387 0.567015 0.580187 7.710761e-02 0.492
N:8 Run:3 0.583663 0.574345 0.577007 0.568077 0.584802 0.558932 0.569531 0.549663 0.567594 0.561605 0.5563 0.548594 0.555215 0.547652 0.565794 0.550572 0.559236 0.561066 0.560568 0.567362 0.587503 7.710761e-02 0.492
N:8 Run:4 0.554472 0.567887 0.563435 0.549843 0.566631 0.562153 0.570196 0.572067 0.577208 0.566211 0.568344 0.573957 0.55185 0.550342 0.576515 0.592441 0.561442 0.58021 0.595758 0.580644 0.581321 7.710761e-02 0.492
N:8 Run:5 0.552756 0.562735 0.613449 0.644862 0.709013 0.638279 0.588169 0.666466 0.616471 0.60564 0.628977 0.56937 0.543557 0.536662 0.546281 0.562402 0.549445 0.548639 0.580779 0.595885 0.572574 7.710761e-02 0.492
N:8 Run:6 0.54438 0.560514 0.556 0.555127 0.569104 0.54895 0.543876 0.542456 0.550442 0.548417 0.537891 0.544922 0.540445 0.537915 0.553725 0.549891 0.557423 0.571679 0.55947 0.567297 0.554884 7.710761e-02 0.492
N:8 Run:7 0.553952 0.551588 0.585941 0.587753 0.658274 0.596421 0.611544 0.710534 0.591568 0.613438 0.63848 0.613913 0.631049 0.56959 0.54959 0.569196 0.559544 0.554545 0.56689 0.585208 0.570908 7.710761e-02 0.492
N:8 Run:8 0.543417 0.582906 0.623738 0.588125 0.547461 0.533954 0.531703 0.53438 0.532218 0.531678 0.531661 0.529733 0.530657 0.544628 0.539197 0.567455 0.5659 0.569568 0.562859 0.551523 0.594113 7.710761e-02 0.492
N:8 Run:9 0.474572 0.551009 0.561612 0.55984 0.584627 0.565142 0.553113 0.588075 0.556242 0.544751 0.549607 0.546098 0.545219 0.556455 0.55616 0.565477 0.57904 0.569426 0.575912 0.553762 0.559776 7.710761e-02 0.492
N:9 Run:0 0.606038 0.563375 0.601294 0.570177 0.587261 0.593255 0.577413 0.572854 0.561394 0.560834 0.552797 0.577911 0.546042 0.539829 0.541941 0.558291 0.56083 0.557048 0.558398 0.589572 0.577658 7.821223e-02 0.487
N:9 Run:1 0.554472 0.567887 0.563435 0.549843 0.566631 0.562153 0.570196 0.572067 0.577208 0.566211 0.568344 0.573957 0.546407 0.562332 0.551861 0.564035 0.55662 0.550032 0.568102 0.59827 0.563215 7.821223e-02 0.487
N:9 Run:2 0.552756 0.562735 0.613449 0.644862 0.709013 0.638279 0.588169 0.666466 0.616471 0.60564 0.628977 0.56937 0.575776 0.586629 0.569836 0.559339 0.556623 0.568348 0.583387 0.567015 0.580187 7.821223e-02 0.487
N:9 Run:3 0.583663 0.574345 0.577007 0.568077 0.584802 0.558932 0.569531 0.549663 0.567594 0.561605 0.5563 0.548594 0.555215 0.547652 0.565794 0.550572 0.559236 0.561066 0.560568 0.567362 0.587503 7.821223e-02 0.487
N:9 Run:4 0.554472 0.567887 0.563435 0.549843 0.566631 0.562153 0.570196 0.572067 0.577208 0.566211 0.568344 0.573957 0.55185 0.550342 0.576515 0.592441 0.561442 0.58021 0.595758 0.580644 0.581321 7.821223e-02 0.487
N:9 Run:5 0.552756 0.562735 0.613449 0.644862 0.709013 0.638279 0.588169 0.666466 0.616471 0.60564 0.628977 0.56937 0.543557 0.536662 0.546281 0.562402 0.549445 0.548639 0.580779 0.595885 0.572574 7.821223e-02 0.487
N:9 Run:6 0.54438 0.560514 0.556 0.555127 0.569104 0.54895 0.543876 0.542456 0.550442 0.548417 0.537891 0.544922 0.540445 0.537915 0.553725 0.549891 0.557423 0.571679 0.55947 0.567297 0.554884 7.821223e-02 0.487
N:9 Run:7 0.553952 0.551588 0.585941 0.587753 0.658274 0.596421 0.611544 0.710534 0.591568 0.613438 0.63848 0.613913 0.631049 0.56959 0.54959 0.569196 0.559544 0.554545 0.56689 0.585208 0.570908 7.821223e-02 0.487
N:9 Run:8 0.543417 0.582906 0.623738 0.588125 0.547461 0.533954 0.531703 0.53438 0.532218 0.531678 0.531661 0.529733 0.530657 0.544628 0.539197 0.567455 0.5659 0.569568 0.562859 0.551523 0.594113 7.821223e-02 0.487
N:9 Run:9 0.474572 0.551009 0.561612 0.55984 0.584627 0.565142 0.553113 0.588075 0.556242 0.544751 0.549607 0.546098 0.545219 0.556455 0.55616 0.565477 0.57904 0.569426 0.575912 0.553762 0.559776 7.821223e-02 0.487
N:10 Run:0 0.606038 0.563375 0.601294 0.570177 0.587261 0.593255 0.577413 0.572854 0.561394 0.560834 0.552797 0.577911 0.546042 0.539829 0.541941 0.558291 0.56083 0.557048 0.558398 0.589572 0.577658 8.231064e-02 0.496
N:10 Run:1 0.554472 0.567887 0.563435 0.549843 0.566631 0.562153 0.570196 0.572067 0.577208 0.566211 0.568344 0.573957 0.546407 0.562332 0.551861 0.564035 0.55662 0.550032 0.568102 0.59827 0.563215 8.231064e-02 0.496
N:10 Run:2 0.552756 0.562735 0.613449 0.644862 0.709013 0.638279 0.588169 0.666466 0.616471 0.60564 0.628977 0.56937 0.575776 0.586629 0.569836 0.559339 0.556623 0.568348 0.583387 0.567015 0.580187 8.231064e-02 0.496
N:10 Run:3 0.583663 0.574345 0.577007 0.568077 0.584802 0.558932 0.569531 0.549663 0.567594 0.561605 0.5563 0.548594 0.555215 0.547652 0.565794 0.550572 0.559236 0.561066 0.560568 0.567362 0.587503 8.231064e-02 0.496
N:10 Run:4 0.554472 0.567887 0.563435 0.549843 0.566631 0.562153 0.570196 0.572067 0.577208 0.566211 0.568344 0.573957 0.55185 0.550342 0.576515 0.592441 0.561442 0.58021 0.595758 0.580644 0.581321 8.231064e-02 0.496
N:10 Run:5 0.552756 0.562735 0.613449 0.644862 0.709013 0.638279 0.588169 0.666466 0.616471 0.60564 0.628977 0.56937 0.543557 0.536662 0.546281 0.562402 0.549445 0.548639 0.580779 0.595885 0.572574 8.231064e-02 0.496
N:10 Run:6 0.54438 0.560514 0.556 0.555127 0.569104 0.54895 0.543876 0.542456 0.550442 0.548417 0.537891 0.544922 0.540445 0.537915 0.553725 0.549891 0.557423 0.571679 0.55947 0.567297 0.554884 8.231064e-02 0.496
N:10 Run:7 0.553952 0.551588 0.585941 0.587753 0.658274 0.596421 0.611544 0.710534 0.591568 0.613438 0.63848 0.613913 0.631049 0.56959 0.54959 0.569196 0.559544 0.554545 0.56689 0.585208 0.570908 8.231064e-02 0.496
N:10 Run:8 0.543417 0.582906 0.623738 0.588125 0.547461 0.533954 0.531703 0.53438 0.532218 0.531678 0.531661 0.529733 0.530657 0.544628 0.539197 0.567455 0.5659 0.569568 0.562859 0.551523 0.594113 8.231064e-02 0.496
N:10 Run:9 0.474572 0.551009 0.561612 0.55984 0.584627 0.565142 0.553113 0.588075 0.556242 0.544751 0.549607 0.546098 0.545219 0.556455 0.55616 0.565477 0.57904 0.569426 0.575912 0.553762 0.559776 8.231064e-02 0.496
N:11 Run:0 0.606038 0.563375 0.601294 0.570177 0.587261 0.593255 0.577413 0.572854 0.561394 0.560834 0.552797 0.577911 0.546042 0.539829 0.541941 0.558291 0.56083 0.557048 0.558398 0.589572 0.577658 8.326072e-02 0.485
N:11 Run:1 0.554472 0.567887 0.563435 0.549843 0.566631 0.562153 0.570196 0.572067 0.577208 0.566211 0.568344 0.573957 0.546407 0.562332 0.551861 0.564035 0.55662 0.550032 0.568102 0.59827 0.563215 8.326072e-02 0.485
N:11 Run:2 0.552756 0.562735 0.613449 0.644862 0.709013 0.638279 0.588169 0.666466 0.616471 0.60564 0.628977 0.56937 0.575776 0.586629 0.569836 0.559339 0.556623 0.568348 0.583387 0.567015 0.580187 8.326072e-02 0.485
N:11 Run:3 0.583663 0.574345 0.577007 0.568077 0.584802 0.558932 0.569531 0.549663 0.567594 0.561605 0.5563 0.548594 0.555215 0.547652 0.565794 0.550572 0.559236 0.561066 0.560568 0.567362 0.587503 8.326072e-02 0.485
N:11 Run:4 0.554472 0.567887 0.563435 0.549843 0.566631 0.562153 0.570196 0.572067 0.577208 0.566211 0.568344 0.573957 0.55185 0.550342 0.576515 0.592441 0.561442 0.58021 0.595758 0.580644 0.581321 8.326072e-02 0.485
N:11 Run:5 0.552756 0.562735 0.613449 0.644862 0.709013 0.638279 0.588169 0.666466 0.616471 0.60564 0.628977 0.56937 0.543557 0.536662 0.546281 0.562402 0.549445 0.548639 0.580779 0.595885 0.572574 8.326072e-02 0.485
N:11 Run:6 0.54438 0.560514 0.556 0.555127 0.569104 0.54895 0.543876 0.542456 0.550442 0.548417 0.537891 0.544922 0.540445 0.537915 0.553725 0.549891 0.557423 0.571679 0.55947 0.567297 0.554884 8.326072e-02 0.485
N:11 Run:7 0.553952 0.551588 0.585941 0.587753 0.658274 0.596421 0.611544 0.710534 0.591568 0.613438 0.63848 0.613913 0.631049 0.56959 0.54959 0.569196 0.559544 0.554545 0.56689 0.585208 0.570908 8.326072e-02 0.485
N:11 Run:8 0.543417 0.582906 0.623738 0.588125 0.547461 0.533954 0.531703 0.53438 0.532218 0.531678 0.531661 0.529733 0.530657 0.544628 0.539197 0.567455 0.5659 0.569568 0.562859 0.551523 0.594113 8.326072e-02 0.485
N:11 Run:9 0.474572 0.551009 0.561612 0.55984 0.584627 0.565142 0.553113 0.588075 0.556242 0.544751 0.549607 0.546098 0.545219 0.556455 0.55616 0.565477 0.57904 0.569426 0.575912 0.553762 0.559776 8.326072e-02 0.485
N:12 Run:0 0.606038 0.563375 0.601294 0.570177 0.587261 0.593255 0.577413 0.572854 0.561394 0.560834 0.552797 0.577911 0.546042 0.539829 0.541941 0.558291 0.56083 0.557048 0.558398 0.589572 0.577658 8.315904e-02 0.485
N:12 Run:1 0.554472 0.567887 0.563435 0.549843 0.566631 0.562153 0.570196 0.572067 0.577208 0.566211 0.568344 0.573957 0.546407 0.562332 0.551861 0.564035 0.55662 0.550032 0.568102 0.59827 0.563215 8.315904e-02 0.485
N:12 Run:2 0.552756 0.562735 0.613449 0.644862 0.709013 0.638279 0.588169 0.666466 0.616471 0.60564 0.628977 0.56937 0.575776 0.586629 0.569836 0.559339 0.556623 0.568348 0.583387 0.567015 0.580187 8.315904e-02 0.485
N:12 Run:3 0.583663 0.574345 0.577007 0.568077 0.584802 0.558932 0.569531 0.549663 0.567594 0.561605 0.5563 0.548594 0.555215 0.547652 0.565794 0.550572 0.559236 0.561066 0.560568 0.567362 0.587503 8.315904e-02 0.485
N:12 Run:4 0.554472 0.567887 0.563435 0.549843 0.566631 0.562153 0.570196 0.572067 0.577208 0.566211 0.568344 0.573957 0.55185 0.550342 0.576515 0.592441 0.561442 0.58021 0.595758 0.580644 0.581321 8.315904e-02 0.485
N:12 Run:5 0.552756 0.562735 0.613449 0.644862 0.709013 0.638279 0.588169 0.666466 0.616471 0.60564 0.628977 0.56937 0.543557 0.536662 0.546281 0.562402 0.549445 0.548639 0.580779 0.595885 0.572574 8.315904e-02 0.485
N:12 Run:6 0.54438 0.560514 0.556 0.555127 0.569104 0.54895 0.543876 0.542456 0.550442 0.548417 0.537891 0.544922 0.540445 0.537915 0.553725 0.549891 0.557423 0.571679 0.55947 0.567297 0.554884 8.315904e-02 0.485
N:12 Run:7 0.553952 0.551588 0.585941 0.587753 0.658274 0.596421 0.611544 0.710534 0.591568 0.613438 0.63848 0.613913 0.631049 0.56959 0.54959 0.569196 0.559544 0.554545 0.56689 0.585208 0.570908 8.315904e-02 0.485
N:12 Run:8 0.543417 0.582906 0.623738 0.588125 0.547461 0.533954 0.531703 0.53438 0.532218 0.531678 0.531661 0.529733 0.530657 0.544628 0.539197 0.567455 0.5659 0.569568 0.562859 0.551523 0.594113 8.315904e-02 0.485
N:12 Run:9 0.474572 0.551009 0.561612 0.55984 0.584627 0.565142 0.553113 0.588075 0.556242 0.544751 0.549607 0.546098 0.545219 0.556455 0.55616 0.565477 0.57904 0.569426 0.575912 0.553762 0.559776 8.315904e-02 0.485
N:13 Run:0 0.606038 0.563375 0.601294 0.570177 0.587261 0.593255 0.577413 0.572854 0.561394 0.560834 0.552797 0.577911 0.546042 0.539829 0.541941 0.558291 0.56083 0.557048 0.558398 0.589572 0.577658 8.426697e-02 0.485
N:13 Run:1 0.554472 0.567887 0.563435 0.549843 0.566631 0.562153 0.570196 0.572067 0.577208 0.566211 0.568344 0.573957 0.546407 0.562332 0.551861 0.564035 0.55662 0.550032 0.568102 0.59827 0.563215 8.426697e-02 0.485
N:13 Run:2 0.552756 0.562735 0.613449 0.644862 0.709013 0.638279 0.588169 0.666466 0.616471 0.60564 0.628977 0.56937 0.575776 0.586629 0.569836 0.559339 0.556623 0.568348 0.583387 0.567015 0.580187 8.426697e-02 0.485
N:13 Run:3 0.583663 0.574345 0.577007 0.568077 0.584802 0.558932 0.569531 0.549663 0.567594 0.561605 0.5563 0.548594 0.555215 0.547652 0.565794 0.550572 0.559236 0.561066 0.560568 0.567362 0.587503 8.426697e-02 0.485
N:13 Run:4 0.554472 0.567887 0.563435 0.549843 0.566631 0.562153 0.570196 0.572067 0.577208 0.566211 0.568344 0.573957 0.55185 0.550342 0.576515 0.592441 0.561442 0.58021 0.595758 0.580644 0.581321 8.426697e-02 0.485
N:13 Run:5 0.552756 0.562735 0.613449 0.644862 0.709013 0.638279 0.588169 0.666466 0.616471 0.60564 0.628977 0.56937 0.543557 0.536662 0.546281 0.562402 0.549445 0.548639 0.580779 0.595885 0.572574 8.426697e-02 0.485
N:13 Run:6 0.54438 0.560514 0.556 0.555127 0.569104 0.54895 0.543876 0.542456 0.550442 0.548417 0.537891 0.544922 0.540445 0.537915 0.553725 0.549891 0.557423 0.571679 0.55947 0.567297 0.554884 8.426697e-02 0.485
N:13 Run:7 0.553952 0.551588 0.585941 0.587753 0.658274 0.596421 0.611544 0.710534 0.591568 0.613438 0.63848 0.613913 0.631049 0.56959 0.54959 0.569196 0.559544 0.554545 0.56689 0.585208 0.570908 8.426697e-02 0.485
N:13 Run:8 0.543417 0.582906 0.623738 0.588125 0.547461 0.533954 0.531703 0.53438 0.532218 0.531678 0.531661 0.529733 0.530657 0.544628 0.539197 0.567455 0.5659 0.569568 0.562859 0.551523 0.594113 8.426697e-02 0.485
N:13 Run:9 0.474572 0.551009 0.561612 0.55984 0.584627 0.565142 0.553113 0.588075 0.556242 0.544751 0.549607 0.546098 0.545219 0.556455 0.55616 0.565477 0.57904 0.569426 0.575912 0.553762 0.559776 8.426697e-02 0.485
N:14 Run:0 0.606038 0.563375 0.601294 0.570177 0.587261 0.593255 0.577413 0.572854 0.561394 0.560834 0.552797 0.577911 0.546042 0.539829 0.541941 0.558291 0.56083 0.557048 0.558398 0.589572 0.577658 8.178889e-02 0.486
N:14 Run:1 0.554472 0.567887 0.563435 0.549843 0.566631 0.562153 0.570196 0.572067 0.577208 0.566211 0.568344 0.573957 0.546407 0.562332 0.551861 0.564035 0.55662 0.550032 0.568102 0.59827 0.563215 8.178889e-02 0.486
N:14 Run:2 0.552756 0.562735 0.613449 0.644862 0.709013 0.638279 0.588169 0.666466 0.616471 0.60564 0.628977 0.56937 0.575776 0.586629 0.569836 0.559339 0.556623 0.568348 0.583387 0.567015 0.580187 8.178889e-02 0.486
N:14 Run:3 0.583663 0.574345 0.577007 0.568077 0.584802 0.558932 0.569531 0.549663 0.567594 0.561605 0.5563 0.548594 0.555215 0.547652 0.565794 0.550572 0.559236 0.561066 0.560568 0.567362 0.587503 8.178889e-02 0.486
N:14 Run:4 0.554472 0.567887 0.563435 0.549843 0.566631 0.562153 0.570196 0.572067 0.577208 0.566211 0.568344 0.573957 0.55185 0.550342 0.576515 0.592441 0.561442 0.58021 0.595758 0.580644 0.581321 8.178889e-02 0.486
N:14 Run:5 0.552756 0.562735 0.613449 0.644862 0.709013 0.638279 0.588169 0.666466 0.616471 0.60564 0.628977 0.56937 0.543557 0.536662 0.546281 0.562402 0.549445 0.548639 0.580779 0.595885 0.572574 8.178889e-02 0.486
N:14 Run:6 0.54438 0.560514 0.556 0.555127 0.569104 0.54895 0.543876 0.542456 0.550442 0.548417 0.537891 0.544922 0.540445 0.537915 0.553725 0.549891 0.557423 0.571679 0.55947 0.567297 0.554884 8.178889e-02 0.486
N:14 Run:7 0.553952 0.551588 0.585941 0.587753 0.658274 0.596421 0.611544 0.710534 0.591568 0.613438 0.63848 0.613913 0.631049 0.56959 0.54959 0.569196 0.559544 0.554545 0.56689 0.585208 0.570908 8.178889e-02 0.486
N:14 Run:8 0.543417 0.582906 0.623738 0.588125 0.547461 0.533954 0.531703 0.53438 0.532218 0.531678 0.531661 0.529733 0.530657 0.544628 0.539197 0.567455 0.5659 0.569568 0.562859 0.551523 0.594113 8.178889e-02 0.486
N:14 Run:9 0.474572 0.551009 0.561612 0.55984 0.584627 0.565142 0.553113 0.588075 0.556242 0.544751 0.549607 0.546098 0.545219 0.556455 0.55616 0.565477 0.57904 0.569426 0.575912 0.553762 0.559776 8.178889e-02 0.486
N:15 Run:0 0.606038 0.563375 0.601294 0.570177 0.587261 0.593255 0.577413 0.572854 0.561394 0.560834 0.552797 0.577911 0.546042 0.539829 0.541941 0.558291 0.56083 0.557048 0.558398 0.589572 0.577658 7.741494e-02 0.493
N:15 Run:1 0.554472 0.567887 0.563435 0.549843 0.566631 0.562153 0.570196 0.572067 0.577208 0.566211 0.568344 0.573957 0.546407 0.562332 0.551861 0.564035 0.55662 0.550032 0.568102 0.59827 0.563215 7.741494e-02 0.493
N:15 Run:2 0.552756 0.562735 0.613449 0.644862 0.709013 0.638279 0.588169 0.666466 0.616471 0.60564 0.628977 0.56937 0.575776 0.586629 0.569836 0.559339 0.556623 0.568348 0.583387 0.567015 0.580187 7.741494e-02 0.493
N:15 Run:3 0.583663 0.574345 0.577007 0.568077 0.584802 0.558932 0.569531 0.549663 0.567594 0.561605 0.5563 0.548594 0.555215 0.547652 0.565794 0.550572 0.559236 0.561066 0.560568 0.567362 0.587503 7.741494e-02 0.493
N:15 Run:4 0.554472 0.567887 0.563435 0.549843 0.566631 0.562153 0.570196 0.572067 0.577208 0.566211 0.568344 0.573957 0.55185 0.550342 0.576515 0.592441 0.561442 0.58021 0.595758 0.580644 0.581321 7.741494e-02 0.493
N:15 Run:5 0.552756 0.562735 0.613449 0.644862 0.709013 0.638279 0.588169 0.666466 0.616471 0.60564 0.628977 0.56937 0.543557 0.536662 0.546281 0.562402 0.549445 0.548639 0.580779 0.595885 0.572574 7.741494e-02 0.493
N:15 Run:6 0.54438 0.560514 0.556 0.555127 0.569104 0.54895 0.543876 0.542456 0.550442 0.548417 0.537891 0.544922 0.540445 0.537915 0.553725 0.549891 0.557423 0.571679 0.55947 0.567297 0.554884 7.741494e-02 0.493
N:15 Run:7 0.553952 0.551588 0.585941 0.587753 0.658274 0.596421 0.611544 0.710534 0.591568 0.613438 0.63848 0.613913 0.631049 0.56959 0.54959 0.569196 0.559544 0.554545 0.56689 0.585208 0.570908 7.741494e-02 0.493
N:15 Run:8 0.543417 0.582906 0.623738 0.588125 0.547461 0.533954 0.531703 0.53438 0.532218 0.531678 0.531661 0.529733 0.530657 0.544628 0.539197 0.567455 0.5659 0.569568 0.562859 0.551523 0.594113 7.741494e-02 0.493
N:15 Run:9 0.474572 0.551009 0.561612 0.55984 0.584627 0.565142 0.553113 0.588075 0.556242 0.544751 0.549607 0.546098 0.545219 0.556455 0.55616 0.565477 0.57904 0.569426 0.575912 0.553762 0.559776 7.741494e-02 0.493
N:16 Run:0 0.606038 0.563375 0.601294 0.570177 0.587261 0.593255 0.577413 0.572854 0.561394 0.560834 0.552797 0.577911 0.546042 0.539829 0.541941 0.558291 0.56083 0.557048 0.558398 0.589572 0.577658 7.896360e-02 0.488
N:16 Run:1 0.554472 0.567887 0.563435 0.549843 0.566631 0.562153 0.570196 0.572067 0.577208 0.566211 0.568344 0.573957 0.546407 0.562332 0.551861 0.564035 0.55662 0.550032 0.568102 0.59827 0.563215 7.896360e-02 0.488
N:16 Run:2 0.552756 0.562735 0.613449 0.644862 0.709013 0.638279 0.588169 0.666466 0.616471 0.60564 0.628977 0.56937 0.575776 0.586629 0.569836 0.559339 0.556623 0.568348 0.583387 0.567015 0.580187 7.896360e-02 0.488
N:16 Run:3 0.583663 0.574345 0.577007 0.568077 0.584802 0.558932 0.569531 0.549663 0.567594 0.561605 0.5563 0.548594 0.555215 0.547652 0.565794 0.550572 0.559236 0.561066 0.560568 0.567362 0.587503 7.896360e-02 0.488
N:16 Run:4 0.554472 0.567887 0.563435 0.549843 0.566631 0.562153 0.570196 0.572067 0.577208 0.566211 0.568344 0.573957 0.55185 0.550342 0.576515 0.592441 0.561442 0.58021 0.595758 0.580644 0.581321 7.896360e-02 0.488
N:16 Run:5 0.552756 0.562735 0.613449 0.644862 0.709013 0.638279 0.588169 0.666466 0.616471 0.60564 0.628977 0.56937 0.543557 0.536662 0.546281 0.562402 0.549445 0.548639 0.580779 0.595885 0.572574 7.896360e-02 0.488
N:16 Run:6 0.54438 0.560514 0.556 0.555127 0.569104 0.54895 0.543876 0.542456 0.550442 0.548417 0.537891 0.544922 0.540445 0.537915 0.553725 0.549891 0.557423 0.571679 0.55947 0.567297 0.554884 7.896360e-02 0.488
N:16 Run:7 0.553952 0.551588 0.585941 0.587753 0.658274 0.596421 0.611544 0.710534 0.591568 0.613438 0.63848 0.613913 0.631049 0.56959 0.54959 0.569196 0.559544 0.554545 0.56689 0.585208 0.570908 7.896360e-02 0.488
N:16 Run:8 0.543417 0.582906 0.623738 0.588125 0.547461 0.533954 0.531703 0.53438 0.532218 0.531678 0.531661 0.529733 0.530657 0.544628 0.539197 0.567455 0.5659 0.569568 0.562859 0.551523 0.594113 7.896360e-02 0.488
N:16 Run:9 0.474572 0.551009 0.561612 0.55984 0.584627 0.565142 0.553113 0.588075 0.556242 0.544751 0.549607 0.546098 0.545219 0.556455 0.55616 0.565477 0.57904 0.569426 0.575912 0.553762 0.559776 7.896360e-02 0.488
N:17 Run:0 0.606038 0.563375 0.601294 0.570177 0.587261 0.593255 0.577413 0.572854 0.561394 0.560834 0.552797 0.577911 0.546042 0.539829 0.541941 0.558291 0.56083 0.557048 0.558398 0.589572 0.577658 8.308353e-02 0.481
N:17 Run:1 0.554472 0.567887 0.563435 0.549843 0.566631 0.562153 0.570196 0.572067 0.577208 0.566211 0.568344 0.573957 0.546407 0.562332 0.551861 0.564035 0.55662 0.550032 0.568102 0.59827 0.563215 8.308353e-02 0.481
N:17 Run:2 0.552756 0.562735 0.613449 0.644862 0.709013 0.638279 0.588169 0.666466 0.616471 0.60564 0.628977 0.56937 0.575776 0.586629 0.569836 0.559339 0.556623 0.568348 0.583387 0.567015 0.580187 8.308353e-02 0.481
N:17 Run:3 0.583663 0.574345 0.577007 0.568077 0.584802 0.558932 0.569531 0.549663 0.567594 0.561605 0.5563 0.548594 0.555215 0.547652 0.565794 0.550572 0.559236 0.561066 0.560568 0.567362 0.587503 8.308353e-02 0.481
N:17 Run:4 0.554472 0.567887 0.563435 0.549843 0.566631 0.562153 0.570196 0.572067 0.577208 0.566211 0.568344 0.573957 0.55185 0.550342 0.576515 0.592441 0.561442 0.58021 0.595758 0.580644 0.581321 8.308353e-02 0.481
N:17 Run:5 0.552756 0.562735 0.613449 0.644862 0.709013 0.638279 0.588169 0.666466 0.616471 0.60564 0.628977 0.56937 0.543557 0.536662 0.546281 0.562402 0.549445 0.548639 0.580779 0.595885 0.572574 8.308353e-02 0.481
N:17 Run:6 0.54438 0.560514 0.556 0.555127 0.569104 0.54895 0.543876 0.542456 0.550442 0.548417 0.537891 0.544922 0.540445 0.537915 0.553725 0.549891 0.557423 0.571679 0.55947 0.567297 0.554884 8.308353e-02 0.481
N:17 Run:7 0.553952 0.551588 0.585941 0.587753 0.658274 0.596421 0.611544 0.710534 0.591568 0.613438 0.63848 0.613913 0.631049 0.56959 0.54959 0.569196 0.559544 0.554545 0.56689 0.585208 0.570908 8.308353e-02 0.481
N:17 Run:8 0.543417 0.582906 0.623738 0.588125 0.547461 0.533954 0.531703 0.53438 0.532218 0.531678 0.531661 0.529733 0.530657 0.544628 0.539197 0.567455 0.5659 0.569568 0.562859 0.551523 0.594113 8.308353e-02 0.481
N:17 Run:9 0.474572 0.551009 0.561612 0.55984 0.584627 0.565142 0.553113 0.588075 0.556242 0.544751 0.549607 0.546098 0.545219 0.556455 0.55616 0.565477 0.57904 0.569426 0.575912 0.553762 0.559776 8.308353e-02 0.481
N:18 Run:0 0.606038 0.563375 0.601294 0.570177 0.587261 0.593255 0.577413 0.572854 0.561394 0.560834 0.552797 0.577911 0.546042 0.539829 0.541941 0.558291 0.56083 0.557048 0.558398 0.589572 0.577658 7.874629e-02 0.498
N:18 Run:1 0.554472 0.567887 0.563435 0.549843 0.566631 0.562153 0.570196 0.572067 0.577208 0.566211 0.568344 0.573957 0.546407 0.562332 0.551861 0.564035 0.55662 0.550032 0.568102 0.59827 0.563215 7.874629e-02 0.498
N:18 Run:2 0.552756 0.562735 0.613449 0.644862 0.709013 0.638279 0.588169 0.666466 0.616471 0.60564 0.628977 0.56937 0.575776 0.586629 0.569836 0.559339 0.556623 0.568348 0.583387 0.567015 0.580187 7.874629e-02 0.498
N:18 Run:3 0.583663 0.574345 0.577007 0.568077 0.584802 0.558932 0.569531 0.549663 0.567594 0.561605 0.5563 0.548594 0.555215 0.547652 0.565794 0.550572 0.559236 0.561066 0.560568 0.567362 0.587503 7.874629e-02 0.498
N:18 Run:4 0.554472 0.567887 0.563435 0.549843 0.566631 0.562153 0.570196 0.572067 0.577208 0.566211 0.568344 0.573957 0.55185 0.550342 0.576515 0.592441 0.561442 0.58021 0.595758 0.580644 0.581321 7.874629e-02 0.498
N:18 Run:5 0.552756 0.562735 0.613449 0.644862 0.709013 0.638279 0.588169 0.666466 0.616471 0.60564 0.628977 0.56937 0.543557 0.536662 0.546281 0.562402 0.549445 0.548639 0.580779 0.595885 0.572574 7.874629e-02 0.498
N:18 Run:6 0.54438 0.560514 0.556 0.555127 0.569104 0.54895 0.543876 0.542456 0.550442 0.548417 0.537891 0.544922 0.540445 0.537915 0.553725 0.549891 0.557423 0.571679 0.55947 0.567297 0.554884 7.874629e-02 0.498
N:18 Run:7 0.553952 0.551588 0.585941 0.587753 0.658274 0.596421 0.611544 0.710534 0.591568 0.613438 0.63848 0.613913 0.631049 0.56959 0.54959 0.569196 0.559544 0.554545 0.56689 0.585208 0.570908 7.874629e-02 0.498
N:18 Run:8 0.543417 0.582906 0.623738 0.588125 0.547461 0.533954 0.531703 0.53438 0.532218 0.531678 0.531661 0.529733 0.530657 0.544628 0.539197 0.567455 0.5659 0.569568 0.562859 0.551523 0.594113 7.874629e-02 0.498
N:18 Run:9 0.474572 0.551009 0.561612 0.55984 0.584627 0.565142 0.553113 0.588075 0.556242 0.544751 0.549607 0.546098 0.545219 0.556455 0.55616 0.565477 0.57904 0.569426 0.575912 0.553762 0.559776 7.874629e-02 0.498
N:19 Run:0 0.606038 0.563375 0.601294 0.570177 0.587261 0.593255 0.577413 0.572854 0.561394 0.560834 0.552797 0.577911 0.546042 0.539829 0.541941 0.558291 0.56083 0.557048 0.558398 0.589572 0.577658 8.320671e-02 0.497
N:19 Run:1 0.554472 0.567887 0.563435 0.549843 0.566631 0.562153 0.570196 0.572067 0.577208 0.566211 0.568344 0.573957 0.546407 0.562332 0.551861 0.564035 0.55662 0.550032 0.568102 0.59827 0.563215 8.320671e-02 0.497
N:19 Run:2 0.552756 0.562735 0.613449 0.644862 0.709013 0.638279 0.588169 0.666466 0.616471 0.60564 0.628977 0.56937 0.575776 0.586629 0.569836 0.559339 0.556623 0.568348 0.583387 0.567015 0.580187 8.320671e-02 0.497
N:19 Run:3 0.583663 0.574345 0.577007 0.568077 0.584802 0.558932 0.569531 0.549663 0.567594 0.561605 0.5563 0.548594 0.555215 0.547652 0.565794 0.550572 0.559236 0.561066 0.560568 0.567362 0.587503 8.320671e-02 0.497
N:19 Run:4 0.554472 0.567887 0.563435 0.549843 0.566631 0.562153 0.570196 0.572067 0.577208 0.566211 0.568344 0.573957 0.55185 0.550342 0.576515 0.592441 0.561442 0.58021 0.595758 0.580644 0.581321 8.320671e-02 0.497
N:19 Run:5 0.552756 0.562735 0.613449 0.644862 0.709013 0.638279 0.588169 0.666466 0.616471 0.60564 0.628977 0.56937 0.543557 0.536662 0.546281 0.562402 0.549445 0.548639 0.580779 0.595885 0.572574 8.320671e-02 0.497
N:19 Run:6 0.54438 0.560514 0.556 0.555127 0.569104 0.54895 0.543876 0.542456 0.550442 0.548417 0.537891 0.544922 0.540445 0.537915 0.553725 0.549891 0.557423 0.571679 0.55947 0.567297 0.554884 8.320671e-02 0.497
N:19 Run:7 0.553952 0.551588 0.585941 0.587753 0.658274 0.596421 0.611544 0.710534 0.591568 0.613438 0.63848 0.613913 0.631049 0.56959 0.54959 0.569196 0.559544 0.554545 0.56689 0.585208 0.570908 8.320671e-02 0.497
N:19 Run:8 0.543417 0.582906 0.623738 0.588125 0.547461 0.533954 0.531703 0.53438 0.532218 0.531678 0.531661 0.529733 0.530657 0.544628 0.539197 0.567455 0.5659 0.569568 0.562859 0.551523 0.594113 8.320671e-02 0.497
N:19 Run:9 0.474572 0.551009 0.561612 0.55984 0.584627 0.565142 0.553113 0.588075 0.556242 0.544751 0.549607 0.546098 0.545219 0.556455 0.55616 0.565477 0.57904 0.569426 0.575912 0.553762 0.559776 8.320671e-02 0.497
N:20 Run:0 0.606038 0.563375 0.601294 0.570177 0.587261 0.593255 0.577413 0.572854 0.561394 0.560834 0.552797 0.577911 0.546042 0.539829 0.541941 0.558291 0.56083 0.557048 0.558398 0.589572 0.577658 8.305390e-02 0.491
N:20 Run:1 0.554472 0.567887 0.563435 0.549843 0.566631 0.562153 0.570196 0.572067 0.577208 0.566211 0.568344 0.573957 0.546407 0.562332 0.551861 0.564035 0.55662 0.550032 0.568102 0.59827 0.563215 8.305390e-02 0.491
N:20 Run:2 0.552756 0.562735 0.613449 0.644862 0.709013 0.638279 0.588169 0.666466 0.616471 0.60564 0.628977 0.56937 0.575776 0.586629 0.569836 0.559339 0.556623 0.568348 0.583387 0.567015 0.580187 8.305390e-02 0.491
N:20 Run:3 0.583663 0.574345 0.577007 0.568077 0.584802 0.558932 0.569531 0.549663 0.567594 0.561605 0.5563 0.548594 0.555215 0.547652 0.565794 0.550572 0.559236 0.561066 0.560568 0.567362 0.587503 8.305390e-02 0.491
N:20 Run:4 0.554472 0.567887 0.563435 0.549843 0.566631 0.562153 0.570196 0.572067 0.577208 0.566211 0.568344 0.573957 0.55185 0.550342 0.576515 0.592441 0.561442 0.58021 0.595758 0.580644 0.581321 8.305390e-02 0.491
N:20 Run:5 0.552756 0.562735 0.613449 0.644862 0.709013 0.638279 0.588169 0.666466 0.616471 0.60564 0.628977 0.56937 0.543557 0.536662 0.546281 0.562402 0.549445 0.548639 0.580779 0.595885 0.572574 8.305390e-02 0.491
N:20 Run:6 0.54438 0.560514 0.556 0.555127 0.569104 0.54895 0.543876 0.542456 0.550442 0.548417 0.537891 0.544922 0.540445 0.537915 0.553725 0.549891 0.557423 0.571679 0.55947 0.567297 0.554884 8.305390e-02 0.491
N:20 Run:7 0.553952 0.551588 0.585941 0.587753 0.658274 0.596421 0.611544 0.710534 0.591568 0.613438 0.63848 0.613913 0.631049 0.56959 0.54959 0.569196 0.559544 0.554545 0.56689 0.585208 0.570908 8.305390e-02 0.491
N:20 Run:8 0.543417 0.582906 0.623738 0.588125 0.547461 0.533954 0.531703 0.53438 0.532218 0.531678 0.531661 0.529733 0.530657 0.544628 0.539197 0.567455 0.5659 0.569568 0.562859 0.551523 0.594113 8.305390e-02 0.491
N:20 Run:9 0.474572 0.551009 0.561612 0.55984 0.584627 0.565142 0.553113 0.588075 0.556242 0.544751 0.549607 0.546098 0.545219 0.556455 0.55616 0.565477 0.57904 0.569426 0.575912 0.553762 0.559776 8.305390e-02 0.491
N:21 Run:0 0.606038 0.563375 0.601294 0.570177 0.587261 0.593255 0.577413 0.572854 0.561394 0.560834 0.552797 0.577911 0.546042 0.539829 0.541941 0.558291 0.56083 0.557048 0.558398 0.589572 0.577658 8.337831e-02 0.489
N:21 Run:1 0.554472 0.567887 0.563435 0.549843 0.566631 0.562153 0.570196 0.572067 0.577208 0.566211 0.568344 0.573957 0.546407 0.562332 0.551861 0.564035 0.55662 0.550032 0.568102 0.59827 0.563215 8.337831e-02 0.489
N:21 Run:2 0.552756 0.562735 0.613449 0.644862 0.709013 0.638279 0.588169 0.666466 0.616471 0.60564 0.628977 0.56937 0.575776 0.586629 0.569836 0.559339 0.556623 0.568348 0.583387 0.567015 0.580187 8.337831e-02 0.489
N:21 Run:3 0.583663 0.574345 0.577007 0.568077 0.584802 0.558932 0.569531 0.549663 0.567594 0.561605 0.5563 0.548594 0.555215 0.547652 0.565794 0.550572 0.559236 0.561066 0.560568 0.567362 0.587503 8.337831e-02 0.489
N:21 Run:4 0.554472 0.567887 0.563435 0.549843 0.566631 0.562153 0.570196 0.572067 0.577208 0.566211 0.568344 0.573957 0.55185 0.550342 0.576515 0.592441 0.561442 0.58021 0.595758 0.580644 0.581321 8.337831e-02 0.489
N:21 Run:5 0.552756 0.562735 0.613449 0.644862 0.709013 0.638279 0.588169 0.666466 0.616471 0.60564 0.628977 0.56937 0.543557 0.536662 0.546281 0.562402 0.549445 0.548639 0.580779 0.595885 0.572574 8.337831e-02 0.489
N:21 Run:6 0.54438 0.560514 0.556 0.555127 0.569104 0.54895 0.543876 0.542456 0.550442 0.548417 0.537891 0.544922 0.540445 0.537915 0.553725 0.549891 0.557423 0.571679 0.55947 0.567297 0.554884 8.337831e-02 0.489
N:21 Run:7 0.553952 0.551588 0.585941 0.587753 0.658274 0.596421 0.611544 0.710534 0.591568 0.613438 0.63848 0.613913 0.631049 0.56959 0.54959 0.569196 0.559544 0.554545 0.56689 0.585208 0.570908 8.337831e-02 0.489
N:21 Run:8 0.543417 0.582906 0.623738 0.588125 0.547461 0.533954 0.531703 0.53438 0.532218 0.531678 0.531661 0.529733 0.530657 0.544628 0.539197 0.567455 0.5659 0.569568 0.562859 0.551523 0.594113 8.337831e-02 0.489
N:21 Run:9 0.474572 0.551009 0.561612 0.55984 0.584627 0.565142 0.553113 0.588075 0.556242 0.544751 0.549607 0.546098 0.545219 0.556455 0.55616 0.565477 0.57904 0.569426 0.575912 0.553762 0.559776 8.337831e-02 0.489
N:22 Run:0 0.606038 0.563375 0.601294 0.570177 0.587261 0.593255 0.577413 0.572854 0.561394 0.560834 0.552797 0.577911 0.546042 0.539829 0.541941 0.558291 0.56083 0.557048 0.558398 0.589572 0.577658 7.774231e-02 0.485
N:22 Run:1 0.554472 0.567887 0.563435 0.549843 0.566631 0.562153 0.570196 0.572067 0.577208 0.566211 0.568344 0.573957 0.546407 0.562332 0.551861 0.564035 0.55662 0.550032 0.568102 0.59827 0.563215 7.774231e-02 0.485
N:22 Run:2 0.552756 0.562735 0.613449 0.644862 0.709013 0.638279 0.588169 0.666466 0.616471 0.60564 0.628977 0.56937 0.575776 0.586629 0.569836 0.559339 0.556623 0.568348 0.583387 0.567015 0.580187 7.774231e-02 0.485
N:22 Run:3 0.583663 0.574345 0.577007 0.568077 0.584802 0.558932 0.569531 0.549663 0.567594 0.561605 0.5563 0.548594 0.555215 0.547652 0.565794 0.550572 0.559236 0.561066 0.560568 0.567362 0.587503 7.774231e-02 0.485
N:22 Run:4 0.554472 0.567887 0.563435 0.549843 0.566631 0.562153 0.570196 0.572067 0.577208 0.566211 0.568344 0.573957 0.55185 0.550342 0.576515 0.592441 0.561442 0.58021 0.595758 0.580644 0.581321 7.774231e-02 0.485
N:22 Run:5 0.552756 0.562735 0.613449 0.644862 0.709013 0.638279 0.588169 0.666466 0.616471 0.60564 0.628977 0.56937 0.543557 0.536662 0.546281 0.562402 0.549445 0.548639 0.580779 0.595885 0.572574 7.774231e-02 0.485
N:22 Run:6 0.54438 0.560514 0.556 0.555127 0.569104 0.54895 0.543876 0.542456 0.550442 0.548417 0.537891 0.544922 0.540445 0.537915 0.553725 0.549891 0.557423 0.571679 0.55947 0.567297 0.554884 7.774231e-02 0.485
N:22 Run:7 0.553952 0.551588 0.585941 0.587753 0.658274 0.596421 0.611544 0.710534 0.591568 0.613438 0.63848 0.613913 0.631049 0.56959 0.54959 0.569196 0.559544 0.554545 0.56689 0.585208 0.570908 7.774231e-02 0.485
N:22 Run:8 0.543417 0.582906 0.623738 0.588125 0.547461 0.533954 0.531703 0.53438 0.532218 0.531678 0.531661 0.529733 0.530657 0.544628 0.539197 0.567455 0.5659 0.569568 0.562859 0.551523 0.594113 7.774231e-02 0.485
N:22 Run:9 0.474572 0.551009 0.561612 0.55984 0.584627 0.565142 0.553113 0.588075 0.556242 0.544751 0.549607 0.546098 0.545219 0.556455 0.55616 0.565477 0.57904 0.569426 0.575912 0.553762 0.559776 7.774231e-02 0.485
N:23 Run:0 0.606038 0.563375 0.601294 0.570177 0.587261 0.593255 0.577413 0.572854 0.561394 0.560834 0.552797 0.577911 0.546042 0.539829 0.541941 0.558291 0.56083 0.557048 0.558398 0.589572 0.577658 7.761666e-02 0.481
N:23 Run:1 0.554472 0.567887 0.563435 0.549843 0.566631 0.562153 0.570196 0.572067 0.577208 0.566211 0.568344 0.573957 0.546407 0.562332 0.551861 0.564035 0.55662 0.550032 0.568102 0.59827 0.563215 7.761666e-02 0.481
N:23 Run:2 0.552756 0.562735 0.613449 0.644862 0.709013 0.638279 0.588169 0.666466 0.616471 0.60564 0.628977 0.56937 0.575776 0.586629 0.569836 0.559339 0.556623 0.568348 0.583387 0.567015 0.580187 7.761666e-02 0.481
N:23 Run:3 0.583663 0.574345 0.577007 0.568077 0.584802 0.558932 0.569531 0.549663 0.567594 0.561605 0.5563 0.548594 0.555215 0.547652 0.565794 0.550572 0.559236 0.561066 0.560568 0.567362 0.587503 7.761666e-02 0.481
N:23 Run:4 0.554472 0.567887 0.563435 0.549843 0.566631 0.562153 0.570196 0.572067 0.577208 0.566211 0.568344 0.573957 0.55185 0.550342 0.576515 0.592441 0.561442 0.58021 0.595758 0.580644 0.581321 7.761666e-02 0.481
N:23 Run:5 0.552756 0.562735 0.613449 0.644862 0.709013 0.638279 0.588169 0.666466 0.616471 0.60564 0.628977 0.56937 0.543557 0.536662 0.546281 0.562402 0.549445 0.548639 0.580779 0.595885 0.572574 7.761666e-02 0.481
N:23 Run:6 0.54438 0.560514 0.556 0.555127 0.569104 0.54895 0.543876 0.542456 0.550442 0.548417 0.537891 0.544922 0.540445 0.537915 0.553725 0.549891 0.557423 0.571679 0.55947 0.567297 0.554884 7.761666e-02 0.481
N:23 Run:7 0.553952 0.551588 0.585941 0.587753 0.658274 0.596421 0.611544 0.710534 0.591568 0.613438 0.63848 0.613913 0.631049 0.56959 0.54959 0.569196 0.559544 0.554545 0.56689 0.585208 0.570908 7.761666e-02 0.481
N:23 Run:8 0.543417 0.582906 0.623738 0.588125 0.547461 0.533954 0.531703 0.53438 0.532218 0.531678 0.531661 0.529733 0.530657 0.544628 0.539197 0.567455 0.5659 0.569568 0.562859 0.551523 0.594113 7.761666e-02 0.481
N:23 Run:9 0.474572 0.551009 0.561612 0.55984 0.584627 0.565142 0.553113 0.588075 0.556242 0.544751 0.549607 0.546098 0.545219 0.556455 0.55616 0.565477 0.57904 0.569426 0.575912 0.553762 0.559776 7.761666e-02 0.481
N:24 Run:0 0.606038 0.563375 0.601294 0.570177 0.587261 0.593255 0.577413 0.572854 0.561394 0.560834 0.552797 0.577911 0.546042 0.539829 0.541941 0.558291 0.56083 0.557048 0.558398 0.589572 0.577658 7.740398e-02 0.490
N:24 Run:1 0.554472 0.567887 0.563435 0.549843 0.566631 0.562153 0.570196 0.572067 0.577208 0.566211 0.568344 0.573957 0.546407 0.562332 0.551861 0.564035 0.55662 0.550032 0.568102 0.59827 0.563215 7.740398e-02 0.490
N:24 Run:2 0.552756 0.562735 0.613449 0.644862 0.709013 0.638279 0.588169 0.666466 0.616471 0.60564 0.628977 0.56937 0.575776 0.586629 0.569836 0.559339 0.556623 0.568348 0.583387 0.567015 0.580187 7.740398e-02 0.490
N:24 Run:3 0.583663 0.574345 0.577007 0.568077 0.584802 0.558932 0.569531 0.549663 0.567594 0.561605 0.5563 0.548594 0.555215 0.547652 0.565794 0.550572 0.559236 0.561066 0.560568 0.567362 0.587503 7.740398e-02 0.490
N:24 Run:4 0.554472 0.567887 0.563435 0.549843 0.566631 0.562153 0.570196 0.572067 0.577208 0.566211 0.568344 0.573957 0.55185 0.550342 0.576515 0.592441 0.561442 0.58021 0.595758 0.580644 0.581321 7.740398e-02 0.490
N:24 Run:5 0.552756 0.562735 0.613449 0.644862 0.709013 0.638279 0.588169 0.666466 0.616471 0.60564 0.628977 0.56937 0.543557 0.536662 0.546281 0.562402 0.549445 0.548639 0.580779 0.595885 0.572574 7.740398e-02 0.490
N:24 Run:6 0.54438 0.560514 0.556 0.555127 0.569104 0.54895 0.543876 0.542456 0.550442 0.548417 0.537891 0.544922 0.540445 0.537915 0.553725 0.549891 0.557423 0.571679 0.55947 0.567297 0.554884 7.740398e-02 0.490
N:24 Run:7 0.553952 0.551588 0.585941 0.587753 0.658274 0.596421 0.611544 0.710534 0.591568 0.613438 0.63848 0.613913 0.631049 0.56959 0.54959 0.569196 0.559544 0.554545 0.56689 0.585208 0.570908 7.740398e-02 0.490
N:24 Run:8 0.543417 0.582906 0.623738 0.588125 0.547461 0.533954 0.531703 0.53438 0.532218 0.531678 0.531661 0.529733 0.530657 0.544628 0.539197 0.567455 0.5659 0.569568 0.562859 0.551523 0.594113 7.740398e-02 0.490
N:24 Run:9 0.474572 0.551009 0.561612 0.55984 0.584627 0.565142 0.553113 0.588075 0.556242 0.544751 0.549607 0.546098 0.545219 0.556455 0.55616 0.565477 0.57904 0.569426 0.575912 0.553762 0.559776 7.740398e-02 0.490
N:25 Run:0 0.606038 0.563375 0.601294 0.570177 0.587261 0.593255 0.577413 0.572854 0.561394 0.560834 0.552797 0.577911 0.546042 0.539829 0.541941 0.558291 0.56083 0.557048 0.558398 0.589572 0.577658 8.329260e-02 0.489
N:25 Run:1 0.554472 0.567887 0.563435 0.549843 0.566631 0.562153 0.570196 0.572067 0.577208 0.566211 0.568344 0.573957 0.546407 0.562332 0.551861 0.564035 0.55662 0.550032 0.568102 0.59827 0.563215 8.329260e-02 0.489
N:25 Run:2 0.552756 0.562735 0.613449 0.644862 0.709013 0.638279 0.588169 0.666466 0.616471 0.60564 0.628977 0.56937 0.575776 0.586629 0.569836 0.559339 0.556623 0.568348 0.583387 0.567015 0.580187 8.329260e-02 0.489
N:25 Run:3 0.583663 0.574345 0.577007 0.568077 0.584802 0.558932 0.569531 0.549663 0.567594 0.561605 0.5563 0.548594 0.555215 0.547652 0.565794 0.550572 0.559236 0.561066 0.560568 0.567362 0.587503 8.329260e-02 0.489
N:25 Run:4 0.554472 0.567887 0.563435 0.549843 0.566631 0.562153 0.570196 0.572067 0.577208 0.566211 0.568344 0.573957 0.55185 0.550342 0.576515 0.592441 0.561442 0.58021 0.595758 0.580644 0.581321 8.329260e-02 0.489
N:25 Run:5 0.552756 0.562735 0.613449 0.644862 0.709013 0.638279 0.588169 0.666466 0.616471 0.60564 0.628977 0.56937 0.543557 0.536662 0.546281 0.562402 0.549445 0.548639 0.580779 0.595885 0.572574 8.329260e-02 0.489
N:25 Run:6 0.54438 0.560514 0.556 0.555127 0.569104 0.54895 0.543876 0.542456 0.550442 0.548417 0.537891 0.544922 0.540445 0.537915 0.553725 0.549891 0.557423 0.571679 0.55947 0.567297 0.554884 8.329260e-02 0.489
N:25 Run:7 0.553952 0.551588 0.585941 0.587753 0.658274 0.596421 0.611544 0.710534 0.591568 0.613438 0.63848 0.613913 0.631049 0.56959 0.54959 0.569196 0.559544 0.554545 0.56689 0.585208 0.570908 8.329260e-02 0.489
N:25 Run:8 0.543417 0.582906 0.623738 0.588125 0.547461 0.533954 0.531703 0.53438 0.532218 0.531678 0.531661 0.529733 0.530657 0.544628 0.539197 0.567455 0.5659 0.569568 0.562859 0.551523 0.594113 8.329260e-02 0.489
N:25 Run:9 0.474572 0.551009 0.561612 0.55984 0.584627 0.565142 0.553113 0.588075 0.556242 0.544751 0.549607 0.546098 0.545219 0.556455 0.55616 0.565477 0.57904 0.569426 0.575912 0.553762 0.559776 8.329260e-02 0.489
N:26 Run:0 0.606038 0.563375 0.601294 0.570177 0.587261 0.593255 0.577413 0.572854 0.561394 0.560834 0.552797 0.577911 0.546042 0.539829 0.541941 0.558291 0.56083 0.557048 0.558398 0.589572 0.577658 7.808963e-02 0.497
N:26 Run:1 0.554472 0.567887 0.563435 0.549843 0.566631 0.562153 0.570196 0.572067 0.577208 0.566211 0.568344 0.573957 0.546407 0.562332 0.551861 0.564035 0.55662 0.550032 0.568102 0.59827 0.563215 7.808963e-02 0.497
N:26 Run:2 0.552756 0.562735 0.613449 0.644862 0.709013 0.638279 0.588169 0.666466 0.616471 0.60564 0.628977 0.56937 0.575776 0.586629 0.569836 0.559339 0.556623 0.568348 0.583387 0.567015 0.580187 7.808963e-02 0.497
N:26 Run:3 0.583663 0.574345 0.577007 0.568077 0.584802 0.558932 0.569531 0.549663 0.567594 0.561605 0.5563 0.548594 0.555215 0.547652 0.565794 0.550572 0.559236 0.561066 0.560568 0.567362 0.587503 7.808963e-02 0.497
N:26 Run:4 0.554472 0.567887 0.563435 0.549843 0.566631 0.562153 0.570196 0.572067 0.577208 0.566211 0.568344 0.573957 0.55185 0.550342 0.576515 0.592441 0.561442 0.58021 0.595758 0.580644 0.581321 7.808963e-02 0.497
N:26 Run:5 0.552756 0.562735 0.613449 0.644862 0.709013 0.638279 0.588169 0.666466 0.616471 0.60564 0.628977 0.56937 0.543557 0.536662 0.546281 0.562402 0.549445 0.548639 0.580779 0.595885 0.572574 7.808963e-02 0.497
N:26 Run:6 0.54438 0.560514 0.556 0.555127 0.569104 0.54895 0.543876 0.542456 0.550442 0.548417 0.537891 0.544922 0.540445 0.537915 0.553725 0.549891 0.557423 0.571679 0.55947 0.567297 0.554884 7.808963e-02 0.497
N:26 Run:7 0.553952 0.551588 0.585941 0.587753 0.658274 0.596421 0.611544 0.710534 0.591568 0.613438 0.63848 0.613913 0.631049 0.56959 0.54959 0.569196 0.559544 0.554545 0.56689 0.585208 0.570908 7.808963e-02 0.497
N:26 Run:8 0.543417 0.582906 0.623738 0.588125 0.547461 0.533954 0.531703 0.53438 0.532218 0.531678 0.531661 0.529733 0.530657 0.544628 0.539197 0.567455 0.5659 0.569568 0.562859 0.551523 0.594113 7.808963e-02 0.497
N:26 Run:9 0.474572 0.551009 0.561612 0.55984 0.584627 0.565142 0.553113 0.588075 0.556242 0.544751 0.549607 0.546098 0.545219 0.556455 0.55616 0.565477 0.57904 0.569426 0.575912 0.553762 0.559776 7.808963e-02 0.497
N:27 Run:0 0.606038 0.563375 0.601294 0.570177 0.587261 0.593255 0.577413 0.572854 0.561394 0.560834 0.552797 0.577911 0.546042 0.539829 0.541941 0.558291 0.56083 0.557048 0.558398 0.589572 0.577658 7.928912e-02 0.486
N:27 Run:1 0.554472 0.567887 0.563435 0.549843 0.566631 0.562153 0.570196 0.572067 0.577208 0.566211 0.568344 0.573957 0.546407 0.562332 0.551861 0.564035 0.55662 0.550032 0.568102 0.59827 0.563215 7.928912e-02 0.486
N:27 Run:2 0.552756 0.562735 0.613449 0.644862 0.709013 0.638279 0.588169 0.666466 0.616471 0.60564 0.628977 0.56937 0.575776 0.586629 0.569836 0.559339 0.556623 0.568348 0.583387 0.567015 0.580187 7.928912e-02 0.486
N:27 Run:3 0.583663 0.574345 0.577007 0.568077 0.584802 0.558932 0.569531 0.549663 0.567594 0.561605 0.5563 0.548594 0.555215 0.547652 0.565794 0.550572 0.559236 0.561066 0.560568 0.567362 0.587503 7.928912e-02 0.486
N:27 Run:4 0.554472 0.567887 0.563435 0.549843 0.566631 0.562153 0.570196 0.572067 0.577208 0.566211 0.568344 0.573957 0.55185 0.550342 0.576515 0.592441 0.561442 0.58021 0.595758 0.580644 0.581321 7.928912e-02 0.486
N:27 Run:5 0.552756 0.562735 0.613449 0.644862 0.709013 0.638279 0.588169 0.666466 0.616471 0.60564 0.628977 0.56937 0.543557 0.536662 0.546281 0.562402 0.549445 0.548639 0.580779 0.595885 0.572574 7.928912e-02 0.486
N:27 Run:6 0.54438 0.560514 0.556 0.555127 0.569104 0.54895 0.543876 0.542456 0.550442 0.548417 0.537891 0.544922 0.540445 0.537915 0.553725 0.549891 0.557423 0.571679 0.55947 0.567297 0.554884 7.928912e-02 0.486
N:27 Run:7 0.553952 0.551588 0.585941 0.587753 0.658274 0.596421 0.611544 0.710534 0.591568 0.613438 0.63848 0.613913 0.631049 0.56959 0.54959 0.569196 0.559544 0.554545 0.56689 0.585208 0.570908 7.928912e-02 0.486
N:27 Run:8 0.543417 0.582906 0.623738 0.588125 0.547461 0.533954 0.531703 0.53438 0.532218 0.531678 0.531661 0.529733 0.530657 0.544628 0.539197 0.567455 0.5659 0.569568 0.562859 0.551523 0.594113 7.928912e-02 0.486
N:27 Run:9 0.474572 0.551009 0.561612 0.55984 0.584627 0.565142 0.553113 0.588075 0.556242 0.544751 0.549607 0.546098 0.545219 0.556455 0.55616 0.565477 0.57904 0.569426 0.575912 0.553762 0.559776 7.928912e-02 0.486
N:28 Run:0 0.606038 0.563375 0.601294 0.570177 0.587261 0.593255 0.577413 0.572854 0.561394 0.560834 0.552797 0.577911 0.546042 0.539829 0.541941 0.558291 0.56083 0.557048 0.558398 0.589572 0.577658 7.776970e-02 0.494
N:28 Run:1 0.554472 0.567887 0.563435 0.549843 0.566631 0.562153 0.570196 0.572067 0.577208 0.566211 0.568344 0.573957 0.546407 0.562332 0.551861 0.564035 0.55662 0.550032 0.568102 0.59827 0.563215 7.776970e-02 0.494
N:28 Run:2 0.552756 0.562735 0.613449 0.644862 0.709013 0.638279 0.588169 0.666466 0.616471 0.60564 0.628977 0.56937 0.575776 0.586629 0.569836 0.559339 0.556623 0.568348 0.583387 0.567015 0.580187 7.776970e-02 0.494
N:28 Run:3 0.583663 0.574345 0.577007 0.568077 0.584802 0.558932 0.569531 0.549663 0.567594 0.561605 0.5563 0.548594 0.555215 0.547652 0.565794 0.550572 0.559236 0.561066 0.560568 0.567362 0.587503 7.776970e-02 0.494
N:28 Run:4 0.554472 0.567887 0.563435 0.549843 0.566631 0.562153 0.570196 0.572067 0.577208 0.566211 0.568344 0.573957 0.55185 0.550342 0.576515 0.592441 0.561442 0.58021 0.595758 0.580644 0.581321 7.776970e-02 0.494
N:28 Run:5 0.552756 0.562735 0.613449 0.644862 0.709013 0.638279 0.588169 0.666466 0.616471 0.60564 0.628977 0.56937 0.543557 0.536662 0.546281 0.562402 0.549445 0.548639 0.580779 0.595885 0.572574 7.776970e-02 0.494
N:28 Run:6 0.54438 0.560514 0.556 0.555127 0.569104 0.54895 0.543876 0.542456 0.550442 0.548417 0.537891 0.544922 0.540445 0.537915 0.553725 0.549891 0.557423 0.571679 0.55947 0.567297 0.554884 7.776970e-02 0.494
N:28 Run:7 0.553952 0.551588 0.585941 0.587753 0.658274 0.596421 0.611544 0.710534 0.591568 0.613438 0.63848 0.613913 0.631049 0.56959 0.54959 0.569196 0.559544 0.554545 0.56689 0.585208 0.570908 7.776970e-02 0.494
N:28 Run:8 0.543417 0.582906 0.623738 0.588125 0.547461 0.533954 0.531703 0.53438 0.532218 0.531678 0.531661 0.529733 0.530657 0.544628 0.539197 0.567455 0.5659 0.569568 0.562859 0.551523 0.594113 7.776970e-02 0.494
N:28 Run:9 0.474572 0.551009 0.561612 0.55984 0.584627 0.565142 0.553113 0.588075 0.556242 0.544751 0.549607 0.546098 0.545219 0.556455 0.55616 0.565477 0.57904 0.569426 0.575912 0.553762 0.559776 7.776970e-02 0.494
N:29 Run:0 0.606038 0.563375 0.601294 0.570177 0.587261 0.593255 0.577413 0.572854 0.561394 0.560834 0.552797 0.577911 0.546042 0.539829 0.541941 0.558291 0.56083 0.557048 0.558398 0.589572 0.577658 7.847693e-02 0.485
N:29 Run:1 0.554472 0.567887 0.563435 0.549843 0.566631 0.562153 0.570196 0.572067 0.577208 0.566211 0.568344 0.573957 0.546407 0.562332 0.551861 0.564035 0.55662 0.550032 0.568102 0.59827 0.563215 7.847693e-02 0.485
N:29 Run:2 0.552756 0.562735 0.613449 0.644862 0.709013 0.638279 0.588169 0.666466 0.616471 0.60564 0.628977 0.56937 0.575776 0.586629 0.569836 0.559339 0.556623 0.568348 0.583387 0.567015 0.580187 7.847693e-02 0.485
N:29 Run:3 0.583663 0.574345 0.577007 0.568077 0.584802 0.558932 0.569531 0.549663 0.567594 0.561605 0.5563 0.548594 0.555215 0.547652 0.565794 0.550572 0.559236 0.561066 0.560568 0.567362 0.587503 7.847693e-02 0.485
N:29 Run:4 0.554472 0.567887 0.563435 0.549843 0.566631 0.562153 0.570196 0.572067 0.577208 0.566211 0.568344 0.573957 0.55185 0.550342 0.576515 0.592441 0.561442 0.58021 0.595758 0.580644 0.581321 7.847693e-02 0.485
N:29 Run:5 0.552756 0.562735 0.613449 0.644862 0.709013 0.638279 0.588169 0.666466 0.616471 0.60564 0.628977 0.56937 0.543557 0.536662 0.546281 0.562402 0.549445 0.548639 0.580779 0.595885 0.572574 7.847693e-02 0.485
N:29 Run:6 0.54438 0.560514 0.556 0.555127 0.569104 0.54895 0.543876 0.542456 0.550442 0.548417 0.537891 0.544922 0.540445 0.537915 0.553725 0.549891 0.557423 0.571679 0.55947 0.567297 0.554884 7.847693e-02 0.485
N:29 Run:7 0.553952 0.551588 0.585941 0.587753 0.658274 0.596421 0.611544 0.710534 0.591568 0.613438 0.63848 0.613913 0.631049 0.56959 0.54959 0.569196 0.559544 0.554545 0.56689 0.585208 0.570908 7.847693e-02 0.485
N:29 Run:8 0.543417 0.582906 0.623738 0.588125 0.547461 0.533954 0.531703 0.53438 0.532218 0.531678 0.531661 0.529733 0.530657 0.544628 0.539197 0.567455 0.5659 0.569568 0.562859 0.551523 0.594113 7.847693e-02 0.485
N:29 Run:9 0.474572 0.551009 0.561612 0.55984 0.584627 0.565142 0.553113 0.588075 0.556242 0.544751 0.549607 0.546098 0.545219 0.556455 0.55616 0.565477 0.57904 0.569426 0.575912 0.553762 0.559776 7.847693e-02 0.485
