   0    0    0    420 2.481059e-01 0.876
   0   11  100  42420 4.798640e-02 0.934
   0   15  200  84420 4.696024e-02 0.934
   0    2  300 126420 4.251670e-02 0.934
   0    0  400 168420 3.737378e-02 0.934
   0   21  500 210420 3.654559e-02 0.934
   0   70  600 252420 3.654049e-02 0.934
   0   37  700 294420 3.652997e-02 0.934
   0   14  800 336420 3.645937e-02 0.934
   0   34  900 378420 3.645923e-02 0.934
   0   71 1000 420420 3.645848e-02 0.934
   1    0    0    420 2.418971e-01 0.842
   1    4  100  42420 4.326050e-02 0.930
   1    5  200  84420 4.206828e-02 0.935
   1    1  300 126420 4.197363e-02 0.935
   1   19  400 168420 4.176527e-02 0.935
   1    0  500 210420 4.142471e-02 0.941
   1    9  600 252420 4.124664e-02 0.941
   1    3  700 294420 4.099845e-02 0.941
   1    0  800 336420 4.097729e-02 0.941
   1    1  900 378420 4.052051e-02 0.941
   1   13 1000 420420 4.017064e-02 0.941
   2    0    0    420 1.620093e-01 0.889
   2    7  100  42420 5.080781e-02 0.921
   2   50  200  84420 5.009409e-02 0.921
   2    3  300 126420 4.817910e-02 0.928
   2    2  400 168420 4.816310e-02 0.929
   2    0  500 210420 4.072201e-02 0.929
   2    5  600 252420 3.748030e-02 0.929
   2   12  700 294420 3.733481e-02 0.929
   2    0  800 336420 3.684230e-02 0.929
   2    0  900 378420 3.662690e-02 0.929
   2    4 1000 420420 3.648847e-02 0.929
   3    0    0    420 2.642467e-01 0.859
   3   20  100  42420 4.656906e-02 0.926
   3    4  200  84420 4.467151e-02 0.933
   3    4  300 126420 4.395791e-02 0.933
   3   13  400 168420 4.218054e-02 0.933
   3   25  500 210420 4.115448e-02 0.938
   3   10  600 252420 4.100292e-02 0.938
   3    7  700 294420 4.089089e-02 0.938
   3   10  800 336420 4.076008e-02 0.938
   3    4  900 378420 3.981368e-02 0.938
   3   70 1000 420420 3.979213e-02 0.938
   4    0    0    420 1.254229e-01 0.877
   4   34  100  42420 5.386042e-02 0.919
   4    0  200  84420 4.625282e-02 0.928
   4   36  300 126420 4.371076e-02 0.928
   4    0  400 168420 4.313632e-02 0.928
   4    4  500 210420 4.284949e-02 0.928
   4    2  600 252420 4.190180e-02 0.930
   4   38  700 294420 3.959085e-02 0.930
   4    2  800 336420 3.829767e-02 0.930
   4    4  900 378420 3.776396e-02 0.930
   4    7 1000 420420 3.740496e-02 0.930
   5    0    0    420 2.226069e-01 0.895
   5   42  100  42420 4.820384e-02 0.922
   5    6  200  84420 4.776348e-02 0.922
   5    3  300 126420 4.545559e-02 0.926
   5   25  400 168420 4.506523e-02 0.930
   5    0  500 210420 4.374376e-02 0.932
   5    0  600 252420 4.303446e-02 0.933
   5   15  700 294420 4.296645e-02 0.935
   5    0  800 336420 4.281441e-02 0.935
   5    7  900 378420 4.253088e-02 0.935
   5    0 1000 420420 4.238244e-02 0.935
   6    0    0    420 2.345310e-01 0.873
   6    0  100  42420 4.749769e-02 0.921
   6    3  200  84420 4.581901e-02 0.925
   6    0  300 126420 3.829769e-02 0.926
   6    5  400 168420 3.811927e-02 0.926
   6    5  500 210420 3.806503e-02 0.926
   6    0  600 252420 3.768542e-02 0.926
   6   39  700 294420 3.760752e-02 0.927
   6   13  800 336420 3.754964e-02 0.927
   6    1  900 378420 3.750146e-02 0.927
   6    2 1000 420420 3.747922e-02 0.930
   7    0    0    420 1.506674e-01 0.872
   7   27  100  42420 4.502417e-02 0.922
   7    1  200  84420 4.501592e-02 0.925
   7   11  300 126420 4.501171e-02 0.926
   7    2  400 168420 4.501168e-02 0.930
   7    7  500 210420 4.478233e-02 0.930
   7    6  600 252420 4.463619e-02 0.930
   7   27  700 294420 4.260813e-02 0.932
   7   21  800 336420 4.256079e-02 0.935
   7    0  900 378420 4.211813e-02 0.935
   7   18 1000 420420 4.133628e-02 0.935
   8    0    0    420 2.390068e-01 0.878
   8    1  100  42420 4.262196e-02 0.934
   8    9  200  84420 4.222572e-02 0.935
   8   34  300 126420 4.206689e-02 0.937
   8   24  400 168420 4.152018e-02 0.939
   8   94  500 210420 4.149586e-02 0.939
   8   31  600 252420 4.149243e-02 0.939
   8   13  700 294420 4.145905e-02 0.939
   8   18  800 336420 4.140445e-02 0.939
   8   11  900 378420 4.127980e-02 0.939
   8   41 1000 420420 4.127826e-02 0.939
   9    0    0    420 1.308409e-01 0.881
   9   10  100  42420 5.042481e-02 0.914
   9    4  200  84420 4.423737e-02 0.914
   9    5  300 126420 3.974977e-02 0.914
   9    0  400 168420 3.868212e-02 0.918
   9    0  500 210420 3.867522e-02 0.918
   9    6  600 252420 3.852579e-02 0.918
   9    0  700 294420 3.851784e-02 0.918
   9   18  800 336420 3.844101e-02 0.918
   9    1  900 378420 3.744519e-02 0.920
   9    2 1000 420420 3.729756e-02 0.920
  10    0    0    420 1.930307e-01 0.833
  10    2  100  42420 5.197382e-02 0.901
  10    0  200  84420 5.190147e-02 0.910
  10    0  300 126420 5.124133e-02 0.910
  10   14  400 168420 4.840232e-02 0.910
  10   24  500 210420 4.723313e-02 0.910
  10    8  600 252420 4.717436e-02 0.910
  10    5  700 294420 4.715332e-02 0.910
  10    7  800 336420 4.713777e-02 0.910
  10   41  900 378420 4.670056e-02 0.910
  10    5 1000 420420 4.617179e-02 0.910
  11    0    0    420 1.190351e-01 0.870
  11    4  100  42420 4.098026e-02 0.928
  11   44  200  84420 4.097152e-02 0.937
  11    8  300 126420 4.002515e-02 0.937
  11   20  400 168420 3.974801e-02 0.937
  11    6  500 210420 3.963435e-02 0.937
  11    4  600 252420 3.950832e-02 0.940
  11   66  700 294420 3.950415e-02 0.940
  11   20  800 336420 3.920887e-02 0.940
  11   18  900 378420 3.872771e-02 0.940
  11    0 1000 420420 3.697749e-02 0.940
  12    0    0    420 1.051318e-01 0.866
  12    0  100  42420 5.395138e-02 0.934
  12   20  200  84420 4.889639e-02 0.934
  12    3  300 126420 4.341174e-02 0.934
  12    8  400 168420 4.338575e-02 0.934
  12   12  500 210420 4.290015e-02 0.934
  12   15  600 252420 4.228886e-02 0.934
  12    0  700 294420 4.193480e-02 0.934
  12   11  800 336420 4.107924e-02 0.936
  12   29  900 378420 4.105478e-02 0.936
  12    0 1000 420420 4.038181e-02 0.936
  13    0    0    420 1.995889e-01 0.863
  13    4  100  42420 5.108605e-02 0.918
  13    2  200  84420 4.634471e-02 0.929
  13    1  300 126420 4.468928e-02 0.929
  13   15  400 168420 4.266154e-02 0.930
  13    0  500 210420 4.240107e-02 0.930
  13   22  600 252420 4.173554e-02 0.931
  13    6  700 294420 4.173307e-02 0.932
  13   37  800 336420 4.173079e-02 0.937
  13    0  900 378420 4.127049e-02 0.937
  13    3 1000 420420 4.117385e-02 0.937
  14    0    0    420 1.117529e-01 0.886
  14    8  100  42420 4.722828e-02 0.920
  14   73  200  84420 4.711011e-02 0.923
  14    6  300 126420 4.466958e-02 0.928
  14    0  400 168420 4.365954e-02 0.929
  14   11  500 210420 4.211166e-02 0.929
  14    0  600 252420 4.156801e-02 0.931
  14    8  700 294420 4.130482e-02 0.935
  14    1  800 336420 4.029463e-02 0.935
  14   18  900 378420 4.026927e-02 0.935
  14    4 1000 420420 4.023035e-02 0.935
  15    0    0    420 9.546965e-02 0.898
  15   21  100  42420 4.687138e-02 0.924
  15   40  200  84420 4.684684e-02 0.928
  15    7  300 126420 4.609143e-02 0.928
  15   59  400 168420 4.609140e-02 0.928
  15   16  500 210420 4.608827e-02 0.928
  15   22  600 252420 4.607301e-02 0.928
  15   41  700 294420 4.607238e-02 0.928
  15    9  800 336420 4.607228e-02 0.928
  15   48  900 378420 4.607213e-02 0.928
  15  148 1000 420420 4.607213e-02 0.928
  16    0    0    420 6.105887e-02 0.912
  16    0  100  42420 4.741975e-02 0.925
  16   10  200  84420 4.548649e-02 0.930
  16    3  300 126420 4.452408e-02 0.931
  16   47  400 168420 4.390181e-02 0.931
  16    9  500 210420 4.314754e-02 0.932
  16   33  600 252420 4.289625e-02 0.932
  16   44  700 294420 4.289421e-02 0.932
  16    0  800 336420 4.164354e-02 0.932
  16    1  900 378420 4.091000e-02 0.932
  16    1 1000 420420 4.090468e-02 0.932
  17    0    0    420 2.237236e-01 0.831
  17   12  100  42420 4.815927e-02 0.924
  17   14  200  84420 4.771381e-02 0.924
  17   21  300 126420 4.588092e-02 0.928
  17   67  400 168420 4.587523e-02 0.930
  17    3  500 210420 4.574447e-02 0.933
  17  103  600 252420 4.574447e-02 0.933
  17    0  700 294420 4.142095e-02 0.933
  17   36  800 336420 4.116776e-02 0.933
  17    4  900 378420 4.061750e-02 0.936
  17    7 1000 420420 4.047068e-02 0.936
  18    0    0    420 1.784631e-01 0.881
  18    2  100  42420 4.898852e-02 0.921
  18   22  200  84420 4.410413e-02 0.933
  18    0  300 126420 4.251391e-02 0.938
  18   15  400 168420 3.620968e-02 0.938
  18   13  500 210420 3.619522e-02 0.938
  18   12  600 252420 3.618124e-02 0.938
  18    5  700 294420 3.605895e-02 0.938
  18   97  800 336420 3.605868e-02 0.938
  18    8  900 378420 3.601602e-02 0.938
  18    1 1000 420420 3.583936e-02 0.938
  19    0    0    420 2.342064e-01 0.883
  19    8  100  42420 4.686499e-02 0.925
  19   26  200  84420 4.568161e-02 0.940
  19    5  300 126420 4.552366e-02 0.940
  19  105  400 168420 4.552366e-02 0.940
  19   13  500 210420 4.547797e-02 0.940
  19   15  600 252420 4.543499e-02 0.940
  19    1  700 294420 4.510311e-02 0.940
  19   52  800 336420 4.463475e-02 0.940
  19    2  900 378420 4.450671e-02 0.940
  19    0 1000 420420 4.353832e-02 0.940
  20    0    0    420 1.946660e-01 0.836
  20    2  100  42420 4.519326e-02 0.931
  20    0  200  84420 4.006336e-02 0.931
  20   24  300 126420 3.897110e-02 0.934
  20    8  400 168420 3.812300e-02 0.934
  20   13  500 210420 3.783430e-02 0.934
  20    1  600 252420 3.741045e-02 0.934
  20    2  700 294420 3.736352e-02 0.934
  20    5  800 336420 3.722797e-02 0.934
  20   30  900 378420 3.719097e-02 0.934
  20   22 1000 420420 3.685512e-02 0.934
  21    0    0    420 2.445027e-01 0.897
  21    1  100  42420 4.767947e-02 0.923
  21    6  200  84420 4.659608e-02 0.929
  21    7  300 126420 4.658460e-02 0.929
  21    3  400 168420 4.645655e-02 0.929
  21    1  500 210420 4.402979e-02 0.931
  21    4  600 252420 4.172992e-02 0.935
  21   34  700 294420 4.166865e-02 0.935
  21   10  800 336420 4.110221e-02 0.935
  21    0  900 378420 4.009526e-02 0.937
  21    0 1000 420420 3.999040e-02 0.937
  22    0    0    420 2.579030e-01 0.878
  22    3  100  42420 4.894154e-02 0.924
  22    4  200  84420 4.889712e-02 0.924
  22   41  300 126420 4.888957e-02 0.932
  22   28  400 168420 4.886047e-02 0.932
  22    6  500 210420 4.756221e-02 0.932
  22    1  600 252420 4.610467e-02 0.937
  22   35  700 294420 4.580832e-02 0.937
  22   18  800 336420 4.574767e-02 0.937
  22    3  900 378420 4.131608e-02 0.937
  22    1 1000 420420 4.114441e-02 0.937
  23    0    0    420 1.988381e-01 0.872
  23    8  100  42420 4.254121e-02 0.941
  23   30  200  84420 4.207223e-02 0.943
  23    6  300 126420 4.029672e-02 0.943
  23   76  400 168420 4.015215e-02 0.943
  23   33  500 210420 4.014611e-02 0.943
  23    0  600 252420 3.885854e-02 0.943
  23    7  700 294420 3.701790e-02 0.943
  23    2  800 336420 3.638742e-02 0.943
  23   14  900 378420 3.634375e-02 0.943
  23    9 1000 420420 3.628394e-02 0.943
  24    0    0    420 2.579683e-01 0.874
  24   43  100  42420 5.039661e-02 0.920
  24    3  200  84420 5.021199e-02 0.920
  24    4  300 126420 4.988387e-02 0.920
  24    4  400 168420 4.310307e-02 0.920
  24    1  500 210420 3.864105e-02 0.928
  24    6  600 252420 3.700987e-02 0.928
  24    6  700 294420 3.692647e-02 0.928
  24   35  800 336420 3.685507e-02 0.928
  24    0  900 378420 3.674510e-02 0.928
  24    0 1000 420420 3.643381e-02 0.928
  25    0    0    420 1.686469e-01 0.793
  25    5  100  42420 4.336763e-02 0.934
  25   17  200  84420 4.309277e-02 0.934
  25   11  300 126420 4.209683e-02 0.934
  25    2  400 168420 4.179272e-02 0.934
  25   21  500 210420 4.166365e-02 0.934
  25   14  600 252420 4.153265e-02 0.934
  25   20  700 294420 4.147993e-02 0.934
  25   12  800 336420 4.147162e-02 0.934
  25    2  900 378420 4.147105e-02 0.935
  25    3 1000 420420 4.053918e-02 0.935
  26    0    0    420 2.404517e-01 0.886
  26    1  100  42420 4.946422e-02 0.921
  26   18  200  84420 4.458536e-02 0.926
  26   52  300 126420 4.452862e-02 0.926
  26    3  400 168420 4.191498e-02 0.926
  26   36  500 210420 4.173907e-02 0.929
  26   11  600 252420 4.173890e-02 0.929
  26   40  700 294420 4.169185e-02 0.929
  26    2  800 336420 4.140012e-02 0.932
  26    9  900 378420 4.134828e-02 0.939
  26   10 1000 420420 4.132891e-02 0.939
  27    0    0    420 2.005037e-01 0.877
  27    9  100  42420 4.552379e-02 0.929
  27    0  200  84420 4.499847e-02 0.929
  27    7  300 126420 4.492253e-02 0.929
  27   61  400 168420 4.492137e-02 0.929
  27    2  500 210420 4.470923e-02 0.929
  27    3  600 252420 4.393754e-02 0.929
  27    2  700 294420 4.324001e-02 0.932
  27    9  800 336420 4.138929e-02 0.933
  27   31  900 378420 4.132977e-02 0.940
  27   23 1000 420420 4.061372e-02 0.940
  28    0    0    420 2.463874e-01 0.872
  28    1  100  42420 4.773687e-02 0.936
  28    3  200  84420 4.604541e-02 0.936
  28    3  300 126420 4.578649e-02 0.938
  28    2  400 168420 4.571094e-02 0.940
  28    2  500 210420 4.525990e-02 0.940
  28   43  600 252420 4.466994e-02 0.941
  28    0  700 294420 4.357969e-02 0.941
  28    0  800 336420 4.154239e-02 0.941
  28    4  900 378420 4.025113e-02 0.941
  28    0 1000 420420 4.020406e-02 0.941
  29    0    0    420 1.691131e-01 0.880
  29   20  100  42420 4.877136e-02 0.921
  29   11  200  84420 4.571331e-02 0.928
  29   30  300 126420 4.533352e-02 0.928
  29    0  400 168420 4.481085e-02 0.928
  29   10  500 210420 4.471009e-02 0.929
  29    1  600 252420 4.467608e-02 0.930
  29   10  700 294420 4.458922e-02 0.930
  29    0  800 336420 4.436349e-02 0.930
  29   30  900 378420 4.381111e-02 0.930
  29    2 1000 420420 4.211926e-02 0.930
