   0    0    0    420 6.382361e-02 0.819
   0    4  100  42420 5.225688e-02 0.832
   0    9  200  84420 5.118454e-02 0.832
   0   40  300 126420 5.117187e-02 0.832
   0    9  400 168420 5.116945e-02 0.832
   0    5  500 210420 5.115264e-02 0.832
   0   14  600 252420 5.114061e-02 0.832
   0    7  700 294420 5.113106e-02 0.832
   0   45  800 336420 5.113056e-02 0.832
   0    3  900 378420 5.111301e-02 0.832
   0    3 1000 420420 5.108788e-02 0.832
   1    0    0    420 1.172510e-01 0.781
   1    2  100  42420 4.446860e-02 0.855
   1   82  200  84420 4.446588e-02 0.855
   1   70  300 126420 4.446341e-02 0.855
   1   49  400 168420 4.424198e-02 0.876
   1    3  500 210420 4.423554e-02 0.883
   1    3  600 252420 4.420898e-02 0.883
   1    9  700 294420 4.295065e-02 0.883
   1    5  800 336420 4.271127e-02 0.883
   1   72  900 378420 4.264038e-02 0.883
   1    4 1000 420420 4.263678e-02 0.883
   2    0    0    420 9.722145e-02 0.787
   2    1  100  42420 5.263521e-02 0.810
   2   14  200  84420 5.187793e-02 0.810
   2   53  300 126420 5.184687e-02 0.810
   2   22  400 168420 5.182716e-02 0.810
   2    9  500 210420 5.141040e-02 0.813
   2   38  600 252420 5.126990e-02 0.814
   2   21  700 294420 5.126923e-02 0.814
   2   23  800 336420 5.108828e-02 0.814
   2   26  900 378420 5.108823e-02 0.814
   2   18 1000 420420 5.108822e-02 0.814
   3    0    0    420 6.915201e-02 0.816
   3    0  100  42420 5.159475e-02 0.848
   3    5  200  84420 4.861090e-02 0.848
   3    0  300 126420 4.582247e-02 0.850
   3   56  400 168420 4.375090e-02 0.856
   3   28  500 210420 4.338896e-02 0.858
   3   22  600 252420 4.244698e-02 0.858
   3   14  700 294420 4.243308e-02 0.861
   3    1  800 336420 4.199267e-02 0.868
   3   22  900 378420 4.194070e-02 0.868
   3    1 1000 420420 4.193293e-02 0.868
   4    0    0    420 8.860559e-02 0.804
   4   10  100  42420 5.360686e-02 0.842
   4   37  200  84420 5.353483e-02 0.842
   4    0  300 126420 5.211052e-02 0.842
   4   30  400 168420 5.197545e-02 0.842
   4    1  500 210420 5.195842e-02 0.842
   4   13  600 252420 5.150068e-02 0.842
   4   10  700 294420 5.144734e-02 0.842
   4   51  800 336420 5.144575e-02 0.842
   4    0  900 378420 5.135817e-02 0.842
   4   40 1000 420420 5.132269e-02 0.842
   5    0    0    420 9.718128e-02 0.793
   5   25  100  42420 5.271461e-02 0.830
   5   11  200  84420 5.250346e-02 0.830
   5  111  300 126420 5.250346e-02 0.830
   5  211  400 168420 5.250346e-02 0.830
   5   17  500 210420 5.139516e-02 0.830
   5   51  600 252420 5.118142e-02 0.830
   5   31  700 294420 5.118042e-02 0.830
   5   38  800 336420 5.117588e-02 0.830
   5   28  900 378420 5.116534e-02 0.830
   5   28 1000 420420 5.116318e-02 0.830
   6    0    0    420 6.732292e-02 0.792
   6    1  100  42420 5.191904e-02 0.805
   6    8  200  84420 5.181204e-02 0.807
   6   39  300 126420 5.176462e-02 0.808
   6    2  400 168420 5.151202e-02 0.809
   6   32  500 210420 5.138026e-02 0.809
   6    1  600 252420 5.118610e-02 0.809
   6    6  700 294420 5.113217e-02 0.812
   6  106  800 336420 5.113217e-02 0.815
   6   76  900 378420 5.106195e-02 0.815
   6   86 1000 420420 5.106183e-02 0.815
   7    0    0    420 1.212167e-01 0.791
   7   27  100  42420 5.120236e-02 0.836
   7   14  200  84420 5.120229e-02 0.836
   7   88  300 126420 5.120188e-02 0.836
   7    9  400 168420 5.113547e-02 0.836
   7   17  500 210420 5.113251e-02 0.836
   7   18  600 252420 5.110301e-02 0.836
   7   37  700 294420 5.108800e-02 0.836
   7  137  800 336420 5.108800e-02 0.836
   7   53  900 378420 5.108642e-02 0.836
   7    5 1000 420420 5.108198e-02 0.836
   8    0    0    420 7.779622e-02 0.784
   8    6  100  42420 5.390814e-02 0.808
   8   11  200  84420 5.360017e-02 0.809
   8    0  300 126420 5.201481e-02 0.813
   8   83  400 168420 5.200582e-02 0.813
   8   26  500 210420 5.196888e-02 0.813
   8    2  600 252420 5.196600e-02 0.815
   8    7  700 294420 5.176087e-02 0.815
   8    4  800 336420 5.138457e-02 0.815
   8    2  900 378420 5.127705e-02 0.815
   8    8 1000 420420 5.117794e-02 0.815
   9    0    0    420 1.040483e-01 0.835
   9    2  100  42420 5.329520e-02 0.835
   9   11  200  84420 5.245213e-02 0.835
   9    0  300 126420 5.231593e-02 0.835
   9    5  400 168420 5.187606e-02 0.835
   9    2  500 210420 5.153186e-02 0.835
   9    0  600 252420 5.140458e-02 0.835
   9   14  700 294420 5.124866e-02 0.835
   9   33  800 336420 5.124760e-02 0.835
   9    7  900 378420 5.109084e-02 0.835
   9    3 1000 420420 5.105007e-02 0.835
  10    0    0    420 9.157774e-02 0.786
  10   24  100  42420 5.418101e-02 0.808
  10    3  200  84420 5.329765e-02 0.808
  10   16  300 126420 5.290654e-02 0.808
  10   25  400 168420 5.290256e-02 0.810
  10    1  500 210420 5.148121e-02 0.810
  10    1  600 252420 5.135367e-02 0.810
  10   19  700 294420 5.135045e-02 0.810
  10   61  800 336420 5.107249e-02 0.810
  10   15  900 378420 5.107131e-02 0.811
  10   83 1000 420420 5.107121e-02 0.816
  11    0    0    420 7.796074e-02 0.804
  11    0  100  42420 5.427515e-02 0.815
  11    7  200  84420 5.338707e-02 0.815
  11    6  300 126420 5.211886e-02 0.815
  11    3  400 168420 5.191261e-02 0.815
  11   23  500 210420 5.191244e-02 0.815
  11    4  600 252420 5.190143e-02 0.815
  11    1  700 294420 5.144840e-02 0.815
  11   74  800 336420 5.118560e-02 0.815
  11    3  900 378420 5.115511e-02 0.815
  11   42 1000 420420 5.113448e-02 0.815
  12    0    0    420 6.522417e-02 0.829
  12   21  100  42420 5.190570e-02 0.829
  12    7  200  84420 5.118726e-02 0.829
  12   29  300 126420 5.116340e-02 0.829
  12   14  400 168420 5.116287e-02 0.829
  12   10  500 210420 5.116100e-02 0.829
  12   47  600 252420 5.116066e-02 0.829
  12    3  700 294420 5.114137e-02 0.829
  12   22  800 336420 5.112087e-02 0.829
  12  122  900 378420 5.112087e-02 0.829
  12   17 1000 420420 5.111898e-02 0.829
  13    0    0    420 7.516870e-02 0.783
  13    4  100  42420 5.125977e-02 0.824
  13   16  200  84420 5.125966e-02 0.824
  13  116  300 126420 5.125966e-02 0.824
  13   28  400 168420 5.125966e-02 0.824
  13   19  500 210420 5.125944e-02 0.824
  13   89  600 252420 5.125889e-02 0.824
  13  189  700 294420 5.125889e-02 0.824
  13   61  800 336420 5.125392e-02 0.824
  13    2  900 378420 5.121113e-02 0.824
  13   73 1000 420420 5.121093e-02 0.824
  14    0    0    420 9.349247e-02 0.825
  14   30  100  42420 5.561882e-02 0.825
  14    5  200  84420 5.180341e-02 0.825
  14    7  300 126420 5.156595e-02 0.825
  14   11  400 168420 5.152888e-02 0.825
  14   51  500 210420 5.152723e-02 0.825
  14    6  600 252420 5.134334e-02 0.825
  14   75  700 294420 5.134255e-02 0.825
  14   32  800 336420 5.117084e-02 0.825
  14   19  900 378420 5.116332e-02 0.825
  14   13 1000 420420 5.112521e-02 0.825
  15    0    0    420 1.192123e-01 0.789
  15    8  100  42420 5.361335e-02 0.854
  15    5  200  84420 5.330826e-02 0.854
  15    0  300 126420 5.161332e-02 0.854
  15   32  400 168420 5.148041e-02 0.854
  15    7  500 210420 5.139289e-02 0.854
  15   39  600 252420 5.138978e-02 0.854
  15    6  700 294420 5.138924e-02 0.854
  15    7  800 336420 5.136999e-02 0.854
  15   25  900 378420 5.123642e-02 0.854
  15   18 1000 420420 5.121071e-02 0.854
  16    0    0    420 6.805274e-02 0.745
  16   24  100  42420 5.237076e-02 0.841
  16    0  200  84420 5.171362e-02 0.841
  16   22  300 126420 5.171171e-02 0.841
  16  122  400 168420 5.171171e-02 0.841
  16    2  500 210420 5.119368e-02 0.841
  16  102  600 252420 5.119368e-02 0.841
  16   78  700 294420 5.119368e-02 0.841
  16  178  800 336420 5.119368e-02 0.841
  16  278  900 378420 5.119368e-02 0.841
  16    4 1000 420420 5.118405e-02 0.841
  17    0    0    420 9.510997e-02 0.838
  17   16  100  42420 5.225344e-02 0.838
  17  116  200  84420 5.225344e-02 0.838
  17   18  300 126420 5.182641e-02 0.838
  17    8  400 168420 5.158129e-02 0.838
  17   44  500 210420 5.157112e-02 0.838
  17   13  600 252420 5.156751e-02 0.838
  17   14  700 294420 5.145298e-02 0.838
  17   18  800 336420 5.144141e-02 0.838
  17    1  900 378420 5.137591e-02 0.838
  17   16 1000 420420 5.119810e-02 0.838
  18    0    0    420 8.686252e-02 0.792
  18    6  100  42420 5.353811e-02 0.842
  18   51  200  84420 5.353714e-02 0.842
  18   26  300 126420 5.190384e-02 0.842
  18    4  400 168420 5.183594e-02 0.842
  18    6  500 210420 5.183438e-02 0.842
  18   13  600 252420 5.116991e-02 0.842
  18   56  700 294420 5.114680e-02 0.842
  18   28  800 336420 5.107009e-02 0.842
  18    6  900 378420 5.106993e-02 0.842
  18    7 1000 420420 5.106800e-02 0.842
  19    0    0    420 1.719875e-01 0.779
  19   26  100  42420 5.418927e-02 0.810
  19    0  200  84420 5.402722e-02 0.810
  19   16  300 126420 5.261003e-02 0.811
  19    3  400 168420 5.142598e-02 0.811
  19   65  500 210420 5.142582e-02 0.811
  19   33  600 252420 5.138371e-02 0.813
  19   14  700 294420 5.131114e-02 0.814
  19   15  800 336420 5.131054e-02 0.814
  19    3  900 378420 5.110646e-02 0.814
  19    2 1000 420420 5.107670e-02 0.814
  20    0    0    420 6.872904e-02 0.752
  20    3  100  42420 5.166314e-02 0.813
  20    3  200  84420 5.134382e-02 0.813
  20    8  300 126420 5.134297e-02 0.813
  20   15  400 168420 5.111540e-02 0.813
  20   38  500 210420 5.111495e-02 0.813
  20    4  600 252420 5.110186e-02 0.813
  20    5  700 294420 5.110003e-02 0.813
  20   12  800 336420 5.109379e-02 0.813
  20   68  900 378420 5.109360e-02 0.813
  20    1 1000 420420 5.106802e-02 0.813
  21    0    0    420 8.907262e-02 0.780
  21    6  100  42420 5.269308e-02 0.850
  21    6  200  84420 5.228723e-02 0.850
  21   55  300 126420 5.224501e-02 0.850
  21  155  400 168420 5.224501e-02 0.850
  21    5  500 210420 5.170348e-02 0.850
  21    0  600 252420 5.129026e-02 0.850
  21   12  700 294420 5.124565e-02 0.850
  21    5  800 336420 5.124088e-02 0.850
  21    7  900 378420 5.118473e-02 0.850
  21    5 1000 420420 5.110612e-02 0.850
  22    0    0    420 1.045304e-01 0.779
  22    8  100  42420 5.199321e-02 0.810
  22   15  200  84420 5.184108e-02 0.810
  22    5  300 126420 5.177431e-02 0.810
  22   12  400 168420 5.157132e-02 0.812
  22    5  500 210420 5.155203e-02 0.812
  22   20  600 252420 5.135318e-02 0.812
  22   12  700 294420 5.134310e-02 0.812
  22   13  800 336420 5.133867e-02 0.816
  22  113  900 378420 5.133867e-02 0.816
  22    5 1000 420420 5.121322e-02 0.816
  23    0    0    420 6.583381e-02 0.795
  23    7  100  42420 5.207697e-02 0.805
  23   10  200  84420 5.206549e-02 0.815
  23    6  300 126420 5.162342e-02 0.815
  23    1  400 168420 5.160437e-02 0.815
  23    9  500 210420 5.145634e-02 0.815
  23    3  600 252420 5.135812e-02 0.815
  23    6  700 294420 5.134592e-02 0.815
  23    6  800 336420 5.127989e-02 0.815
  23    2  900 378420 5.110137e-02 0.815
  23   20 1000 420420 5.109951e-02 0.815
  24    0    0    420 7.449209e-02 0.781
  24   10  100  42420 5.185099e-02 0.809
  24   39  200  84420 5.184018e-02 0.812
  24   41  300 126420 5.183853e-02 0.812
  24    0  400 168420 5.183698e-02 0.814
  24   12  500 210420 5.183387e-02 0.814
  24    8  600 252420 5.132753e-02 0.814
  24   34  700 294420 5.110997e-02 0.814
  24   30  800 336420 5.108600e-02 0.814
  24    0  900 378420 5.108180e-02 0.815
  24    2 1000 420420 5.105866e-02 0.815
  25    0    0    420 6.453582e-02 0.777
  25    4  100  42420 5.149485e-02 0.835
  25   25  200  84420 5.149277e-02 0.835
  25   14  300 126420 5.124120e-02 0.835
  25    4  400 168420 5.111147e-02 0.835
  25    7  500 210420 5.106741e-02 0.835
  25   23  600 252420 5.106144e-02 0.835
  25   79  700 294420 5.106064e-02 0.835
  25   74  800 336420 5.106060e-02 0.835
  25   25  900 378420 5.106059e-02 0.835
  25   22 1000 420420 5.106051e-02 0.835
  26    0    0    420 7.685553e-02 0.794
  26    5  100  42420 5.367428e-02 0.807
  26    0  200  84420 5.156930e-02 0.808
  26   28  300 126420 5.154965e-02 0.810
  26  128  400 168420 5.154965e-02 0.813
  26    1  500 210420 5.151369e-02 0.813
  26    2  600 252420 5.128986e-02 0.815
  26    8  700 294420 5.128710e-02 0.815
  26   53  800 336420 5.128587e-02 0.815
  26    6  900 378420 5.128540e-02 0.815
  26   59 1000 420420 5.128540e-02 0.815
  27    0    0    420 9.771195e-02 0.786
  27   14  100  42420 5.197118e-02 0.842
  27   22  200  84420 5.176298e-02 0.842
  27   13  300 126420 5.145642e-02 0.842
  27   13  400 168420 5.145432e-02 0.842
  27   14  500 210420 5.143140e-02 0.842
  27    3  600 252420 5.142814e-02 0.842
  27    1  700 294420 5.142728e-02 0.842
  27   10  800 336420 5.142713e-02 0.842
  27    4  900 378420 5.142575e-02 0.842
  27   26 1000 420420 5.142573e-02 0.842
  28    0    0    420 6.041756e-02 0.777
  28   11  100  42420 4.564241e-02 0.858
  28   40  200  84420 4.557866e-02 0.860
  28    4  300 126420 4.455727e-02 0.860
  28    4  400 168420 4.426030e-02 0.860
  28    3  500 210420 4.401963e-02 0.860
  28    0  600 252420 4.400520e-02 0.860
  28    4  700 294420 4.375030e-02 0.862
  28    4  800 336420 4.360948e-02 0.863
  28   16  900 378420 4.324188e-02 0.864
  28    1 1000 420420 4.270691e-02 0.864
  29    0    0    420 9.002129e-02 0.798
  29    8  100  42420 5.149908e-02 0.819
  29   16  200  84420 5.138680e-02 0.819
  29   11  300 126420 5.136502e-02 0.819
  29   19  400 168420 5.133415e-02 0.819
  29   18  500 210420 5.133404e-02 0.819
  29    2  600 252420 5.131615e-02 0.819
  29   25  700 294420 5.130077e-02 0.819
  29   11  800 336420 5.115126e-02 0.819
  29    2  900 378420 5.115064e-02 0.819
  29   61 1000 420420 5.115064e-02 0.819
