   0    0    0    420 2.869491e-01 0.335
   0   16  100  42420 1.464197e-01 0.829
   0    8  200  84420 1.437149e-01 0.841
   0    8  300 126420 1.390185e-01 0.841
   0   13  400 168420 1.341491e-01 0.841
   0   17  500 210420 1.320212e-01 0.841
   0   12  600 252420 1.317590e-01 0.841
   0    2  700 294420 1.309386e-01 0.841
   0   64  800 336420 1.309123e-01 0.841
   0   54  900 378420 1.309121e-01 0.841
   0   36 1000 420420 1.309113e-01 0.841
   1    0    0    420 2.702073e-01 0.659
   1   22  100  42420 1.343577e-01 0.839
   1   22  200  84420 1.343387e-01 0.839
   1    9  300 126420 1.341246e-01 0.839
   1   29  400 168420 1.339603e-01 0.839
   1  129  500 210420 1.339603e-01 0.839
   1    4  600 252420 1.328501e-01 0.839
   1   36  700 294420 1.324964e-01 0.839
   1    2  800 336420 1.315446e-01 0.839
   1    2  900 378420 1.311039e-01 0.839
   1   18 1000 420420 1.310404e-01 0.839
   2    0    0    420 3.034041e-01 0.732
   2    4  100  42420 1.386545e-01 0.833
   2   36  200  84420 1.365777e-01 0.833
   2   28  300 126420 1.365116e-01 0.833
   2    0  400 168420 1.346234e-01 0.833
   2   29  500 210420 1.340341e-01 0.833
   2    7  600 252420 1.328771e-01 0.833
   2   20  700 294420 1.325918e-01 0.837
   2    5  800 336420 1.322134e-01 0.837
   2    7  900 378420 1.315172e-01 0.837
   2   18 1000 420420 1.312976e-01 0.837
   3    0    0    420 3.220024e-01 0.724
   3   18  100  42420 1.390129e-01 0.840
   3   17  200  84420 1.322119e-01 0.843
   3   10  300 126420 1.321165e-01 0.843
   3    6  400 168420 1.320624e-01 0.843
   3    9  500 210420 1.317517e-01 0.843
   3    8  600 252420 1.317245e-01 0.843
   3   10  700 294420 1.311301e-01 0.843
   3   20  800 336420 1.308263e-01 0.843
   3    3  900 378420 1.302546e-01 0.843
   3    1 1000 420420 1.294025e-01 0.843
   4    0    0    420 2.799240e-01 0.757
   4    4  100  42420 1.390211e-01 0.831
   4   13  200  84420 1.342318e-01 0.834
   4   19  300 126420 1.341149e-01 0.834
   4   20  400 168420 1.338652e-01 0.840
   4   56  500 210420 1.338575e-01 0.840
   4    3  600 252420 1.310014e-01 0.840
   4   12  700 294420 1.309920e-01 0.840
   4   30  800 336420 1.309586e-01 0.840
   4   56  900 378420 1.309572e-01 0.840
   4    0 1000 420420 1.218403e-01 0.840
   5    0    0    420 2.170326e-01 0.757
   5    2  100  42420 1.387126e-01 0.830
   5   16  200  84420 1.386299e-01 0.846
   5   13  300 126420 1.385807e-01 0.846
   5    1  400 168420 1.333062e-01 0.846
   5    0  500 210420 1.331156e-01 0.846
   5   10  600 252420 1.328369e-01 0.846
   5   10  700 294420 1.323037e-01 0.846
   5   14  800 336420 1.316653e-01 0.846
   5    1  900 378420 1.313708e-01 0.846
   5   15 1000 420420 1.313548e-01 0.846
   6    0    0    420 2.226441e-01 0.572
   6    7  100  42420 1.292926e-01 0.826
   6   49  200  84420 1.284670e-01 0.832
   6   83  300 126420 1.283915e-01 0.840
   6   49  400 168420 1.281603e-01 0.842
   6   91  500 210420 1.281072e-01 0.842
   6    2  600 252420 1.279685e-01 0.842
   6    1  700 294420 1.269074e-01 0.842
   6   10  800 336420 1.208229e-01 0.847
   6   52  900 378420 1.203854e-01 0.847
   6   12 1000 420420 1.201341e-01 0.847
   7    0    0    420 2.790658e-01 0.630
   7    3  100  42420 1.362227e-01 0.820
   7    2  200  84420 1.326429e-01 0.838
   7    5  300 126420 1.321855e-01 0.838
   7    4  400 168420 1.321820e-01 0.838
   7   91  500 210420 1.321799e-01 0.838
   7    6  600 252420 1.321746e-01 0.838
   7    2  700 294420 1.321439e-01 0.838
   7    4  800 336420 1.321169e-01 0.843
   7   20  900 378420 1.319881e-01 0.843
   7    7 1000 420420 1.316998e-01 0.843
   8    0    0    420 3.394562e-01 0.753
   8    0  100  42420 1.427454e-01 0.835
   8   14  200  84420 1.320503e-01 0.841
   8   11  300 126420 1.319830e-01 0.841
   8    2  400 168420 1.314576e-01 0.841
   8   34  500 210420 1.309102e-01 0.841
   8    8  600 252420 1.308266e-01 0.845
   8   80  700 294420 1.307409e-01 0.845
   8    8  800 336420 1.307251e-01 0.845
   8   65  900 378420 1.305153e-01 0.845
   8    8 1000 420420 1.304944e-01 0.845
   9    0    0    420 2.647851e-01 0.821
   9    0  100  42420 1.431946e-01 0.830
   9   13  200  84420 1.404222e-01 0.830
   9   20  300 126420 1.375697e-01 0.833
   9   10  400 168420 1.375054e-01 0.833
   9   10  500 210420 1.370912e-01 0.836
   9    6  600 252420 1.334597e-01 0.837
   9   23  700 294420 1.316431e-01 0.838
   9    0  800 336420 1.316416e-01 0.838
   9   14  900 378420 1.315156e-01 0.838
   9    0 1000 420420 1.314888e-01 0.838
  10    0    0    420 2.542231e-01 0.725
  10    2  100  42420 1.475255e-01 0.832
  10   15  200  84420 1.343760e-01 0.836
  10  115  300 126420 1.343760e-01 0.839
  10   29  400 168420 1.343711e-01 0.839
  10    9  500 210420 1.342997e-01 0.839
  10   45  600 252420 1.329934e-01 0.839
  10    2  700 294420 1.329280e-01 0.839
  10   14  800 336420 1.323490e-01 0.839
  10    4  900 378420 1.322627e-01 0.839
  10   11 1000 420420 1.320730e-01 0.839
  11    0    0    420 2.752690e-01 0.637
  11    0  100  42420 1.642748e-01 0.846
  11    9  200  84420 1.543685e-01 0.846
  11    2  300 126420 1.529796e-01 0.846
  11   18  400 168420 1.220437e-01 0.846
  11   30  500 210420 1.219592e-01 0.846
  11  130  600 252420 1.219592e-01 0.846
  11    3  700 294420 1.216505e-01 0.846
  11    2  800 336420 1.213990e-01 0.846
  11    3  900 378420 1.200778e-01 0.846
  11   17 1000 420420 1.200463e-01 0.846
  12    0    0    420 2.803728e-01 0.223
  12    3  100  42420 1.413516e-01 0.839
  12   21  200  84420 1.404527e-01 0.842
  12    1  300 126420 1.362693e-01 0.847
  12   19  400 168420 1.331926e-01 0.847
  12   11  500 210420 1.329957e-01 0.847
  12   34  600 252420 1.322944e-01 0.847
  12   60  700 294420 1.312659e-01 0.847
  12   45  800 336420 1.312657e-01 0.847
  12    9  900 378420 1.312647e-01 0.847
  12    3 1000 420420 1.312633e-01 0.847
  13    0    0    420 3.388588e-01 0.766
  13    3  100  42420 1.608535e-01 0.834
  13   35  200  84420 1.384809e-01 0.834
  13   16  300 126420 1.372075e-01 0.834
  13   19  400 168420 1.363251e-01 0.841
  13    4  500 210420 1.353235e-01 0.841
  13   12  600 252420 1.320780e-01 0.841
  13   35  700 294420 1.320628e-01 0.842
  13    3  800 336420 1.320388e-01 0.842
  13   30  900 378420 1.316109e-01 0.842
  13    0 1000 420420 1.315484e-01 0.842
  14    0    0    420 2.413680e-01 0.773
  14    9  100  42420 1.348514e-01 0.828
  14  109  200  84420 1.348514e-01 0.828
  14   24  300 126420 1.343931e-01 0.833
  14   12  400 168420 1.337717e-01 0.833
  14   28  500 210420 1.336325e-01 0.839
  14    3  600 252420 1.330047e-01 0.839
  14    0  700 294420 1.219344e-01 0.839
  14   17  800 336420 1.208937e-01 0.843
  14   13  900 378420 1.204524e-01 0.843
  14    2 1000 420420 1.203393e-01 0.843
  15    0    0    420 3.273183e-01 0.651
  15    4  100  42420 1.437819e-01 0.836
  15    0  200  84420 1.387676e-01 0.840
  15   20  300 126420 1.320624e-01 0.840
  15    9  400 168420 1.312681e-01 0.840
  15   97  500 210420 1.312455e-01 0.840
  15    3  600 252420 1.305244e-01 0.840
  15   26  700 294420 1.303505e-01 0.845
  15   16  800 336420 1.303177e-01 0.845
  15    1  900 378420 1.293474e-01 0.845
  15    1 1000 420420 1.248366e-01 0.845
  16    0    0    420 3.116867e-01 0.693
  16    8  100  42420 1.627674e-01 0.829
  16    6  200  84420 1.406127e-01 0.833
  16   57  300 126420 1.369491e-01 0.833
  16   69  400 168420 1.369482e-01 0.833
  16   16  500 210420 1.348635e-01 0.833
  16    3  600 252420 1.339433e-01 0.833
  16    4  700 294420 1.327875e-01 0.841
  16   16  800 336420 1.322354e-01 0.841
  16    7  900 378420 1.317669e-01 0.841
  16    2 1000 420420 1.317386e-01 0.841
  17    0    0    420 3.151404e-01 0.568
  17    6  100  42420 1.411211e-01 0.828
  17    0  200  84420 1.349403e-01 0.828
  17    3  300 126420 1.310421e-01 0.831
  17   56  400 168420 1.309697e-01 0.845
  17  156  500 210420 1.309697e-01 0.845
  17    6  600 252420 1.309619e-01 0.845
  17   99  700 294420 1.309461e-01 0.845
  17   24  800 336420 1.309461e-01 0.845
  17    0  900 378420 1.287767e-01 0.845
  17    0 1000 420420 1.216631e-01 0.845
  18    0    0    420 3.136440e-01 0.779
  18   11  100  42420 1.519508e-01 0.829
  18    5  200  84420 1.514394e-01 0.841
  18    3  300 126420 1.427211e-01 0.842
  18    0  400 168420 1.390139e-01 0.845
  18    6  500 210420 1.323743e-01 0.845
  18   17  600 252420 1.322994e-01 0.845
  18   19  700 294420 1.312443e-01 0.845
  18   13  800 336420 1.311152e-01 0.845
  18   31  900 378420 1.310374e-01 0.845
  18   26 1000 420420 1.310331e-01 0.845
  19    0    0    420 2.570254e-01 0.797
  19   43  100  42420 1.340755e-01 0.828
  19   67  200  84420 1.338271e-01 0.832
  19    3  300 126420 1.337348e-01 0.835
  19   25  400 168420 1.325164e-01 0.843
  19   38  500 210420 1.322506e-01 0.843
  19   10  600 252420 1.210749e-01 0.843
  19   19  700 294420 1.209241e-01 0.843
  19    2  800 336420 1.205457e-01 0.846
  19    0  900 378420 1.204969e-01 0.846
  19    3 1000 420420 1.204899e-01 0.846
  20    0    0    420 2.581380e-01 0.697
  20    2  100  42420 1.484865e-01 0.824
  20    0  200  84420 1.440402e-01 0.825
  20    9  300 126420 1.405918e-01 0.833
  20    4  400 168420 1.376328e-01 0.833
  20   21  500 210420 1.327952e-01 0.838
  20    1  600 252420 1.311594e-01 0.838
  20    0  700 294420 1.263417e-01 0.842
  20    3  800 336420 1.216679e-01 0.842
  20   43  900 378420 1.214799e-01 0.846
  20    1 1000 420420 1.210295e-01 0.846
  21    0    0    420 2.756128e-01 0.379
  21   30  100  42420 1.383718e-01 0.845
  21   14  200  84420 1.357388e-01 0.845
  21   11  300 126420 1.356629e-01 0.845
  21   25  400 168420 1.354283e-01 0.845
  21    0  500 210420 1.337224e-01 0.845
  21   14  600 252420 1.333910e-01 0.845
  21   11  700 294420 1.333061e-01 0.845
  21    6  800 336420 1.321513e-01 0.845
  21    0  900 378420 1.318428e-01 0.845
  21    1 1000 420420 1.315184e-01 0.845
  22    0    0    420 3.600309e-01 0.722
  22   16  100  42420 1.394949e-01 0.813
  22   10  200  84420 1.344420e-01 0.837
  22    3  300 126420 1.342475e-01 0.837
  22   21  400 168420 1.342407e-01 0.842
  22    4  500 210420 1.330750e-01 0.842
  22    0  600 252420 1.251177e-01 0.842
  22    0  700 294420 1.212894e-01 0.845
  22    4  800 336420 1.202666e-01 0.845
  22    1  900 378420 1.201884e-01 0.845
  22    0 1000 420420 1.199760e-01 0.845
  23    0    0    420 3.204334e-01 0.798
  23   11  100  42420 1.394743e-01 0.822
  23   12  200  84420 1.384305e-01 0.837
  23   21  300 126420 1.344118e-01 0.837
  23    5  400 168420 1.343584e-01 0.837
  23   77  500 210420 1.342066e-01 0.837
  23    3  600 252420 1.332888e-01 0.837
  23    8  700 294420 1.324340e-01 0.837
  23    3  800 336420 1.318153e-01 0.837
  23   52  900 378420 1.317783e-01 0.837
  23   31 1000 420420 1.316723e-01 0.837
  24    0    0    420 3.508426e-01 0.677
  24    9  100  42420 1.340875e-01 0.845
  24   52  200  84420 1.340321e-01 0.845
  24   15  300 126420 1.340203e-01 0.845
  24   29  400 168420 1.318877e-01 0.845
  24   77  500 210420 1.318761e-01 0.845
  24   13  600 252420 1.311958e-01 0.845
  24    9  700 294420 1.311414e-01 0.845
  24    6  800 336420 1.308990e-01 0.845
  24   16  900 378420 1.304041e-01 0.845
  24    5 1000 420420 1.303126e-01 0.845
  25    0    0    420 1.830930e-01 0.826
  25   81  100  42420 1.529990e-01 0.834
  25   21  200  84420 1.507566e-01 0.838
  25   27  300 126420 1.358637e-01 0.838
  25    1  400 168420 1.348948e-01 0.845
  25   28  500 210420 1.246814e-01 0.845
  25    9  600 252420 1.208492e-01 0.845
  25   15  700 294420 1.205353e-01 0.845
  25    5  800 336420 1.203664e-01 0.845
  25    4  900 378420 1.201340e-01 0.845
  25    6 1000 420420 1.200376e-01 0.849
  26    0    0    420 3.079332e-01 0.705
  26    7  100  42420 1.371654e-01 0.830
  26    0  200  84420 1.358940e-01 0.831
  26   17  300 126420 1.356555e-01 0.835
  26    4  400 168420 1.353432e-01 0.839
  26    6  500 210420 1.346933e-01 0.839
  26   25  600 252420 1.324180e-01 0.839
  26   10  700 294420 1.321344e-01 0.839
  26   25  800 336420 1.320916e-01 0.839
  26    8  900 378420 1.318866e-01 0.839
  26    0 1000 420420 1.318015e-01 0.839
  27    0    0    420 2.877210e-01 0.663
  27    2  100  42420 1.352147e-01 0.822
  27   58  200  84420 1.351330e-01 0.832
  27   56  300 126420 1.347841e-01 0.835
  27   11  400 168420 1.347341e-01 0.835
  27   21  500 210420 1.321741e-01 0.841
  27    3  600 252420 1.318193e-01 0.841
  27    7  700 294420 1.317446e-01 0.841
  27    5  800 336420 1.317346e-01 0.841
  27    2  900 378420 1.317294e-01 0.841
  27   26 1000 420420 1.314132e-01 0.841
  28    0    0    420 3.212897e-01 0.785
  28    6  100  42420 1.326575e-01 0.824
  28    8  200  84420 1.321844e-01 0.845
  28    6  300 126420 1.321118e-01 0.845
  28    4  400 168420 1.318889e-01 0.845
  28    0  500 210420 1.316896e-01 0.845
  28    6  600 252420 1.295349e-01 0.845
  28    9  700 294420 1.295168e-01 0.845
  28    0  800 336420 1.294252e-01 0.845
  28    0  900 378420 1.222408e-01 0.845
  28   10 1000 420420 1.210353e-01 0.846
  29    0    0    420 2.162612e-01 0.615
  29    3  100  42420 1.363155e-01 0.836
  29    4  200  84420 1.358858e-01 0.836
  29    1  300 126420 1.330619e-01 0.836
  29   37  400 168420 1.330410e-01 0.837
  29    5  500 210420 1.328211e-01 0.842
  29    8  600 252420 1.325199e-01 0.842
  29    7  700 294420 1.324776e-01 0.842
  29    6  800 336420 1.320613e-01 0.842
  29    4  900 378420 1.317165e-01 0.842
  29   13 1000 420420 1.316507e-01 0.842
