   0    0    0   1540 2.974871e-01 0.775
   0    0  100 155540 1.608306e-01 0.799
   0    4  200 309540 1.583301e-01 0.807
   0    9  300 463540 1.581363e-01 0.811
   0   14  400 617540 1.575972e-01 0.811
   0   15  500 771540 1.571939e-01 0.812
   0   31  600 925540 1.571659e-01 0.812
   0   10  700 1079540 1.571600e-01 0.812
   0    0  800 1233540 1.571514e-01 0.812
   0   43  900 1387540 1.571083e-01 0.831
   0   16 1000 1541540 1.571007e-01 0.831
   1    0    0   1540 3.221226e-01 0.746
   1    0  100 155540 1.752267e-01 0.853
   1    1  200 309540 1.715682e-01 0.853
   1    5  300 463540 1.629339e-01 0.853
   1   19  400 617540 1.625765e-01 0.853
   1   33  500 771540 1.620704e-01 0.853
   1    9  600 925540 1.619772e-01 0.860
   1    1  700 1079540 1.619490e-01 0.860
   1    3  800 1233540 1.619025e-01 0.860
   1   23  900 1387540 1.619018e-01 0.860
   1    4 1000 1541540 1.614117e-01 0.860
   2    0    0   1540 3.229415e-01 0.700
   2    6  100 155540 1.465084e-01 0.806
   2    3  200 309540 1.414710e-01 0.806
   2    3  300 463540 1.401080e-01 0.806
   2    0  400 617540 1.342680e-01 0.806
   2    0  500 771540 1.272780e-01 0.829
   2    3  600 925540 1.269624e-01 0.829
   2    0  700 1079540 1.266483e-01 0.829
   2   39  800 1233540 1.265288e-01 0.829
   2    1  900 1387540 1.264134e-01 0.829
   2   11 1000 1541540 1.263270e-01 0.829
   3    0    0   1540 3.102851e-01 0.804
   3    0  100 155540 1.798488e-01 0.804
   3    7  200 309540 1.684541e-01 0.804
   3   14  300 463540 1.642403e-01 0.807
   3    2  400 617540 1.577324e-01 0.807
   3    8  500 771540 1.561159e-01 0.807
   3    2  600 925540 1.559161e-01 0.831
   3    0  700 1079540 1.526583e-01 0.831
   3    2  800 1233540 1.499246e-01 0.831
   3    6  900 1387540 1.492518e-01 0.831
   3   39 1000 1541540 1.491802e-01 0.831
   4    0    0   1540 3.339625e-01 0.645
   4    6  100 155540 1.734904e-01 0.814
   4    5  200 309540 1.728202e-01 0.833
   4    0  300 463540 1.724443e-01 0.844
   4    2  400 617540 1.694767e-01 0.844
   4    0  500 771540 1.316329e-01 0.844
   4    7  600 925540 1.307303e-01 0.844
   4   11  700 1079540 1.296691e-01 0.844
   4    4  800 1233540 1.296095e-01 0.844
   4    6  900 1387540 1.295193e-01 0.844
   4    3 1000 1541540 1.293377e-01 0.844
   5    0    0   1540 3.191790e-01 0.757
   5    1  100 155540 1.704129e-01 0.806
   5    5  200 309540 1.538029e-01 0.806
   5    0  300 463540 1.511575e-01 0.809
   5   12  400 617540 1.493494e-01 0.809
   5   29  500 771540 1.486056e-01 0.809
   5    5  600 925540 1.479136e-01 0.809
   5    4  700 1079540 1.466306e-01 0.809
   5    0  800 1233540 1.427142e-01 0.809
   5    1  900 1387540 1.359560e-01 0.809
   5    2 1000 1541540 1.351838e-01 0.809
   6    0    0   1540 2.757476e-01 0.684
   6    5  100 155540 1.652066e-01 0.791
   6    1  200 309540 1.566827e-01 0.798
   6   25  300 463540 1.556930e-01 0.799
   6    0  400 617540 1.552464e-01 0.802
   6   22  500 771540 1.549584e-01 0.802
   6    1  600 925540 1.295042e-01 0.802
   6    5  700 1079540 1.283459e-01 0.802
   6    3  800 1233540 1.279174e-01 0.802
   6    2  900 1387540 1.245500e-01 0.802
   6   33 1000 1541540 1.241557e-01 0.802
   7    0    0   1540 2.819582e-01 0.791
   7    1  100 155540 1.639274e-01 0.819
   7    4  200 309540 1.569391e-01 0.819
   7    4  300 463540 1.469776e-01 0.819
   7    1  400 617540 1.297508e-01 0.819
   7    6  500 771540 1.272759e-01 0.819
   7    5  600 925540 1.245863e-01 0.819
   7    4  700 1079540 1.216745e-01 0.819
   7   18  800 1233540 1.216078e-01 0.819
   7    6  900 1387540 1.211980e-01 0.819
   7    3 1000 1541540 1.205926e-01 0.819
   8    0    0   1540 3.148408e-01 0.724
   8    0  100 155540 1.983926e-01 0.802
   8   39  200 309540 1.923529e-01 0.808
   8    8  300 463540 1.555811e-01 0.808
   8    3  400 617540 1.555651e-01 0.808
   8    7  500 771540 1.548017e-01 0.808
   8    0  600 925540 1.541499e-01 0.811
   8    0  700 1079540 1.540214e-01 0.814
   8    0  800 1233540 1.538721e-01 0.814
   8   13  900 1387540 1.538706e-01 0.814
   8   14 1000 1541540 1.538694e-01 0.814
   9    0    0   1540 2.694191e-01 0.685
   9    5  100 155540 1.607917e-01 0.802
   9   18  200 309540 1.576295e-01 0.802
   9    7  300 463540 1.576078e-01 0.803
   9    1  400 617540 1.574103e-01 0.825
   9    8  500 771540 1.571260e-01 0.825
   9   15  600 925540 1.570815e-01 0.825
   9    0  700 1079540 1.563054e-01 0.825
   9   17  800 1233540 1.559341e-01 0.825
   9    0  900 1387540 1.558259e-01 0.825
   9    3 1000 1541540 1.557942e-01 0.825
  10    0    0   1540 2.884634e-01 0.659
  10    5  100 155540 1.700887e-01 0.799
  10    5  200 309540 1.685335e-01 0.799
  10    7  300 463540 1.670525e-01 0.821
  10   14  400 617540 1.669974e-01 0.821
  10   12  500 771540 1.668941e-01 0.821
  10    1  600 925540 1.666208e-01 0.823
  10    5  700 1079540 1.642738e-01 0.823
  10    2  800 1233540 1.624977e-01 0.823
  10   15  900 1387540 1.615808e-01 0.823
  10    1 1000 1541540 1.578895e-01 0.823
  11    0    0   1540 3.239681e-01 0.752
  11    6  100 155540 1.568346e-01 0.805
  11    8  200 309540 1.509870e-01 0.809
  11    6  300 463540 1.507555e-01 0.809
  11   15  400 617540 1.506425e-01 0.810
  11   28  500 771540 1.506299e-01 0.810
  11    3  600 925540 1.504270e-01 0.810
  11   18  700 1079540 1.504049e-01 0.812
  11   10  800 1233540 1.503924e-01 0.812
  11    2  900 1387540 1.503216e-01 0.813
  11    0 1000 1541540 1.501059e-01 0.813
  12    0    0   1540 3.221075e-01 0.715
  12    3  100 155540 1.619250e-01 0.802
  12    2  200 309540 1.616323e-01 0.802
  12    3  300 463540 1.610744e-01 0.802
  12    1  400 617540 1.603543e-01 0.802
  12    8  500 771540 1.602543e-01 0.802
  12   39  600 925540 1.601677e-01 0.802
  12    4  700 1079540 1.594382e-01 0.813
  12   16  800 1233540 1.592747e-01 0.813
  12    0  900 1387540 1.586833e-01 0.813
  12    1 1000 1541540 1.583192e-01 0.813
  13    0    0   1540 3.152531e-01 0.715
  13    3  100 155540 1.704147e-01 0.804
  13    5  200 309540 1.690283e-01 0.805
  13   12  300 463540 1.688721e-01 0.805
  13    2  400 617540 1.642423e-01 0.805
  13    5  500 771540 1.638771e-01 0.808
  13   27  600 925540 1.638533e-01 0.808
  13    3  700 1079540 1.625791e-01 0.808
  13    0  800 1233540 1.593224e-01 0.813
  13    6  900 1387540 1.591089e-01 0.815
  13   17 1000 1541540 1.589263e-01 0.815
  14    0    0   1540 2.854065e-01 0.714
  14    3  100 155540 1.983236e-01 0.800
  14   27  200 309540 1.894304e-01 0.810
  14    8  300 463540 1.890146e-01 0.810
  14    2  400 617540 1.871820e-01 0.820
  14   20  500 771540 1.853211e-01 0.820
  14    2  600 925540 1.820286e-01 0.828
  14    1  700 1079540 1.814677e-01 0.828
  14   21  800 1233540 1.812163e-01 0.832
  14    5  900 1387540 1.810362e-01 0.832
  14   10 1000 1541540 1.806920e-01 0.832
  15    0    0   1540 2.728312e-01 0.772
  15   16  100 155540 1.679059e-01 0.820
  15   18  200 309540 1.617605e-01 0.820
  15   17  300 463540 1.617469e-01 0.820
  15   14  400 617540 1.615437e-01 0.820
  15   25  500 771540 1.615265e-01 0.820
  15   10  600 925540 1.613213e-01 0.820
  15    3  700 1079540 1.608195e-01 0.820
  15    5  800 1233540 1.595654e-01 0.820
  15    2  900 1387540 1.569375e-01 0.820
  15    5 1000 1541540 1.569237e-01 0.820
  16    0    0   1540 3.117540e-01 0.709
  16    9  100 155540 1.636350e-01 0.794
  16   16  200 309540 1.635786e-01 0.808
  16    1  300 463540 1.621215e-01 0.808
  16   13  400 617540 1.620891e-01 0.808
  16    7  500 771540 1.619443e-01 0.816
  16    2  600 925540 1.579430e-01 0.825
  16    4  700 1079540 1.576723e-01 0.825
  16    7  800 1233540 1.576261e-01 0.828
  16    3  900 1387540 1.575753e-01 0.828
  16    4 1000 1541540 1.573159e-01 0.828
  17    0    0   1540 2.300749e-01 0.663
  17    6  100 155540 1.421544e-01 0.787
  17    3  200 309540 1.416318e-01 0.806
  17    1  300 463540 1.409626e-01 0.806
  17   25  400 617540 1.407264e-01 0.806
  17   16  500 771540 1.397236e-01 0.808
  17    3  600 925540 1.389999e-01 0.808
  17    1  700 1079540 1.373807e-01 0.835
  17    6  800 1233540 1.364741e-01 0.835
  17    1  900 1387540 1.357517e-01 0.835
  17    6 1000 1541540 1.353812e-01 0.835
  18    0    0   1540 3.057006e-01 0.711
  18    3  100 155540 1.426419e-01 0.801
  18    1  200 309540 1.379094e-01 0.805
  18   11  300 463540 1.372036e-01 0.805
  18    7  400 617540 1.349759e-01 0.805
  18    0  500 771540 1.334764e-01 0.805
  18   11  600 925540 1.315434e-01 0.805
  18   12  700 1079540 1.296848e-01 0.807
  18    2  800 1233540 1.296427e-01 0.807
  18    3  900 1387540 1.293869e-01 0.815
  18   10 1000 1541540 1.290797e-01 0.815
  19    0    0   1540 3.089290e-01 0.709
  19    1  100 155540 1.576688e-01 0.806
  19    1  200 309540 1.556026e-01 0.806
  19    5  300 463540 1.064948e-01 0.854
  19   12  400 617540 1.044977e-01 0.854
  19   70  500 771540 1.044703e-01 0.854
  19   83  600 925540 1.044454e-01 0.873
  19    1  700 1079540 1.043194e-01 0.873
  19    2  800 1233540 1.028518e-01 0.873
  19    1  900 1387540 9.878150e-02 0.873
  19    3 1000 1541540 9.686888e-02 0.873
  20    0    0   1540 2.391604e-01 0.678
  20    2  100 155540 1.637041e-01 0.802
  20    9  200 309540 1.633005e-01 0.805
  20    5  300 463540 1.629615e-01 0.805
  20    0  400 617540 1.035320e-01 0.835
  20    0  500 771540 9.831587e-02 0.861
  20   29  600 925540 9.434983e-02 0.861
  20    0  700 1079540 9.419223e-02 0.861
  20    8  800 1233540 9.412096e-02 0.861
  20   20  900 1387540 9.376025e-02 0.861
  20   19 1000 1541540 9.374524e-02 0.861
  21    0    0   1540 2.235413e-01 0.711
  21    6  100 155540 1.668770e-01 0.803
  21    4  200 309540 1.620487e-01 0.810
  21    0  300 463540 1.597262e-01 0.810
  21   40  400 617540 1.593085e-01 0.810
  21   40  500 771540 1.593016e-01 0.810
  21   12  600 925540 1.592905e-01 0.810
  21    6  700 1079540 1.573343e-01 0.810
  21    2  800 1233540 1.551150e-01 0.811
  21    8  900 1387540 1.547273e-01 0.811
  21    2 1000 1541540 1.545937e-01 0.811
  22    0    0   1540 3.114159e-01 0.755
  22    9  100 155540 1.559420e-01 0.810
  22    0  200 309540 1.532049e-01 0.810
  22   11  300 463540 1.498767e-01 0.810
  22   11  400 617540 1.495620e-01 0.810
  22   12  500 771540 1.492382e-01 0.810
  22    1  600 925540 1.483141e-01 0.810
  22   18  700 1079540 1.482887e-01 0.810
  22    7  800 1233540 1.481733e-01 0.810
  22   11  900 1387540 1.479327e-01 0.810
  22    2 1000 1541540 1.479084e-01 0.826
  23    0    0   1540 2.442640e-01 0.710
  23    6  100 155540 1.535084e-01 0.820
  23   27  200 309540 1.531737e-01 0.820
  23   23  300 463540 1.529557e-01 0.820
  23   11  400 617540 1.510824e-01 0.820
  23   18  500 771540 1.508115e-01 0.820
  23    4  600 925540 1.486614e-01 0.820
  23   21  700 1079540 1.484647e-01 0.820
  23    7  800 1233540 1.478624e-01 0.820
  23   10  900 1387540 1.477343e-01 0.820
  23   23 1000 1541540 1.477312e-01 0.820
  24    0    0   1540 3.119431e-01 0.689
  24   11  100 155540 1.701817e-01 0.799
  24    5  200 309540 1.665521e-01 0.804
  24   30  300 463540 1.655300e-01 0.804
  24    4  400 617540 1.630513e-01 0.804
  24    7  500 771540 1.622970e-01 0.818
  24   10  600 925540 1.606998e-01 0.818
  24    1  700 1079540 1.588136e-01 0.818
  24    6  800 1233540 1.583604e-01 0.818
  24    4  900 1387540 1.580889e-01 0.818
  24   10 1000 1541540 1.579778e-01 0.819
  25    0    0   1540 3.050311e-01 0.685
  25    8  100 155540 1.771779e-01 0.786
  25    7  200 309540 9.829277e-02 0.835
  25    5  300 463540 9.790593e-02 0.844
  25   11  400 617540 9.699629e-02 0.844
  25    0  500 771540 9.588202e-02 0.846
  25   18  600 925540 9.579259e-02 0.852
  25    6  700 1079540 9.550204e-02 0.852
  25   57  800 1233540 9.549442e-02 0.852
  25    2  900 1387540 9.466276e-02 0.852
  25    6 1000 1541540 9.445759e-02 0.852
  26    0    0   1540 3.245213e-01 0.647
  26    0  100 155540 1.821082e-01 0.799
  26    5  200 309540 1.618830e-01 0.803
  26   17  300 463540 1.562667e-01 0.803
  26    6  400 617540 1.556540e-01 0.803
  26   17  500 771540 1.546498e-01 0.804
  26    6  600 925540 1.545905e-01 0.807
  26    1  700 1079540 1.543990e-01 0.807
  26   12  800 1233540 1.543666e-01 0.807
  26   13  900 1387540 1.543213e-01 0.807
  26    3 1000 1541540 1.541858e-01 0.807
  27    0    0   1540 2.325226e-01 0.712
  27    3  100 155540 1.451610e-01 0.799
  27    1  200 309540 1.404357e-01 0.804
  27    6  300 463540 1.379712e-01 0.804
  27    6  400 617540 1.376021e-01 0.804
  27    0  500 771540 1.369527e-01 0.811
  27    2  600 925540 1.307106e-01 0.811
  27   12  700 1079540 1.275063e-01 0.811
  27    6  800 1233540 1.265092e-01 0.811
  27    3  900 1387540 1.262824e-01 0.811
  27    3 1000 1541540 1.260607e-01 0.811
  28    0    0   1540 2.876711e-01 0.718
  28    6  100 155540 1.886720e-01 0.813
  28    2  200 309540 1.809381e-01 0.818
  28    2  300 463540 1.801220e-01 0.818
  28   16  400 617540 1.798424e-01 0.818
  28    6  500 771540 1.599309e-01 0.818
  28    8  600 925540 1.593495e-01 0.841
  28    2  700 1079540 1.592137e-01 0.841
  28    1  800 1233540 1.582939e-01 0.841
  28    0  900 1387540 1.579358e-01 0.841
  28    7 1000 1541540 1.569213e-01 0.841
  29    0    0   1540 2.814880e-01 0.668
  29    1  100 155540 1.663999e-01 0.789
  29   15  200 309540 1.381515e-01 0.791
  29    1  300 463540 1.340639e-01 0.797
  29    2  400 617540 1.305307e-01 0.797
  29    0  500 771540 1.301443e-01 0.797
  29    1  600 925540 1.271094e-01 0.801
  29   24  700 1079540 1.262951e-01 0.801
  29    0  800 1233540 1.261720e-01 0.807
  29    5  900 1387540 1.260650e-01 0.807
  29   15 1000 1541540 1.260486e-01 0.807
