   0    0    0    420 1.859451e-01 0.670
   0   10  100  42420 1.557966e-01 0.735
   0    6  200  84420 1.461728e-01 0.736
   0    6  300 126420 1.459574e-01 0.736
   0    4  400 168420 1.447041e-01 0.737
   0    6  500 210420 1.441595e-01 0.737
   0    3  600 252420 1.439111e-01 0.737
   0   17  700 294420 1.434493e-01 0.737
   0    5  800 336420 1.430690e-01 0.737
   0    0  900 378420 1.428322e-01 0.737
   0    0 1000 420420 1.411390e-01 0.737
   1    0    0    420 2.341199e-01 0.731
   1   19  100  42420 1.726100e-01 0.731
   1   25  200  84420 1.723574e-01 0.731
   1   49  300 126420 1.723550e-01 0.731
   1    8  400 168420 1.722580e-01 0.731
   1   41  500 210420 1.721523e-01 0.731
   1    2  600 252420 1.719370e-01 0.731
   1  102  700 294420 1.719370e-01 0.731
   1    7  800 336420 1.719370e-01 0.731
   1    2  900 378420 1.717989e-01 0.731
   1   11 1000 420420 1.717355e-01 0.731
   2    0    0    420 2.622500e-01 0.483
   2    0  100  42420 1.738855e-01 0.729
   2    3  200  84420 1.717828e-01 0.729
   2   19  300 126420 1.717669e-01 0.729
   2    2  400 168420 1.713804e-01 0.729
   2    2  500 210420 1.713619e-01 0.729
   2   70  600 252420 1.713617e-01 0.729
   2   15  700 294420 1.713617e-01 0.729
   2    9  800 336420 1.713364e-01 0.729
   2    2  900 378420 1.711999e-01 0.729
   2    0 1000 420420 1.695883e-01 0.729
   3    0    0    420 2.292296e-01 0.687
   3   11  100  42420 1.737190e-01 0.687
   3    4  200  84420 1.728493e-01 0.687
   3   11  300 126420 1.724651e-01 0.687
   3    6  400 168420 1.724235e-01 0.687
   3   65  500 210420 1.723987e-01 0.687
   3   33  600 252420 1.723914e-01 0.687
   3  133  700 294420 1.723914e-01 0.687
   3    7  800 336420 1.701627e-01 0.687
   3    3  900 378420 1.696275e-01 0.687
   3   22 1000 420420 1.695870e-01 0.687
   4    0    0    420 1.741075e-01 0.644
   4   34  100  42420 1.520235e-01 0.734
   4   14  200  84420 1.467215e-01 0.734
   4   48  300 126420 1.461112e-01 0.734
   4    1  400 168420 1.418198e-01 0.735
   4    5  500 210420 1.406029e-01 0.736
   4    3  600 252420 1.403749e-01 0.736
   4   11  700 294420 1.385023e-01 0.736
   4    0  800 336420 1.384204e-01 0.736
   4    1  900 378420 1.383631e-01 0.736
   4   83 1000 420420 1.383569e-01 0.736
   5    0    0    420 2.825772e-01 0.721
   5   26  100  42420 1.733259e-01 0.729
   5    1  200  84420 1.727965e-01 0.729
   5   27  300 126420 1.727430e-01 0.729
   5   71  400 168420 1.727429e-01 0.729
   5    1  500 210420 1.725599e-01 0.729
   5   29  600 252420 1.725456e-01 0.729
   5   43  700 294420 1.725451e-01 0.729
   5   36  800 336420 1.725451e-01 0.729
   5    0  900 378420 1.722510e-01 0.729
   5    4 1000 420420 1.719536e-01 0.729
   6    0    0    420 2.001432e-01 0.720
   6   13  100  42420 1.578468e-01 0.731
   6   20  200  84420 1.556093e-01 0.733
   6    3  300 126420 1.466452e-01 0.734
   6    0  400 168420 1.458288e-01 0.734
   6    0  500 210420 1.455616e-01 0.734
   6    2  600 252420 1.407573e-01 0.735
   6    5  700 294420 1.395137e-01 0.735
   6   12  800 336420 1.391125e-01 0.736
   6    6  900 378420 1.390817e-01 0.736
   6    7 1000 420420 1.390471e-01 0.736
   7    0    0    420 1.913074e-01 0.666
   7    4  100  42420 1.741196e-01 0.723
   7    8  200  84420 1.737900e-01 0.723
   7   23  300 126420 1.730223e-01 0.723
   7    5  400 168420 1.726018e-01 0.723
   7   24  500 210420 1.725820e-01 0.723
   7   35  600 252420 1.725781e-01 0.723
   7   14  700 294420 1.724915e-01 0.723
   7   10  800 336420 1.724386e-01 0.723
   7    5  900 378420 1.722644e-01 0.723
   7   10 1000 420420 1.722074e-01 0.723
   8    0    0    420 1.960488e-01 0.712
   8   22  100  42420 1.753305e-01 0.733
   8   60  200  84420 1.739063e-01 0.733
   8   11  300 126420 1.735508e-01 0.733
   8   11  400 168420 1.734939e-01 0.733
   8    6  500 210420 1.734390e-01 0.733
   8    3  600 252420 1.734363e-01 0.733
   8    3  700 294420 1.724217e-01 0.733
   8    7  800 336420 1.723732e-01 0.733
   8   52  900 378420 1.723726e-01 0.733
   8    3 1000 420420 1.723631e-01 0.733
   9    0    0    420 1.921999e-01 0.700
   9    0  100  42420 1.548456e-01 0.736
   9    5  200  84420 1.427018e-01 0.736
   9   22  300 126420 1.408636e-01 0.736
   9   35  400 168420 1.408020e-01 0.736
   9   31  500 210420 1.406369e-01 0.736
   9    3  600 252420 1.404571e-01 0.736
   9   22  700 294420 1.403733e-01 0.736
   9    7  800 336420 1.403395e-01 0.736
   9   50  900 378420 1.403272e-01 0.736
   9    0 1000 420420 1.399874e-01 0.736
  10    0    0    420 2.475991e-01 0.669
  10    4  100  42420 1.708189e-01 0.695
  10   21  200  84420 1.708165e-01 0.695
  10   21  300 126420 1.708165e-01 0.695
  10  121  400 168420 1.708165e-01 0.695
  10  221  500 210420 1.708165e-01 0.695
  10   11  600 252420 1.708165e-01 0.695
  10   10  700 294420 1.707742e-01 0.695
  10    4  800 336420 1.695185e-01 0.695
  10   49  900 378420 1.694773e-01 0.695
  10   60 1000 420420 1.694453e-01 0.695
  11    0    0    420 2.710279e-01 0.722
  11   41  100  42420 1.772669e-01 0.734
  11   12  200  84420 1.729969e-01 0.734
  11   19  300 126420 1.728762e-01 0.734
  11   69  400 168420 1.728569e-01 0.734
  11   17  500 210420 1.723526e-01 0.734
  11   30  600 252420 1.722668e-01 0.734
  11   35  700 294420 1.722369e-01 0.734
  11    0  800 336420 1.721016e-01 0.734
  11   15  900 378420 1.720918e-01 0.734
  11   62 1000 420420 1.720474e-01 0.734
  12    0    0    420 3.585898e-01 0.620
  12   29  100  42420 1.778448e-01 0.701
  12    8  200  84420 1.727372e-01 0.701
  12    5  300 126420 1.723317e-01 0.701
  12   63  400 168420 1.722462e-01 0.701
  12  163  500 210420 1.722462e-01 0.701
  12   67  600 252420 1.722462e-01 0.701
  12   32  700 294420 1.722091e-01 0.701
  12    2  800 336420 1.702397e-01 0.701
  12    5  900 378420 1.697210e-01 0.701
  12   52 1000 420420 1.695244e-01 0.701
  13    0    0    420 2.414152e-01 0.710
  13    6  100  42420 1.724453e-01 0.736
  13   40  200  84420 1.721130e-01 0.736
  13  140  300 126420 1.721130e-01 0.736
  13    3  400 168420 1.720348e-01 0.736
  13   49  500 210420 1.720237e-01 0.736
  13   10  600 252420 1.720237e-01 0.736
  13   33  700 294420 1.720236e-01 0.736
  13   32  800 336420 1.720095e-01 0.736
  13    0  900 378420 1.715934e-01 0.736
  13   33 1000 420420 1.715934e-01 0.736
  14    0    0    420 2.099819e-01 0.646
  14    6  100  42420 1.752409e-01 0.731
  14   29  200  84420 1.733802e-01 0.731
  14    1  300 126420 1.729043e-01 0.731
  14    0  400 168420 1.710807e-01 0.731
  14   13  500 210420 1.710760e-01 0.731
  14   26  600 252420 1.708345e-01 0.731
  14   34  700 294420 1.708344e-01 0.731
  14   46  800 336420 1.707353e-01 0.731
  14    0  900 378420 1.703320e-01 0.731
  14    8 1000 420420 1.696532e-01 0.731
  15    0    0    420 2.624568e-01 0.699
  15    7  100  42420 1.733990e-01 0.735
  15   16  200  84420 1.729656e-01 0.735
  15   19  300 126420 1.725985e-01 0.735
  15   25  400 168420 1.725948e-01 0.735
  15   14  500 210420 1.725912e-01 0.735
  15    0  600 252420 1.725903e-01 0.735
  15   98  700 294420 1.725894e-01 0.735
  15    6  800 336420 1.725702e-01 0.735
  15    2  900 378420 1.723560e-01 0.735
  15    0 1000 420420 1.723454e-01 0.735
  16    0    0    420 1.981407e-01 0.676
  16    1  100  42420 1.729299e-01 0.730
  16    1  200  84420 1.727757e-01 0.730
  16   59  300 126420 1.726516e-01 0.730
  16    2  400 168420 1.726514e-01 0.730
  16   46  500 210420 1.724325e-01 0.730
  16   39  600 252420 1.723396e-01 0.730
  16    9  700 294420 1.721300e-01 0.730
  16   60  800 336420 1.709440e-01 0.730
  16    2  900 378420 1.708565e-01 0.730
  16   89 1000 420420 1.708556e-01 0.730
  17    0    0    420 2.542151e-01 0.689
  17   30  100  42420 1.474763e-01 0.736
  17   27  200  84420 1.466190e-01 0.736
  17   77  300 126420 1.466015e-01 0.736
  17  177  400 168420 1.466015e-01 0.737
  17   20  500 210420 1.453904e-01 0.737
  17    4  600 252420 1.449875e-01 0.737
  17    3  700 294420 1.402474e-01 0.737
  17    2  800 336420 1.394400e-01 0.737
  17    8  900 378420 1.392105e-01 0.737
  17    7 1000 420420 1.377610e-01 0.737
  18    0    0    420 2.698130e-01 0.715
  18    5  100  42420 1.725456e-01 0.727
  18   54  200  84420 1.725404e-01 0.727
  18   48  300 126420 1.723761e-01 0.727
  18   13  400 168420 1.707956e-01 0.727
  18   25  500 210420 1.704075e-01 0.727
  18   18  600 252420 1.701142e-01 0.727
  18   10  700 294420 1.701080e-01 0.727
  18   17  800 336420 1.699106e-01 0.727
  18   29  900 378420 1.698801e-01 0.727
  18   48 1000 420420 1.694680e-01 0.727
  19    0    0    420 1.897362e-01 0.725
  19    1  100  42420 1.733592e-01 0.725
  19   13  200  84420 1.727954e-01 0.725
  19   34  300 126420 1.716252e-01 0.725
  19   40  400 168420 1.715727e-01 0.725
  19    0  500 210420 1.713599e-01 0.725
  19    0  600 252420 1.705533e-01 0.725
  19    0  700 294420 1.702387e-01 0.725
  19   10  800 336420 1.701602e-01 0.725
  19    1  900 378420 1.701349e-01 0.725
  19   46 1000 420420 1.697307e-01 0.725
  20    0    0    420 2.253335e-01 0.514
  20    3  100  42420 1.730864e-01 0.718
  20    4  200  84420 1.715294e-01 0.718
  20   20  300 126420 1.715294e-01 0.718
  20  120  400 168420 1.715294e-01 0.718
  20   28  500 210420 1.714688e-01 0.718
  20    3  600 252420 1.714684e-01 0.718
  20   16  700 294420 1.714592e-01 0.718
  20    0  800 336420 1.711089e-01 0.718
  20    7  900 378420 1.709896e-01 0.718
  20   17 1000 420420 1.709736e-01 0.718
  21    0    0    420 2.960203e-01 0.684
  21    0  100  42420 1.748839e-01 0.713
  21    3  200  84420 1.722920e-01 0.713
  21   11  300 126420 1.722506e-01 0.713
  21   17  400 168420 1.721389e-01 0.713
  21   50  500 210420 1.721386e-01 0.713
  21    2  600 252420 1.717486e-01 0.713
  21   17  700 294420 1.716694e-01 0.713
  21    2  800 336420 1.714005e-01 0.713
  21    9  900 378420 1.704183e-01 0.713
  21    5 1000 420420 1.695588e-01 0.713
  22    0    0    420 1.884507e-01 0.654
  22    1  100  42420 1.728346e-01 0.730
  22   18  200  84420 1.724881e-01 0.730
  22    6  300 126420 1.723603e-01 0.730
  22    8  400 168420 1.715398e-01 0.730
  22    6  500 210420 1.715390e-01 0.730
  22   87  600 252420 1.715376e-01 0.730
  22    1  700 294420 1.714866e-01 0.730
  22    0  800 336420 1.698399e-01 0.730
  22   10  900 378420 1.695846e-01 0.730
  22   11 1000 420420 1.695698e-01 0.730
  23    0    0    420 2.053571e-01 0.517
  23   18  100  42420 1.740355e-01 0.716
  23   29  200  84420 1.735822e-01 0.716
  23    8  300 126420 1.730438e-01 0.716
  23    0  400 168420 1.726625e-01 0.716
  23   12  500 210420 1.724933e-01 0.716
  23   21  600 252420 1.724464e-01 0.716
  23   28  700 294420 1.724210e-01 0.716
  23  128  800 336420 1.724210e-01 0.716
  23  228  900 378420 1.724210e-01 0.716
  23   36 1000 420420 1.724199e-01 0.716
  24    0    0    420 2.016217e-01 0.574
  24    9  100  42420 1.728496e-01 0.721
  24   15  200  84420 1.725689e-01 0.721
  24   74  300 126420 1.725665e-01 0.721
  24   94  400 168420 1.725655e-01 0.721
  24  194  500 210420 1.725655e-01 0.721
  24   92  600 252420 1.725655e-01 0.721
  24   64  700 294420 1.725536e-01 0.721
  24   85  800 336420 1.725536e-01 0.721
  24   36  900 378420 1.725489e-01 0.721
  24   20 1000 420420 1.725473e-01 0.721
  25    0    0    420 2.317445e-01 0.705
  25    6  100  42420 1.598309e-01 0.736
  25   13  200  84420 1.435809e-01 0.736
  25    6  300 126420 1.424041e-01 0.736
  25   10  400 168420 1.408114e-01 0.736
  25   35  500 210420 1.407661e-01 0.736
  25    5  600 252420 1.407639e-01 0.737
  25   30  700 294420 1.407629e-01 0.737
  25   58  800 336420 1.407591e-01 0.737
  25   67  900 378420 1.407591e-01 0.737
  25    3 1000 420420 1.407485e-01 0.737
  26    0    0    420 2.629636e-01 0.605
  26    4  100  42420 1.729664e-01 0.712
  26   45  200  84420 1.720553e-01 0.712
  26    2  300 126420 1.720194e-01 0.712
  26   17  400 168420 1.719192e-01 0.712
  26  117  500 210420 1.719192e-01 0.712
  26    0  600 252420 1.718156e-01 0.712
  26   11  700 294420 1.716749e-01 0.712
  26   21  800 336420 1.716201e-01 0.712
  26    1  900 378420 1.716054e-01 0.712
  26    1 1000 420420 1.714640e-01 0.712
  27    0    0    420 2.752069e-01 0.727
  27    7  100  42420 1.729901e-01 0.733
  27   10  200  84420 1.725203e-01 0.733
  27   23  300 126420 1.725110e-01 0.733
  27    1  400 168420 1.724657e-01 0.733
  27    5  500 210420 1.724609e-01 0.733
  27    5  600 252420 1.724567e-01 0.733
  27    7  700 294420 1.724559e-01 0.733
  27   56  800 336420 1.724551e-01 0.733
  27   51  900 378420 1.724429e-01 0.733
  27   23 1000 420420 1.724429e-01 0.733
  28    0    0    420 1.964477e-01 0.699
  28   31  100  42420 1.533648e-01 0.733
  28    6  200  84420 1.531399e-01 0.734
  28   15  300 126420 1.515274e-01 0.736
  28    1  400 168420 1.401106e-01 0.736
  28    6  500 210420 1.400896e-01 0.737
  28    3  600 252420 1.400867e-01 0.737
  28   31  700 294420 1.400477e-01 0.737
  28    1  800 336420 1.394002e-01 0.737
  28   11  900 378420 1.392111e-01 0.737
  28    9 1000 420420 1.390725e-01 0.737
  29    0    0    420 1.855525e-01 0.705
  29   10  100  42420 1.736143e-01 0.728
  29    0  200  84420 1.735728e-01 0.728
  29   58  300 126420 1.734592e-01 0.728
  29   35  400 168420 1.734391e-01 0.728
  29    2  500 210420 1.731592e-01 0.728
  29   17  600 252420 1.727955e-01 0.728
  29   38  700 294420 1.727702e-01 0.728
  29   16  800 336420 1.726619e-01 0.728
  29    1  900 378420 1.720831e-01 0.728
  29   27 1000 420420 1.719667e-01 0.728
