   0    0    0    420 1.655026e-01 0.739
   0    1  100  42420 7.770645e-02 0.829
   0   15  200  84420 7.707267e-02 0.829
   0    4  300 126420 7.677472e-02 0.835
   0    9  400 168420 7.401346e-02 0.837
   0    0  500 210420 7.249027e-02 0.837
   0    8  600 252420 7.214879e-02 0.837
   0    6  700 294420 7.211894e-02 0.837
   0    5  800 336420 7.196859e-02 0.837
   0   10  900 378420 7.192965e-02 0.838
   0   12 1000 420420 7.192719e-02 0.838
   1    0    0    420 1.316226e-01 0.703
   1    0  100  42420 7.757822e-02 0.825
   1   20  200  84420 7.666437e-02 0.836
   1   31  300 126420 7.666351e-02 0.839
   1   24  400 168420 7.558866e-02 0.839
   1   23  500 210420 7.558307e-02 0.839
   1   17  600 252420 7.557635e-02 0.840
   1    1  700 294420 7.547520e-02 0.840
   1    3  800 336420 7.410268e-02 0.840
   1   37  900 378420 7.408069e-02 0.840
   1   30 1000 420420 7.407343e-02 0.840
   2    0    0    420 1.413947e-01 0.656
   2    0  100  42420 8.493364e-02 0.826
   2    4  200  84420 8.039790e-02 0.840
   2   43  300 126420 7.985482e-02 0.848
   2    0  400 168420 7.719118e-02 0.848
   2   24  500 210420 7.718429e-02 0.848
   2    2  600 252420 7.495857e-02 0.848
   2   62  700 294420 7.468536e-02 0.849
   2    1  800 336420 7.448579e-02 0.849
   2    3  900 378420 7.424949e-02 0.851
   2    3 1000 420420 7.415481e-02 0.851
   3    0    0    420 1.402859e-01 0.810
   3    4  100  42420 7.770090e-02 0.824
   3   19  200  84420 7.666759e-02 0.842
   3   10  300 126420 7.651850e-02 0.847
   3   30  400 168420 7.572574e-02 0.847
   3    5  500 210420 7.507430e-02 0.847
   3   34  600 252420 7.465218e-02 0.847
   3    7  700 294420 7.457580e-02 0.847
   3    9  800 336420 7.454845e-02 0.847
   3    8  900 378420 7.433252e-02 0.847
   3   17 1000 420420 7.422196e-02 0.847
   4    0    0    420 1.336318e-01 0.469
   4   10  100  42420 7.781812e-02 0.834
   4    3  200  84420 7.577800e-02 0.834
   4    2  300 126420 7.558508e-02 0.834
   4    5  400 168420 7.530182e-02 0.841
   4    0  500 210420 7.492770e-02 0.841
   4   14  600 252420 7.456097e-02 0.844
   4    0  700 294420 7.444678e-02 0.844
   4    4  800 336420 7.423224e-02 0.844
   4   11  900 378420 7.419064e-02 0.846
   4    8 1000 420420 7.409513e-02 0.846
   5    0    0    420 1.735770e-01 0.730
   5   10  100  42420 7.617370e-02 0.816
   5   12  200  84420 7.520522e-02 0.832
   5   16  300 126420 7.499211e-02 0.835
   5   46  400 168420 7.490707e-02 0.841
   5   36  500 210420 7.490292e-02 0.841
   5    1  600 252420 7.472521e-02 0.841
   5   23  700 294420 7.430952e-02 0.841
   5   56  800 336420 7.416911e-02 0.841
   5    0  900 378420 7.410017e-02 0.841
   5    3 1000 420420 7.407569e-02 0.841
   6    0    0    420 1.205174e-01 0.507
   6   10  100  42420 8.079184e-02 0.824
   6   17  200  84420 7.763071e-02 0.835
   6    9  300 126420 7.566706e-02 0.837
   6    1  400 168420 7.479440e-02 0.837
   6   10  500 210420 7.169606e-02 0.837
   6    1  600 252420 7.167266e-02 0.837
   6    8  700 294420 7.163370e-02 0.838
   6   12  800 336420 7.154105e-02 0.841
   6    2  900 378420 7.103235e-02 0.845
   6    2 1000 420420 7.076340e-02 0.845
   7    0    0    420 1.712418e-01 0.682
   7   38  100  42420 8.048470e-02 0.833
   7    7  200  84420 7.702923e-02 0.836
   7   19  300 126420 7.555434e-02 0.836
   7   15  400 168420 7.514649e-02 0.836
   7   18  500 210420 7.512197e-02 0.838
   7   12  600 252420 7.512040e-02 0.844
   7    2  700 294420 7.436203e-02 0.844
   7   12  800 336420 7.432232e-02 0.844
   7    7  900 378420 7.417918e-02 0.844
   7   36 1000 420420 7.413411e-02 0.844
   8    0    0    420 1.387291e-01 0.690
   8    7  100  42420 7.471608e-02 0.819
   8   18  200  84420 7.346686e-02 0.830
   8    0  300 126420 7.283945e-02 0.834
   8    1  400 168420 7.195727e-02 0.834
   8    8  500 210420 7.156536e-02 0.834
   8   61  600 252420 7.153267e-02 0.836
   8    4  700 294420 7.152278e-02 0.836
   8   14  800 336420 7.129549e-02 0.837
   8    0  900 378420 7.122153e-02 0.837
   8   19 1000 420420 7.117289e-02 0.837
   9    0    0    420 1.260956e-01 0.709
   9   12  100  42420 8.142655e-02 0.832
   9   15  200  84420 8.093344e-02 0.836
   9   24  300 126420 8.002085e-02 0.836
   9    9  400 168420 7.923725e-02 0.836
   9    1  500 210420 7.664303e-02 0.840
   9   20  600 252420 7.604439e-02 0.840
   9    2  700 294420 7.600459e-02 0.840
   9    4  800 336420 7.452155e-02 0.840
   9   24  900 378420 7.450438e-02 0.840
   9    4 1000 420420 7.440033e-02 0.840
  10    0    0    420 1.303389e-01 0.633
  10    6  100  42420 7.918114e-02 0.830
  10    8  200  84420 7.814060e-02 0.830
  10    8  300 126420 7.748508e-02 0.838
  10   20  400 168420 7.732311e-02 0.840
  10   29  500 210420 7.730649e-02 0.840
  10   12  600 252420 7.661740e-02 0.840
  10    5  700 294420 7.479959e-02 0.840
  10   20  800 336420 7.454232e-02 0.840
  10   13  900 378420 7.448617e-02 0.840
  10    5 1000 420420 7.428368e-02 0.840
  11    0    0    420 1.242280e-01 0.819
  11   15  100  42420 7.276346e-02 0.819
  11    0  200  84420 7.206477e-02 0.819
  11    8  300 126420 7.184040e-02 0.833
  11    8  400 168420 7.175138e-02 0.833
  11    2  500 210420 7.174121e-02 0.833
  11   12  600 252420 7.158139e-02 0.833
  11    6  700 294420 7.063874e-02 0.844
  11    1  800 336420 7.060957e-02 0.844
  11    1  900 378420 7.050233e-02 0.845
  11   31 1000 420420 7.042656e-02 0.846
  12    0    0    420 1.328765e-01 0.773
  12    0  100  42420 7.705667e-02 0.829
  12    0  200  84420 7.617890e-02 0.829
  12    7  300 126420 7.591044e-02 0.835
  12    2  400 168420 7.525492e-02 0.835
  12    2  500 210420 7.516523e-02 0.846
  12    0  600 252420 7.504955e-02 0.846
  12   29  700 294420 7.478253e-02 0.846
  12    1  800 336420 7.377403e-02 0.846
  12    4  900 378420 7.372411e-02 0.846
  12    1 1000 420420 7.309502e-02 0.846
  13    0    0    420 1.496757e-01 0.587
  13   19  100  42420 7.811287e-02 0.835
  13    0  200  84420 7.793646e-02 0.835
  13    0  300 126420 7.767369e-02 0.835
  13    1  400 168420 7.698376e-02 0.843
  13   21  500 210420 7.694534e-02 0.843
  13    1  600 252420 7.691560e-02 0.843
  13   49  700 294420 7.690156e-02 0.843
  13    1  800 336420 7.629901e-02 0.843
  13    2  900 378420 7.534960e-02 0.843
  13    8 1000 420420 7.503479e-02 0.843
  14    0    0    420 1.087546e-01 0.629
  14    3  100  42420 7.843813e-02 0.826
  14   57  200  84420 7.819414e-02 0.829
  14    6  300 126420 7.779044e-02 0.830
  14   24  400 168420 7.775689e-02 0.833
  14    9  500 210420 7.642558e-02 0.833
  14   13  600 252420 7.576367e-02 0.833
  14   40  700 294420 7.515438e-02 0.833
  14    7  800 336420 7.496463e-02 0.833
  14    0  900 378420 7.436413e-02 0.840
  14   11 1000 420420 7.411369e-02 0.840
  15    0    0    420 1.819528e-01 0.662
  15    6  100  42420 7.990066e-02 0.830
  15    5  200  84420 7.986276e-02 0.830
  15   26  300 126420 7.818905e-02 0.830
  15   22  400 168420 7.682579e-02 0.834
  15   11  500 210420 7.531135e-02 0.839
  15   37  600 252420 7.527507e-02 0.839
  15    4  700 294420 7.524556e-02 0.839
  15    0  800 336420 7.474527e-02 0.841
  15    0  900 378420 7.437084e-02 0.841
  15    0 1000 420420 7.436718e-02 0.841
  16    0    0    420 1.885662e-01 0.616
  16   33  100  42420 8.242968e-02 0.821
  16   54  200  84420 7.957972e-02 0.836
  16    4  300 126420 7.956526e-02 0.836
  16   19  400 168420 7.765361e-02 0.836
  16    1  500 210420 7.742241e-02 0.836
  16   36  600 252420 7.694964e-02 0.836
  16   31  700 294420 7.661229e-02 0.848
  16    0  800 336420 7.494372e-02 0.848
  16   15  900 378420 7.453338e-02 0.848
  16    0 1000 420420 7.418039e-02 0.848
  17    0    0    420 1.475488e-01 0.652
  17    6  100  42420 8.117001e-02 0.820
  17    6  200  84420 7.658580e-02 0.820
  17   34  300 126420 7.610061e-02 0.830
  17   22  400 168420 7.609995e-02 0.831
  17   56  500 210420 7.609991e-02 0.837
  17   26  600 252420 7.542926e-02 0.837
  17   84  700 294420 7.524532e-02 0.837
  17    2  800 336420 7.402090e-02 0.837
  17    4  900 378420 7.390777e-02 0.837
  17    1 1000 420420 7.375364e-02 0.837
  18    0    0    420 1.151774e-01 0.789
  18    0  100  42420 8.109414e-02 0.845
  18    6  200  84420 7.808321e-02 0.845
  18    0  300 126420 7.767845e-02 0.846
  18   17  400 168420 7.724817e-02 0.846
  18    0  500 210420 7.709617e-02 0.846
  18   14  600 252420 7.697383e-02 0.846
  18    4  700 294420 7.463557e-02 0.846
  18   16  800 336420 7.425237e-02 0.846
  18    7  900 378420 7.413754e-02 0.846
  18   12 1000 420420 7.412671e-02 0.846
  19    0    0    420 1.385198e-01 0.795
  19   16  100  42420 7.596006e-02 0.830
  19   31  200  84420 7.587471e-02 0.830
  19   59  300 126420 7.540372e-02 0.830
  19    6  400 168420 7.539236e-02 0.830
  19   13  500 210420 7.532184e-02 0.834
  19   46  600 252420 7.497656e-02 0.834
  19   18  700 294420 7.493024e-02 0.834
  19   42  800 336420 7.491722e-02 0.839
  19    2  900 378420 7.450532e-02 0.845
  19    3 1000 420420 7.428936e-02 0.845
  20    0    0    420 1.359101e-01 0.657
  20   20  100  42420 7.729496e-02 0.837
  20    4  200  84420 7.671690e-02 0.837
  20   47  300 126420 7.671661e-02 0.837
  20   72  400 168420 7.642017e-02 0.837
  20    0  500 210420 7.620805e-02 0.837
  20   13  600 252420 7.614808e-02 0.837
  20   18  700 294420 7.599199e-02 0.837
  20   13  800 336420 7.477139e-02 0.837
  20    4  900 378420 7.444203e-02 0.837
  20   10 1000 420420 7.425661e-02 0.837
  21    0    0    420 2.163616e-01 0.806
  21   10  100  42420 7.609336e-02 0.821
  21   13  200  84420 7.602738e-02 0.843
  21    4  300 126420 7.602211e-02 0.843
  21    1  400 168420 7.591429e-02 0.843
  21    4  500 210420 7.564272e-02 0.843
  21   20  600 252420 7.497520e-02 0.843
  21    8  700 294420 7.457981e-02 0.843
  21   11  800 336420 7.447891e-02 0.843
  21    2  900 378420 7.418576e-02 0.843
  21    6 1000 420420 7.400314e-02 0.843
  22    0    0    420 1.980849e-01 0.782
  22    9  100  42420 8.146272e-02 0.813
  22   12  200  84420 8.136160e-02 0.818
  22   54  300 126420 7.818353e-02 0.824
  22  154  400 168420 7.818353e-02 0.843
  22    1  500 210420 7.619033e-02 0.843
  22    2  600 252420 7.606686e-02 0.843
  22    1  700 294420 7.549189e-02 0.843
  22    1  800 336420 7.486309e-02 0.843
  22   33  900 378420 7.401903e-02 0.843
  22    0 1000 420420 7.397448e-02 0.843
  23    0    0    420 1.304548e-01 0.717
  23   21  100  42420 7.840527e-02 0.809
  23   12  200  84420 7.783907e-02 0.820
  23    6  300 126420 7.757019e-02 0.831
  23   21  400 168420 7.750163e-02 0.831
  23   18  500 210420 7.670431e-02 0.831
  23    2  600 252420 7.504297e-02 0.831
  23    8  700 294420 7.488734e-02 0.831
  23    2  800 336420 7.475123e-02 0.842
  23    2  900 378420 7.460697e-02 0.842
  23    7 1000 420420 7.436465e-02 0.842
  24    0    0    420 1.694908e-01 0.791
  24    7  100  42420 8.774153e-02 0.799
  24    7  200  84420 8.284070e-02 0.820
  24    6  300 126420 7.303449e-02 0.841
  24   36  400 168420 7.296622e-02 0.841
  24   27  500 210420 7.296482e-02 0.841
  24   43  600 252420 7.295742e-02 0.841
  24    2  700 294420 7.286225e-02 0.841
  24    7  800 336420 7.278620e-02 0.841
  24    2  900 378420 7.264334e-02 0.841
  24   17 1000 420420 7.260775e-02 0.841
  25    0    0    420 1.319899e-01 0.772
  25    4  100  42420 9.004822e-02 0.828
  25   26  200  84420 8.507992e-02 0.832
  25   25  300 126420 7.987661e-02 0.832
  25    5  400 168420 7.809157e-02 0.832
  25   16  500 210420 7.671122e-02 0.832
  25    7  600 252420 7.665345e-02 0.832
  25    2  700 294420 7.587280e-02 0.832
  25    2  800 336420 7.549840e-02 0.832
  25   10  900 378420 7.527642e-02 0.832
  25    7 1000 420420 7.526379e-02 0.832
  26    0    0    420 1.276223e-01 0.761
  26   26  100  42420 7.821577e-02 0.814
  26    4  200  84420 7.742865e-02 0.823
  26    1  300 126420 7.654466e-02 0.827
  26    0  400 168420 7.617811e-02 0.840
  26   40  500 210420 7.616454e-02 0.840
  26    5  600 252420 7.537885e-02 0.840
  26   37  700 294420 7.440795e-02 0.840
  26   15  800 336420 7.427887e-02 0.843
  26    6  900 378420 7.398732e-02 0.847
  26   31 1000 420420 7.397213e-02 0.847
  27    0    0    420 1.627821e-01 0.744
  27   19  100  42420 8.380588e-02 0.817
  27    6  200  84420 8.064397e-02 0.838
  27    5  300 126420 7.562161e-02 0.838
  27   15  400 168420 7.561018e-02 0.839
  27   11  500 210420 7.508575e-02 0.839
  27   10  600 252420 7.503097e-02 0.839
  27    1  700 294420 7.498323e-02 0.846
  27    7  800 336420 7.413535e-02 0.846
  27   16  900 378420 7.411726e-02 0.846
  27    1 1000 420420 7.401067e-02 0.848
  28    0    0    420 1.131310e-01 0.668
  28    5  100  42420 7.763822e-02 0.835
  28   19  200  84420 7.706840e-02 0.846
  28   38  300 126420 7.706825e-02 0.846
  28    4  400 168420 7.685551e-02 0.846
  28   28  500 210420 7.578412e-02 0.846
  28    1  600 252420 7.522091e-02 0.846
  28    6  700 294420 7.465109e-02 0.846
  28   10  800 336420 7.457232e-02 0.846
  28    0  900 378420 7.451205e-02 0.846
  28    8 1000 420420 7.421466e-02 0.846
  29    0    0    420 1.450260e-01 0.798
  29    1  100  42420 8.436169e-02 0.830
  29    3  200  84420 7.623857e-02 0.832
  29   19  300 126420 7.560849e-02 0.834
  29    4  400 168420 7.527861e-02 0.834
  29    7  500 210420 7.451545e-02 0.839
  29    6  600 252420 7.426462e-02 0.839
  29    4  700 294420 7.368788e-02 0.840
  29    3  800 336420 7.280200e-02 0.840
  29    0  900 378420 7.138296e-02 0.847
  29    9 1000 420420 7.130626e-02 0.847
