   0    0    0   1540 1.895172e-01 0.574
   0    0  100 155540 1.558155e-01 0.775
   0   22  200 309540 1.549596e-01 0.777
   0    7  300 463540 1.549287e-01 0.777
   0   10  400 617540 1.549273e-01 0.777
   0    1  500 771540 1.548539e-01 0.777
   0   28  600 925540 1.548505e-01 0.777
   0   26  700 1079540 1.548495e-01 0.777
   0   21  800 1233540 1.548036e-01 0.784
   0   10  900 1387540 1.547191e-01 0.784
   0   30 1000 1541540 1.547057e-01 0.784
   1    0    0   1540 1.812347e-01 0.514
   1   11  100 155540 1.278242e-01 0.785
   1    9  200 309540 1.267153e-01 0.811
   1   20  300 463540 1.248236e-01 0.811
   1   12  400 617540 1.232339e-01 0.811
   1    0  500 771540 1.229114e-01 0.811
   1    9  600 925540 1.228178e-01 0.812
   1    9  700 1079540 1.227152e-01 0.813
   1    1  800 1233540 1.216641e-01 0.813
   1   39  900 1387540 1.215335e-01 0.817
   1    6 1000 1541540 1.205273e-01 0.821
   2    0    0   1540 1.944338e-01 0.669
   2    2  100 155540 1.248346e-01 0.793
   2    0  200 309540 1.244076e-01 0.793
   2   19  300 463540 1.244063e-01 0.793
   2    7  400 617540 1.243941e-01 0.793
   2   33  500 771540 1.243868e-01 0.793
   2    9  600 925540 1.241707e-01 0.793
   2    0  700 1079540 1.241638e-01 0.793
   2    5  800 1233540 1.241550e-01 0.793
   2    8  900 1387540 1.240881e-01 0.793
   2    0 1000 1541540 1.240641e-01 0.793
   3    0    0   1540 1.974660e-01 0.647
   3    5  100 155540 1.531599e-01 0.795
   3   21  200 309540 1.489507e-01 0.795
   3    1  300 463540 1.484533e-01 0.795
   3    7  400 617540 1.483460e-01 0.802
   3    3  500 771540 1.483238e-01 0.802
   3   62  600 925540 1.483081e-01 0.802
   3   12  700 1079540 1.482803e-01 0.802
   3    9  800 1233540 1.481620e-01 0.803
   3    4  900 1387540 1.479775e-01 0.806
   3    5 1000 1541540 1.478693e-01 0.806
   4    0    0   1540 2.099820e-01 0.499
   4   19  100 155540 1.581662e-01 0.759
   4    6  200 309540 1.559516e-01 0.759
   4    4  300 463540 1.558722e-01 0.759
   4    2  400 617540 1.556070e-01 0.780
   4   24  500 771540 1.547756e-01 0.780
   4    0  600 925540 1.545313e-01 0.788
   4   20  700 1079540 1.545182e-01 0.800
   4   14  800 1233540 1.545034e-01 0.800
   4   31  900 1387540 1.544753e-01 0.800
   4   24 1000 1541540 1.544710e-01 0.800
   5    0    0   1540 2.001387e-01 0.578
   5   13  100 155540 1.564273e-01 0.765
   5   23  200 309540 1.563932e-01 0.787
   5    1  300 463540 1.560560e-01 0.787
   5    1  400 617540 1.554532e-01 0.788
   5    9  500 771540 1.554446e-01 0.788
   5    0  600 925540 1.539107e-01 0.803
   5    1  700 1079540 1.536351e-01 0.803
   5   20  800 1233540 1.533941e-01 0.803
   5   15  900 1387540 1.530999e-01 0.803
   5    1 1000 1541540 1.529755e-01 0.803
   6    0    0   1540 1.863366e-01 0.604
   6   11  100 155540 1.554338e-01 0.755
   6    6  200 309540 1.551873e-01 0.780
   6    0  300 463540 1.551666e-01 0.780
   6   36  400 617540 1.551626e-01 0.780
   6    9  500 771540 1.551356e-01 0.780
   6    7  600 925540 1.551025e-01 0.780
   6    2  700 1079540 1.550759e-01 0.786
   6    5  800 1233540 1.550630e-01 0.786
   6    1  900 1387540 1.536055e-01 0.795
   6    1 1000 1541540 1.530818e-01 0.795
   7    0    0   1540 1.968823e-01 0.757
   7    0  100 155540 1.380858e-01 0.757
   7   15  200 309540 1.288969e-01 0.767
   7    9  300 463540 1.277865e-01 0.767
   7    3  400 617540 1.276543e-01 0.768
   7   13  500 771540 1.275589e-01 0.793
   7    6  600 925540 1.275210e-01 0.793
   7    7  700 1079540 1.274709e-01 0.793
   7   14  800 1233540 1.274293e-01 0.793
   7    1  900 1387540 1.272220e-01 0.793
   7    2 1000 1541540 1.271215e-01 0.793
   8    0    0   1540 2.031320e-01 0.623
   8    6  100 155540 1.552575e-01 0.759
   8   13  200 309540 1.551383e-01 0.788
   8    7  300 463540 1.551334e-01 0.788
   8    0  400 617540 1.550095e-01 0.794
   8    5  500 771540 1.534988e-01 0.794
   8    4  600 925540 1.532329e-01 0.794
   8    3  700 1079540 1.531241e-01 0.794
   8    6  800 1233540 1.530992e-01 0.794
   8    2  900 1387540 1.525548e-01 0.794
   8    3 1000 1541540 1.525019e-01 0.794
   9    0    0   1540 1.930382e-01 0.689
   9    4  100 155540 1.280288e-01 0.796
   9    3  200 309540 1.276686e-01 0.796
   9    2  300 463540 1.265300e-01 0.796
   9    6  400 617540 1.264605e-01 0.796
   9    8  500 771540 1.243681e-01 0.796
   9    5  600 925540 1.242269e-01 0.797
   9    2  700 1079540 1.239998e-01 0.805
   9    1  800 1233540 1.239821e-01 0.805
   9    0  900 1387540 1.239791e-01 0.805
   9    2 1000 1541540 1.239625e-01 0.805
  10    0    0   1540 1.933524e-01 0.720
  10   17  100 155540 1.501814e-01 0.732
  10   11  200 309540 1.487965e-01 0.753
  10    3  300 463540 1.434520e-01 0.761
  10   17  400 617540 1.425226e-01 0.763
  10    4  500 771540 1.423935e-01 0.770
  10    2  600 925540 1.422046e-01 0.780
  10    4  700 1079540 1.404806e-01 0.780
  10    6  800 1233540 1.398235e-01 0.780
  10    0  900 1387540 1.389477e-01 0.791
  10    0 1000 1541540 1.385630e-01 0.807
  11    0    0   1540 1.975502e-01 0.588
  11    5  100 155540 1.536583e-01 0.785
  11    2  200 309540 1.536239e-01 0.785
  11    0  300 463540 1.492603e-01 0.785
  11    6  400 617540 1.491338e-01 0.798
  11    1  500 771540 1.244567e-01 0.798
  11    1  600 925540 1.241438e-01 0.803
  11    7  700 1079540 1.241384e-01 0.803
  11    5  800 1233540 1.240856e-01 0.803
  11    2  900 1387540 1.240199e-01 0.803
  11   15 1000 1541540 1.240154e-01 0.803
  12    0    0   1540 2.135343e-01 0.552
  12   27  100 155540 1.549509e-01 0.735
  12   20  200 309540 1.549342e-01 0.749
  12    2  300 463540 1.508832e-01 0.755
  12    4  400 617540 1.465883e-01 0.775
  12   15  500 771540 1.465319e-01 0.803
  12   19  600 925540 1.463490e-01 0.803
  12    7  700 1079540 1.463286e-01 0.803
  12   21  800 1233540 1.462154e-01 0.803
  12    4  900 1387540 1.462127e-01 0.803
  12    4 1000 1541540 1.462102e-01 0.803
  13    0    0   1540 1.913933e-01 0.539
  13    1  100 155540 1.555403e-01 0.802
  13   38  200 309540 1.554531e-01 0.802
  13    4  300 463540 1.550844e-01 0.802
  13    0  400 617540 1.549040e-01 0.802
  13    0  500 771540 1.547175e-01 0.802
  13    0  600 925540 1.541605e-01 0.802
  13    2  700 1079540 1.536950e-01 0.802
  13    2  800 1233540 1.533070e-01 0.802
  13   55  900 1387540 1.530041e-01 0.802
  13    7 1000 1541540 1.528249e-01 0.802
  14    0    0   1540 2.067996e-01 0.687
  14    2  100 155540 1.275968e-01 0.792
  14    1  200 309540 1.258654e-01 0.797
  14   60  300 463540 1.254900e-01 0.798
  14   33  400 617540 1.252314e-01 0.798
  14    1  500 771540 1.251750e-01 0.798
  14   16  600 925540 1.250747e-01 0.806
  14   13  700 1079540 1.250209e-01 0.806
  14    2  800 1233540 1.249934e-01 0.806
  14   41  900 1387540 1.249701e-01 0.806
  14    2 1000 1541540 1.241112e-01 0.806
  15    0    0   1540 1.746090e-01 0.635
  15    3  100 155540 1.555020e-01 0.776
  15    7  200 309540 1.550856e-01 0.777
  15   27  300 463540 1.539503e-01 0.777
  15    8  400 617540 1.525005e-01 0.787
  15   23  500 771540 1.524932e-01 0.787
  15   94  600 925540 1.524931e-01 0.787
  15    0  700 1079540 1.524878e-01 0.787
  15   84  800 1233540 1.524873e-01 0.787
  15    9  900 1387540 1.524425e-01 0.797
  15    5 1000 1541540 1.524077e-01 0.808
  16    0    0   1540 2.265097e-01 0.674
  16    0  100 155540 1.561959e-01 0.732
  16    7  200 309540 1.555085e-01 0.777
  16    3  300 463540 1.554542e-01 0.777
  16   24  400 617540 1.554537e-01 0.777
  16   19  500 771540 1.554462e-01 0.777
  16    0  600 925540 1.553574e-01 0.777
  16    6  700 1079540 1.548808e-01 0.777
  16    1  800 1233540 1.548149e-01 0.777
  16    0  900 1387540 1.546224e-01 0.780
  16    3 1000 1541540 1.546033e-01 0.780
  17    0    0   1540 1.891508e-01 0.632
  17   14  100 155540 1.287914e-01 0.759
  17    3  200 309540 1.282473e-01 0.766
  17    1  300 463540 1.275489e-01 0.766
  17    1  400 617540 1.264562e-01 0.766
  17    2  500 771540 1.257908e-01 0.766
  17    6  600 925540 1.257462e-01 0.771
  17    6  700 1079540 1.257337e-01 0.785
  17    2  800 1233540 1.256245e-01 0.790
  17    1  900 1387540 1.253190e-01 0.790
  17    2 1000 1541540 1.251075e-01 0.790
  18    0    0   1540 2.026461e-01 0.611
  18    9  100 155540 1.555484e-01 0.731
  18    1  200 309540 1.553434e-01 0.782
  18    1  300 463540 1.548452e-01 0.786
  18   10  400 617540 1.546014e-01 0.786
  18   11  500 771540 1.545955e-01 0.786
  18    6  600 925540 1.545858e-01 0.786
  18   25  700 1079540 1.545839e-01 0.786
  18    1  800 1233540 1.545790e-01 0.786
  18   54  900 1387540 1.545750e-01 0.786
  18    4 1000 1541540 1.545734e-01 0.786
  19    0    0   1540 1.972474e-01 0.714
  19    4  100 155540 1.555110e-01 0.728
  19   10  200 309540 1.550259e-01 0.786
  19    0  300 463540 1.548182e-01 0.786
  19   20  400 617540 1.547732e-01 0.786
  19   25  500 771540 1.547585e-01 0.786
  19    4  600 925540 1.546461e-01 0.786
  19   12  700 1079540 1.546405e-01 0.786
  19    3  800 1233540 1.546170e-01 0.786
  19    6  900 1387540 1.546154e-01 0.786
  19   13 1000 1541540 1.546062e-01 0.786
  20    0    0   1540 1.872592e-01 0.447
  20    1  100 155540 1.598229e-01 0.727
  20    1  200 309540 1.559886e-01 0.735
  20    1  300 463540 1.555377e-01 0.773
  20    8  400 617540 1.555277e-01 0.773
  20    7  500 771540 1.555185e-01 0.773
  20    0  600 925540 1.554136e-01 0.773
  20   14  700 1079540 1.553417e-01 0.773
  20    0  800 1233540 1.550825e-01 0.773
  20    0  900 1387540 1.550461e-01 0.777
  20    6 1000 1541540 1.549947e-01 0.777
  21    0    0   1540 1.683341e-01 0.490
  21    6  100 155540 1.560297e-01 0.729
  21    0  200 309540 1.558566e-01 0.729
  21    8  300 463540 1.556158e-01 0.752
  21    1  400 617540 1.555742e-01 0.752
  21   27  500 771540 1.555736e-01 0.765
  21    1  600 925540 1.555729e-01 0.765
  21   32  700 1079540 1.555719e-01 0.765
  21    5  800 1233540 1.554631e-01 0.778
  21   81  900 1387540 1.554629e-01 0.784
  21    9 1000 1541540 1.554553e-01 0.784
  22    0    0   1540 1.926598e-01 0.699
  22    5  100 155540 1.538742e-01 0.782
  22    1  200 309540 1.420156e-01 0.782
  22    7  300 463540 1.415919e-01 0.782
  22    8  400 617540 1.410842e-01 0.786
  22   20  500 771540 1.410326e-01 0.786
  22   22  600 925540 1.407210e-01 0.786
  22    0  700 1079540 1.405905e-01 0.786
  22    2  800 1233540 1.367885e-01 0.800
  22    0  900 1387540 1.363288e-01 0.812
  22    1 1000 1541540 1.363216e-01 0.812
  23    0    0   1540 1.681071e-01 0.542
  23    1  100 155540 1.548566e-01 0.752
  23    0  200 309540 1.547345e-01 0.758
  23   61  300 463540 1.547225e-01 0.777
  23   19  400 617540 1.547196e-01 0.782
  23    2  500 771540 1.547081e-01 0.782
  23   15  600 925540 1.547076e-01 0.793
  23    4  700 1079540 1.546087e-01 0.793
  23    2  800 1233540 1.545901e-01 0.793
  23   40  900 1387540 1.545870e-01 0.793
  23    0 1000 1541540 1.545534e-01 0.793
  24    0    0   1540 1.995761e-01 0.458
  24    4  100 155540 1.553945e-01 0.740
  24   20  200 309540 1.552977e-01 0.751
  24   19  300 463540 1.552667e-01 0.802
  24   30  400 617540 1.548238e-01 0.802
  24    1  500 771540 1.547647e-01 0.802
  24    1  600 925540 1.546720e-01 0.802
  24   32  700 1079540 1.546704e-01 0.802
  24    5  800 1233540 1.546502e-01 0.802
  24   20  900 1387540 1.546005e-01 0.802
  24   23 1000 1541540 1.545949e-01 0.802
  25    0    0   1540 1.980281e-01 0.687
  25    8  100 155540 1.554818e-01 0.760
  25   31  200 309540 1.531699e-01 0.774
  25    9  300 463540 1.531593e-01 0.774
  25    0  400 617540 1.531560e-01 0.774
  25    4  500 771540 1.530629e-01 0.774
  25    2  600 925540 1.530329e-01 0.774
  25   10  700 1079540 1.530264e-01 0.786
  25    4  800 1233540 1.529927e-01 0.786
  25    0  900 1387540 1.529685e-01 0.798
  25    5 1000 1541540 1.528959e-01 0.798
  26    0    0   1540 1.989804e-01 0.544
  26    4  100 155540 1.550560e-01 0.757
  26    1  200 309540 1.533294e-01 0.757
  26    9  300 463540 1.527807e-01 0.785
  26    0  400 617540 1.527608e-01 0.785
  26    6  500 771540 1.527582e-01 0.785
  26    3  600 925540 1.527431e-01 0.817
  26   26  700 1079540 1.527421e-01 0.817
  26    0  800 1233540 1.524591e-01 0.817
  26   15  900 1387540 1.524474e-01 0.817
  26    3 1000 1541540 1.524246e-01 0.817
  27    0    0   1540 1.935246e-01 0.664
  27    6  100 155540 1.357826e-01 0.775
  27   12  200 309540 1.290643e-01 0.792
  27   36  300 463540 1.280515e-01 0.792
  27    7  400 617540 1.280135e-01 0.799
  27    2  500 771540 1.278763e-01 0.799
  27    0  600 925540 1.276172e-01 0.799
  27    1  700 1079540 1.273398e-01 0.821
  27    8  800 1233540 1.272888e-01 0.821
  27   22  900 1387540 1.272826e-01 0.821
  27   17 1000 1541540 1.272766e-01 0.822
  28    0    0   1540 2.245739e-01 0.700
  28    3  100 155540 1.363596e-01 0.769
  28    3  200 309540 1.295578e-01 0.773
  28    9  300 463540 1.286283e-01 0.773
  28   35  400 617540 1.285320e-01 0.773
  28   23  500 771540 1.284679e-01 0.773
  28    6  600 925540 1.269955e-01 0.773
  28    8  700 1079540 1.268729e-01 0.773
  28    4  800 1233540 1.266486e-01 0.773
  28    2  900 1387540 1.264471e-01 0.773
  28    3 1000 1541540 1.259223e-01 0.775
  29    0    0   1540 1.955292e-01 0.641
  29    6  100 155540 1.519297e-01 0.759
  29    7  200 309540 1.518986e-01 0.759
  29   21  300 463540 1.489090e-01 0.777
  29    8  400 617540 1.408458e-01 0.777
  29    5  500 771540 1.376066e-01 0.777
  29   16  600 925540 1.375556e-01 0.777
  29   10  700 1079540 1.375521e-01 0.777
  29    9  800 1233540 1.375443e-01 0.777
  29    1  900 1387540 1.375373e-01 0.777
  29   12 1000 1541540 1.375367e-01 0.777
