   0    0    0    420 3.363867e-01 0.878
   0    3  100  42420 1.510015e-01 0.907
   0   14  200  84420 1.418094e-01 0.907
   0   15  300 126420 1.416158e-01 0.908
   0    9  400 168420 1.397747e-01 0.908
   0    0  500 210420 1.397261e-01 0.908
   0    0  600 252420 1.379690e-01 0.912
   0    2  700 294420 1.358552e-01 0.913
   0    7  800 336420 1.335297e-01 0.913
   0    0  900 378420 1.324932e-01 0.915
   0    5 1000 420420 1.321469e-01 0.920
   1    0    0    420 4.655249e-01 0.857
   1    3  100  42420 1.596450e-01 0.901
   1   14  200  84420 1.469205e-01 0.905
   1   11  300 126420 1.383184e-01 0.906
   1    9  400 168420 1.333239e-01 0.913
   1   35  500 210420 1.330251e-01 0.913
   1    2  600 252420 1.325959e-01 0.913
   1    1  700 294420 1.317714e-01 0.921
   1   62  800 336420 1.317712e-01 0.921
   1   14  900 378420 1.317709e-01 0.921
   1   10 1000 420420 1.317479e-01 0.921
   2    0    0    420 4.276966e-01 0.861
   2   20  100  42420 1.666876e-01 0.903
   2   14  200  84420 1.543292e-01 0.908
   2   16  300 126420 1.458796e-01 0.913
   2    4  400 168420 1.348671e-01 0.913
   2    1  500 210420 1.339927e-01 0.916
   2   42  600 252420 1.318232e-01 0.917
   2    9  700 294420 1.242801e-01 0.921
   2    2  800 336420 1.234234e-01 0.921
   2   11  900 378420 1.233201e-01 0.921
   2    2 1000 420420 1.229034e-01 0.921
   3    0    0    420 2.713851e-01 0.868
   3    1  100  42420 1.550573e-01 0.907
   3    5  200  84420 1.479868e-01 0.907
   3   33  300 126420 1.472715e-01 0.907
   3    8  400 168420 1.340512e-01 0.913
   3    1  500 210420 1.329769e-01 0.919
   3    2  600 252420 1.323324e-01 0.919
   3    0  700 294420 1.322532e-01 0.919
   3    2  800 336420 1.311987e-01 0.919
   3    5  900 378420 1.311547e-01 0.919
   3   12 1000 420420 1.309190e-01 0.919
   4    0    0    420 2.522457e-01 0.886
   4    6  100  42420 1.707655e-01 0.901
   4    4  200  84420 1.677751e-01 0.905
   4    2  300 126420 1.609511e-01 0.905
   4    1  400 168420 1.499031e-01 0.913
   4   10  500 210420 1.419468e-01 0.913
   4    6  600 252420 1.316083e-01 0.913
   4   30  700 294420 1.315910e-01 0.915
   4    1  800 336420 1.284153e-01 0.915
   4   30  900 378420 1.281290e-01 0.917
   4   13 1000 420420 1.267062e-01 0.917
   5    0    0    420 3.340533e-01 0.909
   5   31  100  42420 1.561046e-01 0.909
   5   19  200  84420 1.542623e-01 0.911
   5    2  300 126420 1.464256e-01 0.914
   5    0  400 168420 1.419299e-01 0.919
   5    2  500 210420 1.290725e-01 0.919
   5    5  600 252420 1.256016e-01 0.919
   5    0  700 294420 1.249524e-01 0.919
   5   22  800 336420 1.228047e-01 0.922
   5   16  900 378420 1.226955e-01 0.924
   5    1 1000 420420 1.224288e-01 0.924
   6    0    0    420 3.933503e-01 0.874
   6    5  100  42420 1.326266e-01 0.908
   6   21  200  84420 1.320275e-01 0.919
   6   16  300 126420 1.317825e-01 0.919
   6    2  400 168420 1.310038e-01 0.922
   6    8  500 210420 1.309860e-01 0.922
   6   17  600 252420 1.297091e-01 0.922
   6    0  700 294420 1.289823e-01 0.922
   6    2  800 336420 1.269316e-01 0.922
   6   11  900 378420 1.267421e-01 0.922
   6    4 1000 420420 1.267313e-01 0.922
   7    0    0    420 3.572550e-01 0.881
   7    0  100  42420 1.582130e-01 0.901
   7    5  200  84420 1.401747e-01 0.904
   7   11  300 126420 1.337398e-01 0.911
   7    8  400 168420 1.336686e-01 0.911
   7    1  500 210420 1.330910e-01 0.913
   7    1  600 252420 1.326892e-01 0.913
   7    8  700 294420 1.322339e-01 0.913
   7    0  800 336420 1.319099e-01 0.913
   7   11  900 378420 1.317031e-01 0.913
   7    6 1000 420420 1.316524e-01 0.916
   8    0    0    420 4.166179e-01 0.886
   8   15  100  42420 1.717549e-01 0.904
   8    1  200  84420 1.436723e-01 0.905
   8    5  300 126420 1.379403e-01 0.909
   8    1  400 168420 1.361048e-01 0.916
   8    0  500 210420 1.302261e-01 0.916
   8    1  600 252420 1.284126e-01 0.916
   8    2  700 294420 1.280253e-01 0.918
   8   55  800 336420 1.280241e-01 0.918
   8   16  900 378420 1.280187e-01 0.921
   8    2 1000 420420 1.145395e-01 0.923
   9    0    0    420 2.604687e-01 0.867
   9    4  100  42420 1.515095e-01 0.910
   9   11  200  84420 1.510820e-01 0.912
   9    2  300 126420 1.472531e-01 0.912
   9    6  400 168420 1.365708e-01 0.913
   9    0  500 210420 1.329999e-01 0.923
   9    0  600 252420 1.301049e-01 0.923
   9    7  700 294420 1.274907e-01 0.923
   9    8  800 336420 1.272671e-01 0.923
   9    3  900 378420 1.271516e-01 0.923
   9    4 1000 420420 1.271498e-01 0.923
  10    0    0    420 3.544658e-01 0.863
  10    0  100  42420 1.510817e-01 0.907
  10    0  200  84420 1.438719e-01 0.907
  10    3  300 126420 1.401550e-01 0.910
  10    6  400 168420 1.382215e-01 0.914
  10    0  500 210420 1.339917e-01 0.915
  10    8  600 252420 1.332518e-01 0.915
  10   12  700 294420 1.309661e-01 0.920
  10    6  800 336420 1.304990e-01 0.920
  10   49  900 378420 1.303025e-01 0.920
  10    0 1000 420420 1.302788e-01 0.920
  11    0    0    420 3.724790e-01 0.880
  11    0  100  42420 1.429569e-01 0.908
  11    1  200  84420 1.378732e-01 0.916
  11    8  300 126420 1.346245e-01 0.916
  11    0  400 168420 1.326851e-01 0.916
  11    0  500 210420 1.294424e-01 0.916
  11    1  600 252420 1.100172e-01 0.923
  11    1  700 294420 1.095684e-01 0.923
  11    8  800 336420 1.093241e-01 0.923
  11   12  900 378420 1.088628e-01 0.923
  11    2 1000 420420 1.084483e-01 0.924
  12    0    0    420 3.530429e-01 0.876
  12    8  100  42420 1.390692e-01 0.918
  12   43  200  84420 1.333397e-01 0.918
  12   17  300 126420 1.304736e-01 0.918
  12    9  400 168420 1.304213e-01 0.918
  12   10  500 210420 1.304196e-01 0.918
  12   12  600 252420 1.301478e-01 0.918
  12    0  700 294420 1.297851e-01 0.919
  12    4  800 336420 1.291497e-01 0.919
  12   14  900 378420 1.289872e-01 0.919
  12    2 1000 420420 1.288979e-01 0.919
  13    0    0    420 3.906830e-01 0.868
  13    5  100  42420 1.729808e-01 0.902
  13    0  200  84420 1.610496e-01 0.903
  13   15  300 126420 1.409909e-01 0.906
  13    5  400 168420 1.329061e-01 0.909
  13    4  500 210420 1.315149e-01 0.913
  13    3  600 252420 1.307848e-01 0.913
  13    0  700 294420 1.307243e-01 0.914
  13   52  800 336420 1.307236e-01 0.914
  13   19  900 378420 1.307222e-01 0.914
  13   36 1000 420420 1.307213e-01 0.914
  14    0    0    420 3.577038e-01 0.866
  14    2  100  42420 1.554182e-01 0.903
  14    6  200  84420 1.434060e-01 0.907
  14    3  300 126420 1.392704e-01 0.910
  14    1  400 168420 1.346379e-01 0.910
  14    9  500 210420 1.339079e-01 0.915
  14   16  600 252420 1.338543e-01 0.915
  14    3  700 294420 1.323039e-01 0.915
  14    0  800 336420 1.320221e-01 0.919
  14   11  900 378420 1.320125e-01 0.919
  14    0 1000 420420 1.319844e-01 0.920
  15    0    0    420 2.741520e-01 0.872
  15    3  100  42420 1.659662e-01 0.905
  15    3  200  84420 1.488314e-01 0.909
  15    4  300 126420 1.308947e-01 0.911
  15   12  400 168420 1.308782e-01 0.915
  15    9  500 210420 1.301345e-01 0.915
  15    2  600 252420 1.287956e-01 0.920
  15    0  700 294420 1.284237e-01 0.920
  15   20  800 336420 1.283858e-01 0.920
  15   18  900 378420 1.280829e-01 0.920
  15   22 1000 420420 1.277628e-01 0.920
  16    0    0    420 2.481370e-01 0.873
  16    3  100  42420 1.566994e-01 0.900
  16    9  200  84420 1.486750e-01 0.908
  16    4  300 126420 1.423176e-01 0.912
  16    7  400 168420 1.387862e-01 0.912
  16    3  500 210420 1.367381e-01 0.913
  16    3  600 252420 1.344854e-01 0.918
  16    0  700 294420 1.283507e-01 0.919
  16    0  800 336420 1.283248e-01 0.919
  16    1  900 378420 1.282206e-01 0.919
  16   16 1000 420420 1.277684e-01 0.919
  17    0    0    420 3.483936e-01 0.901
  17    5  100  42420 1.365566e-01 0.910
  17    7  200  84420 1.359410e-01 0.911
  17    7  300 126420 1.358484e-01 0.911
  17    1  400 168420 1.325102e-01 0.915
  17    2  500 210420 1.293110e-01 0.915
  17    0  600 252420 1.159014e-01 0.916
  17    6  700 294420 1.145579e-01 0.919
  17    0  800 336420 1.142521e-01 0.921
  17    4  900 378420 1.126511e-01 0.923
  17    1 1000 420420 1.111193e-01 0.923
  18    0    0    420 3.886333e-01 0.879
  18    3  100  42420 1.531415e-01 0.906
  18   16  200  84420 1.480687e-01 0.912
  18    5  300 126420 1.453840e-01 0.912
  18    4  400 168420 1.403954e-01 0.912
  18   20  500 210420 1.394716e-01 0.912
  18    0  600 252420 1.366941e-01 0.913
  18    4  700 294420 1.357218e-01 0.914
  18   18  800 336420 1.321593e-01 0.914
  18    3  900 378420 1.319500e-01 0.917
  18    2 1000 420420 1.316610e-01 0.917
  19    0    0    420 3.479731e-01 0.876
  19   13  100  42420 1.797689e-01 0.907
  19   14  200  84420 1.250925e-01 0.907
  19    3  300 126420 1.126666e-01 0.918
  19  103  400 168420 1.126666e-01 0.918
  19    8  500 210420 1.097536e-01 0.924
  19    3  600 252420 1.069904e-01 0.924
  19    8  700 294420 1.068360e-01 0.924
  19   51  800 336420 1.067877e-01 0.925
  19    4  900 378420 1.064262e-01 0.926
  19    0 1000 420420 1.064128e-01 0.926
  20    0    0    420 3.743889e-01 0.876
  20    0  100  42420 1.323002e-01 0.916
  20    2  200  84420 1.295280e-01 0.916
  20    1  300 126420 1.291512e-01 0.916
  20    1  400 168420 1.291485e-01 0.916
  20   21  500 210420 1.291427e-01 0.916
  20    8  600 252420 1.288414e-01 0.919
  20    2  700 294420 1.271436e-01 0.919
  20    8  800 336420 1.269991e-01 0.921
  20   23  900 378420 1.269980e-01 0.921
  20   30 1000 420420 1.238156e-01 0.921
  21    0    0    420 3.286897e-01 0.883
  21    3  100  42420 1.412626e-01 0.907
  21    4  200  84420 1.385581e-01 0.907
  21    9  300 126420 1.378188e-01 0.913
  21    1  400 168420 1.377931e-01 0.914
  21    0  500 210420 1.357588e-01 0.914
  21    1  600 252420 1.316623e-01 0.914
  21    0  700 294420 1.294087e-01 0.916
  21   20  800 336420 1.294004e-01 0.916
  21    1  900 378420 1.283510e-01 0.916
  21    6 1000 420420 1.276157e-01 0.916
  22    0    0    420 2.630610e-01 0.888
  22   46  100  42420 1.407845e-01 0.907
  22   20  200  84420 1.365587e-01 0.918
  22   29  300 126420 1.363297e-01 0.922
  22  129  400 168420 1.363297e-01 0.922
  22    1  500 210420 1.346644e-01 0.922
  22   22  600 252420 1.326223e-01 0.922
  22    2  700 294420 1.313249e-01 0.923
  22    3  800 336420 1.282766e-01 0.923
  22    7  900 378420 1.282333e-01 0.923
  22    3 1000 420420 1.281915e-01 0.923
  23    0    0    420 2.905148e-01 0.894
  23    2  100  42420 1.433853e-01 0.909
  23    2  200  84420 1.313797e-01 0.915
  23    8  300 126420 1.300798e-01 0.917
  23    7  400 168420 1.300710e-01 0.917
  23   12  500 210420 1.290830e-01 0.917
  23   19  600 252420 1.290558e-01 0.917
  23    7  700 294420 1.281115e-01 0.918
  23   17  800 336420 1.280757e-01 0.918
  23    1  900 378420 1.278981e-01 0.918
  23    7 1000 420420 1.276051e-01 0.923
  24    0    0    420 2.967987e-01 0.886
  24    0  100  42420 1.583674e-01 0.911
  24   12  200  84420 1.427567e-01 0.911
  24    6  300 126420 1.332322e-01 0.911
  24    2  400 168420 1.319865e-01 0.912
  24    0  500 210420 1.316400e-01 0.921
  24   26  600 252420 1.310564e-01 0.921
  24   30  700 294420 1.307199e-01 0.921
  24   25  800 336420 1.305962e-01 0.921
  24    2  900 378420 1.305016e-01 0.921
  24    3 1000 420420 1.303606e-01 0.921
  25    0    0    420 2.752804e-01 0.880
  25    7  100  42420 1.426824e-01 0.908
  25   22  200  84420 1.383557e-01 0.910
  25   33  300 126420 1.324088e-01 0.915
  25    5  400 168420 1.323267e-01 0.915
  25    0  500 210420 1.320719e-01 0.915
  25    0  600 252420 1.309047e-01 0.915
  25    2  700 294420 1.304711e-01 0.921
  25    0  800 336420 1.281541e-01 0.921
  25    5  900 378420 1.219413e-01 0.922
  25   43 1000 420420 1.219072e-01 0.922
  26    0    0    420 4.108270e-01 0.868
  26    5  100  42420 1.470856e-01 0.913
  26    2  200  84420 1.372036e-01 0.913
  26    0  300 126420 1.322801e-01 0.913
  26   45  400 168420 1.322459e-01 0.914
  26    7  500 210420 1.321992e-01 0.918
  26   39  600 252420 1.321733e-01 0.918
  26    7  700 294420 1.317693e-01 0.918
  26   27  800 336420 1.317678e-01 0.918
  26   12  900 378420 1.317678e-01 0.918
  26    6 1000 420420 1.317244e-01 0.920
  27    0    0    420 3.422508e-01 0.873
  27    2  100  42420 1.440637e-01 0.911
  27    1  200  84420 1.364420e-01 0.911
  27   25  300 126420 1.329812e-01 0.911
  27    0  400 168420 1.322757e-01 0.911
  27    3  500 210420 1.310330e-01 0.920
  27    8  600 252420 1.289169e-01 0.920
  27    2  700 294420 1.283569e-01 0.920
  27    2  800 336420 1.283355e-01 0.922
  27    3  900 378420 1.283163e-01 0.922
  27    1 1000 420420 1.273653e-01 0.922
  28    0    0    420 3.108099e-01 0.866
  28    6  100  42420 1.455021e-01 0.906
  28    9  200  84420 1.454494e-01 0.919
  28    4  300 126420 1.415142e-01 0.919
  28    7  400 168420 1.414422e-01 0.919
  28    3  500 210420 1.413466e-01 0.919
  28    9  600 252420 1.396647e-01 0.919
  28    2  700 294420 1.362296e-01 0.919
  28   13  800 336420 1.331601e-01 0.919
  28    7  900 378420 1.323961e-01 0.919
  28    3 1000 420420 1.319869e-01 0.921
  29    0    0    420 4.091561e-01 0.879
  29    1  100  42420 1.472057e-01 0.913
  29    3  200  84420 1.443574e-01 0.914
  29    2  300 126420 1.413588e-01 0.914
  29    6  400 168420 1.354641e-01 0.917
  29   43  500 210420 1.346223e-01 0.917
  29    0  600 252420 1.318423e-01 0.917
  29    1  700 294420 1.306176e-01 0.917
  29   19  800 336420 1.304425e-01 0.917
  29   15  900 378420 1.304322e-01 0.917
  29    0 1000 420420 1.300774e-01 0.917
