   0    0    0   1540 5.485944e-02 0.570
   0    2  100 155540 4.016329e-02 0.749
   0    1  200 309540 3.840749e-02 0.749
   0    0  300 463540 3.700041e-02 0.749
   0   45  400 617540 3.667471e-02 0.749
   0    3  500 771540 3.657972e-02 0.749
   0    0  600 925540 3.621395e-02 0.749
   0   15  700 1079540 3.619675e-02 0.749
   0    2  800 1233540 3.605865e-02 0.749
   0    2  900 1387540 3.602956e-02 0.749
   0    4 1000 1541540 3.602221e-02 0.749
   1    0    0   1540 5.709201e-02 0.737
   1    1  100 155540 3.624817e-02 0.757
   1    9  200 309540 3.597040e-02 0.757
   1   13  300 463540 3.596842e-02 0.757
   1   19  400 617540 3.596616e-02 0.757
   1    5  500 771540 3.596390e-02 0.757
   1   24  600 925540 3.596310e-02 0.757
   1   32  700 1079540 3.596095e-02 0.764
   1    7  800 1233540 3.591778e-02 0.764
   1   46  900 1387540 3.591704e-02 0.764
   1    3 1000 1541540 3.590865e-02 0.794
   2    0    0   1540 6.555412e-02 0.721
   2    3  100 155540 3.517713e-02 0.723
   2    0  200 309540 3.448493e-02 0.723
   2   80  300 463540 3.448487e-02 0.729
   2    8  400 617540 3.441409e-02 0.729
   2    9  500 771540 3.439314e-02 0.729
   2   24  600 925540 3.439284e-02 0.729
   2    4  700 1079540 3.438988e-02 0.729
   2    5  800 1233540 3.438684e-02 0.729
   2    5  900 1387540 3.435182e-02 0.729
   2    1 1000 1541540 3.429126e-02 0.729
   3    0    0   1540 1.073127e-01 0.611
   3    0  100 155540 3.535372e-02 0.704
   3    3  200 309540 3.380390e-02 0.740
   3   13  300 463540 3.369709e-02 0.746
   3   22  400 617540 3.369407e-02 0.746
   3    7  500 771540 3.365957e-02 0.746
   3    9  600 925540 3.356117e-02 0.746
   3    7  700 1079540 3.348315e-02 0.749
   3    6  800 1233540 3.348217e-02 0.749
   3   11  900 1387540 3.343083e-02 0.749
   3    4 1000 1541540 3.317785e-02 0.749
   4    0    0   1540 5.202274e-02 0.570
   4    4  100 155540 3.474053e-02 0.635
   4   16  200 309540 3.460251e-02 0.737
   4   39  300 463540 3.444556e-02 0.740
   4   28  400 617540 3.433527e-02 0.740
   4   19  500 771540 3.417294e-02 0.740
   4   12  600 925540 3.416647e-02 0.740
   4    5  700 1079540 3.416243e-02 0.740
   4    5  800 1233540 3.413983e-02 0.740
   4    4  900 1387540 3.412308e-02 0.740
   4   60 1000 1541540 3.412308e-02 0.740
   5    0    0   1540 5.386590e-02 0.683
   5    7  100 155540 3.830047e-02 0.716
   5   19  200 309540 3.569570e-02 0.727
   5   59  300 463540 3.566134e-02 0.727
   5   35  400 617540 3.559288e-02 0.733
   5   14  500 771540 3.548749e-02 0.781
   5   11  600 925540 3.544865e-02 0.781
   5    2  700 1079540 3.522743e-02 0.781
   5    0  800 1233540 3.516544e-02 0.781
   5    5  900 1387540 3.503060e-02 0.781
   5    3 1000 1541540 3.502384e-02 0.781
   6    0    0   1540 5.499272e-02 0.568
   6    1  100 155540 4.028578e-02 0.722
   6    1  200 309540 3.740842e-02 0.722
   6    8  300 463540 3.670948e-02 0.722
   6    5  400 617540 3.532992e-02 0.780
   6   14  500 771540 3.519444e-02 0.780
   6   26  600 925540 3.463855e-02 0.780
   6   12  700 1079540 3.458992e-02 0.792
   6    1  800 1233540 3.414411e-02 0.792
   6   12  900 1387540 3.402997e-02 0.792
   6   11 1000 1541540 3.394946e-02 0.795
   7    0    0   1540 5.142688e-02 0.612
   7    7  100 155540 3.732433e-02 0.718
   7    4  200 309540 3.696250e-02 0.718
   7    1  300 463540 3.650156e-02 0.739
   7   13  400 617540 3.647710e-02 0.739
   7    2  500 771540 3.583440e-02 0.739
   7    1  600 925540 3.522250e-02 0.739
   7    1  700 1079540 3.508090e-02 0.739
   7   10  800 1233540 3.502487e-02 0.739
   7   10  900 1387540 3.501846e-02 0.739
   7    2 1000 1541540 3.501615e-02 0.761
   8    0    0   1540 5.892879e-02 0.609
   8    2  100 155540 3.680039e-02 0.698
   8    0  200 309540 3.376400e-02 0.732
   8    9  300 463540 3.329015e-02 0.732
   8    4  400 617540 3.326705e-02 0.734
   8   13  500 771540 3.324206e-02 0.743
   8    5  600 925540 3.322254e-02 0.743
   8   19  700 1079540 3.321033e-02 0.743
   8    3  800 1233540 3.317885e-02 0.743
   8   10  900 1387540 3.311766e-02 0.743
   8    1 1000 1541540 3.299078e-02 0.743
   9    0    0   1540 5.725876e-02 0.569
   9   12  100 155540 4.180439e-02 0.728
   9    0  200 309540 3.668713e-02 0.728
   9   11  300 463540 3.505865e-02 0.728
   9    7  400 617540 3.467360e-02 0.737
   9    8  500 771540 3.465813e-02 0.737
   9    4  600 925540 3.464332e-02 0.737
   9    0  700 1079540 3.423548e-02 0.737
   9    0  800 1233540 3.410604e-02 0.738
   9    8  900 1387540 3.390359e-02 0.755
   9    3 1000 1541540 3.389914e-02 0.755
  10    0    0   1540 5.188812e-02 0.570
  10    4  100 155540 3.463975e-02 0.686
  10   19  200 309540 3.440693e-02 0.686
  10   16  300 463540 3.440513e-02 0.686
  10   20  400 617540 3.436341e-02 0.686
  10    9  500 771540 3.434770e-02 0.733
  10    1  600 925540 3.430960e-02 0.733
  10    0  700 1079540 3.417449e-02 0.733
  10    0  800 1233540 3.416007e-02 0.733
  10   58  900 1387540 3.415458e-02 0.738
  10    3 1000 1541540 3.415194e-02 0.738
  11    0    0   1540 5.456390e-02 0.702
  11   13  100 155540 3.519490e-02 0.713
  11    0  200 309540 3.382060e-02 0.739
  11    0  300 463540 3.366423e-02 0.739
  11   35  400 617540 3.366423e-02 0.739
  11   19  500 771540 3.362143e-02 0.747
  11    2  600 925540 3.357811e-02 0.747
  11   14  700 1079540 3.350352e-02 0.766
  11   11  800 1233540 3.347052e-02 0.766
  11    1  900 1387540 3.335755e-02 0.766
  11    6 1000 1541540 3.290949e-02 0.766
  12    0    0   1540 5.100385e-02 0.615
  12   35  100 155540 3.462814e-02 0.717
  12    4  200 309540 3.462334e-02 0.717
  12   17  300 463540 3.460925e-02 0.717
  12   24  400 617540 3.460698e-02 0.717
  12   17  500 771540 3.457156e-02 0.717
  12   26  600 925540 3.456754e-02 0.717
  12    3  700 1079540 3.440023e-02 0.717
  12    9  800 1233540 3.438673e-02 0.717
  12    2  900 1387540 3.431219e-02 0.717
  12    4 1000 1541540 3.430953e-02 0.717
  13    0    0   1540 5.600307e-02 0.684
  13    1  100 155540 3.653632e-02 0.735
  13   14  200 309540 3.589762e-02 0.735
  13   23  300 463540 3.587617e-02 0.735
  13    5  400 617540 3.587416e-02 0.735
  13    7  500 771540 3.586856e-02 0.738
  13   10  600 925540 3.579834e-02 0.738
  13   21  700 1079540 3.573681e-02 0.738
  13    5  800 1233540 3.553201e-02 0.738
  13   21  900 1387540 3.551547e-02 0.738
  13    8 1000 1541540 3.513837e-02 0.738
  14    0    0   1540 5.649823e-02 0.594
  14    3  100 155540 4.376589e-02 0.730
  14    0  200 309540 3.881280e-02 0.730
  14    7  300 463540 3.706036e-02 0.730
  14   16  400 617540 3.689186e-02 0.730
  14   11  500 771540 3.654986e-02 0.730
  14   18  600 925540 3.616147e-02 0.730
  14    0  700 1079540 3.571804e-02 0.730
  14    0  800 1233540 3.559873e-02 0.730
  14    2  900 1387540 3.521668e-02 0.730
  14    4 1000 1541540 3.519615e-02 0.730
  15    0    0   1540 4.978607e-02 0.646
  15   12  100 155540 3.916400e-02 0.722
  15   54  200 309540 3.607801e-02 0.722
  15    1  300 463540 3.607677e-02 0.722
  15   16  400 617540 3.607500e-02 0.722
  15    1  500 771540 3.587301e-02 0.722
  15    0  600 925540 3.489150e-02 0.753
  15    0  700 1079540 3.263674e-02 0.753
  15    7  800 1233540 3.221926e-02 0.753
  15    4  900 1387540 3.213714e-02 0.761
  15    8 1000 1541540 3.213418e-02 0.761
  16    0    0   1540 5.029431e-02 0.581
  16   17  100 155540 3.723274e-02 0.713
  16    6  200 309540 3.713695e-02 0.747
  16   27  300 463540 3.712770e-02 0.747
  16   27  400 617540 3.711420e-02 0.747
  16    2  500 771540 3.703783e-02 0.747
  16    3  600 925540 3.702413e-02 0.747
  16   18  700 1079540 3.697352e-02 0.747
  16    1  800 1233540 3.607001e-02 0.759
  16    4  900 1387540 3.597698e-02 0.759
  16    5 1000 1541540 3.597172e-02 0.759
  17    0    0   1540 5.336425e-02 0.578
  17    0  100 155540 3.494158e-02 0.757
  17   11  200 309540 3.471130e-02 0.757
  17   10  300 463540 3.464686e-02 0.760
  17    5  400 617540 3.464512e-02 0.768
  17   15  500 771540 3.454209e-02 0.768
  17    5  600 925540 3.418695e-02 0.768
  17   11  700 1079540 3.412531e-02 0.803
  17    0  800 1233540 3.411766e-02 0.803
  17    0  900 1387540 3.410985e-02 0.803
  17    0 1000 1541540 3.408901e-02 0.803
  18    0    0   1540 5.680750e-02 0.569
  18   11  100 155540 3.982147e-02 0.727
  18    9  200 309540 3.672632e-02 0.727
  18    3  300 463540 3.660786e-02 0.727
  18    0  400 617540 3.656698e-02 0.727
  18   12  500 771540 3.652326e-02 0.727
  18    7  600 925540 3.647336e-02 0.736
  18    1  700 1079540 3.638510e-02 0.736
  18    1  800 1233540 3.634607e-02 0.736
  18    6  900 1387540 3.626864e-02 0.736
  18    3 1000 1541540 3.618882e-02 0.736
  19    0    0   1540 7.205657e-02 0.582
  19    2  100 155540 3.638470e-02 0.727
  19    1  200 309540 3.304827e-02 0.795
  19    0  300 463540 3.241758e-02 0.795
  19   16  400 617540 3.212769e-02 0.795
  19    3  500 771540 3.208013e-02 0.795
  19    4  600 925540 3.195113e-02 0.795
  19   61  700 1079540 3.190549e-02 0.795
  19    1  800 1233540 3.188458e-02 0.795
  19    2  900 1387540 3.181560e-02 0.795
  19    2 1000 1541540 3.180504e-02 0.795
  20    0    0   1540 4.636989e-02 0.644
  20    0  100 155540 3.564216e-02 0.700
  20    1  200 309540 3.492281e-02 0.700
  20    2  300 463540 3.469389e-02 0.700
  20    1  400 617540 3.452691e-02 0.726
  20   20  500 771540 3.451872e-02 0.734
  20    1  600 925540 3.448762e-02 0.741
  20    3  700 1079540 3.446988e-02 0.741
  20    0  800 1233540 3.445185e-02 0.741
  20    0  900 1387540 3.426764e-02 0.741
  20    3 1000 1541540 3.422265e-02 0.741
  21    0    0   1540 5.038718e-02 0.545
  21    3  100 155540 3.588588e-02 0.714
  21   74  200 309540 3.586017e-02 0.715
  21   26  300 463540 3.586013e-02 0.715
  21    6  400 617540 3.484741e-02 0.724
  21    3  500 771540 3.481343e-02 0.745
  21    4  600 925540 3.477104e-02 0.755
  21    1  700 1079540 3.438892e-02 0.767
  21    6  800 1233540 3.435448e-02 0.767
  21    1  900 1387540 3.431881e-02 0.779
  21    0 1000 1541540 3.427736e-02 0.779
  22    0    0   1540 5.982799e-02 0.596
  22    4  100 155540 3.596143e-02 0.751
  22   14  200 309540 3.319965e-02 0.753
  22    3  300 463540 3.301360e-02 0.753
  22    0  400 617540 3.272202e-02 0.783
  22   16  500 771540 3.268083e-02 0.794
  22   39  600 925540 3.268045e-02 0.794
  22   16  700 1079540 3.265950e-02 0.794
  22    0  800 1233540 3.265527e-02 0.794
  22    1  900 1387540 3.265220e-02 0.794
  22   16 1000 1541540 3.264500e-02 0.794
  23    0    0   1540 5.598645e-02 0.568
  23    0  100 155540 3.314665e-02 0.724
  23    9  200 309540 3.283373e-02 0.724
  23    3  300 463540 3.266911e-02 0.729
  23   14  400 617540 3.220082e-02 0.729
  23    6  500 771540 3.216270e-02 0.729
  23   18  600 925540 3.209959e-02 0.747
  23    1  700 1079540 3.199948e-02 0.747
  23   55  800 1233540 3.199725e-02 0.747
  23    0  900 1387540 3.196334e-02 0.747
  23   35 1000 1541540 3.192580e-02 0.747
  24    0    0   1540 4.723852e-02 0.573
  24    1  100 155540 4.322336e-02 0.694
  24    2  200 309540 3.845808e-02 0.722
  24    6  300 463540 3.719881e-02 0.722
  24    5  400 617540 3.713874e-02 0.730
  24    1  500 771540 3.657670e-02 0.730
  24    1  600 925540 3.643625e-02 0.730
  24    0  700 1079540 3.592423e-02 0.730
  24    4  800 1233540 3.509240e-02 0.730
  24    0  900 1387540 3.417957e-02 0.730
  24    6 1000 1541540 3.390258e-02 0.730
  25    0    0   1540 1.208649e-01 0.589
  25    0  100 155540 3.675136e-02 0.678
  25    8  200 309540 3.259155e-02 0.703
  25   16  300 463540 3.244667e-02 0.787
  25    4  400 617540 3.234530e-02 0.787
  25   58  500 771540 3.211845e-02 0.787
  25    8  600 925540 3.210586e-02 0.787
  25  108  700 1079540 3.210586e-02 0.787
  25    6  800 1233540 3.210417e-02 0.787
  25    6  900 1387540 3.210132e-02 0.787
  25   20 1000 1541540 3.209918e-02 0.787
  26    0    0   1540 5.792361e-02 0.590
  26   15  100 155540 4.071623e-02 0.808
  26    9  200 309540 3.999824e-02 0.808
  26    4  300 463540 3.896266e-02 0.808
  26    6  400 617540 3.868827e-02 0.808
  26    0  500 771540 3.783252e-02 0.808
  26   29  600 925540 3.777170e-02 0.808
  26    2  700 1079540 3.760506e-02 0.808
  26   14  800 1233540 3.758114e-02 0.808
  26   49  900 1387540 3.758110e-02 0.808
  26    3 1000 1541540 3.758108e-02 0.808
  27    0    0   1540 4.973533e-02 0.670
  27   19  100 155540 3.546201e-02 0.736
  27   10  200 309540 3.538176e-02 0.757
  27    4  300 463540 3.535969e-02 0.757
  27   22  400 617540 3.534461e-02 0.757
  27   48  500 771540 3.533069e-02 0.757
  27   76  600 925540 3.533066e-02 0.757
  27   33  700 1079540 3.531237e-02 0.769
  27   47  800 1233540 3.531132e-02 0.769
  27    5  900 1387540 3.519435e-02 0.769
  27   16 1000 1541540 3.519398e-02 0.769
  28    0    0   1540 6.274450e-02 0.592
  28    0  100 155540 4.085292e-02 0.789
  28   14  200 309540 4.060245e-02 0.789
  28   17  300 463540 4.058758e-02 0.789
  28    5  400 617540 4.058191e-02 0.789
  28   11  500 771540 4.037926e-02 0.789
  28    0  600 925540 3.636342e-02 0.789
  28    1  700 1079540 3.564728e-02 0.789
  28    0  800 1233540 3.515386e-02 0.789
  28    0  900 1387540 3.510308e-02 0.789
  28    6 1000 1541540 3.497380e-02 0.789
  29    0    0   1540 6.806210e-02 0.650
  29   22  100 155540 3.610684e-02 0.690
  29   53  200 309540 3.610599e-02 0.690
  29    1  300 463540 3.606222e-02 0.715
  29    9  400 617540 3.531277e-02 0.715
  29    3  500 771540 3.516954e-02 0.715
  29    2  600 925540 3.510520e-02 0.715
  29    2  700 1079540 3.453970e-02 0.729
  29    1  800 1233540 3.441165e-02 0.735
  29    0  900 1387540 3.401466e-02 0.735
  29    9 1000 1541540 3.400479e-02 0.735
