   0    0    0    420 3.109423e-01 0.959
   0    0  100  42420 1.310199e-01 0.980
   0    1  200  84420 1.309314e-01 0.980
   0    4  300 126420 1.298788e-01 0.980
   0   44  400 168420 1.298776e-01 0.981
   0    4  500 210420 1.298462e-01 0.981
   0   19  600 252420 1.297603e-01 0.981
   0    2  700 294420 1.295311e-01 0.981
   0    7  800 336420 1.294834e-01 0.981
   0    6  900 378420 1.294810e-01 0.981
   0    1 1000 420420 1.294755e-01 0.981
   1    0    0    420 4.752791e-01 0.947
   1    2  100  42420 1.408311e-01 0.981
   1    6  200  84420 1.386904e-01 0.982
   1    0  300 126420 1.303719e-01 0.982
   1    1  400 168420 1.299328e-01 0.982
   1   14  500 210420 1.298394e-01 0.982
   1    5  600 252420 1.293717e-01 0.982
   1   16  700 294420 1.293715e-01 0.982
   1   68  800 336420 1.293710e-01 0.982
   1    3  900 378420 1.292959e-01 0.982
   1    2 1000 420420 1.292389e-01 0.982
   2    0    0    420 2.882803e-01 0.955
   2    3  100  42420 1.392806e-01 0.980
   2   10  200  84420 1.381125e-01 0.981
   2   37  300 126420 1.376552e-01 0.981
   2   13  400 168420 1.350332e-01 0.982
   2   16  500 210420 1.347610e-01 0.982
   2    2  600 252420 1.321514e-01 0.982
   2    1  700 294420 1.317918e-01 0.982
   2    3  800 336420 1.313471e-01 0.983
   2    1  900 378420 1.312544e-01 0.983
   2    3 1000 420420 1.311171e-01 0.983
   3    0    0    420 3.670484e-01 0.954
   3   23  100  42420 1.447080e-01 0.981
   3    1  200  84420 1.334724e-01 0.981
   3   27  300 126420 1.334470e-01 0.981
   3    5  400 168420 1.310839e-01 0.981
   3    7  500 210420 1.301375e-01 0.981
   3    8  600 252420 1.295708e-01 0.981
   3   13  700 294420 1.295498e-01 0.981
   3    5  800 336420 1.295032e-01 0.981
   3    8  900 378420 1.292783e-01 0.981
   3   11 1000 420420 1.292191e-01 0.981
   4    0    0    420 4.800432e-01 0.945
   4    5  100  42420 1.330167e-01 0.982
   4    1  200  84420 1.320527e-01 0.982
   4    4  300 126420 1.317818e-01 0.982
   4    7  400 168420 1.311260e-01 0.982
   4   31  500 210420 1.307004e-01 0.982
   4   24  600 252420 1.305706e-01 0.982
   4    4  700 294420 1.304323e-01 0.982
   4    6  800 336420 1.302000e-01 0.982
   4    1  900 378420 1.301662e-01 0.982
   4   11 1000 420420 1.299033e-01 0.982
   5    0    0    420 3.096452e-01 0.943
   5    0  100  42420 1.366755e-01 0.981
   5   17  200  84420 1.319946e-01 0.982
   5    1  300 126420 1.319633e-01 0.982
   5    5  400 168420 1.309224e-01 0.982
   5    2  500 210420 1.298447e-01 0.982
   5    5  600 252420 1.295601e-01 0.983
   5    5  700 294420 1.295033e-01 0.983
   5   96  800 336420 1.295026e-01 0.983
   5    4  900 378420 1.294658e-01 0.983
   5    0 1000 420420 1.293651e-01 0.983
   6    0    0    420 3.832884e-01 0.952
   6    1  100  42420 1.336588e-01 0.980
   6   22  200  84420 1.332243e-01 0.980
   6   12  300 126420 1.309267e-01 0.982
   6   15  400 168420 1.307285e-01 0.982
   6   69  500 210420 1.306705e-01 0.982
   6   11  600 252420 1.303453e-01 0.982
   6    6  700 294420 1.299241e-01 0.982
   6    2  800 336420 1.298724e-01 0.982
   6    2  900 378420 1.296321e-01 0.982
   6    1 1000 420420 1.293337e-01 0.982
   7    0    0    420 3.363780e-01 0.949
   7    3  100  42420 1.377685e-01 0.979
   7    9  200  84420 1.333745e-01 0.980
   7    5  300 126420 1.315863e-01 0.981
   7    9  400 168420 1.310719e-01 0.981
   7    0  500 210420 1.301418e-01 0.981
   7   81  600 252420 1.299993e-01 0.981
   7    0  700 294420 1.299533e-01 0.981
   7    1  800 336420 1.299099e-01 0.981
   7    1  900 378420 1.298754e-01 0.981
   7   14 1000 420420 1.297828e-01 0.981
   8    0    0    420 2.662325e-01 0.957
   8    5  100  42420 1.422948e-01 0.978
   8    2  200  84420 1.409148e-01 0.981
   8   12  300 126420 1.373680e-01 0.981
   8    0  400 168420 1.351766e-01 0.981
   8    2  500 210420 1.338776e-01 0.981
   8   13  600 252420 1.328142e-01 0.981
   8    0  700 294420 1.323061e-01 0.981
   8    7  800 336420 1.321394e-01 0.981
   8    1  900 378420 1.317226e-01 0.981
   8    2 1000 420420 1.303521e-01 0.981
   9    0    0    420 3.186086e-01 0.953
   9    2  100  42420 1.368559e-01 0.981
   9   51  200  84420 1.304104e-01 0.981
   9    0  300 126420 1.302121e-01 0.981
   9   35  400 168420 1.299502e-01 0.982
   9   53  500 210420 1.299341e-01 0.982
   9    8  600 252420 1.294081e-01 0.982
   9   23  700 294420 1.293551e-01 0.982
   9   73  800 336420 1.293537e-01 0.982
   9    8  900 378420 1.293528e-01 0.982
   9    0 1000 420420 1.293216e-01 0.982
  10    0    0    420 1.966422e-01 0.968
  10    0  100  42420 1.437103e-01 0.975
  10   20  200  84420 1.429188e-01 0.977
  10    1  300 126420 1.379318e-01 0.980
  10    1  400 168420 1.304712e-01 0.981
  10   13  500 210420 1.303676e-01 0.982
  10    0  600 252420 1.302521e-01 0.982
  10   13  700 294420 1.301147e-01 0.982
  10    0  800 336420 1.300150e-01 0.982
  10   40  900 378420 1.299418e-01 0.982
  10    4 1000 420420 1.299178e-01 0.982
  11    0    0    420 2.800746e-01 0.946
  11    1  100  42420 1.451064e-01 0.980
  11    3  200  84420 1.327868e-01 0.981
  11   15  300 126420 1.314901e-01 0.981
  11   25  400 168420 1.304089e-01 0.981
  11   19  500 210420 1.303350e-01 0.981
  11    6  600 252420 1.302165e-01 0.982
  11    2  700 294420 1.299997e-01 0.982
  11    1  800 336420 1.297028e-01 0.982
  11    3  900 378420 1.294149e-01 0.982
  11    4 1000 420420 1.292972e-01 0.982
  12    0    0    420 3.136171e-01 0.943
  12    6  100  42420 1.374804e-01 0.979
  12    1  200  84420 1.326366e-01 0.980
  12   27  300 126420 1.314104e-01 0.981
  12   10  400 168420 1.303194e-01 0.981
  12   29  500 210420 1.302468e-01 0.981
  12   24  600 252420 1.299557e-01 0.981
  12    1  700 294420 1.298371e-01 0.981
  12    1  800 336420 1.292848e-01 0.981
  12   19  900 378420 1.292627e-01 0.981
  12   15 1000 420420 1.292359e-01 0.981
  13    0    0    420 2.299768e-01 0.947
  13    0  100  42420 1.394801e-01 0.976
  13   32  200  84420 1.375018e-01 0.978
  13    2  300 126420 1.312927e-01 0.980
  13    0  400 168420 1.306625e-01 0.981
  13    9  500 210420 1.303942e-01 0.981
  13    6  600 252420 1.303266e-01 0.981
  13   19  700 294420 1.299268e-01 0.981
  13    0  800 336420 1.292267e-01 0.981
  13   32  900 378420 1.292245e-01 0.981
  13   33 1000 420420 1.292042e-01 0.981
  14    0    0    420 3.305274e-01 0.957
  14    0  100  42420 1.390343e-01 0.980
  14    8  200  84420 1.384067e-01 0.980
  14    2  300 126420 1.374506e-01 0.981
  14   23  400 168420 1.373216e-01 0.981
  14    3  500 210420 1.370877e-01 0.981
  14   17  600 252420 1.361825e-01 0.981
  14   33  700 294420 1.361610e-01 0.981
  14   48  800 336420 1.361603e-01 0.981
  14    0  900 378420 1.360643e-01 0.981
  14    0 1000 420420 1.349211e-01 0.981
  15    0    0    420 3.808423e-01 0.948
  15    0  100  42420 1.353045e-01 0.980
  15   30  200  84420 1.308736e-01 0.982
  15    7  300 126420 1.307349e-01 0.982
  15    6  400 168420 1.304582e-01 0.982
  15   75  500 210420 1.304510e-01 0.982
  15   71  600 252420 1.299603e-01 0.982
  15    1  700 294420 1.295581e-01 0.982
  15    2  800 336420 1.295057e-01 0.982
  15   12  900 378420 1.291608e-01 0.982
  15    1 1000 420420 1.291521e-01 0.982
  16    0    0    420 3.790220e-01 0.934
  16    5  100  42420 1.387567e-01 0.981
  16    4  200  84420 1.339507e-01 0.981
  16   44  300 126420 1.328130e-01 0.981
  16   16  400 168420 1.307681e-01 0.981
  16   11  500 210420 1.304062e-01 0.982
  16   10  600 252420 1.301770e-01 0.982
  16    4  700 294420 1.297181e-01 0.982
  16    2  800 336420 1.296786e-01 0.982
  16    1  900 378420 1.295505e-01 0.982
  16    7 1000 420420 1.294173e-01 0.982
  17    0    0    420 3.299632e-01 0.945
  17    8  100  42420 1.462830e-01 0.978
  17    1  200  84420 1.358682e-01 0.981
  17    4  300 126420 1.308200e-01 0.981
  17   18  400 168420 1.300832e-01 0.981
  17   12  500 210420 1.292189e-01 0.981
  17   83  600 252420 1.292049e-01 0.981
  17  183  700 294420 1.292049e-01 0.981
  17   57  800 336420 1.292049e-01 0.981
  17   73  900 378420 1.292025e-01 0.981
  17   34 1000 420420 1.291796e-01 0.981
  18    0    0    420 2.658318e-01 0.956
  18    0  100  42420 1.379737e-01 0.979
  18   10  200  84420 1.376324e-01 0.981
  18    0  300 126420 1.328332e-01 0.981
  18   19  400 168420 1.317121e-01 0.981
  18   36  500 210420 1.315499e-01 0.981
  18   54  600 252420 1.313875e-01 0.981
  18    3  700 294420 1.309928e-01 0.981
  18   11  800 336420 1.299448e-01 0.981
  18    1  900 378420 1.299268e-01 0.981
  18    2 1000 420420 1.298285e-01 0.981
  19    0    0    420 3.029563e-01 0.953
  19    3  100  42420 1.385709e-01 0.980
  19    1  200  84420 1.328239e-01 0.981
  19    0  300 126420 1.322785e-01 0.982
  19    6  400 168420 1.303144e-01 0.982
  19    5  500 210420 1.302002e-01 0.982
  19    1  600 252420 1.294731e-01 0.982
  19   17  700 294420 1.293622e-01 0.982
  19    4  800 336420 1.293244e-01 0.982
  19    6  900 378420 1.292498e-01 0.982
  19   23 1000 420420 1.292053e-01 0.982
  20    0    0    420 2.826853e-01 0.976
  20    2  100  42420 1.538808e-01 0.981
  20   20  200  84420 1.316041e-01 0.981
  20    6  300 126420 1.312568e-01 0.981
  20   20  400 168420 1.311076e-01 0.981
  20   28  500 210420 1.302678e-01 0.981
  20   13  600 252420 1.302282e-01 0.981
  20   12  700 294420 1.302072e-01 0.981
  20   24  800 336420 1.302050e-01 0.981
  20    0  900 378420 1.295495e-01 0.981
  20    4 1000 420420 1.294554e-01 0.981
  21    0    0    420 2.517511e-01 0.953
  21    1  100  42420 1.370839e-01 0.981
  21    1  200  84420 1.369856e-01 0.981
  21   42  300 126420 1.344621e-01 0.981
  21   26  400 168420 1.343729e-01 0.981
  21    1  500 210420 1.319845e-01 0.981
  21    2  600 252420 1.312215e-01 0.981
  21   31  700 294420 1.298603e-01 0.981
  21   17  800 336420 1.297013e-01 0.981
  21   13  900 378420 1.293621e-01 0.981
  21    7 1000 420420 1.293244e-01 0.981
  22    0    0    420 3.277513e-01 0.948
  22   14  100  42420 1.301401e-01 0.978
  22   16  200  84420 1.297564e-01 0.981
  22    1  300 126420 1.297074e-01 0.981
  22   24  400 168420 1.296840e-01 0.981
  22    7  500 210420 1.295813e-01 0.981
  22    2  600 252420 1.295099e-01 0.981
  22   21  700 294420 1.294919e-01 0.981
  22    4  800 336420 1.293867e-01 0.981
  22    3  900 378420 1.293729e-01 0.981
  22    4 1000 420420 1.293464e-01 0.981
  23    0    0    420 3.801497e-01 0.950
  23   10  100  42420 1.459677e-01 0.976
  23    6  200  84420 1.320369e-01 0.979
  23   17  300 126420 1.297570e-01 0.981
  23   10  400 168420 1.296779e-01 0.981
  23   10  500 210420 1.295932e-01 0.981
  23    1  600 252420 1.291655e-01 0.982
  23   45  700 294420 1.291653e-01 0.982
  23   13  800 336420 1.291651e-01 0.982
  23   38  900 378420 1.291649e-01 0.982
  23   41 1000 420420 1.291599e-01 0.982
  24    0    0    420 3.691994e-01 0.943
  24    0  100  42420 1.463077e-01 0.979
  24   13  200  84420 1.326642e-01 0.982
  24   23  300 126420 1.314313e-01 0.982
  24    4  400 168420 1.299802e-01 0.982
  24   11  500 210420 1.299237e-01 0.982
  24    6  600 252420 1.298791e-01 0.982
  24    2  700 294420 1.296804e-01 0.982
  24    7  800 336420 1.292354e-01 0.982
  24   17  900 378420 1.292075e-01 0.982
  24    4 1000 420420 1.291698e-01 0.982
  25    0    0    420 2.709342e-01 0.948
  25    1  100  42420 1.427585e-01 0.978
  25    3  200  84420 1.300770e-01 0.981
  25   10  300 126420 1.300080e-01 0.981
  25   28  400 168420 1.297677e-01 0.981
  25   26  500 210420 1.295507e-01 0.981
  25    2  600 252420 1.294522e-01 0.981
  25    1  700 294420 1.294401e-01 0.981
  25   35  800 336420 1.294046e-01 0.981
  25    1  900 378420 1.293297e-01 0.981
  25    0 1000 420420 1.291771e-01 0.981
  26    0    0    420 3.777783e-01 0.949
  26    1  100  42420 1.347411e-01 0.980
  26    0  200  84420 1.334842e-01 0.982
  26   14  300 126420 1.325763e-01 0.982
  26   11  400 168420 1.323981e-01 0.982
  26    2  500 210420 1.312382e-01 0.982
  26    0  600 252420 1.298106e-01 0.982
  26   16  700 294420 1.295580e-01 0.982
  26    6  800 336420 1.294829e-01 0.982
  26    2  900 378420 1.294424e-01 0.982
  26   16 1000 420420 1.293900e-01 0.982
  27    0    0    420 3.516620e-01 0.951
  27    7  100  42420 1.359634e-01 0.980
  27    9  200  84420 1.312503e-01 0.981
  27    1  300 126420 1.310966e-01 0.982
  27    9  400 168420 1.302603e-01 0.982
  27   13  500 210420 1.298340e-01 0.982
  27    0  600 252420 1.297133e-01 0.982
  27   16  700 294420 1.295387e-01 0.982
  27    6  800 336420 1.294541e-01 0.983
  27   32  900 378420 1.294125e-01 0.983
  27   15 1000 420420 1.293917e-01 0.983
  28    0    0    420 4.130962e-01 0.936
  28    0  100  42420 1.354832e-01 0.980
  28    4  200  84420 1.328608e-01 0.980
  28    9  300 126420 1.322576e-01 0.981
  28    2  400 168420 1.319555e-01 0.981
  28   16  500 210420 1.318318e-01 0.982
  28   24  600 252420 1.311859e-01 0.982
  28    4  700 294420 1.310722e-01 0.982
  28    0  800 336420 1.302989e-01 0.982
  28    2  900 378420 1.301504e-01 0.982
  28    1 1000 420420 1.294824e-01 0.982
  29    0    0    420 3.017425e-01 0.945
  29   14  100  42420 1.450465e-01 0.979
  29    2  200  84420 1.372600e-01 0.981
  29   20  300 126420 1.369325e-01 0.981
  29    2  400 168420 1.319455e-01 0.981
  29    5  500 210420 1.319094e-01 0.981
  29    0  600 252420 1.308601e-01 0.981
  29    9  700 294420 1.305629e-01 0.981
  29    1  800 336420 1.302761e-01 0.981
  29    2  900 378420 1.301677e-01 0.981
  29    0 1000 420420 1.296765e-01 0.981
