   0    0    0    420 1.979996e-01 0.251
   0    0  100  42420 1.222146e-01 0.426
   0    3  200  84420 1.221893e-01 0.426
   0    0  300 126420 1.166189e-01 0.526
   0    5  400 168420 1.090429e-01 0.557
   0   12  500 210420 1.086519e-01 0.557
   0   33  600 252420 1.086419e-01 0.557
   0   11  700 294420 1.086158e-01 0.557
   0   16  800 336420 1.084736e-01 0.557
   0   17  900 378420 1.083945e-01 0.574
   0    0 1000 420420 1.083469e-01 0.574
   1    0    0    420 2.117827e-01 0.195
   1    3  100  42420 1.153795e-01 0.268
   1   20  200  84420 1.145522e-01 0.268
   1    2  300 126420 1.145521e-01 0.268
   1    2  400 168420 1.103876e-01 0.341
   1   41  500 210420 1.103165e-01 0.341
   1    2  600 252420 1.092628e-01 0.341
   1   15  700 294420 1.089510e-01 0.341
   1   36  800 336420 1.089231e-01 0.481
   1    8  900 378420 1.085266e-01 0.481
   1   43 1000 420420 1.085034e-01 0.481
   2    0    0    420 2.621923e-01 0.085
   2    8  100  42420 1.188671e-01 0.279
   2   27  200  84420 1.188199e-01 0.279
   2   10  300 126420 1.168366e-01 0.279
   2    2  400 168420 1.156810e-01 0.279
   2   14  500 210420 1.134659e-01 0.279
   2    4  600 252420 1.084328e-01 0.329
   2    7  700 294420 1.083453e-01 0.337
   2   47  800 336420 1.083309e-01 0.337
   2  147  900 378420 1.083309e-01 0.337
   2   99 1000 420420 1.083307e-01 0.337
   3    0    0    420 3.421666e-01 0.183
   3    1  100  42420 1.297950e-01 0.567
   3   17  200  84420 1.284440e-01 0.567
   3   24  300 126420 1.284438e-01 0.567
   3    0  400 168420 1.150068e-01 0.567
   3    0  500 210420 1.106992e-01 0.567
   3   11  600 252420 1.100870e-01 0.567
   3   27  700 294420 1.092971e-01 0.567
   3   36  800 336420 1.092971e-01 0.567
   3    4  900 378420 1.089973e-01 0.567
   3    2 1000 420420 1.089378e-01 0.567
   4    0    0    420 2.616318e-01 0.139
   4    0  100  42420 1.264720e-01 0.610
   4   21  200  84420 1.251594e-01 0.610
   4   32  300 126420 1.251593e-01 0.610
   4   43  400 168420 1.251593e-01 0.610
   4    1  500 210420 1.235183e-01 0.610
   4    1  600 252420 1.133549e-01 0.610
   4   21  700 294420 1.106467e-01 0.610
   4   15  800 336420 1.105202e-01 0.610
   4    0  900 378420 1.092871e-01 0.610
   4   61 1000 420420 1.091325e-01 0.610
   5    0    0    420 4.701326e-01 0.217
   5    5  100  42420 1.287529e-01 0.563
   5   47  200  84420 1.284109e-01 0.563
   5    5  300 126420 1.184533e-01 0.563
   5   22  400 168420 1.168346e-01 0.600
   5    2  500 210420 1.157712e-01 0.600
   5    4  600 252420 1.157379e-01 0.600
   5    0  700 294420 1.114335e-01 0.600
   5   10  800 336420 1.075192e-01 0.600
   5    1  900 378420 1.074340e-01 0.600
   5   16 1000 420420 1.070258e-01 0.600
   6    0    0    420 2.216476e-01 0.129
   6    1  100  42420 1.247181e-01 0.317
   6   70  200  84420 1.240043e-01 0.317
   6   12  300 126420 1.239422e-01 0.317
   6   14  400 168420 1.236554e-01 0.317
   6   34  500 210420 1.236447e-01 0.501
   6    1  600 252420 1.210267e-01 0.501
   6    1  700 294420 1.190243e-01 0.501
   6   13  800 336420 1.106450e-01 0.501
   6    6  900 378420 1.084612e-01 0.501
   6   56 1000 420420 1.082383e-01 0.501
   7    0    0    420 2.768094e-01 0.090
   7   12  100  42420 1.280683e-01 0.487
   7   15  200  84420 1.171231e-01 0.487
   7    2  300 126420 1.154452e-01 0.487
   7   11  400 168420 1.152509e-01 0.487
   7    0  500 210420 1.092833e-01 0.487
   7    4  600 252420 1.085056e-01 0.487
   7   34  700 294420 1.084838e-01 0.487
   7   22  800 336420 1.082507e-01 0.487
   7   27  900 378420 1.082455e-01 0.499
   7    3 1000 420420 1.082282e-01 0.499
   8    0    0    420 2.616188e-01 0.097
   8    6  100  42420 1.194765e-01 0.362
   8   49  200  84420 1.124803e-01 0.362
   8    1  300 126420 1.121473e-01 0.362
   8   57  400 168420 1.121440e-01 0.362
   8    8  500 210420 1.113994e-01 0.362
   8    1  600 252420 1.101663e-01 0.367
   8   14  700 294420 1.099149e-01 0.435
   8  114  800 336420 1.099149e-01 0.435
   8    6  900 378420 1.091566e-01 0.435
   8    3 1000 420420 1.088221e-01 0.435
   9    0    0    420 3.677350e-01 0.119
   9    1  100  42420 1.285147e-01 0.313
   9    0  200  84420 1.114198e-01 0.313
   9   74  300 126420 1.113689e-01 0.313
   9    1  400 168420 1.111500e-01 0.476
   9   23  500 210420 1.107848e-01 0.476
   9   41  600 252420 1.107745e-01 0.476
   9   25  700 294420 1.107485e-01 0.476
   9    6  800 336420 1.106191e-01 0.476
   9    1  900 378420 1.091750e-01 0.476
   9   19 1000 420420 1.089198e-01 0.539
  10    0    0    420 2.367092e-01 0.158
  10    7  100  42420 1.243340e-01 0.369
  10   21  200  84420 1.211634e-01 0.546
  10   16  300 126420 1.211633e-01 0.546
  10  116  400 168420 1.211633e-01 0.546
  10   15  500 210420 1.211633e-01 0.546
  10    9  600 252420 1.180352e-01 0.546
  10   38  700 294420 1.091898e-01 0.546
  10   46  800 336420 1.083523e-01 0.546
  10   31  900 378420 1.083503e-01 0.546
  10   18 1000 420420 1.083474e-01 0.546
  11    0    0    420 2.738091e-01 0.105
  11    0  100  42420 1.096760e-01 0.312
  11    4  200  84420 1.058112e-01 0.405
  11   75  300 126420 1.053391e-01 0.420
  11   15  400 168420 1.053387e-01 0.597
  11    3  500 210420 1.047939e-01 0.597
  11   20  600 252420 1.047195e-01 0.597
  11    0  700 294420 1.042704e-01 0.597
  11    4  800 336420 1.042163e-01 0.597
  11    0  900 378420 1.039234e-01 0.597
  11    9 1000 420420 1.038464e-01 0.597
  12    0    0    420 1.086741e+00 0.185
  12   20  100  42420 1.234335e-01 0.312
  12    0  200  84420 1.227115e-01 0.402
  12    9  300 126420 1.223427e-01 0.402
  12    0  400 168420 1.218636e-01 0.402
  12   39  500 210420 1.216328e-01 0.402
  12    3  600 252420 1.206339e-01 0.402
  12    0  700 294420 1.182529e-01 0.402
  12    0  800 336420 1.087189e-01 0.402
  12   24  900 378420 1.085908e-01 0.402
  12   36 1000 420420 1.085841e-01 0.402
  13    0    0    420 2.393003e-01 0.151
  13    2  100  42420 1.218552e-01 0.298
  13    1  200  84420 1.105872e-01 0.466
  13    1  300 126420 1.102946e-01 0.489
  13   47  400 168420 1.098650e-01 0.489
  13   24  500 210420 1.098650e-01 0.489
  13  124  600 252420 1.098650e-01 0.489
  13   10  700 294420 1.098591e-01 0.489
  13  110  800 336420 1.098591e-01 0.489
  13    0  900 378420 1.092398e-01 0.489
  13   12 1000 420420 1.085167e-01 0.489
  14    0    0    420 3.101597e-01 0.074
  14    3  100  42420 1.364115e-01 0.449
  14   33  200  84420 1.306639e-01 0.449
  14    9  300 126420 1.305121e-01 0.449
  14   24  400 168420 1.295010e-01 0.449
  14   11  500 210420 1.235192e-01 0.449
  14    0  600 252420 1.235036e-01 0.449
  14    0  700 294420 1.130495e-01 0.449
  14    1  800 336420 1.109558e-01 0.449
  14   17  900 378420 1.103855e-01 0.449
  14    3 1000 420420 1.085764e-01 0.449
  15    0    0    420 7.299815e-01 0.088
  15    4  100  42420 1.205857e-01 0.358
  15    2  200  84420 1.205718e-01 0.358
  15   42  300 126420 1.205690e-01 0.372
  15    1  400 168420 1.186232e-01 0.396
  15    2  500 210420 1.157922e-01 0.396
  15    5  600 252420 1.101247e-01 0.396
  15    2  700 294420 1.090633e-01 0.396
  15    2  800 336420 1.088180e-01 0.396
  15    0  900 378420 1.086811e-01 0.396
  15   62 1000 420420 1.086716e-01 0.396
  16    0    0    420 2.447202e-01 0.219
  16    0  100  42420 1.129245e-01 0.376
  16   46  200  84420 1.126510e-01 0.504
  16    2  300 126420 1.126480e-01 0.504
  16   89  400 168420 1.126274e-01 0.504
  16    0  500 210420 1.125609e-01 0.504
  16   28  600 252420 1.124797e-01 0.504
  16    5  700 294420 1.109787e-01 0.504
  16   35  800 336420 1.107162e-01 0.504
  16    6  900 378420 1.101785e-01 0.504
  16    2 1000 420420 1.093168e-01 0.504
  17    0    0    420 3.421045e-01 0.097
  17    5  100  42420 1.234059e-01 0.473
  17    7  200  84420 1.106166e-01 0.473
  17    2  300 126420 1.084769e-01 0.473
  17   30  400 168420 1.082179e-01 0.473
  17  130  500 210420 1.082179e-01 0.473
  17   70  600 252420 1.082163e-01 0.473
  17  170  700 294420 1.082163e-01 0.473
  17  270  800 336420 1.082163e-01 0.473
  17   16  900 378420 1.082163e-01 0.498
  17   28 1000 420420 1.082162e-01 0.498
  18    0    0    420 1.955783e-01 0.078
  18    0  100  42420 1.307550e-01 0.382
  18   26  200  84420 1.189108e-01 0.382
  18   10  300 126420 1.152769e-01 0.382
  18    1  400 168420 1.134916e-01 0.382
  18    6  500 210420 1.134340e-01 0.410
  18    0  600 252420 1.114343e-01 0.547
  18    6  700 294420 1.107491e-01 0.547
  18   25  800 336420 1.104534e-01 0.547
  18    8  900 378420 1.097149e-01 0.592
  18   26 1000 420420 1.095833e-01 0.592
  19    0    0    420 2.398504e-01 0.074
  19   15  100  42420 1.271686e-01 0.544
  19    3  200  84420 1.134356e-01 0.544
  19   39  300 126420 1.130723e-01 0.544
  19    0  400 168420 1.129756e-01 0.544
  19   58  500 210420 1.129755e-01 0.544
  19   10  600 252420 1.123550e-01 0.544
  19   11  700 294420 1.089725e-01 0.544
  19   15  800 336420 1.089248e-01 0.544
  19   11  900 378420 1.087104e-01 0.544
  19   19 1000 420420 1.086586e-01 0.544
  20    0    0    420 7.949497e-01 0.167
  20    0  100  42420 1.255007e-01 0.418
  20   13  200  84420 1.217273e-01 0.439
  20   16  300 126420 1.210229e-01 0.487
  20   24  400 168420 1.209825e-01 0.487
  20   58  500 210420 1.209768e-01 0.487
  20   32  600 252420 1.188477e-01 0.487
  20   16  700 294420 1.109121e-01 0.487
  20   17  800 336420 1.107673e-01 0.487
  20    2  900 378420 1.095707e-01 0.487
  20    7 1000 420420 1.090320e-01 0.487
  21    0    0    420 2.626853e-01 0.117
  21    4  100  42420 1.220375e-01 0.364
  21    5  200  84420 1.208299e-01 0.437
  21   28  300 126420 1.207625e-01 0.437
  21   29  400 168420 1.207474e-01 0.452
  21   82  500 210420 1.207400e-01 0.457
  21   21  600 252420 1.206730e-01 0.457
  21    3  700 294420 1.206234e-01 0.457
  21   13  800 336420 1.206143e-01 0.457
  21    5  900 378420 1.094881e-01 0.457
  21   12 1000 420420 1.085302e-01 0.457
  22    0    0    420 8.567954e-01 0.112
  22    1  100  42420 1.135445e-01 0.360
  22    0  200  84420 1.096565e-01 0.389
  22    9  300 126420 1.091143e-01 0.506
  22   51  400 168420 1.089707e-01 0.506
  22   16  500 210420 1.066171e-01 0.506
  22  116  600 252420 1.066171e-01 0.506
  22   68  700 294420 1.066171e-01 0.514
  22  168  800 336420 1.066171e-01 0.514
  22   51  900 378420 1.066162e-01 0.514
  22    9 1000 420420 1.066162e-01 0.514
  23    0    0    420 4.359485e-01 0.203
  23   23  100  42420 1.413539e-01 0.320
  23    5  200  84420 1.390722e-01 0.325
  23   37  300 126420 1.386304e-01 0.325
  23   55  400 168420 1.381193e-01 0.325
  23    7  500 210420 1.204972e-01 0.325
  23   51  600 252420 1.204920e-01 0.325
  23   22  700 294420 1.200732e-01 0.458
  23    1  800 336420 1.088236e-01 0.458
  23   14  900 378420 1.086193e-01 0.458
  23    8 1000 420420 1.083284e-01 0.458
  24    0    0    420 2.363225e-01 0.088
  24   18  100  42420 1.230452e-01 0.369
  24   12  200  84420 1.230452e-01 0.369
  24   26  300 126420 1.144693e-01 0.369
  24    2  400 168420 1.127395e-01 0.369
  24   20  500 210420 1.104656e-01 0.369
  24    2  600 252420 1.103997e-01 0.369
  24    3  700 294420 1.100047e-01 0.369
  24    9  800 336420 1.099794e-01 0.369
  24    2  900 378420 1.093275e-01 0.369
  24    1 1000 420420 1.086773e-01 0.369
  25    0    0    420 2.343234e-01 0.075
  25    1  100  42420 1.131031e-01 0.381
  25    2  200  84420 1.107306e-01 0.392
  25   51  300 126420 1.107252e-01 0.500
  25    1  400 168420 1.105341e-01 0.500
  25   11  500 210420 1.100608e-01 0.500
  25    0  600 252420 1.051365e-01 0.524
  25    6  700 294420 1.043325e-01 0.524
  25    3  800 336420 1.041619e-01 0.536
  25   37  900 378420 1.040930e-01 0.536
  25   12 1000 420420 1.040412e-01 0.536
  26    0    0    420 3.321095e-01 0.101
  26    1  100  42420 1.203049e-01 0.412
  26    6  200  84420 1.201982e-01 0.412
  26   11  300 126420 1.125348e-01 0.412
  26   46  400 168420 1.125348e-01 0.412
  26   21  500 210420 1.099314e-01 0.412
  26   54  600 252420 1.084327e-01 0.412
  26   33  700 294420 1.084322e-01 0.437
  26   29  800 336420 1.084322e-01 0.437
  26  129  900 378420 1.084322e-01 0.437
  26    2 1000 420420 1.082705e-01 0.437
  27    0    0    420 2.365176e-01 0.161
  27    2  100  42420 1.336026e-01 0.296
  27    5  200  84420 1.086449e-01 0.296
  27    0  300 126420 1.085760e-01 0.315
  27    2  400 168420 1.085751e-01 0.315
  27   46  500 210420 1.085750e-01 0.315
  27    0  600 252420 1.084389e-01 0.315
  27   59  700 294420 1.083905e-01 0.315
  27   11  800 336420 1.083851e-01 0.315
  27   11  900 378420 1.083595e-01 0.439
  27    4 1000 420420 1.083491e-01 0.439
  28    0    0    420 2.354803e-01 0.270
  28    6  100  42420 1.628113e-01 0.270
  28    0  200  84420 1.292190e-01 0.433
  28    0  300 126420 1.223244e-01 0.488
  28   15  400 168420 1.199961e-01 0.488
  28   11  500 210420 1.153565e-01 0.488
  28    3  600 252420 1.152020e-01 0.488
  28    0  700 294420 1.103499e-01 0.488
  28   26  800 336420 1.092663e-01 0.488
  28    0  900 378420 1.087181e-01 0.488
  28    9 1000 420420 1.085544e-01 0.488
  29    0    0    420 2.483547e-01 0.091
  29    9  100  42420 1.172501e-01 0.327
  29   11  200  84420 1.137591e-01 0.560
  29    2  300 126420 1.136049e-01 0.560
  29   18  400 168420 1.135513e-01 0.560
  29   19  500 210420 1.135446e-01 0.560
  29   56  600 252420 1.135377e-01 0.560
  29   43  700 294420 1.134493e-01 0.560
  29   11  800 336420 1.134463e-01 0.560
  29    0  900 378420 1.108694e-01 0.560
  29    1 1000 420420 1.051538e-01 0.560
