Seed:1583287963
N:0 Run:0 0.666511 0.676283 0.641238 0.481662 0.38035 0.27404 0.234891 0.286027 0.268811 0.226843 0.223955 0.209179 0.321312 0.501341 0.578824 0.634822 0.664602 0.668975 0.662292 0.662829 0.665868 3.659015e-01 0.531
N:0 Run:1 0.69278 0.667966 0.620199 0.562845 0.65989 0.654131 0.646108 0.60447 0.617244 0.6608 0.673339 0.604323 0.592433 0.665278 0.646896 0.6503 0.672385 0.670844 0.556848 0.652998 0.658875 3.659015e-01 0.531
N:0 Run:2 0.702555 0.66152 0.164601 0.163984 0.163984 0.163984 0.163984 0.163984 0.163984 0.163984 0.163984 0.163984 0.244273 0.519465 0.514649 0.64287 0.663849 0.678579 0.618365 0.662439 0.672924 3.659015e-01 0.531
N:0 Run:3 0.729151 0.673882 0.678488 0.66671 0.667492 0.669926 0.679552 0.666523 0.673576 0.6764 0.666733 0.677484 0.677519 0.677781 0.676725 0.666473 0.666627 0.670104 0.640338 0.636491 0.650756 3.659015e-01 0.531
N:0 Run:4 0.714716 0.660901 0.678276 0.664707 0.612276 0.654775 0.617035 0.681081 0.67911 0.67977 0.670914 0.67514 0.678669 0.647875 0.667904 0.676718 0.610083 0.678363 0.6727 0.675814 0.66033 3.659015e-01 0.531
N:1 Run:0 0.666511 0.676283 0.641238 0.481662 0.38035 0.27404 0.234891 0.286027 0.268811 0.226843 0.223955 0.209179 0.321312 0.501341 0.578824 0.634822 0.664602 0.668975 0.662292 0.662829 0.665868 3.993678e-01 0.478
N:1 Run:1 0.69278 0.667966 0.620199 0.562845 0.65989 0.654131 0.646108 0.60447 0.617244 0.6608 0.673339 0.604323 0.592433 0.665278 0.646896 0.6503 0.672385 0.670844 0.556848 0.652998 0.658875 3.993678e-01 0.478
N:1 Run:2 0.702555 0.66152 0.164601 0.163984 0.163984 0.163984 0.163984 0.163984 0.163984 0.163984 0.163984 0.163984 0.244273 0.519465 0.514649 0.64287 0.663849 0.678579 0.618365 0.662439 0.672924 3.993678e-01 0.478
N:1 Run:3 0.729151 0.673882 0.678488 0.66671 0.667492 0.669926 0.679552 0.666523 0.673576 0.6764 0.666733 0.677484 0.677519 0.677781 0.676725 0.666473 0.666627 0.670104 0.640338 0.636491 0.650756 3.993678e-01 0.478
N:1 Run:4 0.714716 0.660901 0.678276 0.664707 0.612276 0.654775 0.617035 0.681081 0.67911 0.67977 0.670914 0.67514 0.678669 0.647875 0.667904 0.676718 0.610083 0.678363 0.6727 0.675814 0.66033 3.993678e-01 0.478
N:2 Run:0 0.666511 0.676283 0.641238 0.481662 0.38035 0.27404 0.234891 0.286027 0.268811 0.226843 0.223955 0.209179 0.321312 0.501341 0.578824 0.634822 0.664602 0.668975 0.662292 0.662829 0.665868 3.992834e-01 0.494
N:2 Run:1 0.69278 0.667966 0.620199 0.562845 0.65989 0.654131 0.646108 0.60447 0.617244 0.6608 0.673339 0.604323 0.592433 0.665278 0.646896 0.6503 0.672385 0.670844 0.556848 0.652998 0.658875 3.992834e-01 0.494
N:2 Run:2 0.702555 0.66152 0.164601 0.163984 0.163984 0.163984 0.163984 0.163984 0.163984 0.163984 0.163984 0.163984 0.244273 0.519465 0.514649 0.64287 0.663849 0.678579 0.618365 0.662439 0.672924 3.992834e-01 0.494
N:2 Run:3 0.729151 0.673882 0.678488 0.66671 0.667492 0.669926 0.679552 0.666523 0.673576 0.6764 0.666733 0.677484 0.677519 0.677781 0.676725 0.666473 0.666627 0.670104 0.640338 0.636491 0.650756 3.992834e-01 0.494
N:2 Run:4 0.714716 0.660901 0.678276 0.664707 0.612276 0.654775 0.617035 0.681081 0.67911 0.67977 0.670914 0.67514 0.678669 0.647875 0.667904 0.676718 0.610083 0.678363 0.6727 0.675814 0.66033 3.992834e-01 0.494
N:3 Run:0 0.666511 0.676283 0.641238 0.481662 0.38035 0.27404 0.234891 0.286027 0.268811 0.226843 0.223955 0.209179 0.321312 0.501341 0.578824 0.634822 0.664602 0.668975 0.662292 0.662829 0.665868 3.967615e-01 0.535
N:3 Run:1 0.69278 0.667966 0.620199 0.562845 0.65989 0.654131 0.646108 0.60447 0.617244 0.6608 0.673339 0.604323 0.592433 0.665278 0.646896 0.6503 0.672385 0.670844 0.556848 0.652998 0.658875 3.967615e-01 0.535
N:3 Run:2 0.702555 0.66152 0.164601 0.163984 0.163984 0.163984 0.163984 0.163984 0.163984 0.163984 0.163984 0.163984 0.244273 0.519465 0.514649 0.64287 0.663849 0.678579 0.618365 0.662439 0.672924 3.967615e-01 0.535
N:3 Run:3 0.729151 0.673882 0.678488 0.66671 0.667492 0.669926 0.679552 0.666523 0.673576 0.6764 0.666733 0.677484 0.677519 0.677781 0.676725 0.666473 0.666627 0.670104 0.640338 0.636491 0.650756 3.967615e-01 0.535
N:3 Run:4 0.714716 0.660901 0.678276 0.664707 0.612276 0.654775 0.617035 0.681081 0.67911 0.67977 0.670914 0.67514 0.678669 0.647875 0.667904 0.676718 0.610083 0.678363 0.6727 0.675814 0.66033 3.967615e-01 0.535
N:4 Run:0 0.666511 0.676283 0.641238 0.481662 0.38035 0.27404 0.234891 0.286027 0.268811 0.226843 0.223955 0.209179 0.321312 0.501341 0.578824 0.634822 0.664602 0.668975 0.662292 0.662829 0.665868 3.994281e-01 0.476
N:4 Run:1 0.69278 0.667966 0.620199 0.562845 0.65989 0.654131 0.646108 0.60447 0.617244 0.6608 0.673339 0.604323 0.592433 0.665278 0.646896 0.6503 0.672385 0.670844 0.556848 0.652998 0.658875 3.994281e-01 0.476
N:4 Run:2 0.702555 0.66152 0.164601 0.163984 0.163984 0.163984 0.163984 0.163984 0.163984 0.163984 0.163984 0.163984 0.244273 0.519465 0.514649 0.64287 0.663849 0.678579 0.618365 0.662439 0.672924 3.994281e-01 0.476
N:4 Run:3 0.729151 0.673882 0.678488 0.66671 0.667492 0.669926 0.679552 0.666523 0.673576 0.6764 0.666733 0.677484 0.677519 0.677781 0.676725 0.666473 0.666627 0.670104 0.640338 0.636491 0.650756 3.994281e-01 0.476
N:4 Run:4 0.714716 0.660901 0.678276 0.664707 0.612276 0.654775 0.617035 0.681081 0.67911 0.67977 0.670914 0.67514 0.678669 0.647875 0.667904 0.676718 0.610083 0.678363 0.6727 0.675814 0.66033 3.994281e-01 0.476
N:5 Run:0 0.666511 0.676283 0.641238 0.481662 0.38035 0.27404 0.234891 0.286027 0.268811 0.226843 0.223955 0.209179 0.321312 0.501341 0.578824 0.634822 0.664602 0.668975 0.662292 0.662829 0.665868 3.997506e-01 0.475
N:5 Run:1 0.69278 0.667966 0.620199 0.562845 0.65989 0.654131 0.646108 0.60447 0.617244 0.6608 0.673339 0.604323 0.592433 0.665278 0.646896 0.6503 0.672385 0.670844 0.556848 0.652998 0.658875 3.997506e-01 0.475
N:5 Run:2 0.702555 0.66152 0.164601 0.163984 0.163984 0.163984 0.163984 0.163984 0.163984 0.163984 0.163984 0.163984 0.244273 0.519465 0.514649 0.64287 0.663849 0.678579 0.618365 0.662439 0.672924 3.997506e-01 0.475
N:5 Run:3 0.729151 0.673882 0.678488 0.66671 0.667492 0.669926 0.679552 0.666523 0.673576 0.6764 0.666733 0.677484 0.677519 0.677781 0.676725 0.666473 0.666627 0.670104 0.640338 0.636491 0.650756 3.997506e-01 0.475
N:5 Run:4 0.714716 0.660901 0.678276 0.664707 0.612276 0.654775 0.617035 0.681081 0.67911 0.67977 0.670914 0.67514 0.678669 0.647875 0.667904 0.676718 0.610083 0.678363 0.6727 0.675814 0.66033 3.997506e-01 0.475
N:6 Run:0 0.666511 0.676283 0.641238 0.481662 0.38035 0.27404 0.234891 0.286027 0.268811 0.226843 0.223955 0.209179 0.321312 0.501341 0.578824 0.634822 0.664602 0.668975 0.662292 0.662829 0.665868 3.992981e-01 0.484
N:6 Run:1 0.69278 0.667966 0.620199 0.562845 0.65989 0.654131 0.646108 0.60447 0.617244 0.6608 0.673339 0.604323 0.592433 0.665278 0.646896 0.6503 0.672385 0.670844 0.556848 0.652998 0.658875 3.992981e-01 0.484
N:6 Run:2 0.702555 0.66152 0.164601 0.163984 0.163984 0.163984 0.163984 0.163984 0.163984 0.163984 0.163984 0.163984 0.244273 0.519465 0.514649 0.64287 0.663849 0.678579 0.618365 0.662439 0.672924 3.992981e-01 0.484
N:6 Run:3 0.729151 0.673882 0.678488 0.66671 0.667492 0.669926 0.679552 0.666523 0.673576 0.6764 0.666733 0.677484 0.677519 0.677781 0.676725 0.666473 0.666627 0.670104 0.640338 0.636491 0.650756 3.992981e-01 0.484
N:6 Run:4 0.714716 0.660901 0.678276 0.664707 0.612276 0.654775 0.617035 0.681081 0.67911 0.67977 0.670914 0.67514 0.678669 0.647875 0.667904 0.676718 0.610083 0.678363 0.6727 0.675814 0.66033 3.992981e-01 0.484
N:7 Run:0 0.666511 0.676283 0.641238 0.481662 0.38035 0.27404 0.234891 0.286027 0.268811 0.226843 0.223955 0.209179 0.321312 0.501341 0.578824 0.634822 0.664602 0.668975 0.662292 0.662829 0.665868 3.969759e-01 0.488
N:7 Run:1 0.69278 0.667966 0.620199 0.562845 0.65989 0.654131 0.646108 0.60447 0.617244 0.6608 0.673339 0.604323 0.592433 0.665278 0.646896 0.6503 0.672385 0.670844 0.556848 0.652998 0.658875 3.969759e-01 0.488
N:7 Run:2 0.702555 0.66152 0.164601 0.163984 0.163984 0.163984 0.163984 0.163984 0.163984 0.163984 0.163984 0.163984 0.244273 0.519465 0.514649 0.64287 0.663849 0.678579 0.618365 0.662439 0.672924 3.969759e-01 0.488
N:7 Run:3 0.729151 0.673882 0.678488 0.66671 0.667492 0.669926 0.679552 0.666523 0.673576 0.6764 0.666733 0.677484 0.677519 0.677781 0.676725 0.666473 0.666627 0.670104 0.640338 0.636491 0.650756 3.969759e-01 0.488
N:7 Run:4 0.714716 0.660901 0.678276 0.664707 0.612276 0.654775 0.617035 0.681081 0.67911 0.67977 0.670914 0.67514 0.678669 0.647875 0.667904 0.676718 0.610083 0.678363 0.6727 0.675814 0.66033 3.969759e-01 0.488
N:8 Run:0 0.666511 0.676283 0.641238 0.481662 0.38035 0.27404 0.234891 0.286027 0.268811 0.226843 0.223955 0.209179 0.321312 0.501341 0.578824 0.634822 0.664602 0.668975 0.662292 0.662829 0.665868 3.973545e-01 0.511
N:8 Run:1 0.69278 0.667966 0.620199 0.562845 0.65989 0.654131 0.646108 0.60447 0.617244 0.6608 0.673339 0.604323 0.592433 0.665278 0.646896 0.6503 0.672385 0.670844 0.556848 0.652998 0.658875 3.973545e-01 0.511
N:8 Run:2 0.702555 0.66152 0.164601 0.163984 0.163984 0.163984 0.163984 0.163984 0.163984 0.163984 0.163984 0.163984 0.244273 0.519465 0.514649 0.64287 0.663849 0.678579 0.618365 0.662439 0.672924 3.973545e-01 0.511
N:8 Run:3 0.729151 0.673882 0.678488 0.66671 0.667492 0.669926 0.679552 0.666523 0.673576 0.6764 0.666733 0.677484 0.677519 0.677781 0.676725 0.666473 0.666627 0.670104 0.640338 0.636491 0.650756 3.973545e-01 0.511
N:8 Run:4 0.714716 0.660901 0.678276 0.664707 0.612276 0.654775 0.617035 0.681081 0.67911 0.67977 0.670914 0.67514 0.678669 0.647875 0.667904 0.676718 0.610083 0.678363 0.6727 0.675814 0.66033 3.973545e-01 0.511
N:9 Run:0 0.666511 0.676283 0.641238 0.481662 0.38035 0.27404 0.234891 0.286027 0.268811 0.226843 0.223955 0.209179 0.321312 0.501341 0.578824 0.634822 0.664602 0.668975 0.662292 0.662829 0.665868 4.000171e-01 0.467
N:9 Run:1 0.69278 0.667966 0.620199 0.562845 0.65989 0.654131 0.646108 0.60447 0.617244 0.6608 0.673339 0.604323 0.592433 0.665278 0.646896 0.6503 0.672385 0.670844 0.556848 0.652998 0.658875 4.000171e-01 0.467
N:9 Run:2 0.702555 0.66152 0.164601 0.163984 0.163984 0.163984 0.163984 0.163984 0.163984 0.163984 0.163984 0.163984 0.244273 0.519465 0.514649 0.64287 0.663849 0.678579 0.618365 0.662439 0.672924 4.000171e-01 0.467
N:9 Run:3 0.729151 0.673882 0.678488 0.66671 0.667492 0.669926 0.679552 0.666523 0.673576 0.6764 0.666733 0.677484 0.677519 0.677781 0.676725 0.666473 0.666627 0.670104 0.640338 0.636491 0.650756 4.000171e-01 0.467
N:9 Run:4 0.714716 0.660901 0.678276 0.664707 0.612276 0.654775 0.617035 0.681081 0.67911 0.67977 0.670914 0.67514 0.678669 0.647875 0.667904 0.676718 0.610083 0.678363 0.6727 0.675814 0.66033 4.000171e-01 0.467
N:10 Run:0 0.666511 0.676283 0.641238 0.481662 0.38035 0.27404 0.234891 0.286027 0.268811 0.226843 0.223955 0.209179 0.321312 0.501341 0.578824 0.634822 0.664602 0.668975 0.662292 0.662829 0.665868 3.659634e-01 0.520
N:10 Run:1 0.69278 0.667966 0.620199 0.562845 0.65989 0.654131 0.646108 0.60447 0.617244 0.6608 0.673339 0.604323 0.592433 0.665278 0.646896 0.6503 0.672385 0.670844 0.556848 0.652998 0.658875 3.659634e-01 0.520
N:10 Run:2 0.702555 0.66152 0.164601 0.163984 0.163984 0.163984 0.163984 0.163984 0.163984 0.163984 0.163984 0.163984 0.244273 0.519465 0.514649 0.64287 0.663849 0.678579 0.618365 0.662439 0.672924 3.659634e-01 0.520
N:10 Run:3 0.729151 0.673882 0.678488 0.66671 0.667492 0.669926 0.679552 0.666523 0.673576 0.6764 0.666733 0.677484 0.677519 0.677781 0.676725 0.666473 0.666627 0.670104 0.640338 0.636491 0.650756 3.659634e-01 0.520
N:10 Run:4 0.714716 0.660901 0.678276 0.664707 0.612276 0.654775 0.617035 0.681081 0.67911 0.67977 0.670914 0.67514 0.678669 0.647875 0.667904 0.676718 0.610083 0.678363 0.6727 0.675814 0.66033 3.659634e-01 0.520
N:11 Run:0 0.666511 0.676283 0.641238 0.481662 0.38035 0.27404 0.234891 0.286027 0.268811 0.226843 0.223955 0.209179 0.321312 0.501341 0.578824 0.634822 0.664602 0.668975 0.662292 0.662829 0.665868 3.979391e-01 0.507
N:11 Run:1 0.69278 0.667966 0.620199 0.562845 0.65989 0.654131 0.646108 0.60447 0.617244 0.6608 0.673339 0.604323 0.592433 0.665278 0.646896 0.6503 0.672385 0.670844 0.556848 0.652998 0.658875 3.979391e-01 0.507
N:11 Run:2 0.702555 0.66152 0.164601 0.163984 0.163984 0.163984 0.163984 0.163984 0.163984 0.163984 0.163984 0.163984 0.244273 0.519465 0.514649 0.64287 0.663849 0.678579 0.618365 0.662439 0.672924 3.979391e-01 0.507
N:11 Run:3 0.729151 0.673882 0.678488 0.66671 0.667492 0.669926 0.679552 0.666523 0.673576 0.6764 0.666733 0.677484 0.677519 0.677781 0.676725 0.666473 0.666627 0.670104 0.640338 0.636491 0.650756 3.979391e-01 0.507
N:11 Run:4 0.714716 0.660901 0.678276 0.664707 0.612276 0.654775 0.617035 0.681081 0.67911 0.67977 0.670914 0.67514 0.678669 0.647875 0.667904 0.676718 0.610083 0.678363 0.6727 0.675814 0.66033 3.979391e-01 0.507
N:12 Run:0 0.666511 0.676283 0.641238 0.481662 0.38035 0.27404 0.234891 0.286027 0.268811 0.226843 0.223955 0.209179 0.321312 0.501341 0.578824 0.634822 0.664602 0.668975 0.662292 0.662829 0.665868 3.982503e-01 0.518
N:12 Run:1 0.69278 0.667966 0.620199 0.562845 0.65989 0.654131 0.646108 0.60447 0.617244 0.6608 0.673339 0.604323 0.592433 0.665278 0.646896 0.6503 0.672385 0.670844 0.556848 0.652998 0.658875 3.982503e-01 0.518
N:12 Run:2 0.702555 0.66152 0.164601 0.163984 0.163984 0.163984 0.163984 0.163984 0.163984 0.163984 0.163984 0.163984 0.244273 0.519465 0.514649 0.64287 0.663849 0.678579 0.618365 0.662439 0.672924 3.982503e-01 0.518
N:12 Run:3 0.729151 0.673882 0.678488 0.66671 0.667492 0.669926 0.679552 0.666523 0.673576 0.6764 0.666733 0.677484 0.677519 0.677781 0.676725 0.666473 0.666627 0.670104 0.640338 0.636491 0.650756 3.982503e-01 0.518
N:12 Run:4 0.714716 0.660901 0.678276 0.664707 0.612276 0.654775 0.617035 0.681081 0.67911 0.67977 0.670914 0.67514 0.678669 0.647875 0.667904 0.676718 0.610083 0.678363 0.6727 0.675814 0.66033 3.982503e-01 0.518
N:13 Run:0 0.666511 0.676283 0.641238 0.481662 0.38035 0.27404 0.234891 0.286027 0.268811 0.226843 0.223955 0.209179 0.321312 0.501341 0.578824 0.634822 0.664602 0.668975 0.662292 0.662829 0.665868 3.996283e-01 0.490
N:13 Run:1 0.69278 0.667966 0.620199 0.562845 0.65989 0.654131 0.646108 0.60447 0.617244 0.6608 0.673339 0.604323 0.592433 0.665278 0.646896 0.6503 0.672385 0.670844 0.556848 0.652998 0.658875 3.996283e-01 0.490
N:13 Run:2 0.702555 0.66152 0.164601 0.163984 0.163984 0.163984 0.163984 0.163984 0.163984 0.163984 0.163984 0.163984 0.244273 0.519465 0.514649 0.64287 0.663849 0.678579 0.618365 0.662439 0.672924 3.996283e-01 0.490
N:13 Run:3 0.729151 0.673882 0.678488 0.66671 0.667492 0.669926 0.679552 0.666523 0.673576 0.6764 0.666733 0.677484 0.677519 0.677781 0.676725 0.666473 0.666627 0.670104 0.640338 0.636491 0.650756 3.996283e-01 0.490
N:13 Run:4 0.714716 0.660901 0.678276 0.664707 0.612276 0.654775 0.617035 0.681081 0.67911 0.67977 0.670914 0.67514 0.678669 0.647875 0.667904 0.676718 0.610083 0.678363 0.6727 0.675814 0.66033 3.996283e-01 0.490
N:14 Run:0 0.666511 0.676283 0.641238 0.481662 0.38035 0.27404 0.234891 0.286027 0.268811 0.226843 0.223955 0.209179 0.321312 0.501341 0.578824 0.634822 0.664602 0.668975 0.662292 0.662829 0.665868 3.988872e-01 0.497
N:14 Run:1 0.69278 0.667966 0.620199 0.562845 0.65989 0.654131 0.646108 0.60447 0.617244 0.6608 0.673339 0.604323 0.592433 0.665278 0.646896 0.6503 0.672385 0.670844 0.556848 0.652998 0.658875 3.988872e-01 0.497
N:14 Run:2 0.702555 0.66152 0.164601 0.163984 0.163984 0.163984 0.163984 0.163984 0.163984 0.163984 0.163984 0.163984 0.244273 0.519465 0.514649 0.64287 0.663849 0.678579 0.618365 0.662439 0.672924 3.988872e-01 0.497
N:14 Run:3 0.729151 0.673882 0.678488 0.66671 0.667492 0.669926 0.679552 0.666523 0.673576 0.6764 0.666733 0.677484 0.677519 0.677781 0.676725 0.666473 0.666627 0.670104 0.640338 0.636491 0.650756 3.988872e-01 0.497
N:14 Run:4 0.714716 0.660901 0.678276 0.664707 0.612276 0.654775 0.617035 0.681081 0.67911 0.67977 0.670914 0.67514 0.678669 0.647875 0.667904 0.676718 0.610083 0.678363 0.6727 0.675814 0.66033 3.988872e-01 0.497
N:15 Run:0 0.666511 0.676283 0.641238 0.481662 0.38035 0.27404 0.234891 0.286027 0.268811 0.226843 0.223955 0.209179 0.321312 0.501341 0.578824 0.634822 0.664602 0.668975 0.662292 0.662829 0.665868 3.978590e-01 0.534
N:15 Run:1 0.69278 0.667966 0.620199 0.562845 0.65989 0.654131 0.646108 0.60447 0.617244 0.6608 0.673339 0.604323 0.592433 0.665278 0.646896 0.6503 0.672385 0.670844 0.556848 0.652998 0.658875 3.978590e-01 0.534
N:15 Run:2 0.702555 0.66152 0.164601 0.163984 0.163984 0.163984 0.163984 0.163984 0.163984 0.163984 0.163984 0.163984 0.244273 0.519465 0.514649 0.64287 0.663849 0.678579 0.618365 0.662439 0.672924 3.978590e-01 0.534
N:15 Run:3 0.729151 0.673882 0.678488 0.66671 0.667492 0.669926 0.679552 0.666523 0.673576 0.6764 0.666733 0.677484 0.677519 0.677781 0.676725 0.666473 0.666627 0.670104 0.640338 0.636491 0.650756 3.978590e-01 0.534
N:15 Run:4 0.714716 0.660901 0.678276 0.664707 0.612276 0.654775 0.617035 0.681081 0.67911 0.67977 0.670914 0.67514 0.678669 0.647875 0.667904 0.676718 0.610083 0.678363 0.6727 0.675814 0.66033 3.978590e-01 0.534
N:16 Run:0 0.666511 0.676283 0.641238 0.481662 0.38035 0.27404 0.234891 0.286027 0.268811 0.226843 0.223955 0.209179 0.321312 0.501341 0.578824 0.634822 0.664602 0.668975 0.662292 0.662829 0.665868 3.979500e-01 0.486
N:16 Run:1 0.69278 0.667966 0.620199 0.562845 0.65989 0.654131 0.646108 0.60447 0.617244 0.6608 0.673339 0.604323 0.592433 0.665278 0.646896 0.6503 0.672385 0.670844 0.556848 0.652998 0.658875 3.979500e-01 0.486
N:16 Run:2 0.702555 0.66152 0.164601 0.163984 0.163984 0.163984 0.163984 0.163984 0.163984 0.163984 0.163984 0.163984 0.244273 0.519465 0.514649 0.64287 0.663849 0.678579 0.618365 0.662439 0.672924 3.979500e-01 0.486
N:16 Run:3 0.729151 0.673882 0.678488 0.66671 0.667492 0.669926 0.679552 0.666523 0.673576 0.6764 0.666733 0.677484 0.677519 0.677781 0.676725 0.666473 0.666627 0.670104 0.640338 0.636491 0.650756 3.979500e-01 0.486
N:16 Run:4 0.714716 0.660901 0.678276 0.664707 0.612276 0.654775 0.617035 0.681081 0.67911 0.67977 0.670914 0.67514 0.678669 0.647875 0.667904 0.676718 0.610083 0.678363 0.6727 0.675814 0.66033 3.979500e-01 0.486
N:17 Run:0 0.666511 0.676283 0.641238 0.481662 0.38035 0.27404 0.234891 0.286027 0.268811 0.226843 0.223955 0.209179 0.321312 0.501341 0.578824 0.634822 0.664602 0.668975 0.662292 0.662829 0.665868 3.982747e-01 0.506
N:17 Run:1 0.69278 0.667966 0.620199 0.562845 0.65989 0.654131 0.646108 0.60447 0.617244 0.6608 0.673339 0.604323 0.592433 0.665278 0.646896 0.6503 0.672385 0.670844 0.556848 0.652998 0.658875 3.982747e-01 0.506
N:17 Run:2 0.702555 0.66152 0.164601 0.163984 0.163984 0.163984 0.163984 0.163984 0.163984 0.163984 0.163984 0.163984 0.244273 0.519465 0.514649 0.64287 0.663849 0.678579 0.618365 0.662439 0.672924 3.982747e-01 0.506
N:17 Run:3 0.729151 0.673882 0.678488 0.66671 0.667492 0.669926 0.679552 0.666523 0.673576 0.6764 0.666733 0.677484 0.677519 0.677781 0.676725 0.666473 0.666627 0.670104 0.640338 0.636491 0.650756 3.982747e-01 0.506
N:17 Run:4 0.714716 0.660901 0.678276 0.664707 0.612276 0.654775 0.617035 0.681081 0.67911 0.67977 0.670914 0.67514 0.678669 0.647875 0.667904 0.676718 0.610083 0.678363 0.6727 0.675814 0.66033 3.982747e-01 0.506
N:18 Run:0 0.666511 0.676283 0.641238 0.481662 0.38035 0.27404 0.234891 0.286027 0.268811 0.226843 0.223955 0.209179 0.321312 0.501341 0.578824 0.634822 0.664602 0.668975 0.662292 0.662829 0.665868 3.990497e-01 0.527
N:18 Run:1 0.69278 0.667966 0.620199 0.562845 0.65989 0.654131 0.646108 0.60447 0.617244 0.6608 0.673339 0.604323 0.592433 0.665278 0.646896 0.6503 0.672385 0.670844 0.556848 0.652998 0.658875 3.990497e-01 0.527
N:18 Run:2 0.702555 0.66152 0.164601 0.163984 0.163984 0.163984 0.163984 0.163984 0.163984 0.163984 0.163984 0.163984 0.244273 0.519465 0.514649 0.64287 0.663849 0.678579 0.618365 0.662439 0.672924 3.990497e-01 0.527
N:18 Run:3 0.729151 0.673882 0.678488 0.66671 0.667492 0.669926 0.679552 0.666523 0.673576 0.6764 0.666733 0.677484 0.677519 0.677781 0.676725 0.666473 0.666627 0.670104 0.640338 0.636491 0.650756 3.990497e-01 0.527
N:18 Run:4 0.714716 0.660901 0.678276 0.664707 0.612276 0.654775 0.617035 0.681081 0.67911 0.67977 0.670914 0.67514 0.678669 0.647875 0.667904 0.676718 0.610083 0.678363 0.6727 0.675814 0.66033 3.990497e-01 0.527
N:19 Run:0 0.666511 0.676283 0.641238 0.481662 0.38035 0.27404 0.234891 0.286027 0.268811 0.226843 0.223955 0.209179 0.321312 0.501341 0.578824 0.634822 0.664602 0.668975 0.662292 0.662829 0.665868 3.992368e-01 0.540
N:19 Run:1 0.69278 0.667966 0.620199 0.562845 0.65989 0.654131 0.646108 0.60447 0.617244 0.6608 0.673339 0.604323 0.592433 0.665278 0.646896 0.6503 0.672385 0.670844 0.556848 0.652998 0.658875 3.992368e-01 0.540
N:19 Run:2 0.702555 0.66152 0.164601 0.163984 0.163984 0.163984 0.163984 0.163984 0.163984 0.163984 0.163984 0.163984 0.244273 0.519465 0.514649 0.64287 0.663849 0.678579 0.618365 0.662439 0.672924 3.992368e-01 0.540
N:19 Run:3 0.729151 0.673882 0.678488 0.66671 0.667492 0.669926 0.679552 0.666523 0.673576 0.6764 0.666733 0.677484 0.677519 0.677781 0.676725 0.666473 0.666627 0.670104 0.640338 0.636491 0.650756 3.992368e-01 0.540
N:19 Run:4 0.714716 0.660901 0.678276 0.664707 0.612276 0.654775 0.617035 0.681081 0.67911 0.67977 0.670914 0.67514 0.678669 0.647875 0.667904 0.676718 0.610083 0.678363 0.6727 0.675814 0.66033 3.992368e-01 0.540
N:20 Run:0 0.666511 0.676283 0.641238 0.481662 0.38035 0.27404 0.234891 0.286027 0.268811 0.226843 0.223955 0.209179 0.321312 0.501341 0.578824 0.634822 0.664602 0.668975 0.662292 0.662829 0.665868 3.993717e-01 0.518
N:20 Run:1 0.69278 0.667966 0.620199 0.562845 0.65989 0.654131 0.646108 0.60447 0.617244 0.6608 0.673339 0.604323 0.592433 0.665278 0.646896 0.6503 0.672385 0.670844 0.556848 0.652998 0.658875 3.993717e-01 0.518
N:20 Run:2 0.702555 0.66152 0.164601 0.163984 0.163984 0.163984 0.163984 0.163984 0.163984 0.163984 0.163984 0.163984 0.244273 0.519465 0.514649 0.64287 0.663849 0.678579 0.618365 0.662439 0.672924 3.993717e-01 0.518
N:20 Run:3 0.729151 0.673882 0.678488 0.66671 0.667492 0.669926 0.679552 0.666523 0.673576 0.6764 0.666733 0.677484 0.677519 0.677781 0.676725 0.666473 0.666627 0.670104 0.640338 0.636491 0.650756 3.993717e-01 0.518
N:20 Run:4 0.714716 0.660901 0.678276 0.664707 0.612276 0.654775 0.617035 0.681081 0.67911 0.67977 0.670914 0.67514 0.678669 0.647875 0.667904 0.676718 0.610083 0.678363 0.6727 0.675814 0.66033 3.993717e-01 0.518
N:21 Run:0 0.666511 0.676283 0.641238 0.481662 0.38035 0.27404 0.234891 0.286027 0.268811 0.226843 0.223955 0.209179 0.321312 0.501341 0.578824 0.634822 0.664602 0.668975 0.662292 0.662829 0.665868 4.002489e-01 0.466
N:21 Run:1 0.69278 0.667966 0.620199 0.562845 0.65989 0.654131 0.646108 0.60447 0.617244 0.6608 0.673339 0.604323 0.592433 0.665278 0.646896 0.6503 0.672385 0.670844 0.556848 0.652998 0.658875 4.002489e-01 0.466
N:21 Run:2 0.702555 0.66152 0.164601 0.163984 0.163984 0.163984 0.163984 0.163984 0.163984 0.163984 0.163984 0.163984 0.244273 0.519465 0.514649 0.64287 0.663849 0.678579 0.618365 0.662439 0.672924 4.002489e-01 0.466
N:21 Run:3 0.729151 0.673882 0.678488 0.66671 0.667492 0.669926 0.679552 0.666523 0.673576 0.6764 0.666733 0.677484 0.677519 0.677781 0.676725 0.666473 0.666627 0.670104 0.640338 0.636491 0.650756 4.002489e-01 0.466
N:21 Run:4 0.714716 0.660901 0.678276 0.664707 0.612276 0.654775 0.617035 0.681081 0.67911 0.67977 0.670914 0.67514 0.678669 0.647875 0.667904 0.676718 0.610083 0.678363 0.6727 0.675814 0.66033 4.002489e-01 0.466
N:22 Run:0 0.666511 0.676283 0.641238 0.481662 0.38035 0.27404 0.234891 0.286027 0.268811 0.226843 0.223955 0.209179 0.321312 0.501341 0.578824 0.634822 0.664602 0.668975 0.662292 0.662829 0.665868 3.985719e-01 0.520
N:22 Run:1 0.69278 0.667966 0.620199 0.562845 0.65989 0.654131 0.646108 0.60447 0.617244 0.6608 0.673339 0.604323 0.592433 0.665278 0.646896 0.6503 0.672385 0.670844 0.556848 0.652998 0.658875 3.985719e-01 0.520
N:22 Run:2 0.702555 0.66152 0.164601 0.163984 0.163984 0.163984 0.163984 0.163984 0.163984 0.163984 0.163984 0.163984 0.244273 0.519465 0.514649 0.64287 0.663849 0.678579 0.618365 0.662439 0.672924 3.985719e-01 0.520
N:22 Run:3 0.729151 0.673882 0.678488 0.66671 0.667492 0.669926 0.679552 0.666523 0.673576 0.6764 0.666733 0.677484 0.677519 0.677781 0.676725 0.666473 0.666627 0.670104 0.640338 0.636491 0.650756 3.985719e-01 0.520
N:22 Run:4 0.714716 0.660901 0.678276 0.664707 0.612276 0.654775 0.617035 0.681081 0.67911 0.67977 0.670914 0.67514 0.678669 0.647875 0.667904 0.676718 0.610083 0.678363 0.6727 0.675814 0.66033 3.985719e-01 0.520
N:23 Run:0 0.666511 0.676283 0.641238 0.481662 0.38035 0.27404 0.234891 0.286027 0.268811 0.226843 0.223955 0.209179 0.321312 0.501341 0.578824 0.634822 0.664602 0.668975 0.662292 0.662829 0.665868 3.662260e-01 0.552
N:23 Run:1 0.69278 0.667966 0.620199 0.562845 0.65989 0.654131 0.646108 0.60447 0.617244 0.6608 0.673339 0.604323 0.592433 0.665278 0.646896 0.6503 0.672385 0.670844 0.556848 0.652998 0.658875 3.662260e-01 0.552
N:23 Run:2 0.702555 0.66152 0.164601 0.163984 0.163984 0.163984 0.163984 0.163984 0.163984 0.163984 0.163984 0.163984 0.244273 0.519465 0.514649 0.64287 0.663849 0.678579 0.618365 0.662439 0.672924 3.662260e-01 0.552
N:23 Run:3 0.729151 0.673882 0.678488 0.66671 0.667492 0.669926 0.679552 0.666523 0.673576 0.6764 0.666733 0.677484 0.677519 0.677781 0.676725 0.666473 0.666627 0.670104 0.640338 0.636491 0.650756 3.662260e-01 0.552
N:23 Run:4 0.714716 0.660901 0.678276 0.664707 0.612276 0.654775 0.617035 0.681081 0.67911 0.67977 0.670914 0.67514 0.678669 0.647875 0.667904 0.676718 0.610083 0.678363 0.6727 0.675814 0.66033 3.662260e-01 0.552
N:24 Run:0 0.666511 0.676283 0.641238 0.481662 0.38035 0.27404 0.234891 0.286027 0.268811 0.226843 0.223955 0.209179 0.321312 0.501341 0.578824 0.634822 0.664602 0.668975 0.662292 0.662829 0.665868 3.995909e-01 0.523
N:24 Run:1 0.69278 0.667966 0.620199 0.562845 0.65989 0.654131 0.646108 0.60447 0.617244 0.6608 0.673339 0.604323 0.592433 0.665278 0.646896 0.6503 0.672385 0.670844 0.556848 0.652998 0.658875 3.995909e-01 0.523
N:24 Run:2 0.702555 0.66152 0.164601 0.163984 0.163984 0.163984 0.163984 0.163984 0.163984 0.163984 0.163984 0.163984 0.244273 0.519465 0.514649 0.64287 0.663849 0.678579 0.618365 0.662439 0.672924 3.995909e-01 0.523
N:24 Run:3 0.729151 0.673882 0.678488 0.66671 0.667492 0.669926 0.679552 0.666523 0.673576 0.6764 0.666733 0.677484 0.677519 0.677781 0.676725 0.666473 0.666627 0.670104 0.640338 0.636491 0.650756 3.995909e-01 0.523
N:24 Run:4 0.714716 0.660901 0.678276 0.664707 0.612276 0.654775 0.617035 0.681081 0.67911 0.67977 0.670914 0.67514 0.678669 0.647875 0.667904 0.676718 0.610083 0.678363 0.6727 0.675814 0.66033 3.995909e-01 0.523
N:25 Run:0 0.666511 0.676283 0.641238 0.481662 0.38035 0.27404 0.234891 0.286027 0.268811 0.226843 0.223955 0.209179 0.321312 0.501341 0.578824 0.634822 0.664602 0.668975 0.662292 0.662829 0.665868 3.980247e-01 0.502
N:25 Run:1 0.69278 0.667966 0.620199 0.562845 0.65989 0.654131 0.646108 0.60447 0.617244 0.6608 0.673339 0.604323 0.592433 0.665278 0.646896 0.6503 0.672385 0.670844 0.556848 0.652998 0.658875 3.980247e-01 0.502
N:25 Run:2 0.702555 0.66152 0.164601 0.163984 0.163984 0.163984 0.163984 0.163984 0.163984 0.163984 0.163984 0.163984 0.244273 0.519465 0.514649 0.64287 0.663849 0.678579 0.618365 0.662439 0.672924 3.980247e-01 0.502
N:25 Run:3 0.729151 0.673882 0.678488 0.66671 0.667492 0.669926 0.679552 0.666523 0.673576 0.6764 0.666733 0.677484 0.677519 0.677781 0.676725 0.666473 0.666627 0.670104 0.640338 0.636491 0.650756 3.980247e-01 0.502
N:25 Run:4 0.714716 0.660901 0.678276 0.664707 0.612276 0.654775 0.617035 0.681081 0.67911 0.67977 0.670914 0.67514 0.678669 0.647875 0.667904 0.676718 0.610083 0.678363 0.6727 0.675814 0.66033 3.980247e-01 0.502
N:26 Run:0 0.666511 0.676283 0.641238 0.481662 0.38035 0.27404 0.234891 0.286027 0.268811 0.226843 0.223955 0.209179 0.321312 0.501341 0.578824 0.634822 0.664602 0.668975 0.662292 0.662829 0.665868 3.996847e-01 0.485
N:26 Run:1 0.69278 0.667966 0.620199 0.562845 0.65989 0.654131 0.646108 0.60447 0.617244 0.6608 0.673339 0.604323 0.592433 0.665278 0.646896 0.6503 0.672385 0.670844 0.556848 0.652998 0.658875 3.996847e-01 0.485
N:26 Run:2 0.702555 0.66152 0.164601 0.163984 0.163984 0.163984 0.163984 0.163984 0.163984 0.163984 0.163984 0.163984 0.244273 0.519465 0.514649 0.64287 0.663849 0.678579 0.618365 0.662439 0.672924 3.996847e-01 0.485
N:26 Run:3 0.729151 0.673882 0.678488 0.66671 0.667492 0.669926 0.679552 0.666523 0.673576 0.6764 0.666733 0.677484 0.677519 0.677781 0.676725 0.666473 0.666627 0.670104 0.640338 0.636491 0.650756 3.996847e-01 0.485
N:26 Run:4 0.714716 0.660901 0.678276 0.664707 0.612276 0.654775 0.617035 0.681081 0.67911 0.67977 0.670914 0.67514 0.678669 0.647875 0.667904 0.676718 0.610083 0.678363 0.6727 0.675814 0.66033 3.996847e-01 0.485
N:27 Run:0 0.666511 0.676283 0.641238 0.481662 0.38035 0.27404 0.234891 0.286027 0.268811 0.226843 0.223955 0.209179 0.321312 0.501341 0.578824 0.634822 0.664602 0.668975 0.662292 0.662829 0.665868 3.992564e-01 0.484
N:27 Run:1 0.69278 0.667966 0.620199 0.562845 0.65989 0.654131 0.646108 0.60447 0.617244 0.6608 0.673339 0.604323 0.592433 0.665278 0.646896 0.6503 0.672385 0.670844 0.556848 0.652998 0.658875 3.992564e-01 0.484
N:27 Run:2 0.702555 0.66152 0.164601 0.163984 0.163984 0.163984 0.163984 0.163984 0.163984 0.163984 0.163984 0.163984 0.244273 0.519465 0.514649 0.64287 0.663849 0.678579 0.618365 0.662439 0.672924 3.992564e-01 0.484
N:27 Run:3 0.729151 0.673882 0.678488 0.66671 0.667492 0.669926 0.679552 0.666523 0.673576 0.6764 0.666733 0.677484 0.677519 0.677781 0.676725 0.666473 0.666627 0.670104 0.640338 0.636491 0.650756 3.992564e-01 0.484
N:27 Run:4 0.714716 0.660901 0.678276 0.664707 0.612276 0.654775 0.617035 0.681081 0.67911 0.67977 0.670914 0.67514 0.678669 0.647875 0.667904 0.676718 0.610083 0.678363 0.6727 0.675814 0.66033 3.992564e-01 0.484
N:28 Run:0 0.666511 0.683681 0.63795 0.461508 0.381582 0.285446 0.242645 0.296882 0.279165 0.233976 0.229688 0.212212 0.331548 0.498784 0.572291 0.630465 0.668037 0.672728 0.66458 0.668211 0.668753 3.657712e-01 0.570
N:28 Run:1 0.69278 0.670846 0.614202 0.552863 0.662213 0.653383 0.643788 0.597895 0.610502 0.662172 0.678582 0.597765 0.585586 0.667595 0.645762 0.649474 0.679679 0.677249 0.545248 0.651976 0.662091 3.657712e-01 0.570
N:28 Run:2 0.702555 0.663694 0.147159 0.146104 0.146103 0.146103 0.146103 0.146103 0.146103 0.146103 0.146103 0.146103 0.253624 0.515406 0.508248 0.640733 0.665991 0.686308 0.612447 0.664085 0.678872 3.657712e-01 0.570
N:28 Run:3 0.729151 0.679272 0.686233 0.669108 0.670103 0.673358 0.687659 0.668801 0.678508 0.682688 0.669069 0.68437 0.684613 0.68542 0.684159 0.668982 0.669165 0.674373 0.641868 0.635753 0.65421 3.657712e-01 0.570
N:28 Run:4 0.714716 0.666659 0.688622 0.67294 0.612195 0.660931 0.617653 0.692088 0.689503 0.690663 0.680177 0.685247 0.687406 0.650957 0.671367 0.684922 0.607729 0.687368 0.677775 0.682541 0.662241 3.657712e-01 0.570
N:29 Run:0 0.666511 0.683681 0.63795 0.461508 0.381582 0.285446 0.242645 0.296882 0.279165 0.233976 0.229688 0.212212 0.331548 0.498784 0.572291 0.630465 0.668037 0.672728 0.66458 0.668211 0.668753 3.923979e-01 0.483
N:29 Run:1 0.69278 0.670846 0.614202 0.552863 0.662213 0.653383 0.643788 0.597895 0.610502 0.662172 0.678582 0.597765 0.585586 0.667595 0.645762 0.649474 0.679679 0.677249 0.545248 0.651976 0.662091 3.923979e-01 0.483
N:29 Run:2 0.702555 0.663694 0.147159 0.146104 0.146103 0.146103 0.146103 0.146103 0.146103 0.146103 0.146103 0.146103 0.253624 0.515406 0.508248 0.640733 0.665991 0.686308 0.612447 0.664085 0.678872 3.923979e-01 0.483
N:29 Run:3 0.729151 0.679272 0.686233 0.669108 0.670103 0.673358 0.687659 0.668801 0.678508 0.682688 0.669069 0.68437 0.684613 0.68542 0.684159 0.668982 0.669165 0.674373 0.641868 0.635753 0.65421 3.923979e-01 0.483
N:29 Run:4 0.714716 0.666659 0.688622 0.67294 0.612195 0.660931 0.617653 0.692088 0.689503 0.690663 0.680177 0.685247 0.687406 0.650957 0.671367 0.684922 0.607729 0.687368 0.677775 0.682541 0.662241 3.923979e-01 0.483
