   0    0    0    420 7.286841e-01 0.846
   0    2  100  42420 2.099589e-01 0.898
   0   15  200  84420 2.057113e-01 0.899
   0   79  300 126420 2.055245e-01 0.904
   0    7  400 168420 2.055230e-01 0.904
   0    4  500 210420 2.054976e-01 0.904
   0    1  600 252420 2.043212e-01 0.904
   0   15  700 294420 2.039240e-01 0.904
   0    2  800 336420 2.038502e-01 0.904
   0   23  900 378420 2.037439e-01 0.904
   0   17 1000 420420 2.036827e-01 0.904
   1    0    0    420 7.960700e-01 0.832
   1    0  100  42420 2.813631e-01 0.889
   1    4  200  84420 2.154832e-01 0.903
   1   29  300 126420 2.067702e-01 0.904
   1    2  400 168420 2.065442e-01 0.904
   1   18  500 210420 2.056926e-01 0.904
   1   22  600 252420 2.052830e-01 0.904
   1    3  700 294420 2.051902e-01 0.904
   1   11  800 336420 2.050446e-01 0.904
   1   22  900 378420 2.045822e-01 0.904
   1   13 1000 420420 2.038079e-01 0.904
   2    0    0    420 6.124030e-01 0.859
   2    3  100  42420 3.127300e-01 0.900
   2    1  200  84420 2.225536e-01 0.901
   2    1  300 126420 2.086363e-01 0.902
   2    3  400 168420 2.070335e-01 0.902
   2   14  500 210420 2.050506e-01 0.902
   2    9  600 252420 2.049633e-01 0.903
   2   29  700 294420 2.046715e-01 0.903
   2   24  800 336420 2.043425e-01 0.903
   2   10  900 378420 2.037094e-01 0.903
   2   12 1000 420420 2.035664e-01 0.903
   3    0    0    420 7.022998e-01 0.862
   3    3  100  42420 2.281716e-01 0.902
   3    5  200  84420 2.132451e-01 0.904
   3   55  300 126420 2.119752e-01 0.904
   3    6  400 168420 2.089286e-01 0.904
   3   26  500 210420 2.029172e-01 0.907
   3   19  600 252420 2.019293e-01 0.907
   3   34  700 294420 2.017205e-01 0.907
   3   37  800 336420 2.017053e-01 0.907
   3   33  900 378420 2.009232e-01 0.907
   3   16 1000 420420 2.006686e-01 0.907
   4    0    0    420 5.613352e-01 0.872
   4   10  100  42420 2.137213e-01 0.901
   4   12  200  84420 2.071069e-01 0.902
   4    1  300 126420 2.065263e-01 0.902
   4   48  400 168420 2.064292e-01 0.902
   4   11  500 210420 2.063304e-01 0.902
   4    3  600 252420 2.062521e-01 0.902
   4   29  700 294420 2.061477e-01 0.902
   4   18  800 336420 2.057044e-01 0.902
   4   10  900 378420 2.055894e-01 0.903
   4    0 1000 420420 2.045851e-01 0.903
   5    0    0    420 5.799025e-01 0.855
   5    6  100  42420 2.098488e-01 0.904
   5   13  200  84420 2.084060e-01 0.904
   5    0  300 126420 2.064319e-01 0.904
   5   47  400 168420 2.058488e-01 0.904
   5    0  500 210420 2.056592e-01 0.904
   5    3  600 252420 2.050011e-01 0.904
   5   17  700 294420 2.044229e-01 0.904
   5    3  800 336420 2.036067e-01 0.904
   5    9  900 378420 2.035502e-01 0.904
   5    0 1000 420420 2.035053e-01 0.904
   6    0    0    420 6.371125e-01 0.871
   6    0  100  42420 2.295532e-01 0.902
   6    9  200  84420 2.102859e-01 0.903
   6   19  300 126420 2.097902e-01 0.903
   6    2  400 168420 2.070031e-01 0.904
   6    2  500 210420 2.051690e-01 0.907
   6   10  600 252420 2.017748e-01 0.907
   6   70  700 294420 2.017436e-01 0.907
   6   41  800 336420 2.017032e-01 0.909
   6  141  900 378420 2.017032e-01 0.909
   6    8 1000 420420 2.014778e-01 0.909
   7    0    0    420 5.606615e-01 0.876
   7    3  100  42420 2.501316e-01 0.904
   7    6  200  84420 2.177279e-01 0.904
   7    3  300 126420 2.113566e-01 0.904
   7   10  400 168420 2.081660e-01 0.904
   7    8  500 210420 2.056428e-01 0.904
   7   13  600 252420 2.030487e-01 0.904
   7   12  700 294420 2.029137e-01 0.904
   7   52  800 336420 2.028608e-01 0.904
   7   13  900 378420 2.026538e-01 0.904
   7   19 1000 420420 2.025896e-01 0.904
   8    0    0    420 6.847305e-01 0.856
   8    0  100  42420 3.182162e-01 0.896
   8    6  200  84420 3.047797e-01 0.901
   8    5  300 126420 2.281742e-01 0.903
   8    4  400 168420 2.103238e-01 0.904
   8    3  500 210420 2.055901e-01 0.904
   8   43  600 252420 2.054092e-01 0.904
   8    0  700 294420 2.052013e-01 0.904
   8   44  800 336420 2.050995e-01 0.904
   8    3  900 378420 2.047297e-01 0.904
   8    6 1000 420420 2.040385e-01 0.904
   9    0    0    420 7.338387e-01 0.843
   9    0  100  42420 2.599886e-01 0.902
   9    8  200  84420 2.332084e-01 0.902
   9    0  300 126420 2.075674e-01 0.902
   9    2  400 168420 2.053138e-01 0.902
   9    2  500 210420 2.045560e-01 0.902
   9    3  600 252420 2.039339e-01 0.902
   9   16  700 294420 2.034799e-01 0.903
   9    6  800 336420 2.032695e-01 0.904
   9    8  900 378420 2.030255e-01 0.904
   9   18 1000 420420 2.029150e-01 0.904
  10    0    0    420 5.548194e-01 0.875
  10   27  100  42420 2.087201e-01 0.904
  10    6  200  84420 2.080640e-01 0.904
  10    2  300 126420 2.078591e-01 0.904
  10   44  400 168420 2.074745e-01 0.905
  10    4  500 210420 2.073458e-01 0.905
  10   24  600 252420 2.056673e-01 0.905
  10    3  700 294420 2.043423e-01 0.905
  10    7  800 336420 2.039001e-01 0.905
  10   18  900 378420 2.036964e-01 0.905
  10   12 1000 420420 2.036643e-01 0.905
  11    0    0    420 7.244873e-01 0.877
  11    1  100  42420 4.420883e-01 0.895
  11    0  200  84420 2.572312e-01 0.899
  11    4  300 126420 2.073214e-01 0.902
  11    8  400 168420 2.069208e-01 0.904
  11   30  500 210420 2.057543e-01 0.904
  11   22  600 252420 2.045474e-01 0.904
  11   19  700 294420 2.025073e-01 0.904
  11    0  800 336420 2.022911e-01 0.907
  11    1  900 378420 2.018875e-01 0.907
  11    2 1000 420420 2.016360e-01 0.907
  12    0    0    420 6.021622e-01 0.868
  12    1  100  42420 2.402917e-01 0.904
  12    0  200  84420 2.242350e-01 0.904
  12   29  300 126420 2.149884e-01 0.904
  12    5  400 168420 2.111856e-01 0.904
  12    8  500 210420 2.107357e-01 0.904
  12    0  600 252420 2.063365e-01 0.905
  12    7  700 294420 2.035200e-01 0.905
  12    1  800 336420 2.026730e-01 0.905
  12    9  900 378420 2.022502e-01 0.905
  12   11 1000 420420 2.021029e-01 0.905
  13    0    0    420 5.931410e-01 0.854
  13    3  100  42420 2.045580e-01 0.903
  13   17  200  84420 2.038382e-01 0.903
  13    5  300 126420 2.033851e-01 0.903
  13   54  400 168420 2.020721e-01 0.904
  13    4  500 210420 2.006163e-01 0.904
  13   62  600 252420 2.003950e-01 0.904
  13   28  700 294420 2.003002e-01 0.904
  13   75  800 336420 2.002896e-01 0.904
  13   28  900 378420 2.002892e-01 0.904
  13   16 1000 420420 2.001367e-01 0.904
  14    0    0    420 7.140700e-01 0.859
  14    4  100  42420 2.724863e-01 0.893
  14   18  200  84420 2.574828e-01 0.899
  14    2  300 126420 2.385253e-01 0.899
  14    3  400 168420 2.144431e-01 0.903
  14    4  500 210420 2.066040e-01 0.904
  14   31  600 252420 2.030677e-01 0.904
  14    3  700 294420 2.021908e-01 0.904
  14    3  800 336420 2.020581e-01 0.905
  14   14  900 378420 2.013487e-01 0.905
  14    2 1000 420420 2.010164e-01 0.907
  15    0    0    420 6.034072e-01 0.861
  15    0  100  42420 2.258887e-01 0.891
  15    5  200  84420 2.256747e-01 0.896
  15    6  300 126420 2.174157e-01 0.896
  15    5  400 168420 2.162740e-01 0.899
  15    3  500 210420 2.133631e-01 0.899
  15    5  600 252420 2.081131e-01 0.903
  15   15  700 294420 2.069518e-01 0.904
  15   10  800 336420 2.058076e-01 0.904
  15    0  900 378420 2.055491e-01 0.904
  15   14 1000 420420 2.044495e-01 0.904
  16    0    0    420 6.262365e-01 0.864
  16    2  100  42420 2.867906e-01 0.898
  16    6  200  84420 2.160488e-01 0.902
  16   10  300 126420 2.121138e-01 0.902
  16    3  400 168420 2.117573e-01 0.902
  16    3  500 210420 2.106244e-01 0.902
  16    3  600 252420 2.105710e-01 0.902
  16    0  700 294420 2.062458e-01 0.902
  16   20  800 336420 2.047646e-01 0.903
  16    8  900 378420 2.040484e-01 0.903
  16    7 1000 420420 2.037478e-01 0.904
  17    0    0    420 5.582403e-01 0.879
  17    0  100  42420 2.173639e-01 0.898
  17   22  200  84420 2.123493e-01 0.901
  17   20  300 126420 2.078108e-01 0.901
  17   10  400 168420 2.060673e-01 0.903
  17   30  500 210420 2.058751e-01 0.903
  17   35  600 252420 2.055207e-01 0.903
  17   22  700 294420 2.045169e-01 0.903
  17   12  800 336420 2.044565e-01 0.903
  17   14  900 378420 2.033863e-01 0.903
  17   14 1000 420420 2.032373e-01 0.903
  18    0    0    420 6.527702e-01 0.870
  18    0  100  42420 2.592507e-01 0.898
  18   17  200  84420 2.091049e-01 0.903
  18   37  300 126420 2.089607e-01 0.904
  18   41  400 168420 2.063755e-01 0.904
  18    6  500 210420 2.046697e-01 0.904
  18    5  600 252420 2.038752e-01 0.904
  18   10  700 294420 2.024579e-01 0.904
  18   57  800 336420 2.022196e-01 0.904
  18   22  900 378420 2.020575e-01 0.904
  18    1 1000 420420 2.019578e-01 0.904
  19    0    0    420 6.155139e-01 0.859
  19    5  100  42420 2.856368e-01 0.897
  19    3  200  84420 2.449672e-01 0.899
  19   11  300 126420 2.397041e-01 0.903
  19    4  400 168420 2.158509e-01 0.903
  19    0  500 210420 2.143259e-01 0.903
  19   34  600 252420 2.056993e-01 0.904
  19    3  700 294420 2.023579e-01 0.905
  19   19  800 336420 2.003282e-01 0.905
  19    5  900 378420 1.995447e-01 0.905
  19    2 1000 420420 1.988898e-01 0.905
  20    0    0    420 6.065874e-01 0.820
  20    2  100  42420 2.474638e-01 0.903
  20    1  200  84420 2.277627e-01 0.903
  20   16  300 126420 2.087665e-01 0.905
  20   27  400 168420 2.042849e-01 0.905
  20    7  500 210420 2.039993e-01 0.905
  20   10  600 252420 2.036561e-01 0.905
  20    7  700 294420 2.023495e-01 0.907
  20    5  800 336420 2.018856e-01 0.907
  20   17  900 378420 2.016900e-01 0.907
  20    0 1000 420420 2.010491e-01 0.907
  21    0    0    420 5.987444e-01 0.860
  21    2  100  42420 3.240173e-01 0.886
  21    1  200  84420 2.164380e-01 0.895
  21    4  300 126420 2.133345e-01 0.903
  21    5  400 168420 2.060260e-01 0.903
  21   35  500 210420 2.057185e-01 0.903
  21   15  600 252420 2.053885e-01 0.903
  21   19  700 294420 2.052579e-01 0.903
  21    0  800 336420 2.047412e-01 0.904
  21    7  900 378420 2.038581e-01 0.904
  21   11 1000 420420 2.038285e-01 0.904
  22    0    0    420 7.700926e-01 0.836
  22    1  100  42420 2.839539e-01 0.898
  22    3  200  84420 2.311110e-01 0.904
  22    9  300 126420 2.214316e-01 0.904
  22    3  400 168420 2.100127e-01 0.904
  22    8  500 210420 2.068197e-01 0.904
  22    0  600 252420 2.052931e-01 0.904
  22   45  700 294420 2.036394e-01 0.904
  22   63  800 336420 2.035560e-01 0.904
  22    1  900 378420 2.033023e-01 0.904
  22    1 1000 420420 2.027099e-01 0.904
  23    0    0    420 6.100275e-01 0.860
  23    3  100  42420 2.503740e-01 0.901
  23   23  200  84420 2.078295e-01 0.903
  23   16  300 126420 2.072352e-01 0.903
  23   24  400 168420 2.061118e-01 0.904
  23   70  500 210420 2.049258e-01 0.904
  23    1  600 252420 2.021628e-01 0.905
  23   30  700 294420 2.021315e-01 0.905
  23    4  800 336420 2.020652e-01 0.905
  23   22  900 378420 2.019068e-01 0.906
  23    7 1000 420420 2.010769e-01 0.906
  24    0    0    420 5.827023e-01 0.864
  24    3  100  42420 2.287967e-01 0.898
  24   12  200  84420 2.092261e-01 0.901
  24   58  300 126420 2.091428e-01 0.901
  24    4  400 168420 2.064719e-01 0.902
  24    2  500 210420 2.058462e-01 0.902
  24   13  600 252420 2.058312e-01 0.902
  24    6  700 294420 2.057475e-01 0.903
  24    3  800 336420 2.046867e-01 0.903
  24    2  900 378420 2.045177e-01 0.904
  24    2 1000 420420 2.041418e-01 0.904
  25    0    0    420 7.071164e-01 0.852
  25    0  100  42420 2.387676e-01 0.902
  25   21  200  84420 2.334916e-01 0.905
  25    6  300 126420 2.153803e-01 0.905
  25    4  400 168420 2.081209e-01 0.905
  25   72  500 210420 2.066253e-01 0.905
  25    5  600 252420 2.057698e-01 0.905
  25   22  700 294420 2.047662e-01 0.905
  25    1  800 336420 2.035874e-01 0.905
  25    6  900 378420 2.029731e-01 0.905
  25    9 1000 420420 2.024243e-01 0.905
  26    0    0    420 6.460678e-01 0.867
  26    3  100  42420 4.445489e-01 0.890
  26    2  200  84420 2.335634e-01 0.904
  26   13  300 126420 2.122465e-01 0.904
  26   25  400 168420 2.114182e-01 0.904
  26    2  500 210420 2.112392e-01 0.904
  26    5  600 252420 2.094447e-01 0.904
  26    3  700 294420 2.029095e-01 0.904
  26    1  800 336420 2.027127e-01 0.904
  26   18  900 378420 2.023762e-01 0.904
  26    0 1000 420420 2.017391e-01 0.904
  27    0    0    420 5.731149e-01 0.875
  27   26  100  42420 2.234285e-01 0.900
  27   11  200  84420 2.084624e-01 0.903
  27    0  300 126420 2.071212e-01 0.903
  27    0  400 168420 2.050648e-01 0.903
  27   15  500 210420 2.039701e-01 0.905
  27    8  600 252420 2.032157e-01 0.905
  27   18  700 294420 2.027619e-01 0.905
  27    4  800 336420 2.024750e-01 0.905
  27   10  900 378420 2.023755e-01 0.905
  27   13 1000 420420 2.018204e-01 0.905
  28    0    0    420 7.435949e-01 0.878
  28    0  100  42420 2.246582e-01 0.904
  28    6  200  84420 2.065415e-01 0.904
  28    9  300 126420 2.044682e-01 0.906
  28   19  400 168420 2.040828e-01 0.906
  28    2  500 210420 2.035721e-01 0.906
  28   46  600 252420 2.016312e-01 0.906
  28   24  700 294420 2.015449e-01 0.906
  28    3  800 336420 2.014167e-01 0.906
  28   20  900 378420 2.013731e-01 0.906
  28    5 1000 420420 2.003405e-01 0.906
  29    0    0    420 4.681241e-01 0.868
  29    2  100  42420 2.306845e-01 0.898
  29   27  200  84420 2.103177e-01 0.904
  29   10  300 126420 2.055730e-01 0.904
  29   17  400 168420 2.053263e-01 0.904
  29    2  500 210420 2.050282e-01 0.904
  29    8  600 252420 2.022171e-01 0.905
  29   14  700 294420 2.021959e-01 0.905
  29    7  800 336420 2.009659e-01 0.905
  29    9  900 378420 2.001872e-01 0.905
  29   17 1000 420420 1.995677e-01 0.905
