   0    0    0    420 2.017072e-01 0.888
   0   57  100  42420 8.517766e-02 0.925
   0   21  200  84420 8.450761e-02 0.925
   0    4  300 126420 8.420396e-02 0.925
   0   25  400 168420 8.408062e-02 0.925
   0   22  500 210420 8.407997e-02 0.925
   0    8  600 252420 8.398323e-02 0.925
   0    0  700 294420 8.344284e-02 0.926
   0    1  800 336420 8.282548e-02 0.926
   0   28  900 378420 8.172344e-02 0.926
   0   68 1000 420420 8.162249e-02 0.926
   1    0    0    420 1.909025e-01 0.878
   1    9  100  42420 9.463211e-02 0.915
   1   12  200  84420 9.330423e-02 0.915
   1   12  300 126420 9.250997e-02 0.922
   1    0  400 168420 9.186322e-02 0.922
   1    0  500 210420 8.322419e-02 0.922
   1    6  600 252420 8.308126e-02 0.923
   1    3  700 294420 8.279913e-02 0.925
   1    0  800 336420 8.038785e-02 0.925
   1    5  900 378420 7.812016e-02 0.925
   1    4 1000 420420 7.781781e-02 0.925
   2    0    0    420 1.619149e-01 0.882
   2   18  100  42420 8.808173e-02 0.924
   2    3  200  84420 8.488700e-02 0.924
   2   23  300 126420 8.482695e-02 0.925
   2   56  400 168420 8.479630e-02 0.926
   2    1  500 210420 8.381161e-02 0.926
   2   30  600 252420 8.290120e-02 0.926
   2    6  700 294420 8.283185e-02 0.926
   2   38  800 336420 8.276696e-02 0.926
   2   24  900 378420 8.272257e-02 0.926
   2    1 1000 420420 8.211568e-02 0.926
   3    0    0    420 1.807279e-01 0.875
   3    2  100  42420 8.583418e-02 0.922
   3   12  200  84420 8.527375e-02 0.922
   3   15  300 126420 8.502732e-02 0.922
   3    9  400 168420 8.189159e-02 0.922
   3   44  500 210420 8.182962e-02 0.922
   3    1  600 252420 8.154347e-02 0.922
   3    6  700 294420 8.066464e-02 0.922
   3    8  800 336420 8.041839e-02 0.922
   3    0  900 378420 7.990477e-02 0.923
   3    0 1000 420420 7.880809e-02 0.923
   4    0    0    420 1.528651e-01 0.901
   4   14  100  42420 9.487997e-02 0.916
   4   11  200  84420 9.051587e-02 0.916
   4   22  300 126420 9.047058e-02 0.916
   4   28  400 168420 9.045876e-02 0.923
   4    1  500 210420 8.876993e-02 0.923
   4    0  600 252420 8.715373e-02 0.923
   4    2  700 294420 8.168684e-02 0.923
   4    4  800 336420 8.069874e-02 0.923
   4    3  900 378420 7.921429e-02 0.926
   4   41 1000 420420 7.761012e-02 0.926
   5    0    0    420 1.659842e-01 0.866
   5   24  100  42420 9.537045e-02 0.914
   5   33  200  84420 9.470303e-02 0.914
   5   11  300 126420 8.869246e-02 0.924
   5    1  400 168420 8.257787e-02 0.924
   5    6  500 210420 8.151566e-02 0.925
   5   17  600 252420 8.004958e-02 0.925
   5   12  700 294420 7.988435e-02 0.925
   5    2  800 336420 7.958379e-02 0.925
   5    6  900 378420 7.769663e-02 0.925
   5    4 1000 420420 7.756731e-02 0.925
   6    0    0    420 2.049895e-01 0.892
   6    5  100  42420 8.303764e-02 0.924
   6    1  200  84420 8.086725e-02 0.924
   6    3  300 126420 7.989748e-02 0.924
   6   25  400 168420 7.987679e-02 0.924
   6   13  500 210420 7.986768e-02 0.924
   6  113  600 252420 7.986768e-02 0.924
   6    4  700 294420 7.941784e-02 0.925
   6    7  800 336420 7.939179e-02 0.925
   6    3  900 378420 7.752734e-02 0.925
   6    4 1000 420420 7.740437e-02 0.925
   7    0    0    420 1.415653e-01 0.881
   7    3  100  42420 9.081119e-02 0.916
   7   37  200  84420 9.075920e-02 0.922
   7    5  300 126420 9.069745e-02 0.922
   7   28  400 168420 8.994332e-02 0.922
   7    4  500 210420 8.937320e-02 0.924
   7    8  600 252420 8.924959e-02 0.924
   7    6  700 294420 8.905226e-02 0.924
   7    6  800 336420 8.867750e-02 0.924
   7    0  900 378420 8.815492e-02 0.924
   7    0 1000 420420 8.779147e-02 0.924
   8    0    0    420 1.571256e-01 0.892
   8    0  100  42420 9.122238e-02 0.916
   8    4  200  84420 9.061303e-02 0.917
   8   10  300 126420 9.038717e-02 0.923
   8    0  400 168420 8.840925e-02 0.923
   8   17  500 210420 8.807573e-02 0.923
   8    6  600 252420 8.785302e-02 0.923
   8    1  700 294420 8.565610e-02 0.923
   8    7  800 336420 7.993686e-02 0.924
   8    4  900 378420 7.908732e-02 0.924
   8    1 1000 420420 7.811092e-02 0.924
   9    0    0    420 1.766174e-01 0.886
   9    5  100  42420 9.161100e-02 0.916
   9    0  200  84420 8.588501e-02 0.916
   9    3  300 126420 8.574345e-02 0.920
   9    8  400 168420 8.530983e-02 0.920
   9    0  500 210420 8.301315e-02 0.923
   9    5  600 252420 8.139450e-02 0.923
   9    3  700 294420 7.999361e-02 0.923
   9    7  800 336420 7.989929e-02 0.923
   9    1  900 378420 7.900450e-02 0.923
   9    1 1000 420420 7.881794e-02 0.923
  10    0    0    420 1.285567e-01 0.895
  10    2  100  42420 8.943232e-02 0.916
  10   55  200  84420 8.940410e-02 0.918
  10    6  300 126420 8.932880e-02 0.924
  10    8  400 168420 8.231528e-02 0.924
  10    2  500 210420 8.195432e-02 0.925
  10   18  600 252420 8.173932e-02 0.925
  10    7  700 294420 8.163427e-02 0.925
  10    1  800 336420 8.149852e-02 0.925
  10    5  900 378420 8.140083e-02 0.925
  10    1 1000 420420 8.122889e-02 0.925
  11    0    0    420 1.272218e-01 0.899
  11    7  100  42420 9.100350e-02 0.920
  11    1  200  84420 8.508584e-02 0.920
  11    2  300 126420 8.330918e-02 0.925
  11   22  400 168420 8.135244e-02 0.925
  11   10  500 210420 8.088207e-02 0.926
  11    2  600 252420 7.972478e-02 0.926
  11   12  700 294420 7.789064e-02 0.926
  11   29  800 336420 7.760552e-02 0.926
  11    1  900 378420 7.756796e-02 0.926
  11    0 1000 420420 7.744531e-02 0.926
  12    0    0    420 1.510800e-01 0.903
  12    6  100  42420 9.740084e-02 0.916
  12    5  200  84420 9.079846e-02 0.920
  12   43  300 126420 9.044738e-02 0.920
  12    5  400 168420 8.931042e-02 0.920
  12   35  500 210420 8.904971e-02 0.920
  12    0  600 252420 8.741563e-02 0.921
  12   12  700 294420 8.701655e-02 0.921
  12   18  800 336420 8.678296e-02 0.921
  12    1  900 378420 8.366454e-02 0.921
  12    0 1000 420420 7.764719e-02 0.923
  13    0    0    420 1.920399e-01 0.879
  13   31  100  42420 9.310734e-02 0.915
  13   17  200  84420 9.308439e-02 0.916
  13   14  300 126420 9.296148e-02 0.916
  13   21  400 168420 9.274328e-02 0.920
  13    3  500 210420 9.239068e-02 0.920
  13    3  600 252420 9.102385e-02 0.920
  13    3  700 294420 9.097726e-02 0.920
  13    5  800 336420 9.058516e-02 0.920
  13    2  900 378420 9.036038e-02 0.920
  13    2 1000 420420 8.931425e-02 0.920
  14    0    0    420 2.049196e-01 0.848
  14    1  100  42420 8.752388e-02 0.917
  14    2  200  84420 8.248618e-02 0.923
  14    8  300 126420 8.128348e-02 0.923
  14   12  400 168420 8.094794e-02 0.923
  14   14  500 210420 8.084446e-02 0.923
  14   18  600 252420 8.024255e-02 0.924
  14   18  700 294420 7.997859e-02 0.924
  14    6  800 336420 7.886345e-02 0.924
  14    0  900 378420 7.812472e-02 0.924
  14    1 1000 420420 7.790167e-02 0.924
  15    0    0    420 2.245426e-01 0.878
  15   25  100  42420 9.297884e-02 0.916
  15    5  200  84420 9.127450e-02 0.916
  15    4  300 126420 9.116624e-02 0.916
  15   18  400 168420 9.095104e-02 0.916
  15    1  500 210420 9.093675e-02 0.916
  15    5  600 252420 9.040798e-02 0.920
  15    2  700 294420 8.976698e-02 0.920
  15    8  800 336420 8.967309e-02 0.920
  15    2  900 378420 8.951510e-02 0.920
  15    5 1000 420420 8.921725e-02 0.920
  16    0    0    420 1.835894e-01 0.913
  16   13  100  42420 8.692889e-02 0.921
  16    0  200  84420 8.596356e-02 0.921
  16   20  300 126420 8.226715e-02 0.926
  16    2  400 168420 7.952239e-02 0.926
  16    0  500 210420 7.882927e-02 0.926
  16    4  600 252420 7.879368e-02 0.926
  16   22  700 294420 7.876490e-02 0.926
  16   15  800 336420 7.842280e-02 0.926
  16    3  900 378420 7.798293e-02 0.926
  16    3 1000 420420 7.776856e-02 0.926
  17    0    0    420 1.358939e-01 0.872
  17   12  100  42420 8.968730e-02 0.919
  17    3  200  84420 8.393221e-02 0.919
  17   15  300 126420 8.306871e-02 0.919
  17    7  400 168420 8.109978e-02 0.922
  17    7  500 210420 8.014861e-02 0.922
  17    2  600 252420 7.894966e-02 0.923
  17   14  700 294420 7.766852e-02 0.924
  17    1  800 336420 7.753200e-02 0.924
  17    3  900 378420 7.745540e-02 0.924
  17    5 1000 420420 7.735395e-02 0.924
  18    0    0    420 1.781728e-01 0.885
  18    0  100  42420 8.291539e-02 0.915
  18    1  200  84420 8.152129e-02 0.917
  18   40  300 126420 8.147089e-02 0.919
  18    4  400 168420 8.091188e-02 0.923
  18   18  500 210420 8.073945e-02 0.923
  18    1  600 252420 8.072984e-02 0.923
  18    0  700 294420 8.072014e-02 0.924
  18    5  800 336420 7.920803e-02 0.924
  18    0  900 378420 7.902027e-02 0.924
  18    5 1000 420420 7.797584e-02 0.924
  19    0    0    420 1.856935e-01 0.911
  19    2  100  42420 8.037989e-02 0.924
  19   23  200  84420 7.853230e-02 0.924
  19    2  300 126420 7.851763e-02 0.924
  19   21  400 168420 7.851633e-02 0.924
  19   25  500 210420 7.850416e-02 0.924
  19   13  600 252420 7.839504e-02 0.924
  19    1  700 294420 7.836735e-02 0.924
  19    3  800 336420 7.816469e-02 0.924
  19    2  900 378420 7.811140e-02 0.924
  19    8 1000 420420 7.800295e-02 0.924
  20    0    0    420 1.644784e-01 0.907
  20    3  100  42420 8.833152e-02 0.921
  20    1  200  84420 8.312204e-02 0.921
  20    1  300 126420 8.104143e-02 0.921
  20    6  400 168420 7.981998e-02 0.921
  20   12  500 210420 7.969705e-02 0.921
  20    4  600 252420 7.930856e-02 0.923
  20    7  700 294420 7.927725e-02 0.923
  20   11  800 336420 7.918945e-02 0.923
  20    0  900 378420 7.849506e-02 0.923
  20    0 1000 420420 7.771970e-02 0.923
  21    0    0    420 1.405418e-01 0.899
  21    4  100  42420 9.307407e-02 0.917
  21   38  200  84420 9.195327e-02 0.917
  21   14  300 126420 9.190447e-02 0.917
  21    0  400 168420 8.948011e-02 0.917
  21    9  500 210420 8.183862e-02 0.919
  21    4  600 252420 8.161020e-02 0.921
  21    1  700 294420 7.989409e-02 0.922
  21    7  800 336420 7.956557e-02 0.922
  21    3  900 378420 7.915067e-02 0.922
  21    0 1000 420420 7.874419e-02 0.922
  22    0    0    420 1.974377e-01 0.909
  22    5  100  42420 8.573562e-02 0.916
  22    2  200  84420 8.430437e-02 0.924
  22   13  300 126420 8.240870e-02 0.924
  22   42  400 168420 8.099086e-02 0.924
  22   62  500 210420 8.095883e-02 0.924
  22   10  600 252420 8.095430e-02 0.924
  22   14  700 294420 8.065789e-02 0.924
  22   19  800 336420 8.049064e-02 0.924
  22    0  900 378420 7.789301e-02 0.924
  22   29 1000 420420 7.785876e-02 0.924
  23    0    0    420 2.161634e-01 0.895
  23    4  100  42420 9.462924e-02 0.909
  23    3  200  84420 9.321898e-02 0.914
  23    2  300 126420 9.192708e-02 0.914
  23   48  400 168420 9.157551e-02 0.914
  23    0  500 210420 9.044950e-02 0.914
  23    3  600 252420 8.723970e-02 0.920
  23   16  700 294420 8.132427e-02 0.924
  23    3  800 336420 8.079714e-02 0.924
  23    2  900 378420 7.969551e-02 0.924
  23    0 1000 420420 7.865791e-02 0.925
  24    0    0    420 1.412454e-01 0.890
  24   32  100  42420 9.791512e-02 0.921
  24    3  200  84420 9.701237e-02 0.921
  24    8  300 126420 8.745221e-02 0.923
  24    4  400 168420 8.434025e-02 0.923
  24    4  500 210420 8.425976e-02 0.923
  24    1  600 252420 8.318809e-02 0.923
  24    0  700 294420 7.947250e-02 0.925
  24    0  800 336420 7.867687e-02 0.925
  24   14  900 378420 7.852339e-02 0.925
  24    6 1000 420420 7.842763e-02 0.926
  25    0    0    420 1.490986e-01 0.902
  25    6  100  42420 8.976308e-02 0.924
  25    9  200  84420 8.775826e-02 0.924
  25    1  300 126420 8.472553e-02 0.924
  25    1  400 168420 8.314732e-02 0.924
  25    6  500 210420 8.221923e-02 0.926
  25    5  600 252420 8.094049e-02 0.926
  25    0  700 294420 8.090666e-02 0.926
  25   41  800 336420 8.089553e-02 0.926
  25    0  900 378420 7.881090e-02 0.926
  25    9 1000 420420 7.844725e-02 0.926
  26    0    0    420 1.355843e-01 0.883
  26   31  100  42420 8.960861e-02 0.920
  26   21  200  84420 8.957042e-02 0.920
  26   25  300 126420 8.945573e-02 0.920
  26   24  400 168420 8.945131e-02 0.920
  26    0  500 210420 8.251530e-02 0.921
  26    3  600 252420 8.001657e-02 0.923
  26    1  700 294420 7.841091e-02 0.925
  26    0  800 336420 7.801382e-02 0.925
  26   13  900 378420 7.786255e-02 0.925
  26    4 1000 420420 7.762475e-02 0.925
  27    0    0    420 2.098375e-01 0.836
  27    5  100  42420 8.654452e-02 0.919
  27   45  200  84420 8.641976e-02 0.919
  27   25  300 126420 8.097456e-02 0.919
  27    5  400 168420 7.973258e-02 0.922
  27    0  500 210420 7.943905e-02 0.922
  27    1  600 252420 7.934822e-02 0.923
  27    4  700 294420 7.803245e-02 0.924
  27    2  800 336420 7.802170e-02 0.924
  27    6  900 378420 7.790043e-02 0.925
  27   10 1000 420420 7.767858e-02 0.925
  28    0    0    420 2.218281e-01 0.892
  28    0  100  42420 9.465252e-02 0.920
  28    2  200  84420 8.297426e-02 0.920
  28    5  300 126420 8.207523e-02 0.920
  28    0  400 168420 8.108293e-02 0.922
  28    0  500 210420 7.785233e-02 0.923
  28    4  600 252420 7.779272e-02 0.923
  28    1  700 294420 7.778507e-02 0.926
  28    4  800 336420 7.742734e-02 0.926
  28   23  900 378420 7.739177e-02 0.926
  28    0 1000 420420 7.738672e-02 0.926
  29    0    0    420 2.088635e-01 0.879
  29   11  100  42420 9.164229e-02 0.918
  29   12  200  84420 9.066309e-02 0.920
  29    3  300 126420 8.959413e-02 0.924
  29   19  400 168420 8.951933e-02 0.924
  29    7  500 210420 8.395800e-02 0.926
  29    7  600 252420 8.045114e-02 0.926
  29   19  700 294420 8.004701e-02 0.926
  29   10  800 336420 7.779874e-02 0.926
  29   24  900 378420 7.771519e-02 0.926
  29    2 1000 420420 7.765782e-02 0.926
