Seed:1578878560
N:0 Run:0 0.531392 0.534257 0.468756 0.615664 0.724662 0.715618 0.765087 0.744925 0.768136 0.798954 0.811027 0.848544 0.758775 0.741848 0.704702 0.65353 0.669428 0.640559 0.63821 0.574307 0.620715 1.381597e+00 0.357
N:0 Run:1 0.646253 0.611055 0.488782 0.385846 0.326711 0.273784 0.241269 0.205352 0.249762 0.269664 0.317205 0.360897 0.460997 0.537602 0.574178 0.531993 0.560566 0.596598 0.602155 0.665372 0.663781 1.381597e+00 0.357
N:0 Run:2 0.648577 0.634329 0.535904 0.515666 0.417267 0.359866 0.324675 0.477138 0.615449 0.780504 0.803297 0.84898 0.917633 0.799515 0.770049 0.688746 0.652837 0.636404 0.616318 0.578956 0.570076 1.381597e+00 0.357
N:0 Run:3 0.649941 0.622696 0.623623 0.611252 0.593212 0.549755 0.59042 0.579915 0.55925 0.594498 0.577537 0.550133 0.55744 0.492665 0.601919 0.566769 0.588651 0.566288 0.523548 0.488759 0.483422 1.381597e+00 0.357
N:0 Run:4 0.802224 0.735713 0.637721 0.5117 0.405649 0.302426 0.381087 0.314418 0.403532 0.459342 0.561238 0.496194 0.549957 0.566522 0.596872 0.662825 0.6351 0.510575 0.476968 0.493025 0.53906 1.381597e+00 0.357
N:1 Run:0 0.531392 0.532031 0.470801 0.614346 0.724286 0.718367 0.770547 0.753466 0.775244 0.807297 0.825859 0.869957 0.773188 0.761896 0.718499 0.664742 0.679955 0.652985 0.64257 0.576308 0.618556 1.368623e+00 0.343
N:1 Run:1 0.646253 0.611295 0.486378 0.383964 0.325252 0.274762 0.245264 0.211648 0.252633 0.269594 0.312578 0.353796 0.455217 0.531957 0.569011 0.526646 0.554736 0.596573 0.599113 0.663133 0.66582 1.368623e+00 0.343
N:1 Run:2 0.648577 0.630334 0.528695 0.505085 0.411285 0.360132 0.330698 0.475373 0.605807 0.771234 0.791197 0.83628 0.92094 0.811696 0.783796 0.70192 0.662387 0.640899 0.616471 0.579317 0.567378 1.368623e+00 0.343
N:1 Run:3 0.649941 0.623102 0.62347 0.608413 0.591089 0.549764 0.591618 0.579504 0.561484 0.595111 0.578804 0.553338 0.560113 0.49341 0.604979 0.568704 0.591807 0.567679 0.520211 0.487294 0.478985 1.368623e+00 0.343
N:1 Run:4 0.802224 0.737914 0.635104 0.509446 0.406499 0.310526 0.3918 0.331839 0.427251 0.480938 0.573985 0.504073 0.557786 0.575952 0.610293 0.673047 0.644816 0.516066 0.4808 0.492981 0.537408 1.368623e+00 0.343
N:2 Run:0 0.531392 0.532031 0.470801 0.614346 0.724286 0.718367 0.770547 0.753466 0.775244 0.807297 0.825859 0.869957 0.773188 0.761896 0.718499 0.664742 0.679955 0.652985 0.64257 0.576308 0.618556 1.380016e+00 0.364
N:2 Run:1 0.646253 0.611295 0.486378 0.383964 0.325252 0.274762 0.245264 0.211648 0.252633 0.269594 0.312578 0.353796 0.455217 0.531957 0.569011 0.526646 0.554736 0.596573 0.599113 0.663133 0.66582 1.380016e+00 0.364
N:2 Run:2 0.648577 0.630334 0.528695 0.505085 0.411285 0.360132 0.330698 0.475373 0.605807 0.771234 0.791197 0.83628 0.92094 0.811696 0.783796 0.70192 0.662387 0.640899 0.616471 0.579317 0.567378 1.380016e+00 0.364
N:2 Run:3 0.649941 0.623102 0.62347 0.608413 0.591089 0.549764 0.591618 0.579504 0.561484 0.595111 0.578804 0.553338 0.560113 0.49341 0.604979 0.568704 0.591807 0.567679 0.520211 0.487294 0.478985 1.380016e+00 0.364
N:2 Run:4 0.802224 0.737914 0.635104 0.509446 0.406499 0.310526 0.3918 0.331839 0.427251 0.480938 0.573985 0.504073 0.557786 0.575952 0.610293 0.673047 0.644816 0.516066 0.4808 0.492981 0.537408 1.380016e+00 0.364
N:3 Run:0 0.531392 0.531877 0.469437 0.616311 0.724117 0.712862 0.763242 0.743127 0.763687 0.796065 0.818287 0.863254 0.75964 0.754298 0.70934 0.657356 0.677796 0.652409 0.637687 0.568033 0.613473 1.360172e+00 0.351
N:3 Run:1 0.646253 0.607966 0.475773 0.371255 0.314338 0.266678 0.240552 0.209184 0.253036 0.270294 0.314661 0.356393 0.463349 0.540797 0.574674 0.527267 0.554671 0.601115 0.599249 0.665467 0.668207 1.360172e+00 0.351
N:3 Run:2 0.648577 0.626091 0.516461 0.49097 0.396577 0.348529 0.323089 0.469013 0.601263 0.766492 0.779748 0.820529 0.914343 0.805915 0.780625 0.697816 0.657305 0.635836 0.610022 0.572252 0.560594 1.360172e+00 0.351
N:3 Run:3 0.649941 0.620124 0.619146 0.603666 0.587129 0.546848 0.59326 0.580874 0.565234 0.600309 0.581937 0.557105 0.566269 0.494294 0.61436 0.571549 0.596083 0.568578 0.515416 0.483991 0.475907 1.360172e+00 0.351
N:3 Run:4 0.802224 0.732995 0.621003 0.491239 0.38945 0.297721 0.387048 0.329466 0.432124 0.483624 0.57271 0.495335 0.555316 0.578341 0.618484 0.67924 0.648138 0.509628 0.475026 0.489056 0.535788 1.360172e+00 0.351
N:4 Run:0 0.531392 0.531877 0.469437 0.616311 0.724117 0.712862 0.763242 0.743127 0.763687 0.796065 0.818287 0.863254 0.75964 0.754298 0.70934 0.657356 0.677796 0.652409 0.637687 0.568033 0.613473 1.360636e+00 0.372
N:4 Run:1 0.646253 0.607966 0.475773 0.371255 0.314338 0.266678 0.240552 0.209184 0.253036 0.270294 0.314661 0.356393 0.463349 0.540797 0.574674 0.527267 0.554671 0.601115 0.599249 0.665467 0.668207 1.360636e+00 0.372
N:4 Run:2 0.648577 0.626091 0.516461 0.49097 0.396577 0.348529 0.323089 0.469013 0.601263 0.766492 0.779748 0.820529 0.914343 0.805915 0.780625 0.697816 0.657305 0.635836 0.610022 0.572252 0.560594 1.360636e+00 0.372
N:4 Run:3 0.649941 0.620124 0.619146 0.603666 0.587129 0.546848 0.59326 0.580874 0.565234 0.600309 0.581937 0.557105 0.566269 0.494294 0.61436 0.571549 0.596083 0.568578 0.515416 0.483991 0.475907 1.360636e+00 0.372
N:4 Run:4 0.802224 0.732995 0.621003 0.491239 0.38945 0.297721 0.387048 0.329466 0.432124 0.483624 0.57271 0.495335 0.555316 0.578341 0.618484 0.67924 0.648138 0.509628 0.475026 0.489056 0.535788 1.360636e+00 0.372
N:5 Run:0 0.531392 0.527958 0.46892 0.612131 0.722848 0.718147 0.772926 0.757545 0.776521 0.808424 0.831025 0.88255 0.774567 0.769326 0.718955 0.66192 0.677171 0.652766 0.636065 0.568362 0.607983 1.355147e+00 0.357
N:5 Run:1 0.646253 0.608001 0.475955 0.37386 0.317289 0.268466 0.243029 0.212421 0.25686 0.273754 0.314395 0.354049 0.456616 0.530397 0.565194 0.51899 0.546939 0.593108 0.591432 0.654177 0.659177 1.355147e+00 0.357
N:5 Run:2 0.648577 0.622 0.511624 0.485447 0.392974 0.347743 0.325122 0.471857 0.594892 0.758095 0.769227 0.810427 0.906763 0.801807 0.775442 0.69379 0.654266 0.630075 0.603825 0.569636 0.556668 1.355147e+00 0.357
N:5 Run:3 0.649941 0.619986 0.619036 0.598969 0.581807 0.542007 0.586142 0.570993 0.554702 0.58678 0.571462 0.547583 0.55345 0.485056 0.600266 0.563086 0.588004 0.562034 0.510283 0.480183 0.470487 1.355147e+00 0.357
N:5 Run:4 0.802224 0.732305 0.622086 0.494266 0.39366 0.305287 0.402646 0.34726 0.465233 0.518311 0.601902 0.517165 0.569745 0.585542 0.620566 0.678954 0.646859 0.511301 0.477608 0.489271 0.534379 1.355147e+00 0.357
N:6 Run:0 0.531392 0.527958 0.46892 0.612131 0.722848 0.718147 0.772926 0.757545 0.776521 0.808424 0.831025 0.88255 0.774567 0.769326 0.718955 0.66192 0.677171 0.652766 0.636065 0.568362 0.607983 1.412473e+00 0.363
N:6 Run:1 0.646253 0.608001 0.475955 0.37386 0.317289 0.268466 0.243029 0.212421 0.25686 0.273754 0.314395 0.354049 0.456616 0.530397 0.565194 0.51899 0.546939 0.593108 0.591432 0.654177 0.659177 1.412473e+00 0.363
N:6 Run:2 0.648577 0.622 0.511624 0.485447 0.392974 0.347743 0.325122 0.471857 0.594892 0.758095 0.769227 0.810427 0.906763 0.801807 0.775442 0.69379 0.654266 0.630075 0.603825 0.569636 0.556668 1.412473e+00 0.363
N:6 Run:3 0.649941 0.619986 0.619036 0.598969 0.581807 0.542007 0.586142 0.570993 0.554702 0.58678 0.571462 0.547583 0.55345 0.485056 0.600266 0.563086 0.588004 0.562034 0.510283 0.480183 0.470487 1.412473e+00 0.363
N:6 Run:4 0.802224 0.732305 0.622086 0.494266 0.39366 0.305287 0.402646 0.34726 0.465233 0.518311 0.601902 0.517165 0.569745 0.585542 0.620566 0.678954 0.646859 0.511301 0.477608 0.489271 0.534379 1.412473e+00 0.363
N:7 Run:0 0.531392 0.527958 0.46892 0.612131 0.722848 0.718147 0.772926 0.757545 0.776521 0.808424 0.831025 0.88255 0.774567 0.769326 0.718955 0.66192 0.677171 0.652766 0.636065 0.568362 0.607983 1.364152e+00 0.356
N:7 Run:1 0.646253 0.608001 0.475955 0.37386 0.317289 0.268466 0.243029 0.212421 0.25686 0.273754 0.314395 0.354049 0.456616 0.530397 0.565194 0.51899 0.546939 0.593108 0.591432 0.654177 0.659177 1.364152e+00 0.356
N:7 Run:2 0.648577 0.622 0.511624 0.485447 0.392974 0.347743 0.325122 0.471857 0.594892 0.758095 0.769227 0.810427 0.906763 0.801807 0.775442 0.69379 0.654266 0.630075 0.603825 0.569636 0.556668 1.364152e+00 0.356
N:7 Run:3 0.649941 0.619986 0.619036 0.598969 0.581807 0.542007 0.586142 0.570993 0.554702 0.58678 0.571462 0.547583 0.55345 0.485056 0.600266 0.563086 0.588004 0.562034 0.510283 0.480183 0.470487 1.364152e+00 0.356
N:7 Run:4 0.802224 0.732305 0.622086 0.494266 0.39366 0.305287 0.402646 0.34726 0.465233 0.518311 0.601902 0.517165 0.569745 0.585542 0.620566 0.678954 0.646859 0.511301 0.477608 0.489271 0.534379 1.364152e+00 0.356
N:8 Run:0 0.531392 0.527958 0.46892 0.612131 0.722848 0.718147 0.772926 0.757545 0.776521 0.808424 0.831025 0.88255 0.774567 0.769326 0.718955 0.66192 0.677171 0.652766 0.636065 0.568362 0.607983 1.392639e+00 0.364
N:8 Run:1 0.646253 0.608001 0.475955 0.37386 0.317289 0.268466 0.243029 0.212421 0.25686 0.273754 0.314395 0.354049 0.456616 0.530397 0.565194 0.51899 0.546939 0.593108 0.591432 0.654177 0.659177 1.392639e+00 0.364
N:8 Run:2 0.648577 0.622 0.511624 0.485447 0.392974 0.347743 0.325122 0.471857 0.594892 0.758095 0.769227 0.810427 0.906763 0.801807 0.775442 0.69379 0.654266 0.630075 0.603825 0.569636 0.556668 1.392639e+00 0.364
N:8 Run:3 0.649941 0.619986 0.619036 0.598969 0.581807 0.542007 0.586142 0.570993 0.554702 0.58678 0.571462 0.547583 0.55345 0.485056 0.600266 0.563086 0.588004 0.562034 0.510283 0.480183 0.470487 1.392639e+00 0.364
N:8 Run:4 0.802224 0.732305 0.622086 0.494266 0.39366 0.305287 0.402646 0.34726 0.465233 0.518311 0.601902 0.517165 0.569745 0.585542 0.620566 0.678954 0.646859 0.511301 0.477608 0.489271 0.534379 1.392639e+00 0.364
N:9 Run:0 0.531392 0.527958 0.46892 0.612131 0.722848 0.718147 0.772926 0.757545 0.776521 0.808424 0.831025 0.88255 0.774567 0.769326 0.718955 0.66192 0.677171 0.652766 0.636065 0.568362 0.607983 1.393319e+00 0.347
N:9 Run:1 0.646253 0.608001 0.475955 0.37386 0.317289 0.268466 0.243029 0.212421 0.25686 0.273754 0.314395 0.354049 0.456616 0.530397 0.565194 0.51899 0.546939 0.593108 0.591432 0.654177 0.659177 1.393319e+00 0.347
N:9 Run:2 0.648577 0.622 0.511624 0.485447 0.392974 0.347743 0.325122 0.471857 0.594892 0.758095 0.769227 0.810427 0.906763 0.801807 0.775442 0.69379 0.654266 0.630075 0.603825 0.569636 0.556668 1.393319e+00 0.347
N:9 Run:3 0.649941 0.619986 0.619036 0.598969 0.581807 0.542007 0.586142 0.570993 0.554702 0.58678 0.571462 0.547583 0.55345 0.485056 0.600266 0.563086 0.588004 0.562034 0.510283 0.480183 0.470487 1.393319e+00 0.347
N:9 Run:4 0.802224 0.732305 0.622086 0.494266 0.39366 0.305287 0.402646 0.34726 0.465233 0.518311 0.601902 0.517165 0.569745 0.585542 0.620566 0.678954 0.646859 0.511301 0.477608 0.489271 0.534379 1.393319e+00 0.347
N:10 Run:0 0.531392 0.527958 0.46892 0.612131 0.722848 0.718147 0.772926 0.757545 0.776521 0.808424 0.831025 0.88255 0.774567 0.769326 0.718955 0.66192 0.677171 0.652766 0.636065 0.568362 0.607983 1.386124e+00 0.342
N:10 Run:1 0.646253 0.608001 0.475955 0.37386 0.317289 0.268466 0.243029 0.212421 0.25686 0.273754 0.314395 0.354049 0.456616 0.530397 0.565194 0.51899 0.546939 0.593108 0.591432 0.654177 0.659177 1.386124e+00 0.342
N:10 Run:2 0.648577 0.622 0.511624 0.485447 0.392974 0.347743 0.325122 0.471857 0.594892 0.758095 0.769227 0.810427 0.906763 0.801807 0.775442 0.69379 0.654266 0.630075 0.603825 0.569636 0.556668 1.386124e+00 0.342
N:10 Run:3 0.649941 0.619986 0.619036 0.598969 0.581807 0.542007 0.586142 0.570993 0.554702 0.58678 0.571462 0.547583 0.55345 0.485056 0.600266 0.563086 0.588004 0.562034 0.510283 0.480183 0.470487 1.386124e+00 0.342
N:10 Run:4 0.802224 0.732305 0.622086 0.494266 0.39366 0.305287 0.402646 0.34726 0.465233 0.518311 0.601902 0.517165 0.569745 0.585542 0.620566 0.678954 0.646859 0.511301 0.477608 0.489271 0.534379 1.386124e+00 0.342
N:11 Run:0 0.531392 0.527958 0.46892 0.612131 0.722848 0.718147 0.772926 0.757545 0.776521 0.808424 0.831025 0.88255 0.774567 0.769326 0.718955 0.66192 0.677171 0.652766 0.636065 0.568362 0.607983 1.374941e+00 0.356
N:11 Run:1 0.646253 0.608001 0.475955 0.37386 0.317289 0.268466 0.243029 0.212421 0.25686 0.273754 0.314395 0.354049 0.456616 0.530397 0.565194 0.51899 0.546939 0.593108 0.591432 0.654177 0.659177 1.374941e+00 0.356
N:11 Run:2 0.648577 0.622 0.511624 0.485447 0.392974 0.347743 0.325122 0.471857 0.594892 0.758095 0.769227 0.810427 0.906763 0.801807 0.775442 0.69379 0.654266 0.630075 0.603825 0.569636 0.556668 1.374941e+00 0.356
N:11 Run:3 0.649941 0.619986 0.619036 0.598969 0.581807 0.542007 0.586142 0.570993 0.554702 0.58678 0.571462 0.547583 0.55345 0.485056 0.600266 0.563086 0.588004 0.562034 0.510283 0.480183 0.470487 1.374941e+00 0.356
N:11 Run:4 0.802224 0.732305 0.622086 0.494266 0.39366 0.305287 0.402646 0.34726 0.465233 0.518311 0.601902 0.517165 0.569745 0.585542 0.620566 0.678954 0.646859 0.511301 0.477608 0.489271 0.534379 1.374941e+00 0.356
N:12 Run:0 0.531392 0.527958 0.46892 0.612131 0.722848 0.718147 0.772926 0.757545 0.776521 0.808424 0.831025 0.88255 0.774567 0.769326 0.718955 0.66192 0.677171 0.652766 0.636065 0.568362 0.607983 1.363138e+00 0.349
N:12 Run:1 0.646253 0.608001 0.475955 0.37386 0.317289 0.268466 0.243029 0.212421 0.25686 0.273754 0.314395 0.354049 0.456616 0.530397 0.565194 0.51899 0.546939 0.593108 0.591432 0.654177 0.659177 1.363138e+00 0.349
N:12 Run:2 0.648577 0.622 0.511624 0.485447 0.392974 0.347743 0.325122 0.471857 0.594892 0.758095 0.769227 0.810427 0.906763 0.801807 0.775442 0.69379 0.654266 0.630075 0.603825 0.569636 0.556668 1.363138e+00 0.349
N:12 Run:3 0.649941 0.619986 0.619036 0.598969 0.581807 0.542007 0.586142 0.570993 0.554702 0.58678 0.571462 0.547583 0.55345 0.485056 0.600266 0.563086 0.588004 0.562034 0.510283 0.480183 0.470487 1.363138e+00 0.349
N:12 Run:4 0.802224 0.732305 0.622086 0.494266 0.39366 0.305287 0.402646 0.34726 0.465233 0.518311 0.601902 0.517165 0.569745 0.585542 0.620566 0.678954 0.646859 0.511301 0.477608 0.489271 0.534379 1.363138e+00 0.349
N:13 Run:0 0.531392 0.527958 0.46892 0.612131 0.722848 0.718147 0.772926 0.757545 0.776521 0.808424 0.831025 0.88255 0.774567 0.769326 0.718955 0.66192 0.677171 0.652766 0.636065 0.568362 0.607983 1.368083e+00 0.343
N:13 Run:1 0.646253 0.608001 0.475955 0.37386 0.317289 0.268466 0.243029 0.212421 0.25686 0.273754 0.314395 0.354049 0.456616 0.530397 0.565194 0.51899 0.546939 0.593108 0.591432 0.654177 0.659177 1.368083e+00 0.343
N:13 Run:2 0.648577 0.622 0.511624 0.485447 0.392974 0.347743 0.325122 0.471857 0.594892 0.758095 0.769227 0.810427 0.906763 0.801807 0.775442 0.69379 0.654266 0.630075 0.603825 0.569636 0.556668 1.368083e+00 0.343
N:13 Run:3 0.649941 0.619986 0.619036 0.598969 0.581807 0.542007 0.586142 0.570993 0.554702 0.58678 0.571462 0.547583 0.55345 0.485056 0.600266 0.563086 0.588004 0.562034 0.510283 0.480183 0.470487 1.368083e+00 0.343
N:13 Run:4 0.802224 0.732305 0.622086 0.494266 0.39366 0.305287 0.402646 0.34726 0.465233 0.518311 0.601902 0.517165 0.569745 0.585542 0.620566 0.678954 0.646859 0.511301 0.477608 0.489271 0.534379 1.368083e+00 0.343
N:14 Run:0 0.531392 0.527958 0.46892 0.612131 0.722848 0.718147 0.772926 0.757545 0.776521 0.808424 0.831025 0.88255 0.774567 0.769326 0.718955 0.66192 0.677171 0.652766 0.636065 0.568362 0.607983 1.376258e+00 0.363
N:14 Run:1 0.646253 0.608001 0.475955 0.37386 0.317289 0.268466 0.243029 0.212421 0.25686 0.273754 0.314395 0.354049 0.456616 0.530397 0.565194 0.51899 0.546939 0.593108 0.591432 0.654177 0.659177 1.376258e+00 0.363
N:14 Run:2 0.648577 0.622 0.511624 0.485447 0.392974 0.347743 0.325122 0.471857 0.594892 0.758095 0.769227 0.810427 0.906763 0.801807 0.775442 0.69379 0.654266 0.630075 0.603825 0.569636 0.556668 1.376258e+00 0.363
N:14 Run:3 0.649941 0.619986 0.619036 0.598969 0.581807 0.542007 0.586142 0.570993 0.554702 0.58678 0.571462 0.547583 0.55345 0.485056 0.600266 0.563086 0.588004 0.562034 0.510283 0.480183 0.470487 1.376258e+00 0.363
N:14 Run:4 0.802224 0.732305 0.622086 0.494266 0.39366 0.305287 0.402646 0.34726 0.465233 0.518311 0.601902 0.517165 0.569745 0.585542 0.620566 0.678954 0.646859 0.511301 0.477608 0.489271 0.534379 1.376258e+00 0.363
N:15 Run:0 0.531392 0.527958 0.46892 0.612131 0.722848 0.718147 0.772926 0.757545 0.776521 0.808424 0.831025 0.88255 0.774567 0.769326 0.718955 0.66192 0.677171 0.652766 0.636065 0.568362 0.607983 1.381256e+00 0.361
N:15 Run:1 0.646253 0.608001 0.475955 0.37386 0.317289 0.268466 0.243029 0.212421 0.25686 0.273754 0.314395 0.354049 0.456616 0.530397 0.565194 0.51899 0.546939 0.593108 0.591432 0.654177 0.659177 1.381256e+00 0.361
N:15 Run:2 0.648577 0.622 0.511624 0.485447 0.392974 0.347743 0.325122 0.471857 0.594892 0.758095 0.769227 0.810427 0.906763 0.801807 0.775442 0.69379 0.654266 0.630075 0.603825 0.569636 0.556668 1.381256e+00 0.361
N:15 Run:3 0.649941 0.619986 0.619036 0.598969 0.581807 0.542007 0.586142 0.570993 0.554702 0.58678 0.571462 0.547583 0.55345 0.485056 0.600266 0.563086 0.588004 0.562034 0.510283 0.480183 0.470487 1.381256e+00 0.361
N:15 Run:4 0.802224 0.732305 0.622086 0.494266 0.39366 0.305287 0.402646 0.34726 0.465233 0.518311 0.601902 0.517165 0.569745 0.585542 0.620566 0.678954 0.646859 0.511301 0.477608 0.489271 0.534379 1.381256e+00 0.361
N:16 Run:0 0.531392 0.527958 0.46892 0.612131 0.722848 0.718147 0.772926 0.757545 0.776521 0.808424 0.831025 0.88255 0.774567 0.769326 0.718955 0.66192 0.677171 0.652766 0.636065 0.568362 0.607983 1.362181e+00 0.345
N:16 Run:1 0.646253 0.608001 0.475955 0.37386 0.317289 0.268466 0.243029 0.212421 0.25686 0.273754 0.314395 0.354049 0.456616 0.530397 0.565194 0.51899 0.546939 0.593108 0.591432 0.654177 0.659177 1.362181e+00 0.345
N:16 Run:2 0.648577 0.622 0.511624 0.485447 0.392974 0.347743 0.325122 0.471857 0.594892 0.758095 0.769227 0.810427 0.906763 0.801807 0.775442 0.69379 0.654266 0.630075 0.603825 0.569636 0.556668 1.362181e+00 0.345
N:16 Run:3 0.649941 0.619986 0.619036 0.598969 0.581807 0.542007 0.586142 0.570993 0.554702 0.58678 0.571462 0.547583 0.55345 0.485056 0.600266 0.563086 0.588004 0.562034 0.510283 0.480183 0.470487 1.362181e+00 0.345
N:16 Run:4 0.802224 0.732305 0.622086 0.494266 0.39366 0.305287 0.402646 0.34726 0.465233 0.518311 0.601902 0.517165 0.569745 0.585542 0.620566 0.678954 0.646859 0.511301 0.477608 0.489271 0.534379 1.362181e+00 0.345
N:17 Run:0 0.531392 0.527958 0.46892 0.612131 0.722848 0.718147 0.772926 0.757545 0.776521 0.808424 0.831025 0.88255 0.774567 0.769326 0.718955 0.66192 0.677171 0.652766 0.636065 0.568362 0.607983 1.373560e+00 0.353
N:17 Run:1 0.646253 0.608001 0.475955 0.37386 0.317289 0.268466 0.243029 0.212421 0.25686 0.273754 0.314395 0.354049 0.456616 0.530397 0.565194 0.51899 0.546939 0.593108 0.591432 0.654177 0.659177 1.373560e+00 0.353
N:17 Run:2 0.648577 0.622 0.511624 0.485447 0.392974 0.347743 0.325122 0.471857 0.594892 0.758095 0.769227 0.810427 0.906763 0.801807 0.775442 0.69379 0.654266 0.630075 0.603825 0.569636 0.556668 1.373560e+00 0.353
N:17 Run:3 0.649941 0.619986 0.619036 0.598969 0.581807 0.542007 0.586142 0.570993 0.554702 0.58678 0.571462 0.547583 0.55345 0.485056 0.600266 0.563086 0.588004 0.562034 0.510283 0.480183 0.470487 1.373560e+00 0.353
N:17 Run:4 0.802224 0.732305 0.622086 0.494266 0.39366 0.305287 0.402646 0.34726 0.465233 0.518311 0.601902 0.517165 0.569745 0.585542 0.620566 0.678954 0.646859 0.511301 0.477608 0.489271 0.534379 1.373560e+00 0.353
N:18 Run:0 0.531392 0.530376 0.472964 0.614564 0.722738 0.71709 0.770163 0.754467 0.773132 0.805085 0.829683 0.879891 0.773003 0.770235 0.720685 0.665855 0.682829 0.659311 0.640338 0.571752 0.611638 1.351585e+00 0.347
N:18 Run:1 0.646253 0.609575 0.476541 0.373509 0.315753 0.265571 0.238913 0.207932 0.252443 0.270368 0.312767 0.353811 0.459545 0.535014 0.569782 0.523761 0.551149 0.59931 0.596326 0.659707 0.665566 1.351585e+00 0.347
N:18 Run:2 0.648577 0.623196 0.510379 0.481833 0.388202 0.340997 0.316749 0.459975 0.587365 0.751517 0.764261 0.805298 0.905331 0.805533 0.781351 0.700928 0.660627 0.636143 0.608824 0.573845 0.560369 1.351585e+00 0.347
N:18 Run:3 0.649941 0.621579 0.6209 0.602171 0.58607 0.547591 0.592626 0.578201 0.563515 0.595665 0.579672 0.556522 0.563404 0.493319 0.609603 0.570413 0.595548 0.568663 0.514356 0.485119 0.474996 1.351585e+00 0.347
N:18 Run:4 0.802224 0.734407 0.621638 0.491269 0.388995 0.299374 0.39281 0.337123 0.452779 0.504025 0.588851 0.505484 0.564584 0.586219 0.625683 0.683499 0.652665 0.515282 0.48136 0.492671 0.537591 1.351585e+00 0.347
N:19 Run:0 0.531392 0.530376 0.472964 0.614564 0.722738 0.71709 0.770163 0.754467 0.773132 0.805085 0.829683 0.879891 0.773003 0.770235 0.720685 0.665855 0.682829 0.659311 0.640338 0.571752 0.611638 1.369809e+00 0.382
N:19 Run:1 0.646253 0.609575 0.476541 0.373509 0.315753 0.265571 0.238913 0.207932 0.252443 0.270368 0.312767 0.353811 0.459545 0.535014 0.569782 0.523761 0.551149 0.59931 0.596326 0.659707 0.665566 1.369809e+00 0.382
N:19 Run:2 0.648577 0.623196 0.510379 0.481833 0.388202 0.340997 0.316749 0.459975 0.587365 0.751517 0.764261 0.805298 0.905331 0.805533 0.781351 0.700928 0.660627 0.636143 0.608824 0.573845 0.560369 1.369809e+00 0.382
N:19 Run:3 0.649941 0.621579 0.6209 0.602171 0.58607 0.547591 0.592626 0.578201 0.563515 0.595665 0.579672 0.556522 0.563404 0.493319 0.609603 0.570413 0.595548 0.568663 0.514356 0.485119 0.474996 1.369809e+00 0.382
N:19 Run:4 0.802224 0.734407 0.621638 0.491269 0.388995 0.299374 0.39281 0.337123 0.452779 0.504025 0.588851 0.505484 0.564584 0.586219 0.625683 0.683499 0.652665 0.515282 0.48136 0.492671 0.537591 1.369809e+00 0.382
N:20 Run:0 0.531392 0.530376 0.472964 0.614564 0.722738 0.71709 0.770163 0.754467 0.773132 0.805085 0.829683 0.879891 0.773003 0.770235 0.720685 0.665855 0.682829 0.659311 0.640338 0.571752 0.611638 1.362115e+00 0.349
N:20 Run:1 0.646253 0.609575 0.476541 0.373509 0.315753 0.265571 0.238913 0.207932 0.252443 0.270368 0.312767 0.353811 0.459545 0.535014 0.569782 0.523761 0.551149 0.59931 0.596326 0.659707 0.665566 1.362115e+00 0.349
N:20 Run:2 0.648577 0.623196 0.510379 0.481833 0.388202 0.340997 0.316749 0.459975 0.587365 0.751517 0.764261 0.805298 0.905331 0.805533 0.781351 0.700928 0.660627 0.636143 0.608824 0.573845 0.560369 1.362115e+00 0.349
N:20 Run:3 0.649941 0.621579 0.6209 0.602171 0.58607 0.547591 0.592626 0.578201 0.563515 0.595665 0.579672 0.556522 0.563404 0.493319 0.609603 0.570413 0.595548 0.568663 0.514356 0.485119 0.474996 1.362115e+00 0.349
N:20 Run:4 0.802224 0.734407 0.621638 0.491269 0.388995 0.299374 0.39281 0.337123 0.452779 0.504025 0.588851 0.505484 0.564584 0.586219 0.625683 0.683499 0.652665 0.515282 0.48136 0.492671 0.537591 1.362115e+00 0.349
N:21 Run:0 0.531392 0.530376 0.472964 0.614564 0.722738 0.71709 0.770163 0.754467 0.773132 0.805085 0.829683 0.879891 0.773003 0.770235 0.720685 0.665855 0.682829 0.659311 0.640338 0.571752 0.611638 1.374675e+00 0.352
N:21 Run:1 0.646253 0.609575 0.476541 0.373509 0.315753 0.265571 0.238913 0.207932 0.252443 0.270368 0.312767 0.353811 0.459545 0.535014 0.569782 0.523761 0.551149 0.59931 0.596326 0.659707 0.665566 1.374675e+00 0.352
N:21 Run:2 0.648577 0.623196 0.510379 0.481833 0.388202 0.340997 0.316749 0.459975 0.587365 0.751517 0.764261 0.805298 0.905331 0.805533 0.781351 0.700928 0.660627 0.636143 0.608824 0.573845 0.560369 1.374675e+00 0.352
N:21 Run:3 0.649941 0.621579 0.6209 0.602171 0.58607 0.547591 0.592626 0.578201 0.563515 0.595665 0.579672 0.556522 0.563404 0.493319 0.609603 0.570413 0.595548 0.568663 0.514356 0.485119 0.474996 1.374675e+00 0.352
N:21 Run:4 0.802224 0.734407 0.621638 0.491269 0.388995 0.299374 0.39281 0.337123 0.452779 0.504025 0.588851 0.505484 0.564584 0.586219 0.625683 0.683499 0.652665 0.515282 0.48136 0.492671 0.537591 1.374675e+00 0.352
N:22 Run:0 0.531392 0.530376 0.472964 0.614564 0.722738 0.71709 0.770163 0.754467 0.773132 0.805085 0.829683 0.879891 0.773003 0.770235 0.720685 0.665855 0.682829 0.659311 0.640338 0.571752 0.611638 1.365648e+00 0.350
N:22 Run:1 0.646253 0.609575 0.476541 0.373509 0.315753 0.265571 0.238913 0.207932 0.252443 0.270368 0.312767 0.353811 0.459545 0.535014 0.569782 0.523761 0.551149 0.59931 0.596326 0.659707 0.665566 1.365648e+00 0.350
N:22 Run:2 0.648577 0.623196 0.510379 0.481833 0.388202 0.340997 0.316749 0.459975 0.587365 0.751517 0.764261 0.805298 0.905331 0.805533 0.781351 0.700928 0.660627 0.636143 0.608824 0.573845 0.560369 1.365648e+00 0.350
N:22 Run:3 0.649941 0.621579 0.6209 0.602171 0.58607 0.547591 0.592626 0.578201 0.563515 0.595665 0.579672 0.556522 0.563404 0.493319 0.609603 0.570413 0.595548 0.568663 0.514356 0.485119 0.474996 1.365648e+00 0.350
N:22 Run:4 0.802224 0.734407 0.621638 0.491269 0.388995 0.299374 0.39281 0.337123 0.452779 0.504025 0.588851 0.505484 0.564584 0.586219 0.625683 0.683499 0.652665 0.515282 0.48136 0.492671 0.537591 1.365648e+00 0.350
N:23 Run:0 0.531392 0.530376 0.472964 0.614564 0.722738 0.71709 0.770163 0.754467 0.773132 0.805085 0.829683 0.879891 0.773003 0.770235 0.720685 0.665855 0.682829 0.659311 0.640338 0.571752 0.611638 1.390801e+00 0.348
N:23 Run:1 0.646253 0.609575 0.476541 0.373509 0.315753 0.265571 0.238913 0.207932 0.252443 0.270368 0.312767 0.353811 0.459545 0.535014 0.569782 0.523761 0.551149 0.59931 0.596326 0.659707 0.665566 1.390801e+00 0.348
N:23 Run:2 0.648577 0.623196 0.510379 0.481833 0.388202 0.340997 0.316749 0.459975 0.587365 0.751517 0.764261 0.805298 0.905331 0.805533 0.781351 0.700928 0.660627 0.636143 0.608824 0.573845 0.560369 1.390801e+00 0.348
N:23 Run:3 0.649941 0.621579 0.6209 0.602171 0.58607 0.547591 0.592626 0.578201 0.563515 0.595665 0.579672 0.556522 0.563404 0.493319 0.609603 0.570413 0.595548 0.568663 0.514356 0.485119 0.474996 1.390801e+00 0.348
N:23 Run:4 0.802224 0.734407 0.621638 0.491269 0.388995 0.299374 0.39281 0.337123 0.452779 0.504025 0.588851 0.505484 0.564584 0.586219 0.625683 0.683499 0.652665 0.515282 0.48136 0.492671 0.537591 1.390801e+00 0.348
N:24 Run:0 0.531392 0.530376 0.472964 0.614564 0.722738 0.71709 0.770163 0.754467 0.773132 0.805085 0.829683 0.879891 0.773003 0.770235 0.720685 0.665855 0.682829 0.659311 0.640338 0.571752 0.611638 1.356575e+00 0.363
N:24 Run:1 0.646253 0.609575 0.476541 0.373509 0.315753 0.265571 0.238913 0.207932 0.252443 0.270368 0.312767 0.353811 0.459545 0.535014 0.569782 0.523761 0.551149 0.59931 0.596326 0.659707 0.665566 1.356575e+00 0.363
N:24 Run:2 0.648577 0.623196 0.510379 0.481833 0.388202 0.340997 0.316749 0.459975 0.587365 0.751517 0.764261 0.805298 0.905331 0.805533 0.781351 0.700928 0.660627 0.636143 0.608824 0.573845 0.560369 1.356575e+00 0.363
N:24 Run:3 0.649941 0.621579 0.6209 0.602171 0.58607 0.547591 0.592626 0.578201 0.563515 0.595665 0.579672 0.556522 0.563404 0.493319 0.609603 0.570413 0.595548 0.568663 0.514356 0.485119 0.474996 1.356575e+00 0.363
N:24 Run:4 0.802224 0.734407 0.621638 0.491269 0.388995 0.299374 0.39281 0.337123 0.452779 0.504025 0.588851 0.505484 0.564584 0.586219 0.625683 0.683499 0.652665 0.515282 0.48136 0.492671 0.537591 1.356575e+00 0.363
N:25 Run:0 0.531392 0.530376 0.472964 0.614564 0.722738 0.71709 0.770163 0.754467 0.773132 0.805085 0.829683 0.879891 0.773003 0.770235 0.720685 0.665855 0.682829 0.659311 0.640338 0.571752 0.611638 1.379200e+00 0.364
N:25 Run:1 0.646253 0.609575 0.476541 0.373509 0.315753 0.265571 0.238913 0.207932 0.252443 0.270368 0.312767 0.353811 0.459545 0.535014 0.569782 0.523761 0.551149 0.59931 0.596326 0.659707 0.665566 1.379200e+00 0.364
N:25 Run:2 0.648577 0.623196 0.510379 0.481833 0.388202 0.340997 0.316749 0.459975 0.587365 0.751517 0.764261 0.805298 0.905331 0.805533 0.781351 0.700928 0.660627 0.636143 0.608824 0.573845 0.560369 1.379200e+00 0.364
N:25 Run:3 0.649941 0.621579 0.6209 0.602171 0.58607 0.547591 0.592626 0.578201 0.563515 0.595665 0.579672 0.556522 0.563404 0.493319 0.609603 0.570413 0.595548 0.568663 0.514356 0.485119 0.474996 1.379200e+00 0.364
N:25 Run:4 0.802224 0.734407 0.621638 0.491269 0.388995 0.299374 0.39281 0.337123 0.452779 0.504025 0.588851 0.505484 0.564584 0.586219 0.625683 0.683499 0.652665 0.515282 0.48136 0.492671 0.537591 1.379200e+00 0.364
N:26 Run:0 0.531392 0.530376 0.472964 0.614564 0.722738 0.71709 0.770163 0.754467 0.773132 0.805085 0.829683 0.879891 0.773003 0.770235 0.720685 0.665855 0.682829 0.659311 0.640338 0.571752 0.611638 1.359476e+00 0.351
N:26 Run:1 0.646253 0.609575 0.476541 0.373509 0.315753 0.265571 0.238913 0.207932 0.252443 0.270368 0.312767 0.353811 0.459545 0.535014 0.569782 0.523761 0.551149 0.59931 0.596326 0.659707 0.665566 1.359476e+00 0.351
N:26 Run:2 0.648577 0.623196 0.510379 0.481833 0.388202 0.340997 0.316749 0.459975 0.587365 0.751517 0.764261 0.805298 0.905331 0.805533 0.781351 0.700928 0.660627 0.636143 0.608824 0.573845 0.560369 1.359476e+00 0.351
N:26 Run:3 0.649941 0.621579 0.6209 0.602171 0.58607 0.547591 0.592626 0.578201 0.563515 0.595665 0.579672 0.556522 0.563404 0.493319 0.609603 0.570413 0.595548 0.568663 0.514356 0.485119 0.474996 1.359476e+00 0.351
N:26 Run:4 0.802224 0.734407 0.621638 0.491269 0.388995 0.299374 0.39281 0.337123 0.452779 0.504025 0.588851 0.505484 0.564584 0.586219 0.625683 0.683499 0.652665 0.515282 0.48136 0.492671 0.537591 1.359476e+00 0.351
N:27 Run:0 0.531392 0.530376 0.472964 0.614564 0.722738 0.71709 0.770163 0.754467 0.773132 0.805085 0.829683 0.879891 0.773003 0.770235 0.720685 0.665855 0.682829 0.659311 0.640338 0.571752 0.611638 1.359743e+00 0.352
N:27 Run:1 0.646253 0.609575 0.476541 0.373509 0.315753 0.265571 0.238913 0.207932 0.252443 0.270368 0.312767 0.353811 0.459545 0.535014 0.569782 0.523761 0.551149 0.59931 0.596326 0.659707 0.665566 1.359743e+00 0.352
N:27 Run:2 0.648577 0.623196 0.510379 0.481833 0.388202 0.340997 0.316749 0.459975 0.587365 0.751517 0.764261 0.805298 0.905331 0.805533 0.781351 0.700928 0.660627 0.636143 0.608824 0.573845 0.560369 1.359743e+00 0.352
N:27 Run:3 0.649941 0.621579 0.6209 0.602171 0.58607 0.547591 0.592626 0.578201 0.563515 0.595665 0.579672 0.556522 0.563404 0.493319 0.609603 0.570413 0.595548 0.568663 0.514356 0.485119 0.474996 1.359743e+00 0.352
N:27 Run:4 0.802224 0.734407 0.621638 0.491269 0.388995 0.299374 0.39281 0.337123 0.452779 0.504025 0.588851 0.505484 0.564584 0.586219 0.625683 0.683499 0.652665 0.515282 0.48136 0.492671 0.537591 1.359743e+00 0.352
N:28 Run:0 0.531392 0.530376 0.472964 0.614564 0.722738 0.71709 0.770163 0.754467 0.773132 0.805085 0.829683 0.879891 0.773003 0.770235 0.720685 0.665855 0.682829 0.659311 0.640338 0.571752 0.611638 1.372337e+00 0.347
N:28 Run:1 0.646253 0.609575 0.476541 0.373509 0.315753 0.265571 0.238913 0.207932 0.252443 0.270368 0.312767 0.353811 0.459545 0.535014 0.569782 0.523761 0.551149 0.59931 0.596326 0.659707 0.665566 1.372337e+00 0.347
N:28 Run:2 0.648577 0.623196 0.510379 0.481833 0.388202 0.340997 0.316749 0.459975 0.587365 0.751517 0.764261 0.805298 0.905331 0.805533 0.781351 0.700928 0.660627 0.636143 0.608824 0.573845 0.560369 1.372337e+00 0.347
N:28 Run:3 0.649941 0.621579 0.6209 0.602171 0.58607 0.547591 0.592626 0.578201 0.563515 0.595665 0.579672 0.556522 0.563404 0.493319 0.609603 0.570413 0.595548 0.568663 0.514356 0.485119 0.474996 1.372337e+00 0.347
N:28 Run:4 0.802224 0.734407 0.621638 0.491269 0.388995 0.299374 0.39281 0.337123 0.452779 0.504025 0.588851 0.505484 0.564584 0.586219 0.625683 0.683499 0.652665 0.515282 0.48136 0.492671 0.537591 1.372337e+00 0.347
N:29 Run:0 0.531392 0.530376 0.472964 0.614564 0.722738 0.71709 0.770163 0.754467 0.773132 0.805085 0.829683 0.879891 0.773003 0.770235 0.720685 0.665855 0.682829 0.659311 0.640338 0.571752 0.611638 1.364653e+00 0.366
N:29 Run:1 0.646253 0.609575 0.476541 0.373509 0.315753 0.265571 0.238913 0.207932 0.252443 0.270368 0.312767 0.353811 0.459545 0.535014 0.569782 0.523761 0.551149 0.59931 0.596326 0.659707 0.665566 1.364653e+00 0.366
N:29 Run:2 0.648577 0.623196 0.510379 0.481833 0.388202 0.340997 0.316749 0.459975 0.587365 0.751517 0.764261 0.805298 0.905331 0.805533 0.781351 0.700928 0.660627 0.636143 0.608824 0.573845 0.560369 1.364653e+00 0.366
N:29 Run:3 0.649941 0.621579 0.6209 0.602171 0.58607 0.547591 0.592626 0.578201 0.563515 0.595665 0.579672 0.556522 0.563404 0.493319 0.609603 0.570413 0.595548 0.568663 0.514356 0.485119 0.474996 1.364653e+00 0.366
N:29 Run:4 0.802224 0.734407 0.621638 0.491269 0.388995 0.299374 0.39281 0.337123 0.452779 0.504025 0.588851 0.505484 0.564584 0.586219 0.625683 0.683499 0.652665 0.515282 0.48136 0.492671 0.537591 1.364653e+00 0.366
