   0    0    0    396 8.970112e+00 0.856
   0    8  100  42087 3.609776e+00 0.892
   0    2  200  83852 3.380414e+00 0.911
   0    6  300 125669 2.995963e+00 0.920
   0    1  400 167390 2.951419e+00 0.920
   0   16  500 209025 2.605682e+00 0.920
   0    2  600 250573 2.594320e+00 0.920
   0    0  700 292146 2.522915e+00 0.920
   0    2  800 333670 2.479605e+00 0.921
   0    0  900 375233 2.305351e+00 0.921
   0    4 1000 416777 2.137632e+00 0.921
   1    0    0    402 1.315745e+01 0.858
   1    0  100  42175 3.787165e+00 0.910
   1    1  200  84019 2.677713e+00 0.921
   1   34  300 125847 2.673155e+00 0.924
   1    6  400 167637 2.646318e+00 0.924
   1    3  500 209353 2.615077e+00 0.924
   1    0  600 251094 2.509719e+00 0.925
   1    8  700 292770 2.354390e+00 0.925
   1    3  800 334430 2.337642e+00 0.926
   1    9  900 376071 2.314472e+00 0.926
   1   26 1000 417693 2.297548e+00 0.926
   2    0    0    400 4.979364e+00 0.824
   2   42  100  41919 2.887818e+00 0.909
   2   15  200  83452 2.866672e+00 0.921
   2   20  300 125012 2.853522e+00 0.921
   2   15  400 166583 2.770857e+00 0.921
   2    0  500 208077 2.734375e+00 0.921
   2   16  600 249676 2.620430e+00 0.921
   2    0  700 291229 2.379656e+00 0.921
   2    4  800 332827 2.348978e+00 0.921
   2   45  900 374354 2.103344e+00 0.921
   2   49 1000 415880 2.101058e+00 0.921
   3    0    0    398 8.596922e+00 0.772
   3    1  100  42002 3.304323e+00 0.918
   3    5  200  83617 3.137151e+00 0.918
   3    8  300 125203 2.610279e+00 0.922
   3   15  400 166768 2.531884e+00 0.922
   3   25  500 208352 2.521817e+00 0.922
   3    3  600 249974 2.482930e+00 0.925
   3   16  700 291583 2.458645e+00 0.925
   3    0  800 333136 2.429017e+00 0.925
   3   43  900 374735 2.400266e+00 0.925
   3    2 1000 416312 2.306009e+00 0.925
   4    0    0    400 6.137763e+00 0.847
   4    1  100  41991 3.456582e+00 0.906
   4    0  200  83702 3.135171e+00 0.924
   4   28  300 125448 2.948775e+00 0.924
   4   11  400 167106 2.935035e+00 0.924
   4   71  500 208714 2.928943e+00 0.924
   4   13  600 250294 2.889208e+00 0.924
   4   22  700 291876 2.835056e+00 0.924
   4    6  800 333473 2.805659e+00 0.924
   4    4  900 375044 2.795544e+00 0.924
   4    0 1000 416622 2.475085e+00 0.924
   5    0    0    395 1.366854e+01 0.688
   5   11  100  41974 3.086008e+00 0.923
   5    0  200  83588 2.912337e+00 0.923
   5    0  300 125200 2.884315e+00 0.923
   5   17  400 166830 2.871614e+00 0.923
   5   55  500 208436 2.845808e+00 0.923
   5    5  600 250025 2.712593e+00 0.923
   5    5  700 291525 2.542547e+00 0.923
   5    1  800 333067 2.356183e+00 0.923
   5    5  900 374603 2.033601e+00 0.925
   5    1 1000 416068 2.001948e+00 0.925
   6    0    0    397 1.469051e+01 0.711
   6    6  100  42244 2.708736e+00 0.914
   6    1  200  84154 2.367515e+00 0.919
   6   29  300 126013 2.246409e+00 0.924
   6   30  400 167777 2.204690e+00 0.925
   6   22  500 209459 2.200240e+00 0.925
   6   56  600 251036 2.170366e+00 0.926
   6    0  700 292621 2.167790e+00 0.926
   6    8  800 334205 2.153902e+00 0.926
   6   16  900 375782 2.149101e+00 0.927
   6    3 1000 417399 2.143974e+00 0.929
   7    0    0    397 1.083412e+01 0.858
   7    6  100  41995 3.077830e+00 0.908
   7    7  200  83662 2.952839e+00 0.908
   7   14  300 125305 2.869321e+00 0.916
   7   14  400 167010 2.748392e+00 0.916
   7    1  500 208834 2.550890e+00 0.920
   7    7  600 250520 2.518982e+00 0.921
   7   18  700 292173 2.427316e+00 0.922
   7    2  800 333779 2.118189e+00 0.922
   7    3  900 375301 1.970870e+00 0.923
   7    3 1000 416884 1.970763e+00 0.928
   8    0    0    396 5.221540e+00 0.816
   8    5  100  42348 3.125572e+00 0.914
   8    2  200  84284 2.937897e+00 0.914
   8    1  300 126210 2.373691e+00 0.916
   8    8  400 168109 2.372333e+00 0.917
   8    2  500 209820 2.368443e+00 0.920
   8   15  600 251611 2.349592e+00 0.920
   8    0  700 293308 2.343034e+00 0.920
   8    5  800 334865 2.318640e+00 0.920
   8    0  900 376506 2.314863e+00 0.925
   8    4 1000 417897 2.099069e+00 0.926
   9    0    0    397 1.384374e+01 0.709
   9    6  100  41832 3.817674e+00 0.920
   9    3  200  83350 3.232351e+00 0.920
   9   29  300 124871 3.135613e+00 0.920
   9   17  400 166327 3.051132e+00 0.920
   9    4  500 207770 2.886003e+00 0.920
   9   81  600 249337 2.878976e+00 0.920
   9   47  700 290822 2.875995e+00 0.920
   9    3  800 332429 2.612207e+00 0.920
   9    3  900 374001 2.464928e+00 0.920
   9    4 1000 415620 2.067203e+00 0.920
  10    0    0    398 1.459318e+01 0.640
  10    4  100  42215 3.160342e+00 0.922
  10   18  200  83960 3.070941e+00 0.922
  10    6  300 125665 2.950960e+00 0.922
  10    5  400 167439 2.691741e+00 0.927
  10   10  500 209159 2.596044e+00 0.927
  10   31  600 250750 2.559826e+00 0.927
  10    7  700 292410 2.465607e+00 0.927
  10    1  800 334086 2.411707e+00 0.927
  10    0  900 375752 2.356538e+00 0.927
  10    9 1000 417479 2.326562e+00 0.928
  11    0    0    400 6.829734e+00 0.733
  11   13  100  41809 3.434652e+00 0.905
  11   25  200  83420 3.248445e+00 0.920
  11    7  300 125002 3.054190e+00 0.920
  11   17  400 166579 3.047229e+00 0.920
  11   48  500 208136 3.047142e+00 0.920
  11    2  600 249678 2.274584e+00 0.920
  11   12  700 291265 2.045441e+00 0.920
  11    5  800 332840 1.920573e+00 0.920
  11   10  900 374445 1.852448e+00 0.920
  11    4 1000 415990 1.802468e+00 0.920
  12    0    0    399 1.305010e+01 0.865
  12    3  100  42035 3.217470e+00 0.913
  12    1  200  83749 2.927005e+00 0.913
  12   31  300 125483 2.893594e+00 0.913
  12   13  400 167086 2.861281e+00 0.913
  12    1  500 208722 2.685445e+00 0.913
  12    0  600 250408 2.629910e+00 0.913
  12   33  700 292017 2.481083e+00 0.913
  12    3  800 333703 2.450672e+00 0.930
  12   22  900 375377 2.443996e+00 0.930
  12   12 1000 416968 2.249254e+00 0.930
  13    0    0    400 1.376723e+01 0.841
  13    3  100  42106 3.244924e+00 0.915
  13   36  200  83916 3.209511e+00 0.915
  13   10  300 125642 2.935486e+00 0.915
  13    0  400 167416 2.570932e+00 0.926
  13   41  500 209001 2.465129e+00 0.926
  13    2  600 250606 2.314126e+00 0.927
  13   29  700 292199 2.238062e+00 0.927
  13    3  800 333712 2.030256e+00 0.927
  13    4  900 375221 2.004246e+00 0.927
  13    0 1000 416745 1.937433e+00 0.927
  14    0    0    394 1.752519e+01 0.677
  14    5  100  42100 2.673772e+00 0.921
  14   14  200  83761 2.498691e+00 0.921
  14    1  300 125438 2.262400e+00 0.921
  14   13  400 167146 2.185552e+00 0.921
  14   18  500 208747 2.126586e+00 0.921
  14   20  600 250382 2.125547e+00 0.928
  14   10  700 291939 2.112546e+00 0.928
  14   29  800 333469 2.099955e+00 0.928
  14    1  900 375068 2.078282e+00 0.928
  14    2 1000 416648 2.072916e+00 0.934
  15    0    0    401 1.016678e+01 0.859
  15    0  100  42190 2.885395e+00 0.919
  15   12  200  83829 2.724530e+00 0.919
  15   10  300 125522 2.698640e+00 0.919
  15    4  400 167129 2.563104e+00 0.924
  15    0  500 208742 2.465243e+00 0.924
  15    2  600 250361 2.379195e+00 0.924
  15    0  700 292030 2.340510e+00 0.929
  15    0  800 333683 2.212684e+00 0.929
  15    3  900 375237 1.968173e+00 0.929
  15    0 1000 416764 1.734103e+00 0.929
  16    0    0    398 5.990610e+00 0.822
  16    2  100  42291 3.151317e+00 0.917
  16    1  200  84116 2.782674e+00 0.918
  16    0  300 125753 2.711826e+00 0.922
  16    1  400 167320 2.681456e+00 0.922
  16    7  500 208899 2.556253e+00 0.922
  16    1  600 250498 2.490583e+00 0.922
  16   11  700 292133 2.478777e+00 0.922
  16    7  800 333640 2.332201e+00 0.922
  16    1  900 375165 2.298925e+00 0.922
  16    4 1000 416717 2.202224e+00 0.922
  17    0    0    397 6.121875e+00 0.799
  17    4  100  41895 3.703940e+00 0.916
  17   12  200  83552 3.533533e+00 0.916
  17   56  300 125210 3.517475e+00 0.916
  17   30  400 166857 3.514570e+00 0.916
  17    6  500 208496 2.676532e+00 0.916
  17    7  600 250137 2.563258e+00 0.926
  17   18  700 291740 2.481138e+00 0.926
  17    0  800 333262 2.278718e+00 0.926
  17    1  900 374843 2.247774e+00 0.926
  17    1 1000 416342 2.241492e+00 0.926
  18    0    0    398 1.450955e+01 0.738
  18    3  100  42002 2.808225e+00 0.912
  18    9  200  83610 2.766106e+00 0.912
  18    1  300 125277 2.648729e+00 0.923
  18    0  400 166918 2.580004e+00 0.923
  18    2  500 208622 2.488877e+00 0.923
  18    5  600 250297 2.455124e+00 0.923
  18    3  700 291848 2.435556e+00 0.923
  18   19  800 333452 2.421827e+00 0.923
  18   10  900 375052 2.209519e+00 0.923
  18    2 1000 416716 2.196853e+00 0.923
  19    0    0    399 1.333604e+01 0.785
  19   11  100  41783 3.445383e+00 0.906
  19   22  200  83213 3.211626e+00 0.923
  19    2  300 124766 2.976434e+00 0.923
  19    0  400 166403 2.920749e+00 0.923
  19    8  500 208060 2.665816e+00 0.923
  19   12  600 249620 2.640936e+00 0.923
  19   15  700 291154 2.557159e+00 0.923
  19    0  800 332653 2.438391e+00 0.923
  19    3  900 374118 2.375462e+00 0.923
  19    3 1000 415627 2.184562e+00 0.923
  20    0    0    401 1.422792e+01 0.805
  20    0  100  41971 3.074114e+00 0.913
  20    0  200  83556 2.856956e+00 0.913
  20    5  300 125219 2.604812e+00 0.916
  20    0  400 166877 2.520253e+00 0.925
  20    2  500 208471 2.480613e+00 0.925
  20    5  600 250018 2.410267e+00 0.925
  20    9  700 291551 1.956696e+00 0.925
  20   14  800 333237 1.780355e+00 0.925
  20   12  900 374867 1.757098e+00 0.925
  20    8 1000 416315 1.745683e+00 0.925
  21    0    0    394 9.000991e+00 0.851
  21    4  100  41968 2.364615e+00 0.913
  21    0  200  83569 2.101217e+00 0.915
  21    4  300 125214 2.074152e+00 0.915
  21    0  400 166824 2.073825e+00 0.918
  21   11  500 208422 2.051010e+00 0.918
  21    3  600 249988 1.984660e+00 0.920
  21   14  700 291543 1.973929e+00 0.934
  21   19  800 333134 1.949394e+00 0.934
  21   13  900 374648 1.936491e+00 0.934
  21    2 1000 416181 1.748583e+00 0.934
  22    0    0    393 4.530489e+00 0.826
  22    5  100  41834 2.953004e+00 0.911
  22    1  200  83401 2.881567e+00 0.911
  22    5  300 124880 2.703180e+00 0.911
  22    0  400 166415 2.504913e+00 0.911
  22    3  500 208041 2.456990e+00 0.911
  22   19  600 249660 2.314377e+00 0.917
  22   24  700 291134 2.146004e+00 0.917
  22    6  800 332704 2.062516e+00 0.917
  22    5  900 374202 1.947287e+00 0.917
  22    1 1000 415600 1.816119e+00 0.917
  23    0    0    394 9.419594e+00 0.750
  23    2  100  42072 2.965334e+00 0.921
  23   14  200  83750 2.855950e+00 0.921
  23    6  300 125328 2.584512e+00 0.921
  23   14  400 166846 2.581429e+00 0.921
  23    2  500 208351 2.558288e+00 0.921
  23   14  600 249870 2.507679e+00 0.921
  23    6  700 291518 2.494184e+00 0.921
  23   13  800 333101 2.493603e+00 0.921
  23    0  900 374650 2.493469e+00 0.921
  23    0 1000 416122 2.487043e+00 0.921
  24    0    0    401 1.283048e+01 0.787
  24    5  100  41917 3.356707e+00 0.906
  24    3  200  83338 2.975151e+00 0.916
  24   14  300 124989 2.638114e+00 0.916
  24   11  400 166625 2.631518e+00 0.917
  24    6  500 208245 2.618593e+00 0.917
  24   74  600 249826 2.614932e+00 0.917
  24    3  700 291455 2.614622e+00 0.917
  24   45  800 332911 2.611223e+00 0.917
  24   54  900 374375 2.597754e+00 0.917
  24   73 1000 415907 2.597684e+00 0.917
  25    0    0    395 9.521598e+00 0.835
  25    2  100  42115 2.984786e+00 0.921
  25    0  200  83687 2.664392e+00 0.921
  25    3  300 125270 2.660645e+00 0.921
  25   14  400 166848 2.660378e+00 0.921
  25   11  500 208384 2.637932e+00 0.921
  25    5  600 250057 2.576566e+00 0.921
  25    5  700 291691 2.534980e+00 0.921
  25    5  800 333351 2.498531e+00 0.923
  25    7  900 375016 2.413703e+00 0.924
  25    0 1000 416650 2.377574e+00 0.928
  26    0    0    399 1.375230e+01 0.820
  26   11  100  41944 2.413888e+00 0.920
  26    0  200  83522 2.237959e+00 0.920
  26    6  300 125162 2.111225e+00 0.920
  26    2  400 166831 2.038035e+00 0.920
  26   22  500 208507 1.995942e+00 0.920
  26    4  600 250112 1.976411e+00 0.920
  26   51  700 291692 1.971058e+00 0.920
  26   38  800 333309 1.909524e+00 0.920
  26    1  900 374991 1.869424e+00 0.920
  26    1 1000 416597 1.856379e+00 0.920
  27    0    0    390 1.621774e+01 0.793
  27   20  100  42023 3.779455e+00 0.905
  27    2  200  83845 3.543026e+00 0.905
  27   17  300 125582 3.469878e+00 0.916
  27    2  400 167344 3.145838e+00 0.916
  27    0  500 208967 3.045852e+00 0.921
  27   12  600 250580 2.985482e+00 0.921
  27    0  700 292185 2.823609e+00 0.925
  27    1  800 333800 2.729729e+00 0.925
  27    2  900 375406 2.580109e+00 0.925
  27    3 1000 417060 2.084474e+00 0.926
  28    0    0    399 2.408292e+01 0.786
  28   26  100  42315 2.962620e+00 0.905
  28   33  200  84283 2.758012e+00 0.920
  28   33  300 126219 2.625294e+00 0.920
  28   78  400 168133 2.617506e+00 0.920
  28   56  500 210055 2.617346e+00 0.920
  28    5  600 251916 2.569848e+00 0.921
  28    8  700 293674 2.345463e+00 0.929
  28    2  800 335272 2.280363e+00 0.929
  28    0  900 376754 2.273919e+00 0.929
  28   22 1000 418330 2.265397e+00 0.929
  29    0    0    400 1.386503e+01 0.644
  29    1  100  42072 3.428016e+00 0.913
  29    7  200  83719 3.246489e+00 0.913
  29   10  300 125334 2.965078e+00 0.923
  29   35  400 167012 2.921954e+00 0.923
  29   13  500 208680 2.537169e+00 0.923
  29    1  600 250331 2.478372e+00 0.923
  29    7  700 291886 2.182920e+00 0.923
  29    1  800 333465 2.151698e+00 0.923
  29   42  900 375034 2.043778e+00 0.923
  29    7 1000 416587 2.040388e+00 0.923
