Seed:1578551715
N:0 Run:0 0.375515 0.394188 0.488899 0.517931 0.528268 0.527345 0.526603 0.524623 0.528676 0.528707 0.528364 0.527778 0.409102 0.354051 0.362361 0.363497 0.428934 0.441169 0.456611 0.42623 0.437654 9.349067e-02 0.851
N:0 Run:1 0.325813 0.402463 0.488522 0.517955 0.523064 0.522148 0.521049 0.522627 0.518507 0.503113 0.516012 0.518673 0.45536 0.426148 0.440262 0.451292 0.435323 0.445796 0.453067 0.440503 0.4126 9.349067e-02 0.851
N:0 Run:2 0.465527 0.438306 0.391376 0.342441 0.345968 0.34126 0.396302 0.329005 0.359654 0.340825 0.319782 0.338734 0.373039 0.362017 0.35621 0.365654 0.400341 0.403113 0.416392 0.427763 0.430549 9.349067e-02 0.851
N:0 Run:3 0.355152 0.416857 0.499398 0.522267 0.529749 0.53121 0.528411 0.526263 0.52869 0.524925 0.525928 0.52684 0.399093 0.364144 0.376733 0.393637 0.415934 0.429083 0.44488 0.450608 0.449932 9.349067e-02 0.851
N:0 Run:4 0.594388 0.478755 0.429575 0.361143 0.353755 0.322239 0.335406 0.354881 0.339555 0.318758 0.321334 0.352908 0.359155 0.350203 0.371579 0.383239 0.412336 0.392921 0.446456 0.445377 0.433769 9.349067e-02 0.851
N:0 Run:5 0.47751 0.464949 0.511667 0.524173 0.526045 0.520745 0.528489 0.530628 0.527023 0.526945 0.523294 0.527467 0.404371 0.367394 0.359538 0.406525 0.4552 0.441579 0.438501 0.459156 0.45918 9.349067e-02 0.851
N:0 Run:6 0.515698 0.485153 0.508179 0.508113 0.509062 0.518049 0.517759 0.520175 0.512466 0.505464 0.506588 0.520544 0.44431 0.419997 0.400448 0.427725 0.423436 0.46502 0.485675 0.477381 0.46703 9.349067e-02 0.851
N:0 Run:7 0.518808 0.475934 0.507206 0.515574 0.514997 0.506765 0.495364 0.495011 0.500932 0.496129 0.506654 0.501714 0.423263 0.417016 0.408218 0.444567 0.413985 0.422092 0.4295 0.434877 0.456078 9.349067e-02 0.851
N:0 Run:8 0.453111 0.447409 0.462297 0.466423 0.485725 0.459105 0.452971 0.452773 0.459564 0.497395 0.463245 0.443118 0.43548 0.429458 0.445887 0.442256 0.458714 0.441057 0.439633 0.431636 0.435963 9.349067e-02 0.851
N:0 Run:9 0.465527 0.438306 0.391376 0.342441 0.345968 0.34126 0.396302 0.329005 0.359654 0.340825 0.319782 0.338734 0.40096 0.445596 0.409033 0.44752 0.461642 0.436852 0.434946 0.442198 0.45221 9.349067e-02 0.851
N:1 Run:0 0.375515 0.400898 0.496356 0.527649 0.539366 0.538297 0.537162 0.535916 0.539974 0.539695 0.539619 0.538963 0.411344 0.350382 0.365746 0.367341 0.436135 0.446854 0.46105 0.431204 0.443182 9.133441e-02 0.845
N:1 Run:1 0.325813 0.411164 0.497073 0.528628 0.533275 0.529305 0.526493 0.530351 0.524115 0.505111 0.523139 0.52525 0.458064 0.430968 0.445551 0.455983 0.440116 0.450689 0.457259 0.445028 0.418013 9.133441e-02 0.845
N:1 Run:2 0.465527 0.441961 0.388377 0.320441 0.328523 0.325213 0.396964 0.296107 0.347376 0.31991 0.286382 0.320375 0.376864 0.364904 0.358399 0.370415 0.408263 0.410157 0.423131 0.434116 0.435827 9.133441e-02 0.845
N:1 Run:3 0.355152 0.423835 0.508093 0.532212 0.540695 0.541581 0.538943 0.53477 0.53867 0.532465 0.535543 0.53569 0.399548 0.364895 0.382522 0.401202 0.42298 0.435228 0.450275 0.455108 0.454412 9.133441e-02 0.845
N:1 Run:4 0.594388 0.477072 0.429558 0.342995 0.33824 0.287829 0.312492 0.342472 0.317284 0.28326 0.2894 0.339893 0.359676 0.350189 0.377429 0.390195 0.419971 0.398965 0.452642 0.44988 0.43873 9.133441e-02 0.845
N:1 Run:5 0.47751 0.467319 0.518821 0.534726 0.537409 0.53265 0.540239 0.54204 0.538572 0.538578 0.535123 0.539246 0.405941 0.368822 0.361653 0.41421 0.460924 0.445915 0.443565 0.46352 0.462924 9.133441e-02 0.845
N:1 Run:6 0.515698 0.485962 0.51266 0.514539 0.513424 0.524018 0.523291 0.525415 0.515253 0.507319 0.509242 0.527946 0.447485 0.425274 0.406352 0.434202 0.428897 0.469637 0.489112 0.479625 0.469549 9.133441e-02 0.845
N:1 Run:7 0.518808 0.476819 0.511635 0.524697 0.523694 0.511637 0.497544 0.49766 0.506655 0.501885 0.514204 0.508395 0.426262 0.422739 0.414529 0.450488 0.419548 0.428299 0.435129 0.440151 0.460501 9.133441e-02 0.845
N:1 Run:8 0.453111 0.451101 0.466448 0.47299 0.49182 0.462773 0.457337 0.457459 0.467362 0.50648 0.4664 0.445522 0.440133 0.435005 0.451114 0.447124 0.462931 0.445424 0.444352 0.43702 0.441428 9.133441e-02 0.845
N:1 Run:9 0.465527 0.441961 0.388377 0.320441 0.328523 0.325213 0.396964 0.296107 0.347376 0.31991 0.286382 0.320375 0.405915 0.451232 0.413988 0.452923 0.46564 0.440964 0.439999 0.44718 0.456601 9.133441e-02 0.845
N:2 Run:0 0.375515 0.400898 0.496356 0.527649 0.539366 0.538297 0.537162 0.535916 0.539974 0.539695 0.539619 0.538963 0.411344 0.350382 0.365746 0.367341 0.436135 0.446854 0.46105 0.431204 0.443182 9.551391e-02 0.855
N:2 Run:1 0.325813 0.411164 0.497073 0.528628 0.533275 0.529305 0.526493 0.530351 0.524115 0.505111 0.523139 0.52525 0.458064 0.430968 0.445551 0.455983 0.440116 0.450689 0.457259 0.445028 0.418013 9.551391e-02 0.855
N:2 Run:2 0.465527 0.441961 0.388377 0.320441 0.328523 0.325213 0.396964 0.296107 0.347376 0.31991 0.286382 0.320375 0.376864 0.364904 0.358399 0.370415 0.408263 0.410157 0.423131 0.434116 0.435827 9.551391e-02 0.855
N:2 Run:3 0.355152 0.423835 0.508093 0.532212 0.540695 0.541581 0.538943 0.53477 0.53867 0.532465 0.535543 0.53569 0.399548 0.364895 0.382522 0.401202 0.42298 0.435228 0.450275 0.455108 0.454412 9.551391e-02 0.855
N:2 Run:4 0.594388 0.477072 0.429558 0.342995 0.33824 0.287829 0.312492 0.342472 0.317284 0.28326 0.2894 0.339893 0.359676 0.350189 0.377429 0.390195 0.419971 0.398965 0.452642 0.44988 0.43873 9.551391e-02 0.855
N:2 Run:5 0.47751 0.467319 0.518821 0.534726 0.537409 0.53265 0.540239 0.54204 0.538572 0.538578 0.535123 0.539246 0.405941 0.368822 0.361653 0.41421 0.460924 0.445915 0.443565 0.46352 0.462924 9.551391e-02 0.855
N:2 Run:6 0.515698 0.485962 0.51266 0.514539 0.513424 0.524018 0.523291 0.525415 0.515253 0.507319 0.509242 0.527946 0.447485 0.425274 0.406352 0.434202 0.428897 0.469637 0.489112 0.479625 0.469549 9.551391e-02 0.855
N:2 Run:7 0.518808 0.476819 0.511635 0.524697 0.523694 0.511637 0.497544 0.49766 0.506655 0.501885 0.514204 0.508395 0.426262 0.422739 0.414529 0.450488 0.419548 0.428299 0.435129 0.440151 0.460501 9.551391e-02 0.855
N:2 Run:8 0.453111 0.451101 0.466448 0.47299 0.49182 0.462773 0.457337 0.457459 0.467362 0.50648 0.4664 0.445522 0.440133 0.435005 0.451114 0.447124 0.462931 0.445424 0.444352 0.43702 0.441428 9.551391e-02 0.855
N:2 Run:9 0.465527 0.441961 0.388377 0.320441 0.328523 0.325213 0.396964 0.296107 0.347376 0.31991 0.286382 0.320375 0.405915 0.451232 0.413988 0.452923 0.46564 0.440964 0.439999 0.44718 0.456601 9.551391e-02 0.855
N:3 Run:0 0.375515 0.400898 0.496356 0.527649 0.539366 0.538297 0.537162 0.535916 0.539974 0.539695 0.539619 0.538963 0.411344 0.350382 0.365746 0.367341 0.436135 0.446854 0.46105 0.431204 0.443182 9.914552e-02 0.862
N:3 Run:1 0.325813 0.411164 0.497073 0.528628 0.533275 0.529305 0.526493 0.530351 0.524115 0.505111 0.523139 0.52525 0.458064 0.430968 0.445551 0.455983 0.440116 0.450689 0.457259 0.445028 0.418013 9.914552e-02 0.862
N:3 Run:2 0.465527 0.441961 0.388377 0.320441 0.328523 0.325213 0.396964 0.296107 0.347376 0.31991 0.286382 0.320375 0.376864 0.364904 0.358399 0.370415 0.408263 0.410157 0.423131 0.434116 0.435827 9.914552e-02 0.862
N:3 Run:3 0.355152 0.423835 0.508093 0.532212 0.540695 0.541581 0.538943 0.53477 0.53867 0.532465 0.535543 0.53569 0.399548 0.364895 0.382522 0.401202 0.42298 0.435228 0.450275 0.455108 0.454412 9.914552e-02 0.862
N:3 Run:4 0.594388 0.477072 0.429558 0.342995 0.33824 0.287829 0.312492 0.342472 0.317284 0.28326 0.2894 0.339893 0.359676 0.350189 0.377429 0.390195 0.419971 0.398965 0.452642 0.44988 0.43873 9.914552e-02 0.862
N:3 Run:5 0.47751 0.467319 0.518821 0.534726 0.537409 0.53265 0.540239 0.54204 0.538572 0.538578 0.535123 0.539246 0.405941 0.368822 0.361653 0.41421 0.460924 0.445915 0.443565 0.46352 0.462924 9.914552e-02 0.862
N:3 Run:6 0.515698 0.485962 0.51266 0.514539 0.513424 0.524018 0.523291 0.525415 0.515253 0.507319 0.509242 0.527946 0.447485 0.425274 0.406352 0.434202 0.428897 0.469637 0.489112 0.479625 0.469549 9.914552e-02 0.862
N:3 Run:7 0.518808 0.476819 0.511635 0.524697 0.523694 0.511637 0.497544 0.49766 0.506655 0.501885 0.514204 0.508395 0.426262 0.422739 0.414529 0.450488 0.419548 0.428299 0.435129 0.440151 0.460501 9.914552e-02 0.862
N:3 Run:8 0.453111 0.451101 0.466448 0.47299 0.49182 0.462773 0.457337 0.457459 0.467362 0.50648 0.4664 0.445522 0.440133 0.435005 0.451114 0.447124 0.462931 0.445424 0.444352 0.43702 0.441428 9.914552e-02 0.862
N:3 Run:9 0.465527 0.441961 0.388377 0.320441 0.328523 0.325213 0.396964 0.296107 0.347376 0.31991 0.286382 0.320375 0.405915 0.451232 0.413988 0.452923 0.46564 0.440964 0.439999 0.44718 0.456601 9.914552e-02 0.862
N:4 Run:0 0.375515 0.395594 0.476952 0.514432 0.530481 0.533412 0.533408 0.533361 0.535654 0.535654 0.535881 0.53548 0.42774 0.355764 0.360844 0.362286 0.423429 0.440546 0.455808 0.433346 0.441063 8.863629e-02 0.853
N:4 Run:1 0.325813 0.396822 0.477858 0.515737 0.52654 0.524862 0.522076 0.525749 0.5209 0.5045 0.517982 0.520706 0.466259 0.436354 0.444266 0.45265 0.441115 0.448442 0.455256 0.445714 0.421345 8.863629e-02 0.853
N:4 Run:2 0.465527 0.444887 0.403497 0.325341 0.326641 0.322373 0.39272 0.282344 0.340139 0.314549 0.263947 0.306156 0.361872 0.357913 0.3517 0.363237 0.39951 0.406695 0.420181 0.430948 0.435691 8.863629e-02 0.853
N:4 Run:3 0.355152 0.413482 0.488902 0.519688 0.532297 0.535298 0.534811 0.530987 0.533722 0.528728 0.531315 0.531112 0.415635 0.36962 0.378986 0.395828 0.418317 0.431988 0.44578 0.452266 0.452099 8.863629e-02 0.853
N:4 Run:4 0.594388 0.496406 0.452814 0.358658 0.342973 0.266962 0.294449 0.335461 0.308824 0.255012 0.258227 0.326316 0.350014 0.34214 0.368342 0.383797 0.412993 0.398561 0.442759 0.447867 0.439416 8.863629e-02 0.853
N:4 Run:5 0.47751 0.467116 0.507218 0.526309 0.532402 0.531533 0.535762 0.537267 0.535783 0.535622 0.533724 0.53572 0.423067 0.37454 0.36018 0.405084 0.449482 0.445328 0.442723 0.458491 0.459993 8.863629e-02 0.853
N:4 Run:6 0.515698 0.489746 0.506741 0.512062 0.510614 0.518448 0.51895 0.520224 0.511922 0.504433 0.505319 0.520861 0.457027 0.430262 0.409306 0.430605 0.429577 0.462071 0.482363 0.477688 0.469631 8.863629e-02 0.853
N:4 Run:7 0.518808 0.481306 0.504202 0.519467 0.521405 0.511685 0.497986 0.496522 0.505063 0.503476 0.51236 0.509561 0.439738 0.426513 0.416015 0.444109 0.421358 0.427268 0.434314 0.4394 0.456913 8.863629e-02 0.853
N:4 Run:8 0.453111 0.450326 0.46681 0.478268 0.491915 0.473717 0.468315 0.467364 0.476537 0.50326 0.476293 0.457075 0.443769 0.43596 0.447704 0.445901 0.458721 0.44628 0.444661 0.437346 0.440152 8.863629e-02 0.853
N:4 Run:9 0.465527 0.444887 0.403497 0.325341 0.326641 0.322373 0.39272 0.282344 0.340139 0.314549 0.263947 0.306156 0.388509 0.438939 0.415738 0.446829 0.460956 0.443586 0.440538 0.445779 0.454103 8.863629e-02 0.853
N:5 Run:0 0.375515 0.395594 0.476952 0.514432 0.530481 0.533412 0.533408 0.533361 0.535654 0.535654 0.535881 0.53548 0.42774 0.355764 0.360844 0.362286 0.423429 0.440546 0.455808 0.433346 0.441063 9.946240e-02 0.870
N:5 Run:1 0.325813 0.396822 0.477858 0.515737 0.52654 0.524862 0.522076 0.525749 0.5209 0.5045 0.517982 0.520706 0.466259 0.436354 0.444266 0.45265 0.441115 0.448442 0.455256 0.445714 0.421345 9.946240e-02 0.870
N:5 Run:2 0.465527 0.444887 0.403497 0.325341 0.326641 0.322373 0.39272 0.282344 0.340139 0.314549 0.263947 0.306156 0.361872 0.357913 0.3517 0.363237 0.39951 0.406695 0.420181 0.430948 0.435691 9.946240e-02 0.870
N:5 Run:3 0.355152 0.413482 0.488902 0.519688 0.532297 0.535298 0.534811 0.530987 0.533722 0.528728 0.531315 0.531112 0.415635 0.36962 0.378986 0.395828 0.418317 0.431988 0.44578 0.452266 0.452099 9.946240e-02 0.870
N:5 Run:4 0.594388 0.496406 0.452814 0.358658 0.342973 0.266962 0.294449 0.335461 0.308824 0.255012 0.258227 0.326316 0.350014 0.34214 0.368342 0.383797 0.412993 0.398561 0.442759 0.447867 0.439416 9.946240e-02 0.870
N:5 Run:5 0.47751 0.467116 0.507218 0.526309 0.532402 0.531533 0.535762 0.537267 0.535783 0.535622 0.533724 0.53572 0.423067 0.37454 0.36018 0.405084 0.449482 0.445328 0.442723 0.458491 0.459993 9.946240e-02 0.870
N:5 Run:6 0.515698 0.489746 0.506741 0.512062 0.510614 0.518448 0.51895 0.520224 0.511922 0.504433 0.505319 0.520861 0.457027 0.430262 0.409306 0.430605 0.429577 0.462071 0.482363 0.477688 0.469631 9.946240e-02 0.870
N:5 Run:7 0.518808 0.481306 0.504202 0.519467 0.521405 0.511685 0.497986 0.496522 0.505063 0.503476 0.51236 0.509561 0.439738 0.426513 0.416015 0.444109 0.421358 0.427268 0.434314 0.4394 0.456913 9.946240e-02 0.870
N:5 Run:8 0.453111 0.450326 0.46681 0.478268 0.491915 0.473717 0.468315 0.467364 0.476537 0.50326 0.476293 0.457075 0.443769 0.43596 0.447704 0.445901 0.458721 0.44628 0.444661 0.437346 0.440152 9.946240e-02 0.870
N:5 Run:9 0.465527 0.444887 0.403497 0.325341 0.326641 0.322373 0.39272 0.282344 0.340139 0.314549 0.263947 0.306156 0.388509 0.438939 0.415738 0.446829 0.460956 0.443586 0.440538 0.445779 0.454103 9.946240e-02 0.870
N:6 Run:0 0.375515 0.395594 0.476952 0.514432 0.530481 0.533412 0.533408 0.533361 0.535654 0.535654 0.535881 0.53548 0.42774 0.355764 0.360844 0.362286 0.423429 0.440546 0.455808 0.433346 0.441063 9.182332e-02 0.857
N:6 Run:1 0.325813 0.396822 0.477858 0.515737 0.52654 0.524862 0.522076 0.525749 0.5209 0.5045 0.517982 0.520706 0.466259 0.436354 0.444266 0.45265 0.441115 0.448442 0.455256 0.445714 0.421345 9.182332e-02 0.857
N:6 Run:2 0.465527 0.444887 0.403497 0.325341 0.326641 0.322373 0.39272 0.282344 0.340139 0.314549 0.263947 0.306156 0.361872 0.357913 0.3517 0.363237 0.39951 0.406695 0.420181 0.430948 0.435691 9.182332e-02 0.857
N:6 Run:3 0.355152 0.413482 0.488902 0.519688 0.532297 0.535298 0.534811 0.530987 0.533722 0.528728 0.531315 0.531112 0.415635 0.36962 0.378986 0.395828 0.418317 0.431988 0.44578 0.452266 0.452099 9.182332e-02 0.857
N:6 Run:4 0.594388 0.496406 0.452814 0.358658 0.342973 0.266962 0.294449 0.335461 0.308824 0.255012 0.258227 0.326316 0.350014 0.34214 0.368342 0.383797 0.412993 0.398561 0.442759 0.447867 0.439416 9.182332e-02 0.857
N:6 Run:5 0.47751 0.467116 0.507218 0.526309 0.532402 0.531533 0.535762 0.537267 0.535783 0.535622 0.533724 0.53572 0.423067 0.37454 0.36018 0.405084 0.449482 0.445328 0.442723 0.458491 0.459993 9.182332e-02 0.857
N:6 Run:6 0.515698 0.489746 0.506741 0.512062 0.510614 0.518448 0.51895 0.520224 0.511922 0.504433 0.505319 0.520861 0.457027 0.430262 0.409306 0.430605 0.429577 0.462071 0.482363 0.477688 0.469631 9.182332e-02 0.857
N:6 Run:7 0.518808 0.481306 0.504202 0.519467 0.521405 0.511685 0.497986 0.496522 0.505063 0.503476 0.51236 0.509561 0.439738 0.426513 0.416015 0.444109 0.421358 0.427268 0.434314 0.4394 0.456913 9.182332e-02 0.857
N:6 Run:8 0.453111 0.450326 0.46681 0.478268 0.491915 0.473717 0.468315 0.467364 0.476537 0.50326 0.476293 0.457075 0.443769 0.43596 0.447704 0.445901 0.458721 0.44628 0.444661 0.437346 0.440152 9.182332e-02 0.857
N:6 Run:9 0.465527 0.444887 0.403497 0.325341 0.326641 0.322373 0.39272 0.282344 0.340139 0.314549 0.263947 0.306156 0.388509 0.438939 0.415738 0.446829 0.460956 0.443586 0.440538 0.445779 0.454103 9.182332e-02 0.857
N:7 Run:0 0.375515 0.395594 0.476952 0.514432 0.530481 0.533412 0.533408 0.533361 0.535654 0.535654 0.535881 0.53548 0.42774 0.355764 0.360844 0.362286 0.423429 0.440546 0.455808 0.433346 0.441063 9.001935e-02 0.852
N:7 Run:1 0.325813 0.396822 0.477858 0.515737 0.52654 0.524862 0.522076 0.525749 0.5209 0.5045 0.517982 0.520706 0.466259 0.436354 0.444266 0.45265 0.441115 0.448442 0.455256 0.445714 0.421345 9.001935e-02 0.852
N:7 Run:2 0.465527 0.444887 0.403497 0.325341 0.326641 0.322373 0.39272 0.282344 0.340139 0.314549 0.263947 0.306156 0.361872 0.357913 0.3517 0.363237 0.39951 0.406695 0.420181 0.430948 0.435691 9.001935e-02 0.852
N:7 Run:3 0.355152 0.413482 0.488902 0.519688 0.532297 0.535298 0.534811 0.530987 0.533722 0.528728 0.531315 0.531112 0.415635 0.36962 0.378986 0.395828 0.418317 0.431988 0.44578 0.452266 0.452099 9.001935e-02 0.852
N:7 Run:4 0.594388 0.496406 0.452814 0.358658 0.342973 0.266962 0.294449 0.335461 0.308824 0.255012 0.258227 0.326316 0.350014 0.34214 0.368342 0.383797 0.412993 0.398561 0.442759 0.447867 0.439416 9.001935e-02 0.852
N:7 Run:5 0.47751 0.467116 0.507218 0.526309 0.532402 0.531533 0.535762 0.537267 0.535783 0.535622 0.533724 0.53572 0.423067 0.37454 0.36018 0.405084 0.449482 0.445328 0.442723 0.458491 0.459993 9.001935e-02 0.852
N:7 Run:6 0.515698 0.489746 0.506741 0.512062 0.510614 0.518448 0.51895 0.520224 0.511922 0.504433 0.505319 0.520861 0.457027 0.430262 0.409306 0.430605 0.429577 0.462071 0.482363 0.477688 0.469631 9.001935e-02 0.852
N:7 Run:7 0.518808 0.481306 0.504202 0.519467 0.521405 0.511685 0.497986 0.496522 0.505063 0.503476 0.51236 0.509561 0.439738 0.426513 0.416015 0.444109 0.421358 0.427268 0.434314 0.4394 0.456913 9.001935e-02 0.852
N:7 Run:8 0.453111 0.450326 0.46681 0.478268 0.491915 0.473717 0.468315 0.467364 0.476537 0.50326 0.476293 0.457075 0.443769 0.43596 0.447704 0.445901 0.458721 0.44628 0.444661 0.437346 0.440152 9.001935e-02 0.852
N:7 Run:9 0.465527 0.444887 0.403497 0.325341 0.326641 0.322373 0.39272 0.282344 0.340139 0.314549 0.263947 0.306156 0.388509 0.438939 0.415738 0.446829 0.460956 0.443586 0.440538 0.445779 0.454103 9.001935e-02 0.852
N:8 Run:0 0.375515 0.395594 0.476952 0.514432 0.530481 0.533412 0.533408 0.533361 0.535654 0.535654 0.535881 0.53548 0.42774 0.355764 0.360844 0.362286 0.423429 0.440546 0.455808 0.433346 0.441063 1.032980e-01 0.857
N:8 Run:1 0.325813 0.396822 0.477858 0.515737 0.52654 0.524862 0.522076 0.525749 0.5209 0.5045 0.517982 0.520706 0.466259 0.436354 0.444266 0.45265 0.441115 0.448442 0.455256 0.445714 0.421345 1.032980e-01 0.857
N:8 Run:2 0.465527 0.444887 0.403497 0.325341 0.326641 0.322373 0.39272 0.282344 0.340139 0.314549 0.263947 0.306156 0.361872 0.357913 0.3517 0.363237 0.39951 0.406695 0.420181 0.430948 0.435691 1.032980e-01 0.857
N:8 Run:3 0.355152 0.413482 0.488902 0.519688 0.532297 0.535298 0.534811 0.530987 0.533722 0.528728 0.531315 0.531112 0.415635 0.36962 0.378986 0.395828 0.418317 0.431988 0.44578 0.452266 0.452099 1.032980e-01 0.857
N:8 Run:4 0.594388 0.496406 0.452814 0.358658 0.342973 0.266962 0.294449 0.335461 0.308824 0.255012 0.258227 0.326316 0.350014 0.34214 0.368342 0.383797 0.412993 0.398561 0.442759 0.447867 0.439416 1.032980e-01 0.857
N:8 Run:5 0.47751 0.467116 0.507218 0.526309 0.532402 0.531533 0.535762 0.537267 0.535783 0.535622 0.533724 0.53572 0.423067 0.37454 0.36018 0.405084 0.449482 0.445328 0.442723 0.458491 0.459993 1.032980e-01 0.857
N:8 Run:6 0.515698 0.489746 0.506741 0.512062 0.510614 0.518448 0.51895 0.520224 0.511922 0.504433 0.505319 0.520861 0.457027 0.430262 0.409306 0.430605 0.429577 0.462071 0.482363 0.477688 0.469631 1.032980e-01 0.857
N:8 Run:7 0.518808 0.481306 0.504202 0.519467 0.521405 0.511685 0.497986 0.496522 0.505063 0.503476 0.51236 0.509561 0.439738 0.426513 0.416015 0.444109 0.421358 0.427268 0.434314 0.4394 0.456913 1.032980e-01 0.857
N:8 Run:8 0.453111 0.450326 0.46681 0.478268 0.491915 0.473717 0.468315 0.467364 0.476537 0.50326 0.476293 0.457075 0.443769 0.43596 0.447704 0.445901 0.458721 0.44628 0.444661 0.437346 0.440152 1.032980e-01 0.857
N:8 Run:9 0.465527 0.444887 0.403497 0.325341 0.326641 0.322373 0.39272 0.282344 0.340139 0.314549 0.263947 0.306156 0.388509 0.438939 0.415738 0.446829 0.460956 0.443586 0.440538 0.445779 0.454103 1.032980e-01 0.857
N:9 Run:0 0.375515 0.395594 0.476952 0.514432 0.530481 0.533412 0.533408 0.533361 0.535654 0.535654 0.535881 0.53548 0.42774 0.355764 0.360844 0.362286 0.423429 0.440546 0.455808 0.433346 0.441063 9.829018e-02 0.855
N:9 Run:1 0.325813 0.396822 0.477858 0.515737 0.52654 0.524862 0.522076 0.525749 0.5209 0.5045 0.517982 0.520706 0.466259 0.436354 0.444266 0.45265 0.441115 0.448442 0.455256 0.445714 0.421345 9.829018e-02 0.855
N:9 Run:2 0.465527 0.444887 0.403497 0.325341 0.326641 0.322373 0.39272 0.282344 0.340139 0.314549 0.263947 0.306156 0.361872 0.357913 0.3517 0.363237 0.39951 0.406695 0.420181 0.430948 0.435691 9.829018e-02 0.855
N:9 Run:3 0.355152 0.413482 0.488902 0.519688 0.532297 0.535298 0.534811 0.530987 0.533722 0.528728 0.531315 0.531112 0.415635 0.36962 0.378986 0.395828 0.418317 0.431988 0.44578 0.452266 0.452099 9.829018e-02 0.855
N:9 Run:4 0.594388 0.496406 0.452814 0.358658 0.342973 0.266962 0.294449 0.335461 0.308824 0.255012 0.258227 0.326316 0.350014 0.34214 0.368342 0.383797 0.412993 0.398561 0.442759 0.447867 0.439416 9.829018e-02 0.855
N:9 Run:5 0.47751 0.467116 0.507218 0.526309 0.532402 0.531533 0.535762 0.537267 0.535783 0.535622 0.533724 0.53572 0.423067 0.37454 0.36018 0.405084 0.449482 0.445328 0.442723 0.458491 0.459993 9.829018e-02 0.855
N:9 Run:6 0.515698 0.489746 0.506741 0.512062 0.510614 0.518448 0.51895 0.520224 0.511922 0.504433 0.505319 0.520861 0.457027 0.430262 0.409306 0.430605 0.429577 0.462071 0.482363 0.477688 0.469631 9.829018e-02 0.855
N:9 Run:7 0.518808 0.481306 0.504202 0.519467 0.521405 0.511685 0.497986 0.496522 0.505063 0.503476 0.51236 0.509561 0.439738 0.426513 0.416015 0.444109 0.421358 0.427268 0.434314 0.4394 0.456913 9.829018e-02 0.855
N:9 Run:8 0.453111 0.450326 0.46681 0.478268 0.491915 0.473717 0.468315 0.467364 0.476537 0.50326 0.476293 0.457075 0.443769 0.43596 0.447704 0.445901 0.458721 0.44628 0.444661 0.437346 0.440152 9.829018e-02 0.855
N:9 Run:9 0.465527 0.444887 0.403497 0.325341 0.326641 0.322373 0.39272 0.282344 0.340139 0.314549 0.263947 0.306156 0.388509 0.438939 0.415738 0.446829 0.460956 0.443586 0.440538 0.445779 0.454103 9.829018e-02 0.855
N:10 Run:0 0.375515 0.395594 0.476952 0.514432 0.530481 0.533412 0.533408 0.533361 0.535654 0.535654 0.535881 0.53548 0.42774 0.355764 0.360844 0.362286 0.423429 0.440546 0.455808 0.433346 0.441063 1.009497e-01 0.834
N:10 Run:1 0.325813 0.396822 0.477858 0.515737 0.52654 0.524862 0.522076 0.525749 0.5209 0.5045 0.517982 0.520706 0.466259 0.436354 0.444266 0.45265 0.441115 0.448442 0.455256 0.445714 0.421345 1.009497e-01 0.834
N:10 Run:2 0.465527 0.444887 0.403497 0.325341 0.326641 0.322373 0.39272 0.282344 0.340139 0.314549 0.263947 0.306156 0.361872 0.357913 0.3517 0.363237 0.39951 0.406695 0.420181 0.430948 0.435691 1.009497e-01 0.834
N:10 Run:3 0.355152 0.413482 0.488902 0.519688 0.532297 0.535298 0.534811 0.530987 0.533722 0.528728 0.531315 0.531112 0.415635 0.36962 0.378986 0.395828 0.418317 0.431988 0.44578 0.452266 0.452099 1.009497e-01 0.834
N:10 Run:4 0.594388 0.496406 0.452814 0.358658 0.342973 0.266962 0.294449 0.335461 0.308824 0.255012 0.258227 0.326316 0.350014 0.34214 0.368342 0.383797 0.412993 0.398561 0.442759 0.447867 0.439416 1.009497e-01 0.834
N:10 Run:5 0.47751 0.467116 0.507218 0.526309 0.532402 0.531533 0.535762 0.537267 0.535783 0.535622 0.533724 0.53572 0.423067 0.37454 0.36018 0.405084 0.449482 0.445328 0.442723 0.458491 0.459993 1.009497e-01 0.834
N:10 Run:6 0.515698 0.489746 0.506741 0.512062 0.510614 0.518448 0.51895 0.520224 0.511922 0.504433 0.505319 0.520861 0.457027 0.430262 0.409306 0.430605 0.429577 0.462071 0.482363 0.477688 0.469631 1.009497e-01 0.834
N:10 Run:7 0.518808 0.481306 0.504202 0.519467 0.521405 0.511685 0.497986 0.496522 0.505063 0.503476 0.51236 0.509561 0.439738 0.426513 0.416015 0.444109 0.421358 0.427268 0.434314 0.4394 0.456913 1.009497e-01 0.834
N:10 Run:8 0.453111 0.450326 0.46681 0.478268 0.491915 0.473717 0.468315 0.467364 0.476537 0.50326 0.476293 0.457075 0.443769 0.43596 0.447704 0.445901 0.458721 0.44628 0.444661 0.437346 0.440152 1.009497e-01 0.834
N:10 Run:9 0.465527 0.444887 0.403497 0.325341 0.326641 0.322373 0.39272 0.282344 0.340139 0.314549 0.263947 0.306156 0.388509 0.438939 0.415738 0.446829 0.460956 0.443586 0.440538 0.445779 0.454103 1.009497e-01 0.834
N:11 Run:0 0.375515 0.395594 0.476952 0.514432 0.530481 0.533412 0.533408 0.533361 0.535654 0.535654 0.535881 0.53548 0.42774 0.355764 0.360844 0.362286 0.423429 0.440546 0.455808 0.433346 0.441063 1.070860e-01 0.863
N:11 Run:1 0.325813 0.396822 0.477858 0.515737 0.52654 0.524862 0.522076 0.525749 0.5209 0.5045 0.517982 0.520706 0.466259 0.436354 0.444266 0.45265 0.441115 0.448442 0.455256 0.445714 0.421345 1.070860e-01 0.863
N:11 Run:2 0.465527 0.444887 0.403497 0.325341 0.326641 0.322373 0.39272 0.282344 0.340139 0.314549 0.263947 0.306156 0.361872 0.357913 0.3517 0.363237 0.39951 0.406695 0.420181 0.430948 0.435691 1.070860e-01 0.863
N:11 Run:3 0.355152 0.413482 0.488902 0.519688 0.532297 0.535298 0.534811 0.530987 0.533722 0.528728 0.531315 0.531112 0.415635 0.36962 0.378986 0.395828 0.418317 0.431988 0.44578 0.452266 0.452099 1.070860e-01 0.863
N:11 Run:4 0.594388 0.496406 0.452814 0.358658 0.342973 0.266962 0.294449 0.335461 0.308824 0.255012 0.258227 0.326316 0.350014 0.34214 0.368342 0.383797 0.412993 0.398561 0.442759 0.447867 0.439416 1.070860e-01 0.863
N:11 Run:5 0.47751 0.467116 0.507218 0.526309 0.532402 0.531533 0.535762 0.537267 0.535783 0.535622 0.533724 0.53572 0.423067 0.37454 0.36018 0.405084 0.449482 0.445328 0.442723 0.458491 0.459993 1.070860e-01 0.863
N:11 Run:6 0.515698 0.489746 0.506741 0.512062 0.510614 0.518448 0.51895 0.520224 0.511922 0.504433 0.505319 0.520861 0.457027 0.430262 0.409306 0.430605 0.429577 0.462071 0.482363 0.477688 0.469631 1.070860e-01 0.863
N:11 Run:7 0.518808 0.481306 0.504202 0.519467 0.521405 0.511685 0.497986 0.496522 0.505063 0.503476 0.51236 0.509561 0.439738 0.426513 0.416015 0.444109 0.421358 0.427268 0.434314 0.4394 0.456913 1.070860e-01 0.863
N:11 Run:8 0.453111 0.450326 0.46681 0.478268 0.491915 0.473717 0.468315 0.467364 0.476537 0.50326 0.476293 0.457075 0.443769 0.43596 0.447704 0.445901 0.458721 0.44628 0.444661 0.437346 0.440152 1.070860e-01 0.863
N:11 Run:9 0.465527 0.444887 0.403497 0.325341 0.326641 0.322373 0.39272 0.282344 0.340139 0.314549 0.263947 0.306156 0.388509 0.438939 0.415738 0.446829 0.460956 0.443586 0.440538 0.445779 0.454103 1.070860e-01 0.863
N:12 Run:0 0.375515 0.395594 0.476952 0.514432 0.530481 0.533412 0.533408 0.533361 0.535654 0.535654 0.535881 0.53548 0.42774 0.355764 0.360844 0.362286 0.423429 0.440546 0.455808 0.433346 0.441063 9.913800e-02 0.856
N:12 Run:1 0.325813 0.396822 0.477858 0.515737 0.52654 0.524862 0.522076 0.525749 0.5209 0.5045 0.517982 0.520706 0.466259 0.436354 0.444266 0.45265 0.441115 0.448442 0.455256 0.445714 0.421345 9.913800e-02 0.856
N:12 Run:2 0.465527 0.444887 0.403497 0.325341 0.326641 0.322373 0.39272 0.282344 0.340139 0.314549 0.263947 0.306156 0.361872 0.357913 0.3517 0.363237 0.39951 0.406695 0.420181 0.430948 0.435691 9.913800e-02 0.856
N:12 Run:3 0.355152 0.413482 0.488902 0.519688 0.532297 0.535298 0.534811 0.530987 0.533722 0.528728 0.531315 0.531112 0.415635 0.36962 0.378986 0.395828 0.418317 0.431988 0.44578 0.452266 0.452099 9.913800e-02 0.856
N:12 Run:4 0.594388 0.496406 0.452814 0.358658 0.342973 0.266962 0.294449 0.335461 0.308824 0.255012 0.258227 0.326316 0.350014 0.34214 0.368342 0.383797 0.412993 0.398561 0.442759 0.447867 0.439416 9.913800e-02 0.856
N:12 Run:5 0.47751 0.467116 0.507218 0.526309 0.532402 0.531533 0.535762 0.537267 0.535783 0.535622 0.533724 0.53572 0.423067 0.37454 0.36018 0.405084 0.449482 0.445328 0.442723 0.458491 0.459993 9.913800e-02 0.856
N:12 Run:6 0.515698 0.489746 0.506741 0.512062 0.510614 0.518448 0.51895 0.520224 0.511922 0.504433 0.505319 0.520861 0.457027 0.430262 0.409306 0.430605 0.429577 0.462071 0.482363 0.477688 0.469631 9.913800e-02 0.856
N:12 Run:7 0.518808 0.481306 0.504202 0.519467 0.521405 0.511685 0.497986 0.496522 0.505063 0.503476 0.51236 0.509561 0.439738 0.426513 0.416015 0.444109 0.421358 0.427268 0.434314 0.4394 0.456913 9.913800e-02 0.856
N:12 Run:8 0.453111 0.450326 0.46681 0.478268 0.491915 0.473717 0.468315 0.467364 0.476537 0.50326 0.476293 0.457075 0.443769 0.43596 0.447704 0.445901 0.458721 0.44628 0.444661 0.437346 0.440152 9.913800e-02 0.856
N:12 Run:9 0.465527 0.444887 0.403497 0.325341 0.326641 0.322373 0.39272 0.282344 0.340139 0.314549 0.263947 0.306156 0.388509 0.438939 0.415738 0.446829 0.460956 0.443586 0.440538 0.445779 0.454103 9.913800e-02 0.856
N:13 Run:0 0.375515 0.395594 0.476952 0.514432 0.530481 0.533412 0.533408 0.533361 0.535654 0.535654 0.535881 0.53548 0.42774 0.355764 0.360844 0.362286 0.423429 0.440546 0.455808 0.433346 0.441063 8.978872e-02 0.853
N:13 Run:1 0.325813 0.396822 0.477858 0.515737 0.52654 0.524862 0.522076 0.525749 0.5209 0.5045 0.517982 0.520706 0.466259 0.436354 0.444266 0.45265 0.441115 0.448442 0.455256 0.445714 0.421345 8.978872e-02 0.853
N:13 Run:2 0.465527 0.444887 0.403497 0.325341 0.326641 0.322373 0.39272 0.282344 0.340139 0.314549 0.263947 0.306156 0.361872 0.357913 0.3517 0.363237 0.39951 0.406695 0.420181 0.430948 0.435691 8.978872e-02 0.853
N:13 Run:3 0.355152 0.413482 0.488902 0.519688 0.532297 0.535298 0.534811 0.530987 0.533722 0.528728 0.531315 0.531112 0.415635 0.36962 0.378986 0.395828 0.418317 0.431988 0.44578 0.452266 0.452099 8.978872e-02 0.853
N:13 Run:4 0.594388 0.496406 0.452814 0.358658 0.342973 0.266962 0.294449 0.335461 0.308824 0.255012 0.258227 0.326316 0.350014 0.34214 0.368342 0.383797 0.412993 0.398561 0.442759 0.447867 0.439416 8.978872e-02 0.853
N:13 Run:5 0.47751 0.467116 0.507218 0.526309 0.532402 0.531533 0.535762 0.537267 0.535783 0.535622 0.533724 0.53572 0.423067 0.37454 0.36018 0.405084 0.449482 0.445328 0.442723 0.458491 0.459993 8.978872e-02 0.853
N:13 Run:6 0.515698 0.489746 0.506741 0.512062 0.510614 0.518448 0.51895 0.520224 0.511922 0.504433 0.505319 0.520861 0.457027 0.430262 0.409306 0.430605 0.429577 0.462071 0.482363 0.477688 0.469631 8.978872e-02 0.853
N:13 Run:7 0.518808 0.481306 0.504202 0.519467 0.521405 0.511685 0.497986 0.496522 0.505063 0.503476 0.51236 0.509561 0.439738 0.426513 0.416015 0.444109 0.421358 0.427268 0.434314 0.4394 0.456913 8.978872e-02 0.853
N:13 Run:8 0.453111 0.450326 0.46681 0.478268 0.491915 0.473717 0.468315 0.467364 0.476537 0.50326 0.476293 0.457075 0.443769 0.43596 0.447704 0.445901 0.458721 0.44628 0.444661 0.437346 0.440152 8.978872e-02 0.853
N:13 Run:9 0.465527 0.444887 0.403497 0.325341 0.326641 0.322373 0.39272 0.282344 0.340139 0.314549 0.263947 0.306156 0.388509 0.438939 0.415738 0.446829 0.460956 0.443586 0.440538 0.445779 0.454103 8.978872e-02 0.853
N:14 Run:0 0.375515 0.395594 0.476952 0.514432 0.530481 0.533412 0.533408 0.533361 0.535654 0.535654 0.535881 0.53548 0.42774 0.355764 0.360844 0.362286 0.423429 0.440546 0.455808 0.433346 0.441063 1.019835e-01 0.847
N:14 Run:1 0.325813 0.396822 0.477858 0.515737 0.52654 0.524862 0.522076 0.525749 0.5209 0.5045 0.517982 0.520706 0.466259 0.436354 0.444266 0.45265 0.441115 0.448442 0.455256 0.445714 0.421345 1.019835e-01 0.847
N:14 Run:2 0.465527 0.444887 0.403497 0.325341 0.326641 0.322373 0.39272 0.282344 0.340139 0.314549 0.263947 0.306156 0.361872 0.357913 0.3517 0.363237 0.39951 0.406695 0.420181 0.430948 0.435691 1.019835e-01 0.847
N:14 Run:3 0.355152 0.413482 0.488902 0.519688 0.532297 0.535298 0.534811 0.530987 0.533722 0.528728 0.531315 0.531112 0.415635 0.36962 0.378986 0.395828 0.418317 0.431988 0.44578 0.452266 0.452099 1.019835e-01 0.847
N:14 Run:4 0.594388 0.496406 0.452814 0.358658 0.342973 0.266962 0.294449 0.335461 0.308824 0.255012 0.258227 0.326316 0.350014 0.34214 0.368342 0.383797 0.412993 0.398561 0.442759 0.447867 0.439416 1.019835e-01 0.847
N:14 Run:5 0.47751 0.467116 0.507218 0.526309 0.532402 0.531533 0.535762 0.537267 0.535783 0.535622 0.533724 0.53572 0.423067 0.37454 0.36018 0.405084 0.449482 0.445328 0.442723 0.458491 0.459993 1.019835e-01 0.847
N:14 Run:6 0.515698 0.489746 0.506741 0.512062 0.510614 0.518448 0.51895 0.520224 0.511922 0.504433 0.505319 0.520861 0.457027 0.430262 0.409306 0.430605 0.429577 0.462071 0.482363 0.477688 0.469631 1.019835e-01 0.847
N:14 Run:7 0.518808 0.481306 0.504202 0.519467 0.521405 0.511685 0.497986 0.496522 0.505063 0.503476 0.51236 0.509561 0.439738 0.426513 0.416015 0.444109 0.421358 0.427268 0.434314 0.4394 0.456913 1.019835e-01 0.847
N:14 Run:8 0.453111 0.450326 0.46681 0.478268 0.491915 0.473717 0.468315 0.467364 0.476537 0.50326 0.476293 0.457075 0.443769 0.43596 0.447704 0.445901 0.458721 0.44628 0.444661 0.437346 0.440152 1.019835e-01 0.847
N:14 Run:9 0.465527 0.444887 0.403497 0.325341 0.326641 0.322373 0.39272 0.282344 0.340139 0.314549 0.263947 0.306156 0.388509 0.438939 0.415738 0.446829 0.460956 0.443586 0.440538 0.445779 0.454103 1.019835e-01 0.847
N:15 Run:0 0.375515 0.395594 0.476952 0.514432 0.530481 0.533412 0.533408 0.533361 0.535654 0.535654 0.535881 0.53548 0.42774 0.355764 0.360844 0.362286 0.423429 0.440546 0.455808 0.433346 0.441063 1.016057e-01 0.863
N:15 Run:1 0.325813 0.396822 0.477858 0.515737 0.52654 0.524862 0.522076 0.525749 0.5209 0.5045 0.517982 0.520706 0.466259 0.436354 0.444266 0.45265 0.441115 0.448442 0.455256 0.445714 0.421345 1.016057e-01 0.863
N:15 Run:2 0.465527 0.444887 0.403497 0.325341 0.326641 0.322373 0.39272 0.282344 0.340139 0.314549 0.263947 0.306156 0.361872 0.357913 0.3517 0.363237 0.39951 0.406695 0.420181 0.430948 0.435691 1.016057e-01 0.863
N:15 Run:3 0.355152 0.413482 0.488902 0.519688 0.532297 0.535298 0.534811 0.530987 0.533722 0.528728 0.531315 0.531112 0.415635 0.36962 0.378986 0.395828 0.418317 0.431988 0.44578 0.452266 0.452099 1.016057e-01 0.863
N:15 Run:4 0.594388 0.496406 0.452814 0.358658 0.342973 0.266962 0.294449 0.335461 0.308824 0.255012 0.258227 0.326316 0.350014 0.34214 0.368342 0.383797 0.412993 0.398561 0.442759 0.447867 0.439416 1.016057e-01 0.863
N:15 Run:5 0.47751 0.467116 0.507218 0.526309 0.532402 0.531533 0.535762 0.537267 0.535783 0.535622 0.533724 0.53572 0.423067 0.37454 0.36018 0.405084 0.449482 0.445328 0.442723 0.458491 0.459993 1.016057e-01 0.863
N:15 Run:6 0.515698 0.489746 0.506741 0.512062 0.510614 0.518448 0.51895 0.520224 0.511922 0.504433 0.505319 0.520861 0.457027 0.430262 0.409306 0.430605 0.429577 0.462071 0.482363 0.477688 0.469631 1.016057e-01 0.863
N:15 Run:7 0.518808 0.481306 0.504202 0.519467 0.521405 0.511685 0.497986 0.496522 0.505063 0.503476 0.51236 0.509561 0.439738 0.426513 0.416015 0.444109 0.421358 0.427268 0.434314 0.4394 0.456913 1.016057e-01 0.863
N:15 Run:8 0.453111 0.450326 0.46681 0.478268 0.491915 0.473717 0.468315 0.467364 0.476537 0.50326 0.476293 0.457075 0.443769 0.43596 0.447704 0.445901 0.458721 0.44628 0.444661 0.437346 0.440152 1.016057e-01 0.863
N:15 Run:9 0.465527 0.444887 0.403497 0.325341 0.326641 0.322373 0.39272 0.282344 0.340139 0.314549 0.263947 0.306156 0.388509 0.438939 0.415738 0.446829 0.460956 0.443586 0.440538 0.445779 0.454103 1.016057e-01 0.863
N:16 Run:0 0.375515 0.395594 0.476952 0.514432 0.530481 0.533412 0.533408 0.533361 0.535654 0.535654 0.535881 0.53548 0.42774 0.355764 0.360844 0.362286 0.423429 0.440546 0.455808 0.433346 0.441063 1.081705e-01 0.848
N:16 Run:1 0.325813 0.396822 0.477858 0.515737 0.52654 0.524862 0.522076 0.525749 0.5209 0.5045 0.517982 0.520706 0.466259 0.436354 0.444266 0.45265 0.441115 0.448442 0.455256 0.445714 0.421345 1.081705e-01 0.848
N:16 Run:2 0.465527 0.444887 0.403497 0.325341 0.326641 0.322373 0.39272 0.282344 0.340139 0.314549 0.263947 0.306156 0.361872 0.357913 0.3517 0.363237 0.39951 0.406695 0.420181 0.430948 0.435691 1.081705e-01 0.848
N:16 Run:3 0.355152 0.413482 0.488902 0.519688 0.532297 0.535298 0.534811 0.530987 0.533722 0.528728 0.531315 0.531112 0.415635 0.36962 0.378986 0.395828 0.418317 0.431988 0.44578 0.452266 0.452099 1.081705e-01 0.848
N:16 Run:4 0.594388 0.496406 0.452814 0.358658 0.342973 0.266962 0.294449 0.335461 0.308824 0.255012 0.258227 0.326316 0.350014 0.34214 0.368342 0.383797 0.412993 0.398561 0.442759 0.447867 0.439416 1.081705e-01 0.848
N:16 Run:5 0.47751 0.467116 0.507218 0.526309 0.532402 0.531533 0.535762 0.537267 0.535783 0.535622 0.533724 0.53572 0.423067 0.37454 0.36018 0.405084 0.449482 0.445328 0.442723 0.458491 0.459993 1.081705e-01 0.848
N:16 Run:6 0.515698 0.489746 0.506741 0.512062 0.510614 0.518448 0.51895 0.520224 0.511922 0.504433 0.505319 0.520861 0.457027 0.430262 0.409306 0.430605 0.429577 0.462071 0.482363 0.477688 0.469631 1.081705e-01 0.848
N:16 Run:7 0.518808 0.481306 0.504202 0.519467 0.521405 0.511685 0.497986 0.496522 0.505063 0.503476 0.51236 0.509561 0.439738 0.426513 0.416015 0.444109 0.421358 0.427268 0.434314 0.4394 0.456913 1.081705e-01 0.848
N:16 Run:8 0.453111 0.450326 0.46681 0.478268 0.491915 0.473717 0.468315 0.467364 0.476537 0.50326 0.476293 0.457075 0.443769 0.43596 0.447704 0.445901 0.458721 0.44628 0.444661 0.437346 0.440152 1.081705e-01 0.848
N:16 Run:9 0.465527 0.444887 0.403497 0.325341 0.326641 0.322373 0.39272 0.282344 0.340139 0.314549 0.263947 0.306156 0.388509 0.438939 0.415738 0.446829 0.460956 0.443586 0.440538 0.445779 0.454103 1.081705e-01 0.848
N:17 Run:0 0.375515 0.395594 0.476952 0.514432 0.530481 0.533412 0.533408 0.533361 0.535654 0.535654 0.535881 0.53548 0.42774 0.355764 0.360844 0.362286 0.423429 0.440546 0.455808 0.433346 0.441063 9.531790e-02 0.841
N:17 Run:1 0.325813 0.396822 0.477858 0.515737 0.52654 0.524862 0.522076 0.525749 0.5209 0.5045 0.517982 0.520706 0.466259 0.436354 0.444266 0.45265 0.441115 0.448442 0.455256 0.445714 0.421345 9.531790e-02 0.841
N:17 Run:2 0.465527 0.444887 0.403497 0.325341 0.326641 0.322373 0.39272 0.282344 0.340139 0.314549 0.263947 0.306156 0.361872 0.357913 0.3517 0.363237 0.39951 0.406695 0.420181 0.430948 0.435691 9.531790e-02 0.841
N:17 Run:3 0.355152 0.413482 0.488902 0.519688 0.532297 0.535298 0.534811 0.530987 0.533722 0.528728 0.531315 0.531112 0.415635 0.36962 0.378986 0.395828 0.418317 0.431988 0.44578 0.452266 0.452099 9.531790e-02 0.841
N:17 Run:4 0.594388 0.496406 0.452814 0.358658 0.342973 0.266962 0.294449 0.335461 0.308824 0.255012 0.258227 0.326316 0.350014 0.34214 0.368342 0.383797 0.412993 0.398561 0.442759 0.447867 0.439416 9.531790e-02 0.841
N:17 Run:5 0.47751 0.467116 0.507218 0.526309 0.532402 0.531533 0.535762 0.537267 0.535783 0.535622 0.533724 0.53572 0.423067 0.37454 0.36018 0.405084 0.449482 0.445328 0.442723 0.458491 0.459993 9.531790e-02 0.841
N:17 Run:6 0.515698 0.489746 0.506741 0.512062 0.510614 0.518448 0.51895 0.520224 0.511922 0.504433 0.505319 0.520861 0.457027 0.430262 0.409306 0.430605 0.429577 0.462071 0.482363 0.477688 0.469631 9.531790e-02 0.841
N:17 Run:7 0.518808 0.481306 0.504202 0.519467 0.521405 0.511685 0.497986 0.496522 0.505063 0.503476 0.51236 0.509561 0.439738 0.426513 0.416015 0.444109 0.421358 0.427268 0.434314 0.4394 0.456913 9.531790e-02 0.841
N:17 Run:8 0.453111 0.450326 0.46681 0.478268 0.491915 0.473717 0.468315 0.467364 0.476537 0.50326 0.476293 0.457075 0.443769 0.43596 0.447704 0.445901 0.458721 0.44628 0.444661 0.437346 0.440152 9.531790e-02 0.841
N:17 Run:9 0.465527 0.444887 0.403497 0.325341 0.326641 0.322373 0.39272 0.282344 0.340139 0.314549 0.263947 0.306156 0.388509 0.438939 0.415738 0.446829 0.460956 0.443586 0.440538 0.445779 0.454103 9.531790e-02 0.841
N:18 Run:0 0.375515 0.395594 0.476952 0.514432 0.530481 0.533412 0.533408 0.533361 0.535654 0.535654 0.535881 0.53548 0.42774 0.355764 0.360844 0.362286 0.423429 0.440546 0.455808 0.433346 0.441063 9.815611e-02 0.853
N:18 Run:1 0.325813 0.396822 0.477858 0.515737 0.52654 0.524862 0.522076 0.525749 0.5209 0.5045 0.517982 0.520706 0.466259 0.436354 0.444266 0.45265 0.441115 0.448442 0.455256 0.445714 0.421345 9.815611e-02 0.853
N:18 Run:2 0.465527 0.444887 0.403497 0.325341 0.326641 0.322373 0.39272 0.282344 0.340139 0.314549 0.263947 0.306156 0.361872 0.357913 0.3517 0.363237 0.39951 0.406695 0.420181 0.430948 0.435691 9.815611e-02 0.853
N:18 Run:3 0.355152 0.413482 0.488902 0.519688 0.532297 0.535298 0.534811 0.530987 0.533722 0.528728 0.531315 0.531112 0.415635 0.36962 0.378986 0.395828 0.418317 0.431988 0.44578 0.452266 0.452099 9.815611e-02 0.853
N:18 Run:4 0.594388 0.496406 0.452814 0.358658 0.342973 0.266962 0.294449 0.335461 0.308824 0.255012 0.258227 0.326316 0.350014 0.34214 0.368342 0.383797 0.412993 0.398561 0.442759 0.447867 0.439416 9.815611e-02 0.853
N:18 Run:5 0.47751 0.467116 0.507218 0.526309 0.532402 0.531533 0.535762 0.537267 0.535783 0.535622 0.533724 0.53572 0.423067 0.37454 0.36018 0.405084 0.449482 0.445328 0.442723 0.458491 0.459993 9.815611e-02 0.853
N:18 Run:6 0.515698 0.489746 0.506741 0.512062 0.510614 0.518448 0.51895 0.520224 0.511922 0.504433 0.505319 0.520861 0.457027 0.430262 0.409306 0.430605 0.429577 0.462071 0.482363 0.477688 0.469631 9.815611e-02 0.853
N:18 Run:7 0.518808 0.481306 0.504202 0.519467 0.521405 0.511685 0.497986 0.496522 0.505063 0.503476 0.51236 0.509561 0.439738 0.426513 0.416015 0.444109 0.421358 0.427268 0.434314 0.4394 0.456913 9.815611e-02 0.853
N:18 Run:8 0.453111 0.450326 0.46681 0.478268 0.491915 0.473717 0.468315 0.467364 0.476537 0.50326 0.476293 0.457075 0.443769 0.43596 0.447704 0.445901 0.458721 0.44628 0.444661 0.437346 0.440152 9.815611e-02 0.853
N:18 Run:9 0.465527 0.444887 0.403497 0.325341 0.326641 0.322373 0.39272 0.282344 0.340139 0.314549 0.263947 0.306156 0.388509 0.438939 0.415738 0.446829 0.460956 0.443586 0.440538 0.445779 0.454103 9.815611e-02 0.853
N:19 Run:0 0.375515 0.395594 0.476952 0.514432 0.530481 0.533412 0.533408 0.533361 0.535654 0.535654 0.535881 0.53548 0.42774 0.355764 0.360844 0.362286 0.423429 0.440546 0.455808 0.433346 0.441063 1.001394e-01 0.857
N:19 Run:1 0.325813 0.396822 0.477858 0.515737 0.52654 0.524862 0.522076 0.525749 0.5209 0.5045 0.517982 0.520706 0.466259 0.436354 0.444266 0.45265 0.441115 0.448442 0.455256 0.445714 0.421345 1.001394e-01 0.857
N:19 Run:2 0.465527 0.444887 0.403497 0.325341 0.326641 0.322373 0.39272 0.282344 0.340139 0.314549 0.263947 0.306156 0.361872 0.357913 0.3517 0.363237 0.39951 0.406695 0.420181 0.430948 0.435691 1.001394e-01 0.857
N:19 Run:3 0.355152 0.413482 0.488902 0.519688 0.532297 0.535298 0.534811 0.530987 0.533722 0.528728 0.531315 0.531112 0.415635 0.36962 0.378986 0.395828 0.418317 0.431988 0.44578 0.452266 0.452099 1.001394e-01 0.857
N:19 Run:4 0.594388 0.496406 0.452814 0.358658 0.342973 0.266962 0.294449 0.335461 0.308824 0.255012 0.258227 0.326316 0.350014 0.34214 0.368342 0.383797 0.412993 0.398561 0.442759 0.447867 0.439416 1.001394e-01 0.857
N:19 Run:5 0.47751 0.467116 0.507218 0.526309 0.532402 0.531533 0.535762 0.537267 0.535783 0.535622 0.533724 0.53572 0.423067 0.37454 0.36018 0.405084 0.449482 0.445328 0.442723 0.458491 0.459993 1.001394e-01 0.857
N:19 Run:6 0.515698 0.489746 0.506741 0.512062 0.510614 0.518448 0.51895 0.520224 0.511922 0.504433 0.505319 0.520861 0.457027 0.430262 0.409306 0.430605 0.429577 0.462071 0.482363 0.477688 0.469631 1.001394e-01 0.857
N:19 Run:7 0.518808 0.481306 0.504202 0.519467 0.521405 0.511685 0.497986 0.496522 0.505063 0.503476 0.51236 0.509561 0.439738 0.426513 0.416015 0.444109 0.421358 0.427268 0.434314 0.4394 0.456913 1.001394e-01 0.857
N:19 Run:8 0.453111 0.450326 0.46681 0.478268 0.491915 0.473717 0.468315 0.467364 0.476537 0.50326 0.476293 0.457075 0.443769 0.43596 0.447704 0.445901 0.458721 0.44628 0.444661 0.437346 0.440152 1.001394e-01 0.857
N:19 Run:9 0.465527 0.444887 0.403497 0.325341 0.326641 0.322373 0.39272 0.282344 0.340139 0.314549 0.263947 0.306156 0.388509 0.438939 0.415738 0.446829 0.460956 0.443586 0.440538 0.445779 0.454103 1.001394e-01 0.857
N:20 Run:0 0.375515 0.395594 0.476952 0.514432 0.530481 0.533412 0.533408 0.533361 0.535654 0.535654 0.535881 0.53548 0.42774 0.355764 0.360844 0.362286 0.423429 0.440546 0.455808 0.433346 0.441063 9.062200e-02 0.854
N:20 Run:1 0.325813 0.396822 0.477858 0.515737 0.52654 0.524862 0.522076 0.525749 0.5209 0.5045 0.517982 0.520706 0.466259 0.436354 0.444266 0.45265 0.441115 0.448442 0.455256 0.445714 0.421345 9.062200e-02 0.854
N:20 Run:2 0.465527 0.444887 0.403497 0.325341 0.326641 0.322373 0.39272 0.282344 0.340139 0.314549 0.263947 0.306156 0.361872 0.357913 0.3517 0.363237 0.39951 0.406695 0.420181 0.430948 0.435691 9.062200e-02 0.854
N:20 Run:3 0.355152 0.413482 0.488902 0.519688 0.532297 0.535298 0.534811 0.530987 0.533722 0.528728 0.531315 0.531112 0.415635 0.36962 0.378986 0.395828 0.418317 0.431988 0.44578 0.452266 0.452099 9.062200e-02 0.854
N:20 Run:4 0.594388 0.496406 0.452814 0.358658 0.342973 0.266962 0.294449 0.335461 0.308824 0.255012 0.258227 0.326316 0.350014 0.34214 0.368342 0.383797 0.412993 0.398561 0.442759 0.447867 0.439416 9.062200e-02 0.854
N:20 Run:5 0.47751 0.467116 0.507218 0.526309 0.532402 0.531533 0.535762 0.537267 0.535783 0.535622 0.533724 0.53572 0.423067 0.37454 0.36018 0.405084 0.449482 0.445328 0.442723 0.458491 0.459993 9.062200e-02 0.854
N:20 Run:6 0.515698 0.489746 0.506741 0.512062 0.510614 0.518448 0.51895 0.520224 0.511922 0.504433 0.505319 0.520861 0.457027 0.430262 0.409306 0.430605 0.429577 0.462071 0.482363 0.477688 0.469631 9.062200e-02 0.854
N:20 Run:7 0.518808 0.481306 0.504202 0.519467 0.521405 0.511685 0.497986 0.496522 0.505063 0.503476 0.51236 0.509561 0.439738 0.426513 0.416015 0.444109 0.421358 0.427268 0.434314 0.4394 0.456913 9.062200e-02 0.854
N:20 Run:8 0.453111 0.450326 0.46681 0.478268 0.491915 0.473717 0.468315 0.467364 0.476537 0.50326 0.476293 0.457075 0.443769 0.43596 0.447704 0.445901 0.458721 0.44628 0.444661 0.437346 0.440152 9.062200e-02 0.854
N:20 Run:9 0.465527 0.444887 0.403497 0.325341 0.326641 0.322373 0.39272 0.282344 0.340139 0.314549 0.263947 0.306156 0.388509 0.438939 0.415738 0.446829 0.460956 0.443586 0.440538 0.445779 0.454103 9.062200e-02 0.854
N:21 Run:0 0.375515 0.395594 0.476952 0.514432 0.530481 0.533412 0.533408 0.533361 0.535654 0.535654 0.535881 0.53548 0.42774 0.355764 0.360844 0.362286 0.423429 0.440546 0.455808 0.433346 0.441063 1.103393e-01 0.846
N:21 Run:1 0.325813 0.396822 0.477858 0.515737 0.52654 0.524862 0.522076 0.525749 0.5209 0.5045 0.517982 0.520706 0.466259 0.436354 0.444266 0.45265 0.441115 0.448442 0.455256 0.445714 0.421345 1.103393e-01 0.846
N:21 Run:2 0.465527 0.444887 0.403497 0.325341 0.326641 0.322373 0.39272 0.282344 0.340139 0.314549 0.263947 0.306156 0.361872 0.357913 0.3517 0.363237 0.39951 0.406695 0.420181 0.430948 0.435691 1.103393e-01 0.846
N:21 Run:3 0.355152 0.413482 0.488902 0.519688 0.532297 0.535298 0.534811 0.530987 0.533722 0.528728 0.531315 0.531112 0.415635 0.36962 0.378986 0.395828 0.418317 0.431988 0.44578 0.452266 0.452099 1.103393e-01 0.846
N:21 Run:4 0.594388 0.496406 0.452814 0.358658 0.342973 0.266962 0.294449 0.335461 0.308824 0.255012 0.258227 0.326316 0.350014 0.34214 0.368342 0.383797 0.412993 0.398561 0.442759 0.447867 0.439416 1.103393e-01 0.846
N:21 Run:5 0.47751 0.467116 0.507218 0.526309 0.532402 0.531533 0.535762 0.537267 0.535783 0.535622 0.533724 0.53572 0.423067 0.37454 0.36018 0.405084 0.449482 0.445328 0.442723 0.458491 0.459993 1.103393e-01 0.846
N:21 Run:6 0.515698 0.489746 0.506741 0.512062 0.510614 0.518448 0.51895 0.520224 0.511922 0.504433 0.505319 0.520861 0.457027 0.430262 0.409306 0.430605 0.429577 0.462071 0.482363 0.477688 0.469631 1.103393e-01 0.846
N:21 Run:7 0.518808 0.481306 0.504202 0.519467 0.521405 0.511685 0.497986 0.496522 0.505063 0.503476 0.51236 0.509561 0.439738 0.426513 0.416015 0.444109 0.421358 0.427268 0.434314 0.4394 0.456913 1.103393e-01 0.846
N:21 Run:8 0.453111 0.450326 0.46681 0.478268 0.491915 0.473717 0.468315 0.467364 0.476537 0.50326 0.476293 0.457075 0.443769 0.43596 0.447704 0.445901 0.458721 0.44628 0.444661 0.437346 0.440152 1.103393e-01 0.846
N:21 Run:9 0.465527 0.444887 0.403497 0.325341 0.326641 0.322373 0.39272 0.282344 0.340139 0.314549 0.263947 0.306156 0.388509 0.438939 0.415738 0.446829 0.460956 0.443586 0.440538 0.445779 0.454103 1.103393e-01 0.846
N:22 Run:0 0.375515 0.395594 0.476952 0.514432 0.530481 0.533412 0.533408 0.533361 0.535654 0.535654 0.535881 0.53548 0.42774 0.355764 0.360844 0.362286 0.423429 0.440546 0.455808 0.433346 0.441063 9.832195e-02 0.857
N:22 Run:1 0.325813 0.396822 0.477858 0.515737 0.52654 0.524862 0.522076 0.525749 0.5209 0.5045 0.517982 0.520706 0.466259 0.436354 0.444266 0.45265 0.441115 0.448442 0.455256 0.445714 0.421345 9.832195e-02 0.857
N:22 Run:2 0.465527 0.444887 0.403497 0.325341 0.326641 0.322373 0.39272 0.282344 0.340139 0.314549 0.263947 0.306156 0.361872 0.357913 0.3517 0.363237 0.39951 0.406695 0.420181 0.430948 0.435691 9.832195e-02 0.857
N:22 Run:3 0.355152 0.413482 0.488902 0.519688 0.532297 0.535298 0.534811 0.530987 0.533722 0.528728 0.531315 0.531112 0.415635 0.36962 0.378986 0.395828 0.418317 0.431988 0.44578 0.452266 0.452099 9.832195e-02 0.857
N:22 Run:4 0.594388 0.496406 0.452814 0.358658 0.342973 0.266962 0.294449 0.335461 0.308824 0.255012 0.258227 0.326316 0.350014 0.34214 0.368342 0.383797 0.412993 0.398561 0.442759 0.447867 0.439416 9.832195e-02 0.857
N:22 Run:5 0.47751 0.467116 0.507218 0.526309 0.532402 0.531533 0.535762 0.537267 0.535783 0.535622 0.533724 0.53572 0.423067 0.37454 0.36018 0.405084 0.449482 0.445328 0.442723 0.458491 0.459993 9.832195e-02 0.857
N:22 Run:6 0.515698 0.489746 0.506741 0.512062 0.510614 0.518448 0.51895 0.520224 0.511922 0.504433 0.505319 0.520861 0.457027 0.430262 0.409306 0.430605 0.429577 0.462071 0.482363 0.477688 0.469631 9.832195e-02 0.857
N:22 Run:7 0.518808 0.481306 0.504202 0.519467 0.521405 0.511685 0.497986 0.496522 0.505063 0.503476 0.51236 0.509561 0.439738 0.426513 0.416015 0.444109 0.421358 0.427268 0.434314 0.4394 0.456913 9.832195e-02 0.857
N:22 Run:8 0.453111 0.450326 0.46681 0.478268 0.491915 0.473717 0.468315 0.467364 0.476537 0.50326 0.476293 0.457075 0.443769 0.43596 0.447704 0.445901 0.458721 0.44628 0.444661 0.437346 0.440152 9.832195e-02 0.857
N:22 Run:9 0.465527 0.444887 0.403497 0.325341 0.326641 0.322373 0.39272 0.282344 0.340139 0.314549 0.263947 0.306156 0.388509 0.438939 0.415738 0.446829 0.460956 0.443586 0.440538 0.445779 0.454103 9.832195e-02 0.857
N:23 Run:0 0.375515 0.395594 0.476952 0.514432 0.530481 0.533412 0.533408 0.533361 0.535654 0.535654 0.535881 0.53548 0.42774 0.355764 0.360844 0.362286 0.423429 0.440546 0.455808 0.433346 0.441063 9.055160e-02 0.853
N:23 Run:1 0.325813 0.396822 0.477858 0.515737 0.52654 0.524862 0.522076 0.525749 0.5209 0.5045 0.517982 0.520706 0.466259 0.436354 0.444266 0.45265 0.441115 0.448442 0.455256 0.445714 0.421345 9.055160e-02 0.853
N:23 Run:2 0.465527 0.444887 0.403497 0.325341 0.326641 0.322373 0.39272 0.282344 0.340139 0.314549 0.263947 0.306156 0.361872 0.357913 0.3517 0.363237 0.39951 0.406695 0.420181 0.430948 0.435691 9.055160e-02 0.853
N:23 Run:3 0.355152 0.413482 0.488902 0.519688 0.532297 0.535298 0.534811 0.530987 0.533722 0.528728 0.531315 0.531112 0.415635 0.36962 0.378986 0.395828 0.418317 0.431988 0.44578 0.452266 0.452099 9.055160e-02 0.853
N:23 Run:4 0.594388 0.496406 0.452814 0.358658 0.342973 0.266962 0.294449 0.335461 0.308824 0.255012 0.258227 0.326316 0.350014 0.34214 0.368342 0.383797 0.412993 0.398561 0.442759 0.447867 0.439416 9.055160e-02 0.853
N:23 Run:5 0.47751 0.467116 0.507218 0.526309 0.532402 0.531533 0.535762 0.537267 0.535783 0.535622 0.533724 0.53572 0.423067 0.37454 0.36018 0.405084 0.449482 0.445328 0.442723 0.458491 0.459993 9.055160e-02 0.853
N:23 Run:6 0.515698 0.489746 0.506741 0.512062 0.510614 0.518448 0.51895 0.520224 0.511922 0.504433 0.505319 0.520861 0.457027 0.430262 0.409306 0.430605 0.429577 0.462071 0.482363 0.477688 0.469631 9.055160e-02 0.853
N:23 Run:7 0.518808 0.481306 0.504202 0.519467 0.521405 0.511685 0.497986 0.496522 0.505063 0.503476 0.51236 0.509561 0.439738 0.426513 0.416015 0.444109 0.421358 0.427268 0.434314 0.4394 0.456913 9.055160e-02 0.853
N:23 Run:8 0.453111 0.450326 0.46681 0.478268 0.491915 0.473717 0.468315 0.467364 0.476537 0.50326 0.476293 0.457075 0.443769 0.43596 0.447704 0.445901 0.458721 0.44628 0.444661 0.437346 0.440152 9.055160e-02 0.853
N:23 Run:9 0.465527 0.444887 0.403497 0.325341 0.326641 0.322373 0.39272 0.282344 0.340139 0.314549 0.263947 0.306156 0.388509 0.438939 0.415738 0.446829 0.460956 0.443586 0.440538 0.445779 0.454103 9.055160e-02 0.853
N:24 Run:0 0.375515 0.395594 0.476952 0.514432 0.530481 0.533412 0.533408 0.533361 0.535654 0.535654 0.535881 0.53548 0.42774 0.355764 0.360844 0.362286 0.423429 0.440546 0.455808 0.433346 0.441063 1.021871e-01 0.856
N:24 Run:1 0.325813 0.396822 0.477858 0.515737 0.52654 0.524862 0.522076 0.525749 0.5209 0.5045 0.517982 0.520706 0.466259 0.436354 0.444266 0.45265 0.441115 0.448442 0.455256 0.445714 0.421345 1.021871e-01 0.856
N:24 Run:2 0.465527 0.444887 0.403497 0.325341 0.326641 0.322373 0.39272 0.282344 0.340139 0.314549 0.263947 0.306156 0.361872 0.357913 0.3517 0.363237 0.39951 0.406695 0.420181 0.430948 0.435691 1.021871e-01 0.856
N:24 Run:3 0.355152 0.413482 0.488902 0.519688 0.532297 0.535298 0.534811 0.530987 0.533722 0.528728 0.531315 0.531112 0.415635 0.36962 0.378986 0.395828 0.418317 0.431988 0.44578 0.452266 0.452099 1.021871e-01 0.856
N:24 Run:4 0.594388 0.496406 0.452814 0.358658 0.342973 0.266962 0.294449 0.335461 0.308824 0.255012 0.258227 0.326316 0.350014 0.34214 0.368342 0.383797 0.412993 0.398561 0.442759 0.447867 0.439416 1.021871e-01 0.856
N:24 Run:5 0.47751 0.467116 0.507218 0.526309 0.532402 0.531533 0.535762 0.537267 0.535783 0.535622 0.533724 0.53572 0.423067 0.37454 0.36018 0.405084 0.449482 0.445328 0.442723 0.458491 0.459993 1.021871e-01 0.856
N:24 Run:6 0.515698 0.489746 0.506741 0.512062 0.510614 0.518448 0.51895 0.520224 0.511922 0.504433 0.505319 0.520861 0.457027 0.430262 0.409306 0.430605 0.429577 0.462071 0.482363 0.477688 0.469631 1.021871e-01 0.856
N:24 Run:7 0.518808 0.481306 0.504202 0.519467 0.521405 0.511685 0.497986 0.496522 0.505063 0.503476 0.51236 0.509561 0.439738 0.426513 0.416015 0.444109 0.421358 0.427268 0.434314 0.4394 0.456913 1.021871e-01 0.856
N:24 Run:8 0.453111 0.450326 0.46681 0.478268 0.491915 0.473717 0.468315 0.467364 0.476537 0.50326 0.476293 0.457075 0.443769 0.43596 0.447704 0.445901 0.458721 0.44628 0.444661 0.437346 0.440152 1.021871e-01 0.856
N:24 Run:9 0.465527 0.444887 0.403497 0.325341 0.326641 0.322373 0.39272 0.282344 0.340139 0.314549 0.263947 0.306156 0.388509 0.438939 0.415738 0.446829 0.460956 0.443586 0.440538 0.445779 0.454103 1.021871e-01 0.856
N:25 Run:0 0.375515 0.395594 0.476952 0.514432 0.530481 0.533412 0.533408 0.533361 0.535654 0.535654 0.535881 0.53548 0.42774 0.355764 0.360844 0.362286 0.423429 0.440546 0.455808 0.433346 0.441063 1.034527e-01 0.868
N:25 Run:1 0.325813 0.396822 0.477858 0.515737 0.52654 0.524862 0.522076 0.525749 0.5209 0.5045 0.517982 0.520706 0.466259 0.436354 0.444266 0.45265 0.441115 0.448442 0.455256 0.445714 0.421345 1.034527e-01 0.868
N:25 Run:2 0.465527 0.444887 0.403497 0.325341 0.326641 0.322373 0.39272 0.282344 0.340139 0.314549 0.263947 0.306156 0.361872 0.357913 0.3517 0.363237 0.39951 0.406695 0.420181 0.430948 0.435691 1.034527e-01 0.868
N:25 Run:3 0.355152 0.413482 0.488902 0.519688 0.532297 0.535298 0.534811 0.530987 0.533722 0.528728 0.531315 0.531112 0.415635 0.36962 0.378986 0.395828 0.418317 0.431988 0.44578 0.452266 0.452099 1.034527e-01 0.868
N:25 Run:4 0.594388 0.496406 0.452814 0.358658 0.342973 0.266962 0.294449 0.335461 0.308824 0.255012 0.258227 0.326316 0.350014 0.34214 0.368342 0.383797 0.412993 0.398561 0.442759 0.447867 0.439416 1.034527e-01 0.868
N:25 Run:5 0.47751 0.467116 0.507218 0.526309 0.532402 0.531533 0.535762 0.537267 0.535783 0.535622 0.533724 0.53572 0.423067 0.37454 0.36018 0.405084 0.449482 0.445328 0.442723 0.458491 0.459993 1.034527e-01 0.868
N:25 Run:6 0.515698 0.489746 0.506741 0.512062 0.510614 0.518448 0.51895 0.520224 0.511922 0.504433 0.505319 0.520861 0.457027 0.430262 0.409306 0.430605 0.429577 0.462071 0.482363 0.477688 0.469631 1.034527e-01 0.868
N:25 Run:7 0.518808 0.481306 0.504202 0.519467 0.521405 0.511685 0.497986 0.496522 0.505063 0.503476 0.51236 0.509561 0.439738 0.426513 0.416015 0.444109 0.421358 0.427268 0.434314 0.4394 0.456913 1.034527e-01 0.868
N:25 Run:8 0.453111 0.450326 0.46681 0.478268 0.491915 0.473717 0.468315 0.467364 0.476537 0.50326 0.476293 0.457075 0.443769 0.43596 0.447704 0.445901 0.458721 0.44628 0.444661 0.437346 0.440152 1.034527e-01 0.868
N:25 Run:9 0.465527 0.444887 0.403497 0.325341 0.326641 0.322373 0.39272 0.282344 0.340139 0.314549 0.263947 0.306156 0.388509 0.438939 0.415738 0.446829 0.460956 0.443586 0.440538 0.445779 0.454103 1.034527e-01 0.868
N:26 Run:0 0.375515 0.395594 0.476952 0.514432 0.530481 0.533412 0.533408 0.533361 0.535654 0.535654 0.535881 0.53548 0.42774 0.355764 0.360844 0.362286 0.423429 0.440546 0.455808 0.433346 0.441063 9.210998e-02 0.841
N:26 Run:1 0.325813 0.396822 0.477858 0.515737 0.52654 0.524862 0.522076 0.525749 0.5209 0.5045 0.517982 0.520706 0.466259 0.436354 0.444266 0.45265 0.441115 0.448442 0.455256 0.445714 0.421345 9.210998e-02 0.841
N:26 Run:2 0.465527 0.444887 0.403497 0.325341 0.326641 0.322373 0.39272 0.282344 0.340139 0.314549 0.263947 0.306156 0.361872 0.357913 0.3517 0.363237 0.39951 0.406695 0.420181 0.430948 0.435691 9.210998e-02 0.841
N:26 Run:3 0.355152 0.413482 0.488902 0.519688 0.532297 0.535298 0.534811 0.530987 0.533722 0.528728 0.531315 0.531112 0.415635 0.36962 0.378986 0.395828 0.418317 0.431988 0.44578 0.452266 0.452099 9.210998e-02 0.841
N:26 Run:4 0.594388 0.496406 0.452814 0.358658 0.342973 0.266962 0.294449 0.335461 0.308824 0.255012 0.258227 0.326316 0.350014 0.34214 0.368342 0.383797 0.412993 0.398561 0.442759 0.447867 0.439416 9.210998e-02 0.841
N:26 Run:5 0.47751 0.467116 0.507218 0.526309 0.532402 0.531533 0.535762 0.537267 0.535783 0.535622 0.533724 0.53572 0.423067 0.37454 0.36018 0.405084 0.449482 0.445328 0.442723 0.458491 0.459993 9.210998e-02 0.841
N:26 Run:6 0.515698 0.489746 0.506741 0.512062 0.510614 0.518448 0.51895 0.520224 0.511922 0.504433 0.505319 0.520861 0.457027 0.430262 0.409306 0.430605 0.429577 0.462071 0.482363 0.477688 0.469631 9.210998e-02 0.841
N:26 Run:7 0.518808 0.481306 0.504202 0.519467 0.521405 0.511685 0.497986 0.496522 0.505063 0.503476 0.51236 0.509561 0.439738 0.426513 0.416015 0.444109 0.421358 0.427268 0.434314 0.4394 0.456913 9.210998e-02 0.841
N:26 Run:8 0.453111 0.450326 0.46681 0.478268 0.491915 0.473717 0.468315 0.467364 0.476537 0.50326 0.476293 0.457075 0.443769 0.43596 0.447704 0.445901 0.458721 0.44628 0.444661 0.437346 0.440152 9.210998e-02 0.841
N:26 Run:9 0.465527 0.444887 0.403497 0.325341 0.326641 0.322373 0.39272 0.282344 0.340139 0.314549 0.263947 0.306156 0.388509 0.438939 0.415738 0.446829 0.460956 0.443586 0.440538 0.445779 0.454103 9.210998e-02 0.841
N:27 Run:0 0.375515 0.395594 0.476952 0.514432 0.530481 0.533412 0.533408 0.533361 0.535654 0.535654 0.535881 0.53548 0.42774 0.355764 0.360844 0.362286 0.423429 0.440546 0.455808 0.433346 0.441063 8.999093e-02 0.843
N:27 Run:1 0.325813 0.396822 0.477858 0.515737 0.52654 0.524862 0.522076 0.525749 0.5209 0.5045 0.517982 0.520706 0.466259 0.436354 0.444266 0.45265 0.441115 0.448442 0.455256 0.445714 0.421345 8.999093e-02 0.843
N:27 Run:2 0.465527 0.444887 0.403497 0.325341 0.326641 0.322373 0.39272 0.282344 0.340139 0.314549 0.263947 0.306156 0.361872 0.357913 0.3517 0.363237 0.39951 0.406695 0.420181 0.430948 0.435691 8.999093e-02 0.843
N:27 Run:3 0.355152 0.413482 0.488902 0.519688 0.532297 0.535298 0.534811 0.530987 0.533722 0.528728 0.531315 0.531112 0.415635 0.36962 0.378986 0.395828 0.418317 0.431988 0.44578 0.452266 0.452099 8.999093e-02 0.843
N:27 Run:4 0.594388 0.496406 0.452814 0.358658 0.342973 0.266962 0.294449 0.335461 0.308824 0.255012 0.258227 0.326316 0.350014 0.34214 0.368342 0.383797 0.412993 0.398561 0.442759 0.447867 0.439416 8.999093e-02 0.843
N:27 Run:5 0.47751 0.467116 0.507218 0.526309 0.532402 0.531533 0.535762 0.537267 0.535783 0.535622 0.533724 0.53572 0.423067 0.37454 0.36018 0.405084 0.449482 0.445328 0.442723 0.458491 0.459993 8.999093e-02 0.843
N:27 Run:6 0.515698 0.489746 0.506741 0.512062 0.510614 0.518448 0.51895 0.520224 0.511922 0.504433 0.505319 0.520861 0.457027 0.430262 0.409306 0.430605 0.429577 0.462071 0.482363 0.477688 0.469631 8.999093e-02 0.843
N:27 Run:7 0.518808 0.481306 0.504202 0.519467 0.521405 0.511685 0.497986 0.496522 0.505063 0.503476 0.51236 0.509561 0.439738 0.426513 0.416015 0.444109 0.421358 0.427268 0.434314 0.4394 0.456913 8.999093e-02 0.843
N:27 Run:8 0.453111 0.450326 0.46681 0.478268 0.491915 0.473717 0.468315 0.467364 0.476537 0.50326 0.476293 0.457075 0.443769 0.43596 0.447704 0.445901 0.458721 0.44628 0.444661 0.437346 0.440152 8.999093e-02 0.843
N:27 Run:9 0.465527 0.444887 0.403497 0.325341 0.326641 0.322373 0.39272 0.282344 0.340139 0.314549 0.263947 0.306156 0.388509 0.438939 0.415738 0.446829 0.460956 0.443586 0.440538 0.445779 0.454103 8.999093e-02 0.843
N:28 Run:0 0.375515 0.395594 0.476952 0.514432 0.530481 0.533412 0.533408 0.533361 0.535654 0.535654 0.535881 0.53548 0.42774 0.355764 0.360844 0.362286 0.423429 0.440546 0.455808 0.433346 0.441063 9.304208e-02 0.855
N:28 Run:1 0.325813 0.396822 0.477858 0.515737 0.52654 0.524862 0.522076 0.525749 0.5209 0.5045 0.517982 0.520706 0.466259 0.436354 0.444266 0.45265 0.441115 0.448442 0.455256 0.445714 0.421345 9.304208e-02 0.855
N:28 Run:2 0.465527 0.444887 0.403497 0.325341 0.326641 0.322373 0.39272 0.282344 0.340139 0.314549 0.263947 0.306156 0.361872 0.357913 0.3517 0.363237 0.39951 0.406695 0.420181 0.430948 0.435691 9.304208e-02 0.855
N:28 Run:3 0.355152 0.413482 0.488902 0.519688 0.532297 0.535298 0.534811 0.530987 0.533722 0.528728 0.531315 0.531112 0.415635 0.36962 0.378986 0.395828 0.418317 0.431988 0.44578 0.452266 0.452099 9.304208e-02 0.855
N:28 Run:4 0.594388 0.496406 0.452814 0.358658 0.342973 0.266962 0.294449 0.335461 0.308824 0.255012 0.258227 0.326316 0.350014 0.34214 0.368342 0.383797 0.412993 0.398561 0.442759 0.447867 0.439416 9.304208e-02 0.855
N:28 Run:5 0.47751 0.467116 0.507218 0.526309 0.532402 0.531533 0.535762 0.537267 0.535783 0.535622 0.533724 0.53572 0.423067 0.37454 0.36018 0.405084 0.449482 0.445328 0.442723 0.458491 0.459993 9.304208e-02 0.855
N:28 Run:6 0.515698 0.489746 0.506741 0.512062 0.510614 0.518448 0.51895 0.520224 0.511922 0.504433 0.505319 0.520861 0.457027 0.430262 0.409306 0.430605 0.429577 0.462071 0.482363 0.477688 0.469631 9.304208e-02 0.855
N:28 Run:7 0.518808 0.481306 0.504202 0.519467 0.521405 0.511685 0.497986 0.496522 0.505063 0.503476 0.51236 0.509561 0.439738 0.426513 0.416015 0.444109 0.421358 0.427268 0.434314 0.4394 0.456913 9.304208e-02 0.855
N:28 Run:8 0.453111 0.450326 0.46681 0.478268 0.491915 0.473717 0.468315 0.467364 0.476537 0.50326 0.476293 0.457075 0.443769 0.43596 0.447704 0.445901 0.458721 0.44628 0.444661 0.437346 0.440152 9.304208e-02 0.855
N:28 Run:9 0.465527 0.444887 0.403497 0.325341 0.326641 0.322373 0.39272 0.282344 0.340139 0.314549 0.263947 0.306156 0.388509 0.438939 0.415738 0.446829 0.460956 0.443586 0.440538 0.445779 0.454103 9.304208e-02 0.855
N:29 Run:0 0.375515 0.395594 0.476952 0.514432 0.530481 0.533412 0.533408 0.533361 0.535654 0.535654 0.535881 0.53548 0.42774 0.355764 0.360844 0.362286 0.423429 0.440546 0.455808 0.433346 0.441063 9.838456e-02 0.858
N:29 Run:1 0.325813 0.396822 0.477858 0.515737 0.52654 0.524862 0.522076 0.525749 0.5209 0.5045 0.517982 0.520706 0.466259 0.436354 0.444266 0.45265 0.441115 0.448442 0.455256 0.445714 0.421345 9.838456e-02 0.858
N:29 Run:2 0.465527 0.444887 0.403497 0.325341 0.326641 0.322373 0.39272 0.282344 0.340139 0.314549 0.263947 0.306156 0.361872 0.357913 0.3517 0.363237 0.39951 0.406695 0.420181 0.430948 0.435691 9.838456e-02 0.858
N:29 Run:3 0.355152 0.413482 0.488902 0.519688 0.532297 0.535298 0.534811 0.530987 0.533722 0.528728 0.531315 0.531112 0.415635 0.36962 0.378986 0.395828 0.418317 0.431988 0.44578 0.452266 0.452099 9.838456e-02 0.858
N:29 Run:4 0.594388 0.496406 0.452814 0.358658 0.342973 0.266962 0.294449 0.335461 0.308824 0.255012 0.258227 0.326316 0.350014 0.34214 0.368342 0.383797 0.412993 0.398561 0.442759 0.447867 0.439416 9.838456e-02 0.858
N:29 Run:5 0.47751 0.467116 0.507218 0.526309 0.532402 0.531533 0.535762 0.537267 0.535783 0.535622 0.533724 0.53572 0.423067 0.37454 0.36018 0.405084 0.449482 0.445328 0.442723 0.458491 0.459993 9.838456e-02 0.858
N:29 Run:6 0.515698 0.489746 0.506741 0.512062 0.510614 0.518448 0.51895 0.520224 0.511922 0.504433 0.505319 0.520861 0.457027 0.430262 0.409306 0.430605 0.429577 0.462071 0.482363 0.477688 0.469631 9.838456e-02 0.858
N:29 Run:7 0.518808 0.481306 0.504202 0.519467 0.521405 0.511685 0.497986 0.496522 0.505063 0.503476 0.51236 0.509561 0.439738 0.426513 0.416015 0.444109 0.421358 0.427268 0.434314 0.4394 0.456913 9.838456e-02 0.858
N:29 Run:8 0.453111 0.450326 0.46681 0.478268 0.491915 0.473717 0.468315 0.467364 0.476537 0.50326 0.476293 0.457075 0.443769 0.43596 0.447704 0.445901 0.458721 0.44628 0.444661 0.437346 0.440152 9.838456e-02 0.858
N:29 Run:9 0.465527 0.444887 0.403497 0.325341 0.326641 0.322373 0.39272 0.282344 0.340139 0.314549 0.263947 0.306156 0.388509 0.438939 0.415738 0.446829 0.460956 0.443586 0.440538 0.445779 0.454103 9.838456e-02 0.858
