Seed:1578553689
N:0 Run:0 0.23314 0.235469 0.238623 0.268406 0.232795 0.226201 0.242193 0.224206 0.242583 0.232821 0.244443 0.240467 0.218886 0.23971 0.250114 0.215051 0.242943 0.231818 0.214042 0.252219 0.259525 4.735608e-02 0.387
N:0 Run:1 0.264715 0.268239 0.363898 0.39984 0.423165 0.433905 0.430016 0.431802 0.436291 0.434327 0.430777 0.43795 0.349766 0.318743 0.286674 0.259295 0.278724 0.275997 0.262586 0.259991 0.256581 4.735608e-02 0.387
N:0 Run:2 0.259536 0.252708 0.267858 0.264535 0.283048 0.257333 0.240473 0.25951 0.270852 0.286504 0.275656 0.242246 0.269071 0.275812 0.268385 0.272303 0.271766 0.259608 0.25412 0.281774 0.272586 4.735608e-02 0.387
N:0 Run:3 0.252345 0.257446 0.256104 0.259261 0.263346 0.245629 0.210616 0.242244 0.244488 0.251515 0.26513 0.2418 0.267509 0.281482 0.314377 0.317425 0.308733 0.323738 0.281817 0.267735 0.266042 4.735608e-02 0.387
N:0 Run:4 0.276261 0.244271 0.271203 0.28705 0.27562 0.294466 0.29701 0.298588 0.285116 0.287479 0.298182 0.318261 0.308295 0.292613 0.263341 0.239554 0.267201 0.270477 0.279309 0.284427 0.305714 4.735608e-02 0.387
N:0 Run:5 0.27247 0.271664 0.30466 0.325489 0.316583 0.321918 0.324651 0.322725 0.336222 0.328451 0.323503 0.328364 0.311628 0.318769 0.302142 0.2859 0.289653 0.28817 0.280738 0.293307 0.278327 4.735608e-02 0.387
N:0 Run:6 0.286862 0.278599 0.347073 0.374581 0.376203 0.374287 0.360517 0.362948 0.368839 0.392353 0.40569 0.398438 0.331804 0.2747 0.269249 0.268956 0.252455 0.266724 0.2726 0.270602 0.266498 4.735608e-02 0.387
N:0 Run:7 0.203016 0.231693 0.25871 0.264119 0.260315 0.255299 0.261392 0.257923 0.266096 0.262205 0.283243 0.25365 0.26059 0.244003 0.248761 0.245373 0.242293 0.254529 0.254877 0.230376 0.235075 4.735608e-02 0.387
N:0 Run:8 0.291553 0.26149 0.251203 0.241265 0.211152 0.198878 0.208038 0.238069 0.243088 0.262192 0.238774 0.236028 0.244032 0.259312 0.25091 0.274963 0.245433 0.235185 0.24413 0.222902 0.241047 4.735608e-02 0.387
N:0 Run:9 0.259536 0.252708 0.267858 0.264535 0.283048 0.257333 0.240473 0.25951 0.270852 0.286504 0.275656 0.242246 0.242011 0.258931 0.254028 0.225567 0.241624 0.240906 0.251308 0.246959 0.253641 4.735608e-02 0.387
N:1 Run:0 0.23314 0.245435 0.244583 0.256933 0.231097 0.223687 0.23033 0.216154 0.224484 0.218486 0.215099 0.217831 0.213651 0.234212 0.245181 0.229483 0.247015 0.239518 0.234269 0.257723 0.261057 4.677523e-02 0.388
N:1 Run:1 0.264715 0.266757 0.383819 0.394743 0.426654 0.43299 0.422878 0.425416 0.428262 0.421209 0.400763 0.45555 0.337217 0.313282 0.283405 0.263825 0.273019 0.270357 0.264753 0.261622 0.258308 4.677523e-02 0.388
N:1 Run:2 0.259536 0.253687 0.265535 0.264444 0.294849 0.266623 0.246306 0.264139 0.268294 0.288201 0.271922 0.253662 0.280503 0.282446 0.268073 0.271716 0.26843 0.260515 0.261371 0.272296 0.273979 4.677523e-02 0.388
N:1 Run:3 0.252345 0.259148 0.255484 0.255279 0.257611 0.25258 0.23294 0.256522 0.253232 0.258918 0.268426 0.247557 0.274511 0.287118 0.31766 0.311116 0.304299 0.32088 0.283108 0.266264 0.267163 4.677523e-02 0.388
N:1 Run:4 0.276261 0.248333 0.279613 0.285325 0.281065 0.303734 0.303584 0.302504 0.286884 0.289919 0.301241 0.319016 0.307868 0.287055 0.262291 0.241991 0.267835 0.268973 0.284356 0.283533 0.298558 4.677523e-02 0.388
N:1 Run:5 0.27247 0.268123 0.29949 0.319792 0.30424 0.317699 0.330518 0.323306 0.338137 0.327223 0.319344 0.328462 0.308168 0.307656 0.284438 0.272766 0.275924 0.277446 0.274659 0.282747 0.278302 4.677523e-02 0.388
N:1 Run:6 0.286862 0.275961 0.366438 0.407107 0.392142 0.395563 0.357854 0.355029 0.358604 0.397033 0.400929 0.409811 0.311839 0.267063 0.26007 0.270152 0.254108 0.261209 0.275513 0.274513 0.265713 4.677523e-02 0.388
N:1 Run:7 0.203016 0.249522 0.265742 0.25769 0.256858 0.255325 0.256524 0.247949 0.246718 0.245619 0.272654 0.245938 0.253547 0.2425 0.252452 0.248176 0.249742 0.257272 0.255772 0.242672 0.247262 4.677523e-02 0.388
N:1 Run:8 0.291553 0.266358 0.263694 0.246968 0.229981 0.224585 0.227259 0.237906 0.235677 0.241008 0.230612 0.233084 0.231477 0.251189 0.250591 0.275784 0.254667 0.239766 0.240736 0.233272 0.245145 4.677523e-02 0.388
N:1 Run:9 0.259536 0.253687 0.265535 0.264444 0.294849 0.266623 0.246306 0.264139 0.268294 0.288201 0.271922 0.253662 0.252385 0.263166 0.252781 0.236844 0.251203 0.24867 0.259939 0.251147 0.261886 4.677523e-02 0.388
N:2 Run:0 0.23314 0.245435 0.244583 0.256933 0.231097 0.223687 0.23033 0.216154 0.224484 0.218486 0.215099 0.217831 0.213651 0.234212 0.245181 0.229483 0.247015 0.239518 0.234269 0.257723 0.261057 4.804346e-02 0.389
N:2 Run:1 0.264715 0.266757 0.383819 0.394743 0.426654 0.43299 0.422878 0.425416 0.428262 0.421209 0.400763 0.45555 0.337217 0.313282 0.283405 0.263825 0.273019 0.270357 0.264753 0.261622 0.258308 4.804346e-02 0.389
N:2 Run:2 0.259536 0.253687 0.265535 0.264444 0.294849 0.266623 0.246306 0.264139 0.268294 0.288201 0.271922 0.253662 0.280503 0.282446 0.268073 0.271716 0.26843 0.260515 0.261371 0.272296 0.273979 4.804346e-02 0.389
N:2 Run:3 0.252345 0.259148 0.255484 0.255279 0.257611 0.25258 0.23294 0.256522 0.253232 0.258918 0.268426 0.247557 0.274511 0.287118 0.31766 0.311116 0.304299 0.32088 0.283108 0.266264 0.267163 4.804346e-02 0.389
N:2 Run:4 0.276261 0.248333 0.279613 0.285325 0.281065 0.303734 0.303584 0.302504 0.286884 0.289919 0.301241 0.319016 0.307868 0.287055 0.262291 0.241991 0.267835 0.268973 0.284356 0.283533 0.298558 4.804346e-02 0.389
N:2 Run:5 0.27247 0.268123 0.29949 0.319792 0.30424 0.317699 0.330518 0.323306 0.338137 0.327223 0.319344 0.328462 0.308168 0.307656 0.284438 0.272766 0.275924 0.277446 0.274659 0.282747 0.278302 4.804346e-02 0.389
N:2 Run:6 0.286862 0.275961 0.366438 0.407107 0.392142 0.395563 0.357854 0.355029 0.358604 0.397033 0.400929 0.409811 0.311839 0.267063 0.26007 0.270152 0.254108 0.261209 0.275513 0.274513 0.265713 4.804346e-02 0.389
N:2 Run:7 0.203016 0.249522 0.265742 0.25769 0.256858 0.255325 0.256524 0.247949 0.246718 0.245619 0.272654 0.245938 0.253547 0.2425 0.252452 0.248176 0.249742 0.257272 0.255772 0.242672 0.247262 4.804346e-02 0.389
N:2 Run:8 0.291553 0.266358 0.263694 0.246968 0.229981 0.224585 0.227259 0.237906 0.235677 0.241008 0.230612 0.233084 0.231477 0.251189 0.250591 0.275784 0.254667 0.239766 0.240736 0.233272 0.245145 4.804346e-02 0.389
N:2 Run:9 0.259536 0.253687 0.265535 0.264444 0.294849 0.266623 0.246306 0.264139 0.268294 0.288201 0.271922 0.253662 0.252385 0.263166 0.252781 0.236844 0.251203 0.24867 0.259939 0.251147 0.261886 4.804346e-02 0.389
N:3 Run:0 0.23314 0.245435 0.244583 0.256933 0.231097 0.223687 0.23033 0.216154 0.224484 0.218486 0.215099 0.217831 0.213651 0.234212 0.245181 0.229483 0.247015 0.239518 0.234269 0.257723 0.261057 4.759872e-02 0.392
N:3 Run:1 0.264715 0.266757 0.383819 0.394743 0.426654 0.43299 0.422878 0.425416 0.428262 0.421209 0.400763 0.45555 0.337217 0.313282 0.283405 0.263825 0.273019 0.270357 0.264753 0.261622 0.258308 4.759872e-02 0.392
N:3 Run:2 0.259536 0.253687 0.265535 0.264444 0.294849 0.266623 0.246306 0.264139 0.268294 0.288201 0.271922 0.253662 0.280503 0.282446 0.268073 0.271716 0.26843 0.260515 0.261371 0.272296 0.273979 4.759872e-02 0.392
N:3 Run:3 0.252345 0.259148 0.255484 0.255279 0.257611 0.25258 0.23294 0.256522 0.253232 0.258918 0.268426 0.247557 0.274511 0.287118 0.31766 0.311116 0.304299 0.32088 0.283108 0.266264 0.267163 4.759872e-02 0.392
N:3 Run:4 0.276261 0.248333 0.279613 0.285325 0.281065 0.303734 0.303584 0.302504 0.286884 0.289919 0.301241 0.319016 0.307868 0.287055 0.262291 0.241991 0.267835 0.268973 0.284356 0.283533 0.298558 4.759872e-02 0.392
N:3 Run:5 0.27247 0.268123 0.29949 0.319792 0.30424 0.317699 0.330518 0.323306 0.338137 0.327223 0.319344 0.328462 0.308168 0.307656 0.284438 0.272766 0.275924 0.277446 0.274659 0.282747 0.278302 4.759872e-02 0.392
N:3 Run:6 0.286862 0.275961 0.366438 0.407107 0.392142 0.395563 0.357854 0.355029 0.358604 0.397033 0.400929 0.409811 0.311839 0.267063 0.26007 0.270152 0.254108 0.261209 0.275513 0.274513 0.265713 4.759872e-02 0.392
N:3 Run:7 0.203016 0.249522 0.265742 0.25769 0.256858 0.255325 0.256524 0.247949 0.246718 0.245619 0.272654 0.245938 0.253547 0.2425 0.252452 0.248176 0.249742 0.257272 0.255772 0.242672 0.247262 4.759872e-02 0.392
N:3 Run:8 0.291553 0.266358 0.263694 0.246968 0.229981 0.224585 0.227259 0.237906 0.235677 0.241008 0.230612 0.233084 0.231477 0.251189 0.250591 0.275784 0.254667 0.239766 0.240736 0.233272 0.245145 4.759872e-02 0.392
N:3 Run:9 0.259536 0.253687 0.265535 0.264444 0.294849 0.266623 0.246306 0.264139 0.268294 0.288201 0.271922 0.253662 0.252385 0.263166 0.252781 0.236844 0.251203 0.24867 0.259939 0.251147 0.261886 4.759872e-02 0.392
N:4 Run:0 0.23314 0.245435 0.244583 0.256933 0.231097 0.223687 0.23033 0.216154 0.224484 0.218486 0.215099 0.217831 0.213651 0.234212 0.245181 0.229483 0.247015 0.239518 0.234269 0.257723 0.261057 4.770376e-02 0.389
N:4 Run:1 0.264715 0.266757 0.383819 0.394743 0.426654 0.43299 0.422878 0.425416 0.428262 0.421209 0.400763 0.45555 0.337217 0.313282 0.283405 0.263825 0.273019 0.270357 0.264753 0.261622 0.258308 4.770376e-02 0.389
N:4 Run:2 0.259536 0.253687 0.265535 0.264444 0.294849 0.266623 0.246306 0.264139 0.268294 0.288201 0.271922 0.253662 0.280503 0.282446 0.268073 0.271716 0.26843 0.260515 0.261371 0.272296 0.273979 4.770376e-02 0.389
N:4 Run:3 0.252345 0.259148 0.255484 0.255279 0.257611 0.25258 0.23294 0.256522 0.253232 0.258918 0.268426 0.247557 0.274511 0.287118 0.31766 0.311116 0.304299 0.32088 0.283108 0.266264 0.267163 4.770376e-02 0.389
N:4 Run:4 0.276261 0.248333 0.279613 0.285325 0.281065 0.303734 0.303584 0.302504 0.286884 0.289919 0.301241 0.319016 0.307868 0.287055 0.262291 0.241991 0.267835 0.268973 0.284356 0.283533 0.298558 4.770376e-02 0.389
N:4 Run:5 0.27247 0.268123 0.29949 0.319792 0.30424 0.317699 0.330518 0.323306 0.338137 0.327223 0.319344 0.328462 0.308168 0.307656 0.284438 0.272766 0.275924 0.277446 0.274659 0.282747 0.278302 4.770376e-02 0.389
N:4 Run:6 0.286862 0.275961 0.366438 0.407107 0.392142 0.395563 0.357854 0.355029 0.358604 0.397033 0.400929 0.409811 0.311839 0.267063 0.26007 0.270152 0.254108 0.261209 0.275513 0.274513 0.265713 4.770376e-02 0.389
N:4 Run:7 0.203016 0.249522 0.265742 0.25769 0.256858 0.255325 0.256524 0.247949 0.246718 0.245619 0.272654 0.245938 0.253547 0.2425 0.252452 0.248176 0.249742 0.257272 0.255772 0.242672 0.247262 4.770376e-02 0.389
N:4 Run:8 0.291553 0.266358 0.263694 0.246968 0.229981 0.224585 0.227259 0.237906 0.235677 0.241008 0.230612 0.233084 0.231477 0.251189 0.250591 0.275784 0.254667 0.239766 0.240736 0.233272 0.245145 4.770376e-02 0.389
N:4 Run:9 0.259536 0.253687 0.265535 0.264444 0.294849 0.266623 0.246306 0.264139 0.268294 0.288201 0.271922 0.253662 0.252385 0.263166 0.252781 0.236844 0.251203 0.24867 0.259939 0.251147 0.261886 4.770376e-02 0.389
N:5 Run:0 0.23314 0.245435 0.244583 0.256933 0.231097 0.223687 0.23033 0.216154 0.224484 0.218486 0.215099 0.217831 0.213651 0.234212 0.245181 0.229483 0.247015 0.239518 0.234269 0.257723 0.261057 4.763829e-02 0.385
N:5 Run:1 0.264715 0.266757 0.383819 0.394743 0.426654 0.43299 0.422878 0.425416 0.428262 0.421209 0.400763 0.45555 0.337217 0.313282 0.283405 0.263825 0.273019 0.270357 0.264753 0.261622 0.258308 4.763829e-02 0.385
N:5 Run:2 0.259536 0.253687 0.265535 0.264444 0.294849 0.266623 0.246306 0.264139 0.268294 0.288201 0.271922 0.253662 0.280503 0.282446 0.268073 0.271716 0.26843 0.260515 0.261371 0.272296 0.273979 4.763829e-02 0.385
N:5 Run:3 0.252345 0.259148 0.255484 0.255279 0.257611 0.25258 0.23294 0.256522 0.253232 0.258918 0.268426 0.247557 0.274511 0.287118 0.31766 0.311116 0.304299 0.32088 0.283108 0.266264 0.267163 4.763829e-02 0.385
N:5 Run:4 0.276261 0.248333 0.279613 0.285325 0.281065 0.303734 0.303584 0.302504 0.286884 0.289919 0.301241 0.319016 0.307868 0.287055 0.262291 0.241991 0.267835 0.268973 0.284356 0.283533 0.298558 4.763829e-02 0.385
N:5 Run:5 0.27247 0.268123 0.29949 0.319792 0.30424 0.317699 0.330518 0.323306 0.338137 0.327223 0.319344 0.328462 0.308168 0.307656 0.284438 0.272766 0.275924 0.277446 0.274659 0.282747 0.278302 4.763829e-02 0.385
N:5 Run:6 0.286862 0.275961 0.366438 0.407107 0.392142 0.395563 0.357854 0.355029 0.358604 0.397033 0.400929 0.409811 0.311839 0.267063 0.26007 0.270152 0.254108 0.261209 0.275513 0.274513 0.265713 4.763829e-02 0.385
N:5 Run:7 0.203016 0.249522 0.265742 0.25769 0.256858 0.255325 0.256524 0.247949 0.246718 0.245619 0.272654 0.245938 0.253547 0.2425 0.252452 0.248176 0.249742 0.257272 0.255772 0.242672 0.247262 4.763829e-02 0.385
N:5 Run:8 0.291553 0.266358 0.263694 0.246968 0.229981 0.224585 0.227259 0.237906 0.235677 0.241008 0.230612 0.233084 0.231477 0.251189 0.250591 0.275784 0.254667 0.239766 0.240736 0.233272 0.245145 4.763829e-02 0.385
N:5 Run:9 0.259536 0.253687 0.265535 0.264444 0.294849 0.266623 0.246306 0.264139 0.268294 0.288201 0.271922 0.253662 0.252385 0.263166 0.252781 0.236844 0.251203 0.24867 0.259939 0.251147 0.261886 4.763829e-02 0.385
N:6 Run:0 0.23314 0.245435 0.244583 0.256933 0.231097 0.223687 0.23033 0.216154 0.224484 0.218486 0.215099 0.217831 0.213651 0.234212 0.245181 0.229483 0.247015 0.239518 0.234269 0.257723 0.261057 4.773393e-02 0.388
N:6 Run:1 0.264715 0.266757 0.383819 0.394743 0.426654 0.43299 0.422878 0.425416 0.428262 0.421209 0.400763 0.45555 0.337217 0.313282 0.283405 0.263825 0.273019 0.270357 0.264753 0.261622 0.258308 4.773393e-02 0.388
N:6 Run:2 0.259536 0.253687 0.265535 0.264444 0.294849 0.266623 0.246306 0.264139 0.268294 0.288201 0.271922 0.253662 0.280503 0.282446 0.268073 0.271716 0.26843 0.260515 0.261371 0.272296 0.273979 4.773393e-02 0.388
N:6 Run:3 0.252345 0.259148 0.255484 0.255279 0.257611 0.25258 0.23294 0.256522 0.253232 0.258918 0.268426 0.247557 0.274511 0.287118 0.31766 0.311116 0.304299 0.32088 0.283108 0.266264 0.267163 4.773393e-02 0.388
N:6 Run:4 0.276261 0.248333 0.279613 0.285325 0.281065 0.303734 0.303584 0.302504 0.286884 0.289919 0.301241 0.319016 0.307868 0.287055 0.262291 0.241991 0.267835 0.268973 0.284356 0.283533 0.298558 4.773393e-02 0.388
N:6 Run:5 0.27247 0.268123 0.29949 0.319792 0.30424 0.317699 0.330518 0.323306 0.338137 0.327223 0.319344 0.328462 0.308168 0.307656 0.284438 0.272766 0.275924 0.277446 0.274659 0.282747 0.278302 4.773393e-02 0.388
N:6 Run:6 0.286862 0.275961 0.366438 0.407107 0.392142 0.395563 0.357854 0.355029 0.358604 0.397033 0.400929 0.409811 0.311839 0.267063 0.26007 0.270152 0.254108 0.261209 0.275513 0.274513 0.265713 4.773393e-02 0.388
N:6 Run:7 0.203016 0.249522 0.265742 0.25769 0.256858 0.255325 0.256524 0.247949 0.246718 0.245619 0.272654 0.245938 0.253547 0.2425 0.252452 0.248176 0.249742 0.257272 0.255772 0.242672 0.247262 4.773393e-02 0.388
N:6 Run:8 0.291553 0.266358 0.263694 0.246968 0.229981 0.224585 0.227259 0.237906 0.235677 0.241008 0.230612 0.233084 0.231477 0.251189 0.250591 0.275784 0.254667 0.239766 0.240736 0.233272 0.245145 4.773393e-02 0.388
N:6 Run:9 0.259536 0.253687 0.265535 0.264444 0.294849 0.266623 0.246306 0.264139 0.268294 0.288201 0.271922 0.253662 0.252385 0.263166 0.252781 0.236844 0.251203 0.24867 0.259939 0.251147 0.261886 4.773393e-02 0.388
N:7 Run:0 0.23314 0.245435 0.244583 0.256933 0.231097 0.223687 0.23033 0.216154 0.224484 0.218486 0.215099 0.217831 0.213651 0.234212 0.245181 0.229483 0.247015 0.239518 0.234269 0.257723 0.261057 4.798396e-02 0.392
N:7 Run:1 0.264715 0.266757 0.383819 0.394743 0.426654 0.43299 0.422878 0.425416 0.428262 0.421209 0.400763 0.45555 0.337217 0.313282 0.283405 0.263825 0.273019 0.270357 0.264753 0.261622 0.258308 4.798396e-02 0.392
N:7 Run:2 0.259536 0.253687 0.265535 0.264444 0.294849 0.266623 0.246306 0.264139 0.268294 0.288201 0.271922 0.253662 0.280503 0.282446 0.268073 0.271716 0.26843 0.260515 0.261371 0.272296 0.273979 4.798396e-02 0.392
N:7 Run:3 0.252345 0.259148 0.255484 0.255279 0.257611 0.25258 0.23294 0.256522 0.253232 0.258918 0.268426 0.247557 0.274511 0.287118 0.31766 0.311116 0.304299 0.32088 0.283108 0.266264 0.267163 4.798396e-02 0.392
N:7 Run:4 0.276261 0.248333 0.279613 0.285325 0.281065 0.303734 0.303584 0.302504 0.286884 0.289919 0.301241 0.319016 0.307868 0.287055 0.262291 0.241991 0.267835 0.268973 0.284356 0.283533 0.298558 4.798396e-02 0.392
N:7 Run:5 0.27247 0.268123 0.29949 0.319792 0.30424 0.317699 0.330518 0.323306 0.338137 0.327223 0.319344 0.328462 0.308168 0.307656 0.284438 0.272766 0.275924 0.277446 0.274659 0.282747 0.278302 4.798396e-02 0.392
N:7 Run:6 0.286862 0.275961 0.366438 0.407107 0.392142 0.395563 0.357854 0.355029 0.358604 0.397033 0.400929 0.409811 0.311839 0.267063 0.26007 0.270152 0.254108 0.261209 0.275513 0.274513 0.265713 4.798396e-02 0.392
N:7 Run:7 0.203016 0.249522 0.265742 0.25769 0.256858 0.255325 0.256524 0.247949 0.246718 0.245619 0.272654 0.245938 0.253547 0.2425 0.252452 0.248176 0.249742 0.257272 0.255772 0.242672 0.247262 4.798396e-02 0.392
N:7 Run:8 0.291553 0.266358 0.263694 0.246968 0.229981 0.224585 0.227259 0.237906 0.235677 0.241008 0.230612 0.233084 0.231477 0.251189 0.250591 0.275784 0.254667 0.239766 0.240736 0.233272 0.245145 4.798396e-02 0.392
N:7 Run:9 0.259536 0.253687 0.265535 0.264444 0.294849 0.266623 0.246306 0.264139 0.268294 0.288201 0.271922 0.253662 0.252385 0.263166 0.252781 0.236844 0.251203 0.24867 0.259939 0.251147 0.261886 4.798396e-02 0.392
N:8 Run:0 0.23314 0.245435 0.244583 0.256933 0.231097 0.223687 0.23033 0.216154 0.224484 0.218486 0.215099 0.217831 0.213651 0.234212 0.245181 0.229483 0.247015 0.239518 0.234269 0.257723 0.261057 4.802352e-02 0.389
N:8 Run:1 0.264715 0.266757 0.383819 0.394743 0.426654 0.43299 0.422878 0.425416 0.428262 0.421209 0.400763 0.45555 0.337217 0.313282 0.283405 0.263825 0.273019 0.270357 0.264753 0.261622 0.258308 4.802352e-02 0.389
N:8 Run:2 0.259536 0.253687 0.265535 0.264444 0.294849 0.266623 0.246306 0.264139 0.268294 0.288201 0.271922 0.253662 0.280503 0.282446 0.268073 0.271716 0.26843 0.260515 0.261371 0.272296 0.273979 4.802352e-02 0.389
N:8 Run:3 0.252345 0.259148 0.255484 0.255279 0.257611 0.25258 0.23294 0.256522 0.253232 0.258918 0.268426 0.247557 0.274511 0.287118 0.31766 0.311116 0.304299 0.32088 0.283108 0.266264 0.267163 4.802352e-02 0.389
N:8 Run:4 0.276261 0.248333 0.279613 0.285325 0.281065 0.303734 0.303584 0.302504 0.286884 0.289919 0.301241 0.319016 0.307868 0.287055 0.262291 0.241991 0.267835 0.268973 0.284356 0.283533 0.298558 4.802352e-02 0.389
N:8 Run:5 0.27247 0.268123 0.29949 0.319792 0.30424 0.317699 0.330518 0.323306 0.338137 0.327223 0.319344 0.328462 0.308168 0.307656 0.284438 0.272766 0.275924 0.277446 0.274659 0.282747 0.278302 4.802352e-02 0.389
N:8 Run:6 0.286862 0.275961 0.366438 0.407107 0.392142 0.395563 0.357854 0.355029 0.358604 0.397033 0.400929 0.409811 0.311839 0.267063 0.26007 0.270152 0.254108 0.261209 0.275513 0.274513 0.265713 4.802352e-02 0.389
N:8 Run:7 0.203016 0.249522 0.265742 0.25769 0.256858 0.255325 0.256524 0.247949 0.246718 0.245619 0.272654 0.245938 0.253547 0.2425 0.252452 0.248176 0.249742 0.257272 0.255772 0.242672 0.247262 4.802352e-02 0.389
N:8 Run:8 0.291553 0.266358 0.263694 0.246968 0.229981 0.224585 0.227259 0.237906 0.235677 0.241008 0.230612 0.233084 0.231477 0.251189 0.250591 0.275784 0.254667 0.239766 0.240736 0.233272 0.245145 4.802352e-02 0.389
N:8 Run:9 0.259536 0.253687 0.265535 0.264444 0.294849 0.266623 0.246306 0.264139 0.268294 0.288201 0.271922 0.253662 0.252385 0.263166 0.252781 0.236844 0.251203 0.24867 0.259939 0.251147 0.261886 4.802352e-02 0.389
N:9 Run:0 0.23314 0.245435 0.244583 0.256933 0.231097 0.223687 0.23033 0.216154 0.224484 0.218486 0.215099 0.217831 0.213651 0.234212 0.245181 0.229483 0.247015 0.239518 0.234269 0.257723 0.261057 4.765776e-02 0.390
N:9 Run:1 0.264715 0.266757 0.383819 0.394743 0.426654 0.43299 0.422878 0.425416 0.428262 0.421209 0.400763 0.45555 0.337217 0.313282 0.283405 0.263825 0.273019 0.270357 0.264753 0.261622 0.258308 4.765776e-02 0.390
N:9 Run:2 0.259536 0.253687 0.265535 0.264444 0.294849 0.266623 0.246306 0.264139 0.268294 0.288201 0.271922 0.253662 0.280503 0.282446 0.268073 0.271716 0.26843 0.260515 0.261371 0.272296 0.273979 4.765776e-02 0.390
N:9 Run:3 0.252345 0.259148 0.255484 0.255279 0.257611 0.25258 0.23294 0.256522 0.253232 0.258918 0.268426 0.247557 0.274511 0.287118 0.31766 0.311116 0.304299 0.32088 0.283108 0.266264 0.267163 4.765776e-02 0.390
N:9 Run:4 0.276261 0.248333 0.279613 0.285325 0.281065 0.303734 0.303584 0.302504 0.286884 0.289919 0.301241 0.319016 0.307868 0.287055 0.262291 0.241991 0.267835 0.268973 0.284356 0.283533 0.298558 4.765776e-02 0.390
N:9 Run:5 0.27247 0.268123 0.29949 0.319792 0.30424 0.317699 0.330518 0.323306 0.338137 0.327223 0.319344 0.328462 0.308168 0.307656 0.284438 0.272766 0.275924 0.277446 0.274659 0.282747 0.278302 4.765776e-02 0.390
N:9 Run:6 0.286862 0.275961 0.366438 0.407107 0.392142 0.395563 0.357854 0.355029 0.358604 0.397033 0.400929 0.409811 0.311839 0.267063 0.26007 0.270152 0.254108 0.261209 0.275513 0.274513 0.265713 4.765776e-02 0.390
N:9 Run:7 0.203016 0.249522 0.265742 0.25769 0.256858 0.255325 0.256524 0.247949 0.246718 0.245619 0.272654 0.245938 0.253547 0.2425 0.252452 0.248176 0.249742 0.257272 0.255772 0.242672 0.247262 4.765776e-02 0.390
N:9 Run:8 0.291553 0.266358 0.263694 0.246968 0.229981 0.224585 0.227259 0.237906 0.235677 0.241008 0.230612 0.233084 0.231477 0.251189 0.250591 0.275784 0.254667 0.239766 0.240736 0.233272 0.245145 4.765776e-02 0.390
N:9 Run:9 0.259536 0.253687 0.265535 0.264444 0.294849 0.266623 0.246306 0.264139 0.268294 0.288201 0.271922 0.253662 0.252385 0.263166 0.252781 0.236844 0.251203 0.24867 0.259939 0.251147 0.261886 4.765776e-02 0.390
N:10 Run:0 0.23314 0.245435 0.244583 0.256933 0.231097 0.223687 0.23033 0.216154 0.224484 0.218486 0.215099 0.217831 0.213651 0.234212 0.245181 0.229483 0.247015 0.239518 0.234269 0.257723 0.261057 4.790170e-02 0.387
N:10 Run:1 0.264715 0.266757 0.383819 0.394743 0.426654 0.43299 0.422878 0.425416 0.428262 0.421209 0.400763 0.45555 0.337217 0.313282 0.283405 0.263825 0.273019 0.270357 0.264753 0.261622 0.258308 4.790170e-02 0.387
N:10 Run:2 0.259536 0.253687 0.265535 0.264444 0.294849 0.266623 0.246306 0.264139 0.268294 0.288201 0.271922 0.253662 0.280503 0.282446 0.268073 0.271716 0.26843 0.260515 0.261371 0.272296 0.273979 4.790170e-02 0.387
N:10 Run:3 0.252345 0.259148 0.255484 0.255279 0.257611 0.25258 0.23294 0.256522 0.253232 0.258918 0.268426 0.247557 0.274511 0.287118 0.31766 0.311116 0.304299 0.32088 0.283108 0.266264 0.267163 4.790170e-02 0.387
N:10 Run:4 0.276261 0.248333 0.279613 0.285325 0.281065 0.303734 0.303584 0.302504 0.286884 0.289919 0.301241 0.319016 0.307868 0.287055 0.262291 0.241991 0.267835 0.268973 0.284356 0.283533 0.298558 4.790170e-02 0.387
N:10 Run:5 0.27247 0.268123 0.29949 0.319792 0.30424 0.317699 0.330518 0.323306 0.338137 0.327223 0.319344 0.328462 0.308168 0.307656 0.284438 0.272766 0.275924 0.277446 0.274659 0.282747 0.278302 4.790170e-02 0.387
N:10 Run:6 0.286862 0.275961 0.366438 0.407107 0.392142 0.395563 0.357854 0.355029 0.358604 0.397033 0.400929 0.409811 0.311839 0.267063 0.26007 0.270152 0.254108 0.261209 0.275513 0.274513 0.265713 4.790170e-02 0.387
N:10 Run:7 0.203016 0.249522 0.265742 0.25769 0.256858 0.255325 0.256524 0.247949 0.246718 0.245619 0.272654 0.245938 0.253547 0.2425 0.252452 0.248176 0.249742 0.257272 0.255772 0.242672 0.247262 4.790170e-02 0.387
N:10 Run:8 0.291553 0.266358 0.263694 0.246968 0.229981 0.224585 0.227259 0.237906 0.235677 0.241008 0.230612 0.233084 0.231477 0.251189 0.250591 0.275784 0.254667 0.239766 0.240736 0.233272 0.245145 4.790170e-02 0.387
N:10 Run:9 0.259536 0.253687 0.265535 0.264444 0.294849 0.266623 0.246306 0.264139 0.268294 0.288201 0.271922 0.253662 0.252385 0.263166 0.252781 0.236844 0.251203 0.24867 0.259939 0.251147 0.261886 4.790170e-02 0.387
N:11 Run:0 0.23314 0.245435 0.244583 0.256933 0.231097 0.223687 0.23033 0.216154 0.224484 0.218486 0.215099 0.217831 0.213651 0.234212 0.245181 0.229483 0.247015 0.239518 0.234269 0.257723 0.261057 4.747796e-02 0.394
N:11 Run:1 0.264715 0.266757 0.383819 0.394743 0.426654 0.43299 0.422878 0.425416 0.428262 0.421209 0.400763 0.45555 0.337217 0.313282 0.283405 0.263825 0.273019 0.270357 0.264753 0.261622 0.258308 4.747796e-02 0.394
N:11 Run:2 0.259536 0.253687 0.265535 0.264444 0.294849 0.266623 0.246306 0.264139 0.268294 0.288201 0.271922 0.253662 0.280503 0.282446 0.268073 0.271716 0.26843 0.260515 0.261371 0.272296 0.273979 4.747796e-02 0.394
N:11 Run:3 0.252345 0.259148 0.255484 0.255279 0.257611 0.25258 0.23294 0.256522 0.253232 0.258918 0.268426 0.247557 0.274511 0.287118 0.31766 0.311116 0.304299 0.32088 0.283108 0.266264 0.267163 4.747796e-02 0.394
N:11 Run:4 0.276261 0.248333 0.279613 0.285325 0.281065 0.303734 0.303584 0.302504 0.286884 0.289919 0.301241 0.319016 0.307868 0.287055 0.262291 0.241991 0.267835 0.268973 0.284356 0.283533 0.298558 4.747796e-02 0.394
N:11 Run:5 0.27247 0.268123 0.29949 0.319792 0.30424 0.317699 0.330518 0.323306 0.338137 0.327223 0.319344 0.328462 0.308168 0.307656 0.284438 0.272766 0.275924 0.277446 0.274659 0.282747 0.278302 4.747796e-02 0.394
N:11 Run:6 0.286862 0.275961 0.366438 0.407107 0.392142 0.395563 0.357854 0.355029 0.358604 0.397033 0.400929 0.409811 0.311839 0.267063 0.26007 0.270152 0.254108 0.261209 0.275513 0.274513 0.265713 4.747796e-02 0.394
N:11 Run:7 0.203016 0.249522 0.265742 0.25769 0.256858 0.255325 0.256524 0.247949 0.246718 0.245619 0.272654 0.245938 0.253547 0.2425 0.252452 0.248176 0.249742 0.257272 0.255772 0.242672 0.247262 4.747796e-02 0.394
N:11 Run:8 0.291553 0.266358 0.263694 0.246968 0.229981 0.224585 0.227259 0.237906 0.235677 0.241008 0.230612 0.233084 0.231477 0.251189 0.250591 0.275784 0.254667 0.239766 0.240736 0.233272 0.245145 4.747796e-02 0.394
N:11 Run:9 0.259536 0.253687 0.265535 0.264444 0.294849 0.266623 0.246306 0.264139 0.268294 0.288201 0.271922 0.253662 0.252385 0.263166 0.252781 0.236844 0.251203 0.24867 0.259939 0.251147 0.261886 4.747796e-02 0.394
N:12 Run:0 0.23314 0.245435 0.244583 0.256933 0.231097 0.223687 0.23033 0.216154 0.224484 0.218486 0.215099 0.217831 0.213651 0.234212 0.245181 0.229483 0.247015 0.239518 0.234269 0.257723 0.261057 4.829992e-02 0.386
N:12 Run:1 0.264715 0.266757 0.383819 0.394743 0.426654 0.43299 0.422878 0.425416 0.428262 0.421209 0.400763 0.45555 0.337217 0.313282 0.283405 0.263825 0.273019 0.270357 0.264753 0.261622 0.258308 4.829992e-02 0.386
N:12 Run:2 0.259536 0.253687 0.265535 0.264444 0.294849 0.266623 0.246306 0.264139 0.268294 0.288201 0.271922 0.253662 0.280503 0.282446 0.268073 0.271716 0.26843 0.260515 0.261371 0.272296 0.273979 4.829992e-02 0.386
N:12 Run:3 0.252345 0.259148 0.255484 0.255279 0.257611 0.25258 0.23294 0.256522 0.253232 0.258918 0.268426 0.247557 0.274511 0.287118 0.31766 0.311116 0.304299 0.32088 0.283108 0.266264 0.267163 4.829992e-02 0.386
N:12 Run:4 0.276261 0.248333 0.279613 0.285325 0.281065 0.303734 0.303584 0.302504 0.286884 0.289919 0.301241 0.319016 0.307868 0.287055 0.262291 0.241991 0.267835 0.268973 0.284356 0.283533 0.298558 4.829992e-02 0.386
N:12 Run:5 0.27247 0.268123 0.29949 0.319792 0.30424 0.317699 0.330518 0.323306 0.338137 0.327223 0.319344 0.328462 0.308168 0.307656 0.284438 0.272766 0.275924 0.277446 0.274659 0.282747 0.278302 4.829992e-02 0.386
N:12 Run:6 0.286862 0.275961 0.366438 0.407107 0.392142 0.395563 0.357854 0.355029 0.358604 0.397033 0.400929 0.409811 0.311839 0.267063 0.26007 0.270152 0.254108 0.261209 0.275513 0.274513 0.265713 4.829992e-02 0.386
N:12 Run:7 0.203016 0.249522 0.265742 0.25769 0.256858 0.255325 0.256524 0.247949 0.246718 0.245619 0.272654 0.245938 0.253547 0.2425 0.252452 0.248176 0.249742 0.257272 0.255772 0.242672 0.247262 4.829992e-02 0.386
N:12 Run:8 0.291553 0.266358 0.263694 0.246968 0.229981 0.224585 0.227259 0.237906 0.235677 0.241008 0.230612 0.233084 0.231477 0.251189 0.250591 0.275784 0.254667 0.239766 0.240736 0.233272 0.245145 4.829992e-02 0.386
N:12 Run:9 0.259536 0.253687 0.265535 0.264444 0.294849 0.266623 0.246306 0.264139 0.268294 0.288201 0.271922 0.253662 0.252385 0.263166 0.252781 0.236844 0.251203 0.24867 0.259939 0.251147 0.261886 4.829992e-02 0.386
N:13 Run:0 0.23314 0.245435 0.244583 0.256933 0.231097 0.223687 0.23033 0.216154 0.224484 0.218486 0.215099 0.217831 0.213651 0.234212 0.245181 0.229483 0.247015 0.239518 0.234269 0.257723 0.261057 4.761818e-02 0.385
N:13 Run:1 0.264715 0.266757 0.383819 0.394743 0.426654 0.43299 0.422878 0.425416 0.428262 0.421209 0.400763 0.45555 0.337217 0.313282 0.283405 0.263825 0.273019 0.270357 0.264753 0.261622 0.258308 4.761818e-02 0.385
N:13 Run:2 0.259536 0.253687 0.265535 0.264444 0.294849 0.266623 0.246306 0.264139 0.268294 0.288201 0.271922 0.253662 0.280503 0.282446 0.268073 0.271716 0.26843 0.260515 0.261371 0.272296 0.273979 4.761818e-02 0.385
N:13 Run:3 0.252345 0.259148 0.255484 0.255279 0.257611 0.25258 0.23294 0.256522 0.253232 0.258918 0.268426 0.247557 0.274511 0.287118 0.31766 0.311116 0.304299 0.32088 0.283108 0.266264 0.267163 4.761818e-02 0.385
N:13 Run:4 0.276261 0.248333 0.279613 0.285325 0.281065 0.303734 0.303584 0.302504 0.286884 0.289919 0.301241 0.319016 0.307868 0.287055 0.262291 0.241991 0.267835 0.268973 0.284356 0.283533 0.298558 4.761818e-02 0.385
N:13 Run:5 0.27247 0.268123 0.29949 0.319792 0.30424 0.317699 0.330518 0.323306 0.338137 0.327223 0.319344 0.328462 0.308168 0.307656 0.284438 0.272766 0.275924 0.277446 0.274659 0.282747 0.278302 4.761818e-02 0.385
N:13 Run:6 0.286862 0.275961 0.366438 0.407107 0.392142 0.395563 0.357854 0.355029 0.358604 0.397033 0.400929 0.409811 0.311839 0.267063 0.26007 0.270152 0.254108 0.261209 0.275513 0.274513 0.265713 4.761818e-02 0.385
N:13 Run:7 0.203016 0.249522 0.265742 0.25769 0.256858 0.255325 0.256524 0.247949 0.246718 0.245619 0.272654 0.245938 0.253547 0.2425 0.252452 0.248176 0.249742 0.257272 0.255772 0.242672 0.247262 4.761818e-02 0.385
N:13 Run:8 0.291553 0.266358 0.263694 0.246968 0.229981 0.224585 0.227259 0.237906 0.235677 0.241008 0.230612 0.233084 0.231477 0.251189 0.250591 0.275784 0.254667 0.239766 0.240736 0.233272 0.245145 4.761818e-02 0.385
N:13 Run:9 0.259536 0.253687 0.265535 0.264444 0.294849 0.266623 0.246306 0.264139 0.268294 0.288201 0.271922 0.253662 0.252385 0.263166 0.252781 0.236844 0.251203 0.24867 0.259939 0.251147 0.261886 4.761818e-02 0.385
N:14 Run:0 0.23314 0.245435 0.244583 0.256933 0.231097 0.223687 0.23033 0.216154 0.224484 0.218486 0.215099 0.217831 0.213651 0.234212 0.245181 0.229483 0.247015 0.239518 0.234269 0.257723 0.261057 4.787936e-02 0.392
N:14 Run:1 0.264715 0.266757 0.383819 0.394743 0.426654 0.43299 0.422878 0.425416 0.428262 0.421209 0.400763 0.45555 0.337217 0.313282 0.283405 0.263825 0.273019 0.270357 0.264753 0.261622 0.258308 4.787936e-02 0.392
N:14 Run:2 0.259536 0.253687 0.265535 0.264444 0.294849 0.266623 0.246306 0.264139 0.268294 0.288201 0.271922 0.253662 0.280503 0.282446 0.268073 0.271716 0.26843 0.260515 0.261371 0.272296 0.273979 4.787936e-02 0.392
N:14 Run:3 0.252345 0.259148 0.255484 0.255279 0.257611 0.25258 0.23294 0.256522 0.253232 0.258918 0.268426 0.247557 0.274511 0.287118 0.31766 0.311116 0.304299 0.32088 0.283108 0.266264 0.267163 4.787936e-02 0.392
N:14 Run:4 0.276261 0.248333 0.279613 0.285325 0.281065 0.303734 0.303584 0.302504 0.286884 0.289919 0.301241 0.319016 0.307868 0.287055 0.262291 0.241991 0.267835 0.268973 0.284356 0.283533 0.298558 4.787936e-02 0.392
N:14 Run:5 0.27247 0.268123 0.29949 0.319792 0.30424 0.317699 0.330518 0.323306 0.338137 0.327223 0.319344 0.328462 0.308168 0.307656 0.284438 0.272766 0.275924 0.277446 0.274659 0.282747 0.278302 4.787936e-02 0.392
N:14 Run:6 0.286862 0.275961 0.366438 0.407107 0.392142 0.395563 0.357854 0.355029 0.358604 0.397033 0.400929 0.409811 0.311839 0.267063 0.26007 0.270152 0.254108 0.261209 0.275513 0.274513 0.265713 4.787936e-02 0.392
N:14 Run:7 0.203016 0.249522 0.265742 0.25769 0.256858 0.255325 0.256524 0.247949 0.246718 0.245619 0.272654 0.245938 0.253547 0.2425 0.252452 0.248176 0.249742 0.257272 0.255772 0.242672 0.247262 4.787936e-02 0.392
N:14 Run:8 0.291553 0.266358 0.263694 0.246968 0.229981 0.224585 0.227259 0.237906 0.235677 0.241008 0.230612 0.233084 0.231477 0.251189 0.250591 0.275784 0.254667 0.239766 0.240736 0.233272 0.245145 4.787936e-02 0.392
N:14 Run:9 0.259536 0.253687 0.265535 0.264444 0.294849 0.266623 0.246306 0.264139 0.268294 0.288201 0.271922 0.253662 0.252385 0.263166 0.252781 0.236844 0.251203 0.24867 0.259939 0.251147 0.261886 4.787936e-02 0.392
N:15 Run:0 0.23314 0.245435 0.244583 0.256933 0.231097 0.223687 0.23033 0.216154 0.224484 0.218486 0.215099 0.217831 0.213651 0.234212 0.245181 0.229483 0.247015 0.239518 0.234269 0.257723 0.261057 4.775988e-02 0.386
N:15 Run:1 0.264715 0.266757 0.383819 0.394743 0.426654 0.43299 0.422878 0.425416 0.428262 0.421209 0.400763 0.45555 0.337217 0.313282 0.283405 0.263825 0.273019 0.270357 0.264753 0.261622 0.258308 4.775988e-02 0.386
N:15 Run:2 0.259536 0.253687 0.265535 0.264444 0.294849 0.266623 0.246306 0.264139 0.268294 0.288201 0.271922 0.253662 0.280503 0.282446 0.268073 0.271716 0.26843 0.260515 0.261371 0.272296 0.273979 4.775988e-02 0.386
N:15 Run:3 0.252345 0.259148 0.255484 0.255279 0.257611 0.25258 0.23294 0.256522 0.253232 0.258918 0.268426 0.247557 0.274511 0.287118 0.31766 0.311116 0.304299 0.32088 0.283108 0.266264 0.267163 4.775988e-02 0.386
N:15 Run:4 0.276261 0.248333 0.279613 0.285325 0.281065 0.303734 0.303584 0.302504 0.286884 0.289919 0.301241 0.319016 0.307868 0.287055 0.262291 0.241991 0.267835 0.268973 0.284356 0.283533 0.298558 4.775988e-02 0.386
N:15 Run:5 0.27247 0.268123 0.29949 0.319792 0.30424 0.317699 0.330518 0.323306 0.338137 0.327223 0.319344 0.328462 0.308168 0.307656 0.284438 0.272766 0.275924 0.277446 0.274659 0.282747 0.278302 4.775988e-02 0.386
N:15 Run:6 0.286862 0.275961 0.366438 0.407107 0.392142 0.395563 0.357854 0.355029 0.358604 0.397033 0.400929 0.409811 0.311839 0.267063 0.26007 0.270152 0.254108 0.261209 0.275513 0.274513 0.265713 4.775988e-02 0.386
N:15 Run:7 0.203016 0.249522 0.265742 0.25769 0.256858 0.255325 0.256524 0.247949 0.246718 0.245619 0.272654 0.245938 0.253547 0.2425 0.252452 0.248176 0.249742 0.257272 0.255772 0.242672 0.247262 4.775988e-02 0.386
N:15 Run:8 0.291553 0.266358 0.263694 0.246968 0.229981 0.224585 0.227259 0.237906 0.235677 0.241008 0.230612 0.233084 0.231477 0.251189 0.250591 0.275784 0.254667 0.239766 0.240736 0.233272 0.245145 4.775988e-02 0.386
N:15 Run:9 0.259536 0.253687 0.265535 0.264444 0.294849 0.266623 0.246306 0.264139 0.268294 0.288201 0.271922 0.253662 0.252385 0.263166 0.252781 0.236844 0.251203 0.24867 0.259939 0.251147 0.261886 4.775988e-02 0.386
N:16 Run:0 0.23314 0.245435 0.244583 0.256933 0.231097 0.223687 0.23033 0.216154 0.224484 0.218486 0.215099 0.217831 0.213651 0.234212 0.245181 0.229483 0.247015 0.239518 0.234269 0.257723 0.261057 4.781022e-02 0.391
N:16 Run:1 0.264715 0.266757 0.383819 0.394743 0.426654 0.43299 0.422878 0.425416 0.428262 0.421209 0.400763 0.45555 0.337217 0.313282 0.283405 0.263825 0.273019 0.270357 0.264753 0.261622 0.258308 4.781022e-02 0.391
N:16 Run:2 0.259536 0.253687 0.265535 0.264444 0.294849 0.266623 0.246306 0.264139 0.268294 0.288201 0.271922 0.253662 0.280503 0.282446 0.268073 0.271716 0.26843 0.260515 0.261371 0.272296 0.273979 4.781022e-02 0.391
N:16 Run:3 0.252345 0.259148 0.255484 0.255279 0.257611 0.25258 0.23294 0.256522 0.253232 0.258918 0.268426 0.247557 0.274511 0.287118 0.31766 0.311116 0.304299 0.32088 0.283108 0.266264 0.267163 4.781022e-02 0.391
N:16 Run:4 0.276261 0.248333 0.279613 0.285325 0.281065 0.303734 0.303584 0.302504 0.286884 0.289919 0.301241 0.319016 0.307868 0.287055 0.262291 0.241991 0.267835 0.268973 0.284356 0.283533 0.298558 4.781022e-02 0.391
N:16 Run:5 0.27247 0.268123 0.29949 0.319792 0.30424 0.317699 0.330518 0.323306 0.338137 0.327223 0.319344 0.328462 0.308168 0.307656 0.284438 0.272766 0.275924 0.277446 0.274659 0.282747 0.278302 4.781022e-02 0.391
N:16 Run:6 0.286862 0.275961 0.366438 0.407107 0.392142 0.395563 0.357854 0.355029 0.358604 0.397033 0.400929 0.409811 0.311839 0.267063 0.26007 0.270152 0.254108 0.261209 0.275513 0.274513 0.265713 4.781022e-02 0.391
N:16 Run:7 0.203016 0.249522 0.265742 0.25769 0.256858 0.255325 0.256524 0.247949 0.246718 0.245619 0.272654 0.245938 0.253547 0.2425 0.252452 0.248176 0.249742 0.257272 0.255772 0.242672 0.247262 4.781022e-02 0.391
N:16 Run:8 0.291553 0.266358 0.263694 0.246968 0.229981 0.224585 0.227259 0.237906 0.235677 0.241008 0.230612 0.233084 0.231477 0.251189 0.250591 0.275784 0.254667 0.239766 0.240736 0.233272 0.245145 4.781022e-02 0.391
N:16 Run:9 0.259536 0.253687 0.265535 0.264444 0.294849 0.266623 0.246306 0.264139 0.268294 0.288201 0.271922 0.253662 0.252385 0.263166 0.252781 0.236844 0.251203 0.24867 0.259939 0.251147 0.261886 4.781022e-02 0.391
N:17 Run:0 0.23314 0.245435 0.244583 0.256933 0.231097 0.223687 0.23033 0.216154 0.224484 0.218486 0.215099 0.217831 0.213651 0.234212 0.245181 0.229483 0.247015 0.239518 0.234269 0.257723 0.261057 4.750150e-02 0.383
N:17 Run:1 0.264715 0.266757 0.383819 0.394743 0.426654 0.43299 0.422878 0.425416 0.428262 0.421209 0.400763 0.45555 0.337217 0.313282 0.283405 0.263825 0.273019 0.270357 0.264753 0.261622 0.258308 4.750150e-02 0.383
N:17 Run:2 0.259536 0.253687 0.265535 0.264444 0.294849 0.266623 0.246306 0.264139 0.268294 0.288201 0.271922 0.253662 0.280503 0.282446 0.268073 0.271716 0.26843 0.260515 0.261371 0.272296 0.273979 4.750150e-02 0.383
N:17 Run:3 0.252345 0.259148 0.255484 0.255279 0.257611 0.25258 0.23294 0.256522 0.253232 0.258918 0.268426 0.247557 0.274511 0.287118 0.31766 0.311116 0.304299 0.32088 0.283108 0.266264 0.267163 4.750150e-02 0.383
N:17 Run:4 0.276261 0.248333 0.279613 0.285325 0.281065 0.303734 0.303584 0.302504 0.286884 0.289919 0.301241 0.319016 0.307868 0.287055 0.262291 0.241991 0.267835 0.268973 0.284356 0.283533 0.298558 4.750150e-02 0.383
N:17 Run:5 0.27247 0.268123 0.29949 0.319792 0.30424 0.317699 0.330518 0.323306 0.338137 0.327223 0.319344 0.328462 0.308168 0.307656 0.284438 0.272766 0.275924 0.277446 0.274659 0.282747 0.278302 4.750150e-02 0.383
N:17 Run:6 0.286862 0.275961 0.366438 0.407107 0.392142 0.395563 0.357854 0.355029 0.358604 0.397033 0.400929 0.409811 0.311839 0.267063 0.26007 0.270152 0.254108 0.261209 0.275513 0.274513 0.265713 4.750150e-02 0.383
N:17 Run:7 0.203016 0.249522 0.265742 0.25769 0.256858 0.255325 0.256524 0.247949 0.246718 0.245619 0.272654 0.245938 0.253547 0.2425 0.252452 0.248176 0.249742 0.257272 0.255772 0.242672 0.247262 4.750150e-02 0.383
N:17 Run:8 0.291553 0.266358 0.263694 0.246968 0.229981 0.224585 0.227259 0.237906 0.235677 0.241008 0.230612 0.233084 0.231477 0.251189 0.250591 0.275784 0.254667 0.239766 0.240736 0.233272 0.245145 4.750150e-02 0.383
N:17 Run:9 0.259536 0.253687 0.265535 0.264444 0.294849 0.266623 0.246306 0.264139 0.268294 0.288201 0.271922 0.253662 0.252385 0.263166 0.252781 0.236844 0.251203 0.24867 0.259939 0.251147 0.261886 4.750150e-02 0.383
N:18 Run:0 0.23314 0.245435 0.244583 0.256933 0.231097 0.223687 0.23033 0.216154 0.224484 0.218486 0.215099 0.217831 0.213651 0.234212 0.245181 0.229483 0.247015 0.239518 0.234269 0.257723 0.261057 4.863643e-02 0.390
N:18 Run:1 0.264715 0.266757 0.383819 0.394743 0.426654 0.43299 0.422878 0.425416 0.428262 0.421209 0.400763 0.45555 0.337217 0.313282 0.283405 0.263825 0.273019 0.270357 0.264753 0.261622 0.258308 4.863643e-02 0.390
N:18 Run:2 0.259536 0.253687 0.265535 0.264444 0.294849 0.266623 0.246306 0.264139 0.268294 0.288201 0.271922 0.253662 0.280503 0.282446 0.268073 0.271716 0.26843 0.260515 0.261371 0.272296 0.273979 4.863643e-02 0.390
N:18 Run:3 0.252345 0.259148 0.255484 0.255279 0.257611 0.25258 0.23294 0.256522 0.253232 0.258918 0.268426 0.247557 0.274511 0.287118 0.31766 0.311116 0.304299 0.32088 0.283108 0.266264 0.267163 4.863643e-02 0.390
N:18 Run:4 0.276261 0.248333 0.279613 0.285325 0.281065 0.303734 0.303584 0.302504 0.286884 0.289919 0.301241 0.319016 0.307868 0.287055 0.262291 0.241991 0.267835 0.268973 0.284356 0.283533 0.298558 4.863643e-02 0.390
N:18 Run:5 0.27247 0.268123 0.29949 0.319792 0.30424 0.317699 0.330518 0.323306 0.338137 0.327223 0.319344 0.328462 0.308168 0.307656 0.284438 0.272766 0.275924 0.277446 0.274659 0.282747 0.278302 4.863643e-02 0.390
N:18 Run:6 0.286862 0.275961 0.366438 0.407107 0.392142 0.395563 0.357854 0.355029 0.358604 0.397033 0.400929 0.409811 0.311839 0.267063 0.26007 0.270152 0.254108 0.261209 0.275513 0.274513 0.265713 4.863643e-02 0.390
N:18 Run:7 0.203016 0.249522 0.265742 0.25769 0.256858 0.255325 0.256524 0.247949 0.246718 0.245619 0.272654 0.245938 0.253547 0.2425 0.252452 0.248176 0.249742 0.257272 0.255772 0.242672 0.247262 4.863643e-02 0.390
N:18 Run:8 0.291553 0.266358 0.263694 0.246968 0.229981 0.224585 0.227259 0.237906 0.235677 0.241008 0.230612 0.233084 0.231477 0.251189 0.250591 0.275784 0.254667 0.239766 0.240736 0.233272 0.245145 4.863643e-02 0.390
N:18 Run:9 0.259536 0.253687 0.265535 0.264444 0.294849 0.266623 0.246306 0.264139 0.268294 0.288201 0.271922 0.253662 0.252385 0.263166 0.252781 0.236844 0.251203 0.24867 0.259939 0.251147 0.261886 4.863643e-02 0.390
N:19 Run:0 0.23314 0.245435 0.244583 0.256933 0.231097 0.223687 0.23033 0.216154 0.224484 0.218486 0.215099 0.217831 0.213651 0.234212 0.245181 0.229483 0.247015 0.239518 0.234269 0.257723 0.261057 4.765886e-02 0.393
N:19 Run:1 0.264715 0.266757 0.383819 0.394743 0.426654 0.43299 0.422878 0.425416 0.428262 0.421209 0.400763 0.45555 0.337217 0.313282 0.283405 0.263825 0.273019 0.270357 0.264753 0.261622 0.258308 4.765886e-02 0.393
N:19 Run:2 0.259536 0.253687 0.265535 0.264444 0.294849 0.266623 0.246306 0.264139 0.268294 0.288201 0.271922 0.253662 0.280503 0.282446 0.268073 0.271716 0.26843 0.260515 0.261371 0.272296 0.273979 4.765886e-02 0.393
N:19 Run:3 0.252345 0.259148 0.255484 0.255279 0.257611 0.25258 0.23294 0.256522 0.253232 0.258918 0.268426 0.247557 0.274511 0.287118 0.31766 0.311116 0.304299 0.32088 0.283108 0.266264 0.267163 4.765886e-02 0.393
N:19 Run:4 0.276261 0.248333 0.279613 0.285325 0.281065 0.303734 0.303584 0.302504 0.286884 0.289919 0.301241 0.319016 0.307868 0.287055 0.262291 0.241991 0.267835 0.268973 0.284356 0.283533 0.298558 4.765886e-02 0.393
N:19 Run:5 0.27247 0.268123 0.29949 0.319792 0.30424 0.317699 0.330518 0.323306 0.338137 0.327223 0.319344 0.328462 0.308168 0.307656 0.284438 0.272766 0.275924 0.277446 0.274659 0.282747 0.278302 4.765886e-02 0.393
N:19 Run:6 0.286862 0.275961 0.366438 0.407107 0.392142 0.395563 0.357854 0.355029 0.358604 0.397033 0.400929 0.409811 0.311839 0.267063 0.26007 0.270152 0.254108 0.261209 0.275513 0.274513 0.265713 4.765886e-02 0.393
N:19 Run:7 0.203016 0.249522 0.265742 0.25769 0.256858 0.255325 0.256524 0.247949 0.246718 0.245619 0.272654 0.245938 0.253547 0.2425 0.252452 0.248176 0.249742 0.257272 0.255772 0.242672 0.247262 4.765886e-02 0.393
N:19 Run:8 0.291553 0.266358 0.263694 0.246968 0.229981 0.224585 0.227259 0.237906 0.235677 0.241008 0.230612 0.233084 0.231477 0.251189 0.250591 0.275784 0.254667 0.239766 0.240736 0.233272 0.245145 4.765886e-02 0.393
N:19 Run:9 0.259536 0.253687 0.265535 0.264444 0.294849 0.266623 0.246306 0.264139 0.268294 0.288201 0.271922 0.253662 0.252385 0.263166 0.252781 0.236844 0.251203 0.24867 0.259939 0.251147 0.261886 4.765886e-02 0.393
N:20 Run:0 0.23314 0.245435 0.244583 0.256933 0.231097 0.223687 0.23033 0.216154 0.224484 0.218486 0.215099 0.217831 0.213651 0.234212 0.245181 0.229483 0.247015 0.239518 0.234269 0.257723 0.261057 4.749917e-02 0.393
N:20 Run:1 0.264715 0.266757 0.383819 0.394743 0.426654 0.43299 0.422878 0.425416 0.428262 0.421209 0.400763 0.45555 0.337217 0.313282 0.283405 0.263825 0.273019 0.270357 0.264753 0.261622 0.258308 4.749917e-02 0.393
N:20 Run:2 0.259536 0.253687 0.265535 0.264444 0.294849 0.266623 0.246306 0.264139 0.268294 0.288201 0.271922 0.253662 0.280503 0.282446 0.268073 0.271716 0.26843 0.260515 0.261371 0.272296 0.273979 4.749917e-02 0.393
N:20 Run:3 0.252345 0.259148 0.255484 0.255279 0.257611 0.25258 0.23294 0.256522 0.253232 0.258918 0.268426 0.247557 0.274511 0.287118 0.31766 0.311116 0.304299 0.32088 0.283108 0.266264 0.267163 4.749917e-02 0.393
N:20 Run:4 0.276261 0.248333 0.279613 0.285325 0.281065 0.303734 0.303584 0.302504 0.286884 0.289919 0.301241 0.319016 0.307868 0.287055 0.262291 0.241991 0.267835 0.268973 0.284356 0.283533 0.298558 4.749917e-02 0.393
N:20 Run:5 0.27247 0.268123 0.29949 0.319792 0.30424 0.317699 0.330518 0.323306 0.338137 0.327223 0.319344 0.328462 0.308168 0.307656 0.284438 0.272766 0.275924 0.277446 0.274659 0.282747 0.278302 4.749917e-02 0.393
N:20 Run:6 0.286862 0.275961 0.366438 0.407107 0.392142 0.395563 0.357854 0.355029 0.358604 0.397033 0.400929 0.409811 0.311839 0.267063 0.26007 0.270152 0.254108 0.261209 0.275513 0.274513 0.265713 4.749917e-02 0.393
N:20 Run:7 0.203016 0.249522 0.265742 0.25769 0.256858 0.255325 0.256524 0.247949 0.246718 0.245619 0.272654 0.245938 0.253547 0.2425 0.252452 0.248176 0.249742 0.257272 0.255772 0.242672 0.247262 4.749917e-02 0.393
N:20 Run:8 0.291553 0.266358 0.263694 0.246968 0.229981 0.224585 0.227259 0.237906 0.235677 0.241008 0.230612 0.233084 0.231477 0.251189 0.250591 0.275784 0.254667 0.239766 0.240736 0.233272 0.245145 4.749917e-02 0.393
N:20 Run:9 0.259536 0.253687 0.265535 0.264444 0.294849 0.266623 0.246306 0.264139 0.268294 0.288201 0.271922 0.253662 0.252385 0.263166 0.252781 0.236844 0.251203 0.24867 0.259939 0.251147 0.261886 4.749917e-02 0.393
N:21 Run:0 0.23314 0.245435 0.244583 0.256933 0.231097 0.223687 0.23033 0.216154 0.224484 0.218486 0.215099 0.217831 0.213651 0.234212 0.245181 0.229483 0.247015 0.239518 0.234269 0.257723 0.261057 4.742135e-02 0.383
N:21 Run:1 0.264715 0.266757 0.383819 0.394743 0.426654 0.43299 0.422878 0.425416 0.428262 0.421209 0.400763 0.45555 0.337217 0.313282 0.283405 0.263825 0.273019 0.270357 0.264753 0.261622 0.258308 4.742135e-02 0.383
N:21 Run:2 0.259536 0.253687 0.265535 0.264444 0.294849 0.266623 0.246306 0.264139 0.268294 0.288201 0.271922 0.253662 0.280503 0.282446 0.268073 0.271716 0.26843 0.260515 0.261371 0.272296 0.273979 4.742135e-02 0.383
N:21 Run:3 0.252345 0.259148 0.255484 0.255279 0.257611 0.25258 0.23294 0.256522 0.253232 0.258918 0.268426 0.247557 0.274511 0.287118 0.31766 0.311116 0.304299 0.32088 0.283108 0.266264 0.267163 4.742135e-02 0.383
N:21 Run:4 0.276261 0.248333 0.279613 0.285325 0.281065 0.303734 0.303584 0.302504 0.286884 0.289919 0.301241 0.319016 0.307868 0.287055 0.262291 0.241991 0.267835 0.268973 0.284356 0.283533 0.298558 4.742135e-02 0.383
N:21 Run:5 0.27247 0.268123 0.29949 0.319792 0.30424 0.317699 0.330518 0.323306 0.338137 0.327223 0.319344 0.328462 0.308168 0.307656 0.284438 0.272766 0.275924 0.277446 0.274659 0.282747 0.278302 4.742135e-02 0.383
N:21 Run:6 0.286862 0.275961 0.366438 0.407107 0.392142 0.395563 0.357854 0.355029 0.358604 0.397033 0.400929 0.409811 0.311839 0.267063 0.26007 0.270152 0.254108 0.261209 0.275513 0.274513 0.265713 4.742135e-02 0.383
N:21 Run:7 0.203016 0.249522 0.265742 0.25769 0.256858 0.255325 0.256524 0.247949 0.246718 0.245619 0.272654 0.245938 0.253547 0.2425 0.252452 0.248176 0.249742 0.257272 0.255772 0.242672 0.247262 4.742135e-02 0.383
N:21 Run:8 0.291553 0.266358 0.263694 0.246968 0.229981 0.224585 0.227259 0.237906 0.235677 0.241008 0.230612 0.233084 0.231477 0.251189 0.250591 0.275784 0.254667 0.239766 0.240736 0.233272 0.245145 4.742135e-02 0.383
N:21 Run:9 0.259536 0.253687 0.265535 0.264444 0.294849 0.266623 0.246306 0.264139 0.268294 0.288201 0.271922 0.253662 0.252385 0.263166 0.252781 0.236844 0.251203 0.24867 0.259939 0.251147 0.261886 4.742135e-02 0.383
N:22 Run:0 0.23314 0.245435 0.244583 0.256933 0.231097 0.223687 0.23033 0.216154 0.224484 0.218486 0.215099 0.217831 0.213651 0.234212 0.245181 0.229483 0.247015 0.239518 0.234269 0.257723 0.261057 4.736091e-02 0.387
N:22 Run:1 0.264715 0.266757 0.383819 0.394743 0.426654 0.43299 0.422878 0.425416 0.428262 0.421209 0.400763 0.45555 0.337217 0.313282 0.283405 0.263825 0.273019 0.270357 0.264753 0.261622 0.258308 4.736091e-02 0.387
N:22 Run:2 0.259536 0.253687 0.265535 0.264444 0.294849 0.266623 0.246306 0.264139 0.268294 0.288201 0.271922 0.253662 0.280503 0.282446 0.268073 0.271716 0.26843 0.260515 0.261371 0.272296 0.273979 4.736091e-02 0.387
N:22 Run:3 0.252345 0.259148 0.255484 0.255279 0.257611 0.25258 0.23294 0.256522 0.253232 0.258918 0.268426 0.247557 0.274511 0.287118 0.31766 0.311116 0.304299 0.32088 0.283108 0.266264 0.267163 4.736091e-02 0.387
N:22 Run:4 0.276261 0.248333 0.279613 0.285325 0.281065 0.303734 0.303584 0.302504 0.286884 0.289919 0.301241 0.319016 0.307868 0.287055 0.262291 0.241991 0.267835 0.268973 0.284356 0.283533 0.298558 4.736091e-02 0.387
N:22 Run:5 0.27247 0.268123 0.29949 0.319792 0.30424 0.317699 0.330518 0.323306 0.338137 0.327223 0.319344 0.328462 0.308168 0.307656 0.284438 0.272766 0.275924 0.277446 0.274659 0.282747 0.278302 4.736091e-02 0.387
N:22 Run:6 0.286862 0.275961 0.366438 0.407107 0.392142 0.395563 0.357854 0.355029 0.358604 0.397033 0.400929 0.409811 0.311839 0.267063 0.26007 0.270152 0.254108 0.261209 0.275513 0.274513 0.265713 4.736091e-02 0.387
N:22 Run:7 0.203016 0.249522 0.265742 0.25769 0.256858 0.255325 0.256524 0.247949 0.246718 0.245619 0.272654 0.245938 0.253547 0.2425 0.252452 0.248176 0.249742 0.257272 0.255772 0.242672 0.247262 4.736091e-02 0.387
N:22 Run:8 0.291553 0.266358 0.263694 0.246968 0.229981 0.224585 0.227259 0.237906 0.235677 0.241008 0.230612 0.233084 0.231477 0.251189 0.250591 0.275784 0.254667 0.239766 0.240736 0.233272 0.245145 4.736091e-02 0.387
N:22 Run:9 0.259536 0.253687 0.265535 0.264444 0.294849 0.266623 0.246306 0.264139 0.268294 0.288201 0.271922 0.253662 0.252385 0.263166 0.252781 0.236844 0.251203 0.24867 0.259939 0.251147 0.261886 4.736091e-02 0.387
N:23 Run:0 0.23314 0.245435 0.244583 0.256933 0.231097 0.223687 0.23033 0.216154 0.224484 0.218486 0.215099 0.217831 0.213651 0.234212 0.245181 0.229483 0.247015 0.239518 0.234269 0.257723 0.261057 4.848374e-02 0.380
N:23 Run:1 0.264715 0.266757 0.383819 0.394743 0.426654 0.43299 0.422878 0.425416 0.428262 0.421209 0.400763 0.45555 0.337217 0.313282 0.283405 0.263825 0.273019 0.270357 0.264753 0.261622 0.258308 4.848374e-02 0.380
N:23 Run:2 0.259536 0.253687 0.265535 0.264444 0.294849 0.266623 0.246306 0.264139 0.268294 0.288201 0.271922 0.253662 0.280503 0.282446 0.268073 0.271716 0.26843 0.260515 0.261371 0.272296 0.273979 4.848374e-02 0.380
N:23 Run:3 0.252345 0.259148 0.255484 0.255279 0.257611 0.25258 0.23294 0.256522 0.253232 0.258918 0.268426 0.247557 0.274511 0.287118 0.31766 0.311116 0.304299 0.32088 0.283108 0.266264 0.267163 4.848374e-02 0.380
N:23 Run:4 0.276261 0.248333 0.279613 0.285325 0.281065 0.303734 0.303584 0.302504 0.286884 0.289919 0.301241 0.319016 0.307868 0.287055 0.262291 0.241991 0.267835 0.268973 0.284356 0.283533 0.298558 4.848374e-02 0.380
N:23 Run:5 0.27247 0.268123 0.29949 0.319792 0.30424 0.317699 0.330518 0.323306 0.338137 0.327223 0.319344 0.328462 0.308168 0.307656 0.284438 0.272766 0.275924 0.277446 0.274659 0.282747 0.278302 4.848374e-02 0.380
N:23 Run:6 0.286862 0.275961 0.366438 0.407107 0.392142 0.395563 0.357854 0.355029 0.358604 0.397033 0.400929 0.409811 0.311839 0.267063 0.26007 0.270152 0.254108 0.261209 0.275513 0.274513 0.265713 4.848374e-02 0.380
N:23 Run:7 0.203016 0.249522 0.265742 0.25769 0.256858 0.255325 0.256524 0.247949 0.246718 0.245619 0.272654 0.245938 0.253547 0.2425 0.252452 0.248176 0.249742 0.257272 0.255772 0.242672 0.247262 4.848374e-02 0.380
N:23 Run:8 0.291553 0.266358 0.263694 0.246968 0.229981 0.224585 0.227259 0.237906 0.235677 0.241008 0.230612 0.233084 0.231477 0.251189 0.250591 0.275784 0.254667 0.239766 0.240736 0.233272 0.245145 4.848374e-02 0.380
N:23 Run:9 0.259536 0.253687 0.265535 0.264444 0.294849 0.266623 0.246306 0.264139 0.268294 0.288201 0.271922 0.253662 0.252385 0.263166 0.252781 0.236844 0.251203 0.24867 0.259939 0.251147 0.261886 4.848374e-02 0.380
N:24 Run:0 0.23314 0.245435 0.244583 0.256933 0.231097 0.223687 0.23033 0.216154 0.224484 0.218486 0.215099 0.217831 0.213651 0.234212 0.245181 0.229483 0.247015 0.239518 0.234269 0.257723 0.261057 4.765496e-02 0.390
N:24 Run:1 0.264715 0.266757 0.383819 0.394743 0.426654 0.43299 0.422878 0.425416 0.428262 0.421209 0.400763 0.45555 0.337217 0.313282 0.283405 0.263825 0.273019 0.270357 0.264753 0.261622 0.258308 4.765496e-02 0.390
N:24 Run:2 0.259536 0.253687 0.265535 0.264444 0.294849 0.266623 0.246306 0.264139 0.268294 0.288201 0.271922 0.253662 0.280503 0.282446 0.268073 0.271716 0.26843 0.260515 0.261371 0.272296 0.273979 4.765496e-02 0.390
N:24 Run:3 0.252345 0.259148 0.255484 0.255279 0.257611 0.25258 0.23294 0.256522 0.253232 0.258918 0.268426 0.247557 0.274511 0.287118 0.31766 0.311116 0.304299 0.32088 0.283108 0.266264 0.267163 4.765496e-02 0.390
N:24 Run:4 0.276261 0.248333 0.279613 0.285325 0.281065 0.303734 0.303584 0.302504 0.286884 0.289919 0.301241 0.319016 0.307868 0.287055 0.262291 0.241991 0.267835 0.268973 0.284356 0.283533 0.298558 4.765496e-02 0.390
N:24 Run:5 0.27247 0.268123 0.29949 0.319792 0.30424 0.317699 0.330518 0.323306 0.338137 0.327223 0.319344 0.328462 0.308168 0.307656 0.284438 0.272766 0.275924 0.277446 0.274659 0.282747 0.278302 4.765496e-02 0.390
N:24 Run:6 0.286862 0.275961 0.366438 0.407107 0.392142 0.395563 0.357854 0.355029 0.358604 0.397033 0.400929 0.409811 0.311839 0.267063 0.26007 0.270152 0.254108 0.261209 0.275513 0.274513 0.265713 4.765496e-02 0.390
N:24 Run:7 0.203016 0.249522 0.265742 0.25769 0.256858 0.255325 0.256524 0.247949 0.246718 0.245619 0.272654 0.245938 0.253547 0.2425 0.252452 0.248176 0.249742 0.257272 0.255772 0.242672 0.247262 4.765496e-02 0.390
N:24 Run:8 0.291553 0.266358 0.263694 0.246968 0.229981 0.224585 0.227259 0.237906 0.235677 0.241008 0.230612 0.233084 0.231477 0.251189 0.250591 0.275784 0.254667 0.239766 0.240736 0.233272 0.245145 4.765496e-02 0.390
N:24 Run:9 0.259536 0.253687 0.265535 0.264444 0.294849 0.266623 0.246306 0.264139 0.268294 0.288201 0.271922 0.253662 0.252385 0.263166 0.252781 0.236844 0.251203 0.24867 0.259939 0.251147 0.261886 4.765496e-02 0.390
N:25 Run:0 0.23314 0.245435 0.244583 0.256933 0.231097 0.223687 0.23033 0.216154 0.224484 0.218486 0.215099 0.217831 0.213651 0.234212 0.245181 0.229483 0.247015 0.239518 0.234269 0.257723 0.261057 4.779406e-02 0.393
N:25 Run:1 0.264715 0.266757 0.383819 0.394743 0.426654 0.43299 0.422878 0.425416 0.428262 0.421209 0.400763 0.45555 0.337217 0.313282 0.283405 0.263825 0.273019 0.270357 0.264753 0.261622 0.258308 4.779406e-02 0.393
N:25 Run:2 0.259536 0.253687 0.265535 0.264444 0.294849 0.266623 0.246306 0.264139 0.268294 0.288201 0.271922 0.253662 0.280503 0.282446 0.268073 0.271716 0.26843 0.260515 0.261371 0.272296 0.273979 4.779406e-02 0.393
N:25 Run:3 0.252345 0.259148 0.255484 0.255279 0.257611 0.25258 0.23294 0.256522 0.253232 0.258918 0.268426 0.247557 0.274511 0.287118 0.31766 0.311116 0.304299 0.32088 0.283108 0.266264 0.267163 4.779406e-02 0.393
N:25 Run:4 0.276261 0.248333 0.279613 0.285325 0.281065 0.303734 0.303584 0.302504 0.286884 0.289919 0.301241 0.319016 0.307868 0.287055 0.262291 0.241991 0.267835 0.268973 0.284356 0.283533 0.298558 4.779406e-02 0.393
N:25 Run:5 0.27247 0.268123 0.29949 0.319792 0.30424 0.317699 0.330518 0.323306 0.338137 0.327223 0.319344 0.328462 0.308168 0.307656 0.284438 0.272766 0.275924 0.277446 0.274659 0.282747 0.278302 4.779406e-02 0.393
N:25 Run:6 0.286862 0.275961 0.366438 0.407107 0.392142 0.395563 0.357854 0.355029 0.358604 0.397033 0.400929 0.409811 0.311839 0.267063 0.26007 0.270152 0.254108 0.261209 0.275513 0.274513 0.265713 4.779406e-02 0.393
N:25 Run:7 0.203016 0.249522 0.265742 0.25769 0.256858 0.255325 0.256524 0.247949 0.246718 0.245619 0.272654 0.245938 0.253547 0.2425 0.252452 0.248176 0.249742 0.257272 0.255772 0.242672 0.247262 4.779406e-02 0.393
N:25 Run:8 0.291553 0.266358 0.263694 0.246968 0.229981 0.224585 0.227259 0.237906 0.235677 0.241008 0.230612 0.233084 0.231477 0.251189 0.250591 0.275784 0.254667 0.239766 0.240736 0.233272 0.245145 4.779406e-02 0.393
N:25 Run:9 0.259536 0.253687 0.265535 0.264444 0.294849 0.266623 0.246306 0.264139 0.268294 0.288201 0.271922 0.253662 0.252385 0.263166 0.252781 0.236844 0.251203 0.24867 0.259939 0.251147 0.261886 4.779406e-02 0.393
N:26 Run:0 0.23314 0.245435 0.244583 0.256933 0.231097 0.223687 0.23033 0.216154 0.224484 0.218486 0.215099 0.217831 0.213651 0.234212 0.245181 0.229483 0.247015 0.239518 0.234269 0.257723 0.261057 4.815257e-02 0.388
N:26 Run:1 0.264715 0.266757 0.383819 0.394743 0.426654 0.43299 0.422878 0.425416 0.428262 0.421209 0.400763 0.45555 0.337217 0.313282 0.283405 0.263825 0.273019 0.270357 0.264753 0.261622 0.258308 4.815257e-02 0.388
N:26 Run:2 0.259536 0.253687 0.265535 0.264444 0.294849 0.266623 0.246306 0.264139 0.268294 0.288201 0.271922 0.253662 0.280503 0.282446 0.268073 0.271716 0.26843 0.260515 0.261371 0.272296 0.273979 4.815257e-02 0.388
N:26 Run:3 0.252345 0.259148 0.255484 0.255279 0.257611 0.25258 0.23294 0.256522 0.253232 0.258918 0.268426 0.247557 0.274511 0.287118 0.31766 0.311116 0.304299 0.32088 0.283108 0.266264 0.267163 4.815257e-02 0.388
N:26 Run:4 0.276261 0.248333 0.279613 0.285325 0.281065 0.303734 0.303584 0.302504 0.286884 0.289919 0.301241 0.319016 0.307868 0.287055 0.262291 0.241991 0.267835 0.268973 0.284356 0.283533 0.298558 4.815257e-02 0.388
N:26 Run:5 0.27247 0.268123 0.29949 0.319792 0.30424 0.317699 0.330518 0.323306 0.338137 0.327223 0.319344 0.328462 0.308168 0.307656 0.284438 0.272766 0.275924 0.277446 0.274659 0.282747 0.278302 4.815257e-02 0.388
N:26 Run:6 0.286862 0.275961 0.366438 0.407107 0.392142 0.395563 0.357854 0.355029 0.358604 0.397033 0.400929 0.409811 0.311839 0.267063 0.26007 0.270152 0.254108 0.261209 0.275513 0.274513 0.265713 4.815257e-02 0.388
N:26 Run:7 0.203016 0.249522 0.265742 0.25769 0.256858 0.255325 0.256524 0.247949 0.246718 0.245619 0.272654 0.245938 0.253547 0.2425 0.252452 0.248176 0.249742 0.257272 0.255772 0.242672 0.247262 4.815257e-02 0.388
N:26 Run:8 0.291553 0.266358 0.263694 0.246968 0.229981 0.224585 0.227259 0.237906 0.235677 0.241008 0.230612 0.233084 0.231477 0.251189 0.250591 0.275784 0.254667 0.239766 0.240736 0.233272 0.245145 4.815257e-02 0.388
N:26 Run:9 0.259536 0.253687 0.265535 0.264444 0.294849 0.266623 0.246306 0.264139 0.268294 0.288201 0.271922 0.253662 0.252385 0.263166 0.252781 0.236844 0.251203 0.24867 0.259939 0.251147 0.261886 4.815257e-02 0.388
N:27 Run:0 0.23314 0.245435 0.244583 0.256933 0.231097 0.223687 0.23033 0.216154 0.224484 0.218486 0.215099 0.217831 0.213651 0.234212 0.245181 0.229483 0.247015 0.239518 0.234269 0.257723 0.261057 4.762721e-02 0.389
N:27 Run:1 0.264715 0.266757 0.383819 0.394743 0.426654 0.43299 0.422878 0.425416 0.428262 0.421209 0.400763 0.45555 0.337217 0.313282 0.283405 0.263825 0.273019 0.270357 0.264753 0.261622 0.258308 4.762721e-02 0.389
N:27 Run:2 0.259536 0.253687 0.265535 0.264444 0.294849 0.266623 0.246306 0.264139 0.268294 0.288201 0.271922 0.253662 0.280503 0.282446 0.268073 0.271716 0.26843 0.260515 0.261371 0.272296 0.273979 4.762721e-02 0.389
N:27 Run:3 0.252345 0.259148 0.255484 0.255279 0.257611 0.25258 0.23294 0.256522 0.253232 0.258918 0.268426 0.247557 0.274511 0.287118 0.31766 0.311116 0.304299 0.32088 0.283108 0.266264 0.267163 4.762721e-02 0.389
N:27 Run:4 0.276261 0.248333 0.279613 0.285325 0.281065 0.303734 0.303584 0.302504 0.286884 0.289919 0.301241 0.319016 0.307868 0.287055 0.262291 0.241991 0.267835 0.268973 0.284356 0.283533 0.298558 4.762721e-02 0.389
N:27 Run:5 0.27247 0.268123 0.29949 0.319792 0.30424 0.317699 0.330518 0.323306 0.338137 0.327223 0.319344 0.328462 0.308168 0.307656 0.284438 0.272766 0.275924 0.277446 0.274659 0.282747 0.278302 4.762721e-02 0.389
N:27 Run:6 0.286862 0.275961 0.366438 0.407107 0.392142 0.395563 0.357854 0.355029 0.358604 0.397033 0.400929 0.409811 0.311839 0.267063 0.26007 0.270152 0.254108 0.261209 0.275513 0.274513 0.265713 4.762721e-02 0.389
N:27 Run:7 0.203016 0.249522 0.265742 0.25769 0.256858 0.255325 0.256524 0.247949 0.246718 0.245619 0.272654 0.245938 0.253547 0.2425 0.252452 0.248176 0.249742 0.257272 0.255772 0.242672 0.247262 4.762721e-02 0.389
N:27 Run:8 0.291553 0.266358 0.263694 0.246968 0.229981 0.224585 0.227259 0.237906 0.235677 0.241008 0.230612 0.233084 0.231477 0.251189 0.250591 0.275784 0.254667 0.239766 0.240736 0.233272 0.245145 4.762721e-02 0.389
N:27 Run:9 0.259536 0.253687 0.265535 0.264444 0.294849 0.266623 0.246306 0.264139 0.268294 0.288201 0.271922 0.253662 0.252385 0.263166 0.252781 0.236844 0.251203 0.24867 0.259939 0.251147 0.261886 4.762721e-02 0.389
N:28 Run:0 0.23314 0.245435 0.244583 0.256933 0.231097 0.223687 0.23033 0.216154 0.224484 0.218486 0.215099 0.217831 0.213651 0.234212 0.245181 0.229483 0.247015 0.239518 0.234269 0.257723 0.261057 4.803683e-02 0.386
N:28 Run:1 0.264715 0.266757 0.383819 0.394743 0.426654 0.43299 0.422878 0.425416 0.428262 0.421209 0.400763 0.45555 0.337217 0.313282 0.283405 0.263825 0.273019 0.270357 0.264753 0.261622 0.258308 4.803683e-02 0.386
N:28 Run:2 0.259536 0.253687 0.265535 0.264444 0.294849 0.266623 0.246306 0.264139 0.268294 0.288201 0.271922 0.253662 0.280503 0.282446 0.268073 0.271716 0.26843 0.260515 0.261371 0.272296 0.273979 4.803683e-02 0.386
N:28 Run:3 0.252345 0.259148 0.255484 0.255279 0.257611 0.25258 0.23294 0.256522 0.253232 0.258918 0.268426 0.247557 0.274511 0.287118 0.31766 0.311116 0.304299 0.32088 0.283108 0.266264 0.267163 4.803683e-02 0.386
N:28 Run:4 0.276261 0.248333 0.279613 0.285325 0.281065 0.303734 0.303584 0.302504 0.286884 0.289919 0.301241 0.319016 0.307868 0.287055 0.262291 0.241991 0.267835 0.268973 0.284356 0.283533 0.298558 4.803683e-02 0.386
N:28 Run:5 0.27247 0.268123 0.29949 0.319792 0.30424 0.317699 0.330518 0.323306 0.338137 0.327223 0.319344 0.328462 0.308168 0.307656 0.284438 0.272766 0.275924 0.277446 0.274659 0.282747 0.278302 4.803683e-02 0.386
N:28 Run:6 0.286862 0.275961 0.366438 0.407107 0.392142 0.395563 0.357854 0.355029 0.358604 0.397033 0.400929 0.409811 0.311839 0.267063 0.26007 0.270152 0.254108 0.261209 0.275513 0.274513 0.265713 4.803683e-02 0.386
N:28 Run:7 0.203016 0.249522 0.265742 0.25769 0.256858 0.255325 0.256524 0.247949 0.246718 0.245619 0.272654 0.245938 0.253547 0.2425 0.252452 0.248176 0.249742 0.257272 0.255772 0.242672 0.247262 4.803683e-02 0.386
N:28 Run:8 0.291553 0.266358 0.263694 0.246968 0.229981 0.224585 0.227259 0.237906 0.235677 0.241008 0.230612 0.233084 0.231477 0.251189 0.250591 0.275784 0.254667 0.239766 0.240736 0.233272 0.245145 4.803683e-02 0.386
N:28 Run:9 0.259536 0.253687 0.265535 0.264444 0.294849 0.266623 0.246306 0.264139 0.268294 0.288201 0.271922 0.253662 0.252385 0.263166 0.252781 0.236844 0.251203 0.24867 0.259939 0.251147 0.261886 4.803683e-02 0.386
N:29 Run:0 0.23314 0.245435 0.244583 0.256933 0.231097 0.223687 0.23033 0.216154 0.224484 0.218486 0.215099 0.217831 0.213651 0.234212 0.245181 0.229483 0.247015 0.239518 0.234269 0.257723 0.261057 4.785163e-02 0.390
N:29 Run:1 0.264715 0.266757 0.383819 0.394743 0.426654 0.43299 0.422878 0.425416 0.428262 0.421209 0.400763 0.45555 0.337217 0.313282 0.283405 0.263825 0.273019 0.270357 0.264753 0.261622 0.258308 4.785163e-02 0.390
N:29 Run:2 0.259536 0.253687 0.265535 0.264444 0.294849 0.266623 0.246306 0.264139 0.268294 0.288201 0.271922 0.253662 0.280503 0.282446 0.268073 0.271716 0.26843 0.260515 0.261371 0.272296 0.273979 4.785163e-02 0.390
N:29 Run:3 0.252345 0.259148 0.255484 0.255279 0.257611 0.25258 0.23294 0.256522 0.253232 0.258918 0.268426 0.247557 0.274511 0.287118 0.31766 0.311116 0.304299 0.32088 0.283108 0.266264 0.267163 4.785163e-02 0.390
N:29 Run:4 0.276261 0.248333 0.279613 0.285325 0.281065 0.303734 0.303584 0.302504 0.286884 0.289919 0.301241 0.319016 0.307868 0.287055 0.262291 0.241991 0.267835 0.268973 0.284356 0.283533 0.298558 4.785163e-02 0.390
N:29 Run:5 0.27247 0.268123 0.29949 0.319792 0.30424 0.317699 0.330518 0.323306 0.338137 0.327223 0.319344 0.328462 0.308168 0.307656 0.284438 0.272766 0.275924 0.277446 0.274659 0.282747 0.278302 4.785163e-02 0.390
N:29 Run:6 0.286862 0.275961 0.366438 0.407107 0.392142 0.395563 0.357854 0.355029 0.358604 0.397033 0.400929 0.409811 0.311839 0.267063 0.26007 0.270152 0.254108 0.261209 0.275513 0.274513 0.265713 4.785163e-02 0.390
N:29 Run:7 0.203016 0.249522 0.265742 0.25769 0.256858 0.255325 0.256524 0.247949 0.246718 0.245619 0.272654 0.245938 0.253547 0.2425 0.252452 0.248176 0.249742 0.257272 0.255772 0.242672 0.247262 4.785163e-02 0.390
N:29 Run:8 0.291553 0.266358 0.263694 0.246968 0.229981 0.224585 0.227259 0.237906 0.235677 0.241008 0.230612 0.233084 0.231477 0.251189 0.250591 0.275784 0.254667 0.239766 0.240736 0.233272 0.245145 4.785163e-02 0.390
N:29 Run:9 0.259536 0.253687 0.265535 0.264444 0.294849 0.266623 0.246306 0.264139 0.268294 0.288201 0.271922 0.253662 0.252385 0.263166 0.252781 0.236844 0.251203 0.24867 0.259939 0.251147 0.261886 4.785163e-02 0.390
