Seed:1578558477
N:0 Run:0 0.396326 0.499196 0.498973 0.478392 0.452464 0.431949 0.444142 0.368537 0.414982 0.390587 0.346554 0.400731 0.398366 0.470566 0.489727 0.501803 0.501391 0.50215 0.517998 0.506619 0.50573 5.989264e-02 0.505
N:0 Run:1 0.485494 0.504685 0.516111 0.505738 0.512257 0.510232 0.509589 0.509852 0.508092 0.506328 0.497231 0.520176 0.515709 0.518026 0.516207 0.516087 0.506601 0.51049 0.515465 0.509537 0.509621 5.989264e-02 0.505
N:0 Run:2 0.502763 0.500868 0.509468 0.513462 0.52352 0.518188 0.503125 0.509928 0.512027 0.511893 0.505481 0.51856 0.516551 0.51366 0.510147 0.513692 0.512292 0.515894 0.520766 0.500272 0.518024 5.989264e-02 0.505
N:0 Run:3 0.514332 0.51338 0.410132 0.313754 0.25942 0.257168 0.262111 0.270189 0.260493 0.26159 0.334255 0.301071 0.493193 0.515994 0.519935 0.517868 0.524555 0.518846 0.52295 0.514834 0.517678 5.989264e-02 0.505
N:0 Run:4 0.425025 0.50031 0.51519 0.506019 0.514768 0.514059 0.51255 0.511001 0.511537 0.51208 0.511245 0.506541 0.519365 0.515435 0.512074 0.499052 0.508458 0.51466 0.521779 0.519699 0.509932 5.989264e-02 0.505
N:0 Run:5 0.407404 0.500044 0.517047 0.520129 0.521148 0.521143 0.526608 0.526601 0.516219 0.525636 0.50428 0.503592 0.51742 0.516168 0.509546 0.512161 0.505774 0.511295 0.510217 0.505412 0.515883 5.989264e-02 0.505
N:0 Run:6 0.592956 0.520888 0.513005 0.518293 0.51261 0.518108 0.50238 0.499701 0.500048 0.508585 0.503402 0.514797 0.498398 0.505071 0.496985 0.513721 0.507884 0.498742 0.515801 0.511116 0.506253 5.989264e-02 0.505
N:0 Run:7 0.440771 0.518247 0.510376 0.497646 0.501479 0.507278 0.503187 0.489239 0.470214 0.471972 0.500612 0.484897 0.495751 0.493788 0.505917 0.502995 0.510403 0.507633 0.505169 0.517924 0.514303 5.989264e-02 0.505
N:0 Run:8 0.514349 0.519786 0.519399 0.501405 0.493678 0.498965 0.489542 0.462676 0.465436 0.44998 0.470578 0.477374 0.440968 0.487698 0.498842 0.511767 0.508831 0.48959 0.48963 0.497834 0.496092 5.989264e-02 0.505
N:0 Run:9 0.502763 0.500868 0.509468 0.513462 0.52352 0.518188 0.503125 0.509928 0.512027 0.511893 0.505481 0.51856 0.508967 0.509955 0.498827 0.499065 0.510898 0.50689 0.515118 0.511133 0.520496 5.989264e-02 0.505
N:1 Run:0 0.396326 0.478354 0.484746 0.465813 0.445604 0.427313 0.433134 0.39246 0.408482 0.398582 0.373928 0.397725 0.403177 0.450862 0.472872 0.493753 0.496778 0.498459 0.522358 0.51127 0.506447 5.886499e-02 0.574
N:1 Run:1 0.485494 0.499156 0.519823 0.507144 0.513831 0.51124 0.510641 0.510714 0.506396 0.503116 0.492481 0.526118 0.523502 0.524762 0.524913 0.523543 0.511022 0.510483 0.519558 0.512346 0.510745 5.886499e-02 0.574
N:1 Run:2 0.502763 0.498441 0.50722 0.517355 0.536509 0.528875 0.506712 0.510151 0.513399 0.512809 0.504752 0.521433 0.524091 0.519698 0.515311 0.517552 0.515604 0.52178 0.531475 0.50549 0.526158 5.886499e-02 0.574
N:1 Run:3 0.514332 0.514268 0.415087 0.335943 0.255836 0.242269 0.248822 0.263651 0.249446 0.249777 0.312388 0.302701 0.447277 0.50144 0.519154 0.518271 0.536107 0.526797 0.537625 0.525688 0.525631 5.886499e-02 0.574
N:1 Run:4 0.425025 0.483433 0.515526 0.507008 0.518565 0.521454 0.517331 0.512952 0.516024 0.516302 0.510664 0.504315 0.527161 0.522303 0.516719 0.495728 0.504435 0.518355 0.533283 0.531942 0.514473 5.886499e-02 0.574
N:1 Run:5 0.407404 0.482497 0.506729 0.517602 0.52287 0.523715 0.539078 0.540681 0.517988 0.534606 0.501924 0.494887 0.512637 0.517253 0.504423 0.513435 0.503976 0.511733 0.510724 0.50522 0.520293 5.886499e-02 0.574
N:1 Run:6 0.592956 0.541051 0.522643 0.524421 0.518318 0.526132 0.504208 0.496584 0.495545 0.505241 0.500552 0.516449 0.498411 0.505039 0.495884 0.515082 0.509125 0.497552 0.518597 0.514605 0.509871 5.886499e-02 0.574
N:1 Run:7 0.440771 0.517723 0.511865 0.497475 0.499702 0.508273 0.502703 0.486827 0.46566 0.462186 0.488188 0.479277 0.487297 0.486756 0.502467 0.501387 0.513313 0.510234 0.505203 0.52502 0.521527 5.886499e-02 0.574
N:1 Run:8 0.514349 0.524979 0.526989 0.503907 0.492139 0.495187 0.484807 0.462136 0.458192 0.446102 0.459368 0.466468 0.441042 0.472854 0.489105 0.510169 0.51111 0.489299 0.484889 0.491984 0.489603 5.886499e-02 0.574
N:1 Run:9 0.502763 0.498441 0.50722 0.517355 0.536509 0.528875 0.506712 0.510151 0.513399 0.512809 0.504752 0.521433 0.512275 0.513642 0.500465 0.49765 0.509378 0.50805 0.518695 0.514267 0.530647 5.886499e-02 0.574
N:2 Run:0 0.396326 0.478354 0.484746 0.465813 0.445604 0.427313 0.433134 0.39246 0.408482 0.398582 0.373928 0.397725 0.403177 0.450862 0.472872 0.493753 0.496778 0.498459 0.522358 0.51127 0.506447 5.890385e-02 0.506
N:2 Run:1 0.485494 0.499156 0.519823 0.507144 0.513831 0.51124 0.510641 0.510714 0.506396 0.503116 0.492481 0.526118 0.523502 0.524762 0.524913 0.523543 0.511022 0.510483 0.519558 0.512346 0.510745 5.890385e-02 0.506
N:2 Run:2 0.502763 0.498441 0.50722 0.517355 0.536509 0.528875 0.506712 0.510151 0.513399 0.512809 0.504752 0.521433 0.524091 0.519698 0.515311 0.517552 0.515604 0.52178 0.531475 0.50549 0.526158 5.890385e-02 0.506
N:2 Run:3 0.514332 0.514268 0.415087 0.335943 0.255836 0.242269 0.248822 0.263651 0.249446 0.249777 0.312388 0.302701 0.447277 0.50144 0.519154 0.518271 0.536107 0.526797 0.537625 0.525688 0.525631 5.890385e-02 0.506
N:2 Run:4 0.425025 0.483433 0.515526 0.507008 0.518565 0.521454 0.517331 0.512952 0.516024 0.516302 0.510664 0.504315 0.527161 0.522303 0.516719 0.495728 0.504435 0.518355 0.533283 0.531942 0.514473 5.890385e-02 0.506
N:2 Run:5 0.407404 0.482497 0.506729 0.517602 0.52287 0.523715 0.539078 0.540681 0.517988 0.534606 0.501924 0.494887 0.512637 0.517253 0.504423 0.513435 0.503976 0.511733 0.510724 0.50522 0.520293 5.890385e-02 0.506
N:2 Run:6 0.592956 0.541051 0.522643 0.524421 0.518318 0.526132 0.504208 0.496584 0.495545 0.505241 0.500552 0.516449 0.498411 0.505039 0.495884 0.515082 0.509125 0.497552 0.518597 0.514605 0.509871 5.890385e-02 0.506
N:2 Run:7 0.440771 0.517723 0.511865 0.497475 0.499702 0.508273 0.502703 0.486827 0.46566 0.462186 0.488188 0.479277 0.487297 0.486756 0.502467 0.501387 0.513313 0.510234 0.505203 0.52502 0.521527 5.890385e-02 0.506
N:2 Run:8 0.514349 0.524979 0.526989 0.503907 0.492139 0.495187 0.484807 0.462136 0.458192 0.446102 0.459368 0.466468 0.441042 0.472854 0.489105 0.510169 0.51111 0.489299 0.484889 0.491984 0.489603 5.890385e-02 0.506
N:2 Run:9 0.502763 0.498441 0.50722 0.517355 0.536509 0.528875 0.506712 0.510151 0.513399 0.512809 0.504752 0.521433 0.512275 0.513642 0.500465 0.49765 0.509378 0.50805 0.518695 0.514267 0.530647 5.890385e-02 0.506
N:3 Run:0 0.396326 0.478354 0.484746 0.465813 0.445604 0.427313 0.433134 0.39246 0.408482 0.398582 0.373928 0.397725 0.403177 0.450862 0.472872 0.493753 0.496778 0.498459 0.522358 0.51127 0.506447 5.899170e-02 0.537
N:3 Run:1 0.485494 0.499156 0.519823 0.507144 0.513831 0.51124 0.510641 0.510714 0.506396 0.503116 0.492481 0.526118 0.523502 0.524762 0.524913 0.523543 0.511022 0.510483 0.519558 0.512346 0.510745 5.899170e-02 0.537
N:3 Run:2 0.502763 0.498441 0.50722 0.517355 0.536509 0.528875 0.506712 0.510151 0.513399 0.512809 0.504752 0.521433 0.524091 0.519698 0.515311 0.517552 0.515604 0.52178 0.531475 0.50549 0.526158 5.899170e-02 0.537
N:3 Run:3 0.514332 0.514268 0.415087 0.335943 0.255836 0.242269 0.248822 0.263651 0.249446 0.249777 0.312388 0.302701 0.447277 0.50144 0.519154 0.518271 0.536107 0.526797 0.537625 0.525688 0.525631 5.899170e-02 0.537
N:3 Run:4 0.425025 0.483433 0.515526 0.507008 0.518565 0.521454 0.517331 0.512952 0.516024 0.516302 0.510664 0.504315 0.527161 0.522303 0.516719 0.495728 0.504435 0.518355 0.533283 0.531942 0.514473 5.899170e-02 0.537
N:3 Run:5 0.407404 0.482497 0.506729 0.517602 0.52287 0.523715 0.539078 0.540681 0.517988 0.534606 0.501924 0.494887 0.512637 0.517253 0.504423 0.513435 0.503976 0.511733 0.510724 0.50522 0.520293 5.899170e-02 0.537
N:3 Run:6 0.592956 0.541051 0.522643 0.524421 0.518318 0.526132 0.504208 0.496584 0.495545 0.505241 0.500552 0.516449 0.498411 0.505039 0.495884 0.515082 0.509125 0.497552 0.518597 0.514605 0.509871 5.899170e-02 0.537
N:3 Run:7 0.440771 0.517723 0.511865 0.497475 0.499702 0.508273 0.502703 0.486827 0.46566 0.462186 0.488188 0.479277 0.487297 0.486756 0.502467 0.501387 0.513313 0.510234 0.505203 0.52502 0.521527 5.899170e-02 0.537
N:3 Run:8 0.514349 0.524979 0.526989 0.503907 0.492139 0.495187 0.484807 0.462136 0.458192 0.446102 0.459368 0.466468 0.441042 0.472854 0.489105 0.510169 0.51111 0.489299 0.484889 0.491984 0.489603 5.899170e-02 0.537
N:3 Run:9 0.502763 0.498441 0.50722 0.517355 0.536509 0.528875 0.506712 0.510151 0.513399 0.512809 0.504752 0.521433 0.512275 0.513642 0.500465 0.49765 0.509378 0.50805 0.518695 0.514267 0.530647 5.899170e-02 0.537
N:4 Run:0 0.396326 0.478354 0.484746 0.465813 0.445604 0.427313 0.433134 0.39246 0.408482 0.398582 0.373928 0.397725 0.403177 0.450862 0.472872 0.493753 0.496778 0.498459 0.522358 0.51127 0.506447 5.911824e-02 0.552
N:4 Run:1 0.485494 0.499156 0.519823 0.507144 0.513831 0.51124 0.510641 0.510714 0.506396 0.503116 0.492481 0.526118 0.523502 0.524762 0.524913 0.523543 0.511022 0.510483 0.519558 0.512346 0.510745 5.911824e-02 0.552
N:4 Run:2 0.502763 0.498441 0.50722 0.517355 0.536509 0.528875 0.506712 0.510151 0.513399 0.512809 0.504752 0.521433 0.524091 0.519698 0.515311 0.517552 0.515604 0.52178 0.531475 0.50549 0.526158 5.911824e-02 0.552
N:4 Run:3 0.514332 0.514268 0.415087 0.335943 0.255836 0.242269 0.248822 0.263651 0.249446 0.249777 0.312388 0.302701 0.447277 0.50144 0.519154 0.518271 0.536107 0.526797 0.537625 0.525688 0.525631 5.911824e-02 0.552
N:4 Run:4 0.425025 0.483433 0.515526 0.507008 0.518565 0.521454 0.517331 0.512952 0.516024 0.516302 0.510664 0.504315 0.527161 0.522303 0.516719 0.495728 0.504435 0.518355 0.533283 0.531942 0.514473 5.911824e-02 0.552
N:4 Run:5 0.407404 0.482497 0.506729 0.517602 0.52287 0.523715 0.539078 0.540681 0.517988 0.534606 0.501924 0.494887 0.512637 0.517253 0.504423 0.513435 0.503976 0.511733 0.510724 0.50522 0.520293 5.911824e-02 0.552
N:4 Run:6 0.592956 0.541051 0.522643 0.524421 0.518318 0.526132 0.504208 0.496584 0.495545 0.505241 0.500552 0.516449 0.498411 0.505039 0.495884 0.515082 0.509125 0.497552 0.518597 0.514605 0.509871 5.911824e-02 0.552
N:4 Run:7 0.440771 0.517723 0.511865 0.497475 0.499702 0.508273 0.502703 0.486827 0.46566 0.462186 0.488188 0.479277 0.487297 0.486756 0.502467 0.501387 0.513313 0.510234 0.505203 0.52502 0.521527 5.911824e-02 0.552
N:4 Run:8 0.514349 0.524979 0.526989 0.503907 0.492139 0.495187 0.484807 0.462136 0.458192 0.446102 0.459368 0.466468 0.441042 0.472854 0.489105 0.510169 0.51111 0.489299 0.484889 0.491984 0.489603 5.911824e-02 0.552
N:4 Run:9 0.502763 0.498441 0.50722 0.517355 0.536509 0.528875 0.506712 0.510151 0.513399 0.512809 0.504752 0.521433 0.512275 0.513642 0.500465 0.49765 0.509378 0.50805 0.518695 0.514267 0.530647 5.911824e-02 0.552
N:5 Run:0 0.396326 0.478354 0.484746 0.465813 0.445604 0.427313 0.433134 0.39246 0.408482 0.398582 0.373928 0.397725 0.403177 0.450862 0.472872 0.493753 0.496778 0.498459 0.522358 0.51127 0.506447 5.896666e-02 0.538
N:5 Run:1 0.485494 0.499156 0.519823 0.507144 0.513831 0.51124 0.510641 0.510714 0.506396 0.503116 0.492481 0.526118 0.523502 0.524762 0.524913 0.523543 0.511022 0.510483 0.519558 0.512346 0.510745 5.896666e-02 0.538
N:5 Run:2 0.502763 0.498441 0.50722 0.517355 0.536509 0.528875 0.506712 0.510151 0.513399 0.512809 0.504752 0.521433 0.524091 0.519698 0.515311 0.517552 0.515604 0.52178 0.531475 0.50549 0.526158 5.896666e-02 0.538
N:5 Run:3 0.514332 0.514268 0.415087 0.335943 0.255836 0.242269 0.248822 0.263651 0.249446 0.249777 0.312388 0.302701 0.447277 0.50144 0.519154 0.518271 0.536107 0.526797 0.537625 0.525688 0.525631 5.896666e-02 0.538
N:5 Run:4 0.425025 0.483433 0.515526 0.507008 0.518565 0.521454 0.517331 0.512952 0.516024 0.516302 0.510664 0.504315 0.527161 0.522303 0.516719 0.495728 0.504435 0.518355 0.533283 0.531942 0.514473 5.896666e-02 0.538
N:5 Run:5 0.407404 0.482497 0.506729 0.517602 0.52287 0.523715 0.539078 0.540681 0.517988 0.534606 0.501924 0.494887 0.512637 0.517253 0.504423 0.513435 0.503976 0.511733 0.510724 0.50522 0.520293 5.896666e-02 0.538
N:5 Run:6 0.592956 0.541051 0.522643 0.524421 0.518318 0.526132 0.504208 0.496584 0.495545 0.505241 0.500552 0.516449 0.498411 0.505039 0.495884 0.515082 0.509125 0.497552 0.518597 0.514605 0.509871 5.896666e-02 0.538
N:5 Run:7 0.440771 0.517723 0.511865 0.497475 0.499702 0.508273 0.502703 0.486827 0.46566 0.462186 0.488188 0.479277 0.487297 0.486756 0.502467 0.501387 0.513313 0.510234 0.505203 0.52502 0.521527 5.896666e-02 0.538
N:5 Run:8 0.514349 0.524979 0.526989 0.503907 0.492139 0.495187 0.484807 0.462136 0.458192 0.446102 0.459368 0.466468 0.441042 0.472854 0.489105 0.510169 0.51111 0.489299 0.484889 0.491984 0.489603 5.896666e-02 0.538
N:5 Run:9 0.502763 0.498441 0.50722 0.517355 0.536509 0.528875 0.506712 0.510151 0.513399 0.512809 0.504752 0.521433 0.512275 0.513642 0.500465 0.49765 0.509378 0.50805 0.518695 0.514267 0.530647 5.896666e-02 0.538
N:6 Run:0 0.396326 0.478354 0.484746 0.465813 0.445604 0.427313 0.433134 0.39246 0.408482 0.398582 0.373928 0.397725 0.403177 0.450862 0.472872 0.493753 0.496778 0.498459 0.522358 0.51127 0.506447 5.888090e-02 0.516
N:6 Run:1 0.485494 0.499156 0.519823 0.507144 0.513831 0.51124 0.510641 0.510714 0.506396 0.503116 0.492481 0.526118 0.523502 0.524762 0.524913 0.523543 0.511022 0.510483 0.519558 0.512346 0.510745 5.888090e-02 0.516
N:6 Run:2 0.502763 0.498441 0.50722 0.517355 0.536509 0.528875 0.506712 0.510151 0.513399 0.512809 0.504752 0.521433 0.524091 0.519698 0.515311 0.517552 0.515604 0.52178 0.531475 0.50549 0.526158 5.888090e-02 0.516
N:6 Run:3 0.514332 0.514268 0.415087 0.335943 0.255836 0.242269 0.248822 0.263651 0.249446 0.249777 0.312388 0.302701 0.447277 0.50144 0.519154 0.518271 0.536107 0.526797 0.537625 0.525688 0.525631 5.888090e-02 0.516
N:6 Run:4 0.425025 0.483433 0.515526 0.507008 0.518565 0.521454 0.517331 0.512952 0.516024 0.516302 0.510664 0.504315 0.527161 0.522303 0.516719 0.495728 0.504435 0.518355 0.533283 0.531942 0.514473 5.888090e-02 0.516
N:6 Run:5 0.407404 0.482497 0.506729 0.517602 0.52287 0.523715 0.539078 0.540681 0.517988 0.534606 0.501924 0.494887 0.512637 0.517253 0.504423 0.513435 0.503976 0.511733 0.510724 0.50522 0.520293 5.888090e-02 0.516
N:6 Run:6 0.592956 0.541051 0.522643 0.524421 0.518318 0.526132 0.504208 0.496584 0.495545 0.505241 0.500552 0.516449 0.498411 0.505039 0.495884 0.515082 0.509125 0.497552 0.518597 0.514605 0.509871 5.888090e-02 0.516
N:6 Run:7 0.440771 0.517723 0.511865 0.497475 0.499702 0.508273 0.502703 0.486827 0.46566 0.462186 0.488188 0.479277 0.487297 0.486756 0.502467 0.501387 0.513313 0.510234 0.505203 0.52502 0.521527 5.888090e-02 0.516
N:6 Run:8 0.514349 0.524979 0.526989 0.503907 0.492139 0.495187 0.484807 0.462136 0.458192 0.446102 0.459368 0.466468 0.441042 0.472854 0.489105 0.510169 0.51111 0.489299 0.484889 0.491984 0.489603 5.888090e-02 0.516
N:6 Run:9 0.502763 0.498441 0.50722 0.517355 0.536509 0.528875 0.506712 0.510151 0.513399 0.512809 0.504752 0.521433 0.512275 0.513642 0.500465 0.49765 0.509378 0.50805 0.518695 0.514267 0.530647 5.888090e-02 0.516
N:7 Run:0 0.396326 0.478354 0.484746 0.465813 0.445604 0.427313 0.433134 0.39246 0.408482 0.398582 0.373928 0.397725 0.403177 0.450862 0.472872 0.493753 0.496778 0.498459 0.522358 0.51127 0.506447 6.479423e-02 0.526
N:7 Run:1 0.485494 0.499156 0.519823 0.507144 0.513831 0.51124 0.510641 0.510714 0.506396 0.503116 0.492481 0.526118 0.523502 0.524762 0.524913 0.523543 0.511022 0.510483 0.519558 0.512346 0.510745 6.479423e-02 0.526
N:7 Run:2 0.502763 0.498441 0.50722 0.517355 0.536509 0.528875 0.506712 0.510151 0.513399 0.512809 0.504752 0.521433 0.524091 0.519698 0.515311 0.517552 0.515604 0.52178 0.531475 0.50549 0.526158 6.479423e-02 0.526
N:7 Run:3 0.514332 0.514268 0.415087 0.335943 0.255836 0.242269 0.248822 0.263651 0.249446 0.249777 0.312388 0.302701 0.447277 0.50144 0.519154 0.518271 0.536107 0.526797 0.537625 0.525688 0.525631 6.479423e-02 0.526
N:7 Run:4 0.425025 0.483433 0.515526 0.507008 0.518565 0.521454 0.517331 0.512952 0.516024 0.516302 0.510664 0.504315 0.527161 0.522303 0.516719 0.495728 0.504435 0.518355 0.533283 0.531942 0.514473 6.479423e-02 0.526
N:7 Run:5 0.407404 0.482497 0.506729 0.517602 0.52287 0.523715 0.539078 0.540681 0.517988 0.534606 0.501924 0.494887 0.512637 0.517253 0.504423 0.513435 0.503976 0.511733 0.510724 0.50522 0.520293 6.479423e-02 0.526
N:7 Run:6 0.592956 0.541051 0.522643 0.524421 0.518318 0.526132 0.504208 0.496584 0.495545 0.505241 0.500552 0.516449 0.498411 0.505039 0.495884 0.515082 0.509125 0.497552 0.518597 0.514605 0.509871 6.479423e-02 0.526
N:7 Run:7 0.440771 0.517723 0.511865 0.497475 0.499702 0.508273 0.502703 0.486827 0.46566 0.462186 0.488188 0.479277 0.487297 0.486756 0.502467 0.501387 0.513313 0.510234 0.505203 0.52502 0.521527 6.479423e-02 0.526
N:7 Run:8 0.514349 0.524979 0.526989 0.503907 0.492139 0.495187 0.484807 0.462136 0.458192 0.446102 0.459368 0.466468 0.441042 0.472854 0.489105 0.510169 0.51111 0.489299 0.484889 0.491984 0.489603 6.479423e-02 0.526
N:7 Run:9 0.502763 0.498441 0.50722 0.517355 0.536509 0.528875 0.506712 0.510151 0.513399 0.512809 0.504752 0.521433 0.512275 0.513642 0.500465 0.49765 0.509378 0.50805 0.518695 0.514267 0.530647 6.479423e-02 0.526
N:8 Run:0 0.396326 0.478354 0.484746 0.465813 0.445604 0.427313 0.433134 0.39246 0.408482 0.398582 0.373928 0.397725 0.403177 0.450862 0.472872 0.493753 0.496778 0.498459 0.522358 0.51127 0.506447 5.947367e-02 0.575
N:8 Run:1 0.485494 0.499156 0.519823 0.507144 0.513831 0.51124 0.510641 0.510714 0.506396 0.503116 0.492481 0.526118 0.523502 0.524762 0.524913 0.523543 0.511022 0.510483 0.519558 0.512346 0.510745 5.947367e-02 0.575
N:8 Run:2 0.502763 0.498441 0.50722 0.517355 0.536509 0.528875 0.506712 0.510151 0.513399 0.512809 0.504752 0.521433 0.524091 0.519698 0.515311 0.517552 0.515604 0.52178 0.531475 0.50549 0.526158 5.947367e-02 0.575
N:8 Run:3 0.514332 0.514268 0.415087 0.335943 0.255836 0.242269 0.248822 0.263651 0.249446 0.249777 0.312388 0.302701 0.447277 0.50144 0.519154 0.518271 0.536107 0.526797 0.537625 0.525688 0.525631 5.947367e-02 0.575
N:8 Run:4 0.425025 0.483433 0.515526 0.507008 0.518565 0.521454 0.517331 0.512952 0.516024 0.516302 0.510664 0.504315 0.527161 0.522303 0.516719 0.495728 0.504435 0.518355 0.533283 0.531942 0.514473 5.947367e-02 0.575
N:8 Run:5 0.407404 0.482497 0.506729 0.517602 0.52287 0.523715 0.539078 0.540681 0.517988 0.534606 0.501924 0.494887 0.512637 0.517253 0.504423 0.513435 0.503976 0.511733 0.510724 0.50522 0.520293 5.947367e-02 0.575
N:8 Run:6 0.592956 0.541051 0.522643 0.524421 0.518318 0.526132 0.504208 0.496584 0.495545 0.505241 0.500552 0.516449 0.498411 0.505039 0.495884 0.515082 0.509125 0.497552 0.518597 0.514605 0.509871 5.947367e-02 0.575
N:8 Run:7 0.440771 0.517723 0.511865 0.497475 0.499702 0.508273 0.502703 0.486827 0.46566 0.462186 0.488188 0.479277 0.487297 0.486756 0.502467 0.501387 0.513313 0.510234 0.505203 0.52502 0.521527 5.947367e-02 0.575
N:8 Run:8 0.514349 0.524979 0.526989 0.503907 0.492139 0.495187 0.484807 0.462136 0.458192 0.446102 0.459368 0.466468 0.441042 0.472854 0.489105 0.510169 0.51111 0.489299 0.484889 0.491984 0.489603 5.947367e-02 0.575
N:8 Run:9 0.502763 0.498441 0.50722 0.517355 0.536509 0.528875 0.506712 0.510151 0.513399 0.512809 0.504752 0.521433 0.512275 0.513642 0.500465 0.49765 0.509378 0.50805 0.518695 0.514267 0.530647 5.947367e-02 0.575
N:9 Run:0 0.396326 0.478354 0.484746 0.465813 0.445604 0.427313 0.433134 0.39246 0.408482 0.398582 0.373928 0.397725 0.403177 0.450862 0.472872 0.493753 0.496778 0.498459 0.522358 0.51127 0.506447 6.281053e-02 0.537
N:9 Run:1 0.485494 0.499156 0.519823 0.507144 0.513831 0.51124 0.510641 0.510714 0.506396 0.503116 0.492481 0.526118 0.523502 0.524762 0.524913 0.523543 0.511022 0.510483 0.519558 0.512346 0.510745 6.281053e-02 0.537
N:9 Run:2 0.502763 0.498441 0.50722 0.517355 0.536509 0.528875 0.506712 0.510151 0.513399 0.512809 0.504752 0.521433 0.524091 0.519698 0.515311 0.517552 0.515604 0.52178 0.531475 0.50549 0.526158 6.281053e-02 0.537
N:9 Run:3 0.514332 0.514268 0.415087 0.335943 0.255836 0.242269 0.248822 0.263651 0.249446 0.249777 0.312388 0.302701 0.447277 0.50144 0.519154 0.518271 0.536107 0.526797 0.537625 0.525688 0.525631 6.281053e-02 0.537
N:9 Run:4 0.425025 0.483433 0.515526 0.507008 0.518565 0.521454 0.517331 0.512952 0.516024 0.516302 0.510664 0.504315 0.527161 0.522303 0.516719 0.495728 0.504435 0.518355 0.533283 0.531942 0.514473 6.281053e-02 0.537
N:9 Run:5 0.407404 0.482497 0.506729 0.517602 0.52287 0.523715 0.539078 0.540681 0.517988 0.534606 0.501924 0.494887 0.512637 0.517253 0.504423 0.513435 0.503976 0.511733 0.510724 0.50522 0.520293 6.281053e-02 0.537
N:9 Run:6 0.592956 0.541051 0.522643 0.524421 0.518318 0.526132 0.504208 0.496584 0.495545 0.505241 0.500552 0.516449 0.498411 0.505039 0.495884 0.515082 0.509125 0.497552 0.518597 0.514605 0.509871 6.281053e-02 0.537
N:9 Run:7 0.440771 0.517723 0.511865 0.497475 0.499702 0.508273 0.502703 0.486827 0.46566 0.462186 0.488188 0.479277 0.487297 0.486756 0.502467 0.501387 0.513313 0.510234 0.505203 0.52502 0.521527 6.281053e-02 0.537
N:9 Run:8 0.514349 0.524979 0.526989 0.503907 0.492139 0.495187 0.484807 0.462136 0.458192 0.446102 0.459368 0.466468 0.441042 0.472854 0.489105 0.510169 0.51111 0.489299 0.484889 0.491984 0.489603 6.281053e-02 0.537
N:9 Run:9 0.502763 0.498441 0.50722 0.517355 0.536509 0.528875 0.506712 0.510151 0.513399 0.512809 0.504752 0.521433 0.512275 0.513642 0.500465 0.49765 0.509378 0.50805 0.518695 0.514267 0.530647 6.281053e-02 0.537
N:10 Run:0 0.396326 0.478354 0.484746 0.465813 0.445604 0.427313 0.433134 0.39246 0.408482 0.398582 0.373928 0.397725 0.403177 0.450862 0.472872 0.493753 0.496778 0.498459 0.522358 0.51127 0.506447 5.904617e-02 0.543
N:10 Run:1 0.485494 0.499156 0.519823 0.507144 0.513831 0.51124 0.510641 0.510714 0.506396 0.503116 0.492481 0.526118 0.523502 0.524762 0.524913 0.523543 0.511022 0.510483 0.519558 0.512346 0.510745 5.904617e-02 0.543
N:10 Run:2 0.502763 0.498441 0.50722 0.517355 0.536509 0.528875 0.506712 0.510151 0.513399 0.512809 0.504752 0.521433 0.524091 0.519698 0.515311 0.517552 0.515604 0.52178 0.531475 0.50549 0.526158 5.904617e-02 0.543
N:10 Run:3 0.514332 0.514268 0.415087 0.335943 0.255836 0.242269 0.248822 0.263651 0.249446 0.249777 0.312388 0.302701 0.447277 0.50144 0.519154 0.518271 0.536107 0.526797 0.537625 0.525688 0.525631 5.904617e-02 0.543
N:10 Run:4 0.425025 0.483433 0.515526 0.507008 0.518565 0.521454 0.517331 0.512952 0.516024 0.516302 0.510664 0.504315 0.527161 0.522303 0.516719 0.495728 0.504435 0.518355 0.533283 0.531942 0.514473 5.904617e-02 0.543
N:10 Run:5 0.407404 0.482497 0.506729 0.517602 0.52287 0.523715 0.539078 0.540681 0.517988 0.534606 0.501924 0.494887 0.512637 0.517253 0.504423 0.513435 0.503976 0.511733 0.510724 0.50522 0.520293 5.904617e-02 0.543
N:10 Run:6 0.592956 0.541051 0.522643 0.524421 0.518318 0.526132 0.504208 0.496584 0.495545 0.505241 0.500552 0.516449 0.498411 0.505039 0.495884 0.515082 0.509125 0.497552 0.518597 0.514605 0.509871 5.904617e-02 0.543
N:10 Run:7 0.440771 0.517723 0.511865 0.497475 0.499702 0.508273 0.502703 0.486827 0.46566 0.462186 0.488188 0.479277 0.487297 0.486756 0.502467 0.501387 0.513313 0.510234 0.505203 0.52502 0.521527 5.904617e-02 0.543
N:10 Run:8 0.514349 0.524979 0.526989 0.503907 0.492139 0.495187 0.484807 0.462136 0.458192 0.446102 0.459368 0.466468 0.441042 0.472854 0.489105 0.510169 0.51111 0.489299 0.484889 0.491984 0.489603 5.904617e-02 0.543
N:10 Run:9 0.502763 0.498441 0.50722 0.517355 0.536509 0.528875 0.506712 0.510151 0.513399 0.512809 0.504752 0.521433 0.512275 0.513642 0.500465 0.49765 0.509378 0.50805 0.518695 0.514267 0.530647 5.904617e-02 0.543
N:11 Run:0 0.396326 0.478354 0.484746 0.465813 0.445604 0.427313 0.433134 0.39246 0.408482 0.398582 0.373928 0.397725 0.403177 0.450862 0.472872 0.493753 0.496778 0.498459 0.522358 0.51127 0.506447 5.918576e-02 0.567
N:11 Run:1 0.485494 0.499156 0.519823 0.507144 0.513831 0.51124 0.510641 0.510714 0.506396 0.503116 0.492481 0.526118 0.523502 0.524762 0.524913 0.523543 0.511022 0.510483 0.519558 0.512346 0.510745 5.918576e-02 0.567
N:11 Run:2 0.502763 0.498441 0.50722 0.517355 0.536509 0.528875 0.506712 0.510151 0.513399 0.512809 0.504752 0.521433 0.524091 0.519698 0.515311 0.517552 0.515604 0.52178 0.531475 0.50549 0.526158 5.918576e-02 0.567
N:11 Run:3 0.514332 0.514268 0.415087 0.335943 0.255836 0.242269 0.248822 0.263651 0.249446 0.249777 0.312388 0.302701 0.447277 0.50144 0.519154 0.518271 0.536107 0.526797 0.537625 0.525688 0.525631 5.918576e-02 0.567
N:11 Run:4 0.425025 0.483433 0.515526 0.507008 0.518565 0.521454 0.517331 0.512952 0.516024 0.516302 0.510664 0.504315 0.527161 0.522303 0.516719 0.495728 0.504435 0.518355 0.533283 0.531942 0.514473 5.918576e-02 0.567
N:11 Run:5 0.407404 0.482497 0.506729 0.517602 0.52287 0.523715 0.539078 0.540681 0.517988 0.534606 0.501924 0.494887 0.512637 0.517253 0.504423 0.513435 0.503976 0.511733 0.510724 0.50522 0.520293 5.918576e-02 0.567
N:11 Run:6 0.592956 0.541051 0.522643 0.524421 0.518318 0.526132 0.504208 0.496584 0.495545 0.505241 0.500552 0.516449 0.498411 0.505039 0.495884 0.515082 0.509125 0.497552 0.518597 0.514605 0.509871 5.918576e-02 0.567
N:11 Run:7 0.440771 0.517723 0.511865 0.497475 0.499702 0.508273 0.502703 0.486827 0.46566 0.462186 0.488188 0.479277 0.487297 0.486756 0.502467 0.501387 0.513313 0.510234 0.505203 0.52502 0.521527 5.918576e-02 0.567
N:11 Run:8 0.514349 0.524979 0.526989 0.503907 0.492139 0.495187 0.484807 0.462136 0.458192 0.446102 0.459368 0.466468 0.441042 0.472854 0.489105 0.510169 0.51111 0.489299 0.484889 0.491984 0.489603 5.918576e-02 0.567
N:11 Run:9 0.502763 0.498441 0.50722 0.517355 0.536509 0.528875 0.506712 0.510151 0.513399 0.512809 0.504752 0.521433 0.512275 0.513642 0.500465 0.49765 0.509378 0.50805 0.518695 0.514267 0.530647 5.918576e-02 0.567
N:12 Run:0 0.396326 0.478354 0.484746 0.465813 0.445604 0.427313 0.433134 0.39246 0.408482 0.398582 0.373928 0.397725 0.403177 0.450862 0.472872 0.493753 0.496778 0.498459 0.522358 0.51127 0.506447 5.897074e-02 0.518
N:12 Run:1 0.485494 0.499156 0.519823 0.507144 0.513831 0.51124 0.510641 0.510714 0.506396 0.503116 0.492481 0.526118 0.523502 0.524762 0.524913 0.523543 0.511022 0.510483 0.519558 0.512346 0.510745 5.897074e-02 0.518
N:12 Run:2 0.502763 0.498441 0.50722 0.517355 0.536509 0.528875 0.506712 0.510151 0.513399 0.512809 0.504752 0.521433 0.524091 0.519698 0.515311 0.517552 0.515604 0.52178 0.531475 0.50549 0.526158 5.897074e-02 0.518
N:12 Run:3 0.514332 0.514268 0.415087 0.335943 0.255836 0.242269 0.248822 0.263651 0.249446 0.249777 0.312388 0.302701 0.447277 0.50144 0.519154 0.518271 0.536107 0.526797 0.537625 0.525688 0.525631 5.897074e-02 0.518
N:12 Run:4 0.425025 0.483433 0.515526 0.507008 0.518565 0.521454 0.517331 0.512952 0.516024 0.516302 0.510664 0.504315 0.527161 0.522303 0.516719 0.495728 0.504435 0.518355 0.533283 0.531942 0.514473 5.897074e-02 0.518
N:12 Run:5 0.407404 0.482497 0.506729 0.517602 0.52287 0.523715 0.539078 0.540681 0.517988 0.534606 0.501924 0.494887 0.512637 0.517253 0.504423 0.513435 0.503976 0.511733 0.510724 0.50522 0.520293 5.897074e-02 0.518
N:12 Run:6 0.592956 0.541051 0.522643 0.524421 0.518318 0.526132 0.504208 0.496584 0.495545 0.505241 0.500552 0.516449 0.498411 0.505039 0.495884 0.515082 0.509125 0.497552 0.518597 0.514605 0.509871 5.897074e-02 0.518
N:12 Run:7 0.440771 0.517723 0.511865 0.497475 0.499702 0.508273 0.502703 0.486827 0.46566 0.462186 0.488188 0.479277 0.487297 0.486756 0.502467 0.501387 0.513313 0.510234 0.505203 0.52502 0.521527 5.897074e-02 0.518
N:12 Run:8 0.514349 0.524979 0.526989 0.503907 0.492139 0.495187 0.484807 0.462136 0.458192 0.446102 0.459368 0.466468 0.441042 0.472854 0.489105 0.510169 0.51111 0.489299 0.484889 0.491984 0.489603 5.897074e-02 0.518
N:12 Run:9 0.502763 0.498441 0.50722 0.517355 0.536509 0.528875 0.506712 0.510151 0.513399 0.512809 0.504752 0.521433 0.512275 0.513642 0.500465 0.49765 0.509378 0.50805 0.518695 0.514267 0.530647 5.897074e-02 0.518
N:13 Run:0 0.396326 0.478354 0.484746 0.465813 0.445604 0.427313 0.433134 0.39246 0.408482 0.398582 0.373928 0.397725 0.403177 0.450862 0.472872 0.493753 0.496778 0.498459 0.522358 0.51127 0.506447 5.897894e-02 0.538
N:13 Run:1 0.485494 0.499156 0.519823 0.507144 0.513831 0.51124 0.510641 0.510714 0.506396 0.503116 0.492481 0.526118 0.523502 0.524762 0.524913 0.523543 0.511022 0.510483 0.519558 0.512346 0.510745 5.897894e-02 0.538
N:13 Run:2 0.502763 0.498441 0.50722 0.517355 0.536509 0.528875 0.506712 0.510151 0.513399 0.512809 0.504752 0.521433 0.524091 0.519698 0.515311 0.517552 0.515604 0.52178 0.531475 0.50549 0.526158 5.897894e-02 0.538
N:13 Run:3 0.514332 0.514268 0.415087 0.335943 0.255836 0.242269 0.248822 0.263651 0.249446 0.249777 0.312388 0.302701 0.447277 0.50144 0.519154 0.518271 0.536107 0.526797 0.537625 0.525688 0.525631 5.897894e-02 0.538
N:13 Run:4 0.425025 0.483433 0.515526 0.507008 0.518565 0.521454 0.517331 0.512952 0.516024 0.516302 0.510664 0.504315 0.527161 0.522303 0.516719 0.495728 0.504435 0.518355 0.533283 0.531942 0.514473 5.897894e-02 0.538
N:13 Run:5 0.407404 0.482497 0.506729 0.517602 0.52287 0.523715 0.539078 0.540681 0.517988 0.534606 0.501924 0.494887 0.512637 0.517253 0.504423 0.513435 0.503976 0.511733 0.510724 0.50522 0.520293 5.897894e-02 0.538
N:13 Run:6 0.592956 0.541051 0.522643 0.524421 0.518318 0.526132 0.504208 0.496584 0.495545 0.505241 0.500552 0.516449 0.498411 0.505039 0.495884 0.515082 0.509125 0.497552 0.518597 0.514605 0.509871 5.897894e-02 0.538
N:13 Run:7 0.440771 0.517723 0.511865 0.497475 0.499702 0.508273 0.502703 0.486827 0.46566 0.462186 0.488188 0.479277 0.487297 0.486756 0.502467 0.501387 0.513313 0.510234 0.505203 0.52502 0.521527 5.897894e-02 0.538
N:13 Run:8 0.514349 0.524979 0.526989 0.503907 0.492139 0.495187 0.484807 0.462136 0.458192 0.446102 0.459368 0.466468 0.441042 0.472854 0.489105 0.510169 0.51111 0.489299 0.484889 0.491984 0.489603 5.897894e-02 0.538
N:13 Run:9 0.502763 0.498441 0.50722 0.517355 0.536509 0.528875 0.506712 0.510151 0.513399 0.512809 0.504752 0.521433 0.512275 0.513642 0.500465 0.49765 0.509378 0.50805 0.518695 0.514267 0.530647 5.897894e-02 0.538
N:14 Run:0 0.396326 0.478354 0.484746 0.465813 0.445604 0.427313 0.433134 0.39246 0.408482 0.398582 0.373928 0.397725 0.403177 0.450862 0.472872 0.493753 0.496778 0.498459 0.522358 0.51127 0.506447 5.918528e-02 0.577
N:14 Run:1 0.485494 0.499156 0.519823 0.507144 0.513831 0.51124 0.510641 0.510714 0.506396 0.503116 0.492481 0.526118 0.523502 0.524762 0.524913 0.523543 0.511022 0.510483 0.519558 0.512346 0.510745 5.918528e-02 0.577
N:14 Run:2 0.502763 0.498441 0.50722 0.517355 0.536509 0.528875 0.506712 0.510151 0.513399 0.512809 0.504752 0.521433 0.524091 0.519698 0.515311 0.517552 0.515604 0.52178 0.531475 0.50549 0.526158 5.918528e-02 0.577
N:14 Run:3 0.514332 0.514268 0.415087 0.335943 0.255836 0.242269 0.248822 0.263651 0.249446 0.249777 0.312388 0.302701 0.447277 0.50144 0.519154 0.518271 0.536107 0.526797 0.537625 0.525688 0.525631 5.918528e-02 0.577
N:14 Run:4 0.425025 0.483433 0.515526 0.507008 0.518565 0.521454 0.517331 0.512952 0.516024 0.516302 0.510664 0.504315 0.527161 0.522303 0.516719 0.495728 0.504435 0.518355 0.533283 0.531942 0.514473 5.918528e-02 0.577
N:14 Run:5 0.407404 0.482497 0.506729 0.517602 0.52287 0.523715 0.539078 0.540681 0.517988 0.534606 0.501924 0.494887 0.512637 0.517253 0.504423 0.513435 0.503976 0.511733 0.510724 0.50522 0.520293 5.918528e-02 0.577
N:14 Run:6 0.592956 0.541051 0.522643 0.524421 0.518318 0.526132 0.504208 0.496584 0.495545 0.505241 0.500552 0.516449 0.498411 0.505039 0.495884 0.515082 0.509125 0.497552 0.518597 0.514605 0.509871 5.918528e-02 0.577
N:14 Run:7 0.440771 0.517723 0.511865 0.497475 0.499702 0.508273 0.502703 0.486827 0.46566 0.462186 0.488188 0.479277 0.487297 0.486756 0.502467 0.501387 0.513313 0.510234 0.505203 0.52502 0.521527 5.918528e-02 0.577
N:14 Run:8 0.514349 0.524979 0.526989 0.503907 0.492139 0.495187 0.484807 0.462136 0.458192 0.446102 0.459368 0.466468 0.441042 0.472854 0.489105 0.510169 0.51111 0.489299 0.484889 0.491984 0.489603 5.918528e-02 0.577
N:14 Run:9 0.502763 0.498441 0.50722 0.517355 0.536509 0.528875 0.506712 0.510151 0.513399 0.512809 0.504752 0.521433 0.512275 0.513642 0.500465 0.49765 0.509378 0.50805 0.518695 0.514267 0.530647 5.918528e-02 0.577
N:15 Run:0 0.396326 0.478354 0.484746 0.465813 0.445604 0.427313 0.433134 0.39246 0.408482 0.398582 0.373928 0.397725 0.403177 0.450862 0.472872 0.493753 0.496778 0.498459 0.522358 0.51127 0.506447 5.929308e-02 0.516
N:15 Run:1 0.485494 0.499156 0.519823 0.507144 0.513831 0.51124 0.510641 0.510714 0.506396 0.503116 0.492481 0.526118 0.523502 0.524762 0.524913 0.523543 0.511022 0.510483 0.519558 0.512346 0.510745 5.929308e-02 0.516
N:15 Run:2 0.502763 0.498441 0.50722 0.517355 0.536509 0.528875 0.506712 0.510151 0.513399 0.512809 0.504752 0.521433 0.524091 0.519698 0.515311 0.517552 0.515604 0.52178 0.531475 0.50549 0.526158 5.929308e-02 0.516
N:15 Run:3 0.514332 0.514268 0.415087 0.335943 0.255836 0.242269 0.248822 0.263651 0.249446 0.249777 0.312388 0.302701 0.447277 0.50144 0.519154 0.518271 0.536107 0.526797 0.537625 0.525688 0.525631 5.929308e-02 0.516
N:15 Run:4 0.425025 0.483433 0.515526 0.507008 0.518565 0.521454 0.517331 0.512952 0.516024 0.516302 0.510664 0.504315 0.527161 0.522303 0.516719 0.495728 0.504435 0.518355 0.533283 0.531942 0.514473 5.929308e-02 0.516
N:15 Run:5 0.407404 0.482497 0.506729 0.517602 0.52287 0.523715 0.539078 0.540681 0.517988 0.534606 0.501924 0.494887 0.512637 0.517253 0.504423 0.513435 0.503976 0.511733 0.510724 0.50522 0.520293 5.929308e-02 0.516
N:15 Run:6 0.592956 0.541051 0.522643 0.524421 0.518318 0.526132 0.504208 0.496584 0.495545 0.505241 0.500552 0.516449 0.498411 0.505039 0.495884 0.515082 0.509125 0.497552 0.518597 0.514605 0.509871 5.929308e-02 0.516
N:15 Run:7 0.440771 0.517723 0.511865 0.497475 0.499702 0.508273 0.502703 0.486827 0.46566 0.462186 0.488188 0.479277 0.487297 0.486756 0.502467 0.501387 0.513313 0.510234 0.505203 0.52502 0.521527 5.929308e-02 0.516
N:15 Run:8 0.514349 0.524979 0.526989 0.503907 0.492139 0.495187 0.484807 0.462136 0.458192 0.446102 0.459368 0.466468 0.441042 0.472854 0.489105 0.510169 0.51111 0.489299 0.484889 0.491984 0.489603 5.929308e-02 0.516
N:15 Run:9 0.502763 0.498441 0.50722 0.517355 0.536509 0.528875 0.506712 0.510151 0.513399 0.512809 0.504752 0.521433 0.512275 0.513642 0.500465 0.49765 0.509378 0.50805 0.518695 0.514267 0.530647 5.929308e-02 0.516
N:16 Run:0 0.396326 0.478354 0.484746 0.465813 0.445604 0.427313 0.433134 0.39246 0.408482 0.398582 0.373928 0.397725 0.403177 0.450862 0.472872 0.493753 0.496778 0.498459 0.522358 0.51127 0.506447 6.311015e-02 0.547
N:16 Run:1 0.485494 0.499156 0.519823 0.507144 0.513831 0.51124 0.510641 0.510714 0.506396 0.503116 0.492481 0.526118 0.523502 0.524762 0.524913 0.523543 0.511022 0.510483 0.519558 0.512346 0.510745 6.311015e-02 0.547
N:16 Run:2 0.502763 0.498441 0.50722 0.517355 0.536509 0.528875 0.506712 0.510151 0.513399 0.512809 0.504752 0.521433 0.524091 0.519698 0.515311 0.517552 0.515604 0.52178 0.531475 0.50549 0.526158 6.311015e-02 0.547
N:16 Run:3 0.514332 0.514268 0.415087 0.335943 0.255836 0.242269 0.248822 0.263651 0.249446 0.249777 0.312388 0.302701 0.447277 0.50144 0.519154 0.518271 0.536107 0.526797 0.537625 0.525688 0.525631 6.311015e-02 0.547
N:16 Run:4 0.425025 0.483433 0.515526 0.507008 0.518565 0.521454 0.517331 0.512952 0.516024 0.516302 0.510664 0.504315 0.527161 0.522303 0.516719 0.495728 0.504435 0.518355 0.533283 0.531942 0.514473 6.311015e-02 0.547
N:16 Run:5 0.407404 0.482497 0.506729 0.517602 0.52287 0.523715 0.539078 0.540681 0.517988 0.534606 0.501924 0.494887 0.512637 0.517253 0.504423 0.513435 0.503976 0.511733 0.510724 0.50522 0.520293 6.311015e-02 0.547
N:16 Run:6 0.592956 0.541051 0.522643 0.524421 0.518318 0.526132 0.504208 0.496584 0.495545 0.505241 0.500552 0.516449 0.498411 0.505039 0.495884 0.515082 0.509125 0.497552 0.518597 0.514605 0.509871 6.311015e-02 0.547
N:16 Run:7 0.440771 0.517723 0.511865 0.497475 0.499702 0.508273 0.502703 0.486827 0.46566 0.462186 0.488188 0.479277 0.487297 0.486756 0.502467 0.501387 0.513313 0.510234 0.505203 0.52502 0.521527 6.311015e-02 0.547
N:16 Run:8 0.514349 0.524979 0.526989 0.503907 0.492139 0.495187 0.484807 0.462136 0.458192 0.446102 0.459368 0.466468 0.441042 0.472854 0.489105 0.510169 0.51111 0.489299 0.484889 0.491984 0.489603 6.311015e-02 0.547
N:16 Run:9 0.502763 0.498441 0.50722 0.517355 0.536509 0.528875 0.506712 0.510151 0.513399 0.512809 0.504752 0.521433 0.512275 0.513642 0.500465 0.49765 0.509378 0.50805 0.518695 0.514267 0.530647 6.311015e-02 0.547
N:17 Run:0 0.396326 0.478354 0.484746 0.465813 0.445604 0.427313 0.433134 0.39246 0.408482 0.398582 0.373928 0.397725 0.403177 0.450862 0.472872 0.493753 0.496778 0.498459 0.522358 0.51127 0.506447 6.319912e-02 0.493
N:17 Run:1 0.485494 0.499156 0.519823 0.507144 0.513831 0.51124 0.510641 0.510714 0.506396 0.503116 0.492481 0.526118 0.523502 0.524762 0.524913 0.523543 0.511022 0.510483 0.519558 0.512346 0.510745 6.319912e-02 0.493
N:17 Run:2 0.502763 0.498441 0.50722 0.517355 0.536509 0.528875 0.506712 0.510151 0.513399 0.512809 0.504752 0.521433 0.524091 0.519698 0.515311 0.517552 0.515604 0.52178 0.531475 0.50549 0.526158 6.319912e-02 0.493
N:17 Run:3 0.514332 0.514268 0.415087 0.335943 0.255836 0.242269 0.248822 0.263651 0.249446 0.249777 0.312388 0.302701 0.447277 0.50144 0.519154 0.518271 0.536107 0.526797 0.537625 0.525688 0.525631 6.319912e-02 0.493
N:17 Run:4 0.425025 0.483433 0.515526 0.507008 0.518565 0.521454 0.517331 0.512952 0.516024 0.516302 0.510664 0.504315 0.527161 0.522303 0.516719 0.495728 0.504435 0.518355 0.533283 0.531942 0.514473 6.319912e-02 0.493
N:17 Run:5 0.407404 0.482497 0.506729 0.517602 0.52287 0.523715 0.539078 0.540681 0.517988 0.534606 0.501924 0.494887 0.512637 0.517253 0.504423 0.513435 0.503976 0.511733 0.510724 0.50522 0.520293 6.319912e-02 0.493
N:17 Run:6 0.592956 0.541051 0.522643 0.524421 0.518318 0.526132 0.504208 0.496584 0.495545 0.505241 0.500552 0.516449 0.498411 0.505039 0.495884 0.515082 0.509125 0.497552 0.518597 0.514605 0.509871 6.319912e-02 0.493
N:17 Run:7 0.440771 0.517723 0.511865 0.497475 0.499702 0.508273 0.502703 0.486827 0.46566 0.462186 0.488188 0.479277 0.487297 0.486756 0.502467 0.501387 0.513313 0.510234 0.505203 0.52502 0.521527 6.319912e-02 0.493
N:17 Run:8 0.514349 0.524979 0.526989 0.503907 0.492139 0.495187 0.484807 0.462136 0.458192 0.446102 0.459368 0.466468 0.441042 0.472854 0.489105 0.510169 0.51111 0.489299 0.484889 0.491984 0.489603 6.319912e-02 0.493
N:17 Run:9 0.502763 0.498441 0.50722 0.517355 0.536509 0.528875 0.506712 0.510151 0.513399 0.512809 0.504752 0.521433 0.512275 0.513642 0.500465 0.49765 0.509378 0.50805 0.518695 0.514267 0.530647 6.319912e-02 0.493
N:18 Run:0 0.396326 0.478354 0.484746 0.465813 0.445604 0.427313 0.433134 0.39246 0.408482 0.398582 0.373928 0.397725 0.403177 0.450862 0.472872 0.493753 0.496778 0.498459 0.522358 0.51127 0.506447 5.918376e-02 0.490
N:18 Run:1 0.485494 0.499156 0.519823 0.507144 0.513831 0.51124 0.510641 0.510714 0.506396 0.503116 0.492481 0.526118 0.523502 0.524762 0.524913 0.523543 0.511022 0.510483 0.519558 0.512346 0.510745 5.918376e-02 0.490
N:18 Run:2 0.502763 0.498441 0.50722 0.517355 0.536509 0.528875 0.506712 0.510151 0.513399 0.512809 0.504752 0.521433 0.524091 0.519698 0.515311 0.517552 0.515604 0.52178 0.531475 0.50549 0.526158 5.918376e-02 0.490
N:18 Run:3 0.514332 0.514268 0.415087 0.335943 0.255836 0.242269 0.248822 0.263651 0.249446 0.249777 0.312388 0.302701 0.447277 0.50144 0.519154 0.518271 0.536107 0.526797 0.537625 0.525688 0.525631 5.918376e-02 0.490
N:18 Run:4 0.425025 0.483433 0.515526 0.507008 0.518565 0.521454 0.517331 0.512952 0.516024 0.516302 0.510664 0.504315 0.527161 0.522303 0.516719 0.495728 0.504435 0.518355 0.533283 0.531942 0.514473 5.918376e-02 0.490
N:18 Run:5 0.407404 0.482497 0.506729 0.517602 0.52287 0.523715 0.539078 0.540681 0.517988 0.534606 0.501924 0.494887 0.512637 0.517253 0.504423 0.513435 0.503976 0.511733 0.510724 0.50522 0.520293 5.918376e-02 0.490
N:18 Run:6 0.592956 0.541051 0.522643 0.524421 0.518318 0.526132 0.504208 0.496584 0.495545 0.505241 0.500552 0.516449 0.498411 0.505039 0.495884 0.515082 0.509125 0.497552 0.518597 0.514605 0.509871 5.918376e-02 0.490
N:18 Run:7 0.440771 0.517723 0.511865 0.497475 0.499702 0.508273 0.502703 0.486827 0.46566 0.462186 0.488188 0.479277 0.487297 0.486756 0.502467 0.501387 0.513313 0.510234 0.505203 0.52502 0.521527 5.918376e-02 0.490
N:18 Run:8 0.514349 0.524979 0.526989 0.503907 0.492139 0.495187 0.484807 0.462136 0.458192 0.446102 0.459368 0.466468 0.441042 0.472854 0.489105 0.510169 0.51111 0.489299 0.484889 0.491984 0.489603 5.918376e-02 0.490
N:18 Run:9 0.502763 0.498441 0.50722 0.517355 0.536509 0.528875 0.506712 0.510151 0.513399 0.512809 0.504752 0.521433 0.512275 0.513642 0.500465 0.49765 0.509378 0.50805 0.518695 0.514267 0.530647 5.918376e-02 0.490
N:19 Run:0 0.396326 0.478354 0.484746 0.465813 0.445604 0.427313 0.433134 0.39246 0.408482 0.398582 0.373928 0.397725 0.403177 0.450862 0.472872 0.493753 0.496778 0.498459 0.522358 0.51127 0.506447 5.901389e-02 0.542
N:19 Run:1 0.485494 0.499156 0.519823 0.507144 0.513831 0.51124 0.510641 0.510714 0.506396 0.503116 0.492481 0.526118 0.523502 0.524762 0.524913 0.523543 0.511022 0.510483 0.519558 0.512346 0.510745 5.901389e-02 0.542
N:19 Run:2 0.502763 0.498441 0.50722 0.517355 0.536509 0.528875 0.506712 0.510151 0.513399 0.512809 0.504752 0.521433 0.524091 0.519698 0.515311 0.517552 0.515604 0.52178 0.531475 0.50549 0.526158 5.901389e-02 0.542
N:19 Run:3 0.514332 0.514268 0.415087 0.335943 0.255836 0.242269 0.248822 0.263651 0.249446 0.249777 0.312388 0.302701 0.447277 0.50144 0.519154 0.518271 0.536107 0.526797 0.537625 0.525688 0.525631 5.901389e-02 0.542
N:19 Run:4 0.425025 0.483433 0.515526 0.507008 0.518565 0.521454 0.517331 0.512952 0.516024 0.516302 0.510664 0.504315 0.527161 0.522303 0.516719 0.495728 0.504435 0.518355 0.533283 0.531942 0.514473 5.901389e-02 0.542
N:19 Run:5 0.407404 0.482497 0.506729 0.517602 0.52287 0.523715 0.539078 0.540681 0.517988 0.534606 0.501924 0.494887 0.512637 0.517253 0.504423 0.513435 0.503976 0.511733 0.510724 0.50522 0.520293 5.901389e-02 0.542
N:19 Run:6 0.592956 0.541051 0.522643 0.524421 0.518318 0.526132 0.504208 0.496584 0.495545 0.505241 0.500552 0.516449 0.498411 0.505039 0.495884 0.515082 0.509125 0.497552 0.518597 0.514605 0.509871 5.901389e-02 0.542
N:19 Run:7 0.440771 0.517723 0.511865 0.497475 0.499702 0.508273 0.502703 0.486827 0.46566 0.462186 0.488188 0.479277 0.487297 0.486756 0.502467 0.501387 0.513313 0.510234 0.505203 0.52502 0.521527 5.901389e-02 0.542
N:19 Run:8 0.514349 0.524979 0.526989 0.503907 0.492139 0.495187 0.484807 0.462136 0.458192 0.446102 0.459368 0.466468 0.441042 0.472854 0.489105 0.510169 0.51111 0.489299 0.484889 0.491984 0.489603 5.901389e-02 0.542
N:19 Run:9 0.502763 0.498441 0.50722 0.517355 0.536509 0.528875 0.506712 0.510151 0.513399 0.512809 0.504752 0.521433 0.512275 0.513642 0.500465 0.49765 0.509378 0.50805 0.518695 0.514267 0.530647 5.901389e-02 0.542
N:20 Run:0 0.396326 0.478354 0.484746 0.465813 0.445604 0.427313 0.433134 0.39246 0.408482 0.398582 0.373928 0.397725 0.403177 0.450862 0.472872 0.493753 0.496778 0.498459 0.522358 0.51127 0.506447 5.908078e-02 0.449
N:20 Run:1 0.485494 0.499156 0.519823 0.507144 0.513831 0.51124 0.510641 0.510714 0.506396 0.503116 0.492481 0.526118 0.523502 0.524762 0.524913 0.523543 0.511022 0.510483 0.519558 0.512346 0.510745 5.908078e-02 0.449
N:20 Run:2 0.502763 0.498441 0.50722 0.517355 0.536509 0.528875 0.506712 0.510151 0.513399 0.512809 0.504752 0.521433 0.524091 0.519698 0.515311 0.517552 0.515604 0.52178 0.531475 0.50549 0.526158 5.908078e-02 0.449
N:20 Run:3 0.514332 0.514268 0.415087 0.335943 0.255836 0.242269 0.248822 0.263651 0.249446 0.249777 0.312388 0.302701 0.447277 0.50144 0.519154 0.518271 0.536107 0.526797 0.537625 0.525688 0.525631 5.908078e-02 0.449
N:20 Run:4 0.425025 0.483433 0.515526 0.507008 0.518565 0.521454 0.517331 0.512952 0.516024 0.516302 0.510664 0.504315 0.527161 0.522303 0.516719 0.495728 0.504435 0.518355 0.533283 0.531942 0.514473 5.908078e-02 0.449
N:20 Run:5 0.407404 0.482497 0.506729 0.517602 0.52287 0.523715 0.539078 0.540681 0.517988 0.534606 0.501924 0.494887 0.512637 0.517253 0.504423 0.513435 0.503976 0.511733 0.510724 0.50522 0.520293 5.908078e-02 0.449
N:20 Run:6 0.592956 0.541051 0.522643 0.524421 0.518318 0.526132 0.504208 0.496584 0.495545 0.505241 0.500552 0.516449 0.498411 0.505039 0.495884 0.515082 0.509125 0.497552 0.518597 0.514605 0.509871 5.908078e-02 0.449
N:20 Run:7 0.440771 0.517723 0.511865 0.497475 0.499702 0.508273 0.502703 0.486827 0.46566 0.462186 0.488188 0.479277 0.487297 0.486756 0.502467 0.501387 0.513313 0.510234 0.505203 0.52502 0.521527 5.908078e-02 0.449
N:20 Run:8 0.514349 0.524979 0.526989 0.503907 0.492139 0.495187 0.484807 0.462136 0.458192 0.446102 0.459368 0.466468 0.441042 0.472854 0.489105 0.510169 0.51111 0.489299 0.484889 0.491984 0.489603 5.908078e-02 0.449
N:20 Run:9 0.502763 0.498441 0.50722 0.517355 0.536509 0.528875 0.506712 0.510151 0.513399 0.512809 0.504752 0.521433 0.512275 0.513642 0.500465 0.49765 0.509378 0.50805 0.518695 0.514267 0.530647 5.908078e-02 0.449
N:21 Run:0 0.396326 0.478354 0.484746 0.465813 0.445604 0.427313 0.433134 0.39246 0.408482 0.398582 0.373928 0.397725 0.403177 0.450862 0.472872 0.493753 0.496778 0.498459 0.522358 0.51127 0.506447 5.908826e-02 0.510
N:21 Run:1 0.485494 0.499156 0.519823 0.507144 0.513831 0.51124 0.510641 0.510714 0.506396 0.503116 0.492481 0.526118 0.523502 0.524762 0.524913 0.523543 0.511022 0.510483 0.519558 0.512346 0.510745 5.908826e-02 0.510
N:21 Run:2 0.502763 0.498441 0.50722 0.517355 0.536509 0.528875 0.506712 0.510151 0.513399 0.512809 0.504752 0.521433 0.524091 0.519698 0.515311 0.517552 0.515604 0.52178 0.531475 0.50549 0.526158 5.908826e-02 0.510
N:21 Run:3 0.514332 0.514268 0.415087 0.335943 0.255836 0.242269 0.248822 0.263651 0.249446 0.249777 0.312388 0.302701 0.447277 0.50144 0.519154 0.518271 0.536107 0.526797 0.537625 0.525688 0.525631 5.908826e-02 0.510
N:21 Run:4 0.425025 0.483433 0.515526 0.507008 0.518565 0.521454 0.517331 0.512952 0.516024 0.516302 0.510664 0.504315 0.527161 0.522303 0.516719 0.495728 0.504435 0.518355 0.533283 0.531942 0.514473 5.908826e-02 0.510
N:21 Run:5 0.407404 0.482497 0.506729 0.517602 0.52287 0.523715 0.539078 0.540681 0.517988 0.534606 0.501924 0.494887 0.512637 0.517253 0.504423 0.513435 0.503976 0.511733 0.510724 0.50522 0.520293 5.908826e-02 0.510
N:21 Run:6 0.592956 0.541051 0.522643 0.524421 0.518318 0.526132 0.504208 0.496584 0.495545 0.505241 0.500552 0.516449 0.498411 0.505039 0.495884 0.515082 0.509125 0.497552 0.518597 0.514605 0.509871 5.908826e-02 0.510
N:21 Run:7 0.440771 0.517723 0.511865 0.497475 0.499702 0.508273 0.502703 0.486827 0.46566 0.462186 0.488188 0.479277 0.487297 0.486756 0.502467 0.501387 0.513313 0.510234 0.505203 0.52502 0.521527 5.908826e-02 0.510
N:21 Run:8 0.514349 0.524979 0.526989 0.503907 0.492139 0.495187 0.484807 0.462136 0.458192 0.446102 0.459368 0.466468 0.441042 0.472854 0.489105 0.510169 0.51111 0.489299 0.484889 0.491984 0.489603 5.908826e-02 0.510
N:21 Run:9 0.502763 0.498441 0.50722 0.517355 0.536509 0.528875 0.506712 0.510151 0.513399 0.512809 0.504752 0.521433 0.512275 0.513642 0.500465 0.49765 0.509378 0.50805 0.518695 0.514267 0.530647 5.908826e-02 0.510
N:22 Run:0 0.396326 0.478354 0.484746 0.465813 0.445604 0.427313 0.433134 0.39246 0.408482 0.398582 0.373928 0.397725 0.403177 0.450862 0.472872 0.493753 0.496778 0.498459 0.522358 0.51127 0.506447 5.930185e-02 0.595
N:22 Run:1 0.485494 0.499156 0.519823 0.507144 0.513831 0.51124 0.510641 0.510714 0.506396 0.503116 0.492481 0.526118 0.523502 0.524762 0.524913 0.523543 0.511022 0.510483 0.519558 0.512346 0.510745 5.930185e-02 0.595
N:22 Run:2 0.502763 0.498441 0.50722 0.517355 0.536509 0.528875 0.506712 0.510151 0.513399 0.512809 0.504752 0.521433 0.524091 0.519698 0.515311 0.517552 0.515604 0.52178 0.531475 0.50549 0.526158 5.930185e-02 0.595
N:22 Run:3 0.514332 0.514268 0.415087 0.335943 0.255836 0.242269 0.248822 0.263651 0.249446 0.249777 0.312388 0.302701 0.447277 0.50144 0.519154 0.518271 0.536107 0.526797 0.537625 0.525688 0.525631 5.930185e-02 0.595
N:22 Run:4 0.425025 0.483433 0.515526 0.507008 0.518565 0.521454 0.517331 0.512952 0.516024 0.516302 0.510664 0.504315 0.527161 0.522303 0.516719 0.495728 0.504435 0.518355 0.533283 0.531942 0.514473 5.930185e-02 0.595
N:22 Run:5 0.407404 0.482497 0.506729 0.517602 0.52287 0.523715 0.539078 0.540681 0.517988 0.534606 0.501924 0.494887 0.512637 0.517253 0.504423 0.513435 0.503976 0.511733 0.510724 0.50522 0.520293 5.930185e-02 0.595
N:22 Run:6 0.592956 0.541051 0.522643 0.524421 0.518318 0.526132 0.504208 0.496584 0.495545 0.505241 0.500552 0.516449 0.498411 0.505039 0.495884 0.515082 0.509125 0.497552 0.518597 0.514605 0.509871 5.930185e-02 0.595
N:22 Run:7 0.440771 0.517723 0.511865 0.497475 0.499702 0.508273 0.502703 0.486827 0.46566 0.462186 0.488188 0.479277 0.487297 0.486756 0.502467 0.501387 0.513313 0.510234 0.505203 0.52502 0.521527 5.930185e-02 0.595
N:22 Run:8 0.514349 0.524979 0.526989 0.503907 0.492139 0.495187 0.484807 0.462136 0.458192 0.446102 0.459368 0.466468 0.441042 0.472854 0.489105 0.510169 0.51111 0.489299 0.484889 0.491984 0.489603 5.930185e-02 0.595
N:22 Run:9 0.502763 0.498441 0.50722 0.517355 0.536509 0.528875 0.506712 0.510151 0.513399 0.512809 0.504752 0.521433 0.512275 0.513642 0.500465 0.49765 0.509378 0.50805 0.518695 0.514267 0.530647 5.930185e-02 0.595
N:23 Run:0 0.396326 0.478354 0.484746 0.465813 0.445604 0.427313 0.433134 0.39246 0.408482 0.398582 0.373928 0.397725 0.403177 0.450862 0.472872 0.493753 0.496778 0.498459 0.522358 0.51127 0.506447 5.901700e-02 0.527
N:23 Run:1 0.485494 0.499156 0.519823 0.507144 0.513831 0.51124 0.510641 0.510714 0.506396 0.503116 0.492481 0.526118 0.523502 0.524762 0.524913 0.523543 0.511022 0.510483 0.519558 0.512346 0.510745 5.901700e-02 0.527
N:23 Run:2 0.502763 0.498441 0.50722 0.517355 0.536509 0.528875 0.506712 0.510151 0.513399 0.512809 0.504752 0.521433 0.524091 0.519698 0.515311 0.517552 0.515604 0.52178 0.531475 0.50549 0.526158 5.901700e-02 0.527
N:23 Run:3 0.514332 0.514268 0.415087 0.335943 0.255836 0.242269 0.248822 0.263651 0.249446 0.249777 0.312388 0.302701 0.447277 0.50144 0.519154 0.518271 0.536107 0.526797 0.537625 0.525688 0.525631 5.901700e-02 0.527
N:23 Run:4 0.425025 0.483433 0.515526 0.507008 0.518565 0.521454 0.517331 0.512952 0.516024 0.516302 0.510664 0.504315 0.527161 0.522303 0.516719 0.495728 0.504435 0.518355 0.533283 0.531942 0.514473 5.901700e-02 0.527
N:23 Run:5 0.407404 0.482497 0.506729 0.517602 0.52287 0.523715 0.539078 0.540681 0.517988 0.534606 0.501924 0.494887 0.512637 0.517253 0.504423 0.513435 0.503976 0.511733 0.510724 0.50522 0.520293 5.901700e-02 0.527
N:23 Run:6 0.592956 0.541051 0.522643 0.524421 0.518318 0.526132 0.504208 0.496584 0.495545 0.505241 0.500552 0.516449 0.498411 0.505039 0.495884 0.515082 0.509125 0.497552 0.518597 0.514605 0.509871 5.901700e-02 0.527
N:23 Run:7 0.440771 0.517723 0.511865 0.497475 0.499702 0.508273 0.502703 0.486827 0.46566 0.462186 0.488188 0.479277 0.487297 0.486756 0.502467 0.501387 0.513313 0.510234 0.505203 0.52502 0.521527 5.901700e-02 0.527
N:23 Run:8 0.514349 0.524979 0.526989 0.503907 0.492139 0.495187 0.484807 0.462136 0.458192 0.446102 0.459368 0.466468 0.441042 0.472854 0.489105 0.510169 0.51111 0.489299 0.484889 0.491984 0.489603 5.901700e-02 0.527
N:23 Run:9 0.502763 0.498441 0.50722 0.517355 0.536509 0.528875 0.506712 0.510151 0.513399 0.512809 0.504752 0.521433 0.512275 0.513642 0.500465 0.49765 0.509378 0.50805 0.518695 0.514267 0.530647 5.901700e-02 0.527
N:24 Run:0 0.396326 0.478354 0.484746 0.465813 0.445604 0.427313 0.433134 0.39246 0.408482 0.398582 0.373928 0.397725 0.403177 0.450862 0.472872 0.493753 0.496778 0.498459 0.522358 0.51127 0.506447 5.891195e-02 0.550
N:24 Run:1 0.485494 0.499156 0.519823 0.507144 0.513831 0.51124 0.510641 0.510714 0.506396 0.503116 0.492481 0.526118 0.523502 0.524762 0.524913 0.523543 0.511022 0.510483 0.519558 0.512346 0.510745 5.891195e-02 0.550
N:24 Run:2 0.502763 0.498441 0.50722 0.517355 0.536509 0.528875 0.506712 0.510151 0.513399 0.512809 0.504752 0.521433 0.524091 0.519698 0.515311 0.517552 0.515604 0.52178 0.531475 0.50549 0.526158 5.891195e-02 0.550
N:24 Run:3 0.514332 0.514268 0.415087 0.335943 0.255836 0.242269 0.248822 0.263651 0.249446 0.249777 0.312388 0.302701 0.447277 0.50144 0.519154 0.518271 0.536107 0.526797 0.537625 0.525688 0.525631 5.891195e-02 0.550
N:24 Run:4 0.425025 0.483433 0.515526 0.507008 0.518565 0.521454 0.517331 0.512952 0.516024 0.516302 0.510664 0.504315 0.527161 0.522303 0.516719 0.495728 0.504435 0.518355 0.533283 0.531942 0.514473 5.891195e-02 0.550
N:24 Run:5 0.407404 0.482497 0.506729 0.517602 0.52287 0.523715 0.539078 0.540681 0.517988 0.534606 0.501924 0.494887 0.512637 0.517253 0.504423 0.513435 0.503976 0.511733 0.510724 0.50522 0.520293 5.891195e-02 0.550
N:24 Run:6 0.592956 0.541051 0.522643 0.524421 0.518318 0.526132 0.504208 0.496584 0.495545 0.505241 0.500552 0.516449 0.498411 0.505039 0.495884 0.515082 0.509125 0.497552 0.518597 0.514605 0.509871 5.891195e-02 0.550
N:24 Run:7 0.440771 0.517723 0.511865 0.497475 0.499702 0.508273 0.502703 0.486827 0.46566 0.462186 0.488188 0.479277 0.487297 0.486756 0.502467 0.501387 0.513313 0.510234 0.505203 0.52502 0.521527 5.891195e-02 0.550
N:24 Run:8 0.514349 0.524979 0.526989 0.503907 0.492139 0.495187 0.484807 0.462136 0.458192 0.446102 0.459368 0.466468 0.441042 0.472854 0.489105 0.510169 0.51111 0.489299 0.484889 0.491984 0.489603 5.891195e-02 0.550
N:24 Run:9 0.502763 0.498441 0.50722 0.517355 0.536509 0.528875 0.506712 0.510151 0.513399 0.512809 0.504752 0.521433 0.512275 0.513642 0.500465 0.49765 0.509378 0.50805 0.518695 0.514267 0.530647 5.891195e-02 0.550
N:25 Run:0 0.396326 0.478354 0.484746 0.465813 0.445604 0.427313 0.433134 0.39246 0.408482 0.398582 0.373928 0.397725 0.403177 0.450862 0.472872 0.493753 0.496778 0.498459 0.522358 0.51127 0.506447 5.889273e-02 0.541
N:25 Run:1 0.485494 0.499156 0.519823 0.507144 0.513831 0.51124 0.510641 0.510714 0.506396 0.503116 0.492481 0.526118 0.523502 0.524762 0.524913 0.523543 0.511022 0.510483 0.519558 0.512346 0.510745 5.889273e-02 0.541
N:25 Run:2 0.502763 0.498441 0.50722 0.517355 0.536509 0.528875 0.506712 0.510151 0.513399 0.512809 0.504752 0.521433 0.524091 0.519698 0.515311 0.517552 0.515604 0.52178 0.531475 0.50549 0.526158 5.889273e-02 0.541
N:25 Run:3 0.514332 0.514268 0.415087 0.335943 0.255836 0.242269 0.248822 0.263651 0.249446 0.249777 0.312388 0.302701 0.447277 0.50144 0.519154 0.518271 0.536107 0.526797 0.537625 0.525688 0.525631 5.889273e-02 0.541
N:25 Run:4 0.425025 0.483433 0.515526 0.507008 0.518565 0.521454 0.517331 0.512952 0.516024 0.516302 0.510664 0.504315 0.527161 0.522303 0.516719 0.495728 0.504435 0.518355 0.533283 0.531942 0.514473 5.889273e-02 0.541
N:25 Run:5 0.407404 0.482497 0.506729 0.517602 0.52287 0.523715 0.539078 0.540681 0.517988 0.534606 0.501924 0.494887 0.512637 0.517253 0.504423 0.513435 0.503976 0.511733 0.510724 0.50522 0.520293 5.889273e-02 0.541
N:25 Run:6 0.592956 0.541051 0.522643 0.524421 0.518318 0.526132 0.504208 0.496584 0.495545 0.505241 0.500552 0.516449 0.498411 0.505039 0.495884 0.515082 0.509125 0.497552 0.518597 0.514605 0.509871 5.889273e-02 0.541
N:25 Run:7 0.440771 0.517723 0.511865 0.497475 0.499702 0.508273 0.502703 0.486827 0.46566 0.462186 0.488188 0.479277 0.487297 0.486756 0.502467 0.501387 0.513313 0.510234 0.505203 0.52502 0.521527 5.889273e-02 0.541
N:25 Run:8 0.514349 0.524979 0.526989 0.503907 0.492139 0.495187 0.484807 0.462136 0.458192 0.446102 0.459368 0.466468 0.441042 0.472854 0.489105 0.510169 0.51111 0.489299 0.484889 0.491984 0.489603 5.889273e-02 0.541
N:25 Run:9 0.502763 0.498441 0.50722 0.517355 0.536509 0.528875 0.506712 0.510151 0.513399 0.512809 0.504752 0.521433 0.512275 0.513642 0.500465 0.49765 0.509378 0.50805 0.518695 0.514267 0.530647 5.889273e-02 0.541
N:26 Run:0 0.396326 0.478354 0.484746 0.465813 0.445604 0.427313 0.433134 0.39246 0.408482 0.398582 0.373928 0.397725 0.403177 0.450862 0.472872 0.493753 0.496778 0.498459 0.522358 0.51127 0.506447 5.889846e-02 0.471
N:26 Run:1 0.485494 0.499156 0.519823 0.507144 0.513831 0.51124 0.510641 0.510714 0.506396 0.503116 0.492481 0.526118 0.523502 0.524762 0.524913 0.523543 0.511022 0.510483 0.519558 0.512346 0.510745 5.889846e-02 0.471
N:26 Run:2 0.502763 0.498441 0.50722 0.517355 0.536509 0.528875 0.506712 0.510151 0.513399 0.512809 0.504752 0.521433 0.524091 0.519698 0.515311 0.517552 0.515604 0.52178 0.531475 0.50549 0.526158 5.889846e-02 0.471
N:26 Run:3 0.514332 0.514268 0.415087 0.335943 0.255836 0.242269 0.248822 0.263651 0.249446 0.249777 0.312388 0.302701 0.447277 0.50144 0.519154 0.518271 0.536107 0.526797 0.537625 0.525688 0.525631 5.889846e-02 0.471
N:26 Run:4 0.425025 0.483433 0.515526 0.507008 0.518565 0.521454 0.517331 0.512952 0.516024 0.516302 0.510664 0.504315 0.527161 0.522303 0.516719 0.495728 0.504435 0.518355 0.533283 0.531942 0.514473 5.889846e-02 0.471
N:26 Run:5 0.407404 0.482497 0.506729 0.517602 0.52287 0.523715 0.539078 0.540681 0.517988 0.534606 0.501924 0.494887 0.512637 0.517253 0.504423 0.513435 0.503976 0.511733 0.510724 0.50522 0.520293 5.889846e-02 0.471
N:26 Run:6 0.592956 0.541051 0.522643 0.524421 0.518318 0.526132 0.504208 0.496584 0.495545 0.505241 0.500552 0.516449 0.498411 0.505039 0.495884 0.515082 0.509125 0.497552 0.518597 0.514605 0.509871 5.889846e-02 0.471
N:26 Run:7 0.440771 0.517723 0.511865 0.497475 0.499702 0.508273 0.502703 0.486827 0.46566 0.462186 0.488188 0.479277 0.487297 0.486756 0.502467 0.501387 0.513313 0.510234 0.505203 0.52502 0.521527 5.889846e-02 0.471
N:26 Run:8 0.514349 0.524979 0.526989 0.503907 0.492139 0.495187 0.484807 0.462136 0.458192 0.446102 0.459368 0.466468 0.441042 0.472854 0.489105 0.510169 0.51111 0.489299 0.484889 0.491984 0.489603 5.889846e-02 0.471
N:26 Run:9 0.502763 0.498441 0.50722 0.517355 0.536509 0.528875 0.506712 0.510151 0.513399 0.512809 0.504752 0.521433 0.512275 0.513642 0.500465 0.49765 0.509378 0.50805 0.518695 0.514267 0.530647 5.889846e-02 0.471
N:27 Run:0 0.396326 0.478354 0.484746 0.465813 0.445604 0.427313 0.433134 0.39246 0.408482 0.398582 0.373928 0.397725 0.403177 0.450862 0.472872 0.493753 0.496778 0.498459 0.522358 0.51127 0.506447 5.900144e-02 0.522
N:27 Run:1 0.485494 0.499156 0.519823 0.507144 0.513831 0.51124 0.510641 0.510714 0.506396 0.503116 0.492481 0.526118 0.523502 0.524762 0.524913 0.523543 0.511022 0.510483 0.519558 0.512346 0.510745 5.900144e-02 0.522
N:27 Run:2 0.502763 0.498441 0.50722 0.517355 0.536509 0.528875 0.506712 0.510151 0.513399 0.512809 0.504752 0.521433 0.524091 0.519698 0.515311 0.517552 0.515604 0.52178 0.531475 0.50549 0.526158 5.900144e-02 0.522
N:27 Run:3 0.514332 0.514268 0.415087 0.335943 0.255836 0.242269 0.248822 0.263651 0.249446 0.249777 0.312388 0.302701 0.447277 0.50144 0.519154 0.518271 0.536107 0.526797 0.537625 0.525688 0.525631 5.900144e-02 0.522
N:27 Run:4 0.425025 0.483433 0.515526 0.507008 0.518565 0.521454 0.517331 0.512952 0.516024 0.516302 0.510664 0.504315 0.527161 0.522303 0.516719 0.495728 0.504435 0.518355 0.533283 0.531942 0.514473 5.900144e-02 0.522
N:27 Run:5 0.407404 0.482497 0.506729 0.517602 0.52287 0.523715 0.539078 0.540681 0.517988 0.534606 0.501924 0.494887 0.512637 0.517253 0.504423 0.513435 0.503976 0.511733 0.510724 0.50522 0.520293 5.900144e-02 0.522
N:27 Run:6 0.592956 0.541051 0.522643 0.524421 0.518318 0.526132 0.504208 0.496584 0.495545 0.505241 0.500552 0.516449 0.498411 0.505039 0.495884 0.515082 0.509125 0.497552 0.518597 0.514605 0.509871 5.900144e-02 0.522
N:27 Run:7 0.440771 0.517723 0.511865 0.497475 0.499702 0.508273 0.502703 0.486827 0.46566 0.462186 0.488188 0.479277 0.487297 0.486756 0.502467 0.501387 0.513313 0.510234 0.505203 0.52502 0.521527 5.900144e-02 0.522
N:27 Run:8 0.514349 0.524979 0.526989 0.503907 0.492139 0.495187 0.484807 0.462136 0.458192 0.446102 0.459368 0.466468 0.441042 0.472854 0.489105 0.510169 0.51111 0.489299 0.484889 0.491984 0.489603 5.900144e-02 0.522
N:27 Run:9 0.502763 0.498441 0.50722 0.517355 0.536509 0.528875 0.506712 0.510151 0.513399 0.512809 0.504752 0.521433 0.512275 0.513642 0.500465 0.49765 0.509378 0.50805 0.518695 0.514267 0.530647 5.900144e-02 0.522
N:28 Run:0 0.396326 0.478354 0.484746 0.465813 0.445604 0.427313 0.433134 0.39246 0.408482 0.398582 0.373928 0.397725 0.403177 0.450862 0.472872 0.493753 0.496778 0.498459 0.522358 0.51127 0.506447 5.889638e-02 0.524
N:28 Run:1 0.485494 0.499156 0.519823 0.507144 0.513831 0.51124 0.510641 0.510714 0.506396 0.503116 0.492481 0.526118 0.523502 0.524762 0.524913 0.523543 0.511022 0.510483 0.519558 0.512346 0.510745 5.889638e-02 0.524
N:28 Run:2 0.502763 0.498441 0.50722 0.517355 0.536509 0.528875 0.506712 0.510151 0.513399 0.512809 0.504752 0.521433 0.524091 0.519698 0.515311 0.517552 0.515604 0.52178 0.531475 0.50549 0.526158 5.889638e-02 0.524
N:28 Run:3 0.514332 0.514268 0.415087 0.335943 0.255836 0.242269 0.248822 0.263651 0.249446 0.249777 0.312388 0.302701 0.447277 0.50144 0.519154 0.518271 0.536107 0.526797 0.537625 0.525688 0.525631 5.889638e-02 0.524
N:28 Run:4 0.425025 0.483433 0.515526 0.507008 0.518565 0.521454 0.517331 0.512952 0.516024 0.516302 0.510664 0.504315 0.527161 0.522303 0.516719 0.495728 0.504435 0.518355 0.533283 0.531942 0.514473 5.889638e-02 0.524
N:28 Run:5 0.407404 0.482497 0.506729 0.517602 0.52287 0.523715 0.539078 0.540681 0.517988 0.534606 0.501924 0.494887 0.512637 0.517253 0.504423 0.513435 0.503976 0.511733 0.510724 0.50522 0.520293 5.889638e-02 0.524
N:28 Run:6 0.592956 0.541051 0.522643 0.524421 0.518318 0.526132 0.504208 0.496584 0.495545 0.505241 0.500552 0.516449 0.498411 0.505039 0.495884 0.515082 0.509125 0.497552 0.518597 0.514605 0.509871 5.889638e-02 0.524
N:28 Run:7 0.440771 0.517723 0.511865 0.497475 0.499702 0.508273 0.502703 0.486827 0.46566 0.462186 0.488188 0.479277 0.487297 0.486756 0.502467 0.501387 0.513313 0.510234 0.505203 0.52502 0.521527 5.889638e-02 0.524
N:28 Run:8 0.514349 0.524979 0.526989 0.503907 0.492139 0.495187 0.484807 0.462136 0.458192 0.446102 0.459368 0.466468 0.441042 0.472854 0.489105 0.510169 0.51111 0.489299 0.484889 0.491984 0.489603 5.889638e-02 0.524
N:28 Run:9 0.502763 0.498441 0.50722 0.517355 0.536509 0.528875 0.506712 0.510151 0.513399 0.512809 0.504752 0.521433 0.512275 0.513642 0.500465 0.49765 0.509378 0.50805 0.518695 0.514267 0.530647 5.889638e-02 0.524
N:29 Run:0 0.396326 0.478354 0.484746 0.465813 0.445604 0.427313 0.433134 0.39246 0.408482 0.398582 0.373928 0.397725 0.403177 0.450862 0.472872 0.493753 0.496778 0.498459 0.522358 0.51127 0.506447 5.895010e-02 0.542
N:29 Run:1 0.485494 0.499156 0.519823 0.507144 0.513831 0.51124 0.510641 0.510714 0.506396 0.503116 0.492481 0.526118 0.523502 0.524762 0.524913 0.523543 0.511022 0.510483 0.519558 0.512346 0.510745 5.895010e-02 0.542
N:29 Run:2 0.502763 0.498441 0.50722 0.517355 0.536509 0.528875 0.506712 0.510151 0.513399 0.512809 0.504752 0.521433 0.524091 0.519698 0.515311 0.517552 0.515604 0.52178 0.531475 0.50549 0.526158 5.895010e-02 0.542
N:29 Run:3 0.514332 0.514268 0.415087 0.335943 0.255836 0.242269 0.248822 0.263651 0.249446 0.249777 0.312388 0.302701 0.447277 0.50144 0.519154 0.518271 0.536107 0.526797 0.537625 0.525688 0.525631 5.895010e-02 0.542
N:29 Run:4 0.425025 0.483433 0.515526 0.507008 0.518565 0.521454 0.517331 0.512952 0.516024 0.516302 0.510664 0.504315 0.527161 0.522303 0.516719 0.495728 0.504435 0.518355 0.533283 0.531942 0.514473 5.895010e-02 0.542
N:29 Run:5 0.407404 0.482497 0.506729 0.517602 0.52287 0.523715 0.539078 0.540681 0.517988 0.534606 0.501924 0.494887 0.512637 0.517253 0.504423 0.513435 0.503976 0.511733 0.510724 0.50522 0.520293 5.895010e-02 0.542
N:29 Run:6 0.592956 0.541051 0.522643 0.524421 0.518318 0.526132 0.504208 0.496584 0.495545 0.505241 0.500552 0.516449 0.498411 0.505039 0.495884 0.515082 0.509125 0.497552 0.518597 0.514605 0.509871 5.895010e-02 0.542
N:29 Run:7 0.440771 0.517723 0.511865 0.497475 0.499702 0.508273 0.502703 0.486827 0.46566 0.462186 0.488188 0.479277 0.487297 0.486756 0.502467 0.501387 0.513313 0.510234 0.505203 0.52502 0.521527 5.895010e-02 0.542
N:29 Run:8 0.514349 0.524979 0.526989 0.503907 0.492139 0.495187 0.484807 0.462136 0.458192 0.446102 0.459368 0.466468 0.441042 0.472854 0.489105 0.510169 0.51111 0.489299 0.484889 0.491984 0.489603 5.895010e-02 0.542
N:29 Run:9 0.502763 0.498441 0.50722 0.517355 0.536509 0.528875 0.506712 0.510151 0.513399 0.512809 0.504752 0.521433 0.512275 0.513642 0.500465 0.49765 0.509378 0.50805 0.518695 0.514267 0.530647 5.895010e-02 0.542
