   0    0    0    420 3.290713e-01 0.763
   0   32  100  42420 1.666534e-01 0.807
   0   32  200  84420 1.666167e-01 0.810
   0    1  300 126420 1.572029e-01 0.810
   0    0  400 168420 1.511620e-01 0.811
   0    3  500 210420 1.463655e-01 0.815
   0    9  600 252420 1.455048e-01 0.819
   0   17  700 294420 1.453418e-01 0.822
   0    2  800 336420 1.443062e-01 0.822
   0   35  900 378420 1.438944e-01 0.822
   0   51 1000 420420 1.436230e-01 0.822
   1    0    0    420 2.524383e-01 0.752
   1   27  100  42420 1.715952e-01 0.802
   1   45  200  84420 1.664629e-01 0.807
   1    5  300 126420 1.652024e-01 0.807
   1   40  400 168420 1.649775e-01 0.807
   1   39  500 210420 1.649432e-01 0.807
   1   18  600 252420 1.649393e-01 0.809
   1    3  700 294420 1.647837e-01 0.809
   1   19  800 336420 1.632740e-01 0.809
   1    0  900 378420 1.538944e-01 0.811
   1    3 1000 420420 1.468261e-01 0.818
   2    0    0    420 2.545509e-01 0.778
   2    4  100  42420 1.675324e-01 0.810
   2    3  200  84420 1.639100e-01 0.810
   2   36  300 126420 1.629644e-01 0.817
   2    0  400 168420 1.627981e-01 0.817
   2   53  500 210420 1.620521e-01 0.817
   2   10  600 252420 1.620462e-01 0.817
   2    6  700 294420 1.459327e-01 0.819
   2    5  800 336420 1.455347e-01 0.819
   2    5  900 378420 1.452947e-01 0.820
   2   24 1000 420420 1.446978e-01 0.820
   3    0    0    420 2.829662e-01 0.776
   3   26  100  42420 1.558039e-01 0.817
   3    6  200  84420 1.555183e-01 0.817
   3   30  300 126420 1.554843e-01 0.817
   3   18  400 168420 1.553607e-01 0.817
   3    0  500 210420 1.478925e-01 0.817
   3   22  600 252420 1.460503e-01 0.817
   3    6  700 294420 1.459486e-01 0.817
   3    1  800 336420 1.458121e-01 0.817
   3   14  900 378420 1.453098e-01 0.817
   3   12 1000 420420 1.452485e-01 0.818
   4    0    0    420 2.908442e-01 0.761
   4    0  100  42420 1.550158e-01 0.812
   4   15  200  84420 1.549619e-01 0.815
   4    6  300 126420 1.541472e-01 0.817
   4   63  400 168420 1.540384e-01 0.817
   4    0  500 210420 1.532929e-01 0.818
   4   10  600 252420 1.527575e-01 0.818
   4    5  700 294420 1.525478e-01 0.818
   4    4  800 336420 1.525451e-01 0.819
   4   44  900 378420 1.523942e-01 0.819
   4    2 1000 420420 1.518965e-01 0.819
   5    0    0    420 1.975600e-01 0.762
   5    2  100  42420 1.591486e-01 0.814
   5   16  200  84420 1.508894e-01 0.818
   5   59  300 126420 1.463470e-01 0.818
   5   24  400 168420 1.462835e-01 0.820
   5  124  500 210420 1.462835e-01 0.822
   5    7  600 252420 1.456791e-01 0.822
   5   41  700 294420 1.451152e-01 0.824
   5   12  800 336420 1.442254e-01 0.831
   5   16  900 378420 1.441367e-01 0.831
   5   37 1000 420420 1.441202e-01 0.831
   6    0    0    420 2.366023e-01 0.756
   6   26  100  42420 1.741502e-01 0.806
   6    2  200  84420 1.512604e-01 0.818
   6   19  300 126420 1.457093e-01 0.818
   6    1  400 168420 1.452963e-01 0.819
   6   24  500 210420 1.452823e-01 0.819
   6   95  600 252420 1.452782e-01 0.819
   6   50  700 294420 1.452777e-01 0.819
   6   46  800 336420 1.452631e-01 0.819
   6    1  900 378420 1.446204e-01 0.819
   6   39 1000 420420 1.444286e-01 0.819
   7    0    0    420 2.105904e-01 0.795
   7   15  100  42420 1.702803e-01 0.801
   7    7  200  84420 1.495283e-01 0.822
   7    2  300 126420 1.468024e-01 0.822
   7   16  400 168420 1.461658e-01 0.822
   7   13  500 210420 1.461186e-01 0.822
   7   37  600 252420 1.459895e-01 0.822
   7    5  700 294420 1.457961e-01 0.822
   7   53  800 336420 1.456647e-01 0.822
   7   18  900 378420 1.449074e-01 0.822
   7   26 1000 420420 1.445906e-01 0.822
   8    0    0    420 2.383215e-01 0.766
   8    2  100  42420 1.642328e-01 0.808
   8    8  200  84420 1.638124e-01 0.808
   8    1  300 126420 1.498716e-01 0.808
   8    7  400 168420 1.492444e-01 0.813
   8   27  500 210420 1.491900e-01 0.813
   8   49  600 252420 1.477434e-01 0.813
   8    1  700 294420 1.474201e-01 0.814
   8   15  800 336420 1.446745e-01 0.817
   8   88  900 378420 1.446726e-01 0.817
   8    0 1000 420420 1.443707e-01 0.817
   9    0    0    420 2.127689e-01 0.801
   9   27  100  42420 1.753905e-01 0.802
   9    1  200  84420 1.753765e-01 0.807
   9   18  300 126420 1.666807e-01 0.812
   9    2  400 168420 1.529855e-01 0.817
   9    7  500 210420 1.517998e-01 0.818
   9   20  600 252420 1.515930e-01 0.818
   9   13  700 294420 1.515404e-01 0.818
   9   15  800 336420 1.515349e-01 0.818
   9   76  900 378420 1.513160e-01 0.818
   9   21 1000 420420 1.513078e-01 0.818
  10    0    0    420 2.184213e-01 0.776
  10    6  100  42420 1.731089e-01 0.804
  10    3  200  84420 1.730356e-01 0.807
  10    0  300 126420 1.649099e-01 0.807
  10    6  400 168420 1.603600e-01 0.813
  10   40  500 210420 1.603370e-01 0.813
  10    2  600 252420 1.595887e-01 0.814
  10    4  700 294420 1.573158e-01 0.816
  10    5  800 336420 1.568018e-01 0.816
  10    4  900 378420 1.557395e-01 0.816
  10    1 1000 420420 1.524777e-01 0.816
  11    0    0    420 2.412350e-01 0.772
  11    0  100  42420 1.531570e-01 0.813
  11   15  200  84420 1.524935e-01 0.814
  11    0  300 126420 1.518055e-01 0.814
  11   35  400 168420 1.516996e-01 0.814
  11   14  500 210420 1.511126e-01 0.814
  11    7  600 252420 1.505683e-01 0.817
  11   12  700 294420 1.502844e-01 0.817
  11    5  800 336420 1.464116e-01 0.817
  11    1  900 378420 1.459352e-01 0.817
  11    8 1000 420420 1.456179e-01 0.817
  12    0    0    420 2.467404e-01 0.791
  12   57  100  42420 1.585988e-01 0.816
  12    9  200  84420 1.585655e-01 0.818
  12   21  300 126420 1.543037e-01 0.818
  12    7  400 168420 1.528860e-01 0.818
  12    5  500 210420 1.527169e-01 0.818
  12    1  600 252420 1.524147e-01 0.818
  12    1  700 294420 1.456960e-01 0.818
  12   40  800 336420 1.456901e-01 0.818
  12   20  900 378420 1.452937e-01 0.818
  12   25 1000 420420 1.441175e-01 0.819
  13    0    0    420 2.404833e-01 0.760
  13   68  100  42420 1.744009e-01 0.801
  13   28  200  84420 1.682412e-01 0.807
  13    2  300 126420 1.577964e-01 0.813
  13    4  400 168420 1.509978e-01 0.815
  13   16  500 210420 1.508739e-01 0.816
  13    8  600 252420 1.508589e-01 0.816
  13   64  700 294420 1.508566e-01 0.816
  13    4  800 336420 1.508490e-01 0.816
  13   81  900 378420 1.508316e-01 0.816
  13    7 1000 420420 1.508147e-01 0.817
  14    0    0    420 2.157572e-01 0.752
  14    8  100  42420 1.658349e-01 0.805
  14   35  200  84420 1.631557e-01 0.809
  14   29  300 126420 1.494584e-01 0.815
  14   31  400 168420 1.494260e-01 0.816
  14    9  500 210420 1.484869e-01 0.816
  14    0  600 252420 1.483879e-01 0.816
  14    9  700 294420 1.457767e-01 0.817
  14    3  800 336420 1.448888e-01 0.819
  14   14  900 378420 1.446526e-01 0.819
  14   51 1000 420420 1.445708e-01 0.820
  15    0    0    420 2.435874e-01 0.756
  15   20  100  42420 1.527737e-01 0.816
  15  120  200  84420 1.527737e-01 0.817
  15    6  300 126420 1.522941e-01 0.817
  15   26  400 168420 1.520173e-01 0.817
  15    0  500 210420 1.519402e-01 0.817
  15   36  600 252420 1.519242e-01 0.817
  15    4  700 294420 1.519236e-01 0.817
  15   87  800 336420 1.519231e-01 0.817
  15    5  900 378420 1.518815e-01 0.817
  15   35 1000 420420 1.517113e-01 0.817
  16    0    0    420 2.067564e-01 0.755
  16    0  100  42420 1.597707e-01 0.809
  16    9  200  84420 1.593706e-01 0.809
  16    4  300 126420 1.573703e-01 0.809
  16   27  400 168420 1.452433e-01 0.817
  16   62  500 210420 1.452005e-01 0.818
  16   43  600 252420 1.451966e-01 0.818
  16   19  700 294420 1.451934e-01 0.818
  16    1  800 336420 1.450731e-01 0.818
  16   38  900 378420 1.449454e-01 0.818
  16    1 1000 420420 1.446352e-01 0.818
  17    0    0    420 2.000343e-01 0.770
  17   50  100  42420 1.736486e-01 0.798
  17   85  200  84420 1.736089e-01 0.806
  17    0  300 126420 1.565509e-01 0.812
  17   14  400 168420 1.563027e-01 0.814
  17    9  500 210420 1.559344e-01 0.814
  17   23  600 252420 1.554830e-01 0.814
  17    9  700 294420 1.538702e-01 0.817
  17    6  800 336420 1.526423e-01 0.817
  17   17  900 378420 1.525291e-01 0.817
  17    7 1000 420420 1.525116e-01 0.817
  18    0    0    420 1.942934e-01 0.787
  18    2  100  42420 1.735708e-01 0.805
  18    9  200  84420 1.657743e-01 0.805
  18   25  300 126420 1.656791e-01 0.808
  18   67  400 168420 1.656434e-01 0.808
  18    9  500 210420 1.615423e-01 0.808
  18    4  600 252420 1.615090e-01 0.808
  18    0  700 294420 1.614356e-01 0.808
  18   80  800 336420 1.614281e-01 0.808
  18   16  900 378420 1.594693e-01 0.808
  18    8 1000 420420 1.591528e-01 0.808
  19    0    0    420 2.341303e-01 0.774
  19    6  100  42420 1.650164e-01 0.816
  19   33  200  84420 1.594444e-01 0.816
  19   33  300 126420 1.594373e-01 0.816
  19    1  400 168420 1.578409e-01 0.816
  19    0  500 210420 1.559175e-01 0.817
  19    2  600 252420 1.538374e-01 0.818
  19   15  700 294420 1.524646e-01 0.819
  19   22  800 336420 1.523091e-01 0.819
  19   16  900 378420 1.523075e-01 0.819
  19    0 1000 420420 1.519833e-01 0.819
  20    0    0    420 2.709452e-01 0.769
  20    0  100  42420 1.661688e-01 0.817
  20   17  200  84420 1.657618e-01 0.817
  20    4  300 126420 1.572760e-01 0.817
  20    9  400 168420 1.523156e-01 0.817
  20    2  500 210420 1.502071e-01 0.817
  20    8  600 252420 1.478773e-01 0.817
  20   37  700 294420 1.475428e-01 0.818
  20   22  800 336420 1.461503e-01 0.818
  20    2  900 378420 1.452466e-01 0.818
  20    8 1000 420420 1.450334e-01 0.818
  21    0    0    420 1.758762e-01 0.777
  21   47  100  42420 1.660111e-01 0.818
  21    4  200  84420 1.629779e-01 0.818
  21    4  300 126420 1.558703e-01 0.818
  21   32  400 168420 1.471253e-01 0.818
  21   13  500 210420 1.466852e-01 0.818
  21    6  600 252420 1.465262e-01 0.818
  21   22  700 294420 1.464874e-01 0.818
  21    0  800 336420 1.456736e-01 0.818
  21    9  900 378420 1.446958e-01 0.819
  21   23 1000 420420 1.443783e-01 0.819
  22    0    0    420 2.986629e-01 0.750
  22   25  100  42420 1.572102e-01 0.816
  22    5  200  84420 1.572097e-01 0.816
  22  105  300 126420 1.572097e-01 0.816
  22    4  400 168420 1.542387e-01 0.816
  22    2  500 210420 1.478510e-01 0.816
  22   51  600 252420 1.447491e-01 0.819
  22    6  700 294420 1.445822e-01 0.819
  22   29  800 336420 1.441145e-01 0.819
  22   19  900 378420 1.441124e-01 0.820
  22    3 1000 420420 1.440659e-01 0.820
  23    0    0    420 2.154648e-01 0.763
  23    3  100  42420 1.579211e-01 0.810
  23   40  200  84420 1.506047e-01 0.817
  23    3  300 126420 1.482445e-01 0.820
  23    1  400 168420 1.472102e-01 0.820
  23    3  500 210420 1.464309e-01 0.820
  23   12  600 252420 1.463370e-01 0.820
  23    4  700 294420 1.462418e-01 0.820
  23   28  800 336420 1.448441e-01 0.820
  23   10  900 378420 1.448358e-01 0.820
  23   69 1000 420420 1.442254e-01 0.820
  24    0    0    420 2.198082e-01 0.771
  24    3  100  42420 1.518923e-01 0.807
  24   39  200  84420 1.507799e-01 0.820
  24    3  300 126420 1.487762e-01 0.820
  24   20  400 168420 1.486136e-01 0.820
  24    1  500 210420 1.468240e-01 0.820
  24    2  600 252420 1.462903e-01 0.820
  24   12  700 294420 1.460989e-01 0.820
  24   16  800 336420 1.444863e-01 0.820
  24   35  900 378420 1.444431e-01 0.820
  24   22 1000 420420 1.443817e-01 0.820
  25    0    0    420 2.331597e-01 0.786
  25    6  100  42420 1.634622e-01 0.803
  25   50  200  84420 1.634121e-01 0.803
  25   10  300 126420 1.631630e-01 0.803
  25    3  400 168420 1.624448e-01 0.803
  25   10  500 210420 1.614389e-01 0.803
  25    2  600 252420 1.613419e-01 0.811
  25    8  700 294420 1.613402e-01 0.812
  25    1  800 336420 1.585777e-01 0.812
  25    0  900 378420 1.523419e-01 0.814
  25    5 1000 420420 1.443339e-01 0.818
  26    0    0    420 2.044689e-01 0.773
  26   28  100  42420 1.569098e-01 0.806
  26   78  200  84420 1.568272e-01 0.806
  26   11  300 126420 1.566100e-01 0.810
  26   28  400 168420 1.563821e-01 0.810
  26   52  500 210420 1.563804e-01 0.810
  26    5  600 252420 1.563711e-01 0.812
  26    5  700 294420 1.561181e-01 0.818
  26    2  800 336420 1.548439e-01 0.818
  26    5  900 378420 1.543869e-01 0.818
  26    5 1000 420420 1.538379e-01 0.818
  27    0    0    420 2.055619e-01 0.798
  27   16  100  42420 1.722757e-01 0.800
  27  116  200  84420 1.722757e-01 0.810
  27   16  300 126420 1.576611e-01 0.810
  27   36  400 168420 1.574821e-01 0.812
  27    3  500 210420 1.574819e-01 0.812
  27   16  600 252420 1.539984e-01 0.812
  27   45  700 294420 1.539576e-01 0.812
  27   38  800 336420 1.538923e-01 0.812
  27   61  900 378420 1.525711e-01 0.817
  27   12 1000 420420 1.522551e-01 0.817
  28    0    0    420 2.361055e-01 0.770
  28    1  100  42420 1.696474e-01 0.809
  28    0  200  84420 1.629530e-01 0.809
  28    6  300 126420 1.550888e-01 0.809
  28   18  400 168420 1.548205e-01 0.816
  28   14  500 210420 1.547395e-01 0.816
  28   11  600 252420 1.545155e-01 0.816
  28   14  700 294420 1.516537e-01 0.816
  28   36  800 336420 1.516364e-01 0.816
  28   31  900 378420 1.516360e-01 0.816
  28  131 1000 420420 1.516360e-01 0.817
  29    0    0    420 4.417385e-01 0.763
  29   15  100  42420 1.755155e-01 0.802
  29    0  200  84420 1.721337e-01 0.803
  29    1  300 126420 1.693337e-01 0.803
  29    0  400 168420 1.526842e-01 0.816
  29    4  500 210420 1.521868e-01 0.816
  29    8  600 252420 1.519824e-01 0.817
  29   20  700 294420 1.516715e-01 0.818
  29   39  800 336420 1.516100e-01 0.818
  29    0  900 378420 1.515686e-01 0.818
  29    5 1000 420420 1.510026e-01 0.818
