   0    0    0   1540 2.212845e-01 0.449
   0    2  100 155540 1.353749e-01 0.663
   0    9  200 309540 1.245738e-01 0.664
   0    3  300 463540 1.229600e-01 0.664
   0    2  400 617540 1.034052e-01 0.664
   0    1  500 771540 9.847551e-02 0.664
   0    4  600 925540 9.776229e-02 0.664
   0    0  700 1079540 9.726085e-02 0.664
   0    5  800 1233540 9.708205e-02 0.664
   0    3  900 1387540 9.668032e-02 0.664
   0    0 1000 1541540 9.626754e-02 0.664
   1    0    0   1540 2.307425e-01 0.432
   1   17  100 155540 1.407819e-01 0.663
   1    0  200 309540 1.405745e-01 0.663
   1   27  300 463540 1.395289e-01 0.663
   1    1  400 617540 1.111992e-01 0.683
   1    3  500 771540 1.088885e-01 0.683
   1   26  600 925540 1.088676e-01 0.683
   1    1  700 1079540 1.087516e-01 0.683
   1   10  800 1233540 1.087466e-01 0.683
   1   16  900 1387540 1.087366e-01 0.683
   1    3 1000 1541540 1.087261e-01 0.683
   2    0    0   1540 2.097063e-01 0.405
   2    1  100 155540 1.095687e-01 0.567
   2    2  200 309540 1.077637e-01 0.567
   2    3  300 463540 1.046865e-01 0.589
   2    1  400 617540 1.024619e-01 0.589
   2   25  500 771540 1.021813e-01 0.589
   2    1  600 925540 1.019264e-01 0.589
   2    2  700 1079540 1.011356e-01 0.589
   2   15  800 1233540 1.009601e-01 0.589
   2    8  900 1387540 1.009271e-01 0.589
   2    4 1000 1541540 1.008982e-01 0.600
   3    0    0   1540 2.370039e-01 0.426
   3    1  100 155540 1.537912e-01 0.567
   3    2  200 309540 1.489537e-01 0.567
   3    1  300 463540 1.489164e-01 0.576
   3    9  400 617540 1.483557e-01 0.576
   3    6  500 771540 1.483390e-01 0.672
   3   12  600 925540 1.483337e-01 0.672
   3   49  700 1079540 1.483246e-01 0.672
   3    2  800 1233540 1.482577e-01 0.672
   3    0  900 1387540 1.481602e-01 0.672
   3   15 1000 1541540 1.480928e-01 0.672
   4    0    0   1540 2.689557e-01 0.393
   4    7  100 155540 1.084170e-01 0.619
   4    3  200 309540 1.080293e-01 0.619
   4    0  300 463540 1.077080e-01 0.619
   4    7  400 617540 1.073215e-01 0.619
   4   26  500 771540 1.060175e-01 0.619
   4   30  600 925540 1.058932e-01 0.619
   4    4  700 1079540 1.058496e-01 0.639
   4   20  800 1233540 1.058493e-01 0.639
   4    0  900 1387540 9.269697e-02 0.639
   4    1 1000 1541540 8.811910e-02 0.639
   5    0    0   1540 2.173170e-01 0.468
   5    2  100 155540 1.140009e-01 0.561
   5   73  200 309540 1.078174e-01 0.561
   5    4  300 463540 1.065514e-01 0.561
   5   10  400 617540 1.059779e-01 0.561
   5    1  500 771540 1.055291e-01 0.613
   5   41  600 925540 1.054786e-01 0.613
   5   23  700 1079540 1.054418e-01 0.628
   5    0  800 1233540 1.054358e-01 0.628
   5    0  900 1387540 1.054099e-01 0.628
   5    7 1000 1541540 1.053907e-01 0.628
   6    0    0   1540 2.356465e-01 0.385
   6    6  100 155540 1.298327e-01 0.545
   6    2  200 309540 1.296024e-01 0.555
   6    1  300 463540 1.284317e-01 0.555
   6    2  400 617540 1.282851e-01 0.555
   6    0  500 771540 1.081483e-01 0.555
   6    1  600 925540 9.314010e-02 0.565
   6    5  700 1079540 9.249977e-02 0.565
   6    5  800 1233540 9.220353e-02 0.565
   6   12  900 1387540 9.198968e-02 0.567
   6   30 1000 1541540 9.198872e-02 0.567
   7    0    0   1540 2.122300e-01 0.489
   7    0  100 155540 1.529612e-01 0.530
   7   18  200 309540 1.527647e-01 0.530
   7   19  300 463540 1.527634e-01 0.530
   7   11  400 617540 1.527491e-01 0.530
   7  111  500 771540 1.527491e-01 0.540
   7  211  600 925540 1.527491e-01 0.540
   7    3  700 1079540 1.527322e-01 0.540
   7    1  800 1233540 1.213678e-01 0.543
   7    1  900 1387540 1.085379e-01 0.593
   7   20 1000 1541540 1.084506e-01 0.593
   8    0    0   1540 2.436636e-01 0.463
   8    9  100 155540 1.085277e-01 0.546
   8    1  200 309540 1.076366e-01 0.546
   8   13  300 463540 1.060077e-01 0.546
   8    4  400 617540 1.051706e-01 0.578
   8    2  500 771540 1.047628e-01 0.655
   8    9  600 925540 1.023442e-01 0.655
   8   15  700 1079540 1.018198e-01 0.655
   8   64  800 1233540 1.018182e-01 0.655
   8    3  900 1387540 1.018127e-01 0.655
   8    9 1000 1541540 1.017828e-01 0.655
   9    0    0   1540 2.284066e-01 0.516
   9    5  100 155540 1.065445e-01 0.565
   9    3  200 309540 1.050439e-01 0.565
   9    9  300 463540 1.045988e-01 0.565
   9    3  400 617540 1.044438e-01 0.565
   9   13  500 771540 1.038601e-01 0.565
   9   21  600 925540 1.037824e-01 0.565
   9   15  700 1079540 1.034785e-01 0.565
   9    0  800 1233540 1.031989e-01 0.574
   9    6  900 1387540 1.026876e-01 0.574
   9   28 1000 1541540 1.026483e-01 0.580
  10    0    0   1540 2.447467e-01 0.379
  10    3  100 155540 1.431405e-01 0.543
  10    0  200 309540 1.418218e-01 0.625
  10    1  300 463540 1.271149e-01 0.625
  10    5  400 617540 1.213859e-01 0.625
  10    2  500 771540 1.074304e-01 0.648
  10    1  600 925540 1.067098e-01 0.648
  10    0  700 1079540 9.299251e-02 0.648
  10    1  800 1233540 9.253154e-02 0.648
  10    3  900 1387540 9.236233e-02 0.676
  10   22 1000 1541540 9.203952e-02 0.676
  11    0    0   1540 2.143399e-01 0.560
  11   18  100 155540 1.092647e-01 0.613
  11    0  200 309540 1.092165e-01 0.613
  11    1  300 463540 1.085882e-01 0.641
  11    0  400 617540 1.073534e-01 0.641
  11    2  500 771540 1.069651e-01 0.641
  11    1  600 925540 1.069068e-01 0.641
  11    1  700 1079540 1.068343e-01 0.641
  11    4  800 1233540 1.068059e-01 0.641
  11   29  900 1387540 1.067952e-01 0.641
  11    1 1000 1541540 1.067480e-01 0.641
  12    0    0   1540 2.298990e-01 0.505
  12    0  100 155540 1.431566e-01 0.624
  12    1  200 309540 1.241280e-01 0.624
  12   31  300 463540 1.234775e-01 0.624
  12   11  400 617540 1.228406e-01 0.624
  12   21  500 771540 1.227660e-01 0.624
  12    3  600 925540 1.222974e-01 0.624
  12   41  700 1079540 1.222142e-01 0.624
  12    0  800 1233540 1.190770e-01 0.624
  12    0  900 1387540 1.178837e-01 0.624
  12    2 1000 1541540 1.169820e-01 0.624
  13    0    0   1540 2.382450e-01 0.445
  13    4  100 155540 1.159316e-01 0.635
  13    7  200 309540 1.091508e-01 0.635
  13   30  300 463540 1.090172e-01 0.638
  13    3  400 617540 1.089818e-01 0.638
  13  103  500 771540 1.089818e-01 0.638
  13   26  600 925540 1.089716e-01 0.638
  13   32  700 1079540 1.089690e-01 0.638
  13    1  800 1233540 1.089676e-01 0.638
  13    5  900 1387540 1.089054e-01 0.645
  13    1 1000 1541540 1.088252e-01 0.645
  14    0    0   1540 2.126373e-01 0.518
  14   21  100 155540 1.397974e-01 0.609
  14    4  200 309540 1.183691e-01 0.663
  14    4  300 463540 1.169559e-01 0.663
  14   13  400 617540 1.165757e-01 0.663
  14    2  500 771540 1.065846e-01 0.663
  14   11  600 925540 1.058536e-01 0.663
  14    5  700 1079540 1.055356e-01 0.663
  14    4  800 1233540 1.054277e-01 0.663
  14   18  900 1387540 1.052009e-01 0.663
  14    0 1000 1541540 1.037226e-01 0.663
  15    0    0   1540 2.411891e-01 0.399
  15   15  100 155540 1.270523e-01 0.570
  15    3  200 309540 1.268301e-01 0.570
  15    4  300 463540 1.266026e-01 0.570
  15   11  400 617540 1.120983e-01 0.570
  15    0  500 771540 1.104288e-01 0.570
  15    3  600 925540 1.101220e-01 0.585
  15    0  700 1079540 1.101100e-01 0.585
  15    4  800 1233540 1.100502e-01 0.585
  15   12  900 1387540 1.100472e-01 0.593
  15    7 1000 1541540 1.098864e-01 0.593
  16    0    0   1540 1.963499e-01 0.457
  16    0  100 155540 9.872643e-02 0.552
  16   15  200 309540 9.575164e-02 0.552
  16   12  300 463540 9.551449e-02 0.569
  16   12  400 617540 9.545286e-02 0.569
  16   33  500 771540 9.423956e-02 0.569
  16    0  600 925540 9.380469e-02 0.569
  16    3  700 1079540 9.361098e-02 0.569
  16    1  800 1233540 9.347901e-02 0.620
  16    0  900 1387540 9.306571e-02 0.620
  16   24 1000 1541540 9.233096e-02 0.620
  17    0    0   1540 2.185546e-01 0.422
  17   20  100 155540 1.172281e-01 0.552
  17   35  200 309540 1.170437e-01 0.568
  17    8  300 463540 1.166348e-01 0.568
  17    1  400 617540 1.162507e-01 0.568
  17   20  500 771540 1.162350e-01 0.568
  17    5  600 925540 1.159999e-01 0.568
  17    0  700 1079540 1.061211e-01 0.568
  17    2  800 1233540 1.029991e-01 0.629
  17   11  900 1387540 1.009277e-01 0.629
  17    0 1000 1541540 1.009114e-01 0.652
  18    0    0   1540 2.363405e-01 0.375
  18    5  100 155540 1.336813e-01 0.523
  18   12  200 309540 1.330412e-01 0.543
  18    2  300 463540 1.108116e-01 0.610
  18    2  400 617540 1.093859e-01 0.610
  18    0  500 771540 1.062685e-01 0.610
  18    7  600 925540 1.058545e-01 0.610
  18   23  700 1079540 1.058493e-01 0.610
  18   32  800 1233540 1.058436e-01 0.628
  18   12  900 1387540 1.058428e-01 0.655
  18    5 1000 1541540 1.057233e-01 0.655
  19    0    0   1540 2.036865e-01 0.418
  19   25  100 155540 9.260378e-02 0.651
  19   26  200 309540 9.238851e-02 0.651
  19   21  300 463540 9.233073e-02 0.651
  19    0  400 617540 9.226155e-02 0.651
  19    2  500 771540 9.210453e-02 0.651
  19   20  600 925540 9.187758e-02 0.651
  19   41  700 1079540 9.187608e-02 0.651
  19   15  800 1233540 9.183627e-02 0.651
  19    4  900 1387540 9.182851e-02 0.651
  19    5 1000 1541540 9.179998e-02 0.651
  20    0    0   1540 2.322652e-01 0.394
  20    1  100 155540 9.659064e-02 0.606
  20   34  200 309540 9.610346e-02 0.606
  20    3  300 463540 9.456505e-02 0.606
  20   27  400 617540 9.455882e-02 0.606
  20   20  500 771540 9.453452e-02 0.670
  20    1  600 925540 9.401779e-02 0.670
  20   15  700 1079540 9.374323e-02 0.670
  20    4  800 1233540 9.369339e-02 0.670
  20    0  900 1387540 9.354365e-02 0.670
  20    2 1000 1541540 9.204832e-02 0.670
  21    0    0   1540 2.323046e-01 0.506
  21    3  100 155540 9.239200e-02 0.626
  21   58  200 309540 9.238463e-02 0.626
  21   10  300 463540 9.229552e-02 0.626
  21   23  400 617540 9.222583e-02 0.626
  21    8  500 771540 9.219909e-02 0.626
  21    4  600 925540 9.216236e-02 0.626
  21   12  700 1079540 9.209768e-02 0.626
  21   11  800 1233540 9.207259e-02 0.683
  21   22  900 1387540 9.204290e-02 0.683
  21   29 1000 1541540 9.201044e-02 0.683
  22    0    0   1540 2.089454e-01 0.541
  22    3  100 155540 1.298965e-01 0.555
  22    6  200 309540 1.289822e-01 0.567
  22   10  300 463540 1.289177e-01 0.567
  22    3  400 617540 1.283076e-01 0.579
  22    5  500 771540 9.365940e-02 0.579
  22    9  600 925540 9.321659e-02 0.589
  22    3  700 1079540 9.314576e-02 0.589
  22    2  800 1233540 9.271558e-02 0.589
  22    0  900 1387540 9.167448e-02 0.589
  22    1 1000 1541540 9.050283e-02 0.589
  23    0    0   1540 2.287461e-01 0.431
  23    4  100 155540 1.016042e-01 0.621
  23   11  200 309540 9.624372e-02 0.621
  23   33  300 463540 9.613803e-02 0.621
  23    2  400 617540 9.577769e-02 0.621
  23   28  500 771540 9.446180e-02 0.621
  23    4  600 925540 9.394672e-02 0.621
  23    7  700 1079540 9.247025e-02 0.621
  23    3  800 1233540 9.146908e-02 0.621
  23    0  900 1387540 9.079958e-02 0.621
  23    2 1000 1541540 8.991660e-02 0.621
  24    0    0   1540 2.251743e-01 0.461
  24    2  100 155540 1.495490e-01 0.612
  24    0  200 309540 1.086664e-01 0.648
  24   39  300 463540 1.085178e-01 0.648
  24    4  400 617540 1.066544e-01 0.648
  24    6  500 771540 1.063506e-01 0.648
  24    8  600 925540 1.060567e-01 0.648
  24    0  700 1079540 1.059630e-01 0.648
  24    2  800 1233540 1.058834e-01 0.648
  24    3  900 1387540 1.056495e-01 0.648
  24   24 1000 1541540 1.056425e-01 0.648
  25    0    0   1540 2.425352e-01 0.469
  25    6  100 155540 1.530407e-01 0.538
  25    9  200 309540 1.530112e-01 0.576
  25    6  300 463540 1.523540e-01 0.595
  25   18  400 617540 1.516720e-01 0.595
  25    1  500 771540 1.502852e-01 0.595
  25    0  600 925540 1.114890e-01 0.595
  25    7  700 1079540 1.096096e-01 0.595
  25   11  800 1233540 1.095062e-01 0.595
  25    7  900 1387540 1.090006e-01 0.595
  25    1 1000 1541540 1.089267e-01 0.595
  26    0    0   1540 2.336234e-01 0.411
  26   54  100 155540 1.184795e-01 0.571
  26   14  200 309540 1.174634e-01 0.571
  26   11  300 463540 9.314490e-02 0.571
  26   26  400 617540 9.303501e-02 0.571
  26   28  500 771540 9.288234e-02 0.571
  26   20  600 925540 9.280886e-02 0.571
  26    9  700 1079540 9.259638e-02 0.572
  26    0  800 1233540 9.253748e-02 0.572
  26    2  900 1387540 9.232314e-02 0.572
  26    3 1000 1541540 9.221724e-02 0.572
  27    0    0   1540 2.173091e-01 0.386
  27   32  100 155540 1.070833e-01 0.520
  27    4  200 309540 1.070150e-01 0.600
  27   29  300 463540 1.070060e-01 0.600
  27    2  400 617540 1.069421e-01 0.600
  27   12  500 771540 1.058292e-01 0.600
  27   13  600 925540 1.057156e-01 0.600
  27    3  700 1079540 1.054946e-01 0.600
  27   11  800 1233540 1.047786e-01 0.610
  27    7  900 1387540 1.047290e-01 0.610
  27    1 1000 1541540 1.027491e-01 0.610
  28    0    0   1540 2.311718e-01 0.379
  28    4  100 155540 1.233441e-01 0.632
  28    0  200 309540 1.230215e-01 0.632
  28    4  300 463540 1.218681e-01 0.668
  28    5  400 617540 1.194636e-01 0.668
  28   22  500 771540 1.177176e-01 0.677
  28    0  600 925540 1.143130e-01 0.677
  28    3  700 1079540 1.070626e-01 0.677
  28    5  800 1233540 1.055953e-01 0.677
  28    3  900 1387540 1.051066e-01 0.677
  28    5 1000 1541540 1.044604e-01 0.677
  29    0    0   1540 2.416930e-01 0.543
  29    1  100 155540 1.136597e-01 0.554
  29    1  200 309540 1.080893e-01 0.582
  29   19  300 463540 1.078797e-01 0.606
  29    7  400 617540 1.068942e-01 0.606
  29   28  500 771540 1.067211e-01 0.606
  29   12  600 925540 9.403494e-02 0.606
  29    1  700 1079540 9.351824e-02 0.606
  29    4  800 1233540 9.277862e-02 0.606
  29    1  900 1387540 9.015906e-02 0.606
  29    3 1000 1541540 8.812905e-02 0.616
