   0    0    0    420 1.224006e-01 0.819
   0    3  100  42420 6.263750e-02 0.870
   0    8  200  84420 6.256887e-02 0.872
   0   22  300 126420 6.205792e-02 0.873
   0   22  400 168420 6.173033e-02 0.873
   0    2  500 210420 6.161503e-02 0.876
   0    0  600 252420 6.157762e-02 0.876
   0   36  700 294420 6.155434e-02 0.876
   0   27  800 336420 6.153362e-02 0.876
   0    6  900 378420 6.153066e-02 0.876
   0    0 1000 420420 6.151631e-02 0.876
   1    0    0    420 1.274456e-01 0.803
   1    2  100  42420 6.369735e-02 0.873
   1    2  200  84420 6.315057e-02 0.874
   1   26  300 126420 6.146320e-02 0.875
   1   42  400 168420 6.143769e-02 0.876
   1   23  500 210420 6.142081e-02 0.876
   1   21  600 252420 6.139826e-02 0.877
   1   27  700 294420 6.139491e-02 0.877
   1   13  800 336420 6.116226e-02 0.877
   1    9  900 378420 6.115857e-02 0.877
   1   14 1000 420420 6.115721e-02 0.877
   2    0    0    420 8.387338e-02 0.839
   2    0  100  42420 6.485850e-02 0.866
   2    0  200  84420 6.307137e-02 0.874
   2   19  300 126420 6.182220e-02 0.875
   2    2  400 168420 6.164676e-02 0.875
   2    4  500 210420 6.156955e-02 0.875
   2   11  600 252420 6.155087e-02 0.876
   2    1  700 294420 6.141025e-02 0.877
   2    0  800 336420 6.136566e-02 0.877
   2    1  900 378420 6.133596e-02 0.877
   2    1 1000 420420 6.117521e-02 0.877
   3    0    0    420 9.453331e-02 0.835
   3    5  100  42420 6.379942e-02 0.873
   3   48  200  84420 6.297536e-02 0.873
   3   18  300 126420 6.291908e-02 0.874
   3   28  400 168420 6.291464e-02 0.874
   3   28  500 210420 6.291011e-02 0.875
   3    1  600 252420 6.140989e-02 0.876
   3   12  700 294420 6.113470e-02 0.876
   3   24  800 336420 6.113458e-02 0.877
   3   16  900 378420 6.112088e-02 0.877
   3    4 1000 420420 6.110640e-02 0.877
   4    0    0    420 1.359810e-01 0.769
   4    0  100  42420 6.160064e-02 0.877
   4   19  200  84420 6.151648e-02 0.877
   4   14  300 126420 6.146380e-02 0.877
   4   38  400 168420 6.144125e-02 0.877
   4   22  500 210420 6.136992e-02 0.877
   4    2  600 252420 6.136660e-02 0.877
   4    0  700 294420 6.126694e-02 0.877
   4    2  800 336420 6.112270e-02 0.877
   4   65  900 378420 6.112252e-02 0.877
   4   10 1000 420420 6.110693e-02 0.877
   5    0    0    420 8.804586e-02 0.839
   5    1  100  42420 6.348956e-02 0.870
   5    4  200  84420 6.320320e-02 0.870
   5    1  300 126420 6.309161e-02 0.873
   5    1  400 168420 6.289037e-02 0.873
   5    5  500 210420 6.247826e-02 0.874
   5    1  600 252420 6.225772e-02 0.874
   5    7  700 294420 6.169302e-02 0.874
   5    8  800 336420 6.169183e-02 0.874
   5   30  900 378420 6.166782e-02 0.876
   5    3 1000 420420 6.143333e-02 0.876
   6    0    0    420 9.720089e-02 0.803
   6    3  100  42420 6.363298e-02 0.870
   6    4  200  84420 6.337088e-02 0.871
   6   10  300 126420 6.334975e-02 0.871
   6   36  400 168420 6.334973e-02 0.871
   6    5  500 210420 6.307336e-02 0.873
   6    6  600 252420 6.291997e-02 0.873
   6    0  700 294420 6.149819e-02 0.873
   6    2  800 336420 6.148335e-02 0.873
   6    6  900 378420 6.119342e-02 0.873
   6    3 1000 420420 6.117677e-02 0.876
   7    0    0    420 1.456130e-01 0.857
   7    2  100  42420 6.593836e-02 0.869
   7    2  200  84420 6.492265e-02 0.870
   7    0  300 126420 6.454636e-02 0.872
   7    7  400 168420 6.254504e-02 0.872
   7   18  500 210420 6.253425e-02 0.874
   7   48  600 252420 6.252794e-02 0.874
   7    3  700 294420 6.219245e-02 0.874
   7    3  800 336420 6.166408e-02 0.875
   7    0  900 378420 6.156831e-02 0.875
   7    1 1000 420420 6.148321e-02 0.875
   8    0    0    420 1.330120e-01 0.828
   8    3  100  42420 6.373032e-02 0.870
   8    1  200  84420 6.154412e-02 0.875
   8   23  300 126420 6.136905e-02 0.875
   8    3  400 168420 6.132183e-02 0.875
   8   15  500 210420 6.130405e-02 0.875
   8    2  600 252420 6.122907e-02 0.875
   8   32  700 294420 6.118957e-02 0.876
   8   12  800 336420 6.118788e-02 0.876
   8   27  900 378420 6.111539e-02 0.876
   8    0 1000 420420 6.109280e-02 0.877
   9    0    0    420 8.439951e-02 0.856
   9    2  100  42420 6.744347e-02 0.873
   9    9  200  84420 6.513418e-02 0.873
   9   18  300 126420 6.425889e-02 0.875
   9    4  400 168420 6.206802e-02 0.875
   9    7  500 210420 6.188308e-02 0.875
   9    2  600 252420 6.152789e-02 0.875
   9    1  700 294420 6.132714e-02 0.875
   9    9  800 336420 6.127556e-02 0.876
   9   17  900 378420 6.125523e-02 0.876
   9    0 1000 420420 6.115446e-02 0.876
  10    0    0    420 1.016431e-01 0.837
  10    0  100  42420 6.300009e-02 0.875
  10    2  200  84420 6.241559e-02 0.876
  10    3  300 126420 6.213735e-02 0.877
  10   14  400 168420 6.147418e-02 0.877
  10    2  500 210420 6.143126e-02 0.877
  10   27  600 252420 6.142133e-02 0.877
  10    3  700 294420 6.141774e-02 0.877
  10    5  800 336420 6.137593e-02 0.877
  10    5  900 378420 6.133606e-02 0.877
  10    2 1000 420420 6.113260e-02 0.877
  11    0    0    420 1.312718e-01 0.844
  11    0  100  42420 6.747373e-02 0.863
  11    2  200  84420 6.585976e-02 0.873
  11   10  300 126420 6.543622e-02 0.873
  11    3  400 168420 6.366954e-02 0.873
  11   20  500 210420 6.345290e-02 0.873
  11    9  600 252420 6.343990e-02 0.873
  11    1  700 294420 6.334700e-02 0.873
  11    1  800 336420 6.297240e-02 0.873
  11    1  900 378420 6.174051e-02 0.873
  11    1 1000 420420 6.171479e-02 0.873
  12    0    0    420 9.704882e-02 0.825
  12    3  100  42420 6.546094e-02 0.872
  12   16  200  84420 6.236478e-02 0.873
  12   27  300 126420 6.208177e-02 0.875
  12    3  400 168420 6.206832e-02 0.875
  12   37  500 210420 6.195894e-02 0.875
  12    3  600 252420 6.175648e-02 0.875
  12   17  700 294420 6.125328e-02 0.875
  12    1  800 336420 6.116889e-02 0.877
  12   27  900 378420 6.116583e-02 0.877
  12   19 1000 420420 6.108712e-02 0.877
  13    0    0    420 1.151406e-01 0.826
  13    5  100  42420 6.225086e-02 0.871
  13   53  200  84420 6.171039e-02 0.872
  13   21  300 126420 6.159349e-02 0.872
  13   23  400 168420 6.156812e-02 0.873
  13    1  500 210420 6.156798e-02 0.873
  13   34  600 252420 6.156608e-02 0.875
  13   25  700 294420 6.156024e-02 0.875
  13    3  800 336420 6.151529e-02 0.875
  13   25  900 378420 6.149720e-02 0.875
  13   25 1000 420420 6.149039e-02 0.875
  14    0    0    420 1.076933e-01 0.848
  14    1  100  42420 6.260323e-02 0.873
  14    0  200  84420 6.237094e-02 0.874
  14    8  300 126420 6.184221e-02 0.875
  14    8  400 168420 6.173743e-02 0.875
  14    9  500 210420 6.169301e-02 0.875
  14    6  600 252420 6.153314e-02 0.875
  14   12  700 294420 6.152957e-02 0.875
  14    0  800 336420 6.152950e-02 0.876
  14   45  900 378420 6.151196e-02 0.876
  14    4 1000 420420 6.128869e-02 0.876
  15    0    0    420 1.331795e-01 0.766
  15    0  100  42420 6.331004e-02 0.872
  15   14  200  84420 6.294606e-02 0.873
  15    0  300 126420 6.217298e-02 0.875
  15    6  400 168420 6.134858e-02 0.876
  15   21  500 210420 6.130771e-02 0.876
  15    0  600 252420 6.128029e-02 0.876
  15    5  700 294420 6.124054e-02 0.876
  15   19  800 336420 6.112098e-02 0.876
  15    7  900 378420 6.111275e-02 0.877
  15   13 1000 420420 6.110171e-02 0.877
  16    0    0    420 1.057398e-01 0.848
  16    1  100  42420 6.245743e-02 0.876
  16   41  200  84420 6.193990e-02 0.876
  16   31  300 126420 6.169302e-02 0.876
  16   12  400 168420 6.137346e-02 0.876
  16   11  500 210420 6.127013e-02 0.876
  16   13  600 252420 6.126553e-02 0.876
  16    1  700 294420 6.116219e-02 0.877
  16    5  800 336420 6.115411e-02 0.877
  16    4  900 378420 6.109116e-02 0.877
  16    5 1000 420420 6.108752e-02 0.877
  17    0    0    420 1.204652e-01 0.847
  17   11  100  42420 6.690958e-02 0.869
  17    5  200  84420 6.191181e-02 0.875
  17   15  300 126420 6.190725e-02 0.875
  17    2  400 168420 6.184639e-02 0.875
  17    6  500 210420 6.156753e-02 0.875
  17    4  600 252420 6.154650e-02 0.877
  17    3  700 294420 6.143422e-02 0.877
  17    1  800 336420 6.140587e-02 0.877
  17    2  900 378420 6.136247e-02 0.878
  17   12 1000 420420 6.124675e-02 0.878
  18    0    0    420 1.015663e-01 0.820
  18   14  100  42420 6.270083e-02 0.875
  18    4  200  84420 6.155635e-02 0.875
  18   21  300 126420 6.153058e-02 0.875
  18   50  400 168420 6.152918e-02 0.875
  18   11  500 210420 6.152028e-02 0.875
  18   10  600 252420 6.151281e-02 0.875
  18  110  700 294420 6.151281e-02 0.875
  18    2  800 336420 6.136034e-02 0.875
  18    0  900 378420 6.126954e-02 0.875
  18    4 1000 420420 6.112090e-02 0.875
  19    0    0    420 1.470852e-01 0.855
  19   12  100  42420 6.462321e-02 0.872
  19    8  200  84420 6.175990e-02 0.876
  19   13  300 126420 6.138859e-02 0.877
  19   28  400 168420 6.130223e-02 0.877
  19   37  500 210420 6.130121e-02 0.877
  19    5  600 252420 6.129869e-02 0.877
  19    5  700 294420 6.123690e-02 0.877
  19    1  800 336420 6.122420e-02 0.877
  19   17  900 378420 6.120557e-02 0.878
  19    0 1000 420420 6.119523e-02 0.878
  20    0    0    420 9.028860e-02 0.873
  20   15  100  42420 6.940762e-02 0.873
  20   15  200  84420 6.599621e-02 0.873
  20   16  300 126420 6.588651e-02 0.873
  20    1  400 168420 6.194567e-02 0.877
  20    1  500 210420 6.187750e-02 0.877
  20    5  600 252420 6.185056e-02 0.877
  20   23  700 294420 6.185048e-02 0.877
  20   11  800 336420 6.166827e-02 0.877
  20   50  900 378420 6.166775e-02 0.877
  20    2 1000 420420 6.159744e-02 0.877
  21    0    0    420 1.333732e-01 0.845
  21   15  100  42420 6.175074e-02 0.875
  21    9  200  84420 6.169795e-02 0.875
  21    3  300 126420 6.160712e-02 0.877
  21   30  400 168420 6.160134e-02 0.877
  21   27  500 210420 6.127821e-02 0.877
  21   24  600 252420 6.122394e-02 0.877
  21   90  700 294420 6.122390e-02 0.877
  21    7  800 336420 6.120480e-02 0.877
  21    4  900 378420 6.118815e-02 0.877
  21    1 1000 420420 6.116508e-02 0.877
  22    0    0    420 1.107663e-01 0.817
  22    9  100  42420 6.135331e-02 0.873
  22   58  200  84420 6.133653e-02 0.873
  22    7  300 126420 6.133651e-02 0.875
  22   22  400 168420 6.133613e-02 0.875
  22    4  500 210420 6.133557e-02 0.875
  22    9  600 252420 6.133447e-02 0.875
  22    1  700 294420 6.132901e-02 0.875
  22   51  800 336420 6.132823e-02 0.875
  22   26  900 378420 6.132662e-02 0.875
  22   50 1000 420420 6.132437e-02 0.875
  23    0    0    420 1.120784e-01 0.857
  23   15  100  42420 6.208792e-02 0.874
  23    8  200  84420 6.185801e-02 0.874
  23   29  300 126420 6.185273e-02 0.874
  23   12  400 168420 6.176990e-02 0.876
  23    1  500 210420 6.173560e-02 0.876
  23   11  600 252420 6.171687e-02 0.877
  23    1  700 294420 6.167700e-02 0.877
  23   11  800 336420 6.110022e-02 0.877
  23   67  900 378420 6.109747e-02 0.877
  23    8 1000 420420 6.109681e-02 0.877
  24    0    0    420 8.261224e-02 0.829
  24    4  100  42420 6.411825e-02 0.871
  24    1  200  84420 6.356914e-02 0.872
  24    5  300 126420 6.326696e-02 0.872
  24   18  400 168420 6.174036e-02 0.873
  24    6  500 210420 6.165356e-02 0.874
  24    2  600 252420 6.160917e-02 0.874
  24    9  700 294420 6.131460e-02 0.877
  24    4  800 336420 6.120489e-02 0.877
  24    3  900 378420 6.117392e-02 0.877
  24    4 1000 420420 6.116740e-02 0.877
  25    0    0    420 1.361843e-01 0.857
  25   11  100  42420 6.177782e-02 0.876
  25   56  200  84420 6.168821e-02 0.876
  25    1  300 126420 6.152075e-02 0.876
  25    1  400 168420 6.146713e-02 0.877
  25   31  500 210420 6.121189e-02 0.877
  25    0  600 252420 6.113372e-02 0.877
  25    8  700 294420 6.112077e-02 0.877
  25   19  800 336420 6.111128e-02 0.877
  25   18  900 378420 6.108917e-02 0.877
  25    2 1000 420420 6.108794e-02 0.877
  26    0    0    420 9.917674e-02 0.818
  26    7  100  42420 6.229197e-02 0.875
  26    2  200  84420 6.205469e-02 0.876
  26   15  300 126420 6.157526e-02 0.876
  26   14  400 168420 6.138380e-02 0.876
  26    1  500 210420 6.137344e-02 0.876
  26    1  600 252420 6.127755e-02 0.877
  26    5  700 294420 6.114963e-02 0.877
  26   48  800 336420 6.114404e-02 0.877
  26    3  900 378420 6.114025e-02 0.877
  26   25 1000 420420 6.113981e-02 0.877
  27    0    0    420 1.020823e-01 0.835
  27   10  100  42420 6.224888e-02 0.875
  27   29  200  84420 6.222848e-02 0.875
  27    0  300 126420 6.210166e-02 0.876
  27    7  400 168420 6.172915e-02 0.876
  27    1  500 210420 6.163156e-02 0.876
  27    3  600 252420 6.154501e-02 0.877
  27   10  700 294420 6.152888e-02 0.877
  27   34  800 336420 6.151070e-02 0.877
  27    1  900 378420 6.130557e-02 0.877
  27   15 1000 420420 6.128471e-02 0.878
  28    0    0    420 1.348319e-01 0.811
  28    8  100  42420 6.265470e-02 0.870
  28   17  200  84420 6.262101e-02 0.871
  28   26  300 126420 6.256289e-02 0.871
  28    7  400 168420 6.173852e-02 0.872
  28   18  500 210420 6.132124e-02 0.874
  28    0  600 252420 6.115222e-02 0.875
  28    6  700 294420 6.114036e-02 0.876
  28    3  800 336420 6.112620e-02 0.877
  28    2  900 378420 6.110768e-02 0.877
  28   29 1000 420420 6.110188e-02 0.877
  29    0    0    420 9.667451e-02 0.837
  29    1  100  42420 6.710998e-02 0.872
  29    3  200  84420 6.473798e-02 0.874
  29   16  300 126420 6.339562e-02 0.875
  29    0  400 168420 6.300570e-02 0.875
  29   13  500 210420 6.282231e-02 0.875
  29   10  600 252420 6.267563e-02 0.875
  29    0  700 294420 6.123697e-02 0.875
  29    4  800 336420 6.119817e-02 0.876
  29    4  900 378420 6.119381e-02 0.876
  29    2 1000 420420 6.114706e-02 0.876
