   0    0    0   1540 1.646407e-01 0.217
   0    0  100 155540 8.201533e-02 0.444
   0   29  200 309540 8.193686e-02 0.444
   0   27  300 463540 8.055556e-02 0.444
   0    4  400 617540 8.019303e-02 0.453
   0    5  500 771540 8.005519e-02 0.453
   0   35  600 925540 8.005440e-02 0.453
   0    2  700 1079540 8.004907e-02 0.453
   0    1  800 1233540 7.994401e-02 0.453
   0    9  900 1387540 7.988716e-02 0.474
   0    1 1000 1541540 6.846727e-02 0.474
   1    0    0   1540 1.564566e-01 0.339
   1    8  100 155540 6.402897e-02 0.567
   1    7  200 309540 6.401325e-02 0.567
   1   13  300 463540 6.393248e-02 0.567
   1   56  400 617540 6.392768e-02 0.567
   1    5  500 771540 6.390311e-02 0.567
   1   35  600 925540 6.389606e-02 0.567
   1    3  700 1079540 6.374765e-02 0.626
   1   13  800 1233540 6.365325e-02 0.626
   1    6  900 1387540 6.334961e-02 0.626
   1    0 1000 1541540 6.321445e-02 0.626
   2    0    0   1540 1.642530e-01 0.318
   2    9  100 155540 7.621900e-02 0.548
   2   13  200 309540 7.089164e-02 0.548
   2   52  300 463540 7.083581e-02 0.548
   2    2  400 617540 7.080596e-02 0.548
   2   32  500 771540 7.063711e-02 0.548
   2   15  600 925540 7.044585e-02 0.548
   2   30  700 1079540 7.024044e-02 0.548
   2   28  800 1233540 7.012537e-02 0.548
   2   28  900 1387540 7.012533e-02 0.548
   2    3 1000 1541540 7.007300e-02 0.548
   3    0    0   1540 1.484123e-01 0.296
   3    7  100 155540 7.934995e-02 0.495
   3    4  200 309540 6.697215e-02 0.512
   3    3  300 463540 6.647973e-02 0.512
   3   13  400 617540 6.625517e-02 0.512
   3    0  500 771540 6.624299e-02 0.512
   3    6  600 925540 6.609937e-02 0.512
   3   17  700 1079540 6.609086e-02 0.512
   3   19  800 1233540 6.498188e-02 0.512
   3   40  900 1387540 6.498180e-02 0.512
   3    2 1000 1541540 6.496991e-02 0.645
   4    0    0   1540 2.089748e-01 0.363
   4   33  100 155540 6.892946e-02 0.435
   4   21  200 309540 6.741830e-02 0.505
   4    8  300 463540 6.631555e-02 0.505
   4    6  400 617540 6.605625e-02 0.514
   4    1  500 771540 6.562362e-02 0.581
   4   43  600 925540 6.530769e-02 0.581
   4   25  700 1079540 6.527661e-02 0.581
   4    2  800 1233540 6.523148e-02 0.581
   4    0  900 1387540 6.510330e-02 0.607
   4    8 1000 1541540 6.502129e-02 0.607
   5    0    0   1540 1.722937e-01 0.323
   5    4  100 155540 7.512599e-02 0.500
   5   59  200 309540 6.621804e-02 0.532
   5   31  300 463540 6.542687e-02 0.557
   5    6  400 617540 6.530619e-02 0.557
   5    4  500 771540 6.513154e-02 0.557
   5   43  600 925540 6.513027e-02 0.591
   5    1  700 1079540 6.504006e-02 0.591
   5    2  800 1233540 6.412320e-02 0.591
   5    0  900 1387540 6.328946e-02 0.591
   5   15 1000 1541540 6.320965e-02 0.591
   6    0    0   1540 1.562736e-01 0.287
   6    0  100 155540 7.917208e-02 0.486
   6    8  200 309540 7.049481e-02 0.488
   6    0  300 463540 6.661401e-02 0.508
   6   10  400 617540 6.343621e-02 0.508
   6   18  500 771540 6.307442e-02 0.576
   6    1  600 925540 6.108693e-02 0.576
   6   16  700 1079540 6.092690e-02 0.639
   6    2  800 1233540 6.045445e-02 0.639
   6    7  900 1387540 6.041592e-02 0.639
   6   14 1000 1541540 6.024654e-02 0.639
   7    0    0   1540 1.436109e-01 0.309
   7    3  100 155540 6.908457e-02 0.662
   7   20  200 309540 6.890823e-02 0.662
   7    3  300 463540 6.786405e-02 0.662
   7    4  400 617540 6.420613e-02 0.662
   7   23  500 771540 6.362978e-02 0.662
   7   50  600 925540 6.362797e-02 0.662
   7   16  700 1079540 6.361608e-02 0.662
   7   27  800 1233540 6.361293e-02 0.662
   7   28  900 1387540 6.361274e-02 0.662
   7    6 1000 1541540 6.354230e-02 0.662
   8    0    0   1540 1.638849e-01 0.289
   8    0  100 155540 7.670592e-02 0.566
   8    5  200 309540 7.404591e-02 0.566
   8    2  300 463540 7.370664e-02 0.566
   8   16  400 617540 7.291109e-02 0.566
   8    9  500 771540 6.995947e-02 0.566
   8    9  600 925540 6.549403e-02 0.593
   8    3  700 1079540 6.545285e-02 0.593
   8    1  800 1233540 6.476625e-02 0.593
   8    1  900 1387540 6.247001e-02 0.593
   8   11 1000 1541540 6.241801e-02 0.593
   9    0    0   1540 1.370504e-01 0.335
   9    7  100 155540 8.010254e-02 0.533
   9    5  200 309540 7.570221e-02 0.533
   9    7  300 463540 7.510323e-02 0.533
   9   12  400 617540 7.263306e-02 0.533
   9    5  500 771540 7.213395e-02 0.533
   9    2  600 925540 6.932412e-02 0.545
   9    9  700 1079540 6.804347e-02 0.545
   9    4  800 1233540 6.799513e-02 0.548
   9    4  900 1387540 6.116760e-02 0.561
   9   13 1000 1541540 6.040940e-02 0.561
  10    0    0   1540 1.535262e-01 0.329
  10   21  100 155540 8.440513e-02 0.421
  10   10  200 309540 6.725301e-02 0.517
  10   36  300 463540 6.338960e-02 0.539
  10   33  400 617540 6.098980e-02 0.554
  10   43  500 771540 6.090252e-02 0.554
  10    8  600 925540 6.071142e-02 0.554
  10    3  700 1079540 6.034321e-02 0.557
  10   14  800 1233540 6.026481e-02 0.559
  10   41  900 1387540 6.025117e-02 0.559
  10    4 1000 1541540 5.999699e-02 0.559
  11    0    0   1540 1.441376e-01 0.306
  11    3  100 155540 6.571842e-02 0.484
  11    4  200 309540 6.564130e-02 0.649
  11   21  300 463540 6.543497e-02 0.649
  11    5  400 617540 6.494196e-02 0.649
  11   12  500 771540 6.414355e-02 0.649
  11   26  600 925540 6.385292e-02 0.649
  11   14  700 1079540 6.384549e-02 0.649
  11   20  800 1233540 6.342753e-02 0.649
  11    6  900 1387540 6.342443e-02 0.649
  11    6 1000 1541540 6.337354e-02 0.649
  12    0    0   1540 1.588519e-01 0.298
  12    3  100 155540 6.503592e-02 0.521
  12   14  200 309540 6.495042e-02 0.521
  12   45  300 463540 6.488491e-02 0.521
  12    2  400 617540 6.331665e-02 0.631
  12   14  500 771540 6.319496e-02 0.631
  12    0  600 925540 6.297625e-02 0.631
  12   32  700 1079540 6.279670e-02 0.631
  12   21  800 1233540 6.279518e-02 0.631
  12    5  900 1387540 6.278461e-02 0.631
  12   22 1000 1541540 6.277797e-02 0.631
  13    0    0   1540 1.575123e-01 0.422
  13    3  100 155540 7.966880e-02 0.474
  13    0  200 309540 7.509106e-02 0.495
  13    9  300 463540 6.691547e-02 0.579
  13   26  400 617540 6.202933e-02 0.579
  13    5  500 771540 6.168421e-02 0.579
  13    0  600 925540 6.157847e-02 0.579
  13   21  700 1079540 6.155317e-02 0.579
  13   67  800 1233540 6.154072e-02 0.579
  13   10  900 1387540 6.076078e-02 0.579
  13    1 1000 1541540 6.051332e-02 0.584
  14    0    0   1540 1.549829e-01 0.265
  14   26  100 155540 7.860581e-02 0.499
  14    7  200 309540 7.254883e-02 0.507
  14    2  300 463540 7.166108e-02 0.555
  14    2  400 617540 7.104078e-02 0.556
  14    4  500 771540 7.066775e-02 0.556
  14   29  600 925540 7.053336e-02 0.556
  14    1  700 1079540 6.984277e-02 0.624
  14    8  800 1233540 6.952476e-02 0.624
  14    4  900 1387540 6.897812e-02 0.624
  14   12 1000 1541540 6.871999e-02 0.624
  15    0    0   1540 1.465328e-01 0.330
  15    3  100 155540 8.259856e-02 0.495
  15   18  200 309540 8.022642e-02 0.495
  15    8  300 463540 7.152516e-02 0.523
  15   30  400 617540 6.824197e-02 0.549
  15    0  500 771540 6.671085e-02 0.549
  15    3  600 925540 6.233310e-02 0.570
  15    6  700 1079540 6.207569e-02 0.581
  15    7  800 1233540 6.198489e-02 0.581
  15    0  900 1387540 6.063229e-02 0.581
  15   38 1000 1541540 6.059488e-02 0.581
  16    0    0   1540 1.600190e-01 0.325
  16    8  100 155540 7.521400e-02 0.395
  16    4  200 309540 7.171952e-02 0.498
  16    9  300 463540 7.165659e-02 0.498
  16    1  400 617540 7.142958e-02 0.498
  16    3  500 771540 7.133230e-02 0.498
  16   10  600 925540 6.874343e-02 0.544
  16   10  700 1079540 6.846829e-02 0.544
  16    5  800 1233540 6.680341e-02 0.544
  16   21  900 1387540 6.653600e-02 0.544
  16    4 1000 1541540 6.643755e-02 0.544
  17    0    0   1540 1.587416e-01 0.265
  17    4  100 155540 9.317564e-02 0.475
  17    0  200 309540 9.285500e-02 0.475
  17    0  300 463540 9.239284e-02 0.498
  17   47  400 617540 9.179237e-02 0.525
  17   52  500 771540 9.178554e-02 0.525
  17    1  600 925540 9.036266e-02 0.525
  17   40  700 1079540 8.963026e-02 0.525
  17    4  800 1233540 8.823024e-02 0.525
  17    0  900 1387540 8.806850e-02 0.525
  17    5 1000 1541540 8.763788e-02 0.525
  18    0    0   1540 1.326051e-01 0.370
  18   46  100 155540 6.844894e-02 0.480
  18   12  200 309540 6.510257e-02 0.485
  18   11  300 463540 6.407821e-02 0.519
  18    2  400 617540 6.361929e-02 0.519
  18   49  500 771540 6.345696e-02 0.519
  18   19  600 925540 6.345041e-02 0.519
  18    3  700 1079540 6.329957e-02 0.539
  18    3  800 1233540 6.325965e-02 0.539
  18    7  900 1387540 6.321658e-02 0.539
  18    2 1000 1541540 6.312598e-02 0.548
  19    0    0   1540 1.586932e-01 0.298
  19    2  100 155540 8.576719e-02 0.554
  19    1  200 309540 8.118172e-02 0.554
  19   37  300 463540 7.968421e-02 0.554
  19    4  400 617540 7.846063e-02 0.554
  19   11  500 771540 7.827841e-02 0.554
  19    6  600 925540 7.720320e-02 0.554
  19    4  700 1079540 7.678758e-02 0.554
  19    8  800 1233540 7.657693e-02 0.554
  19    2  900 1387540 7.643175e-02 0.588
  19    7 1000 1541540 7.639732e-02 0.588
  20    0    0   1540 1.577367e-01 0.293
  20    9  100 155540 6.443470e-02 0.517
  20    2  200 309540 6.316540e-02 0.517
  20   10  300 463540 6.303419e-02 0.529
  20    2  400 617540 6.303413e-02 0.583
  20    7  500 771540 6.289140e-02 0.583
  20   18  600 925540 6.286020e-02 0.583
  20   17  700 1079540 6.285954e-02 0.583
  20   33  800 1233540 6.284149e-02 0.583
  20   37  900 1387540 6.275318e-02 0.637
  20    0 1000 1541540 6.275109e-02 0.637
  21    0    0   1540 1.631021e-01 0.349
  21    2  100 155540 7.029412e-02 0.555
  21    3  200 309540 6.730215e-02 0.558
  21   16  300 463540 6.507251e-02 0.558
  21   13  400 617540 6.500835e-02 0.558
  21   12  500 771540 6.499740e-02 0.558
  21    0  600 925540 6.458235e-02 0.558
  21    0  700 1079540 6.397101e-02 0.558
  21   21  800 1233540 6.387371e-02 0.595
  21    2  900 1387540 6.367158e-02 0.595
  21    7 1000 1541540 6.349342e-02 0.595
  22    0    0   1540 1.738919e-01 0.326
  22    9  100 155540 8.795722e-02 0.458
  22   41  200 309540 8.642672e-02 0.468
  22   10  300 463540 8.634156e-02 0.469
  22    5  400 617540 7.516138e-02 0.469
  22    0  500 771540 7.463450e-02 0.469
  22    4  600 925540 7.211017e-02 0.469
  22    1  700 1079540 7.088607e-02 0.469
  22    6  800 1233540 7.049816e-02 0.469
  22   13  900 1387540 7.041667e-02 0.469
  22    3 1000 1541540 7.036783e-02 0.483
  23    0    0   1540 1.712427e-01 0.238
  23    5  100 155540 7.571093e-02 0.512
  23   20  200 309540 6.834845e-02 0.584
  23    4  300 463540 6.208630e-02 0.584
  23   19  400 617540 6.206414e-02 0.584
  23    3  500 771540 6.154306e-02 0.584
  23   14  600 925540 6.101715e-02 0.584
  23   40  700 1079540 6.101508e-02 0.584
  23    8  800 1233540 6.086697e-02 0.584
  23   19  900 1387540 6.080217e-02 0.584
  23    3 1000 1541540 6.076271e-02 0.584
  24    0    0   1540 1.160110e-01 0.342
  24   12  100 155540 6.416232e-02 0.549
  24    0  200 309540 6.397963e-02 0.549
  24   10  300 463540 6.357618e-02 0.549
  24   26  400 617540 6.340223e-02 0.549
  24    2  500 771540 6.340219e-02 0.549
  24   17  600 925540 6.325375e-02 0.549
  24   14  700 1079540 6.303639e-02 0.549
  24   37  800 1233540 6.302095e-02 0.549
  24   23  900 1387540 6.296463e-02 0.549
  24   44 1000 1541540 6.295014e-02 0.549
  25    0    0   1540 1.229857e-01 0.267
  25    2  100 155540 9.348248e-02 0.419
  25    9  200 309540 8.993519e-02 0.432
  25    1  300 463540 6.854273e-02 0.441
  25    2  400 617540 6.579482e-02 0.461
  25   21  500 771540 6.516740e-02 0.486
  25    1  600 925540 6.502862e-02 0.486
  25   67  700 1079540 6.501753e-02 0.486
  25   14  800 1233540 6.499933e-02 0.486
  25   27  900 1387540 6.488036e-02 0.486
  25  127 1000 1541540 6.488036e-02 0.486
  26    0    0   1540 1.608952e-01 0.223
  26    8  100 155540 6.483273e-02 0.501
  26    2  200 309540 6.434774e-02 0.501
  26   18  300 463540 6.402717e-02 0.501
  26   47  400 617540 6.393585e-02 0.501
  26   58  500 771540 6.363785e-02 0.533
  26   30  600 925540 6.361297e-02 0.533
  26   10  700 1079540 6.360866e-02 0.533
  26   18  800 1233540 6.351397e-02 0.546
  26   38  900 1387540 6.351172e-02 0.578
  26   10 1000 1541540 6.321157e-02 0.578
  27    0    0   1540 1.587688e-01 0.303
  27    3  100 155540 6.718871e-02 0.457
  27    7  200 309540 6.623257e-02 0.464
  27   48  300 463540 6.610191e-02 0.507
  27   60  400 617540 6.609838e-02 0.507
  27   15  500 771540 6.609440e-02 0.515
  27   20  600 925540 6.608721e-02 0.515
  27    1  700 1079540 6.602768e-02 0.515
  27    0  800 1233540 6.590516e-02 0.515
  27    3  900 1387540 6.585212e-02 0.515
  27   11 1000 1541540 6.583106e-02 0.515
  28    0    0   1540 2.060166e-01 0.344
  28   15  100 155540 6.842412e-02 0.459
  28   25  200 309540 6.825411e-02 0.618
  28    9  300 463540 6.815544e-02 0.618
  28  109  400 617540 6.815544e-02 0.618
  28   45  500 771540 6.808541e-02 0.618
  28    4  600 925540 6.789332e-02 0.618
  28    1  700 1079540 6.768729e-02 0.618
  28   23  800 1233540 6.762383e-02 0.618
  28    2  900 1387540 6.733814e-02 0.618
  28    0 1000 1541540 6.667606e-02 0.618
  29    0    0   1540 1.611203e-01 0.244
  29    4  100 155540 6.755919e-02 0.555
  29    6  200 309540 6.715592e-02 0.555
  29   26  300 463540 6.658649e-02 0.555
  29   10  400 617540 6.632305e-02 0.555
  29    3  500 771540 6.577164e-02 0.555
  29   15  600 925540 6.577127e-02 0.555
  29    3  700 1079540 6.575794e-02 0.555
  29   71  800 1233540 6.575081e-02 0.555
  29    2  900 1387540 6.569059e-02 0.555
  29   47 1000 1541540 6.568849e-02 0.555
