   0    0    0   1540 6.645938e-01 0.794
   0    2  100 155540 3.048411e-01 0.902
   0   18  200 309540 3.017799e-01 0.921
   0    8  300 463540 2.997461e-01 0.941
   0   33  400 617540 2.996541e-01 0.941
   0    2  500 771540 2.995226e-01 0.941
   0   54  600 925540 2.995205e-01 0.941
   0    8  700 1079540 2.994391e-01 0.941
   0    0  800 1233540 2.988928e-01 0.941
   0    1  900 1387540 2.953563e-01 0.941
   0    1 1000 1541540 2.935554e-01 0.941
   1    0    0   1540 6.592353e-01 0.730
   1    0  100 155540 3.787128e-01 0.881
   1    4  200 309540 3.396809e-01 0.885
   1    7  300 463540 2.997325e-01 0.937
   1    9  400 617540 2.996077e-01 0.937
   1    2  500 771540 2.995993e-01 0.937
   1    2  600 925540 2.992014e-01 0.937
   1   67  700 1079540 2.991980e-01 0.940
   1    2  800 1233540 2.991863e-01 0.944
   1   27  900 1387540 2.991640e-01 0.944
   1    9 1000 1541540 2.991485e-01 0.944
   2    0    0   1540 6.759696e-01 0.793
   2    2  100 155540 3.457335e-01 0.871
   2    6  200 309540 3.367377e-01 0.875
   2    2  300 463540 3.110347e-01 0.880
   2   14  400 617540 3.100972e-01 0.880
   2   13  500 771540 3.099104e-01 0.883
   2    4  600 925540 3.053684e-01 0.883
   2    2  700 1079540 3.031402e-01 0.883
   2    0  800 1233540 3.006324e-01 0.894
   2    9  900 1387540 2.991848e-01 0.904
   2    0 1000 1541540 2.944930e-01 0.904
   3    0    0   1540 6.408196e-01 0.731
   3    0  100 155540 3.598308e-01 0.925
   3    2  200 309540 3.584965e-01 0.925
   3    3  300 463540 3.473767e-01 0.925
   3    0  400 617540 3.427646e-01 0.925
   3   46  500 771540 3.423335e-01 0.950
   3    6  600 925540 3.422111e-01 0.950
   3    6  700 1079540 3.410842e-01 0.950
   3   13  800 1233540 3.410739e-01 0.950
   3   31  900 1387540 3.409595e-01 0.950
   3    1 1000 1541540 3.409477e-01 0.950
   4    0    0   1540 6.581212e-01 0.757
   4    0  100 155540 3.947856e-01 0.908
   4    0  200 309540 3.910344e-01 0.908
   4    2  300 463540 3.148218e-01 0.908
   4    1  400 617540 3.012451e-01 0.916
   4    7  500 771540 2.942749e-01 0.916
   4    4  600 925540 2.937372e-01 0.916
   4    0  700 1079540 2.922556e-01 0.916
   4    2  800 1233540 2.899690e-01 0.916
   4    6  900 1387540 2.895793e-01 0.922
   4    2 1000 1541540 2.881398e-01 0.922
   5    0    0   1540 6.003131e-01 0.757
   5    5  100 155540 3.790140e-01 0.897
   5    3  200 309540 3.705034e-01 0.920
   5    0  300 463540 3.132734e-01 0.920
   5    0  400 617540 3.084120e-01 0.930
   5    8  500 771540 3.038050e-01 0.930
   5    1  600 925540 2.750455e-01 0.945
   5    0  700 1079540 2.574458e-01 0.955
   5    0  800 1233540 2.500445e-01 0.955
   5    6  900 1387540 2.484253e-01 0.955
   5   16 1000 1541540 2.483897e-01 0.955
   6    0    0   1540 6.769075e-01 0.809
   6    4  100 155540 3.922172e-01 0.897
   6    0  200 309540 3.033099e-01 0.897
   6    0  300 463540 2.985197e-01 0.912
   6    3  400 617540 2.909988e-01 0.912
   6    0  500 771540 2.895779e-01 0.919
   6    2  600 925540 2.804580e-01 0.960
   6    4  700 1079540 2.522072e-01 0.960
   6   31  800 1233540 2.512041e-01 0.960
   6   18  900 1387540 2.500444e-01 0.960
   6    1 1000 1541540 2.488840e-01 0.960
   7    0    0   1540 7.041956e-01 0.786
   7    7  100 155540 4.274584e-01 0.866
   7   10  200 309540 4.269400e-01 0.867
   7    5  300 463540 4.265828e-01 0.878
   7    5  400 617540 4.172385e-01 0.878
   7   11  500 771540 4.145105e-01 0.881
   7    5  600 925540 4.128027e-01 0.897
   7    2  700 1079540 4.111863e-01 0.897
   7    1  800 1233540 3.536237e-01 0.897
   7    1  900 1387540 3.110759e-01 0.948
   7    2 1000 1541540 2.942058e-01 0.948
   8    0    0   1540 6.599605e-01 0.841
   8    0  100 155540 4.408909e-01 0.855
   8    2  200 309540 4.012196e-01 0.861
   8   14  300 463540 3.495340e-01 0.879
   8   13  400 617540 3.467123e-01 0.896
   8    5  500 771540 3.426662e-01 0.910
   8    0  600 925540 3.085966e-01 0.911
   8    0  700 1079540 2.649665e-01 0.916
   8    1  800 1233540 2.637949e-01 0.941
   8    5  900 1387540 2.631454e-01 0.943
   8    1 1000 1541540 2.628721e-01 0.943
   9    0    0   1540 6.686696e-01 0.741
   9    1  100 155540 2.645136e-01 0.942
   9    1  200 309540 2.603964e-01 0.947
   9    2  300 463540 2.599854e-01 0.947
   9    1  400 617540 2.581694e-01 0.947
   9    2  500 771540 2.559516e-01 0.947
   9    0  600 925540 2.547079e-01 0.953
   9    3  700 1079540 2.527404e-01 0.953
   9    4  800 1233540 2.523331e-01 0.953
   9    6  900 1387540 2.522893e-01 0.953
   9    8 1000 1541540 2.522656e-01 0.953
  10    0    0   1540 6.753549e-01 0.762
  10    2  100 155540 4.123186e-01 0.927
  10    4  200 309540 4.058833e-01 0.927
  10    2  300 463540 3.879260e-01 0.927
  10    1  400 617540 3.223801e-01 0.927
  10    2  500 771540 3.105610e-01 0.927
  10    0  600 925540 3.091243e-01 0.932
  10    1  700 1079540 3.045506e-01 0.932
  10    0  800 1233540 2.934523e-01 0.932
  10    0  900 1387540 2.889195e-01 0.932
  10    8 1000 1541540 2.876591e-01 0.932
  11    0    0   1540 6.989182e-01 0.726
  11    2  100 155540 3.352637e-01 0.886
  11    1  200 309540 3.296433e-01 0.904
  11    2  300 463540 3.247404e-01 0.906
  11    3  400 617540 3.206570e-01 0.906
  11    3  500 771540 3.202162e-01 0.906
  11    5  600 925540 3.197418e-01 0.906
  11    2  700 1079540 3.178901e-01 0.906
  11    1  800 1233540 3.172738e-01 0.928
  11   23  900 1387540 3.162233e-01 0.928
  11    6 1000 1541540 3.161656e-01 0.928
  12    0    0   1540 6.436399e-01 0.726
  12    0  100 155540 3.564137e-01 0.863
  12    7  200 309540 3.429428e-01 0.885
  12    0  300 463540 3.318660e-01 0.893
  12    0  400 617540 3.099267e-01 0.900
  12    3  500 771540 3.069061e-01 0.901
  12    8  600 925540 3.057581e-01 0.912
  12    1  700 1079540 3.052938e-01 0.912
  12    9  800 1233540 3.051501e-01 0.912
  12    8  900 1387540 3.033152e-01 0.912
  12    8 1000 1541540 3.026571e-01 0.912
  13    0    0   1540 4.931117e-01 0.778
  13   12  100 155540 3.928816e-01 0.869
  13    2  200 309540 3.505163e-01 0.883
  13   10  300 463540 3.490840e-01 0.887
  13   22  400 617540 3.484370e-01 0.887
  13   39  500 771540 3.482676e-01 0.887
  13   67  600 925540 3.482269e-01 0.892
  13    1  700 1079540 3.446952e-01 0.899
  13   22  800 1233540 3.446648e-01 0.903
  13   26  900 1387540 3.445979e-01 0.903
  13    0 1000 1541540 3.445881e-01 0.905
  14    0    0   1540 5.806755e-01 0.757
  14    4  100 155540 3.790904e-01 0.865
  14   11  200 309540 3.232594e-01 0.877
  14    4  300 463540 3.194907e-01 0.896
  14    0  400 617540 3.172160e-01 0.902
  14   22  500 771540 3.171170e-01 0.908
  14   27  600 925540 3.170883e-01 0.908
  14   19  700 1079540 3.168555e-01 0.908
  14    2  800 1233540 3.166303e-01 0.909
  14    7  900 1387540 3.165946e-01 0.909
  14   21 1000 1541540 3.165777e-01 0.909
  15    0    0   1540 7.082168e-01 0.728
  15    2  100 155540 4.665597e-01 0.880
  15   11  200 309540 4.570646e-01 0.885
  15    7  300 463540 4.408818e-01 0.892
  15    2  400 617540 4.027536e-01 0.904
  15    2  500 771540 3.245445e-01 0.904
  15    7  600 925540 3.235184e-01 0.904
  15   10  700 1079540 3.213104e-01 0.904
  15    5  800 1233540 3.189918e-01 0.920
  15    4  900 1387540 3.189096e-01 0.920
  15    0 1000 1541540 3.188332e-01 0.920
  16    0    0   1540 6.953066e-01 0.788
  16    1  100 155540 3.137447e-01 0.913
  16    0  200 309540 2.955942e-01 0.916
  16   17  300 463540 2.940542e-01 0.932
  16    5  400 617540 2.910021e-01 0.932
  16    4  500 771540 2.904278e-01 0.932
  16    9  600 925540 2.902608e-01 0.932
  16    7  700 1079540 2.897704e-01 0.932
  16   31  800 1233540 2.897539e-01 0.932
  16    9  900 1387540 2.897348e-01 0.932
  16    2 1000 1541540 2.896866e-01 0.937
  17    0    0   1540 6.720456e-01 0.796
  17    5  100 155540 2.727354e-01 0.923
  17   12  200 309540 2.683635e-01 0.926
  17    5  300 463540 2.679350e-01 0.926
  17    3  400 617540 2.537384e-01 0.943
  17    1  500 771540 2.493236e-01 0.943
  17    4  600 925540 2.489371e-01 0.959
  17   10  700 1079540 2.487867e-01 0.959
  17   13  800 1233540 2.487032e-01 0.959
  17   17  900 1387540 2.486729e-01 0.959
  17   13 1000 1541540 2.486374e-01 0.959
  18    0    0   1540 6.587970e-01 0.793
  18    0  100 155540 3.016372e-01 0.899
  18    5  200 309540 2.925775e-01 0.932
  18    0  300 463540 2.911239e-01 0.932
  18   10  400 617540 2.909186e-01 0.939
  18    1  500 771540 2.903318e-01 0.939
  18   20  600 925540 2.901749e-01 0.939
  18   18  700 1079540 2.900079e-01 0.939
  18    4  800 1233540 2.897183e-01 0.939
  18    5  900 1387540 2.896842e-01 0.939
  18   26 1000 1541540 2.895840e-01 0.939
  19    0    0   1540 6.315631e-01 0.753
  19    2  100 155540 3.077213e-01 0.930
  19   22  200 309540 3.024643e-01 0.930
  19   35  300 463540 3.016324e-01 0.936
  19   50  400 617540 3.016136e-01 0.939
  19   14  500 771540 3.012912e-01 0.939
  19    8  600 925540 3.004857e-01 0.939
  19    2  700 1079540 3.002274e-01 0.939
  19    1  800 1233540 2.999705e-01 0.942
  19    0  900 1387540 2.993786e-01 0.942
  19   23 1000 1541540 2.992821e-01 0.951
  20    0    0   1540 7.189188e-01 0.743
  20    0  100 155540 3.370458e-01 0.936
  20   11  200 309540 2.537084e-01 0.936
  20    6  300 463540 2.533891e-01 0.936
  20    6  400 617540 2.532886e-01 0.936
  20   16  500 771540 2.528081e-01 0.936
  20   27  600 925540 2.527862e-01 0.944
  20    2  700 1079540 2.499570e-01 0.944
  20   10  800 1233540 2.498670e-01 0.944
  20    1  900 1387540 2.488911e-01 0.944
  20   22 1000 1541540 2.486334e-01 0.944
  21    0    0   1540 6.235230e-01 0.751
  21    9  100 155540 3.912099e-01 0.857
  21    0  200 309540 3.874351e-01 0.916
  21   10  300 463540 3.782234e-01 0.916
  21    7  400 617540 3.697147e-01 0.916
  21    5  500 771540 3.681684e-01 0.916
  21   18  600 925540 3.500013e-01 0.916
  21    7  700 1079540 3.470345e-01 0.916
  21    1  800 1233540 3.457752e-01 0.916
  21    0  900 1387540 3.438984e-01 0.916
  21    9 1000 1541540 3.437575e-01 0.916
  22    0    0   1540 6.253719e-01 0.803
  22    1  100 155540 4.126755e-01 0.897
  22   18  200 309540 3.896701e-01 0.897
  22    1  300 463540 3.893033e-01 0.906
  22    0  400 617540 3.556764e-01 0.911
  22    1  500 771540 3.504151e-01 0.911
  22    1  600 925540 3.485699e-01 0.929
  22   12  700 1079540 3.468087e-01 0.929
  22    4  800 1233540 2.876132e-01 0.940
  22    9  900 1387540 2.870650e-01 0.940
  22    9 1000 1541540 2.870257e-01 0.940
  23    0    0   1540 6.311280e-01 0.777
  23    8  100 155540 4.083270e-01 0.882
  23   25  200 309540 3.279565e-01 0.907
  23   17  300 463540 3.279458e-01 0.907
  23    0  400 617540 3.191407e-01 0.907
  23    0  500 771540 3.044138e-01 0.919
  23    1  600 925540 2.915589e-01 0.928
  23    5  700 1079540 2.903934e-01 0.929
  23   10  800 1233540 2.901211e-01 0.935
  23    9  900 1387540 2.899463e-01 0.942
  23   21 1000 1541540 2.899455e-01 0.942
  24    0    0   1540 6.401727e-01 0.780
  24    5  100 155540 3.971912e-01 0.914
  24    0  200 309540 3.106040e-01 0.914
  24    3  300 463540 3.085626e-01 0.914
  24   43  400 617540 3.066450e-01 0.914
  24    3  500 771540 3.042341e-01 0.914
  24   10  600 925540 3.026549e-01 0.914
  24    4  700 1079540 2.993988e-01 0.914
  24    0  800 1233540 2.942505e-01 0.914
  24    0  900 1387540 2.909786e-01 0.927
  24    8 1000 1541540 2.906481e-01 0.927
  25    0    0   1540 7.276711e-01 0.769
  25    0  100 155540 3.406787e-01 0.889
  25   11  200 309540 3.025265e-01 0.923
  25    7  300 463540 2.969333e-01 0.933
  25   68  400 617540 2.968699e-01 0.933
  25   25  500 771540 2.966799e-01 0.939
  25    3  600 925540 2.953051e-01 0.939
  25    0  700 1079540 2.950605e-01 0.939
  25    3  800 1233540 2.942234e-01 0.943
  25    2  900 1387540 2.898143e-01 0.943
  25    0 1000 1541540 2.851924e-01 0.943
  26    0    0   1540 6.616465e-01 0.811
  26    7  100 155540 5.051303e-01 0.846
  26    4  200 309540 4.030074e-01 0.878
  26    3  300 463540 3.899917e-01 0.886
  26   10  400 617540 3.896214e-01 0.895
  26    2  500 771540 3.823579e-01 0.895
  26   11  600 925540 3.748838e-01 0.905
  26    3  700 1079540 3.719748e-01 0.918
  26    4  800 1233540 3.529416e-01 0.928
  26    2  900 1387540 3.529152e-01 0.934
  26   32 1000 1541540 3.528278e-01 0.934
  27    0    0   1540 5.629623e-01 0.805
  27    0  100 155540 3.517667e-01 0.896
  27    6  200 309540 3.478418e-01 0.896
  27    0  300 463540 3.451986e-01 0.897
  27   21  400 617540 3.446945e-01 0.920
  27   12  500 771540 2.950297e-01 0.925
  27    1  600 925540 2.893393e-01 0.925
  27    1  700 1079540 2.833051e-01 0.933
  27    1  800 1233540 2.707397e-01 0.933
  27    0  900 1387540 2.639947e-01 0.938
  27    0 1000 1541540 2.626383e-01 0.938
  28    0    0   1540 6.631435e-01 0.819
  28    2  100 155540 2.747682e-01 0.904
  28   15  200 309540 2.606359e-01 0.928
  28   11  300 463540 2.586466e-01 0.928
  28    5  400 617540 2.581433e-01 0.928
  28    5  500 771540 2.578130e-01 0.928
  28   64  600 925540 2.576239e-01 0.928
  28    4  700 1079540 2.567233e-01 0.948
  28    4  800 1233540 2.564050e-01 0.948
  28   40  900 1387540 2.563912e-01 0.948
  28   12 1000 1541540 2.563894e-01 0.948
  29    0    0   1540 6.606364e-01 0.804
  29    2  100 155540 3.298692e-01 0.901
  29    2  200 309540 3.015678e-01 0.907
  29   24  300 463540 3.013561e-01 0.909
  29    0  400 617540 3.013498e-01 0.909
  29   28  500 771540 2.997708e-01 0.915
  29    1  600 925540 2.965444e-01 0.915
  29    0  700 1079540 2.938207e-01 0.932
  29    7  800 1233540 2.904202e-01 0.932
  29    9  900 1387540 2.901728e-01 0.933
  29    2 1000 1541540 2.900365e-01 0.933
