   0    0    0    420 1.872699e-01 0.652
   0   11  100  42420 1.178058e-01 0.662
   0    5  200  84420 1.173124e-01 0.664
   0    8  300 126420 1.160931e-01 0.668
   0   26  400 168420 1.160893e-01 0.668
   0   44  500 210420 1.148523e-01 0.669
   0   18  600 252420 1.148461e-01 0.669
   0    4  700 294420 1.148371e-01 0.669
   0    3  800 336420 1.136767e-01 0.669
   0    8  900 378420 1.133332e-01 0.669
   0    3 1000 420420 1.132814e-01 0.669
   1    0    0    420 2.015580e-01 0.651
   1   14  100  42420 1.135471e-01 0.669
   1   13  200  84420 1.135403e-01 0.670
   1    8  300 126420 1.135267e-01 0.670
   1    1  400 168420 1.135246e-01 0.670
   1   13  500 210420 1.135029e-01 0.670
   1   78  600 252420 1.134866e-01 0.670
   1    5  700 294420 1.134827e-01 0.670
   1   23  800 336420 1.134825e-01 0.670
   1    0  900 378420 1.133547e-01 0.670
   1   20 1000 420420 1.133025e-01 0.670
   2    0    0    420 1.720093e-01 0.636
   2    1  100  42420 1.169805e-01 0.667
   2    1  200  84420 1.168481e-01 0.668
   2    2  300 126420 1.166360e-01 0.668
   2   18  400 168420 1.139717e-01 0.668
   2    5  500 210420 1.139714e-01 0.668
   2    2  600 252420 1.137512e-01 0.669
   2   32  700 294420 1.137264e-01 0.670
   2    1  800 336420 1.137242e-01 0.670
   2    0  900 378420 1.137010e-01 0.670
   2    1 1000 420420 1.133550e-01 0.670
   3    0    0    420 1.781358e-01 0.646
   3    5  100  42420 1.175025e-01 0.659
   3    5  200  84420 1.174609e-01 0.664
   3   30  300 126420 1.174313e-01 0.664
   3    1  400 168420 1.135977e-01 0.665
   3   24  500 210420 1.135962e-01 0.668
   3   64  600 252420 1.135960e-01 0.668
   3   53  700 294420 1.135960e-01 0.668
   3  153  800 336420 1.135960e-01 0.669
   3   38  900 378420 1.133294e-01 0.669
   3    4 1000 420420 1.132815e-01 0.669
   4    0    0    420 1.754535e-01 0.653
   4   11  100  42420 1.161710e-01 0.669
   4   15  200  84420 1.152469e-01 0.669
   4   40  300 126420 1.152426e-01 0.669
   4   27  400 168420 1.152277e-01 0.669
   4    1  500 210420 1.142715e-01 0.669
   4   19  600 252420 1.137027e-01 0.669
   4    0  700 294420 1.131170e-01 0.669
   4   19  800 336420 1.130878e-01 0.669
   4    0  900 378420 1.130875e-01 0.669
   4    5 1000 420420 1.130871e-01 0.669
   5    0    0    420 1.479357e-01 0.660
   5   11  100  42420 1.147157e-01 0.669
   5   11  200  84420 1.147037e-01 0.669
   5   23  300 126420 1.146724e-01 0.671
   5    1  400 168420 1.146335e-01 0.671
   5   41  500 210420 1.144889e-01 0.671
   5   52  600 252420 1.144889e-01 0.673
   5    9  700 294420 1.144847e-01 0.673
   5   12  800 336420 1.144821e-01 0.673
   5   36  900 378420 1.142353e-01 0.673
   5  136 1000 420420 1.142353e-01 0.673
   6    0    0    420 1.458436e-01 0.655
   6    5  100  42420 1.158128e-01 0.670
   6   12  200  84420 1.148378e-01 0.670
   6    5  300 126420 1.142761e-01 0.670
   6    2  400 168420 1.137205e-01 0.670
   6   28  500 210420 1.137071e-01 0.670
   6    5  600 252420 1.132875e-01 0.670
   6   18  700 294420 1.132437e-01 0.670
   6   30  800 336420 1.132035e-01 0.670
   6   11  900 378420 1.131953e-01 0.670
   6   29 1000 420420 1.131579e-01 0.670
   7    0    0    420 1.675132e-01 0.654
   7    6  100  42420 1.206070e-01 0.664
   7   11  200  84420 1.142241e-01 0.665
   7   25  300 126420 1.141050e-01 0.667
   7   67  400 168420 1.141041e-01 0.668
   7   36  500 210420 1.140666e-01 0.668
   7    0  600 252420 1.140117e-01 0.668
   7    4  700 294420 1.133097e-01 0.668
   7    4  800 336420 1.131981e-01 0.673
   7    8  900 378420 1.131274e-01 0.673
   7    1 1000 420420 1.130998e-01 0.673
   8    0    0    420 1.861585e-01 0.647
   8    1  100  42420 1.176806e-01 0.661
   8   63  200  84420 1.171872e-01 0.666
   8   10  300 126420 1.171204e-01 0.666
   8    9  400 168420 1.139802e-01 0.668
   8    5  500 210420 1.138446e-01 0.669
   8    0  600 252420 1.134864e-01 0.669
   8   61  700 294420 1.134211e-01 0.669
   8    3  800 336420 1.134178e-01 0.669
   8    3  900 378420 1.132754e-01 0.669
   8   19 1000 420420 1.132745e-01 0.669
   9    0    0    420 1.759925e-01 0.657
   9   19  100  42420 1.193740e-01 0.666
   9   22  200  84420 1.145238e-01 0.666
   9   25  300 126420 1.145238e-01 0.667
   9   33  400 168420 1.145215e-01 0.667
   9    1  500 210420 1.142267e-01 0.667
   9    7  600 252420 1.142263e-01 0.668
   9    5  700 294420 1.137665e-01 0.669
   9    2  800 336420 1.136965e-01 0.669
   9   10  900 378420 1.136561e-01 0.669
   9    7 1000 420420 1.136498e-01 0.669
  10    0    0    420 1.515273e-01 0.647
  10   24  100  42420 1.154920e-01 0.667
  10    6  200  84420 1.148359e-01 0.667
  10    3  300 126420 1.146781e-01 0.669
  10   23  400 168420 1.145882e-01 0.669
  10    0  500 210420 1.138835e-01 0.670
  10   33  600 252420 1.132526e-01 0.670
  10    6  700 294420 1.132146e-01 0.670
  10   10  800 336420 1.131124e-01 0.670
  10   11  900 378420 1.131106e-01 0.670
  10    1 1000 420420 1.131101e-01 0.670
  11    0    0    420 1.543554e-01 0.648
  11   22  100  42420 1.183575e-01 0.661
  11    1  200  84420 1.140810e-01 0.661
  11   32  300 126420 1.140470e-01 0.666
  11   33  400 168420 1.140421e-01 0.666
  11  133  500 210420 1.140421e-01 0.666
  11   16  600 252420 1.134876e-01 0.667
  11   26  700 294420 1.134381e-01 0.667
  11    4  800 336420 1.134262e-01 0.667
  11    1  900 378420 1.130702e-01 0.667
  11   30 1000 420420 1.130507e-01 0.667
  12    0    0    420 1.513329e-01 0.658
  12    3  100  42420 1.145630e-01 0.670
  12   64  200  84420 1.145187e-01 0.670
  12   29  300 126420 1.138239e-01 0.670
  12   24  400 168420 1.138027e-01 0.670
  12   26  500 210420 1.137973e-01 0.670
  12   49  600 252420 1.137956e-01 0.670
  12    0  700 294420 1.134967e-01 0.670
  12   19  800 336420 1.134460e-01 0.670
  12   48  900 378420 1.134358e-01 0.670
  12    2 1000 420420 1.133762e-01 0.670
  13    0    0    420 1.722549e-01 0.656
  13   16  100  42420 1.153613e-01 0.673
  13    0  200  84420 1.153586e-01 0.673
  13  100  300 126420 1.153586e-01 0.673
  13   25  400 168420 1.152973e-01 0.673
  13   14  500 210420 1.152570e-01 0.673
  13   31  600 252420 1.147712e-01 0.673
  13    6  700 294420 1.143369e-01 0.673
  13   11  800 336420 1.142887e-01 0.673
  13    1  900 378420 1.141724e-01 0.673
  13    0 1000 420420 1.138482e-01 0.673
  14    0    0    420 1.636019e-01 0.658
  14    1  100  42420 1.155733e-01 0.664
  14    0  200  84420 1.149206e-01 0.664
  14   17  300 126420 1.149164e-01 0.664
  14   68  400 168420 1.149128e-01 0.667
  14    9  500 210420 1.149112e-01 0.669
  14  109  600 252420 1.149112e-01 0.669
  14   13  700 294420 1.149033e-01 0.669
  14    1  800 336420 1.146379e-01 0.669
  14   13  900 378420 1.142582e-01 0.669
  14    0 1000 420420 1.136535e-01 0.669
  15    0    0    420 1.602840e-01 0.655
  15    6  100  42420 1.151092e-01 0.667
  15   33  200  84420 1.151056e-01 0.667
  15   10  300 126420 1.145368e-01 0.667
  15    5  400 168420 1.145322e-01 0.669
  15    0  500 210420 1.143366e-01 0.669
  15    2  600 252420 1.143006e-01 0.669
  15    4  700 294420 1.132855e-01 0.669
  15    5  800 336420 1.131837e-01 0.669
  15   33  900 378420 1.131731e-01 0.669
  15   19 1000 420420 1.131725e-01 0.669
  16    0    0    420 1.621616e-01 0.648
  16   55  100  42420 1.161421e-01 0.666
  16   33  200  84420 1.153266e-01 0.667
  16   32  300 126420 1.153079e-01 0.668
  16   31  400 168420 1.140972e-01 0.668
  16    6  500 210420 1.138164e-01 0.678
  16   17  600 252420 1.138057e-01 0.678
  16    3  700 294420 1.136434e-01 0.678
  16    0  800 336420 1.135212e-01 0.678
  16    0  900 378420 1.134850e-01 0.678
  16    4 1000 420420 1.131723e-01 0.678
  17    0    0    420 1.551909e-01 0.644
  17   26  100  42420 1.174296e-01 0.666
  17    0  200  84420 1.155890e-01 0.666
  17   14  300 126420 1.151667e-01 0.667
  17   48  400 168420 1.150035e-01 0.667
  17   57  500 210420 1.135919e-01 0.669
  17   15  600 252420 1.135901e-01 0.669
  17    1  700 294420 1.135487e-01 0.669
  17   11  800 336420 1.135384e-01 0.669
  17    3  900 378420 1.135365e-01 0.669
  17    6 1000 420420 1.130551e-01 0.669
  18    0    0    420 1.842625e-01 0.647
  18    3  100  42420 1.170459e-01 0.670
  18   17  200  84420 1.150602e-01 0.670
  18    5  300 126420 1.150200e-01 0.670
  18    7  400 168420 1.145925e-01 0.670
  18    2  500 210420 1.143482e-01 0.670
  18   10  600 252420 1.141674e-01 0.670
  18    2  700 294420 1.139687e-01 0.670
  18    8  800 336420 1.139668e-01 0.670
  18    2  900 378420 1.137613e-01 0.670
  18    0 1000 420420 1.132047e-01 0.670
  19    0    0    420 1.280512e-01 0.658
  19   10  100  42420 1.143500e-01 0.669
  19    6  200  84420 1.143467e-01 0.669
  19    0  300 126420 1.143458e-01 0.670
  19    2  400 168420 1.141320e-01 0.670
  19   17  500 210420 1.137442e-01 0.670
  19   86  600 252420 1.137437e-01 0.670
  19   16  700 294420 1.136417e-01 0.670
  19    0  800 336420 1.135820e-01 0.670
  19    3  900 378420 1.135445e-01 0.670
  19    1 1000 420420 1.135027e-01 0.670
  20    0    0    420 1.413577e-01 0.652
  20    8  100  42420 1.162107e-01 0.666
  20    4  200  84420 1.153022e-01 0.666
  20   20  300 126420 1.152705e-01 0.669
  20    0  400 168420 1.145900e-01 0.669
  20    0  500 210420 1.143181e-01 0.669
  20    2  600 252420 1.140899e-01 0.669
  20    7  700 294420 1.139125e-01 0.669
  20   11  800 336420 1.137245e-01 0.669
  20    2  900 378420 1.135373e-01 0.669
  20    3 1000 420420 1.135302e-01 0.669
  21    0    0    420 1.818736e-01 0.653
  21   45  100  42420 1.143953e-01 0.669
  21    4  200  84420 1.141196e-01 0.669
  21   55  300 126420 1.140808e-01 0.669
  21    5  400 168420 1.136012e-01 0.669
  21   28  500 210420 1.135990e-01 0.670
  21   18  600 252420 1.135537e-01 0.670
  21    3  700 294420 1.134196e-01 0.670
  21    6  800 336420 1.134062e-01 0.670
  21    4  900 378420 1.133999e-01 0.670
  21    8 1000 420420 1.133805e-01 0.670
  22    0    0    420 1.274580e-01 0.656
  22    7  100  42420 1.164598e-01 0.669
  22    7  200  84420 1.161270e-01 0.669
  22    3  300 126420 1.156672e-01 0.669
  22    0  400 168420 1.153070e-01 0.669
  22    4  500 210420 1.147307e-01 0.669
  22   31  600 252420 1.140294e-01 0.669
  22   31  700 294420 1.140273e-01 0.670
  22    2  800 336420 1.136843e-01 0.670
  22   11  900 378420 1.136542e-01 0.670
  22   29 1000 420420 1.136350e-01 0.670
  23    0    0    420 1.536130e-01 0.653
  23    3  100  42420 1.155144e-01 0.668
  23   20  200  84420 1.154935e-01 0.668
  23   11  300 126420 1.154869e-01 0.668
  23    3  400 168420 1.154499e-01 0.668
  23   33  500 210420 1.154317e-01 0.668
  23    1  600 252420 1.151199e-01 0.670
  23   10  700 294420 1.138345e-01 0.670
  23    2  800 336420 1.134344e-01 0.670
  23   36  900 378420 1.133975e-01 0.670
  23    2 1000 420420 1.132684e-01 0.670
  24    0    0    420 1.351818e-01 0.654
  24    5  100  42420 1.141376e-01 0.667
  24   36  200  84420 1.141349e-01 0.667
  24    3  300 126420 1.141085e-01 0.668
  24   43  400 168420 1.140704e-01 0.668
  24    9  500 210420 1.140674e-01 0.668
  24   12  600 252420 1.140597e-01 0.668
  24    6  700 294420 1.140597e-01 0.669
  24   22  800 336420 1.139693e-01 0.669
  24    2  900 378420 1.139578e-01 0.669
  24    0 1000 420420 1.136395e-01 0.669
  25    0    0    420 1.905727e-01 0.657
  25   39  100  42420 1.146964e-01 0.672
  25   14  200  84420 1.146964e-01 0.672
  25   27  300 126420 1.146645e-01 0.672
  25   27  400 168420 1.146643e-01 0.672
  25  127  500 210420 1.146643e-01 0.672
  25   10  600 252420 1.146456e-01 0.672
  25    6  700 294420 1.146105e-01 0.672
  25    9  800 336420 1.137196e-01 0.672
  25    5  900 378420 1.137040e-01 0.672
  25   16 1000 420420 1.136712e-01 0.672
  26    0    0    420 1.736047e-01 0.626
  26   19  100  42420 1.154348e-01 0.667
  26    4  200  84420 1.154263e-01 0.667
  26    0  300 126420 1.152687e-01 0.669
  26   12  400 168420 1.150026e-01 0.669
  26   30  500 210420 1.137492e-01 0.670
  26   14  600 252420 1.136005e-01 0.670
  26   10  700 294420 1.135321e-01 0.670
  26    6  800 336420 1.135295e-01 0.670
  26   12  900 378420 1.134480e-01 0.670
  26   10 1000 420420 1.133791e-01 0.670
  27    0    0    420 1.615469e-01 0.648
  27    9  100  42420 1.151065e-01 0.663
  27    9  200  84420 1.137416e-01 0.669
  27   49  300 126420 1.136992e-01 0.669
  27   34  400 168420 1.136989e-01 0.669
  27   22  500 210420 1.136947e-01 0.669
  27    8  600 252420 1.136876e-01 0.669
  27    4  700 294420 1.133802e-01 0.669
  27    2  800 336420 1.131702e-01 0.669
  27    7  900 378420 1.131675e-01 0.669
  27    0 1000 420420 1.131621e-01 0.669
  28    0    0    420 1.641605e-01 0.650
  28    2  100  42420 1.155264e-01 0.669
  28   23  200  84420 1.142333e-01 0.669
  28   39  300 126420 1.141893e-01 0.669
  28    2  400 168420 1.139255e-01 0.669
  28    6  500 210420 1.134380e-01 0.669
  28    7  600 252420 1.133070e-01 0.669
  28   79  700 294420 1.132642e-01 0.669
  28   33  800 336420 1.132594e-01 0.669
  28   45  900 378420 1.132418e-01 0.669
  28    1 1000 420420 1.132266e-01 0.669
  29    0    0    420 1.295985e-01 0.639
  29   20  100  42420 1.150146e-01 0.662
  29   10  200  84420 1.139090e-01 0.667
  29   32  300 126420 1.138890e-01 0.667
  29  132  400 168420 1.138890e-01 0.668
  29   52  500 210420 1.138890e-01 0.668
  29   73  600 252420 1.138844e-01 0.668
  29    2  700 294420 1.138720e-01 0.668
  29   26  800 336420 1.138634e-01 0.668
  29    5  900 378420 1.133454e-01 0.668
  29   27 1000 420420 1.130923e-01 0.668
