   0    0    0   1540 2.009370e+08 0.594
   0   17  100 155540 2.004209e+08 0.766
   0   10  200 309540 2.004193e+08 0.772
   0   14  300 463540 2.004132e+08 0.772
   0   32  400 617540 2.004130e+08 0.785
   0   24  500 771540 2.004022e+08 0.789
   0  124  600 925540 2.004022e+08 0.789
   0  224  700 1079540 2.004022e+08 0.789
   0   19  800 1233540 2.004022e+08 0.789
   0   31  900 1387540 2.004007e+08 0.795
   0   79 1000 1541540 2.004006e+08 0.797
   1    0    0   1540 2.008897e+08 0.515
   1    8  100 155540 2.004556e+08 0.800
   1   10  200 309540 2.004171e+08 0.800
   1   37  300 463540 2.004044e+08 0.800
   1   21  400 617540 2.004027e+08 0.800
   1    5  500 771540 2.004026e+08 0.800
   1    0  600 925540 2.004026e+08 0.800
   1   13  700 1079540 2.004007e+08 0.800
   1   37  800 1233540 2.004004e+08 0.800
   1  137  900 1387540 2.004004e+08 0.800
   1   38 1000 1541540 2.003998e+08 0.800
   2    0    0   1540 2.011304e+08 0.567
   2    3  100 155540 2.004072e+08 0.757
   2   16  200 309540 2.003975e+08 0.790
   2   26  300 463540 2.003975e+08 0.790
   2    5  400 617540 2.003974e+08 0.790
   2    4  500 771540 2.003974e+08 0.790
   2    0  600 925540 2.003880e+08 0.790
   2  100  700 1079540 2.003880e+08 0.790
   2   27  800 1233540 2.003877e+08 0.790
   2   30  900 1387540 2.003877e+08 0.790
   2    6 1000 1541540 2.003877e+08 0.790
   3    0    0   1540 2.011257e+08 0.716
   3    0  100 155540 2.004093e+08 0.788
   3    2  200 309540 2.004017e+08 0.788
   3    0  300 463540 2.004014e+08 0.788
   3   46  400 617540 2.004013e+08 0.788
   3   18  500 771540 2.004007e+08 0.788
   3   28  600 925540 2.004006e+08 0.788
   3    9  700 1079540 2.003984e+08 0.788
   3  109  800 1233540 2.003984e+08 0.788
   3    2  900 1387540 2.003984e+08 0.788
   3   10 1000 1541540 2.003982e+08 0.788
   4    0    0   1540 2.012956e+08 0.733
   4    0  100 155540 2.004257e+08 0.766
   4    3  200 309540 2.003954e+08 0.803
   4   11  300 463540 2.003910e+08 0.803
   4   34  400 617540 2.003910e+08 0.803
   4   20  500 771540 2.003908e+08 0.803
   4    0  600 925540 2.003908e+08 0.803
   4   23  700 1079540 2.003897e+08 0.803
   4   50  800 1233540 2.003889e+08 0.803
   4   75  900 1387540 2.003889e+08 0.803
   4   40 1000 1541540 2.003889e+08 0.803
   5    0    0   1540 2.011133e+08 0.592
   5    0  100 155540 2.004377e+08 0.774
   5    3  200 309540 2.004100e+08 0.774
   5   33  300 463540 2.004097e+08 0.790
   5   10  400 617540 2.004045e+08 0.790
   5    1  500 771540 2.004039e+08 0.790
   5   76  600 925540 2.004034e+08 0.790
   5   72  700 1079540 2.004034e+08 0.790
   5   58  800 1233540 2.004034e+08 0.790
   5    0  900 1387540 2.004020e+08 0.790
   5   13 1000 1541540 2.003995e+08 0.790
   6    0    0   1540 2.008659e+08 0.561
   6    2  100 155540 2.004154e+08 0.767
   6   17  200 309540 2.004090e+08 0.784
   6   89  300 463540 2.004086e+08 0.784
   6   52  400 617540 2.004085e+08 0.784
   6  152  500 771540 2.004085e+08 0.784
   6   15  600 925540 2.004006e+08 0.800
   6   12  700 1079540 2.003975e+08 0.800
   6   14  800 1233540 2.003974e+08 0.800
   6   75  900 1387540 2.003973e+08 0.800
   6   45 1000 1541540 2.003973e+08 0.800
   7    0    0   1540 2.011167e+08 0.490
   7    5  100 155540 2.004217e+08 0.773
   7    3  200 309540 2.004107e+08 0.773
   7   41  300 463540 2.004096e+08 0.773
   7   21  400 617540 2.004094e+08 0.773
   7  121  500 771540 2.004094e+08 0.773
   7   23  600 925540 2.004030e+08 0.773
   7    0  700 1079540 2.004020e+08 0.773
   7    5  800 1233540 2.004016e+08 0.773
   7   28  900 1387540 2.004015e+08 0.773
   7    5 1000 1541540 2.004011e+08 0.773
   8    0    0   1540 2.007458e+08 0.730
   8    6  100 155540 2.004146e+08 0.757
   8    1  200 309540 2.004017e+08 0.765
   8   25  300 463540 2.003998e+08 0.765
   8   61  400 617540 2.003998e+08 0.796
   8   13  500 771540 2.003989e+08 0.806
   8   65  600 925540 2.003986e+08 0.806
   8   40  700 1079540 2.003985e+08 0.806
   8   33  800 1233540 2.003985e+08 0.806
   8   32  900 1387540 2.003985e+08 0.806
   8   47 1000 1541540 2.003985e+08 0.806
   9    0    0   1540 2.008243e+08 0.643
   9    0  100 155540 2.004215e+08 0.751
   9    1  200 309540 2.004193e+08 0.768
   9    8  300 463540 2.003994e+08 0.768
   9   79  400 617540 2.003994e+08 0.768
   9    9  500 771540 2.003992e+08 0.768
   9    0  600 925540 2.003987e+08 0.768
   9   23  700 1079540 2.003984e+08 0.768
   9   70  800 1233540 2.003983e+08 0.780
   9   12  900 1387540 2.003983e+08 0.780
   9   15 1000 1541540 2.003979e+08 0.780
  10    0    0   1540 2.012094e+08 0.750
  10   21  100 155540 2.003923e+08 0.780
  10    8  200 309540 2.003903e+08 0.780
  10   18  300 463540 2.003900e+08 0.791
  10   40  400 617540 2.003899e+08 0.791
  10   90  500 771540 2.003896e+08 0.791
  10  190  600 925540 2.003896e+08 0.791
  10   98  700 1079540 2.003896e+08 0.791
  10   47  800 1233540 2.003896e+08 0.794
  10   66  900 1387540 2.003894e+08 0.794
  10   67 1000 1541540 2.003879e+08 0.794
  11    0    0   1540 2.013697e+08 0.549
  11    5  100 155540 2.004074e+08 0.767
  11   27  200 309540 2.004059e+08 0.783
  11   51  300 463540 2.004057e+08 0.783
  11    1  400 617540 2.004028e+08 0.783
  11   41  500 771540 2.003968e+08 0.791
  11   47  600 925540 2.003967e+08 0.791
  11   65  700 1079540 2.003896e+08 0.791
  11   44  800 1233540 2.003895e+08 0.791
  11   21  900 1387540 2.003895e+08 0.791
  11   32 1000 1541540 2.003881e+08 0.791
  12    0    0   1540 2.010782e+08 0.665
  12    0  100 155540 2.004189e+08 0.724
  12    1  200 309540 2.004131e+08 0.774
  12   61  300 463540 2.004102e+08 0.774
  12    9  400 617540 2.004055e+08 0.793
  12  109  500 771540 2.004055e+08 0.793
  12   74  600 925540 2.004029e+08 0.793
  12   37  700 1079540 2.004022e+08 0.811
  12   64  800 1233540 2.004022e+08 0.811
  12   27  900 1387540 2.004022e+08 0.811
  12   29 1000 1541540 2.003991e+08 0.811
  13    0    0   1540 2.012370e+08 0.717
  13   27  100 155540 2.004080e+08 0.768
  13    4  200 309540 2.004008e+08 0.776
  13   37  300 463540 2.003993e+08 0.795
  13   33  400 617540 2.003991e+08 0.801
  13   34  500 771540 2.003991e+08 0.801
  13   52  600 925540 2.003990e+08 0.801
  13  152  700 1079540 2.003990e+08 0.801
  13   80  800 1233540 2.003990e+08 0.801
  13   63  900 1387540 2.003990e+08 0.801
  13   23 1000 1541540 2.003990e+08 0.801
  14    0    0   1540 2.014042e+08 0.710
  14   25  100 155540 2.004092e+08 0.793
  14    5  200 309540 2.004090e+08 0.793
  14    5  300 463540 2.004059e+08 0.793
  14   18  400 617540 2.004033e+08 0.793
  14   55  500 771540 2.004032e+08 0.809
  14   37  600 925540 2.004032e+08 0.809
  14   52  700 1079540 2.004032e+08 0.809
  14   28  800 1233540 2.004018e+08 0.809
  14   44  900 1387540 2.004017e+08 0.823
  14   19 1000 1541540 2.004016e+08 0.823
  15    0    0   1540 2.009329e+08 0.532
  15   19  100 155540 2.004128e+08 0.797
  15   29  200 309540 2.004022e+08 0.800
  15   13  300 463540 2.004009e+08 0.800
  15   11  400 617540 2.003902e+08 0.800
  15   36  500 771540 2.003887e+08 0.800
  15  136  600 925540 2.003887e+08 0.800
  15  236  700 1079540 2.003887e+08 0.800
  15   72  800 1233540 2.003886e+08 0.800
  15   62  900 1387540 2.003886e+08 0.800
  15   20 1000 1541540 2.003886e+08 0.800
  16    0    0   1540 2.011281e+08 0.768
  16    0  100 155540 2.004345e+08 0.768
  16   48  200 309540 2.004259e+08 0.773
  16    6  300 463540 2.004256e+08 0.774
  16   28  400 617540 2.004256e+08 0.774
  16   14  500 771540 2.004251e+08 0.774
  16   14  600 925540 2.004009e+08 0.774
  16   24  700 1079540 2.004009e+08 0.774
  16   26  800 1233540 2.004000e+08 0.776
  16    7  900 1387540 2.003996e+08 0.795
  16    5 1000 1541540 2.003996e+08 0.795
  17    0    0   1540 2.009823e+08 0.461
  17    0  100 155540 2.004349e+08 0.745
  17   12  200 309540 2.004229e+08 0.794
  17   12  300 463540 2.004217e+08 0.794
  17   48  400 617540 2.004003e+08 0.794
  17   17  500 771540 2.004003e+08 0.794
  17   56  600 925540 2.003993e+08 0.833
  17    2  700 1079540 2.003993e+08 0.833
  17    0  800 1233540 2.003895e+08 0.833
  17   17  900 1387540 2.003892e+08 0.833
  17   30 1000 1541540 2.003892e+08 0.833
  18    0    0   1540 2.009931e+08 0.758
  18    5  100 155540 2.004272e+08 0.758
  18   71  200 309540 2.004271e+08 0.768
  18   18  300 463540 2.004027e+08 0.768
  18   33  400 617540 2.004027e+08 0.768
  18  133  500 771540 2.004027e+08 0.780
  18    5  600 925540 2.004027e+08 0.780
  18   77  700 1079540 2.004027e+08 0.780
  18    8  800 1233540 2.004027e+08 0.780
  18   70  900 1387540 2.004027e+08 0.780
  18   34 1000 1541540 2.004027e+08 0.780
  19    0    0   1540 2.010513e+08 0.569
  19    0  100 155540 2.004132e+08 0.746
  19   33  200 309540 2.004110e+08 0.780
  19   15  300 463540 2.003970e+08 0.780
  19   33  400 617540 2.003911e+08 0.817
  19   91  500 771540 2.003911e+08 0.817
  19   22  600 925540 2.003910e+08 0.817
  19  122  700 1079540 2.003910e+08 0.817
  19    7  800 1233540 2.003909e+08 0.817
  19   19  900 1387540 2.003909e+08 0.817
  19   12 1000 1541540 2.003886e+08 0.818
  20    0    0   1540 2.014481e+08 0.683
  20    1  100 155540 2.003987e+08 0.785
  20   38  200 309540 2.003979e+08 0.785
  20   30  300 463540 2.003979e+08 0.785
  20    0  400 617540 2.003954e+08 0.785
  20   13  500 771540 2.003951e+08 0.785
  20   18  600 925540 2.003898e+08 0.785
  20   83  700 1079540 2.003897e+08 0.785
  20    8  800 1233540 2.003897e+08 0.785
  20   59  900 1387540 2.003896e+08 0.785
  20   51 1000 1541540 2.003896e+08 0.785
  21    0    0   1540 2.011062e+08 0.755
  21    2  100 155540 2.004217e+08 0.763
  21    6  200 309540 2.004128e+08 0.763
  21   29  300 463540 2.004123e+08 0.763
  21   11  400 617540 2.004120e+08 0.763
  21   17  500 771540 2.004119e+08 0.763
  21   33  600 925540 2.004082e+08 0.769
  21    8  700 1079540 2.004082e+08 0.769
  21   50  800 1233540 2.004077e+08 0.769
  21   12  900 1387540 2.003984e+08 0.795
  21    2 1000 1541540 2.003984e+08 0.795
  22    0    0   1540 2.012063e+08 0.542
  22    4  100 155540 2.004084e+08 0.783
  22   10  200 309540 2.004073e+08 0.783
  22    1  300 463540 2.004024e+08 0.783
  22   25  400 617540 2.004004e+08 0.783
  22   43  500 771540 2.003998e+08 0.783
  22    5  600 925540 2.003987e+08 0.783
  22   43  700 1079540 2.003987e+08 0.783
  22    2  800 1233540 2.003986e+08 0.785
  22   26  900 1387540 2.003986e+08 0.785
  22  126 1000 1541540 2.003986e+08 0.785
  23    0    0   1540 2.006476e+08 0.689
  23    0  100 155540 2.004072e+08 0.753
  23    1  200 309540 2.004054e+08 0.780
  23   39  300 463540 2.004051e+08 0.780
  23    4  400 617540 2.004022e+08 0.789
  23   74  500 771540 2.004022e+08 0.790
  23   26  600 925540 2.004016e+08 0.790
  23  126  700 1079540 2.004016e+08 0.790
  23  226  800 1233540 2.004016e+08 0.790
  23  326  900 1387540 2.004016e+08 0.790
  23   84 1000 1541540 2.003992e+08 0.791
  24    0    0   1540 2.011815e+08 0.498
  24    0  100 155540 2.004139e+08 0.765
  24    5  200 309540 2.004106e+08 0.779
  24   62  300 463540 2.004066e+08 0.779
  24   30  400 617540 2.004066e+08 0.779
  24   62  500 771540 2.004066e+08 0.779
  24   12  600 925540 2.004058e+08 0.787
  24   38  700 1079540 2.004013e+08 0.787
  24   20  800 1233540 2.004012e+08 0.794
  24   42  900 1387540 2.004012e+08 0.794
  24   36 1000 1541540 2.004011e+08 0.794
  25    0    0   1540 2.009658e+08 0.589
  25    3  100 155540 2.004102e+08 0.795
  25   35  200 309540 2.004070e+08 0.795
  25   37  300 463540 2.004070e+08 0.795
  25   57  400 617540 2.004062e+08 0.795
  25   12  500 771540 2.004038e+08 0.795
  25    5  600 925540 2.004031e+08 0.795
  25    8  700 1079540 2.004014e+08 0.795
  25   23  800 1233540 2.004003e+08 0.795
  25   58  900 1387540 2.004002e+08 0.795
  25   13 1000 1541540 2.004002e+08 0.795
  26    0    0   1540 2.011338e+08 0.623
  26    5  100 155540 2.004331e+08 0.765
  26    6  200 309540 2.004196e+08 0.765
  26    3  300 463540 2.004031e+08 0.765
  26   11  400 617540 2.004020e+08 0.765
  26    7  500 771540 2.003983e+08 0.765
  26   43  600 925540 2.003982e+08 0.765
  26   59  700 1079540 2.003980e+08 0.765
  26   36  800 1233540 2.003980e+08 0.765
  26   24  900 1387540 2.003980e+08 0.765
  26   22 1000 1541540 2.003977e+08 0.765
  27    0    0   1540 2.010326e+08 0.483
  27   14  100 155540 2.004274e+08 0.765
  27   38  200 309540 2.004160e+08 0.794
  27   33  300 463540 2.004156e+08 0.794
  27   41  400 617540 2.004087e+08 0.794
  27    3  500 771540 2.004073e+08 0.794
  27  103  600 925540 2.004073e+08 0.794
  27  203  700 1079540 2.004073e+08 0.794
  27   24  800 1233540 2.004072e+08 0.794
  27    4  900 1387540 2.004072e+08 0.794
  27    7 1000 1541540 2.004055e+08 0.794
  28    0    0   1540 2.006893e+08 0.565
  28    0  100 155540 2.004110e+08 0.777
  28   27  200 309540 2.004107e+08 0.830
  28   72  300 463540 2.004107e+08 0.830
  28    2  400 617540 2.003937e+08 0.830
  28   45  500 771540 2.003923e+08 0.830
  28   11  600 925540 2.003923e+08 0.830
  28    3  700 1079540 2.003895e+08 0.830
  28   82  800 1233540 2.003893e+08 0.830
  28   26  900 1387540 2.003892e+08 0.830
  28   84 1000 1541540 2.003889e+08 0.830
  29    0    0   1540 2.006776e+08 0.534
  29   17  100 155540 2.004416e+08 0.769
  29   11  200 309540 2.004069e+08 0.776
  29   71  300 463540 2.004039e+08 0.776
  29   29  400 617540 2.004030e+08 0.776
  29    1  500 771540 2.003938e+08 0.776
  29   27  600 925540 2.003932e+08 0.776
  29   16  700 1079540 2.003881e+08 0.780
  29   55  800 1233540 2.003878e+08 0.780
  29   15  900 1387540 2.003878e+08 0.780
  29  115 1000 1541540 2.003878e+08 0.780
