   0    0    0   1540 1.691820e-01 0.641
   0    7  100 155540 1.044650e-01 0.759
   0    1  200 309540 1.042558e-01 0.760
   0    0  300 463540 1.040502e-01 0.763
   0   12  400 617540 1.026122e-01 0.763
   0    0  500 771540 1.017613e-01 0.763
   0   55  600 925540 1.017341e-01 0.768
   0    1  700 1079540 1.015716e-01 0.768
   0    6  800 1233540 1.013595e-01 0.768
   0    1  900 1387540 1.012200e-01 0.768
   0    0 1000 1541540 1.010224e-01 0.768
   1    0    0   1540 1.733481e-01 0.704
   1   26  100 155540 1.030815e-01 0.719
   1    4  200 309540 1.012193e-01 0.786
   1   15  300 463540 1.012184e-01 0.786
   1   14  400 617540 1.011067e-01 0.786
   1    8  500 771540 1.008101e-01 0.786
   1    9  600 925540 1.006412e-01 0.786
   1    6  700 1079540 1.002503e-01 0.786
   1    4  800 1233540 7.850131e-02 0.812
   1    1  900 1387540 7.603991e-02 0.831
   1    0 1000 1541540 7.595395e-02 0.832
   2    0    0   1540 1.409134e-01 0.644
   2   42  100 155540 9.197653e-02 0.750
   2   53  200 309540 9.194355e-02 0.753
   2    7  300 463540 9.112346e-02 0.756
   2   36  400 617540 9.111579e-02 0.802
   2    7  500 771540 9.066789e-02 0.802
   2    2  600 925540 8.924112e-02 0.802
   2    1  700 1079540 8.847010e-02 0.802
   2   10  800 1233540 8.817954e-02 0.802
   2    4  900 1387540 8.775528e-02 0.802
   2    2 1000 1541540 8.753004e-02 0.802
   3    0    0   1540 1.446838e-01 0.705
   3    3  100 155540 1.113553e-01 0.765
   3    9  200 309540 1.065279e-01 0.765
   3    9  300 463540 1.065156e-01 0.767
   3   11  400 617540 1.065143e-01 0.767
   3   13  500 771540 1.065048e-01 0.779
   3   19  600 925540 1.065045e-01 0.779
   3    8  700 1079540 1.064167e-01 0.779
   3    4  800 1233540 1.009853e-01 0.779
   3    8  900 1387540 1.008753e-01 0.779
   3    9 1000 1541540 1.008159e-01 0.779
   4    0    0   1540 1.732465e-01 0.658
   4    4  100 155540 1.077402e-01 0.761
   4   62  200 309540 1.073931e-01 0.761
   4   91  300 463540 1.073916e-01 0.761
   4   15  400 617540 1.073230e-01 0.761
   4    1  500 771540 1.012855e-01 0.795
   4    2  600 925540 8.964316e-02 0.796
   4    3  700 1079540 8.706982e-02 0.796
   4    0  800 1233540 8.633282e-02 0.800
   4    2  900 1387540 8.570973e-02 0.800
   4    2 1000 1541540 8.541346e-02 0.800
   5    0    0   1540 1.695665e-01 0.650
   5   15  100 155540 1.065987e-01 0.768
   5    2  200 309540 1.056398e-01 0.768
   5    8  300 463540 1.043035e-01 0.768
   5    0  400 617540 1.032919e-01 0.768
   5    1  500 771540 1.023001e-01 0.775
   5    2  600 925540 9.130413e-02 0.775
   5    4  700 1079540 8.654732e-02 0.787
   5    7  800 1233540 8.649355e-02 0.790
   5    7  900 1387540 8.585632e-02 0.790
   5    0 1000 1541540 7.629701e-02 0.816
   6    0    0   1540 1.497978e-01 0.656
   6    0  100 155540 9.237104e-02 0.763
   6    3  200 309540 9.010534e-02 0.772
   6    8  300 463540 8.420612e-02 0.819
   6    3  400 617540 7.920029e-02 0.834
   6    0  500 771540 7.796595e-02 0.834
   6    0  600 925540 7.668183e-02 0.834
   6   15  700 1079540 7.660105e-02 0.834
   6    8  800 1233540 7.650744e-02 0.834
   6    4  900 1387540 7.645762e-02 0.834
   6    8 1000 1541540 7.616953e-02 0.834
   7    0    0   1540 1.955538e-01 0.655
   7    1  100 155540 1.053580e-01 0.764
   7    3  200 309540 1.048136e-01 0.798
   7   50  300 463540 1.047375e-01 0.798
   7    7  400 617540 1.044675e-01 0.798
   7    2  500 771540 1.041734e-01 0.798
   7    0  600 925540 1.035352e-01 0.798
   7   28  700 1079540 1.035205e-01 0.798
   7   16  800 1233540 1.035151e-01 0.798
   7    7  900 1387540 1.035138e-01 0.798
   7    3 1000 1541540 1.035090e-01 0.798
   8    0    0   1540 1.663166e-01 0.632
   8    2  100 155540 1.031684e-01 0.742
   8   13  200 309540 1.016850e-01 0.785
   8    3  300 463540 1.016417e-01 0.785
   8    2  400 617540 1.015989e-01 0.785
   8    6  500 771540 1.015559e-01 0.785
   8    0  600 925540 8.944102e-02 0.785
   8    0  700 1079540 8.852617e-02 0.785
   8    2  800 1233540 8.650547e-02 0.785
   8    3  900 1387540 8.620436e-02 0.785
   8    1 1000 1541540 8.608381e-02 0.806
   9    0    0   1540 1.649520e-01 0.703
   9    0  100 155540 9.453513e-02 0.743
   9    5  200 309540 9.195031e-02 0.778
   9    0  300 463540 8.826696e-02 0.780
   9   12  400 617540 8.697430e-02 0.785
   9    3  500 771540 8.421334e-02 0.793
   9    0  600 925540 8.370295e-02 0.793
   9    0  700 1079540 8.341253e-02 0.793
   9    0  800 1233540 8.202765e-02 0.793
   9    3  900 1387540 8.189685e-02 0.794
   9   30 1000 1541540 8.185433e-02 0.848
  10    0    0   1540 1.666689e-01 0.680
  10    6  100 155540 1.197414e-01 0.743
  10    2  200 309540 7.751780e-02 0.790
  10    2  300 463540 7.488621e-02 0.800
  10    0  400 617540 7.446501e-02 0.839
  10    4  500 771540 7.259444e-02 0.839
  10    0  600 925540 7.216125e-02 0.839
  10    5  700 1079540 7.210768e-02 0.839
  10    4  800 1233540 7.184390e-02 0.843
  10   10  900 1387540 7.176149e-02 0.843
  10    4 1000 1541540 7.151574e-02 0.843
  11    0    0   1540 1.722835e-01 0.648
  11   21  100 155540 1.017771e-01 0.743
  11   17  200 309540 1.016714e-01 0.743
  11   11  300 463540 1.016503e-01 0.743
  11   43  400 617540 9.310780e-02 0.743
  11   33  500 771540 9.309863e-02 0.749
  11    0  600 925540 8.799405e-02 0.787
  11    1  700 1079540 8.792422e-02 0.788
  11    9  800 1233540 8.782599e-02 0.788
  11    2  900 1387540 8.762716e-02 0.788
  11    7 1000 1541540 8.759036e-02 0.788
  12    0    0   1540 1.630438e-01 0.634
  12    5  100 155540 1.399632e-01 0.750
  12    4  200 309540 1.021445e-01 0.761
  12    4  300 463540 7.692267e-02 0.796
  12    3  400 617540 7.641070e-02 0.808
  12    1  500 771540 7.528723e-02 0.845
  12    2  600 925540 7.441594e-02 0.845
  12   13  700 1079540 7.365351e-02 0.845
  12    2  800 1233540 7.265060e-02 0.845
  12    2  900 1387540 7.239110e-02 0.845
  12    2 1000 1541540 7.221701e-02 0.845
  13    0    0   1540 1.548499e-01 0.651
  13    7  100 155540 1.095451e-01 0.679
  13    1  200 309540 1.081986e-01 0.743
  13    9  300 463540 1.069703e-01 0.760
  13    9  400 617540 1.065604e-01 0.760
  13    7  500 771540 1.031053e-01 0.760
  13    1  600 925540 1.017276e-01 0.760
  13   10  700 1079540 1.017023e-01 0.760
  13   10  800 1233540 1.016833e-01 0.782
  13    4  900 1387540 1.013564e-01 0.782
  13    3 1000 1541540 1.012259e-01 0.782
  14    0    0   1540 1.484926e-01 0.670
  14   13  100 155540 1.016750e-01 0.767
  14    6  200 309540 1.014442e-01 0.767
  14   21  300 463540 1.014049e-01 0.767
  14    2  400 617540 1.013953e-01 0.767
  14    3  500 771540 1.011341e-01 0.767
  14    9  600 925540 1.008546e-01 0.770
  14    0  700 1079540 1.001274e-01 0.770
  14    4  800 1233540 1.001181e-01 0.770
  14    3  900 1387540 1.000409e-01 0.770
  14    1 1000 1541540 9.997141e-02 0.781
  15    0    0   1540 1.856857e-01 0.650
  15    2  100 155540 1.105866e-01 0.762
  15   11  200 309540 1.094407e-01 0.762
  15    1  300 463540 1.093676e-01 0.762
  15    6  400 617540 1.065377e-01 0.762
  15    3  500 771540 9.889504e-02 0.762
  15   22  600 925540 9.876264e-02 0.762
  15    3  700 1079540 9.875601e-02 0.762
  15   45  800 1233540 9.875018e-02 0.762
  15    6  900 1387540 9.861668e-02 0.762
  15   32 1000 1541540 9.861596e-02 0.762
  16    0    0   1540 1.077268e-01 0.646
  16    2  100 155540 9.105689e-02 0.792
  16    1  200 309540 8.885674e-02 0.792
  16    1  300 463540 8.868151e-02 0.792
  16    2  400 617540 8.854098e-02 0.792
  16   37  500 771540 8.822694e-02 0.792
  16    8  600 925540 8.641335e-02 0.792
  16   14  700 1079540 8.601455e-02 0.792
  16    2  800 1233540 8.564951e-02 0.806
  16    2  900 1387540 7.692429e-02 0.828
  16    4 1000 1541540 7.611160e-02 0.833
  17    0    0   1540 1.731199e-01 0.620
  17   32  100 155540 1.103306e-01 0.756
  17   15  200 309540 1.096967e-01 0.756
  17   19  300 463540 1.086315e-01 0.756
  17   15  400 617540 1.084308e-01 0.756
  17   21  500 771540 1.079694e-01 0.756
  17    1  600 925540 1.077456e-01 0.764
  17    0  700 1079540 1.042034e-01 0.764
  17   17  800 1233540 1.033971e-01 0.770
  17   25  900 1387540 1.033790e-01 0.770
  17    7 1000 1541540 1.031702e-01 0.770
  18    0    0   1540 1.697719e-01 0.654
  18    2  100 155540 1.050690e-01 0.715
  18    8  200 309540 1.048222e-01 0.743
  18   10  300 463540 1.045360e-01 0.743
  18   51  400 617540 1.043564e-01 0.743
  18   11  500 771540 1.043388e-01 0.743
  18    1  600 925540 1.040707e-01 0.743
  18    8  700 1079540 1.040622e-01 0.743
  18    4  800 1233540 1.040272e-01 0.743
  18    1  900 1387540 1.039161e-01 0.743
  18    1 1000 1541540 1.038882e-01 0.743
  19    0    0   1540 1.692184e-01 0.670
  19    2  100 155540 9.292139e-02 0.781
  19   10  200 309540 9.170541e-02 0.792
  19    5  300 463540 8.623195e-02 0.792
  19    8  400 617540 8.571833e-02 0.792
  19    5  500 771540 8.566738e-02 0.792
  19    5  600 925540 8.563294e-02 0.792
  19   44  700 1079540 8.560330e-02 0.792
  19   19  800 1233540 8.556805e-02 0.794
  19    2  900 1387540 8.554361e-02 0.801
  19   18 1000 1541540 8.553794e-02 0.801
  20    0    0   1540 1.682103e-01 0.651
  20    6  100 155540 9.572284e-02 0.735
  20    9  200 309540 9.570680e-02 0.747
  20   20  300 463540 9.568105e-02 0.768
  20   67  400 617540 9.567731e-02 0.768
  20    0  500 771540 9.562021e-02 0.768
  20    0  600 925540 9.561332e-02 0.768
  20   35  700 1079540 9.560537e-02 0.781
  20    8  800 1233540 9.560370e-02 0.781
  20    6  900 1387540 9.559635e-02 0.781
  20    3 1000 1541540 9.555703e-02 0.781
  21    0    0   1540 1.676572e-01 0.657
  21   21  100 155540 8.975171e-02 0.768
  21    4  200 309540 8.891714e-02 0.768
  21   45  300 463540 8.890596e-02 0.768
  21    6  400 617540 8.609402e-02 0.768
  21    3  500 771540 8.538171e-02 0.768
  21   15  600 925540 8.533369e-02 0.768
  21   11  700 1079540 8.531653e-02 0.768
  21    2  800 1233540 8.519286e-02 0.768
  21    0  900 1387540 8.400155e-02 0.768
  21   55 1000 1541540 8.400037e-02 0.783
  22    0    0   1540 1.681626e-01 0.691
  22   13  100 155540 1.085484e-01 0.776
  22   12  200 309540 1.063878e-01 0.776
  22    0  300 463540 1.055916e-01 0.776
  22    3  400 617540 1.047763e-01 0.776
  22    2  500 771540 1.046345e-01 0.776
  22    2  600 925540 1.036055e-01 0.776
  22    3  700 1079540 1.029081e-01 0.776
  22   15  800 1233540 1.024011e-01 0.776
  22    2  900 1387540 1.015876e-01 0.776
  22    1 1000 1541540 1.013034e-01 0.776
  23    0    0   1540 1.790681e-01 0.646
  23    1  100 155540 9.200953e-02 0.761
  23    3  200 309540 9.060164e-02 0.790
  23    1  300 463540 8.991213e-02 0.790
  23    0  400 617540 8.891278e-02 0.790
  23    7  500 771540 7.784185e-02 0.823
  23    1  600 925540 7.663455e-02 0.828
  23    3  700 1079540 7.572242e-02 0.828
  23   11  800 1233540 7.523200e-02 0.828
  23   17  900 1387540 7.495540e-02 0.831
  23    9 1000 1541540 7.474057e-02 0.838
  24    0    0   1540 2.531667e-01 0.712
  24    3  100 155540 9.201073e-02 0.788
  24    2  200 309540 8.817091e-02 0.788
  24    9  300 463540 8.556062e-02 0.788
  24   10  400 617540 8.549274e-02 0.788
  24    1  500 771540 7.668918e-02 0.826
  24   14  600 925540 7.284572e-02 0.840
  24   14  700 1079540 7.142302e-02 0.840
  24    6  800 1233540 7.138508e-02 0.840
  24   20  900 1387540 7.138305e-02 0.840
  24   29 1000 1541540 7.138287e-02 0.840
  25    0    0   1540 1.496054e-01 0.665
  25    5  100 155540 1.081907e-01 0.737
  25   12  200 309540 1.079880e-01 0.737
  25    0  300 463540 1.078236e-01 0.737
  25    1  400 617540 1.062065e-01 0.745
  25   11  500 771540 1.047517e-01 0.767
  25   11  600 925540 1.045452e-01 0.779
  25   29  700 1079540 1.045422e-01 0.793
  25    6  800 1233540 1.042712e-01 0.793
  25    5  900 1387540 1.041873e-01 0.793
  25   10 1000 1541540 1.038309e-01 0.793
  26    0    0   1540 1.701758e-01 0.657
  26    0  100 155540 9.936736e-02 0.754
  26    7  200 309540 9.592970e-02 0.777
  26    0  300 463540 8.925645e-02 0.777
  26    1  400 617540 8.551894e-02 0.777
  26    9  500 771540 8.538287e-02 0.794
  26    1  600 925540 8.537787e-02 0.797
  26   13  700 1079540 8.522634e-02 0.802
  26    3  800 1233540 8.522475e-02 0.802
  26    2  900 1387540 8.519932e-02 0.802
  26    4 1000 1541540 8.511206e-02 0.802
  27    0    0   1540 1.774718e-01 0.646
  27   11  100 155540 1.049455e-01 0.748
  27    1  200 309540 1.048994e-01 0.753
  27    6  300 463540 1.040536e-01 0.766
  27    2  400 617540 9.352218e-02 0.766
  27    0  500 771540 9.058017e-02 0.785
  27    3  600 925540 8.929854e-02 0.798
  27   16  700 1079540 8.792245e-02 0.798
  27    1  800 1233540 8.375141e-02 0.798
  27    2  900 1387540 8.228555e-02 0.798
  27    0 1000 1541540 8.166365e-02 0.798
  28    0    0   1540 1.686858e-01 0.674
  28   10  100 155540 1.075413e-01 0.719
  28    0  200 309540 1.048178e-01 0.732
  28    1  300 463540 1.016395e-01 0.754
  28   10  400 617540 1.007627e-01 0.754
  28   13  500 771540 1.007055e-01 0.754
  28   17  600 925540 1.006489e-01 0.754
  28    3  700 1079540 1.006264e-01 0.768
  28   16  800 1233540 1.006250e-01 0.768
  28   11  900 1387540 1.006077e-01 0.768
  28   20 1000 1541540 1.004321e-01 0.768
  29    0    0   1540 1.881203e-01 0.678
  29    8  100 155540 8.656402e-02 0.777
  29    2  200 309540 8.626312e-02 0.777
  29   32  300 463540 8.606704e-02 0.781
  29    0  400 617540 8.602570e-02 0.789
  29    7  500 771540 8.538854e-02 0.789
  29   10  600 925540 7.774511e-02 0.824
  29    3  700 1079540 7.712692e-02 0.828
  29    3  800 1233540 7.701003e-02 0.828
  29    2  900 1387540 7.557034e-02 0.832
  29    5 1000 1541540 7.462910e-02 0.834
