   0    0    0   1540 2.612616e-01 0.414
   0    1  100 155540 1.179556e-01 0.622
   0    2  200 309540 1.043812e-01 0.672
   0   10  300 463540 1.013176e-01 0.713
   0   49  400 617540 1.013003e-01 0.713
   0   19  500 771540 1.012985e-01 0.713
   0  119  600 925540 1.012985e-01 0.713
   0    5  700 1079540 1.012930e-01 0.713
   0    7  800 1233540 1.007671e-01 0.713
   0    2  900 1387540 1.003976e-01 0.713
   0    5 1000 1541540 9.969311e-02 0.713
   1    0    0   1540 2.246515e-01 0.415
   1   15  100 155540 1.261819e-01 0.632
   1    0  200 309540 1.204299e-01 0.632
   1    7  300 463540 1.190000e-01 0.632
   1    3  400 617540 1.141642e-01 0.632
   1    6  500 771540 1.064434e-01 0.754
   1    0  600 925540 1.034711e-01 0.754
   1   21  700 1079540 1.003030e-01 0.754
   1    1  800 1233540 9.941893e-02 0.754
   1   17  900 1387540 9.895904e-02 0.754
   1   13 1000 1541540 9.889174e-02 0.754
   2    0    0   1540 2.746237e-01 0.512
   2   26  100 155540 1.300782e-01 0.544
   2    9  200 309540 1.298669e-01 0.568
   2   28  300 463540 1.297399e-01 0.568
   2    0  400 617540 1.283974e-01 0.568
   2    4  500 771540 1.279707e-01 0.576
   2    0  600 925540 1.279023e-01 0.576
   2   25  700 1079540 1.278444e-01 0.597
   2    6  800 1233540 1.275498e-01 0.620
   2    0  900 1387540 1.275240e-01 0.620
   2    3 1000 1541540 1.272684e-01 0.621
   3    0    0   1540 2.664286e-01 0.338
   3    9  100 155540 1.231452e-01 0.669
   3    1  200 309540 1.143642e-01 0.704
   3    8  300 463540 1.129787e-01 0.704
   3    2  400 617540 1.033178e-01 0.704
   3   21  500 771540 1.026374e-01 0.704
   3    0  600 925540 1.026089e-01 0.704
   3   26  700 1079540 9.744930e-02 0.704
   3    1  800 1233540 9.723325e-02 0.704
   3    0  900 1387540 9.670087e-02 0.704
   3    2 1000 1541540 9.666250e-02 0.704
   4    0    0   1540 2.567536e-01 0.433
   4   18  100 155540 1.372200e-01 0.580
   4    5  200 309540 1.292713e-01 0.580
   4   11  300 463540 1.281850e-01 0.599
   4    4  400 617540 1.268117e-01 0.707
   4   36  500 771540 1.261947e-01 0.707
   4    9  600 925540 1.254438e-01 0.707
   4    2  700 1079540 1.239811e-01 0.707
   4    1  800 1233540 1.041037e-01 0.707
   4    7  900 1387540 1.011333e-01 0.707
   4    3 1000 1541540 9.873478e-02 0.707
   5    0    0   1540 2.738115e-01 0.437
   5    4  100 155540 1.428683e-01 0.778
   5    9  200 309540 1.412850e-01 0.778
   5    3  300 463540 1.145786e-01 0.778
   5   14  400 617540 1.055985e-01 0.778
   5    6  500 771540 1.049721e-01 0.778
   5   49  600 925540 1.047630e-01 0.778
   5    0  700 1079540 1.028301e-01 0.778
   5    9  800 1233540 1.027067e-01 0.778
   5    3  900 1387540 1.013862e-01 0.778
   5    1 1000 1541540 1.009348e-01 0.778
   6    0    0   1540 2.101080e-01 0.412
   6    1  100 155540 1.331813e-01 0.627
   6   20  200 309540 1.212877e-01 0.688
   6    7  300 463540 1.209266e-01 0.719
   6    6  400 617540 1.205047e-01 0.719
   6    2  500 771540 1.188575e-01 0.719
   6    2  600 925540 1.168575e-01 0.719
   6   16  700 1079540 1.166584e-01 0.719
   6    5  800 1233540 1.163553e-01 0.719
   6    0  900 1387540 1.163435e-01 0.730
   6    7 1000 1541540 1.159245e-01 0.730
   7    0    0   1540 2.364530e-01 0.487
   7   16  100 155540 1.851233e-01 0.565
   7    0  200 309540 1.522120e-01 0.604
   7    1  300 463540 1.336152e-01 0.698
   7    2  400 617540 1.191779e-01 0.698
   7    0  500 771540 1.188753e-01 0.698
   7    1  600 925540 1.176468e-01 0.698
   7    3  700 1079540 1.160779e-01 0.698
   7    2  800 1233540 1.094603e-01 0.698
   7    7  900 1387540 1.078201e-01 0.698
   7    1 1000 1541540 1.065350e-01 0.700
   8    0    0   1540 2.538638e-01 0.538
   8    0  100 155540 1.387505e-01 0.603
   8    1  200 309540 1.334016e-01 0.709
   8    0  300 463540 1.123075e-01 0.709
   8   21  400 617540 1.086540e-01 0.709
   8    5  500 771540 1.046072e-01 0.709
   8   13  600 925540 1.022543e-01 0.709
   8    7  700 1079540 9.723058e-02 0.709
   8    4  800 1233540 9.525363e-02 0.709
   8    0  900 1387540 9.407406e-02 0.709
   8   13 1000 1541540 9.402830e-02 0.709
   9    0    0   1540 2.773097e-01 0.540
   9    0  100 155540 1.288774e-01 0.564
   9    1  200 309540 1.228785e-01 0.613
   9    0  300 463540 1.167528e-01 0.731
   9    3  400 617540 1.167097e-01 0.731
   9    4  500 771540 1.160245e-01 0.731
   9   29  600 925540 1.159812e-01 0.731
   9   13  700 1079540 1.159613e-01 0.737
   9    0  800 1233540 1.159045e-01 0.737
   9    8  900 1387540 1.158890e-01 0.737
   9    0 1000 1541540 1.158089e-01 0.737
  10    0    0   1540 2.739529e-01 0.324
  10   12  100 155540 1.406199e-01 0.597
  10   15  200 309540 1.315170e-01 0.597
  10    3  300 463540 1.292291e-01 0.609
  10    2  400 617540 1.136685e-01 0.609
  10   53  500 771540 1.132513e-01 0.609
  10    0  600 925540 1.107835e-01 0.697
  10   16  700 1079540 9.945938e-02 0.697
  10    3  800 1233540 9.875343e-02 0.697
  10   26  900 1387540 9.691402e-02 0.697
  10    2 1000 1541540 9.680873e-02 0.697
  11    0    0   1540 1.925666e-01 0.421
  11   53  100 155540 1.219710e-01 0.606
  11   21  200 309540 1.218535e-01 0.795
  11    3  300 463540 1.218223e-01 0.795
  11   56  400 617540 1.218192e-01 0.795
  11    8  500 771540 1.150955e-01 0.795
  11   33  600 925540 1.148551e-01 0.795
  11    2  700 1079540 1.143461e-01 0.795
  11    9  800 1233540 1.127052e-01 0.795
  11    2  900 1387540 1.119998e-01 0.795
  11    2 1000 1541540 1.117392e-01 0.795
  12    0    0   1540 2.209019e-01 0.439
  12   12  100 155540 1.256621e-01 0.583
  12   18  200 309540 1.215430e-01 0.629
  12   15  300 463540 1.206423e-01 0.629
  12   30  400 617540 1.206290e-01 0.629
  12   40  500 771540 1.194098e-01 0.629
  12   12  600 925540 1.191407e-01 0.707
  12   13  700 1079540 1.190165e-01 0.710
  12    1  800 1233540 1.188639e-01 0.710
  12    7  900 1387540 1.179030e-01 0.783
  12   16 1000 1541540 1.178118e-01 0.784
  13    0    0   1540 2.266214e-01 0.533
  13   22  100 155540 1.345586e-01 0.611
  13    1  200 309540 1.279038e-01 0.611
  13    1  300 463540 1.247044e-01 0.611
  13    2  400 617540 1.182860e-01 0.697
  13   15  500 771540 1.170067e-01 0.717
  13   11  600 925540 1.164074e-01 0.717
  13    1  700 1079540 1.161160e-01 0.717
  13    1  800 1233540 1.159086e-01 0.727
  13    3  900 1387540 1.158848e-01 0.727
  13    4 1000 1541540 1.158766e-01 0.727
  14    0    0   1540 2.681734e-01 0.445
  14    3  100 155540 1.476851e-01 0.577
  14    9  200 309540 1.472762e-01 0.577
  14    9  300 463540 1.418390e-01 0.696
  14   15  400 617540 1.316258e-01 0.696
  14    4  500 771540 1.114610e-01 0.696
  14    9  600 925540 1.053163e-01 0.698
  14   16  700 1079540 1.040785e-01 0.698
  14    0  800 1233540 1.038826e-01 0.698
  14    4  900 1387540 1.024491e-01 0.698
  14    4 1000 1541540 1.019466e-01 0.698
  15    0    0   1540 2.619153e-01 0.373
  15    0  100 155540 1.381733e-01 0.635
  15    1  200 309540 1.346557e-01 0.660
  15   10  300 463540 1.166312e-01 0.746
  15   22  400 617540 1.083056e-01 0.746
  15    5  500 771540 1.079326e-01 0.753
  15   19  600 925540 1.048626e-01 0.753
  15    6  700 1079540 1.042454e-01 0.753
  15   13  800 1233540 1.042206e-01 0.755
  15    6  900 1387540 1.039689e-01 0.755
  15    2 1000 1541540 1.036826e-01 0.755
  16    0    0   1540 2.499684e-01 0.502
  16    0  100 155540 1.041807e-01 0.587
  16    1  200 309540 1.035802e-01 0.616
  16   30  300 463540 1.032102e-01 0.616
  16   35  400 617540 1.027810e-01 0.616
  16    4  500 771540 9.958667e-02 0.616
  16    3  600 925540 9.815212e-02 0.616
  16    6  700 1079540 9.790675e-02 0.616
  16    0  800 1233540 9.680487e-02 0.616
  16    9  900 1387540 9.641086e-02 0.616
  16    0 1000 1541540 9.612834e-02 0.616
  17    0    0   1540 2.258776e-01 0.380
  17    1  100 155540 1.323839e-01 0.587
  17   49  200 309540 1.302612e-01 0.587
  17    4  300 463540 1.263186e-01 0.587
  17   11  400 617540 1.070777e-01 0.587
  17    2  500 771540 1.035391e-01 0.711
  17    7  600 925540 1.025754e-01 0.711
  17   48  700 1079540 1.025470e-01 0.711
  17    4  800 1233540 1.021144e-01 0.711
  17    8  900 1387540 1.011648e-01 0.711
  17   19 1000 1541540 1.008253e-01 0.711
  18    0    0   1540 2.081163e-01 0.409
  18   17  100 155540 1.512979e-01 0.745
  18    0  200 309540 1.257800e-01 0.745
  18    2  300 463540 1.234356e-01 0.745
  18   19  400 617540 1.233889e-01 0.745
  18    8  500 771540 1.228845e-01 0.745
  18   17  600 925540 1.224569e-01 0.745
  18    8  700 1079540 1.222192e-01 0.745
  18   31  800 1233540 1.222170e-01 0.745
  18    0  900 1387540 1.220747e-01 0.745
  18    0 1000 1541540 1.174030e-01 0.745
  19    0    0   1540 2.343213e-01 0.490
  19    3  100 155540 1.589609e-01 0.579
  19    0  200 309540 1.371118e-01 0.640
  19    5  300 463540 1.341442e-01 0.640
  19    0  400 617540 1.171170e-01 0.640
  19    4  500 771540 1.137561e-01 0.640
  19    3  600 925540 1.128365e-01 0.656
  19   12  700 1079540 1.127990e-01 0.656
  19    0  800 1233540 1.110068e-01 0.679
  19    5  900 1387540 9.989151e-02 0.679
  19   20 1000 1541540 9.915341e-02 0.679
  20    0    0   1540 2.601847e-01 0.452
  20    0  100 155540 1.151536e-01 0.682
  20   55  200 309540 1.120972e-01 0.702
  20   20  300 463540 1.118634e-01 0.745
  20   10  400 617540 1.106793e-01 0.745
  20   85  500 771540 1.104440e-01 0.745
  20   15  600 925540 1.104436e-01 0.745
  20   54  700 1079540 1.104430e-01 0.745
  20  154  800 1233540 1.104430e-01 0.745
  20   10  900 1387540 1.104424e-01 0.745
  20   24 1000 1541540 1.104273e-01 0.745
  21    0    0   1540 2.583380e-01 0.472
  21    5  100 155540 1.421843e-01 0.573
  21    6  200 309540 1.340924e-01 0.592
  21   27  300 463540 1.261396e-01 0.592
  21    3  400 617540 1.188441e-01 0.605
  21    5  500 771540 9.990072e-02 0.605
  21    1  600 925540 9.846458e-02 0.607
  21    3  700 1079540 9.601912e-02 0.607
  21    1  800 1233540 9.582265e-02 0.607
  21    2  900 1387540 9.577212e-02 0.607
  21    1 1000 1541540 9.574915e-02 0.652
  22    0    0   1540 2.235235e-01 0.392
  22    0  100 155540 1.411985e-01 0.563
  22    2  200 309540 1.335094e-01 0.643
  22    4  300 463540 1.282371e-01 0.730
  22    7  400 617540 1.280336e-01 0.730
  22   22  500 771540 1.278140e-01 0.730
  22    2  600 925540 1.267639e-01 0.730
  22    3  700 1079540 1.258267e-01 0.736
  22    0  800 1233540 1.257415e-01 0.736
  22   23  900 1387540 1.252352e-01 0.736
  22    1 1000 1541540 1.252113e-01 0.746
  23    0    0   1540 1.947209e-01 0.542
  23    3  100 155540 1.173272e-01 0.648
  23    5  200 309540 1.171241e-01 0.674
  23    1  300 463540 1.063540e-01 0.674
  23   22  400 617540 1.033985e-01 0.674
  23   42  500 771540 1.025264e-01 0.674
  23   33  600 925540 1.024292e-01 0.674
  23    4  700 1079540 1.022311e-01 0.674
  23   27  800 1233540 1.015925e-01 0.674
  23    0  900 1387540 1.011651e-01 0.674
  23    2 1000 1541540 1.007745e-01 0.674
  24    0    0   1540 2.247601e-01 0.413
  24    1  100 155540 1.505891e-01 0.709
  24   10  200 309540 1.345136e-01 0.709
  24   21  300 463540 1.340475e-01 0.709
  24   16  400 617540 1.339589e-01 0.709
  24   13  500 771540 1.300896e-01 0.709
  24    0  600 925540 1.267596e-01 0.711
  24   10  700 1079540 1.251455e-01 0.740
  24    3  800 1233540 1.247753e-01 0.740
  24    0  900 1387540 1.243134e-01 0.740
  24    5 1000 1541540 1.242781e-01 0.740
  25    0    0   1540 2.396489e-01 0.471
  25    2  100 155540 1.277850e-01 0.707
  25    9  200 309540 1.274040e-01 0.707
  25   38  300 463540 1.272155e-01 0.707
  25   20  400 617540 1.270329e-01 0.707
  25    3  500 771540 1.269732e-01 0.707
  25   15  600 925540 1.243931e-01 0.707
  25    5  700 1079540 1.233622e-01 0.707
  25    5  800 1233540 1.233030e-01 0.718
  25   35  900 1387540 1.232204e-01 0.722
  25   10 1000 1541540 1.231879e-01 0.722
  26    0    0   1540 2.981023e-01 0.398
  26    4  100 155540 1.255643e-01 0.684
  26   21  200 309540 1.157225e-01 0.684
  26    8  300 463540 1.156308e-01 0.684
  26    3  400 617540 1.139056e-01 0.684
  26   30  500 771540 1.122704e-01 0.711
  26    3  600 925540 1.111815e-01 0.711
  26   19  700 1079540 1.108748e-01 0.711
  26    0  800 1233540 1.013949e-01 0.711
  26    1  900 1387540 9.935257e-02 0.711
  26    0 1000 1541540 9.926445e-02 0.711
  27    0    0   1540 2.717224e-01 0.428
  27   13  100 155540 1.261681e-01 0.559
  27    5  200 309540 1.076885e-01 0.559
  27   11  300 463540 1.067205e-01 0.581
  27   14  400 617540 1.050956e-01 0.581
  27   99  500 771540 1.050903e-01 0.616
  27    4  600 925540 1.015964e-01 0.710
  27    1  700 1079540 1.008800e-01 0.710
  27    3  800 1233540 9.870759e-02 0.710
  27   22  900 1387540 9.838117e-02 0.710
  27   17 1000 1541540 9.836826e-02 0.710
  28    0    0   1540 2.646080e-01 0.404
  28    0  100 155540 1.341336e-01 0.629
  28   14  200 309540 1.315949e-01 0.661
  28    2  300 463540 1.281474e-01 0.702
  28    3  400 617540 1.268381e-01 0.702
  28   53  500 771540 1.267415e-01 0.702
  28    4  600 925540 1.266690e-01 0.702
  28    1  700 1079540 1.200207e-01 0.702
  28    0  800 1233540 1.143217e-01 0.702
  28    0  900 1387540 9.571155e-02 0.702
  28    6 1000 1541540 9.551597e-02 0.702
  29    0    0   1540 2.627470e-01 0.409
  29    1  100 155540 1.234164e-01 0.534
  29    2  200 309540 1.173439e-01 0.711
  29   95  300 463540 1.171566e-01 0.711
  29   32  400 617540 1.168026e-01 0.711
  29   24  500 771540 1.167959e-01 0.711
  29   19  600 925540 1.167800e-01 0.711
  29    1  700 1079540 1.167607e-01 0.711
  29   15  800 1233540 1.163779e-01 0.723
  29    2  900 1387540 1.160018e-01 0.723
  29   10 1000 1541540 1.159403e-01 0.723
