Seed:1578629406
N:0 Run:0 0.127311 0.145672 0.190689 0.247849 0.595822 0.458167 0.529003 0.451775 0.52357 0.710632 0.490776 0.555433 0.259814 0.185212 0.144913 0.145971 0.146159 0.150424 0.147117 0.142591 0.14176 2.604489e-01 0.847
N:0 Run:1 0.115177 0.14321 0.139564 0.138859 0.138882 0.138836 0.138848 0.138846 0.138889 0.138841 0.138834 0.138833 0.144344 0.148882 0.142414 0.143932 0.145425 0.145253 0.150164 0.148285 0.142349 2.604489e-01 0.847
N:0 Run:2 0.0733004 0.144669 0.144513 0.141529 0.141954 0.140788 0.141752 0.14295 0.140172 0.142438 0.143032 0.140732 0.151371 0.145976 0.143382 0.141458 0.146035 0.147453 0.140739 0.145381 0.141739 2.604489e-01 0.847
N:0 Run:3 0.112366 0.146146 0.147575 0.142881 0.13909 0.138972 0.138928 0.138842 0.138838 0.138831 0.138961 0.13884 0.139065 0.13885 0.138975 0.138872 0.138863 0.138883 0.138989 0.139436 0.140056 2.604489e-01 0.847
N:0 Run:4 0.0903068 0.143769 0.145775 0.141795 0.146867 0.142258 0.147486 0.140983 0.145673 0.153735 0.148615 0.145727 0.145188 0.150855 0.141743 0.143756 0.148642 0.147612 0.145331 0.144653 0.143792 2.604489e-01 0.847
N:0 Run:5 0.0715185 0.149296 0.150593 0.144249 0.143954 0.144905 0.150807 0.14293 0.142816 0.140396 0.142976 0.148299 0.143296 0.145319 0.145896 0.15023 0.14835 0.164329 0.146802 0.146154 0.142309 2.604489e-01 0.847
N:0 Run:6 0.110938 0.141903 0.139176 0.14035 0.14006 0.143995 0.142179 0.142153 0.139695 0.13997 0.141014 0.140632 0.144601 0.146534 0.145902 0.144105 0.140946 0.143446 0.150825 0.151902 0.149863 2.604489e-01 0.847
N:0 Run:7 0.0982447 0.142472 0.265742 0.463771 0.369064 0.542697 0.652399 0.543033 0.499451 0.519526 0.496405 0.499127 0.189483 0.146966 0.147609 0.154411 0.144632 0.14397 0.142444 0.14232 0.143135 2.604489e-01 0.847
N:0 Run:8 0.102002 0.150064 0.139687 0.139767 0.139638 0.13929 0.13895 0.138897 0.138941 0.139357 0.138967 0.139071 0.140246 0.144358 0.148548 0.147841 0.141819 0.142782 0.142501 0.150021 0.145438 2.604489e-01 0.847
N:0 Run:9 0.0970811 0.145835 0.158783 0.165546 0.192916 0.203114 0.159315 0.190035 0.188622 0.181144 0.180146 0.173696 0.149451 0.152609 0.145961 0.143031 0.146564 0.143017 0.147801 0.143878 0.143876 2.604489e-01 0.847
N:1 Run:0 0.127311 0.123214 0.238701 0.372546 0.292414 0.591401 0.438526 0.419209 0.502656 0.330198 0.512797 0.379186 0.195876 0.225926 0.13974 0.148425 0.152287 0.121429 0.115811 0.123715 0.121303 2.158063e-01 0.899
N:1 Run:1 0.115177 0.123444 0.121069 0.123648 0.13162 0.144666 0.123747 0.114636 0.121056 0.120765 0.120778 0.119534 0.122602 0.1326 0.121875 0.14625 0.117064 0.113417 0.12244 0.120676 0.136004 2.158063e-01 0.899
N:1 Run:2 0.0733004 0.115388 0.331986 0.486664 0.402974 0.425139 0.411647 0.356318 0.308457 0.395616 0.329701 0.306369 0.293608 0.301817 0.224718 0.186103 0.177167 0.126733 0.125983 0.135349 0.131264 2.158063e-01 0.899
N:1 Run:3 0.112366 0.12687 0.123104 0.132017 0.140463 0.129011 0.129131 0.116672 0.127013 0.122105 0.119826 0.116696 0.141344 0.120208 0.12313 0.123943 0.136026 0.140534 0.137742 0.159937 0.124152 2.158063e-01 0.899
N:1 Run:4 0.0903068 0.110521 0.126961 0.121419 0.125681 0.118747 0.115674 0.123791 0.112427 0.11069 0.112816 0.113126 0.134664 0.161159 0.131954 0.135465 0.125761 0.125666 0.121104 0.12103 0.121157 2.158063e-01 0.899
N:1 Run:5 0.0715185 0.118848 0.119508 0.111077 0.109303 0.109052 0.109013 0.109071 0.109105 0.108996 0.110113 0.109434 0.13788 0.120895 0.115648 0.133368 0.118776 0.136113 0.129806 0.121707 0.131198 2.158063e-01 0.899
N:1 Run:6 0.110938 0.118204 0.188747 0.159294 0.125496 0.116909 0.119318 0.13148 0.125863 0.114149 0.118877 0.112961 0.199364 0.224896 0.201992 0.160884 0.147054 0.139333 0.129278 0.123972 0.126263 2.158063e-01 0.899
N:1 Run:7 0.0982447 0.110309 0.394618 0.397279 0.453849 0.575264 0.446841 0.584354 0.50774 0.640152 0.55012 0.620011 0.39485 0.258623 0.167533 0.125769 0.123589 0.126017 0.117743 0.117187 0.12287 2.158063e-01 0.899
N:1 Run:8 0.102002 0.109347 0.13008 0.114279 0.110755 0.111614 0.112288 0.112275 0.11751 0.120172 0.11595 0.120057 0.117864 0.12026 0.121338 0.119439 0.12338 0.136201 0.129146 0.123091 0.114751 2.158063e-01 0.899
N:1 Run:9 0.0970811 0.138925 0.121223 0.123448 0.120011 0.149599 0.122393 0.191858 0.136989 0.115954 0.113138 0.123238 0.118429 0.115453 0.117383 0.147871 0.132166 0.144482 0.141931 0.125393 0.152616 2.158063e-01 0.899
N:2 Run:0 0.127311 0.123214 0.238701 0.372546 0.292414 0.591401 0.438526 0.419209 0.502656 0.330198 0.512797 0.379186 0.195876 0.225926 0.13974 0.148425 0.152287 0.121429 0.115811 0.123715 0.121303 2.454468e-01 0.936
N:2 Run:1 0.115177 0.123444 0.121069 0.123648 0.13162 0.144666 0.123747 0.114636 0.121056 0.120765 0.120778 0.119534 0.122602 0.1326 0.121875 0.14625 0.117064 0.113417 0.12244 0.120676 0.136004 2.454468e-01 0.936
N:2 Run:2 0.0733004 0.115388 0.331986 0.486664 0.402974 0.425139 0.411647 0.356318 0.308457 0.395616 0.329701 0.306369 0.293608 0.301817 0.224718 0.186103 0.177167 0.126733 0.125983 0.135349 0.131264 2.454468e-01 0.936
N:2 Run:3 0.112366 0.12687 0.123104 0.132017 0.140463 0.129011 0.129131 0.116672 0.127013 0.122105 0.119826 0.116696 0.141344 0.120208 0.12313 0.123943 0.136026 0.140534 0.137742 0.159937 0.124152 2.454468e-01 0.936
N:2 Run:4 0.0903068 0.110521 0.126961 0.121419 0.125681 0.118747 0.115674 0.123791 0.112427 0.11069 0.112816 0.113126 0.134664 0.161159 0.131954 0.135465 0.125761 0.125666 0.121104 0.12103 0.121157 2.454468e-01 0.936
N:2 Run:5 0.0715185 0.118848 0.119508 0.111077 0.109303 0.109052 0.109013 0.109071 0.109105 0.108996 0.110113 0.109434 0.13788 0.120895 0.115648 0.133368 0.118776 0.136113 0.129806 0.121707 0.131198 2.454468e-01 0.936
N:2 Run:6 0.110938 0.118204 0.188747 0.159294 0.125496 0.116909 0.119318 0.13148 0.125863 0.114149 0.118877 0.112961 0.199364 0.224896 0.201992 0.160884 0.147054 0.139333 0.129278 0.123972 0.126263 2.454468e-01 0.936
N:2 Run:7 0.0982447 0.110309 0.394618 0.397279 0.453849 0.575264 0.446841 0.584354 0.50774 0.640152 0.55012 0.620011 0.39485 0.258623 0.167533 0.125769 0.123589 0.126017 0.117743 0.117187 0.12287 2.454468e-01 0.936
N:2 Run:8 0.102002 0.109347 0.13008 0.114279 0.110755 0.111614 0.112288 0.112275 0.11751 0.120172 0.11595 0.120057 0.117864 0.12026 0.121338 0.119439 0.12338 0.136201 0.129146 0.123091 0.114751 2.454468e-01 0.936
N:2 Run:9 0.0970811 0.138925 0.121223 0.123448 0.120011 0.149599 0.122393 0.191858 0.136989 0.115954 0.113138 0.123238 0.118429 0.115453 0.117383 0.147871 0.132166 0.144482 0.141931 0.125393 0.152616 2.454468e-01 0.936
N:3 Run:0 0.127311 0.118478 0.25447 0.529122 0.445442 0.796484 0.610032 0.57261 0.593185 0.485407 0.606191 0.512562 0.23254 0.173803 0.125471 0.121586 0.123401 0.114805 0.111527 0.118837 0.118032 2.047163e-01 0.864
N:3 Run:1 0.115177 0.121127 0.116209 0.117537 0.125533 0.140707 0.122338 0.117435 0.130972 0.132305 0.138247 0.131899 0.137525 0.160217 0.138585 0.17337 0.127286 0.122692 0.1332 0.135423 0.16404 2.047163e-01 0.864
N:3 Run:2 0.0733004 0.116316 0.207939 0.222891 0.3462 0.298782 0.324717 0.438277 0.473498 0.42896 0.567805 0.34728 0.28373 0.212972 0.173279 0.149447 0.146391 0.120284 0.123303 0.132589 0.126457 2.047163e-01 0.864
N:3 Run:3 0.112366 0.12193 0.119244 0.12608 0.130171 0.129794 0.12684 0.114383 0.129489 0.125467 0.116148 0.116835 0.122661 0.117402 0.121497 0.123876 0.128639 0.122018 0.133154 0.171936 0.134645 2.047163e-01 0.864
N:3 Run:4 0.0903068 0.107138 0.122845 0.148057 0.158326 0.143065 0.128792 0.125633 0.12441 0.115977 0.119787 0.118129 0.114824 0.131063 0.117052 0.12057 0.115657 0.117663 0.113899 0.11397 0.115148 2.047163e-01 0.864
N:3 Run:5 0.0715185 0.107319 0.137489 0.118548 0.112282 0.112157 0.112597 0.111561 0.11159 0.111536 0.124265 0.115406 0.121693 0.115938 0.112957 0.129286 0.1179 0.123579 0.117594 0.119076 0.122374 2.047163e-01 0.864
N:3 Run:6 0.110938 0.11607 0.217629 0.289557 0.257644 0.285218 0.364424 0.41926 0.257749 0.220204 0.226217 0.263835 0.179439 0.153059 0.13602 0.126361 0.123564 0.121011 0.120342 0.123875 0.11842 2.047163e-01 0.864
N:3 Run:7 0.0982447 0.110654 0.227998 0.472664 0.457814 0.404074 0.382514 0.324109 0.294385 0.384251 0.283638 0.263374 0.173768 0.166981 0.128762 0.116367 0.115622 0.118553 0.11279 0.116953 0.116346 2.047163e-01 0.864
N:3 Run:8 0.102002 0.109281 0.128873 0.113573 0.10969 0.109176 0.108978 0.109043 0.10919 0.110446 0.109812 0.113589 0.111411 0.111968 0.118218 0.117927 0.128496 0.145988 0.13813 0.130861 0.120912 2.047163e-01 0.864
N:3 Run:9 0.0970811 0.142339 0.129786 0.127928 0.116336 0.136135 0.123449 0.179816 0.129928 0.116326 0.114212 0.121639 0.115757 0.113238 0.114433 0.129397 0.122685 0.128826 0.131254 0.117274 0.129609 2.047163e-01 0.864
N:4 Run:0 0.127311 0.118478 0.25447 0.529122 0.445442 0.796484 0.610032 0.57261 0.593185 0.485407 0.606191 0.512562 0.23254 0.173803 0.125471 0.121586 0.123401 0.114805 0.111527 0.118837 0.118032 2.414496e-01 0.927
N:4 Run:1 0.115177 0.121127 0.116209 0.117537 0.125533 0.140707 0.122338 0.117435 0.130972 0.132305 0.138247 0.131899 0.137525 0.160217 0.138585 0.17337 0.127286 0.122692 0.1332 0.135423 0.16404 2.414496e-01 0.927
N:4 Run:2 0.0733004 0.116316 0.207939 0.222891 0.3462 0.298782 0.324717 0.438277 0.473498 0.42896 0.567805 0.34728 0.28373 0.212972 0.173279 0.149447 0.146391 0.120284 0.123303 0.132589 0.126457 2.414496e-01 0.927
N:4 Run:3 0.112366 0.12193 0.119244 0.12608 0.130171 0.129794 0.12684 0.114383 0.129489 0.125467 0.116148 0.116835 0.122661 0.117402 0.121497 0.123876 0.128639 0.122018 0.133154 0.171936 0.134645 2.414496e-01 0.927
N:4 Run:4 0.0903068 0.107138 0.122845 0.148057 0.158326 0.143065 0.128792 0.125633 0.12441 0.115977 0.119787 0.118129 0.114824 0.131063 0.117052 0.12057 0.115657 0.117663 0.113899 0.11397 0.115148 2.414496e-01 0.927
N:4 Run:5 0.0715185 0.107319 0.137489 0.118548 0.112282 0.112157 0.112597 0.111561 0.11159 0.111536 0.124265 0.115406 0.121693 0.115938 0.112957 0.129286 0.1179 0.123579 0.117594 0.119076 0.122374 2.414496e-01 0.927
N:4 Run:6 0.110938 0.11607 0.217629 0.289557 0.257644 0.285218 0.364424 0.41926 0.257749 0.220204 0.226217 0.263835 0.179439 0.153059 0.13602 0.126361 0.123564 0.121011 0.120342 0.123875 0.11842 2.414496e-01 0.927
N:4 Run:7 0.0982447 0.110654 0.227998 0.472664 0.457814 0.404074 0.382514 0.324109 0.294385 0.384251 0.283638 0.263374 0.173768 0.166981 0.128762 0.116367 0.115622 0.118553 0.11279 0.116953 0.116346 2.414496e-01 0.927
N:4 Run:8 0.102002 0.109281 0.128873 0.113573 0.10969 0.109176 0.108978 0.109043 0.10919 0.110446 0.109812 0.113589 0.111411 0.111968 0.118218 0.117927 0.128496 0.145988 0.13813 0.130861 0.120912 2.414496e-01 0.927
N:4 Run:9 0.0970811 0.142339 0.129786 0.127928 0.116336 0.136135 0.123449 0.179816 0.129928 0.116326 0.114212 0.121639 0.115757 0.113238 0.114433 0.129397 0.122685 0.128826 0.131254 0.117274 0.129609 2.414496e-01 0.927
N:5 Run:0 0.127311 0.118478 0.25447 0.529122 0.445442 0.796484 0.610032 0.57261 0.593185 0.485407 0.606191 0.512562 0.23254 0.173803 0.125471 0.121586 0.123401 0.114805 0.111527 0.118837 0.118032 2.110759e-01 0.886
N:5 Run:1 0.115177 0.121127 0.116209 0.117537 0.125533 0.140707 0.122338 0.117435 0.130972 0.132305 0.138247 0.131899 0.137525 0.160217 0.138585 0.17337 0.127286 0.122692 0.1332 0.135423 0.16404 2.110759e-01 0.886
N:5 Run:2 0.0733004 0.116316 0.207939 0.222891 0.3462 0.298782 0.324717 0.438277 0.473498 0.42896 0.567805 0.34728 0.28373 0.212972 0.173279 0.149447 0.146391 0.120284 0.123303 0.132589 0.126457 2.110759e-01 0.886
N:5 Run:3 0.112366 0.12193 0.119244 0.12608 0.130171 0.129794 0.12684 0.114383 0.129489 0.125467 0.116148 0.116835 0.122661 0.117402 0.121497 0.123876 0.128639 0.122018 0.133154 0.171936 0.134645 2.110759e-01 0.886
N:5 Run:4 0.0903068 0.107138 0.122845 0.148057 0.158326 0.143065 0.128792 0.125633 0.12441 0.115977 0.119787 0.118129 0.114824 0.131063 0.117052 0.12057 0.115657 0.117663 0.113899 0.11397 0.115148 2.110759e-01 0.886
N:5 Run:5 0.0715185 0.107319 0.137489 0.118548 0.112282 0.112157 0.112597 0.111561 0.11159 0.111536 0.124265 0.115406 0.121693 0.115938 0.112957 0.129286 0.1179 0.123579 0.117594 0.119076 0.122374 2.110759e-01 0.886
N:5 Run:6 0.110938 0.11607 0.217629 0.289557 0.257644 0.285218 0.364424 0.41926 0.257749 0.220204 0.226217 0.263835 0.179439 0.153059 0.13602 0.126361 0.123564 0.121011 0.120342 0.123875 0.11842 2.110759e-01 0.886
N:5 Run:7 0.0982447 0.110654 0.227998 0.472664 0.457814 0.404074 0.382514 0.324109 0.294385 0.384251 0.283638 0.263374 0.173768 0.166981 0.128762 0.116367 0.115622 0.118553 0.11279 0.116953 0.116346 2.110759e-01 0.886
N:5 Run:8 0.102002 0.109281 0.128873 0.113573 0.10969 0.109176 0.108978 0.109043 0.10919 0.110446 0.109812 0.113589 0.111411 0.111968 0.118218 0.117927 0.128496 0.145988 0.13813 0.130861 0.120912 2.110759e-01 0.886
N:5 Run:9 0.0970811 0.142339 0.129786 0.127928 0.116336 0.136135 0.123449 0.179816 0.129928 0.116326 0.114212 0.121639 0.115757 0.113238 0.114433 0.129397 0.122685 0.128826 0.131254 0.117274 0.129609 2.110759e-01 0.886
N:6 Run:0 0.127311 0.122257 0.232711 0.422771 0.326711 0.61135 0.504957 0.493062 0.597183 0.382819 0.601412 0.444835 0.195936 0.216171 0.13827 0.133362 0.133331 0.122374 0.120344 0.12119 0.120693 2.036783e-01 0.835
N:6 Run:1 0.115177 0.120946 0.120624 0.121364 0.123812 0.130422 0.122343 0.120196 0.120661 0.120559 0.120752 0.120372 0.120895 0.12413 0.121104 0.129588 0.121421 0.120042 0.120792 0.120656 0.125571 2.036783e-01 0.835
N:6 Run:2 0.0733004 0.112857 0.372219 0.505891 0.401203 0.381168 0.369399 0.30926 0.26863 0.342674 0.280391 0.274687 0.288222 0.328367 0.24636 0.184842 0.162456 0.12765 0.122845 0.124909 0.123304 2.036783e-01 0.835
N:6 Run:3 0.112366 0.120744 0.121288 0.123959 0.12796 0.123293 0.123127 0.120401 0.12305 0.121399 0.120652 0.120239 0.128255 0.121506 0.121338 0.121342 0.124088 0.125539 0.124866 0.137217 0.123132 2.036783e-01 0.835
N:6 Run:4 0.0903068 0.114569 0.127431 0.130153 0.137142 0.129407 0.126355 0.13443 0.123288 0.120867 0.123514 0.122924 0.131258 0.148199 0.127206 0.127881 0.123044 0.122026 0.120873 0.120648 0.120618 2.036783e-01 0.835
N:6 Run:5 0.0715185 0.11346 0.121092 0.119891 0.119653 0.119612 0.119605 0.119609 0.119611 0.119603 0.120083 0.119713 0.126002 0.12135 0.12015 0.124833 0.120794 0.124663 0.122886 0.120988 0.123973 2.036783e-01 0.835
N:6 Run:6 0.110938 0.118782 0.205433 0.170856 0.136572 0.126972 0.128869 0.137249 0.136768 0.124629 0.127492 0.122795 0.221353 0.232156 0.193958 0.14948 0.1353 0.1278 0.123625 0.121988 0.122258 2.036783e-01 0.835
N:6 Run:7 0.0982447 0.115918 0.451818 0.425408 0.486321 0.548276 0.432733 0.508834 0.469854 0.564292 0.521983 0.571387 0.437937 0.272671 0.158074 0.127092 0.12213 0.122225 0.120381 0.120217 0.121112 2.036783e-01 0.835
N:6 Run:8 0.102002 0.116479 0.123611 0.120358 0.119747 0.119696 0.11974 0.11972 0.120341 0.121872 0.120413 0.121237 0.120526 0.120781 0.120842 0.120427 0.121213 0.1254 0.12255 0.120941 0.119954 2.036783e-01 0.835
N:6 Run:9 0.0970811 0.124773 0.121097 0.121257 0.120479 0.132859 0.122483 0.197351 0.136132 0.122655 0.120298 0.122849 0.121365 0.12039 0.120644 0.135666 0.125187 0.131012 0.12975 0.122641 0.136916 2.036783e-01 0.835
N:7 Run:0 0.127311 0.17834 0.414077 0.498939 0.42315 0.513114 0.471298 0.402928 0.593001 0.444157 0.474133 0.451017 0.292506 0.175076 0.116341 0.116362 0.149323 0.149186 0.127404 0.125552 0.0962972 2.013691e-01 0.862
N:7 Run:1 0.115177 0.0888787 0.136806 0.082721 0.0828551 0.0578384 0.0690102 0.0580969 0.053507 0.0469172 0.040401 0.0402804 0.0625071 0.0814746 0.0665461 0.116573 0.102394 0.118968 0.167363 0.16075 0.156026 2.013691e-01 0.862
N:7 Run:2 0.0733004 0.0807644 0.166981 0.291979 0.335526 0.375453 0.356459 0.42923 0.391023 0.485321 0.387217 0.403055 0.27617 0.170644 0.134478 0.0909067 0.145024 0.127028 0.118051 0.0770853 0.0948946 2.013691e-01 0.862
N:7 Run:3 0.112366 0.194151 0.199144 0.20658 0.13228 0.108036 0.0795261 0.0696889 0.0681983 0.0481849 0.0476778 0.0439663 0.0380693 0.0334868 0.0317459 0.0310364 0.0308221 0.0309665 0.0311956 0.0348797 0.0431297 2.013691e-01 0.862
N:7 Run:4 0.0903068 0.191511 0.1523 0.113405 0.1062 0.103295 0.102216 0.13138 0.227926 0.16093 0.133934 0.145443 0.234108 0.175258 0.170006 0.129949 0.120139 0.104427 0.12517 0.103451 0.0959171 2.013691e-01 0.862
N:7 Run:5 0.0715185 0.104052 0.166789 0.30039 0.270532 0.284382 0.275624 0.30599 0.298265 0.247887 0.352078 0.347673 0.253307 0.168339 0.148944 0.10494 0.151328 0.14667 0.163557 0.140694 0.141842 2.013691e-01 0.862
N:7 Run:6 0.110938 0.0888385 0.106098 0.123467 0.125128 0.119946 0.135929 0.111553 0.151052 0.166644 0.150271 0.100672 0.106957 0.140605 0.204404 0.156402 0.161433 0.132809 0.178177 0.18263 0.137252 2.013691e-01 0.862
N:7 Run:7 0.0982447 0.142456 0.211455 0.376718 0.439641 0.436432 0.472277 0.35778 0.409067 0.328651 0.472134 0.672742 0.327928 0.206506 0.131 0.137555 0.14081 0.159614 0.127538 0.119581 0.167317 2.013691e-01 0.862
N:7 Run:8 0.102002 0.0988686 0.206088 0.239818 0.222134 0.215478 0.208043 0.135124 0.101591 0.132455 0.136218 0.175739 0.109927 0.144514 0.166923 0.199415 0.204774 0.138004 0.122316 0.0991196 0.0909946 2.013691e-01 0.862
N:7 Run:9 0.0970811 0.0957906 0.103184 0.0987194 0.111709 0.0984872 0.0682072 0.0848972 0.106879 0.0984841 0.100003 0.109674 0.206207 0.14527 0.142393 0.124854 0.0994834 0.16189 0.115542 0.155161 0.137328 2.013691e-01 0.862
N:8 Run:0 0.127311 0.17834 0.414077 0.498939 0.42315 0.513114 0.471298 0.402928 0.593001 0.444157 0.474133 0.451017 0.292506 0.175076 0.116341 0.116362 0.149323 0.149186 0.127404 0.125552 0.0962972 2.599826e-01 0.813
N:8 Run:1 0.115177 0.0888787 0.136806 0.082721 0.0828551 0.0578384 0.0690102 0.0580969 0.053507 0.0469172 0.040401 0.0402804 0.0625071 0.0814746 0.0665461 0.116573 0.102394 0.118968 0.167363 0.16075 0.156026 2.599826e-01 0.813
N:8 Run:2 0.0733004 0.0807644 0.166981 0.291979 0.335526 0.375453 0.356459 0.42923 0.391023 0.485321 0.387217 0.403055 0.27617 0.170644 0.134478 0.0909067 0.145024 0.127028 0.118051 0.0770853 0.0948946 2.599826e-01 0.813
N:8 Run:3 0.112366 0.194151 0.199144 0.20658 0.13228 0.108036 0.0795261 0.0696889 0.0681983 0.0481849 0.0476778 0.0439663 0.0380693 0.0334868 0.0317459 0.0310364 0.0308221 0.0309665 0.0311956 0.0348797 0.0431297 2.599826e-01 0.813
N:8 Run:4 0.0903068 0.191511 0.1523 0.113405 0.1062 0.103295 0.102216 0.13138 0.227926 0.16093 0.133934 0.145443 0.234108 0.175258 0.170006 0.129949 0.120139 0.104427 0.12517 0.103451 0.0959171 2.599826e-01 0.813
N:8 Run:5 0.0715185 0.104052 0.166789 0.30039 0.270532 0.284382 0.275624 0.30599 0.298265 0.247887 0.352078 0.347673 0.253307 0.168339 0.148944 0.10494 0.151328 0.14667 0.163557 0.140694 0.141842 2.599826e-01 0.813
N:8 Run:6 0.110938 0.0888385 0.106098 0.123467 0.125128 0.119946 0.135929 0.111553 0.151052 0.166644 0.150271 0.100672 0.106957 0.140605 0.204404 0.156402 0.161433 0.132809 0.178177 0.18263 0.137252 2.599826e-01 0.813
N:8 Run:7 0.0982447 0.142456 0.211455 0.376718 0.439641 0.436432 0.472277 0.35778 0.409067 0.328651 0.472134 0.672742 0.327928 0.206506 0.131 0.137555 0.14081 0.159614 0.127538 0.119581 0.167317 2.599826e-01 0.813
N:8 Run:8 0.102002 0.0988686 0.206088 0.239818 0.222134 0.215478 0.208043 0.135124 0.101591 0.132455 0.136218 0.175739 0.109927 0.144514 0.166923 0.199415 0.204774 0.138004 0.122316 0.0991196 0.0909946 2.599826e-01 0.813
N:8 Run:9 0.0970811 0.0957906 0.103184 0.0987194 0.111709 0.0984872 0.0682072 0.0848972 0.106879 0.0984841 0.100003 0.109674 0.206207 0.14527 0.142393 0.124854 0.0994834 0.16189 0.115542 0.155161 0.137328 2.599826e-01 0.813
N:9 Run:0 0.127311 0.17834 0.414077 0.498939 0.42315 0.513114 0.471298 0.402928 0.593001 0.444157 0.474133 0.451017 0.292506 0.175076 0.116341 0.116362 0.149323 0.149186 0.127404 0.125552 0.0962972 2.032928e-01 0.852
N:9 Run:1 0.115177 0.0888787 0.136806 0.082721 0.0828551 0.0578384 0.0690102 0.0580969 0.053507 0.0469172 0.040401 0.0402804 0.0625071 0.0814746 0.0665461 0.116573 0.102394 0.118968 0.167363 0.16075 0.156026 2.032928e-01 0.852
N:9 Run:2 0.0733004 0.0807644 0.166981 0.291979 0.335526 0.375453 0.356459 0.42923 0.391023 0.485321 0.387217 0.403055 0.27617 0.170644 0.134478 0.0909067 0.145024 0.127028 0.118051 0.0770853 0.0948946 2.032928e-01 0.852
N:9 Run:3 0.112366 0.194151 0.199144 0.20658 0.13228 0.108036 0.0795261 0.0696889 0.0681983 0.0481849 0.0476778 0.0439663 0.0380693 0.0334868 0.0317459 0.0310364 0.0308221 0.0309665 0.0311956 0.0348797 0.0431297 2.032928e-01 0.852
N:9 Run:4 0.0903068 0.191511 0.1523 0.113405 0.1062 0.103295 0.102216 0.13138 0.227926 0.16093 0.133934 0.145443 0.234108 0.175258 0.170006 0.129949 0.120139 0.104427 0.12517 0.103451 0.0959171 2.032928e-01 0.852
N:9 Run:5 0.0715185 0.104052 0.166789 0.30039 0.270532 0.284382 0.275624 0.30599 0.298265 0.247887 0.352078 0.347673 0.253307 0.168339 0.148944 0.10494 0.151328 0.14667 0.163557 0.140694 0.141842 2.032928e-01 0.852
N:9 Run:6 0.110938 0.0888385 0.106098 0.123467 0.125128 0.119946 0.135929 0.111553 0.151052 0.166644 0.150271 0.100672 0.106957 0.140605 0.204404 0.156402 0.161433 0.132809 0.178177 0.18263 0.137252 2.032928e-01 0.852
N:9 Run:7 0.0982447 0.142456 0.211455 0.376718 0.439641 0.436432 0.472277 0.35778 0.409067 0.328651 0.472134 0.672742 0.327928 0.206506 0.131 0.137555 0.14081 0.159614 0.127538 0.119581 0.167317 2.032928e-01 0.852
N:9 Run:8 0.102002 0.0988686 0.206088 0.239818 0.222134 0.215478 0.208043 0.135124 0.101591 0.132455 0.136218 0.175739 0.109927 0.144514 0.166923 0.199415 0.204774 0.138004 0.122316 0.0991196 0.0909946 2.032928e-01 0.852
N:9 Run:9 0.0970811 0.0957906 0.103184 0.0987194 0.111709 0.0984872 0.0682072 0.0848972 0.106879 0.0984841 0.100003 0.109674 0.206207 0.14527 0.142393 0.124854 0.0994834 0.16189 0.115542 0.155161 0.137328 2.032928e-01 0.852
N:10 Run:0 0.127311 0.17834 0.414077 0.498939 0.42315 0.513114 0.471298 0.402928 0.593001 0.444157 0.474133 0.451017 0.292506 0.175076 0.116341 0.116362 0.149323 0.149186 0.127404 0.125552 0.0962972 2.595815e-01 0.819
N:10 Run:1 0.115177 0.0888787 0.136806 0.082721 0.0828551 0.0578384 0.0690102 0.0580969 0.053507 0.0469172 0.040401 0.0402804 0.0625071 0.0814746 0.0665461 0.116573 0.102394 0.118968 0.167363 0.16075 0.156026 2.595815e-01 0.819
N:10 Run:2 0.0733004 0.0807644 0.166981 0.291979 0.335526 0.375453 0.356459 0.42923 0.391023 0.485321 0.387217 0.403055 0.27617 0.170644 0.134478 0.0909067 0.145024 0.127028 0.118051 0.0770853 0.0948946 2.595815e-01 0.819
N:10 Run:3 0.112366 0.194151 0.199144 0.20658 0.13228 0.108036 0.0795261 0.0696889 0.0681983 0.0481849 0.0476778 0.0439663 0.0380693 0.0334868 0.0317459 0.0310364 0.0308221 0.0309665 0.0311956 0.0348797 0.0431297 2.595815e-01 0.819
N:10 Run:4 0.0903068 0.191511 0.1523 0.113405 0.1062 0.103295 0.102216 0.13138 0.227926 0.16093 0.133934 0.145443 0.234108 0.175258 0.170006 0.129949 0.120139 0.104427 0.12517 0.103451 0.0959171 2.595815e-01 0.819
N:10 Run:5 0.0715185 0.104052 0.166789 0.30039 0.270532 0.284382 0.275624 0.30599 0.298265 0.247887 0.352078 0.347673 0.253307 0.168339 0.148944 0.10494 0.151328 0.14667 0.163557 0.140694 0.141842 2.595815e-01 0.819
N:10 Run:6 0.110938 0.0888385 0.106098 0.123467 0.125128 0.119946 0.135929 0.111553 0.151052 0.166644 0.150271 0.100672 0.106957 0.140605 0.204404 0.156402 0.161433 0.132809 0.178177 0.18263 0.137252 2.595815e-01 0.819
N:10 Run:7 0.0982447 0.142456 0.211455 0.376718 0.439641 0.436432 0.472277 0.35778 0.409067 0.328651 0.472134 0.672742 0.327928 0.206506 0.131 0.137555 0.14081 0.159614 0.127538 0.119581 0.167317 2.595815e-01 0.819
N:10 Run:8 0.102002 0.0988686 0.206088 0.239818 0.222134 0.215478 0.208043 0.135124 0.101591 0.132455 0.136218 0.175739 0.109927 0.144514 0.166923 0.199415 0.204774 0.138004 0.122316 0.0991196 0.0909946 2.595815e-01 0.819
N:10 Run:9 0.0970811 0.0957906 0.103184 0.0987194 0.111709 0.0984872 0.0682072 0.0848972 0.106879 0.0984841 0.100003 0.109674 0.206207 0.14527 0.142393 0.124854 0.0994834 0.16189 0.115542 0.155161 0.137328 2.595815e-01 0.819
N:11 Run:0 0.127311 0.17834 0.414077 0.498939 0.42315 0.513114 0.471298 0.402928 0.593001 0.444157 0.474133 0.451017 0.292506 0.175076 0.116341 0.116362 0.149323 0.149186 0.127404 0.125552 0.0962972 2.585077e-01 0.858
N:11 Run:1 0.115177 0.0888787 0.136806 0.082721 0.0828551 0.0578384 0.0690102 0.0580969 0.053507 0.0469172 0.040401 0.0402804 0.0625071 0.0814746 0.0665461 0.116573 0.102394 0.118968 0.167363 0.16075 0.156026 2.585077e-01 0.858
N:11 Run:2 0.0733004 0.0807644 0.166981 0.291979 0.335526 0.375453 0.356459 0.42923 0.391023 0.485321 0.387217 0.403055 0.27617 0.170644 0.134478 0.0909067 0.145024 0.127028 0.118051 0.0770853 0.0948946 2.585077e-01 0.858
N:11 Run:3 0.112366 0.194151 0.199144 0.20658 0.13228 0.108036 0.0795261 0.0696889 0.0681983 0.0481849 0.0476778 0.0439663 0.0380693 0.0334868 0.0317459 0.0310364 0.0308221 0.0309665 0.0311956 0.0348797 0.0431297 2.585077e-01 0.858
N:11 Run:4 0.0903068 0.191511 0.1523 0.113405 0.1062 0.103295 0.102216 0.13138 0.227926 0.16093 0.133934 0.145443 0.234108 0.175258 0.170006 0.129949 0.120139 0.104427 0.12517 0.103451 0.0959171 2.585077e-01 0.858
N:11 Run:5 0.0715185 0.104052 0.166789 0.30039 0.270532 0.284382 0.275624 0.30599 0.298265 0.247887 0.352078 0.347673 0.253307 0.168339 0.148944 0.10494 0.151328 0.14667 0.163557 0.140694 0.141842 2.585077e-01 0.858
N:11 Run:6 0.110938 0.0888385 0.106098 0.123467 0.125128 0.119946 0.135929 0.111553 0.151052 0.166644 0.150271 0.100672 0.106957 0.140605 0.204404 0.156402 0.161433 0.132809 0.178177 0.18263 0.137252 2.585077e-01 0.858
N:11 Run:7 0.0982447 0.142456 0.211455 0.376718 0.439641 0.436432 0.472277 0.35778 0.409067 0.328651 0.472134 0.672742 0.327928 0.206506 0.131 0.137555 0.14081 0.159614 0.127538 0.119581 0.167317 2.585077e-01 0.858
N:11 Run:8 0.102002 0.0988686 0.206088 0.239818 0.222134 0.215478 0.208043 0.135124 0.101591 0.132455 0.136218 0.175739 0.109927 0.144514 0.166923 0.199415 0.204774 0.138004 0.122316 0.0991196 0.0909946 2.585077e-01 0.858
N:11 Run:9 0.0970811 0.0957906 0.103184 0.0987194 0.111709 0.0984872 0.0682072 0.0848972 0.106879 0.0984841 0.100003 0.109674 0.206207 0.14527 0.142393 0.124854 0.0994834 0.16189 0.115542 0.155161 0.137328 2.585077e-01 0.858
N:12 Run:0 0.127311 0.143762 0.486572 0.607892 0.485565 0.627693 0.576415 0.462826 0.716394 0.517799 0.542089 0.504313 0.348242 0.218657 0.147667 0.112484 0.127392 0.138898 0.113305 0.101227 0.0825127 1.883838e-01 0.855
N:12 Run:1 0.115177 0.0829253 0.147649 0.104047 0.116327 0.094794 0.131619 0.112397 0.0847474 0.0872945 0.0715858 0.0704829 0.0656322 0.0703633 0.060576 0.105387 0.0908645 0.119594 0.136021 0.126466 0.122803 1.883838e-01 0.855
N:12 Run:2 0.0733004 0.0764838 0.132624 0.321814 0.336927 0.391016 0.335926 0.384089 0.359497 0.466709 0.424648 0.370918 0.229585 0.157181 0.122388 0.0866398 0.124685 0.116008 0.114203 0.0781631 0.0908286 1.883838e-01 0.855
N:12 Run:3 0.112366 0.147343 0.21477 0.250659 0.24735 0.232672 0.190846 0.233043 0.257498 0.189811 0.132238 0.112492 0.0713499 0.0472493 0.0357149 0.0301468 0.0276582 0.0270705 0.0266857 0.0305749 0.0387994 1.883838e-01 0.855
N:12 Run:4 0.0903068 0.152545 0.149649 0.128512 0.12914 0.123914 0.119406 0.179306 0.278975 0.195291 0.166002 0.176914 0.206837 0.159265 0.13742 0.0949158 0.094554 0.0865737 0.0900128 0.0810779 0.0785759 1.883838e-01 0.855
N:12 Run:5 0.0715185 0.0868446 0.122566 0.243629 0.228111 0.239237 0.186356 0.198987 0.204094 0.196037 0.238365 0.233622 0.192181 0.142866 0.116556 0.0919576 0.12513 0.121317 0.131852 0.132482 0.131273 1.883838e-01 0.855
N:12 Run:6 0.110938 0.0911036 0.123024 0.120241 0.114282 0.122359 0.113533 0.0871918 0.100826 0.104143 0.0925946 0.0709163 0.0659987 0.0984464 0.137785 0.112822 0.113199 0.101874 0.128711 0.159413 0.133742 1.883838e-01 0.855
N:12 Run:7 0.0982447 0.120638 0.150779 0.257921 0.375546 0.369996 0.375111 0.298253 0.343548 0.268957 0.390242 0.592783 0.331701 0.208264 0.135182 0.118592 0.124583 0.13874 0.116206 0.117285 0.151213 1.883838e-01 0.855
N:12 Run:8 0.102002 0.0861917 0.215241 0.251765 0.258446 0.264629 0.306984 0.238075 0.178051 0.194286 0.227858 0.27138 0.162977 0.157384 0.162467 0.182141 0.200527 0.150074 0.128128 0.10761 0.0874957 1.883838e-01 0.855
N:12 Run:9 0.0970811 0.0898102 0.0858831 0.0866798 0.0974132 0.0852532 0.063517 0.0701731 0.0832631 0.0822736 0.0846271 0.0832393 0.162002 0.116038 0.103557 0.0960955 0.0835733 0.111231 0.0874821 0.133884 0.129806 1.883838e-01 0.855
N:13 Run:0 0.127311 0.145827 0.496751 0.623173 0.49247 0.595078 0.540701 0.450654 0.66913 0.495013 0.513481 0.483113 0.338576 0.216229 0.147965 0.111388 0.129639 0.143697 0.116156 0.102043 0.082071 1.878686e-01 0.878
N:13 Run:1 0.115177 0.0806021 0.148272 0.10239 0.113673 0.0929544 0.131127 0.111858 0.0809491 0.0864431 0.069484 0.0676083 0.0623192 0.0680055 0.0579252 0.106989 0.0915094 0.122861 0.140454 0.128975 0.124706 1.878686e-01 0.878
N:13 Run:2 0.0733004 0.0767261 0.13365 0.333285 0.348091 0.398931 0.342718 0.380494 0.35043 0.45278 0.430189 0.362881 0.221548 0.155054 0.120801 0.084748 0.126035 0.118732 0.117183 0.0784527 0.0923608 1.878686e-01 0.878
N:13 Run:3 0.112366 0.148423 0.222289 0.252867 0.256598 0.235303 0.195196 0.239898 0.258162 0.192075 0.132861 0.111398 0.0685974 0.042826 0.03021 0.0239848 0.0211427 0.0204717 0.019961 0.0241898 0.0330937 1.878686e-01 0.878
N:13 Run:4 0.0903068 0.154194 0.152373 0.130795 0.128625 0.12458 0.120839 0.178645 0.275923 0.197532 0.168755 0.179015 0.210361 0.163208 0.136552 0.0898379 0.092923 0.0856327 0.0884811 0.0793899 0.0766479 1.878686e-01 0.878
N:13 Run:5 0.0715185 0.0878056 0.124187 0.253126 0.234541 0.246198 0.183612 0.194581 0.198006 0.195371 0.225174 0.225182 0.187288 0.140994 0.114964 0.0912375 0.12812 0.124764 0.134696 0.136908 0.134952 1.878686e-01 0.878
N:13 Run:6 0.110938 0.0908291 0.123882 0.118462 0.112108 0.124272 0.110579 0.0811969 0.088322 0.0884556 0.0778446 0.0602708 0.0562723 0.0941787 0.134371 0.11038 0.107715 0.0989281 0.129051 0.163973 0.138573 1.878686e-01 0.878
N:13 Run:7 0.0982447 0.121266 0.154575 0.269822 0.391063 0.387275 0.395721 0.31642 0.362178 0.285891 0.410794 0.623731 0.353301 0.221428 0.141882 0.123121 0.129693 0.143833 0.120352 0.121773 0.156901 1.878686e-01 0.878
N:13 Run:8 0.102002 0.0859203 0.222469 0.255333 0.265143 0.267448 0.304524 0.242452 0.181487 0.199165 0.236839 0.272913 0.164887 0.162092 0.169544 0.191338 0.210762 0.157887 0.133817 0.111714 0.0885559 1.878686e-01 0.878
N:13 Run:9 0.0970811 0.0899327 0.0848331 0.0866863 0.0989857 0.086214 0.0622985 0.0689474 0.0826812 0.0823165 0.085089 0.0807536 0.165623 0.116644 0.101107 0.0949056 0.0830128 0.108531 0.0849882 0.136241 0.133624 1.878686e-01 0.878
N:14 Run:0 0.127311 0.145827 0.496751 0.623173 0.49247 0.595078 0.540701 0.450654 0.66913 0.495013 0.513481 0.483113 0.338576 0.216229 0.147965 0.111388 0.129639 0.143697 0.116156 0.102043 0.082071 2.091681e-01 0.867
N:14 Run:1 0.115177 0.0806021 0.148272 0.10239 0.113673 0.0929544 0.131127 0.111858 0.0809491 0.0864431 0.069484 0.0676083 0.0623192 0.0680055 0.0579252 0.106989 0.0915094 0.122861 0.140454 0.128975 0.124706 2.091681e-01 0.867
N:14 Run:2 0.0733004 0.0767261 0.13365 0.333285 0.348091 0.398931 0.342718 0.380494 0.35043 0.45278 0.430189 0.362881 0.221548 0.155054 0.120801 0.084748 0.126035 0.118732 0.117183 0.0784527 0.0923608 2.091681e-01 0.867
N:14 Run:3 0.112366 0.148423 0.222289 0.252867 0.256598 0.235303 0.195196 0.239898 0.258162 0.192075 0.132861 0.111398 0.0685974 0.042826 0.03021 0.0239848 0.0211427 0.0204717 0.019961 0.0241898 0.0330937 2.091681e-01 0.867
N:14 Run:4 0.0903068 0.154194 0.152373 0.130795 0.128625 0.12458 0.120839 0.178645 0.275923 0.197532 0.168755 0.179015 0.210361 0.163208 0.136552 0.0898379 0.092923 0.0856327 0.0884811 0.0793899 0.0766479 2.091681e-01 0.867
N:14 Run:5 0.0715185 0.0878056 0.124187 0.253126 0.234541 0.246198 0.183612 0.194581 0.198006 0.195371 0.225174 0.225182 0.187288 0.140994 0.114964 0.0912375 0.12812 0.124764 0.134696 0.136908 0.134952 2.091681e-01 0.867
N:14 Run:6 0.110938 0.0908291 0.123882 0.118462 0.112108 0.124272 0.110579 0.0811969 0.088322 0.0884556 0.0778446 0.0602708 0.0562723 0.0941787 0.134371 0.11038 0.107715 0.0989281 0.129051 0.163973 0.138573 2.091681e-01 0.867
N:14 Run:7 0.0982447 0.121266 0.154575 0.269822 0.391063 0.387275 0.395721 0.31642 0.362178 0.285891 0.410794 0.623731 0.353301 0.221428 0.141882 0.123121 0.129693 0.143833 0.120352 0.121773 0.156901 2.091681e-01 0.867
N:14 Run:8 0.102002 0.0859203 0.222469 0.255333 0.265143 0.267448 0.304524 0.242452 0.181487 0.199165 0.236839 0.272913 0.164887 0.162092 0.169544 0.191338 0.210762 0.157887 0.133817 0.111714 0.0885559 2.091681e-01 0.867
N:14 Run:9 0.0970811 0.0899327 0.0848331 0.0866863 0.0989857 0.086214 0.0622985 0.0689474 0.0826812 0.0823165 0.085089 0.0807536 0.165623 0.116644 0.101107 0.0949056 0.0830128 0.108531 0.0849882 0.136241 0.133624 2.091681e-01 0.867
N:15 Run:0 0.127311 0.145827 0.496751 0.623173 0.49247 0.595078 0.540701 0.450654 0.66913 0.495013 0.513481 0.483113 0.338576 0.216229 0.147965 0.111388 0.129639 0.143697 0.116156 0.102043 0.082071 2.101809e-01 0.855
N:15 Run:1 0.115177 0.0806021 0.148272 0.10239 0.113673 0.0929544 0.131127 0.111858 0.0809491 0.0864431 0.069484 0.0676083 0.0623192 0.0680055 0.0579252 0.106989 0.0915094 0.122861 0.140454 0.128975 0.124706 2.101809e-01 0.855
N:15 Run:2 0.0733004 0.0767261 0.13365 0.333285 0.348091 0.398931 0.342718 0.380494 0.35043 0.45278 0.430189 0.362881 0.221548 0.155054 0.120801 0.084748 0.126035 0.118732 0.117183 0.0784527 0.0923608 2.101809e-01 0.855
N:15 Run:3 0.112366 0.148423 0.222289 0.252867 0.256598 0.235303 0.195196 0.239898 0.258162 0.192075 0.132861 0.111398 0.0685974 0.042826 0.03021 0.0239848 0.0211427 0.0204717 0.019961 0.0241898 0.0330937 2.101809e-01 0.855
N:15 Run:4 0.0903068 0.154194 0.152373 0.130795 0.128625 0.12458 0.120839 0.178645 0.275923 0.197532 0.168755 0.179015 0.210361 0.163208 0.136552 0.0898379 0.092923 0.0856327 0.0884811 0.0793899 0.0766479 2.101809e-01 0.855
N:15 Run:5 0.0715185 0.0878056 0.124187 0.253126 0.234541 0.246198 0.183612 0.194581 0.198006 0.195371 0.225174 0.225182 0.187288 0.140994 0.114964 0.0912375 0.12812 0.124764 0.134696 0.136908 0.134952 2.101809e-01 0.855
N:15 Run:6 0.110938 0.0908291 0.123882 0.118462 0.112108 0.124272 0.110579 0.0811969 0.088322 0.0884556 0.0778446 0.0602708 0.0562723 0.0941787 0.134371 0.11038 0.107715 0.0989281 0.129051 0.163973 0.138573 2.101809e-01 0.855
N:15 Run:7 0.0982447 0.121266 0.154575 0.269822 0.391063 0.387275 0.395721 0.31642 0.362178 0.285891 0.410794 0.623731 0.353301 0.221428 0.141882 0.123121 0.129693 0.143833 0.120352 0.121773 0.156901 2.101809e-01 0.855
N:15 Run:8 0.102002 0.0859203 0.222469 0.255333 0.265143 0.267448 0.304524 0.242452 0.181487 0.199165 0.236839 0.272913 0.164887 0.162092 0.169544 0.191338 0.210762 0.157887 0.133817 0.111714 0.0885559 2.101809e-01 0.855
N:15 Run:9 0.0970811 0.0899327 0.0848331 0.0866863 0.0989857 0.086214 0.0622985 0.0689474 0.0826812 0.0823165 0.085089 0.0807536 0.165623 0.116644 0.101107 0.0949056 0.0830128 0.108531 0.0849882 0.136241 0.133624 2.101809e-01 0.855
N:16 Run:0 0.127311 0.145827 0.496751 0.623173 0.49247 0.595078 0.540701 0.450654 0.66913 0.495013 0.513481 0.483113 0.338576 0.216229 0.147965 0.111388 0.129639 0.143697 0.116156 0.102043 0.082071 2.603503e-01 0.846
N:16 Run:1 0.115177 0.0806021 0.148272 0.10239 0.113673 0.0929544 0.131127 0.111858 0.0809491 0.0864431 0.069484 0.0676083 0.0623192 0.0680055 0.0579252 0.106989 0.0915094 0.122861 0.140454 0.128975 0.124706 2.603503e-01 0.846
N:16 Run:2 0.0733004 0.0767261 0.13365 0.333285 0.348091 0.398931 0.342718 0.380494 0.35043 0.45278 0.430189 0.362881 0.221548 0.155054 0.120801 0.084748 0.126035 0.118732 0.117183 0.0784527 0.0923608 2.603503e-01 0.846
N:16 Run:3 0.112366 0.148423 0.222289 0.252867 0.256598 0.235303 0.195196 0.239898 0.258162 0.192075 0.132861 0.111398 0.0685974 0.042826 0.03021 0.0239848 0.0211427 0.0204717 0.019961 0.0241898 0.0330937 2.603503e-01 0.846
N:16 Run:4 0.0903068 0.154194 0.152373 0.130795 0.128625 0.12458 0.120839 0.178645 0.275923 0.197532 0.168755 0.179015 0.210361 0.163208 0.136552 0.0898379 0.092923 0.0856327 0.0884811 0.0793899 0.0766479 2.603503e-01 0.846
N:16 Run:5 0.0715185 0.0878056 0.124187 0.253126 0.234541 0.246198 0.183612 0.194581 0.198006 0.195371 0.225174 0.225182 0.187288 0.140994 0.114964 0.0912375 0.12812 0.124764 0.134696 0.136908 0.134952 2.603503e-01 0.846
N:16 Run:6 0.110938 0.0908291 0.123882 0.118462 0.112108 0.124272 0.110579 0.0811969 0.088322 0.0884556 0.0778446 0.0602708 0.0562723 0.0941787 0.134371 0.11038 0.107715 0.0989281 0.129051 0.163973 0.138573 2.603503e-01 0.846
N:16 Run:7 0.0982447 0.121266 0.154575 0.269822 0.391063 0.387275 0.395721 0.31642 0.362178 0.285891 0.410794 0.623731 0.353301 0.221428 0.141882 0.123121 0.129693 0.143833 0.120352 0.121773 0.156901 2.603503e-01 0.846
N:16 Run:8 0.102002 0.0859203 0.222469 0.255333 0.265143 0.267448 0.304524 0.242452 0.181487 0.199165 0.236839 0.272913 0.164887 0.162092 0.169544 0.191338 0.210762 0.157887 0.133817 0.111714 0.0885559 2.603503e-01 0.846
N:16 Run:9 0.0970811 0.0899327 0.0848331 0.0866863 0.0989857 0.086214 0.0622985 0.0689474 0.0826812 0.0823165 0.085089 0.0807536 0.165623 0.116644 0.101107 0.0949056 0.0830128 0.108531 0.0849882 0.136241 0.133624 2.603503e-01 0.846
N:17 Run:0 0.127311 0.144012 0.49472 0.626999 0.496421 0.595456 0.540419 0.451842 0.669491 0.498225 0.513287 0.482137 0.339757 0.220876 0.153306 0.116862 0.130605 0.141852 0.1169 0.10369 0.0856766 1.858530e-01 0.897
N:17 Run:1 0.115177 0.0851453 0.146704 0.105786 0.114613 0.0956582 0.129943 0.112542 0.0854386 0.0886807 0.0739725 0.0718235 0.0670719 0.0715368 0.063134 0.106315 0.0929517 0.120478 0.137402 0.127625 0.123836 1.858530e-01 0.897
N:17 Run:2 0.0733004 0.077456 0.130591 0.328268 0.345571 0.397053 0.343447 0.37877 0.349479 0.447248 0.430148 0.363737 0.22861 0.16177 0.126329 0.0918649 0.126831 0.119009 0.116996 0.0834852 0.0941036 1.858530e-01 0.897
N:17 Run:3 0.112366 0.145857 0.217444 0.248359 0.25283 0.233095 0.194685 0.237269 0.255131 0.192677 0.136827 0.114939 0.0772558 0.0549813 0.0436496 0.0378652 0.0350176 0.0339562 0.0333166 0.0359125 0.0423357 1.858530e-01 0.897
N:17 Run:4 0.0903068 0.15049 0.148194 0.128357 0.125182 0.12141 0.117999 0.170873 0.265129 0.193912 0.165789 0.173704 0.205417 0.162219 0.137169 0.0954562 0.0958864 0.0884889 0.0904319 0.0822801 0.0795951 1.858530e-01 0.897
N:17 Run:5 0.0715185 0.0870931 0.121364 0.247545 0.231368 0.243274 0.18438 0.193361 0.196061 0.193354 0.221116 0.221974 0.186404 0.142783 0.117585 0.0950614 0.12722 0.12389 0.133042 0.134443 0.133111 1.858530e-01 0.897
N:17 Run:6 0.110938 0.0930731 0.122739 0.118064 0.112301 0.122709 0.110834 0.085313 0.0907638 0.0905987 0.0812802 0.0662618 0.0623246 0.0951334 0.132226 0.111033 0.108397 0.10023 0.127473 0.159368 0.136474 1.858530e-01 0.897
N:17 Run:7 0.0982447 0.119562 0.151068 0.264367 0.38624 0.384565 0.394806 0.316854 0.360821 0.286502 0.410145 0.628641 0.366601 0.233816 0.153135 0.129547 0.131292 0.142983 0.120931 0.12122 0.153903 1.858530e-01 0.897
N:17 Run:8 0.102002 0.0880435 0.218603 0.251365 0.262075 0.264922 0.301161 0.241935 0.1833 0.198228 0.234049 0.269315 0.169392 0.163239 0.168084 0.188131 0.207067 0.157638 0.134399 0.112996 0.0919182 1.858530e-01 0.897
N:17 Run:9 0.0970811 0.0910542 0.0866995 0.0880895 0.098842 0.0878545 0.06789 0.0727568 0.0843993 0.0840073 0.0864005 0.0829255 0.162198 0.118513 0.103581 0.0970349 0.0859226 0.108487 0.0879501 0.134295 0.131899 1.858530e-01 0.897
N:18 Run:0 0.127311 0.144012 0.49472 0.626999 0.496421 0.595456 0.540419 0.451842 0.669491 0.498225 0.513287 0.482137 0.339757 0.220876 0.153306 0.116862 0.130605 0.141852 0.1169 0.10369 0.0856766 2.063777e-01 0.872
N:18 Run:1 0.115177 0.0851453 0.146704 0.105786 0.114613 0.0956582 0.129943 0.112542 0.0854386 0.0886807 0.0739725 0.0718235 0.0670719 0.0715368 0.063134 0.106315 0.0929517 0.120478 0.137402 0.127625 0.123836 2.063777e-01 0.872
N:18 Run:2 0.0733004 0.077456 0.130591 0.328268 0.345571 0.397053 0.343447 0.37877 0.349479 0.447248 0.430148 0.363737 0.22861 0.16177 0.126329 0.0918649 0.126831 0.119009 0.116996 0.0834852 0.0941036 2.063777e-01 0.872
N:18 Run:3 0.112366 0.145857 0.217444 0.248359 0.25283 0.233095 0.194685 0.237269 0.255131 0.192677 0.136827 0.114939 0.0772558 0.0549813 0.0436496 0.0378652 0.0350176 0.0339562 0.0333166 0.0359125 0.0423357 2.063777e-01 0.872
N:18 Run:4 0.0903068 0.15049 0.148194 0.128357 0.125182 0.12141 0.117999 0.170873 0.265129 0.193912 0.165789 0.173704 0.205417 0.162219 0.137169 0.0954562 0.0958864 0.0884889 0.0904319 0.0822801 0.0795951 2.063777e-01 0.872
N:18 Run:5 0.0715185 0.0870931 0.121364 0.247545 0.231368 0.243274 0.18438 0.193361 0.196061 0.193354 0.221116 0.221974 0.186404 0.142783 0.117585 0.0950614 0.12722 0.12389 0.133042 0.134443 0.133111 2.063777e-01 0.872
N:18 Run:6 0.110938 0.0930731 0.122739 0.118064 0.112301 0.122709 0.110834 0.085313 0.0907638 0.0905987 0.0812802 0.0662618 0.0623246 0.0951334 0.132226 0.111033 0.108397 0.10023 0.127473 0.159368 0.136474 2.063777e-01 0.872
N:18 Run:7 0.0982447 0.119562 0.151068 0.264367 0.38624 0.384565 0.394806 0.316854 0.360821 0.286502 0.410145 0.628641 0.366601 0.233816 0.153135 0.129547 0.131292 0.142983 0.120931 0.12122 0.153903 2.063777e-01 0.872
N:18 Run:8 0.102002 0.0880435 0.218603 0.251365 0.262075 0.264922 0.301161 0.241935 0.1833 0.198228 0.234049 0.269315 0.169392 0.163239 0.168084 0.188131 0.207067 0.157638 0.134399 0.112996 0.0919182 2.063777e-01 0.872
N:18 Run:9 0.0970811 0.0910542 0.0866995 0.0880895 0.098842 0.0878545 0.06789 0.0727568 0.0843993 0.0840073 0.0864005 0.0829255 0.162198 0.118513 0.103581 0.0970349 0.0859226 0.108487 0.0879501 0.134295 0.131899 2.063777e-01 0.872
N:19 Run:0 0.127311 0.144012 0.49472 0.626999 0.496421 0.595456 0.540419 0.451842 0.669491 0.498225 0.513287 0.482137 0.339757 0.220876 0.153306 0.116862 0.130605 0.141852 0.1169 0.10369 0.0856766 2.093099e-01 0.892
N:19 Run:1 0.115177 0.0851453 0.146704 0.105786 0.114613 0.0956582 0.129943 0.112542 0.0854386 0.0886807 0.0739725 0.0718235 0.0670719 0.0715368 0.063134 0.106315 0.0929517 0.120478 0.137402 0.127625 0.123836 2.093099e-01 0.892
N:19 Run:2 0.0733004 0.077456 0.130591 0.328268 0.345571 0.397053 0.343447 0.37877 0.349479 0.447248 0.430148 0.363737 0.22861 0.16177 0.126329 0.0918649 0.126831 0.119009 0.116996 0.0834852 0.0941036 2.093099e-01 0.892
N:19 Run:3 0.112366 0.145857 0.217444 0.248359 0.25283 0.233095 0.194685 0.237269 0.255131 0.192677 0.136827 0.114939 0.0772558 0.0549813 0.0436496 0.0378652 0.0350176 0.0339562 0.0333166 0.0359125 0.0423357 2.093099e-01 0.892
N:19 Run:4 0.0903068 0.15049 0.148194 0.128357 0.125182 0.12141 0.117999 0.170873 0.265129 0.193912 0.165789 0.173704 0.205417 0.162219 0.137169 0.0954562 0.0958864 0.0884889 0.0904319 0.0822801 0.0795951 2.093099e-01 0.892
N:19 Run:5 0.0715185 0.0870931 0.121364 0.247545 0.231368 0.243274 0.18438 0.193361 0.196061 0.193354 0.221116 0.221974 0.186404 0.142783 0.117585 0.0950614 0.12722 0.12389 0.133042 0.134443 0.133111 2.093099e-01 0.892
N:19 Run:6 0.110938 0.0930731 0.122739 0.118064 0.112301 0.122709 0.110834 0.085313 0.0907638 0.0905987 0.0812802 0.0662618 0.0623246 0.0951334 0.132226 0.111033 0.108397 0.10023 0.127473 0.159368 0.136474 2.093099e-01 0.892
N:19 Run:7 0.0982447 0.119562 0.151068 0.264367 0.38624 0.384565 0.394806 0.316854 0.360821 0.286502 0.410145 0.628641 0.366601 0.233816 0.153135 0.129547 0.131292 0.142983 0.120931 0.12122 0.153903 2.093099e-01 0.892
N:19 Run:8 0.102002 0.0880435 0.218603 0.251365 0.262075 0.264922 0.301161 0.241935 0.1833 0.198228 0.234049 0.269315 0.169392 0.163239 0.168084 0.188131 0.207067 0.157638 0.134399 0.112996 0.0919182 2.093099e-01 0.892
N:19 Run:9 0.0970811 0.0910542 0.0866995 0.0880895 0.098842 0.0878545 0.06789 0.0727568 0.0843993 0.0840073 0.0864005 0.0829255 0.162198 0.118513 0.103581 0.0970349 0.0859226 0.108487 0.0879501 0.134295 0.131899 2.093099e-01 0.892
N:20 Run:0 0.127311 0.144012 0.49472 0.626999 0.496421 0.595456 0.540419 0.451842 0.669491 0.498225 0.513287 0.482137 0.339757 0.220876 0.153306 0.116862 0.130605 0.141852 0.1169 0.10369 0.0856766 2.412216e-01 0.900
N:20 Run:1 0.115177 0.0851453 0.146704 0.105786 0.114613 0.0956582 0.129943 0.112542 0.0854386 0.0886807 0.0739725 0.0718235 0.0670719 0.0715368 0.063134 0.106315 0.0929517 0.120478 0.137402 0.127625 0.123836 2.412216e-01 0.900
N:20 Run:2 0.0733004 0.077456 0.130591 0.328268 0.345571 0.397053 0.343447 0.37877 0.349479 0.447248 0.430148 0.363737 0.22861 0.16177 0.126329 0.0918649 0.126831 0.119009 0.116996 0.0834852 0.0941036 2.412216e-01 0.900
N:20 Run:3 0.112366 0.145857 0.217444 0.248359 0.25283 0.233095 0.194685 0.237269 0.255131 0.192677 0.136827 0.114939 0.0772558 0.0549813 0.0436496 0.0378652 0.0350176 0.0339562 0.0333166 0.0359125 0.0423357 2.412216e-01 0.900
N:20 Run:4 0.0903068 0.15049 0.148194 0.128357 0.125182 0.12141 0.117999 0.170873 0.265129 0.193912 0.165789 0.173704 0.205417 0.162219 0.137169 0.0954562 0.0958864 0.0884889 0.0904319 0.0822801 0.0795951 2.412216e-01 0.900
N:20 Run:5 0.0715185 0.0870931 0.121364 0.247545 0.231368 0.243274 0.18438 0.193361 0.196061 0.193354 0.221116 0.221974 0.186404 0.142783 0.117585 0.0950614 0.12722 0.12389 0.133042 0.134443 0.133111 2.412216e-01 0.900
N:20 Run:6 0.110938 0.0930731 0.122739 0.118064 0.112301 0.122709 0.110834 0.085313 0.0907638 0.0905987 0.0812802 0.0662618 0.0623246 0.0951334 0.132226 0.111033 0.108397 0.10023 0.127473 0.159368 0.136474 2.412216e-01 0.900
N:20 Run:7 0.0982447 0.119562 0.151068 0.264367 0.38624 0.384565 0.394806 0.316854 0.360821 0.286502 0.410145 0.628641 0.366601 0.233816 0.153135 0.129547 0.131292 0.142983 0.120931 0.12122 0.153903 2.412216e-01 0.900
N:20 Run:8 0.102002 0.0880435 0.218603 0.251365 0.262075 0.264922 0.301161 0.241935 0.1833 0.198228 0.234049 0.269315 0.169392 0.163239 0.168084 0.188131 0.207067 0.157638 0.134399 0.112996 0.0919182 2.412216e-01 0.900
N:20 Run:9 0.0970811 0.0910542 0.0866995 0.0880895 0.098842 0.0878545 0.06789 0.0727568 0.0843993 0.0840073 0.0864005 0.0829255 0.162198 0.118513 0.103581 0.0970349 0.0859226 0.108487 0.0879501 0.134295 0.131899 2.412216e-01 0.900
N:21 Run:0 0.127311 0.144012 0.49472 0.626999 0.496421 0.595456 0.540419 0.451842 0.669491 0.498225 0.513287 0.482137 0.339757 0.220876 0.153306 0.116862 0.130605 0.141852 0.1169 0.10369 0.0856766 2.248733e-01 0.894
N:21 Run:1 0.115177 0.0851453 0.146704 0.105786 0.114613 0.0956582 0.129943 0.112542 0.0854386 0.0886807 0.0739725 0.0718235 0.0670719 0.0715368 0.063134 0.106315 0.0929517 0.120478 0.137402 0.127625 0.123836 2.248733e-01 0.894
N:21 Run:2 0.0733004 0.077456 0.130591 0.328268 0.345571 0.397053 0.343447 0.37877 0.349479 0.447248 0.430148 0.363737 0.22861 0.16177 0.126329 0.0918649 0.126831 0.119009 0.116996 0.0834852 0.0941036 2.248733e-01 0.894
N:21 Run:3 0.112366 0.145857 0.217444 0.248359 0.25283 0.233095 0.194685 0.237269 0.255131 0.192677 0.136827 0.114939 0.0772558 0.0549813 0.0436496 0.0378652 0.0350176 0.0339562 0.0333166 0.0359125 0.0423357 2.248733e-01 0.894
N:21 Run:4 0.0903068 0.15049 0.148194 0.128357 0.125182 0.12141 0.117999 0.170873 0.265129 0.193912 0.165789 0.173704 0.205417 0.162219 0.137169 0.0954562 0.0958864 0.0884889 0.0904319 0.0822801 0.0795951 2.248733e-01 0.894
N:21 Run:5 0.0715185 0.0870931 0.121364 0.247545 0.231368 0.243274 0.18438 0.193361 0.196061 0.193354 0.221116 0.221974 0.186404 0.142783 0.117585 0.0950614 0.12722 0.12389 0.133042 0.134443 0.133111 2.248733e-01 0.894
N:21 Run:6 0.110938 0.0930731 0.122739 0.118064 0.112301 0.122709 0.110834 0.085313 0.0907638 0.0905987 0.0812802 0.0662618 0.0623246 0.0951334 0.132226 0.111033 0.108397 0.10023 0.127473 0.159368 0.136474 2.248733e-01 0.894
N:21 Run:7 0.0982447 0.119562 0.151068 0.264367 0.38624 0.384565 0.394806 0.316854 0.360821 0.286502 0.410145 0.628641 0.366601 0.233816 0.153135 0.129547 0.131292 0.142983 0.120931 0.12122 0.153903 2.248733e-01 0.894
N:21 Run:8 0.102002 0.0880435 0.218603 0.251365 0.262075 0.264922 0.301161 0.241935 0.1833 0.198228 0.234049 0.269315 0.169392 0.163239 0.168084 0.188131 0.207067 0.157638 0.134399 0.112996 0.0919182 2.248733e-01 0.894
N:21 Run:9 0.0970811 0.0910542 0.0866995 0.0880895 0.098842 0.0878545 0.06789 0.0727568 0.0843993 0.0840073 0.0864005 0.0829255 0.162198 0.118513 0.103581 0.0970349 0.0859226 0.108487 0.0879501 0.134295 0.131899 2.248733e-01 0.894
N:22 Run:0 0.127311 0.144012 0.49472 0.626999 0.496421 0.595456 0.540419 0.451842 0.669491 0.498225 0.513287 0.482137 0.339757 0.220876 0.153306 0.116862 0.130605 0.141852 0.1169 0.10369 0.0856766 2.022447e-01 0.921
N:22 Run:1 0.115177 0.0851453 0.146704 0.105786 0.114613 0.0956582 0.129943 0.112542 0.0854386 0.0886807 0.0739725 0.0718235 0.0670719 0.0715368 0.063134 0.106315 0.0929517 0.120478 0.137402 0.127625 0.123836 2.022447e-01 0.921
N:22 Run:2 0.0733004 0.077456 0.130591 0.328268 0.345571 0.397053 0.343447 0.37877 0.349479 0.447248 0.430148 0.363737 0.22861 0.16177 0.126329 0.0918649 0.126831 0.119009 0.116996 0.0834852 0.0941036 2.022447e-01 0.921
N:22 Run:3 0.112366 0.145857 0.217444 0.248359 0.25283 0.233095 0.194685 0.237269 0.255131 0.192677 0.136827 0.114939 0.0772558 0.0549813 0.0436496 0.0378652 0.0350176 0.0339562 0.0333166 0.0359125 0.0423357 2.022447e-01 0.921
N:22 Run:4 0.0903068 0.15049 0.148194 0.128357 0.125182 0.12141 0.117999 0.170873 0.265129 0.193912 0.165789 0.173704 0.205417 0.162219 0.137169 0.0954562 0.0958864 0.0884889 0.0904319 0.0822801 0.0795951 2.022447e-01 0.921
N:22 Run:5 0.0715185 0.0870931 0.121364 0.247545 0.231368 0.243274 0.18438 0.193361 0.196061 0.193354 0.221116 0.221974 0.186404 0.142783 0.117585 0.0950614 0.12722 0.12389 0.133042 0.134443 0.133111 2.022447e-01 0.921
N:22 Run:6 0.110938 0.0930731 0.122739 0.118064 0.112301 0.122709 0.110834 0.085313 0.0907638 0.0905987 0.0812802 0.0662618 0.0623246 0.0951334 0.132226 0.111033 0.108397 0.10023 0.127473 0.159368 0.136474 2.022447e-01 0.921
N:22 Run:7 0.0982447 0.119562 0.151068 0.264367 0.38624 0.384565 0.394806 0.316854 0.360821 0.286502 0.410145 0.628641 0.366601 0.233816 0.153135 0.129547 0.131292 0.142983 0.120931 0.12122 0.153903 2.022447e-01 0.921
N:22 Run:8 0.102002 0.0880435 0.218603 0.251365 0.262075 0.264922 0.301161 0.241935 0.1833 0.198228 0.234049 0.269315 0.169392 0.163239 0.168084 0.188131 0.207067 0.157638 0.134399 0.112996 0.0919182 2.022447e-01 0.921
N:22 Run:9 0.0970811 0.0910542 0.0866995 0.0880895 0.098842 0.0878545 0.06789 0.0727568 0.0843993 0.0840073 0.0864005 0.0829255 0.162198 0.118513 0.103581 0.0970349 0.0859226 0.108487 0.0879501 0.134295 0.131899 2.022447e-01 0.921
N:23 Run:0 0.127311 0.144012 0.49472 0.626999 0.496421 0.595456 0.540419 0.451842 0.669491 0.498225 0.513287 0.482137 0.339757 0.220876 0.153306 0.116862 0.130605 0.141852 0.1169 0.10369 0.0856766 2.015762e-01 0.876
N:23 Run:1 0.115177 0.0851453 0.146704 0.105786 0.114613 0.0956582 0.129943 0.112542 0.0854386 0.0886807 0.0739725 0.0718235 0.0670719 0.0715368 0.063134 0.106315 0.0929517 0.120478 0.137402 0.127625 0.123836 2.015762e-01 0.876
N:23 Run:2 0.0733004 0.077456 0.130591 0.328268 0.345571 0.397053 0.343447 0.37877 0.349479 0.447248 0.430148 0.363737 0.22861 0.16177 0.126329 0.0918649 0.126831 0.119009 0.116996 0.0834852 0.0941036 2.015762e-01 0.876
N:23 Run:3 0.112366 0.145857 0.217444 0.248359 0.25283 0.233095 0.194685 0.237269 0.255131 0.192677 0.136827 0.114939 0.0772558 0.0549813 0.0436496 0.0378652 0.0350176 0.0339562 0.0333166 0.0359125 0.0423357 2.015762e-01 0.876
N:23 Run:4 0.0903068 0.15049 0.148194 0.128357 0.125182 0.12141 0.117999 0.170873 0.265129 0.193912 0.165789 0.173704 0.205417 0.162219 0.137169 0.0954562 0.0958864 0.0884889 0.0904319 0.0822801 0.0795951 2.015762e-01 0.876
N:23 Run:5 0.0715185 0.0870931 0.121364 0.247545 0.231368 0.243274 0.18438 0.193361 0.196061 0.193354 0.221116 0.221974 0.186404 0.142783 0.117585 0.0950614 0.12722 0.12389 0.133042 0.134443 0.133111 2.015762e-01 0.876
N:23 Run:6 0.110938 0.0930731 0.122739 0.118064 0.112301 0.122709 0.110834 0.085313 0.0907638 0.0905987 0.0812802 0.0662618 0.0623246 0.0951334 0.132226 0.111033 0.108397 0.10023 0.127473 0.159368 0.136474 2.015762e-01 0.876
N:23 Run:7 0.0982447 0.119562 0.151068 0.264367 0.38624 0.384565 0.394806 0.316854 0.360821 0.286502 0.410145 0.628641 0.366601 0.233816 0.153135 0.129547 0.131292 0.142983 0.120931 0.12122 0.153903 2.015762e-01 0.876
N:23 Run:8 0.102002 0.0880435 0.218603 0.251365 0.262075 0.264922 0.301161 0.241935 0.1833 0.198228 0.234049 0.269315 0.169392 0.163239 0.168084 0.188131 0.207067 0.157638 0.134399 0.112996 0.0919182 2.015762e-01 0.876
N:23 Run:9 0.0970811 0.0910542 0.0866995 0.0880895 0.098842 0.0878545 0.06789 0.0727568 0.0843993 0.0840073 0.0864005 0.0829255 0.162198 0.118513 0.103581 0.0970349 0.0859226 0.108487 0.0879501 0.134295 0.131899 2.015762e-01 0.876
N:24 Run:0 0.127311 0.144012 0.49472 0.626999 0.496421 0.595456 0.540419 0.451842 0.669491 0.498225 0.513287 0.482137 0.339757 0.220876 0.153306 0.116862 0.130605 0.141852 0.1169 0.10369 0.0856766 2.156812e-01 0.829
N:24 Run:1 0.115177 0.0851453 0.146704 0.105786 0.114613 0.0956582 0.129943 0.112542 0.0854386 0.0886807 0.0739725 0.0718235 0.0670719 0.0715368 0.063134 0.106315 0.0929517 0.120478 0.137402 0.127625 0.123836 2.156812e-01 0.829
N:24 Run:2 0.0733004 0.077456 0.130591 0.328268 0.345571 0.397053 0.343447 0.37877 0.349479 0.447248 0.430148 0.363737 0.22861 0.16177 0.126329 0.0918649 0.126831 0.119009 0.116996 0.0834852 0.0941036 2.156812e-01 0.829
N:24 Run:3 0.112366 0.145857 0.217444 0.248359 0.25283 0.233095 0.194685 0.237269 0.255131 0.192677 0.136827 0.114939 0.0772558 0.0549813 0.0436496 0.0378652 0.0350176 0.0339562 0.0333166 0.0359125 0.0423357 2.156812e-01 0.829
N:24 Run:4 0.0903068 0.15049 0.148194 0.128357 0.125182 0.12141 0.117999 0.170873 0.265129 0.193912 0.165789 0.173704 0.205417 0.162219 0.137169 0.0954562 0.0958864 0.0884889 0.0904319 0.0822801 0.0795951 2.156812e-01 0.829
N:24 Run:5 0.0715185 0.0870931 0.121364 0.247545 0.231368 0.243274 0.18438 0.193361 0.196061 0.193354 0.221116 0.221974 0.186404 0.142783 0.117585 0.0950614 0.12722 0.12389 0.133042 0.134443 0.133111 2.156812e-01 0.829
N:24 Run:6 0.110938 0.0930731 0.122739 0.118064 0.112301 0.122709 0.110834 0.085313 0.0907638 0.0905987 0.0812802 0.0662618 0.0623246 0.0951334 0.132226 0.111033 0.108397 0.10023 0.127473 0.159368 0.136474 2.156812e-01 0.829
N:24 Run:7 0.0982447 0.119562 0.151068 0.264367 0.38624 0.384565 0.394806 0.316854 0.360821 0.286502 0.410145 0.628641 0.366601 0.233816 0.153135 0.129547 0.131292 0.142983 0.120931 0.12122 0.153903 2.156812e-01 0.829
N:24 Run:8 0.102002 0.0880435 0.218603 0.251365 0.262075 0.264922 0.301161 0.241935 0.1833 0.198228 0.234049 0.269315 0.169392 0.163239 0.168084 0.188131 0.207067 0.157638 0.134399 0.112996 0.0919182 2.156812e-01 0.829
N:24 Run:9 0.0970811 0.0910542 0.0866995 0.0880895 0.098842 0.0878545 0.06789 0.0727568 0.0843993 0.0840073 0.0864005 0.0829255 0.162198 0.118513 0.103581 0.0970349 0.0859226 0.108487 0.0879501 0.134295 0.131899 2.156812e-01 0.829
N:25 Run:0 0.127311 0.144012 0.49472 0.626999 0.496421 0.595456 0.540419 0.451842 0.669491 0.498225 0.513287 0.482137 0.339757 0.220876 0.153306 0.116862 0.130605 0.141852 0.1169 0.10369 0.0856766 1.879328e-01 0.870
N:25 Run:1 0.115177 0.0851453 0.146704 0.105786 0.114613 0.0956582 0.129943 0.112542 0.0854386 0.0886807 0.0739725 0.0718235 0.0670719 0.0715368 0.063134 0.106315 0.0929517 0.120478 0.137402 0.127625 0.123836 1.879328e-01 0.870
N:25 Run:2 0.0733004 0.077456 0.130591 0.328268 0.345571 0.397053 0.343447 0.37877 0.349479 0.447248 0.430148 0.363737 0.22861 0.16177 0.126329 0.0918649 0.126831 0.119009 0.116996 0.0834852 0.0941036 1.879328e-01 0.870
N:25 Run:3 0.112366 0.145857 0.217444 0.248359 0.25283 0.233095 0.194685 0.237269 0.255131 0.192677 0.136827 0.114939 0.0772558 0.0549813 0.0436496 0.0378652 0.0350176 0.0339562 0.0333166 0.0359125 0.0423357 1.879328e-01 0.870
N:25 Run:4 0.0903068 0.15049 0.148194 0.128357 0.125182 0.12141 0.117999 0.170873 0.265129 0.193912 0.165789 0.173704 0.205417 0.162219 0.137169 0.0954562 0.0958864 0.0884889 0.0904319 0.0822801 0.0795951 1.879328e-01 0.870
N:25 Run:5 0.0715185 0.0870931 0.121364 0.247545 0.231368 0.243274 0.18438 0.193361 0.196061 0.193354 0.221116 0.221974 0.186404 0.142783 0.117585 0.0950614 0.12722 0.12389 0.133042 0.134443 0.133111 1.879328e-01 0.870
N:25 Run:6 0.110938 0.0930731 0.122739 0.118064 0.112301 0.122709 0.110834 0.085313 0.0907638 0.0905987 0.0812802 0.0662618 0.0623246 0.0951334 0.132226 0.111033 0.108397 0.10023 0.127473 0.159368 0.136474 1.879328e-01 0.870
N:25 Run:7 0.0982447 0.119562 0.151068 0.264367 0.38624 0.384565 0.394806 0.316854 0.360821 0.286502 0.410145 0.628641 0.366601 0.233816 0.153135 0.129547 0.131292 0.142983 0.120931 0.12122 0.153903 1.879328e-01 0.870
N:25 Run:8 0.102002 0.0880435 0.218603 0.251365 0.262075 0.264922 0.301161 0.241935 0.1833 0.198228 0.234049 0.269315 0.169392 0.163239 0.168084 0.188131 0.207067 0.157638 0.134399 0.112996 0.0919182 1.879328e-01 0.870
N:25 Run:9 0.0970811 0.0910542 0.0866995 0.0880895 0.098842 0.0878545 0.06789 0.0727568 0.0843993 0.0840073 0.0864005 0.0829255 0.162198 0.118513 0.103581 0.0970349 0.0859226 0.108487 0.0879501 0.134295 0.131899 1.879328e-01 0.870
N:26 Run:0 0.127311 0.144012 0.49472 0.626999 0.496421 0.595456 0.540419 0.451842 0.669491 0.498225 0.513287 0.482137 0.339757 0.220876 0.153306 0.116862 0.130605 0.141852 0.1169 0.10369 0.0856766 2.033547e-01 0.819
N:26 Run:1 0.115177 0.0851453 0.146704 0.105786 0.114613 0.0956582 0.129943 0.112542 0.0854386 0.0886807 0.0739725 0.0718235 0.0670719 0.0715368 0.063134 0.106315 0.0929517 0.120478 0.137402 0.127625 0.123836 2.033547e-01 0.819
N:26 Run:2 0.0733004 0.077456 0.130591 0.328268 0.345571 0.397053 0.343447 0.37877 0.349479 0.447248 0.430148 0.363737 0.22861 0.16177 0.126329 0.0918649 0.126831 0.119009 0.116996 0.0834852 0.0941036 2.033547e-01 0.819
N:26 Run:3 0.112366 0.145857 0.217444 0.248359 0.25283 0.233095 0.194685 0.237269 0.255131 0.192677 0.136827 0.114939 0.0772558 0.0549813 0.0436496 0.0378652 0.0350176 0.0339562 0.0333166 0.0359125 0.0423357 2.033547e-01 0.819
N:26 Run:4 0.0903068 0.15049 0.148194 0.128357 0.125182 0.12141 0.117999 0.170873 0.265129 0.193912 0.165789 0.173704 0.205417 0.162219 0.137169 0.0954562 0.0958864 0.0884889 0.0904319 0.0822801 0.0795951 2.033547e-01 0.819
N:26 Run:5 0.0715185 0.0870931 0.121364 0.247545 0.231368 0.243274 0.18438 0.193361 0.196061 0.193354 0.221116 0.221974 0.186404 0.142783 0.117585 0.0950614 0.12722 0.12389 0.133042 0.134443 0.133111 2.033547e-01 0.819
N:26 Run:6 0.110938 0.0930731 0.122739 0.118064 0.112301 0.122709 0.110834 0.085313 0.0907638 0.0905987 0.0812802 0.0662618 0.0623246 0.0951334 0.132226 0.111033 0.108397 0.10023 0.127473 0.159368 0.136474 2.033547e-01 0.819
N:26 Run:7 0.0982447 0.119562 0.151068 0.264367 0.38624 0.384565 0.394806 0.316854 0.360821 0.286502 0.410145 0.628641 0.366601 0.233816 0.153135 0.129547 0.131292 0.142983 0.120931 0.12122 0.153903 2.033547e-01 0.819
N:26 Run:8 0.102002 0.0880435 0.218603 0.251365 0.262075 0.264922 0.301161 0.241935 0.1833 0.198228 0.234049 0.269315 0.169392 0.163239 0.168084 0.188131 0.207067 0.157638 0.134399 0.112996 0.0919182 2.033547e-01 0.819
N:26 Run:9 0.0970811 0.0910542 0.0866995 0.0880895 0.098842 0.0878545 0.06789 0.0727568 0.0843993 0.0840073 0.0864005 0.0829255 0.162198 0.118513 0.103581 0.0970349 0.0859226 0.108487 0.0879501 0.134295 0.131899 2.033547e-01 0.819
N:27 Run:0 0.127311 0.144012 0.49472 0.626999 0.496421 0.595456 0.540419 0.451842 0.669491 0.498225 0.513287 0.482137 0.339757 0.220876 0.153306 0.116862 0.130605 0.141852 0.1169 0.10369 0.0856766 2.033291e-01 0.830
N:27 Run:1 0.115177 0.0851453 0.146704 0.105786 0.114613 0.0956582 0.129943 0.112542 0.0854386 0.0886807 0.0739725 0.0718235 0.0670719 0.0715368 0.063134 0.106315 0.0929517 0.120478 0.137402 0.127625 0.123836 2.033291e-01 0.830
N:27 Run:2 0.0733004 0.077456 0.130591 0.328268 0.345571 0.397053 0.343447 0.37877 0.349479 0.447248 0.430148 0.363737 0.22861 0.16177 0.126329 0.0918649 0.126831 0.119009 0.116996 0.0834852 0.0941036 2.033291e-01 0.830
N:27 Run:3 0.112366 0.145857 0.217444 0.248359 0.25283 0.233095 0.194685 0.237269 0.255131 0.192677 0.136827 0.114939 0.0772558 0.0549813 0.0436496 0.0378652 0.0350176 0.0339562 0.0333166 0.0359125 0.0423357 2.033291e-01 0.830
N:27 Run:4 0.0903068 0.15049 0.148194 0.128357 0.125182 0.12141 0.117999 0.170873 0.265129 0.193912 0.165789 0.173704 0.205417 0.162219 0.137169 0.0954562 0.0958864 0.0884889 0.0904319 0.0822801 0.0795951 2.033291e-01 0.830
N:27 Run:5 0.0715185 0.0870931 0.121364 0.247545 0.231368 0.243274 0.18438 0.193361 0.196061 0.193354 0.221116 0.221974 0.186404 0.142783 0.117585 0.0950614 0.12722 0.12389 0.133042 0.134443 0.133111 2.033291e-01 0.830
N:27 Run:6 0.110938 0.0930731 0.122739 0.118064 0.112301 0.122709 0.110834 0.085313 0.0907638 0.0905987 0.0812802 0.0662618 0.0623246 0.0951334 0.132226 0.111033 0.108397 0.10023 0.127473 0.159368 0.136474 2.033291e-01 0.830
N:27 Run:7 0.0982447 0.119562 0.151068 0.264367 0.38624 0.384565 0.394806 0.316854 0.360821 0.286502 0.410145 0.628641 0.366601 0.233816 0.153135 0.129547 0.131292 0.142983 0.120931 0.12122 0.153903 2.033291e-01 0.830
N:27 Run:8 0.102002 0.0880435 0.218603 0.251365 0.262075 0.264922 0.301161 0.241935 0.1833 0.198228 0.234049 0.269315 0.169392 0.163239 0.168084 0.188131 0.207067 0.157638 0.134399 0.112996 0.0919182 2.033291e-01 0.830
N:27 Run:9 0.0970811 0.0910542 0.0866995 0.0880895 0.098842 0.0878545 0.06789 0.0727568 0.0843993 0.0840073 0.0864005 0.0829255 0.162198 0.118513 0.103581 0.0970349 0.0859226 0.108487 0.0879501 0.134295 0.131899 2.033291e-01 0.830
N:28 Run:0 0.127311 0.144012 0.49472 0.626999 0.496421 0.595456 0.540419 0.451842 0.669491 0.498225 0.513287 0.482137 0.339757 0.220876 0.153306 0.116862 0.130605 0.141852 0.1169 0.10369 0.0856766 2.429695e-01 0.923
N:28 Run:1 0.115177 0.0851453 0.146704 0.105786 0.114613 0.0956582 0.129943 0.112542 0.0854386 0.0886807 0.0739725 0.0718235 0.0670719 0.0715368 0.063134 0.106315 0.0929517 0.120478 0.137402 0.127625 0.123836 2.429695e-01 0.923
N:28 Run:2 0.0733004 0.077456 0.130591 0.328268 0.345571 0.397053 0.343447 0.37877 0.349479 0.447248 0.430148 0.363737 0.22861 0.16177 0.126329 0.0918649 0.126831 0.119009 0.116996 0.0834852 0.0941036 2.429695e-01 0.923
N:28 Run:3 0.112366 0.145857 0.217444 0.248359 0.25283 0.233095 0.194685 0.237269 0.255131 0.192677 0.136827 0.114939 0.0772558 0.0549813 0.0436496 0.0378652 0.0350176 0.0339562 0.0333166 0.0359125 0.0423357 2.429695e-01 0.923
N:28 Run:4 0.0903068 0.15049 0.148194 0.128357 0.125182 0.12141 0.117999 0.170873 0.265129 0.193912 0.165789 0.173704 0.205417 0.162219 0.137169 0.0954562 0.0958864 0.0884889 0.0904319 0.0822801 0.0795951 2.429695e-01 0.923
N:28 Run:5 0.0715185 0.0870931 0.121364 0.247545 0.231368 0.243274 0.18438 0.193361 0.196061 0.193354 0.221116 0.221974 0.186404 0.142783 0.117585 0.0950614 0.12722 0.12389 0.133042 0.134443 0.133111 2.429695e-01 0.923
N:28 Run:6 0.110938 0.0930731 0.122739 0.118064 0.112301 0.122709 0.110834 0.085313 0.0907638 0.0905987 0.0812802 0.0662618 0.0623246 0.0951334 0.132226 0.111033 0.108397 0.10023 0.127473 0.159368 0.136474 2.429695e-01 0.923
N:28 Run:7 0.0982447 0.119562 0.151068 0.264367 0.38624 0.384565 0.394806 0.316854 0.360821 0.286502 0.410145 0.628641 0.366601 0.233816 0.153135 0.129547 0.131292 0.142983 0.120931 0.12122 0.153903 2.429695e-01 0.923
N:28 Run:8 0.102002 0.0880435 0.218603 0.251365 0.262075 0.264922 0.301161 0.241935 0.1833 0.198228 0.234049 0.269315 0.169392 0.163239 0.168084 0.188131 0.207067 0.157638 0.134399 0.112996 0.0919182 2.429695e-01 0.923
N:28 Run:9 0.0970811 0.0910542 0.0866995 0.0880895 0.098842 0.0878545 0.06789 0.0727568 0.0843993 0.0840073 0.0864005 0.0829255 0.162198 0.118513 0.103581 0.0970349 0.0859226 0.108487 0.0879501 0.134295 0.131899 2.429695e-01 0.923
N:29 Run:0 0.127311 0.144012 0.49472 0.626999 0.496421 0.595456 0.540419 0.451842 0.669491 0.498225 0.513287 0.482137 0.339757 0.220876 0.153306 0.116862 0.130605 0.141852 0.1169 0.10369 0.0856766 1.861282e-01 0.911
N:29 Run:1 0.115177 0.0851453 0.146704 0.105786 0.114613 0.0956582 0.129943 0.112542 0.0854386 0.0886807 0.0739725 0.0718235 0.0670719 0.0715368 0.063134 0.106315 0.0929517 0.120478 0.137402 0.127625 0.123836 1.861282e-01 0.911
N:29 Run:2 0.0733004 0.077456 0.130591 0.328268 0.345571 0.397053 0.343447 0.37877 0.349479 0.447248 0.430148 0.363737 0.22861 0.16177 0.126329 0.0918649 0.126831 0.119009 0.116996 0.0834852 0.0941036 1.861282e-01 0.911
N:29 Run:3 0.112366 0.145857 0.217444 0.248359 0.25283 0.233095 0.194685 0.237269 0.255131 0.192677 0.136827 0.114939 0.0772558 0.0549813 0.0436496 0.0378652 0.0350176 0.0339562 0.0333166 0.0359125 0.0423357 1.861282e-01 0.911
N:29 Run:4 0.0903068 0.15049 0.148194 0.128357 0.125182 0.12141 0.117999 0.170873 0.265129 0.193912 0.165789 0.173704 0.205417 0.162219 0.137169 0.0954562 0.0958864 0.0884889 0.0904319 0.0822801 0.0795951 1.861282e-01 0.911
N:29 Run:5 0.0715185 0.0870931 0.121364 0.247545 0.231368 0.243274 0.18438 0.193361 0.196061 0.193354 0.221116 0.221974 0.186404 0.142783 0.117585 0.0950614 0.12722 0.12389 0.133042 0.134443 0.133111 1.861282e-01 0.911
N:29 Run:6 0.110938 0.0930731 0.122739 0.118064 0.112301 0.122709 0.110834 0.085313 0.0907638 0.0905987 0.0812802 0.0662618 0.0623246 0.0951334 0.132226 0.111033 0.108397 0.10023 0.127473 0.159368 0.136474 1.861282e-01 0.911
N:29 Run:7 0.0982447 0.119562 0.151068 0.264367 0.38624 0.384565 0.394806 0.316854 0.360821 0.286502 0.410145 0.628641 0.366601 0.233816 0.153135 0.129547 0.131292 0.142983 0.120931 0.12122 0.153903 1.861282e-01 0.911
N:29 Run:8 0.102002 0.0880435 0.218603 0.251365 0.262075 0.264922 0.301161 0.241935 0.1833 0.198228 0.234049 0.269315 0.169392 0.163239 0.168084 0.188131 0.207067 0.157638 0.134399 0.112996 0.0919182 1.861282e-01 0.911
N:29 Run:9 0.0970811 0.0910542 0.0866995 0.0880895 0.098842 0.0878545 0.06789 0.0727568 0.0843993 0.0840073 0.0864005 0.0829255 0.162198 0.118513 0.103581 0.0970349 0.0859226 0.108487 0.0879501 0.134295 0.131899 1.861282e-01 0.911
