Seed:1578641066
N:0 Run:0 0.625958 0.648801 0.650151 0.645136 0.648538 0.644189 0.64787 0.641301 0.638402 0.627829 0.621352 0.596477 0.633974 0.635825 0.640604 0.645245 0.654117 0.653194 0.653797 0.650141 0.644929 1.641680e-01 0.856
N:0 Run:1 0.556771 0.616783 0.549089 0.353973 0.320566 0.264819 0.245041 0.371039 0.271196 0.232833 0.268395 0.356908 0.555219 0.627322 0.650409 0.659206 0.656382 0.655336 0.652571 0.655378 0.641482 1.641680e-01 0.856
N:0 Run:2 0.690079 0.669011 0.654412 0.652104 0.634201 0.624595 0.616477 0.622405 0.636617 0.602812 0.626413 0.63182 0.649163 0.644007 0.639259 0.637344 0.653886 0.656538 0.657163 0.660854 0.655519 1.641680e-01 0.856
N:0 Run:3 0.56462 0.626284 0.641853 0.641604 0.63353 0.646251 0.637365 0.628141 0.635314 0.647316 0.641448 0.638813 0.637724 0.650166 0.644815 0.654817 0.660242 0.663831 0.663092 0.664759 0.661296 1.641680e-01 0.856
N:0 Run:4 0.543708 0.605293 0.635795 0.645454 0.65628 0.652597 0.648768 0.644999 0.628999 0.601711 0.612004 0.617085 0.640735 0.639681 0.639251 0.614448 0.616522 0.635968 0.641495 0.646795 0.652691 1.641680e-01 0.856
N:0 Run:5 0.609311 0.646037 0.647985 0.654997 0.608617 0.559763 0.588614 0.582954 0.61075 0.597897 0.625534 0.623725 0.626287 0.63665 0.63382 0.649691 0.657163 0.658506 0.651367 0.654765 0.657774 1.641680e-01 0.856
N:0 Run:6 0.622702 0.645067 0.649679 0.634631 0.621298 0.613622 0.602481 0.570941 0.599636 0.604977 0.609216 0.608374 0.6194 0.632576 0.642558 0.652471 0.647489 0.656101 0.65399 0.657968 0.657288 1.641680e-01 0.856
N:0 Run:7 0.57156 0.630166 0.647752 0.6551 0.655246 0.632711 0.647777 0.639713 0.625457 0.609684 0.615508 0.615858 0.624025 0.641167 0.646452 0.655371 0.655353 0.646489 0.638992 0.651762 0.645069 1.641680e-01 0.856
N:0 Run:8 0.555669 0.621678 0.616817 0.630119 0.634911 0.641889 0.636795 0.633247 0.64469 0.648987 0.651173 0.6412 0.658171 0.661522 0.663828 0.664944 0.662171 0.660123 0.661591 0.65767 0.656055 1.641680e-01 0.856
N:0 Run:9 0.599513 0.631993 0.574958 0.451248 0.27861 0.212569 0.186601 0.17746 0.174216 0.173081 0.172664 0.172518 0.445895 0.562178 0.617166 0.638688 0.643485 0.646398 0.652379 0.657805 0.658869 1.641680e-01 0.856
N:1 Run:0 0.625958 0.648801 0.650151 0.645136 0.648538 0.644189 0.64787 0.641301 0.638402 0.627829 0.621352 0.596477 0.633974 0.635825 0.640604 0.645245 0.654117 0.653194 0.653797 0.650141 0.644929 2.984890e-01 0.868
N:1 Run:1 0.556771 0.616783 0.549089 0.353973 0.320566 0.264819 0.245041 0.371039 0.271196 0.232833 0.268395 0.356908 0.555219 0.627322 0.650409 0.659206 0.656382 0.655336 0.652571 0.655378 0.641482 2.984890e-01 0.868
N:1 Run:2 0.690079 0.669011 0.654412 0.652104 0.634201 0.624595 0.616477 0.622405 0.636617 0.602812 0.626413 0.63182 0.649163 0.644007 0.639259 0.637344 0.653886 0.656538 0.657163 0.660854 0.655519 2.984890e-01 0.868
N:1 Run:3 0.56462 0.626284 0.641853 0.641604 0.63353 0.646251 0.637365 0.628141 0.635314 0.647316 0.641448 0.638813 0.637724 0.650166 0.644815 0.654817 0.660242 0.663831 0.663092 0.664759 0.661296 2.984890e-01 0.868
N:1 Run:4 0.543708 0.605293 0.635795 0.645454 0.65628 0.652597 0.648768 0.644999 0.628999 0.601711 0.612004 0.617085 0.640735 0.639681 0.639251 0.614448 0.616522 0.635968 0.641495 0.646795 0.652691 2.984890e-01 0.868
N:1 Run:5 0.609311 0.646037 0.647985 0.654997 0.608617 0.559763 0.588614 0.582954 0.61075 0.597897 0.625534 0.623725 0.626287 0.63665 0.63382 0.649691 0.657163 0.658506 0.651367 0.654765 0.657774 2.984890e-01 0.868
N:1 Run:6 0.622702 0.645067 0.649679 0.634631 0.621298 0.613622 0.602481 0.570941 0.599636 0.604977 0.609216 0.608374 0.6194 0.632576 0.642558 0.652471 0.647489 0.656101 0.65399 0.657968 0.657288 2.984890e-01 0.868
N:1 Run:7 0.57156 0.630166 0.647752 0.6551 0.655246 0.632711 0.647777 0.639713 0.625457 0.609684 0.615508 0.615858 0.624025 0.641167 0.646452 0.655371 0.655353 0.646489 0.638992 0.651762 0.645069 2.984890e-01 0.868
N:1 Run:8 0.555669 0.621678 0.616817 0.630119 0.634911 0.641889 0.636795 0.633247 0.64469 0.648987 0.651173 0.6412 0.658171 0.661522 0.663828 0.664944 0.662171 0.660123 0.661591 0.65767 0.656055 2.984890e-01 0.868
N:1 Run:9 0.599513 0.631993 0.574958 0.451248 0.27861 0.212569 0.186601 0.17746 0.174216 0.173081 0.172664 0.172518 0.445895 0.562178 0.617166 0.638688 0.643485 0.646398 0.652379 0.657805 0.658869 2.984890e-01 0.868
N:2 Run:0 0.625958 0.657551 0.649662 0.642642 0.649112 0.641748 0.645775 0.634846 0.629807 0.614744 0.619125 0.571021 0.648517 0.636748 0.637254 0.644852 0.655003 0.649119 0.651799 0.646803 0.642582 1.528128e-01 0.867
N:2 Run:1 0.556771 0.646079 0.52333 0.21157 0.275747 0.187351 0.18515 0.436068 0.166556 0.153293 0.256205 0.400651 0.654032 0.662935 0.660106 0.660837 0.653516 0.652977 0.650258 0.654896 0.635974 1.528128e-01 0.867
N:2 Run:2 0.690079 0.656308 0.64603 0.649295 0.62503 0.618567 0.608955 0.622198 0.641096 0.578144 0.633227 0.629756 0.65479 0.640292 0.637336 0.636207 0.658416 0.655644 0.655464 0.659676 0.651672 1.528128e-01 0.867
N:2 Run:3 0.56462 0.655028 0.647586 0.63476 0.620963 0.646185 0.624003 0.609625 0.635459 0.648449 0.633886 0.630091 0.636611 0.654572 0.642696 0.657455 0.660074 0.662331 0.659897 0.662285 0.657018 1.528128e-01 0.867
N:2 Run:4 0.543708 0.636767 0.646843 0.646608 0.658097 0.643029 0.638092 0.633069 0.603746 0.5621 0.598662 0.603349 0.647125 0.637518 0.638478 0.601892 0.618565 0.642859 0.643253 0.647428 0.653725 1.528128e-01 0.867
N:2 Run:5 0.609311 0.660901 0.648399 0.655876 0.589944 0.541055 0.603078 0.585732 0.623989 0.596757 0.638633 0.619432 0.625359 0.641284 0.633679 0.655067 0.658378 0.656989 0.647231 0.654337 0.656978 1.528128e-01 0.867
N:2 Run:6 0.622702 0.654374 0.651125 0.6291 0.617993 0.612947 0.601412 0.560746 0.616434 0.608951 0.61343 0.609186 0.625629 0.635793 0.639734 0.654555 0.641645 0.656982 0.650601 0.657181 0.654251 1.528128e-01 0.867
N:2 Run:7 0.57156 0.657206 0.655513 0.65677 0.653568 0.62277 0.652259 0.636264 0.617518 0.584278 0.609161 0.613546 0.623134 0.647547 0.645125 0.655333 0.651384 0.639875 0.63411 0.655153 0.642155 1.528128e-01 0.867
N:2 Run:8 0.555669 0.653144 0.618727 0.637508 0.638553 0.645367 0.635779 0.63342 0.649341 0.650187 0.651263 0.637442 0.662984 0.660418 0.661772 0.662171 0.658261 0.656776 0.659518 0.654077 0.653637 1.528128e-01 0.867
N:2 Run:9 0.599513 0.6477 0.515536 0.323743 0.112093 0.0994246 0.0952415 0.0951751 0.0951467 0.0951612 0.0951381 0.0951396 0.570753 0.617921 0.643962 0.648702 0.642403 0.646237 0.653291 0.657975 0.657039 1.528128e-01 0.867
N:3 Run:0 0.625958 0.657551 0.649662 0.642642 0.649112 0.641748 0.645775 0.634846 0.629807 0.614744 0.619125 0.571021 0.648517 0.636748 0.637254 0.644852 0.655003 0.649119 0.651799 0.646803 0.642582 2.989606e-01 0.866
N:3 Run:1 0.556771 0.646079 0.52333 0.21157 0.275747 0.187351 0.18515 0.436068 0.166556 0.153293 0.256205 0.400651 0.654032 0.662935 0.660106 0.660837 0.653516 0.652977 0.650258 0.654896 0.635974 2.989606e-01 0.866
N:3 Run:2 0.690079 0.656308 0.64603 0.649295 0.62503 0.618567 0.608955 0.622198 0.641096 0.578144 0.633227 0.629756 0.65479 0.640292 0.637336 0.636207 0.658416 0.655644 0.655464 0.659676 0.651672 2.989606e-01 0.866
N:3 Run:3 0.56462 0.655028 0.647586 0.63476 0.620963 0.646185 0.624003 0.609625 0.635459 0.648449 0.633886 0.630091 0.636611 0.654572 0.642696 0.657455 0.660074 0.662331 0.659897 0.662285 0.657018 2.989606e-01 0.866
N:3 Run:4 0.543708 0.636767 0.646843 0.646608 0.658097 0.643029 0.638092 0.633069 0.603746 0.5621 0.598662 0.603349 0.647125 0.637518 0.638478 0.601892 0.618565 0.642859 0.643253 0.647428 0.653725 2.989606e-01 0.866
N:3 Run:5 0.609311 0.660901 0.648399 0.655876 0.589944 0.541055 0.603078 0.585732 0.623989 0.596757 0.638633 0.619432 0.625359 0.641284 0.633679 0.655067 0.658378 0.656989 0.647231 0.654337 0.656978 2.989606e-01 0.866
N:3 Run:6 0.622702 0.654374 0.651125 0.6291 0.617993 0.612947 0.601412 0.560746 0.616434 0.608951 0.61343 0.609186 0.625629 0.635793 0.639734 0.654555 0.641645 0.656982 0.650601 0.657181 0.654251 2.989606e-01 0.866
N:3 Run:7 0.57156 0.657206 0.655513 0.65677 0.653568 0.62277 0.652259 0.636264 0.617518 0.584278 0.609161 0.613546 0.623134 0.647547 0.645125 0.655333 0.651384 0.639875 0.63411 0.655153 0.642155 2.989606e-01 0.866
N:3 Run:8 0.555669 0.653144 0.618727 0.637508 0.638553 0.645367 0.635779 0.63342 0.649341 0.650187 0.651263 0.637442 0.662984 0.660418 0.661772 0.662171 0.658261 0.656776 0.659518 0.654077 0.653637 2.989606e-01 0.866
N:3 Run:9 0.599513 0.6477 0.515536 0.323743 0.112093 0.0994246 0.0952415 0.0951751 0.0951467 0.0951612 0.0951381 0.0951396 0.570753 0.617921 0.643962 0.648702 0.642403 0.646237 0.653291 0.657975 0.657039 2.989606e-01 0.866
N:4 Run:0 0.625958 0.657551 0.649662 0.642642 0.649112 0.641748 0.645775 0.634846 0.629807 0.614744 0.619125 0.571021 0.648517 0.636748 0.637254 0.644852 0.655003 0.649119 0.651799 0.646803 0.642582 2.981884e-01 0.868
N:4 Run:1 0.556771 0.646079 0.52333 0.21157 0.275747 0.187351 0.18515 0.436068 0.166556 0.153293 0.256205 0.400651 0.654032 0.662935 0.660106 0.660837 0.653516 0.652977 0.650258 0.654896 0.635974 2.981884e-01 0.868
N:4 Run:2 0.690079 0.656308 0.64603 0.649295 0.62503 0.618567 0.608955 0.622198 0.641096 0.578144 0.633227 0.629756 0.65479 0.640292 0.637336 0.636207 0.658416 0.655644 0.655464 0.659676 0.651672 2.981884e-01 0.868
N:4 Run:3 0.56462 0.655028 0.647586 0.63476 0.620963 0.646185 0.624003 0.609625 0.635459 0.648449 0.633886 0.630091 0.636611 0.654572 0.642696 0.657455 0.660074 0.662331 0.659897 0.662285 0.657018 2.981884e-01 0.868
N:4 Run:4 0.543708 0.636767 0.646843 0.646608 0.658097 0.643029 0.638092 0.633069 0.603746 0.5621 0.598662 0.603349 0.647125 0.637518 0.638478 0.601892 0.618565 0.642859 0.643253 0.647428 0.653725 2.981884e-01 0.868
N:4 Run:5 0.609311 0.660901 0.648399 0.655876 0.589944 0.541055 0.603078 0.585732 0.623989 0.596757 0.638633 0.619432 0.625359 0.641284 0.633679 0.655067 0.658378 0.656989 0.647231 0.654337 0.656978 2.981884e-01 0.868
N:4 Run:6 0.622702 0.654374 0.651125 0.6291 0.617993 0.612947 0.601412 0.560746 0.616434 0.608951 0.61343 0.609186 0.625629 0.635793 0.639734 0.654555 0.641645 0.656982 0.650601 0.657181 0.654251 2.981884e-01 0.868
N:4 Run:7 0.57156 0.657206 0.655513 0.65677 0.653568 0.62277 0.652259 0.636264 0.617518 0.584278 0.609161 0.613546 0.623134 0.647547 0.645125 0.655333 0.651384 0.639875 0.63411 0.655153 0.642155 2.981884e-01 0.868
N:4 Run:8 0.555669 0.653144 0.618727 0.637508 0.638553 0.645367 0.635779 0.63342 0.649341 0.650187 0.651263 0.637442 0.662984 0.660418 0.661772 0.662171 0.658261 0.656776 0.659518 0.654077 0.653637 2.981884e-01 0.868
N:4 Run:9 0.599513 0.6477 0.515536 0.323743 0.112093 0.0994246 0.0952415 0.0951751 0.0951467 0.0951612 0.0951381 0.0951396 0.570753 0.617921 0.643962 0.648702 0.642403 0.646237 0.653291 0.657975 0.657039 2.981884e-01 0.868
N:5 Run:0 0.625958 0.657551 0.649662 0.642642 0.649112 0.641748 0.645775 0.634846 0.629807 0.614744 0.619125 0.571021 0.648517 0.636748 0.637254 0.644852 0.655003 0.649119 0.651799 0.646803 0.642582 2.983029e-01 0.868
N:5 Run:1 0.556771 0.646079 0.52333 0.21157 0.275747 0.187351 0.18515 0.436068 0.166556 0.153293 0.256205 0.400651 0.654032 0.662935 0.660106 0.660837 0.653516 0.652977 0.650258 0.654896 0.635974 2.983029e-01 0.868
N:5 Run:2 0.690079 0.656308 0.64603 0.649295 0.62503 0.618567 0.608955 0.622198 0.641096 0.578144 0.633227 0.629756 0.65479 0.640292 0.637336 0.636207 0.658416 0.655644 0.655464 0.659676 0.651672 2.983029e-01 0.868
N:5 Run:3 0.56462 0.655028 0.647586 0.63476 0.620963 0.646185 0.624003 0.609625 0.635459 0.648449 0.633886 0.630091 0.636611 0.654572 0.642696 0.657455 0.660074 0.662331 0.659897 0.662285 0.657018 2.983029e-01 0.868
N:5 Run:4 0.543708 0.636767 0.646843 0.646608 0.658097 0.643029 0.638092 0.633069 0.603746 0.5621 0.598662 0.603349 0.647125 0.637518 0.638478 0.601892 0.618565 0.642859 0.643253 0.647428 0.653725 2.983029e-01 0.868
N:5 Run:5 0.609311 0.660901 0.648399 0.655876 0.589944 0.541055 0.603078 0.585732 0.623989 0.596757 0.638633 0.619432 0.625359 0.641284 0.633679 0.655067 0.658378 0.656989 0.647231 0.654337 0.656978 2.983029e-01 0.868
N:5 Run:6 0.622702 0.654374 0.651125 0.6291 0.617993 0.612947 0.601412 0.560746 0.616434 0.608951 0.61343 0.609186 0.625629 0.635793 0.639734 0.654555 0.641645 0.656982 0.650601 0.657181 0.654251 2.983029e-01 0.868
N:5 Run:7 0.57156 0.657206 0.655513 0.65677 0.653568 0.62277 0.652259 0.636264 0.617518 0.584278 0.609161 0.613546 0.623134 0.647547 0.645125 0.655333 0.651384 0.639875 0.63411 0.655153 0.642155 2.983029e-01 0.868
N:5 Run:8 0.555669 0.653144 0.618727 0.637508 0.638553 0.645367 0.635779 0.63342 0.649341 0.650187 0.651263 0.637442 0.662984 0.660418 0.661772 0.662171 0.658261 0.656776 0.659518 0.654077 0.653637 2.983029e-01 0.868
N:5 Run:9 0.599513 0.6477 0.515536 0.323743 0.112093 0.0994246 0.0952415 0.0951751 0.0951467 0.0951612 0.0951381 0.0951396 0.570753 0.617921 0.643962 0.648702 0.642403 0.646237 0.653291 0.657975 0.657039 2.983029e-01 0.868
N:6 Run:0 0.625958 0.657551 0.649662 0.642642 0.649112 0.641748 0.645775 0.634846 0.629807 0.614744 0.619125 0.571021 0.648517 0.636748 0.637254 0.644852 0.655003 0.649119 0.651799 0.646803 0.642582 1.546344e-01 0.867
N:6 Run:1 0.556771 0.646079 0.52333 0.21157 0.275747 0.187351 0.18515 0.436068 0.166556 0.153293 0.256205 0.400651 0.654032 0.662935 0.660106 0.660837 0.653516 0.652977 0.650258 0.654896 0.635974 1.546344e-01 0.867
N:6 Run:2 0.690079 0.656308 0.64603 0.649295 0.62503 0.618567 0.608955 0.622198 0.641096 0.578144 0.633227 0.629756 0.65479 0.640292 0.637336 0.636207 0.658416 0.655644 0.655464 0.659676 0.651672 1.546344e-01 0.867
N:6 Run:3 0.56462 0.655028 0.647586 0.63476 0.620963 0.646185 0.624003 0.609625 0.635459 0.648449 0.633886 0.630091 0.636611 0.654572 0.642696 0.657455 0.660074 0.662331 0.659897 0.662285 0.657018 1.546344e-01 0.867
N:6 Run:4 0.543708 0.636767 0.646843 0.646608 0.658097 0.643029 0.638092 0.633069 0.603746 0.5621 0.598662 0.603349 0.647125 0.637518 0.638478 0.601892 0.618565 0.642859 0.643253 0.647428 0.653725 1.546344e-01 0.867
N:6 Run:5 0.609311 0.660901 0.648399 0.655876 0.589944 0.541055 0.603078 0.585732 0.623989 0.596757 0.638633 0.619432 0.625359 0.641284 0.633679 0.655067 0.658378 0.656989 0.647231 0.654337 0.656978 1.546344e-01 0.867
N:6 Run:6 0.622702 0.654374 0.651125 0.6291 0.617993 0.612947 0.601412 0.560746 0.616434 0.608951 0.61343 0.609186 0.625629 0.635793 0.639734 0.654555 0.641645 0.656982 0.650601 0.657181 0.654251 1.546344e-01 0.867
N:6 Run:7 0.57156 0.657206 0.655513 0.65677 0.653568 0.62277 0.652259 0.636264 0.617518 0.584278 0.609161 0.613546 0.623134 0.647547 0.645125 0.655333 0.651384 0.639875 0.63411 0.655153 0.642155 1.546344e-01 0.867
N:6 Run:8 0.555669 0.653144 0.618727 0.637508 0.638553 0.645367 0.635779 0.63342 0.649341 0.650187 0.651263 0.637442 0.662984 0.660418 0.661772 0.662171 0.658261 0.656776 0.659518 0.654077 0.653637 1.546344e-01 0.867
N:6 Run:9 0.599513 0.6477 0.515536 0.323743 0.112093 0.0994246 0.0952415 0.0951751 0.0951467 0.0951612 0.0951381 0.0951396 0.570753 0.617921 0.643962 0.648702 0.642403 0.646237 0.653291 0.657975 0.657039 1.546344e-01 0.867
N:7 Run:0 0.625958 0.657551 0.649662 0.642642 0.649112 0.641748 0.645775 0.634846 0.629807 0.614744 0.619125 0.571021 0.648517 0.636748 0.637254 0.644852 0.655003 0.649119 0.651799 0.646803 0.642582 2.993581e-01 0.865
N:7 Run:1 0.556771 0.646079 0.52333 0.21157 0.275747 0.187351 0.18515 0.436068 0.166556 0.153293 0.256205 0.400651 0.654032 0.662935 0.660106 0.660837 0.653516 0.652977 0.650258 0.654896 0.635974 2.993581e-01 0.865
N:7 Run:2 0.690079 0.656308 0.64603 0.649295 0.62503 0.618567 0.608955 0.622198 0.641096 0.578144 0.633227 0.629756 0.65479 0.640292 0.637336 0.636207 0.658416 0.655644 0.655464 0.659676 0.651672 2.993581e-01 0.865
N:7 Run:3 0.56462 0.655028 0.647586 0.63476 0.620963 0.646185 0.624003 0.609625 0.635459 0.648449 0.633886 0.630091 0.636611 0.654572 0.642696 0.657455 0.660074 0.662331 0.659897 0.662285 0.657018 2.993581e-01 0.865
N:7 Run:4 0.543708 0.636767 0.646843 0.646608 0.658097 0.643029 0.638092 0.633069 0.603746 0.5621 0.598662 0.603349 0.647125 0.637518 0.638478 0.601892 0.618565 0.642859 0.643253 0.647428 0.653725 2.993581e-01 0.865
N:7 Run:5 0.609311 0.660901 0.648399 0.655876 0.589944 0.541055 0.603078 0.585732 0.623989 0.596757 0.638633 0.619432 0.625359 0.641284 0.633679 0.655067 0.658378 0.656989 0.647231 0.654337 0.656978 2.993581e-01 0.865
N:7 Run:6 0.622702 0.654374 0.651125 0.6291 0.617993 0.612947 0.601412 0.560746 0.616434 0.608951 0.61343 0.609186 0.625629 0.635793 0.639734 0.654555 0.641645 0.656982 0.650601 0.657181 0.654251 2.993581e-01 0.865
N:7 Run:7 0.57156 0.657206 0.655513 0.65677 0.653568 0.62277 0.652259 0.636264 0.617518 0.584278 0.609161 0.613546 0.623134 0.647547 0.645125 0.655333 0.651384 0.639875 0.63411 0.655153 0.642155 2.993581e-01 0.865
N:7 Run:8 0.555669 0.653144 0.618727 0.637508 0.638553 0.645367 0.635779 0.63342 0.649341 0.650187 0.651263 0.637442 0.662984 0.660418 0.661772 0.662171 0.658261 0.656776 0.659518 0.654077 0.653637 2.993581e-01 0.865
N:7 Run:9 0.599513 0.6477 0.515536 0.323743 0.112093 0.0994246 0.0952415 0.0951751 0.0951467 0.0951612 0.0951381 0.0951396 0.570753 0.617921 0.643962 0.648702 0.642403 0.646237 0.653291 0.657975 0.657039 2.993581e-01 0.865
N:8 Run:0 0.625958 0.657551 0.649662 0.642642 0.649112 0.641748 0.645775 0.634846 0.629807 0.614744 0.619125 0.571021 0.648517 0.636748 0.637254 0.644852 0.655003 0.649119 0.651799 0.646803 0.642582 1.693863e-01 0.864
N:8 Run:1 0.556771 0.646079 0.52333 0.21157 0.275747 0.187351 0.18515 0.436068 0.166556 0.153293 0.256205 0.400651 0.654032 0.662935 0.660106 0.660837 0.653516 0.652977 0.650258 0.654896 0.635974 1.693863e-01 0.864
N:8 Run:2 0.690079 0.656308 0.64603 0.649295 0.62503 0.618567 0.608955 0.622198 0.641096 0.578144 0.633227 0.629756 0.65479 0.640292 0.637336 0.636207 0.658416 0.655644 0.655464 0.659676 0.651672 1.693863e-01 0.864
N:8 Run:3 0.56462 0.655028 0.647586 0.63476 0.620963 0.646185 0.624003 0.609625 0.635459 0.648449 0.633886 0.630091 0.636611 0.654572 0.642696 0.657455 0.660074 0.662331 0.659897 0.662285 0.657018 1.693863e-01 0.864
N:8 Run:4 0.543708 0.636767 0.646843 0.646608 0.658097 0.643029 0.638092 0.633069 0.603746 0.5621 0.598662 0.603349 0.647125 0.637518 0.638478 0.601892 0.618565 0.642859 0.643253 0.647428 0.653725 1.693863e-01 0.864
N:8 Run:5 0.609311 0.660901 0.648399 0.655876 0.589944 0.541055 0.603078 0.585732 0.623989 0.596757 0.638633 0.619432 0.625359 0.641284 0.633679 0.655067 0.658378 0.656989 0.647231 0.654337 0.656978 1.693863e-01 0.864
N:8 Run:6 0.622702 0.654374 0.651125 0.6291 0.617993 0.612947 0.601412 0.560746 0.616434 0.608951 0.61343 0.609186 0.625629 0.635793 0.639734 0.654555 0.641645 0.656982 0.650601 0.657181 0.654251 1.693863e-01 0.864
N:8 Run:7 0.57156 0.657206 0.655513 0.65677 0.653568 0.62277 0.652259 0.636264 0.617518 0.584278 0.609161 0.613546 0.623134 0.647547 0.645125 0.655333 0.651384 0.639875 0.63411 0.655153 0.642155 1.693863e-01 0.864
N:8 Run:8 0.555669 0.653144 0.618727 0.637508 0.638553 0.645367 0.635779 0.63342 0.649341 0.650187 0.651263 0.637442 0.662984 0.660418 0.661772 0.662171 0.658261 0.656776 0.659518 0.654077 0.653637 1.693863e-01 0.864
N:8 Run:9 0.599513 0.6477 0.515536 0.323743 0.112093 0.0994246 0.0952415 0.0951751 0.0951467 0.0951612 0.0951381 0.0951396 0.570753 0.617921 0.643962 0.648702 0.642403 0.646237 0.653291 0.657975 0.657039 1.693863e-01 0.864
N:9 Run:0 0.625958 0.657551 0.649662 0.642642 0.649112 0.641748 0.645775 0.634846 0.629807 0.614744 0.619125 0.571021 0.648517 0.636748 0.637254 0.644852 0.655003 0.649119 0.651799 0.646803 0.642582 1.544255e-01 0.866
N:9 Run:1 0.556771 0.646079 0.52333 0.21157 0.275747 0.187351 0.18515 0.436068 0.166556 0.153293 0.256205 0.400651 0.654032 0.662935 0.660106 0.660837 0.653516 0.652977 0.650258 0.654896 0.635974 1.544255e-01 0.866
N:9 Run:2 0.690079 0.656308 0.64603 0.649295 0.62503 0.618567 0.608955 0.622198 0.641096 0.578144 0.633227 0.629756 0.65479 0.640292 0.637336 0.636207 0.658416 0.655644 0.655464 0.659676 0.651672 1.544255e-01 0.866
N:9 Run:3 0.56462 0.655028 0.647586 0.63476 0.620963 0.646185 0.624003 0.609625 0.635459 0.648449 0.633886 0.630091 0.636611 0.654572 0.642696 0.657455 0.660074 0.662331 0.659897 0.662285 0.657018 1.544255e-01 0.866
N:9 Run:4 0.543708 0.636767 0.646843 0.646608 0.658097 0.643029 0.638092 0.633069 0.603746 0.5621 0.598662 0.603349 0.647125 0.637518 0.638478 0.601892 0.618565 0.642859 0.643253 0.647428 0.653725 1.544255e-01 0.866
N:9 Run:5 0.609311 0.660901 0.648399 0.655876 0.589944 0.541055 0.603078 0.585732 0.623989 0.596757 0.638633 0.619432 0.625359 0.641284 0.633679 0.655067 0.658378 0.656989 0.647231 0.654337 0.656978 1.544255e-01 0.866
N:9 Run:6 0.622702 0.654374 0.651125 0.6291 0.617993 0.612947 0.601412 0.560746 0.616434 0.608951 0.61343 0.609186 0.625629 0.635793 0.639734 0.654555 0.641645 0.656982 0.650601 0.657181 0.654251 1.544255e-01 0.866
N:9 Run:7 0.57156 0.657206 0.655513 0.65677 0.653568 0.62277 0.652259 0.636264 0.617518 0.584278 0.609161 0.613546 0.623134 0.647547 0.645125 0.655333 0.651384 0.639875 0.63411 0.655153 0.642155 1.544255e-01 0.866
N:9 Run:8 0.555669 0.653144 0.618727 0.637508 0.638553 0.645367 0.635779 0.63342 0.649341 0.650187 0.651263 0.637442 0.662984 0.660418 0.661772 0.662171 0.658261 0.656776 0.659518 0.654077 0.653637 1.544255e-01 0.866
N:9 Run:9 0.599513 0.6477 0.515536 0.323743 0.112093 0.0994246 0.0952415 0.0951751 0.0951467 0.0951612 0.0951381 0.0951396 0.570753 0.617921 0.643962 0.648702 0.642403 0.646237 0.653291 0.657975 0.657039 1.544255e-01 0.866
N:10 Run:0 0.625958 0.657551 0.649662 0.642642 0.649112 0.641748 0.645775 0.634846 0.629807 0.614744 0.619125 0.571021 0.648517 0.636748 0.637254 0.644852 0.655003 0.649119 0.651799 0.646803 0.642582 2.981143e-01 0.868
N:10 Run:1 0.556771 0.646079 0.52333 0.21157 0.275747 0.187351 0.18515 0.436068 0.166556 0.153293 0.256205 0.400651 0.654032 0.662935 0.660106 0.660837 0.653516 0.652977 0.650258 0.654896 0.635974 2.981143e-01 0.868
N:10 Run:2 0.690079 0.656308 0.64603 0.649295 0.62503 0.618567 0.608955 0.622198 0.641096 0.578144 0.633227 0.629756 0.65479 0.640292 0.637336 0.636207 0.658416 0.655644 0.655464 0.659676 0.651672 2.981143e-01 0.868
N:10 Run:3 0.56462 0.655028 0.647586 0.63476 0.620963 0.646185 0.624003 0.609625 0.635459 0.648449 0.633886 0.630091 0.636611 0.654572 0.642696 0.657455 0.660074 0.662331 0.659897 0.662285 0.657018 2.981143e-01 0.868
N:10 Run:4 0.543708 0.636767 0.646843 0.646608 0.658097 0.643029 0.638092 0.633069 0.603746 0.5621 0.598662 0.603349 0.647125 0.637518 0.638478 0.601892 0.618565 0.642859 0.643253 0.647428 0.653725 2.981143e-01 0.868
N:10 Run:5 0.609311 0.660901 0.648399 0.655876 0.589944 0.541055 0.603078 0.585732 0.623989 0.596757 0.638633 0.619432 0.625359 0.641284 0.633679 0.655067 0.658378 0.656989 0.647231 0.654337 0.656978 2.981143e-01 0.868
N:10 Run:6 0.622702 0.654374 0.651125 0.6291 0.617993 0.612947 0.601412 0.560746 0.616434 0.608951 0.61343 0.609186 0.625629 0.635793 0.639734 0.654555 0.641645 0.656982 0.650601 0.657181 0.654251 2.981143e-01 0.868
N:10 Run:7 0.57156 0.657206 0.655513 0.65677 0.653568 0.62277 0.652259 0.636264 0.617518 0.584278 0.609161 0.613546 0.623134 0.647547 0.645125 0.655333 0.651384 0.639875 0.63411 0.655153 0.642155 2.981143e-01 0.868
N:10 Run:8 0.555669 0.653144 0.618727 0.637508 0.638553 0.645367 0.635779 0.63342 0.649341 0.650187 0.651263 0.637442 0.662984 0.660418 0.661772 0.662171 0.658261 0.656776 0.659518 0.654077 0.653637 2.981143e-01 0.868
N:10 Run:9 0.599513 0.6477 0.515536 0.323743 0.112093 0.0994246 0.0952415 0.0951751 0.0951467 0.0951612 0.0951381 0.0951396 0.570753 0.617921 0.643962 0.648702 0.642403 0.646237 0.653291 0.657975 0.657039 2.981143e-01 0.868
N:11 Run:0 0.625958 0.657551 0.649662 0.642642 0.649112 0.641748 0.645775 0.634846 0.629807 0.614744 0.619125 0.571021 0.648517 0.636748 0.637254 0.644852 0.655003 0.649119 0.651799 0.646803 0.642582 1.574893e-01 0.865
N:11 Run:1 0.556771 0.646079 0.52333 0.21157 0.275747 0.187351 0.18515 0.436068 0.166556 0.153293 0.256205 0.400651 0.654032 0.662935 0.660106 0.660837 0.653516 0.652977 0.650258 0.654896 0.635974 1.574893e-01 0.865
N:11 Run:2 0.690079 0.656308 0.64603 0.649295 0.62503 0.618567 0.608955 0.622198 0.641096 0.578144 0.633227 0.629756 0.65479 0.640292 0.637336 0.636207 0.658416 0.655644 0.655464 0.659676 0.651672 1.574893e-01 0.865
N:11 Run:3 0.56462 0.655028 0.647586 0.63476 0.620963 0.646185 0.624003 0.609625 0.635459 0.648449 0.633886 0.630091 0.636611 0.654572 0.642696 0.657455 0.660074 0.662331 0.659897 0.662285 0.657018 1.574893e-01 0.865
N:11 Run:4 0.543708 0.636767 0.646843 0.646608 0.658097 0.643029 0.638092 0.633069 0.603746 0.5621 0.598662 0.603349 0.647125 0.637518 0.638478 0.601892 0.618565 0.642859 0.643253 0.647428 0.653725 1.574893e-01 0.865
N:11 Run:5 0.609311 0.660901 0.648399 0.655876 0.589944 0.541055 0.603078 0.585732 0.623989 0.596757 0.638633 0.619432 0.625359 0.641284 0.633679 0.655067 0.658378 0.656989 0.647231 0.654337 0.656978 1.574893e-01 0.865
N:11 Run:6 0.622702 0.654374 0.651125 0.6291 0.617993 0.612947 0.601412 0.560746 0.616434 0.608951 0.61343 0.609186 0.625629 0.635793 0.639734 0.654555 0.641645 0.656982 0.650601 0.657181 0.654251 1.574893e-01 0.865
N:11 Run:7 0.57156 0.657206 0.655513 0.65677 0.653568 0.62277 0.652259 0.636264 0.617518 0.584278 0.609161 0.613546 0.623134 0.647547 0.645125 0.655333 0.651384 0.639875 0.63411 0.655153 0.642155 1.574893e-01 0.865
N:11 Run:8 0.555669 0.653144 0.618727 0.637508 0.638553 0.645367 0.635779 0.63342 0.649341 0.650187 0.651263 0.637442 0.662984 0.660418 0.661772 0.662171 0.658261 0.656776 0.659518 0.654077 0.653637 1.574893e-01 0.865
N:11 Run:9 0.599513 0.6477 0.515536 0.323743 0.112093 0.0994246 0.0952415 0.0951751 0.0951467 0.0951612 0.0951381 0.0951396 0.570753 0.617921 0.643962 0.648702 0.642403 0.646237 0.653291 0.657975 0.657039 1.574893e-01 0.865
N:12 Run:0 0.625958 0.657551 0.649662 0.642642 0.649112 0.641748 0.645775 0.634846 0.629807 0.614744 0.619125 0.571021 0.648517 0.636748 0.637254 0.644852 0.655003 0.649119 0.651799 0.646803 0.642582 1.541912e-01 0.865
N:12 Run:1 0.556771 0.646079 0.52333 0.21157 0.275747 0.187351 0.18515 0.436068 0.166556 0.153293 0.256205 0.400651 0.654032 0.662935 0.660106 0.660837 0.653516 0.652977 0.650258 0.654896 0.635974 1.541912e-01 0.865
N:12 Run:2 0.690079 0.656308 0.64603 0.649295 0.62503 0.618567 0.608955 0.622198 0.641096 0.578144 0.633227 0.629756 0.65479 0.640292 0.637336 0.636207 0.658416 0.655644 0.655464 0.659676 0.651672 1.541912e-01 0.865
N:12 Run:3 0.56462 0.655028 0.647586 0.63476 0.620963 0.646185 0.624003 0.609625 0.635459 0.648449 0.633886 0.630091 0.636611 0.654572 0.642696 0.657455 0.660074 0.662331 0.659897 0.662285 0.657018 1.541912e-01 0.865
N:12 Run:4 0.543708 0.636767 0.646843 0.646608 0.658097 0.643029 0.638092 0.633069 0.603746 0.5621 0.598662 0.603349 0.647125 0.637518 0.638478 0.601892 0.618565 0.642859 0.643253 0.647428 0.653725 1.541912e-01 0.865
N:12 Run:5 0.609311 0.660901 0.648399 0.655876 0.589944 0.541055 0.603078 0.585732 0.623989 0.596757 0.638633 0.619432 0.625359 0.641284 0.633679 0.655067 0.658378 0.656989 0.647231 0.654337 0.656978 1.541912e-01 0.865
N:12 Run:6 0.622702 0.654374 0.651125 0.6291 0.617993 0.612947 0.601412 0.560746 0.616434 0.608951 0.61343 0.609186 0.625629 0.635793 0.639734 0.654555 0.641645 0.656982 0.650601 0.657181 0.654251 1.541912e-01 0.865
N:12 Run:7 0.57156 0.657206 0.655513 0.65677 0.653568 0.62277 0.652259 0.636264 0.617518 0.584278 0.609161 0.613546 0.623134 0.647547 0.645125 0.655333 0.651384 0.639875 0.63411 0.655153 0.642155 1.541912e-01 0.865
N:12 Run:8 0.555669 0.653144 0.618727 0.637508 0.638553 0.645367 0.635779 0.63342 0.649341 0.650187 0.651263 0.637442 0.662984 0.660418 0.661772 0.662171 0.658261 0.656776 0.659518 0.654077 0.653637 1.541912e-01 0.865
N:12 Run:9 0.599513 0.6477 0.515536 0.323743 0.112093 0.0994246 0.0952415 0.0951751 0.0951467 0.0951612 0.0951381 0.0951396 0.570753 0.617921 0.643962 0.648702 0.642403 0.646237 0.653291 0.657975 0.657039 1.541912e-01 0.865
N:13 Run:0 0.625958 0.657551 0.649662 0.642642 0.649112 0.641748 0.645775 0.634846 0.629807 0.614744 0.619125 0.571021 0.648517 0.636748 0.637254 0.644852 0.655003 0.649119 0.651799 0.646803 0.642582 2.995095e-01 0.864
N:13 Run:1 0.556771 0.646079 0.52333 0.21157 0.275747 0.187351 0.18515 0.436068 0.166556 0.153293 0.256205 0.400651 0.654032 0.662935 0.660106 0.660837 0.653516 0.652977 0.650258 0.654896 0.635974 2.995095e-01 0.864
N:13 Run:2 0.690079 0.656308 0.64603 0.649295 0.62503 0.618567 0.608955 0.622198 0.641096 0.578144 0.633227 0.629756 0.65479 0.640292 0.637336 0.636207 0.658416 0.655644 0.655464 0.659676 0.651672 2.995095e-01 0.864
N:13 Run:3 0.56462 0.655028 0.647586 0.63476 0.620963 0.646185 0.624003 0.609625 0.635459 0.648449 0.633886 0.630091 0.636611 0.654572 0.642696 0.657455 0.660074 0.662331 0.659897 0.662285 0.657018 2.995095e-01 0.864
N:13 Run:4 0.543708 0.636767 0.646843 0.646608 0.658097 0.643029 0.638092 0.633069 0.603746 0.5621 0.598662 0.603349 0.647125 0.637518 0.638478 0.601892 0.618565 0.642859 0.643253 0.647428 0.653725 2.995095e-01 0.864
N:13 Run:5 0.609311 0.660901 0.648399 0.655876 0.589944 0.541055 0.603078 0.585732 0.623989 0.596757 0.638633 0.619432 0.625359 0.641284 0.633679 0.655067 0.658378 0.656989 0.647231 0.654337 0.656978 2.995095e-01 0.864
N:13 Run:6 0.622702 0.654374 0.651125 0.6291 0.617993 0.612947 0.601412 0.560746 0.616434 0.608951 0.61343 0.609186 0.625629 0.635793 0.639734 0.654555 0.641645 0.656982 0.650601 0.657181 0.654251 2.995095e-01 0.864
N:13 Run:7 0.57156 0.657206 0.655513 0.65677 0.653568 0.62277 0.652259 0.636264 0.617518 0.584278 0.609161 0.613546 0.623134 0.647547 0.645125 0.655333 0.651384 0.639875 0.63411 0.655153 0.642155 2.995095e-01 0.864
N:13 Run:8 0.555669 0.653144 0.618727 0.637508 0.638553 0.645367 0.635779 0.63342 0.649341 0.650187 0.651263 0.637442 0.662984 0.660418 0.661772 0.662171 0.658261 0.656776 0.659518 0.654077 0.653637 2.995095e-01 0.864
N:13 Run:9 0.599513 0.6477 0.515536 0.323743 0.112093 0.0994246 0.0952415 0.0951751 0.0951467 0.0951612 0.0951381 0.0951396 0.570753 0.617921 0.643962 0.648702 0.642403 0.646237 0.653291 0.657975 0.657039 2.995095e-01 0.864
N:14 Run:0 0.625958 0.657551 0.649662 0.642642 0.649112 0.641748 0.645775 0.634846 0.629807 0.614744 0.619125 0.571021 0.648517 0.636748 0.637254 0.644852 0.655003 0.649119 0.651799 0.646803 0.642582 2.992412e-01 0.867
N:14 Run:1 0.556771 0.646079 0.52333 0.21157 0.275747 0.187351 0.18515 0.436068 0.166556 0.153293 0.256205 0.400651 0.654032 0.662935 0.660106 0.660837 0.653516 0.652977 0.650258 0.654896 0.635974 2.992412e-01 0.867
N:14 Run:2 0.690079 0.656308 0.64603 0.649295 0.62503 0.618567 0.608955 0.622198 0.641096 0.578144 0.633227 0.629756 0.65479 0.640292 0.637336 0.636207 0.658416 0.655644 0.655464 0.659676 0.651672 2.992412e-01 0.867
N:14 Run:3 0.56462 0.655028 0.647586 0.63476 0.620963 0.646185 0.624003 0.609625 0.635459 0.648449 0.633886 0.630091 0.636611 0.654572 0.642696 0.657455 0.660074 0.662331 0.659897 0.662285 0.657018 2.992412e-01 0.867
N:14 Run:4 0.543708 0.636767 0.646843 0.646608 0.658097 0.643029 0.638092 0.633069 0.603746 0.5621 0.598662 0.603349 0.647125 0.637518 0.638478 0.601892 0.618565 0.642859 0.643253 0.647428 0.653725 2.992412e-01 0.867
N:14 Run:5 0.609311 0.660901 0.648399 0.655876 0.589944 0.541055 0.603078 0.585732 0.623989 0.596757 0.638633 0.619432 0.625359 0.641284 0.633679 0.655067 0.658378 0.656989 0.647231 0.654337 0.656978 2.992412e-01 0.867
N:14 Run:6 0.622702 0.654374 0.651125 0.6291 0.617993 0.612947 0.601412 0.560746 0.616434 0.608951 0.61343 0.609186 0.625629 0.635793 0.639734 0.654555 0.641645 0.656982 0.650601 0.657181 0.654251 2.992412e-01 0.867
N:14 Run:7 0.57156 0.657206 0.655513 0.65677 0.653568 0.62277 0.652259 0.636264 0.617518 0.584278 0.609161 0.613546 0.623134 0.647547 0.645125 0.655333 0.651384 0.639875 0.63411 0.655153 0.642155 2.992412e-01 0.867
N:14 Run:8 0.555669 0.653144 0.618727 0.637508 0.638553 0.645367 0.635779 0.63342 0.649341 0.650187 0.651263 0.637442 0.662984 0.660418 0.661772 0.662171 0.658261 0.656776 0.659518 0.654077 0.653637 2.992412e-01 0.867
N:14 Run:9 0.599513 0.6477 0.515536 0.323743 0.112093 0.0994246 0.0952415 0.0951751 0.0951467 0.0951612 0.0951381 0.0951396 0.570753 0.617921 0.643962 0.648702 0.642403 0.646237 0.653291 0.657975 0.657039 2.992412e-01 0.867
N:15 Run:0 0.625958 0.657551 0.649662 0.642642 0.649112 0.641748 0.645775 0.634846 0.629807 0.614744 0.619125 0.571021 0.648517 0.636748 0.637254 0.644852 0.655003 0.649119 0.651799 0.646803 0.642582 3.052554e-01 0.865
N:15 Run:1 0.556771 0.646079 0.52333 0.21157 0.275747 0.187351 0.18515 0.436068 0.166556 0.153293 0.256205 0.400651 0.654032 0.662935 0.660106 0.660837 0.653516 0.652977 0.650258 0.654896 0.635974 3.052554e-01 0.865
N:15 Run:2 0.690079 0.656308 0.64603 0.649295 0.62503 0.618567 0.608955 0.622198 0.641096 0.578144 0.633227 0.629756 0.65479 0.640292 0.637336 0.636207 0.658416 0.655644 0.655464 0.659676 0.651672 3.052554e-01 0.865
N:15 Run:3 0.56462 0.655028 0.647586 0.63476 0.620963 0.646185 0.624003 0.609625 0.635459 0.648449 0.633886 0.630091 0.636611 0.654572 0.642696 0.657455 0.660074 0.662331 0.659897 0.662285 0.657018 3.052554e-01 0.865
N:15 Run:4 0.543708 0.636767 0.646843 0.646608 0.658097 0.643029 0.638092 0.633069 0.603746 0.5621 0.598662 0.603349 0.647125 0.637518 0.638478 0.601892 0.618565 0.642859 0.643253 0.647428 0.653725 3.052554e-01 0.865
N:15 Run:5 0.609311 0.660901 0.648399 0.655876 0.589944 0.541055 0.603078 0.585732 0.623989 0.596757 0.638633 0.619432 0.625359 0.641284 0.633679 0.655067 0.658378 0.656989 0.647231 0.654337 0.656978 3.052554e-01 0.865
N:15 Run:6 0.622702 0.654374 0.651125 0.6291 0.617993 0.612947 0.601412 0.560746 0.616434 0.608951 0.61343 0.609186 0.625629 0.635793 0.639734 0.654555 0.641645 0.656982 0.650601 0.657181 0.654251 3.052554e-01 0.865
N:15 Run:7 0.57156 0.657206 0.655513 0.65677 0.653568 0.62277 0.652259 0.636264 0.617518 0.584278 0.609161 0.613546 0.623134 0.647547 0.645125 0.655333 0.651384 0.639875 0.63411 0.655153 0.642155 3.052554e-01 0.865
N:15 Run:8 0.555669 0.653144 0.618727 0.637508 0.638553 0.645367 0.635779 0.63342 0.649341 0.650187 0.651263 0.637442 0.662984 0.660418 0.661772 0.662171 0.658261 0.656776 0.659518 0.654077 0.653637 3.052554e-01 0.865
N:15 Run:9 0.599513 0.6477 0.515536 0.323743 0.112093 0.0994246 0.0952415 0.0951751 0.0951467 0.0951612 0.0951381 0.0951396 0.570753 0.617921 0.643962 0.648702 0.642403 0.646237 0.653291 0.657975 0.657039 3.052554e-01 0.865
N:16 Run:0 0.625958 0.657551 0.649662 0.642642 0.649112 0.641748 0.645775 0.634846 0.629807 0.614744 0.619125 0.571021 0.648517 0.636748 0.637254 0.644852 0.655003 0.649119 0.651799 0.646803 0.642582 2.990090e-01 0.867
N:16 Run:1 0.556771 0.646079 0.52333 0.21157 0.275747 0.187351 0.18515 0.436068 0.166556 0.153293 0.256205 0.400651 0.654032 0.662935 0.660106 0.660837 0.653516 0.652977 0.650258 0.654896 0.635974 2.990090e-01 0.867
N:16 Run:2 0.690079 0.656308 0.64603 0.649295 0.62503 0.618567 0.608955 0.622198 0.641096 0.578144 0.633227 0.629756 0.65479 0.640292 0.637336 0.636207 0.658416 0.655644 0.655464 0.659676 0.651672 2.990090e-01 0.867
N:16 Run:3 0.56462 0.655028 0.647586 0.63476 0.620963 0.646185 0.624003 0.609625 0.635459 0.648449 0.633886 0.630091 0.636611 0.654572 0.642696 0.657455 0.660074 0.662331 0.659897 0.662285 0.657018 2.990090e-01 0.867
N:16 Run:4 0.543708 0.636767 0.646843 0.646608 0.658097 0.643029 0.638092 0.633069 0.603746 0.5621 0.598662 0.603349 0.647125 0.637518 0.638478 0.601892 0.618565 0.642859 0.643253 0.647428 0.653725 2.990090e-01 0.867
N:16 Run:5 0.609311 0.660901 0.648399 0.655876 0.589944 0.541055 0.603078 0.585732 0.623989 0.596757 0.638633 0.619432 0.625359 0.641284 0.633679 0.655067 0.658378 0.656989 0.647231 0.654337 0.656978 2.990090e-01 0.867
N:16 Run:6 0.622702 0.654374 0.651125 0.6291 0.617993 0.612947 0.601412 0.560746 0.616434 0.608951 0.61343 0.609186 0.625629 0.635793 0.639734 0.654555 0.641645 0.656982 0.650601 0.657181 0.654251 2.990090e-01 0.867
N:16 Run:7 0.57156 0.657206 0.655513 0.65677 0.653568 0.62277 0.652259 0.636264 0.617518 0.584278 0.609161 0.613546 0.623134 0.647547 0.645125 0.655333 0.651384 0.639875 0.63411 0.655153 0.642155 2.990090e-01 0.867
N:16 Run:8 0.555669 0.653144 0.618727 0.637508 0.638553 0.645367 0.635779 0.63342 0.649341 0.650187 0.651263 0.637442 0.662984 0.660418 0.661772 0.662171 0.658261 0.656776 0.659518 0.654077 0.653637 2.990090e-01 0.867
N:16 Run:9 0.599513 0.6477 0.515536 0.323743 0.112093 0.0994246 0.0952415 0.0951751 0.0951467 0.0951612 0.0951381 0.0951396 0.570753 0.617921 0.643962 0.648702 0.642403 0.646237 0.653291 0.657975 0.657039 2.990090e-01 0.867
N:17 Run:0 0.625958 0.656751 0.648524 0.641312 0.647976 0.640423 0.644754 0.63359 0.628737 0.613524 0.61747 0.569805 0.647743 0.63536 0.636218 0.643759 0.654125 0.648112 0.650767 0.64563 0.641239 1.516090e-01 0.868
N:17 Run:1 0.556771 0.645167 0.521179 0.227955 0.286412 0.2065 0.204754 0.437249 0.18789 0.176534 0.26884 0.403071 0.653866 0.662187 0.659235 0.659997 0.652441 0.651926 0.649105 0.653892 0.634438 1.516090e-01 0.868
N:17 Run:2 0.690079 0.655252 0.644783 0.648176 0.62344 0.616999 0.607426 0.620846 0.639979 0.576577 0.632211 0.628572 0.65392 0.638992 0.635913 0.634813 0.657633 0.654669 0.654468 0.65882 0.650545 1.516090e-01 0.868
N:17 Run:3 0.56462 0.654338 0.646511 0.633727 0.619859 0.645373 0.622948 0.608754 0.634315 0.64756 0.632703 0.629045 0.635265 0.653599 0.64133 0.656547 0.659221 0.661533 0.659016 0.661482 0.656064 1.516090e-01 0.868
N:17 Run:4 0.543708 0.635653 0.645937 0.645603 0.657279 0.642158 0.637229 0.632221 0.603022 0.561837 0.598143 0.602661 0.646332 0.636229 0.637145 0.600052 0.616929 0.641794 0.64203 0.646325 0.652717 1.516090e-01 0.868
N:17 Run:5 0.609311 0.660268 0.647206 0.654947 0.58773 0.538877 0.601476 0.583593 0.622588 0.594652 0.637421 0.618008 0.62397 0.640034 0.632163 0.654156 0.657483 0.656029 0.645994 0.653343 0.656033 1.516090e-01 0.868
N:17 Run:6 0.622702 0.653476 0.650003 0.627442 0.616154 0.611091 0.599387 0.558513 0.614808 0.607191 0.611677 0.607419 0.624107 0.63463 0.638879 0.653644 0.640494 0.656133 0.649537 0.656274 0.653272 1.516090e-01 0.868
N:17 Run:7 0.57156 0.656547 0.65451 0.655814 0.652523 0.621052 0.651338 0.634802 0.615891 0.583452 0.608078 0.612051 0.6219 0.646515 0.644099 0.654517 0.650438 0.638623 0.632727 0.654264 0.640787 1.516090e-01 0.868
N:17 Run:8 0.555669 0.652414 0.616852 0.636135 0.637128 0.64412 0.634266 0.631862 0.648235 0.649056 0.650145 0.635951 0.662273 0.659555 0.660955 0.661365 0.657328 0.65581 0.658639 0.65302 0.65258 1.516090e-01 0.868
N:17 Run:9 0.599513 0.646672 0.51578 0.333249 0.140577 0.129664 0.125991 0.125942 0.125917 0.12593 0.12591 0.125911 0.571517 0.616867 0.642897 0.64759 0.641301 0.64509 0.652286 0.657069 0.65609 1.516090e-01 0.868
N:18 Run:0 0.625958 0.656751 0.648524 0.641312 0.647976 0.640423 0.644754 0.63359 0.628737 0.613524 0.61747 0.569805 0.647743 0.63536 0.636218 0.643759 0.654125 0.648112 0.650767 0.64563 0.641239 3.016813e-01 0.867
N:18 Run:1 0.556771 0.645167 0.521179 0.227955 0.286412 0.2065 0.204754 0.437249 0.18789 0.176534 0.26884 0.403071 0.653866 0.662187 0.659235 0.659997 0.652441 0.651926 0.649105 0.653892 0.634438 3.016813e-01 0.867
N:18 Run:2 0.690079 0.655252 0.644783 0.648176 0.62344 0.616999 0.607426 0.620846 0.639979 0.576577 0.632211 0.628572 0.65392 0.638992 0.635913 0.634813 0.657633 0.654669 0.654468 0.65882 0.650545 3.016813e-01 0.867
N:18 Run:3 0.56462 0.654338 0.646511 0.633727 0.619859 0.645373 0.622948 0.608754 0.634315 0.64756 0.632703 0.629045 0.635265 0.653599 0.64133 0.656547 0.659221 0.661533 0.659016 0.661482 0.656064 3.016813e-01 0.867
N:18 Run:4 0.543708 0.635653 0.645937 0.645603 0.657279 0.642158 0.637229 0.632221 0.603022 0.561837 0.598143 0.602661 0.646332 0.636229 0.637145 0.600052 0.616929 0.641794 0.64203 0.646325 0.652717 3.016813e-01 0.867
N:18 Run:5 0.609311 0.660268 0.647206 0.654947 0.58773 0.538877 0.601476 0.583593 0.622588 0.594652 0.637421 0.618008 0.62397 0.640034 0.632163 0.654156 0.657483 0.656029 0.645994 0.653343 0.656033 3.016813e-01 0.867
N:18 Run:6 0.622702 0.653476 0.650003 0.627442 0.616154 0.611091 0.599387 0.558513 0.614808 0.607191 0.611677 0.607419 0.624107 0.63463 0.638879 0.653644 0.640494 0.656133 0.649537 0.656274 0.653272 3.016813e-01 0.867
N:18 Run:7 0.57156 0.656547 0.65451 0.655814 0.652523 0.621052 0.651338 0.634802 0.615891 0.583452 0.608078 0.612051 0.6219 0.646515 0.644099 0.654517 0.650438 0.638623 0.632727 0.654264 0.640787 3.016813e-01 0.867
N:18 Run:8 0.555669 0.652414 0.616852 0.636135 0.637128 0.64412 0.634266 0.631862 0.648235 0.649056 0.650145 0.635951 0.662273 0.659555 0.660955 0.661365 0.657328 0.65581 0.658639 0.65302 0.65258 3.016813e-01 0.867
N:18 Run:9 0.599513 0.646672 0.51578 0.333249 0.140577 0.129664 0.125991 0.125942 0.125917 0.12593 0.12591 0.125911 0.571517 0.616867 0.642897 0.64759 0.641301 0.64509 0.652286 0.657069 0.65609 3.016813e-01 0.867
N:19 Run:0 0.625958 0.656751 0.648524 0.641312 0.647976 0.640423 0.644754 0.63359 0.628737 0.613524 0.61747 0.569805 0.647743 0.63536 0.636218 0.643759 0.654125 0.648112 0.650767 0.64563 0.641239 2.998085e-01 0.867
N:19 Run:1 0.556771 0.645167 0.521179 0.227955 0.286412 0.2065 0.204754 0.437249 0.18789 0.176534 0.26884 0.403071 0.653866 0.662187 0.659235 0.659997 0.652441 0.651926 0.649105 0.653892 0.634438 2.998085e-01 0.867
N:19 Run:2 0.690079 0.655252 0.644783 0.648176 0.62344 0.616999 0.607426 0.620846 0.639979 0.576577 0.632211 0.628572 0.65392 0.638992 0.635913 0.634813 0.657633 0.654669 0.654468 0.65882 0.650545 2.998085e-01 0.867
N:19 Run:3 0.56462 0.654338 0.646511 0.633727 0.619859 0.645373 0.622948 0.608754 0.634315 0.64756 0.632703 0.629045 0.635265 0.653599 0.64133 0.656547 0.659221 0.661533 0.659016 0.661482 0.656064 2.998085e-01 0.867
N:19 Run:4 0.543708 0.635653 0.645937 0.645603 0.657279 0.642158 0.637229 0.632221 0.603022 0.561837 0.598143 0.602661 0.646332 0.636229 0.637145 0.600052 0.616929 0.641794 0.64203 0.646325 0.652717 2.998085e-01 0.867
N:19 Run:5 0.609311 0.660268 0.647206 0.654947 0.58773 0.538877 0.601476 0.583593 0.622588 0.594652 0.637421 0.618008 0.62397 0.640034 0.632163 0.654156 0.657483 0.656029 0.645994 0.653343 0.656033 2.998085e-01 0.867
N:19 Run:6 0.622702 0.653476 0.650003 0.627442 0.616154 0.611091 0.599387 0.558513 0.614808 0.607191 0.611677 0.607419 0.624107 0.63463 0.638879 0.653644 0.640494 0.656133 0.649537 0.656274 0.653272 2.998085e-01 0.867
N:19 Run:7 0.57156 0.656547 0.65451 0.655814 0.652523 0.621052 0.651338 0.634802 0.615891 0.583452 0.608078 0.612051 0.6219 0.646515 0.644099 0.654517 0.650438 0.638623 0.632727 0.654264 0.640787 2.998085e-01 0.867
N:19 Run:8 0.555669 0.652414 0.616852 0.636135 0.637128 0.64412 0.634266 0.631862 0.648235 0.649056 0.650145 0.635951 0.662273 0.659555 0.660955 0.661365 0.657328 0.65581 0.658639 0.65302 0.65258 2.998085e-01 0.867
N:19 Run:9 0.599513 0.646672 0.51578 0.333249 0.140577 0.129664 0.125991 0.125942 0.125917 0.12593 0.12591 0.125911 0.571517 0.616867 0.642897 0.64759 0.641301 0.64509 0.652286 0.657069 0.65609 2.998085e-01 0.867
N:20 Run:0 0.625958 0.656751 0.648524 0.641312 0.647976 0.640423 0.644754 0.63359 0.628737 0.613524 0.61747 0.569805 0.647743 0.63536 0.636218 0.643759 0.654125 0.648112 0.650767 0.64563 0.641239 2.990643e-01 0.866
N:20 Run:1 0.556771 0.645167 0.521179 0.227955 0.286412 0.2065 0.204754 0.437249 0.18789 0.176534 0.26884 0.403071 0.653866 0.662187 0.659235 0.659997 0.652441 0.651926 0.649105 0.653892 0.634438 2.990643e-01 0.866
N:20 Run:2 0.690079 0.655252 0.644783 0.648176 0.62344 0.616999 0.607426 0.620846 0.639979 0.576577 0.632211 0.628572 0.65392 0.638992 0.635913 0.634813 0.657633 0.654669 0.654468 0.65882 0.650545 2.990643e-01 0.866
N:20 Run:3 0.56462 0.654338 0.646511 0.633727 0.619859 0.645373 0.622948 0.608754 0.634315 0.64756 0.632703 0.629045 0.635265 0.653599 0.64133 0.656547 0.659221 0.661533 0.659016 0.661482 0.656064 2.990643e-01 0.866
N:20 Run:4 0.543708 0.635653 0.645937 0.645603 0.657279 0.642158 0.637229 0.632221 0.603022 0.561837 0.598143 0.602661 0.646332 0.636229 0.637145 0.600052 0.616929 0.641794 0.64203 0.646325 0.652717 2.990643e-01 0.866
N:20 Run:5 0.609311 0.660268 0.647206 0.654947 0.58773 0.538877 0.601476 0.583593 0.622588 0.594652 0.637421 0.618008 0.62397 0.640034 0.632163 0.654156 0.657483 0.656029 0.645994 0.653343 0.656033 2.990643e-01 0.866
N:20 Run:6 0.622702 0.653476 0.650003 0.627442 0.616154 0.611091 0.599387 0.558513 0.614808 0.607191 0.611677 0.607419 0.624107 0.63463 0.638879 0.653644 0.640494 0.656133 0.649537 0.656274 0.653272 2.990643e-01 0.866
N:20 Run:7 0.57156 0.656547 0.65451 0.655814 0.652523 0.621052 0.651338 0.634802 0.615891 0.583452 0.608078 0.612051 0.6219 0.646515 0.644099 0.654517 0.650438 0.638623 0.632727 0.654264 0.640787 2.990643e-01 0.866
N:20 Run:8 0.555669 0.652414 0.616852 0.636135 0.637128 0.64412 0.634266 0.631862 0.648235 0.649056 0.650145 0.635951 0.662273 0.659555 0.660955 0.661365 0.657328 0.65581 0.658639 0.65302 0.65258 2.990643e-01 0.866
N:20 Run:9 0.599513 0.646672 0.51578 0.333249 0.140577 0.129664 0.125991 0.125942 0.125917 0.12593 0.12591 0.125911 0.571517 0.616867 0.642897 0.64759 0.641301 0.64509 0.652286 0.657069 0.65609 2.990643e-01 0.866
N:21 Run:0 0.625958 0.656751 0.648524 0.641312 0.647976 0.640423 0.644754 0.63359 0.628737 0.613524 0.61747 0.569805 0.647743 0.63536 0.636218 0.643759 0.654125 0.648112 0.650767 0.64563 0.641239 2.980789e-01 0.868
N:21 Run:1 0.556771 0.645167 0.521179 0.227955 0.286412 0.2065 0.204754 0.437249 0.18789 0.176534 0.26884 0.403071 0.653866 0.662187 0.659235 0.659997 0.652441 0.651926 0.649105 0.653892 0.634438 2.980789e-01 0.868
N:21 Run:2 0.690079 0.655252 0.644783 0.648176 0.62344 0.616999 0.607426 0.620846 0.639979 0.576577 0.632211 0.628572 0.65392 0.638992 0.635913 0.634813 0.657633 0.654669 0.654468 0.65882 0.650545 2.980789e-01 0.868
N:21 Run:3 0.56462 0.654338 0.646511 0.633727 0.619859 0.645373 0.622948 0.608754 0.634315 0.64756 0.632703 0.629045 0.635265 0.653599 0.64133 0.656547 0.659221 0.661533 0.659016 0.661482 0.656064 2.980789e-01 0.868
N:21 Run:4 0.543708 0.635653 0.645937 0.645603 0.657279 0.642158 0.637229 0.632221 0.603022 0.561837 0.598143 0.602661 0.646332 0.636229 0.637145 0.600052 0.616929 0.641794 0.64203 0.646325 0.652717 2.980789e-01 0.868
N:21 Run:5 0.609311 0.660268 0.647206 0.654947 0.58773 0.538877 0.601476 0.583593 0.622588 0.594652 0.637421 0.618008 0.62397 0.640034 0.632163 0.654156 0.657483 0.656029 0.645994 0.653343 0.656033 2.980789e-01 0.868
N:21 Run:6 0.622702 0.653476 0.650003 0.627442 0.616154 0.611091 0.599387 0.558513 0.614808 0.607191 0.611677 0.607419 0.624107 0.63463 0.638879 0.653644 0.640494 0.656133 0.649537 0.656274 0.653272 2.980789e-01 0.868
N:21 Run:7 0.57156 0.656547 0.65451 0.655814 0.652523 0.621052 0.651338 0.634802 0.615891 0.583452 0.608078 0.612051 0.6219 0.646515 0.644099 0.654517 0.650438 0.638623 0.632727 0.654264 0.640787 2.980789e-01 0.868
N:21 Run:8 0.555669 0.652414 0.616852 0.636135 0.637128 0.64412 0.634266 0.631862 0.648235 0.649056 0.650145 0.635951 0.662273 0.659555 0.660955 0.661365 0.657328 0.65581 0.658639 0.65302 0.65258 2.980789e-01 0.868
N:21 Run:9 0.599513 0.646672 0.51578 0.333249 0.140577 0.129664 0.125991 0.125942 0.125917 0.12593 0.12591 0.125911 0.571517 0.616867 0.642897 0.64759 0.641301 0.64509 0.652286 0.657069 0.65609 2.980789e-01 0.868
N:22 Run:0 0.625958 0.656751 0.648524 0.641312 0.647976 0.640423 0.644754 0.63359 0.628737 0.613524 0.61747 0.569805 0.647743 0.63536 0.636218 0.643759 0.654125 0.648112 0.650767 0.64563 0.641239 1.529064e-01 0.866
N:22 Run:1 0.556771 0.645167 0.521179 0.227955 0.286412 0.2065 0.204754 0.437249 0.18789 0.176534 0.26884 0.403071 0.653866 0.662187 0.659235 0.659997 0.652441 0.651926 0.649105 0.653892 0.634438 1.529064e-01 0.866
N:22 Run:2 0.690079 0.655252 0.644783 0.648176 0.62344 0.616999 0.607426 0.620846 0.639979 0.576577 0.632211 0.628572 0.65392 0.638992 0.635913 0.634813 0.657633 0.654669 0.654468 0.65882 0.650545 1.529064e-01 0.866
N:22 Run:3 0.56462 0.654338 0.646511 0.633727 0.619859 0.645373 0.622948 0.608754 0.634315 0.64756 0.632703 0.629045 0.635265 0.653599 0.64133 0.656547 0.659221 0.661533 0.659016 0.661482 0.656064 1.529064e-01 0.866
N:22 Run:4 0.543708 0.635653 0.645937 0.645603 0.657279 0.642158 0.637229 0.632221 0.603022 0.561837 0.598143 0.602661 0.646332 0.636229 0.637145 0.600052 0.616929 0.641794 0.64203 0.646325 0.652717 1.529064e-01 0.866
N:22 Run:5 0.609311 0.660268 0.647206 0.654947 0.58773 0.538877 0.601476 0.583593 0.622588 0.594652 0.637421 0.618008 0.62397 0.640034 0.632163 0.654156 0.657483 0.656029 0.645994 0.653343 0.656033 1.529064e-01 0.866
N:22 Run:6 0.622702 0.653476 0.650003 0.627442 0.616154 0.611091 0.599387 0.558513 0.614808 0.607191 0.611677 0.607419 0.624107 0.63463 0.638879 0.653644 0.640494 0.656133 0.649537 0.656274 0.653272 1.529064e-01 0.866
N:22 Run:7 0.57156 0.656547 0.65451 0.655814 0.652523 0.621052 0.651338 0.634802 0.615891 0.583452 0.608078 0.612051 0.6219 0.646515 0.644099 0.654517 0.650438 0.638623 0.632727 0.654264 0.640787 1.529064e-01 0.866
N:22 Run:8 0.555669 0.652414 0.616852 0.636135 0.637128 0.64412 0.634266 0.631862 0.648235 0.649056 0.650145 0.635951 0.662273 0.659555 0.660955 0.661365 0.657328 0.65581 0.658639 0.65302 0.65258 1.529064e-01 0.866
N:22 Run:9 0.599513 0.646672 0.51578 0.333249 0.140577 0.129664 0.125991 0.125942 0.125917 0.12593 0.12591 0.125911 0.571517 0.616867 0.642897 0.64759 0.641301 0.64509 0.652286 0.657069 0.65609 1.529064e-01 0.866
N:23 Run:0 0.625958 0.656751 0.648524 0.641312 0.647976 0.640423 0.644754 0.63359 0.628737 0.613524 0.61747 0.569805 0.647743 0.63536 0.636218 0.643759 0.654125 0.648112 0.650767 0.64563 0.641239 2.983986e-01 0.868
N:23 Run:1 0.556771 0.645167 0.521179 0.227955 0.286412 0.2065 0.204754 0.437249 0.18789 0.176534 0.26884 0.403071 0.653866 0.662187 0.659235 0.659997 0.652441 0.651926 0.649105 0.653892 0.634438 2.983986e-01 0.868
N:23 Run:2 0.690079 0.655252 0.644783 0.648176 0.62344 0.616999 0.607426 0.620846 0.639979 0.576577 0.632211 0.628572 0.65392 0.638992 0.635913 0.634813 0.657633 0.654669 0.654468 0.65882 0.650545 2.983986e-01 0.868
N:23 Run:3 0.56462 0.654338 0.646511 0.633727 0.619859 0.645373 0.622948 0.608754 0.634315 0.64756 0.632703 0.629045 0.635265 0.653599 0.64133 0.656547 0.659221 0.661533 0.659016 0.661482 0.656064 2.983986e-01 0.868
N:23 Run:4 0.543708 0.635653 0.645937 0.645603 0.657279 0.642158 0.637229 0.632221 0.603022 0.561837 0.598143 0.602661 0.646332 0.636229 0.637145 0.600052 0.616929 0.641794 0.64203 0.646325 0.652717 2.983986e-01 0.868
N:23 Run:5 0.609311 0.660268 0.647206 0.654947 0.58773 0.538877 0.601476 0.583593 0.622588 0.594652 0.637421 0.618008 0.62397 0.640034 0.632163 0.654156 0.657483 0.656029 0.645994 0.653343 0.656033 2.983986e-01 0.868
N:23 Run:6 0.622702 0.653476 0.650003 0.627442 0.616154 0.611091 0.599387 0.558513 0.614808 0.607191 0.611677 0.607419 0.624107 0.63463 0.638879 0.653644 0.640494 0.656133 0.649537 0.656274 0.653272 2.983986e-01 0.868
N:23 Run:7 0.57156 0.656547 0.65451 0.655814 0.652523 0.621052 0.651338 0.634802 0.615891 0.583452 0.608078 0.612051 0.6219 0.646515 0.644099 0.654517 0.650438 0.638623 0.632727 0.654264 0.640787 2.983986e-01 0.868
N:23 Run:8 0.555669 0.652414 0.616852 0.636135 0.637128 0.64412 0.634266 0.631862 0.648235 0.649056 0.650145 0.635951 0.662273 0.659555 0.660955 0.661365 0.657328 0.65581 0.658639 0.65302 0.65258 2.983986e-01 0.868
N:23 Run:9 0.599513 0.646672 0.51578 0.333249 0.140577 0.129664 0.125991 0.125942 0.125917 0.12593 0.12591 0.125911 0.571517 0.616867 0.642897 0.64759 0.641301 0.64509 0.652286 0.657069 0.65609 2.983986e-01 0.868
N:24 Run:0 0.625958 0.656751 0.648524 0.641312 0.647976 0.640423 0.644754 0.63359 0.628737 0.613524 0.61747 0.569805 0.647743 0.63536 0.636218 0.643759 0.654125 0.648112 0.650767 0.64563 0.641239 1.627611e-01 0.863
N:24 Run:1 0.556771 0.645167 0.521179 0.227955 0.286412 0.2065 0.204754 0.437249 0.18789 0.176534 0.26884 0.403071 0.653866 0.662187 0.659235 0.659997 0.652441 0.651926 0.649105 0.653892 0.634438 1.627611e-01 0.863
N:24 Run:2 0.690079 0.655252 0.644783 0.648176 0.62344 0.616999 0.607426 0.620846 0.639979 0.576577 0.632211 0.628572 0.65392 0.638992 0.635913 0.634813 0.657633 0.654669 0.654468 0.65882 0.650545 1.627611e-01 0.863
N:24 Run:3 0.56462 0.654338 0.646511 0.633727 0.619859 0.645373 0.622948 0.608754 0.634315 0.64756 0.632703 0.629045 0.635265 0.653599 0.64133 0.656547 0.659221 0.661533 0.659016 0.661482 0.656064 1.627611e-01 0.863
N:24 Run:4 0.543708 0.635653 0.645937 0.645603 0.657279 0.642158 0.637229 0.632221 0.603022 0.561837 0.598143 0.602661 0.646332 0.636229 0.637145 0.600052 0.616929 0.641794 0.64203 0.646325 0.652717 1.627611e-01 0.863
N:24 Run:5 0.609311 0.660268 0.647206 0.654947 0.58773 0.538877 0.601476 0.583593 0.622588 0.594652 0.637421 0.618008 0.62397 0.640034 0.632163 0.654156 0.657483 0.656029 0.645994 0.653343 0.656033 1.627611e-01 0.863
N:24 Run:6 0.622702 0.653476 0.650003 0.627442 0.616154 0.611091 0.599387 0.558513 0.614808 0.607191 0.611677 0.607419 0.624107 0.63463 0.638879 0.653644 0.640494 0.656133 0.649537 0.656274 0.653272 1.627611e-01 0.863
N:24 Run:7 0.57156 0.656547 0.65451 0.655814 0.652523 0.621052 0.651338 0.634802 0.615891 0.583452 0.608078 0.612051 0.6219 0.646515 0.644099 0.654517 0.650438 0.638623 0.632727 0.654264 0.640787 1.627611e-01 0.863
N:24 Run:8 0.555669 0.652414 0.616852 0.636135 0.637128 0.64412 0.634266 0.631862 0.648235 0.649056 0.650145 0.635951 0.662273 0.659555 0.660955 0.661365 0.657328 0.65581 0.658639 0.65302 0.65258 1.627611e-01 0.863
N:24 Run:9 0.599513 0.646672 0.51578 0.333249 0.140577 0.129664 0.125991 0.125942 0.125917 0.12593 0.12591 0.125911 0.571517 0.616867 0.642897 0.64759 0.641301 0.64509 0.652286 0.657069 0.65609 1.627611e-01 0.863
N:25 Run:0 0.625958 0.656751 0.648524 0.641312 0.647976 0.640423 0.644754 0.63359 0.628737 0.613524 0.61747 0.569805 0.647743 0.63536 0.636218 0.643759 0.654125 0.648112 0.650767 0.64563 0.641239 2.984977e-01 0.868
N:25 Run:1 0.556771 0.645167 0.521179 0.227955 0.286412 0.2065 0.204754 0.437249 0.18789 0.176534 0.26884 0.403071 0.653866 0.662187 0.659235 0.659997 0.652441 0.651926 0.649105 0.653892 0.634438 2.984977e-01 0.868
N:25 Run:2 0.690079 0.655252 0.644783 0.648176 0.62344 0.616999 0.607426 0.620846 0.639979 0.576577 0.632211 0.628572 0.65392 0.638992 0.635913 0.634813 0.657633 0.654669 0.654468 0.65882 0.650545 2.984977e-01 0.868
N:25 Run:3 0.56462 0.654338 0.646511 0.633727 0.619859 0.645373 0.622948 0.608754 0.634315 0.64756 0.632703 0.629045 0.635265 0.653599 0.64133 0.656547 0.659221 0.661533 0.659016 0.661482 0.656064 2.984977e-01 0.868
N:25 Run:4 0.543708 0.635653 0.645937 0.645603 0.657279 0.642158 0.637229 0.632221 0.603022 0.561837 0.598143 0.602661 0.646332 0.636229 0.637145 0.600052 0.616929 0.641794 0.64203 0.646325 0.652717 2.984977e-01 0.868
N:25 Run:5 0.609311 0.660268 0.647206 0.654947 0.58773 0.538877 0.601476 0.583593 0.622588 0.594652 0.637421 0.618008 0.62397 0.640034 0.632163 0.654156 0.657483 0.656029 0.645994 0.653343 0.656033 2.984977e-01 0.868
N:25 Run:6 0.622702 0.653476 0.650003 0.627442 0.616154 0.611091 0.599387 0.558513 0.614808 0.607191 0.611677 0.607419 0.624107 0.63463 0.638879 0.653644 0.640494 0.656133 0.649537 0.656274 0.653272 2.984977e-01 0.868
N:25 Run:7 0.57156 0.656547 0.65451 0.655814 0.652523 0.621052 0.651338 0.634802 0.615891 0.583452 0.608078 0.612051 0.6219 0.646515 0.644099 0.654517 0.650438 0.638623 0.632727 0.654264 0.640787 2.984977e-01 0.868
N:25 Run:8 0.555669 0.652414 0.616852 0.636135 0.637128 0.64412 0.634266 0.631862 0.648235 0.649056 0.650145 0.635951 0.662273 0.659555 0.660955 0.661365 0.657328 0.65581 0.658639 0.65302 0.65258 2.984977e-01 0.868
N:25 Run:9 0.599513 0.646672 0.51578 0.333249 0.140577 0.129664 0.125991 0.125942 0.125917 0.12593 0.12591 0.125911 0.571517 0.616867 0.642897 0.64759 0.641301 0.64509 0.652286 0.657069 0.65609 2.984977e-01 0.868
N:26 Run:0 0.625958 0.656751 0.648524 0.641312 0.647976 0.640423 0.644754 0.63359 0.628737 0.613524 0.61747 0.569805 0.647743 0.63536 0.636218 0.643759 0.654125 0.648112 0.650767 0.64563 0.641239 1.531928e-01 0.864
N:26 Run:1 0.556771 0.645167 0.521179 0.227955 0.286412 0.2065 0.204754 0.437249 0.18789 0.176534 0.26884 0.403071 0.653866 0.662187 0.659235 0.659997 0.652441 0.651926 0.649105 0.653892 0.634438 1.531928e-01 0.864
N:26 Run:2 0.690079 0.655252 0.644783 0.648176 0.62344 0.616999 0.607426 0.620846 0.639979 0.576577 0.632211 0.628572 0.65392 0.638992 0.635913 0.634813 0.657633 0.654669 0.654468 0.65882 0.650545 1.531928e-01 0.864
N:26 Run:3 0.56462 0.654338 0.646511 0.633727 0.619859 0.645373 0.622948 0.608754 0.634315 0.64756 0.632703 0.629045 0.635265 0.653599 0.64133 0.656547 0.659221 0.661533 0.659016 0.661482 0.656064 1.531928e-01 0.864
N:26 Run:4 0.543708 0.635653 0.645937 0.645603 0.657279 0.642158 0.637229 0.632221 0.603022 0.561837 0.598143 0.602661 0.646332 0.636229 0.637145 0.600052 0.616929 0.641794 0.64203 0.646325 0.652717 1.531928e-01 0.864
N:26 Run:5 0.609311 0.660268 0.647206 0.654947 0.58773 0.538877 0.601476 0.583593 0.622588 0.594652 0.637421 0.618008 0.62397 0.640034 0.632163 0.654156 0.657483 0.656029 0.645994 0.653343 0.656033 1.531928e-01 0.864
N:26 Run:6 0.622702 0.653476 0.650003 0.627442 0.616154 0.611091 0.599387 0.558513 0.614808 0.607191 0.611677 0.607419 0.624107 0.63463 0.638879 0.653644 0.640494 0.656133 0.649537 0.656274 0.653272 1.531928e-01 0.864
N:26 Run:7 0.57156 0.656547 0.65451 0.655814 0.652523 0.621052 0.651338 0.634802 0.615891 0.583452 0.608078 0.612051 0.6219 0.646515 0.644099 0.654517 0.650438 0.638623 0.632727 0.654264 0.640787 1.531928e-01 0.864
N:26 Run:8 0.555669 0.652414 0.616852 0.636135 0.637128 0.64412 0.634266 0.631862 0.648235 0.649056 0.650145 0.635951 0.662273 0.659555 0.660955 0.661365 0.657328 0.65581 0.658639 0.65302 0.65258 1.531928e-01 0.864
N:26 Run:9 0.599513 0.646672 0.51578 0.333249 0.140577 0.129664 0.125991 0.125942 0.125917 0.12593 0.12591 0.125911 0.571517 0.616867 0.642897 0.64759 0.641301 0.64509 0.652286 0.657069 0.65609 1.531928e-01 0.864
N:27 Run:0 0.625958 0.656751 0.648524 0.641312 0.647976 0.640423 0.644754 0.63359 0.628737 0.613524 0.61747 0.569805 0.647743 0.63536 0.636218 0.643759 0.654125 0.648112 0.650767 0.64563 0.641239 2.980962e-01 0.868
N:27 Run:1 0.556771 0.645167 0.521179 0.227955 0.286412 0.2065 0.204754 0.437249 0.18789 0.176534 0.26884 0.403071 0.653866 0.662187 0.659235 0.659997 0.652441 0.651926 0.649105 0.653892 0.634438 2.980962e-01 0.868
N:27 Run:2 0.690079 0.655252 0.644783 0.648176 0.62344 0.616999 0.607426 0.620846 0.639979 0.576577 0.632211 0.628572 0.65392 0.638992 0.635913 0.634813 0.657633 0.654669 0.654468 0.65882 0.650545 2.980962e-01 0.868
N:27 Run:3 0.56462 0.654338 0.646511 0.633727 0.619859 0.645373 0.622948 0.608754 0.634315 0.64756 0.632703 0.629045 0.635265 0.653599 0.64133 0.656547 0.659221 0.661533 0.659016 0.661482 0.656064 2.980962e-01 0.868
N:27 Run:4 0.543708 0.635653 0.645937 0.645603 0.657279 0.642158 0.637229 0.632221 0.603022 0.561837 0.598143 0.602661 0.646332 0.636229 0.637145 0.600052 0.616929 0.641794 0.64203 0.646325 0.652717 2.980962e-01 0.868
N:27 Run:5 0.609311 0.660268 0.647206 0.654947 0.58773 0.538877 0.601476 0.583593 0.622588 0.594652 0.637421 0.618008 0.62397 0.640034 0.632163 0.654156 0.657483 0.656029 0.645994 0.653343 0.656033 2.980962e-01 0.868
N:27 Run:6 0.622702 0.653476 0.650003 0.627442 0.616154 0.611091 0.599387 0.558513 0.614808 0.607191 0.611677 0.607419 0.624107 0.63463 0.638879 0.653644 0.640494 0.656133 0.649537 0.656274 0.653272 2.980962e-01 0.868
N:27 Run:7 0.57156 0.656547 0.65451 0.655814 0.652523 0.621052 0.651338 0.634802 0.615891 0.583452 0.608078 0.612051 0.6219 0.646515 0.644099 0.654517 0.650438 0.638623 0.632727 0.654264 0.640787 2.980962e-01 0.868
N:27 Run:8 0.555669 0.652414 0.616852 0.636135 0.637128 0.64412 0.634266 0.631862 0.648235 0.649056 0.650145 0.635951 0.662273 0.659555 0.660955 0.661365 0.657328 0.65581 0.658639 0.65302 0.65258 2.980962e-01 0.868
N:27 Run:9 0.599513 0.646672 0.51578 0.333249 0.140577 0.129664 0.125991 0.125942 0.125917 0.12593 0.12591 0.125911 0.571517 0.616867 0.642897 0.64759 0.641301 0.64509 0.652286 0.657069 0.65609 2.980962e-01 0.868
N:28 Run:0 0.625958 0.656751 0.648524 0.641312 0.647976 0.640423 0.644754 0.63359 0.628737 0.613524 0.61747 0.569805 0.647743 0.63536 0.636218 0.643759 0.654125 0.648112 0.650767 0.64563 0.641239 1.548884e-01 0.868
N:28 Run:1 0.556771 0.645167 0.521179 0.227955 0.286412 0.2065 0.204754 0.437249 0.18789 0.176534 0.26884 0.403071 0.653866 0.662187 0.659235 0.659997 0.652441 0.651926 0.649105 0.653892 0.634438 1.548884e-01 0.868
N:28 Run:2 0.690079 0.655252 0.644783 0.648176 0.62344 0.616999 0.607426 0.620846 0.639979 0.576577 0.632211 0.628572 0.65392 0.638992 0.635913 0.634813 0.657633 0.654669 0.654468 0.65882 0.650545 1.548884e-01 0.868
N:28 Run:3 0.56462 0.654338 0.646511 0.633727 0.619859 0.645373 0.622948 0.608754 0.634315 0.64756 0.632703 0.629045 0.635265 0.653599 0.64133 0.656547 0.659221 0.661533 0.659016 0.661482 0.656064 1.548884e-01 0.868
N:28 Run:4 0.543708 0.635653 0.645937 0.645603 0.657279 0.642158 0.637229 0.632221 0.603022 0.561837 0.598143 0.602661 0.646332 0.636229 0.637145 0.600052 0.616929 0.641794 0.64203 0.646325 0.652717 1.548884e-01 0.868
N:28 Run:5 0.609311 0.660268 0.647206 0.654947 0.58773 0.538877 0.601476 0.583593 0.622588 0.594652 0.637421 0.618008 0.62397 0.640034 0.632163 0.654156 0.657483 0.656029 0.645994 0.653343 0.656033 1.548884e-01 0.868
N:28 Run:6 0.622702 0.653476 0.650003 0.627442 0.616154 0.611091 0.599387 0.558513 0.614808 0.607191 0.611677 0.607419 0.624107 0.63463 0.638879 0.653644 0.640494 0.656133 0.649537 0.656274 0.653272 1.548884e-01 0.868
N:28 Run:7 0.57156 0.656547 0.65451 0.655814 0.652523 0.621052 0.651338 0.634802 0.615891 0.583452 0.608078 0.612051 0.6219 0.646515 0.644099 0.654517 0.650438 0.638623 0.632727 0.654264 0.640787 1.548884e-01 0.868
N:28 Run:8 0.555669 0.652414 0.616852 0.636135 0.637128 0.64412 0.634266 0.631862 0.648235 0.649056 0.650145 0.635951 0.662273 0.659555 0.660955 0.661365 0.657328 0.65581 0.658639 0.65302 0.65258 1.548884e-01 0.868
N:28 Run:9 0.599513 0.646672 0.51578 0.333249 0.140577 0.129664 0.125991 0.125942 0.125917 0.12593 0.12591 0.125911 0.571517 0.616867 0.642897 0.64759 0.641301 0.64509 0.652286 0.657069 0.65609 1.548884e-01 0.868
N:29 Run:0 0.625958 0.656751 0.648524 0.641312 0.647976 0.640423 0.644754 0.63359 0.628737 0.613524 0.61747 0.569805 0.647743 0.63536 0.636218 0.643759 0.654125 0.648112 0.650767 0.64563 0.641239 1.586953e-01 0.866
N:29 Run:1 0.556771 0.645167 0.521179 0.227955 0.286412 0.2065 0.204754 0.437249 0.18789 0.176534 0.26884 0.403071 0.653866 0.662187 0.659235 0.659997 0.652441 0.651926 0.649105 0.653892 0.634438 1.586953e-01 0.866
N:29 Run:2 0.690079 0.655252 0.644783 0.648176 0.62344 0.616999 0.607426 0.620846 0.639979 0.576577 0.632211 0.628572 0.65392 0.638992 0.635913 0.634813 0.657633 0.654669 0.654468 0.65882 0.650545 1.586953e-01 0.866
N:29 Run:3 0.56462 0.654338 0.646511 0.633727 0.619859 0.645373 0.622948 0.608754 0.634315 0.64756 0.632703 0.629045 0.635265 0.653599 0.64133 0.656547 0.659221 0.661533 0.659016 0.661482 0.656064 1.586953e-01 0.866
N:29 Run:4 0.543708 0.635653 0.645937 0.645603 0.657279 0.642158 0.637229 0.632221 0.603022 0.561837 0.598143 0.602661 0.646332 0.636229 0.637145 0.600052 0.616929 0.641794 0.64203 0.646325 0.652717 1.586953e-01 0.866
N:29 Run:5 0.609311 0.660268 0.647206 0.654947 0.58773 0.538877 0.601476 0.583593 0.622588 0.594652 0.637421 0.618008 0.62397 0.640034 0.632163 0.654156 0.657483 0.656029 0.645994 0.653343 0.656033 1.586953e-01 0.866
N:29 Run:6 0.622702 0.653476 0.650003 0.627442 0.616154 0.611091 0.599387 0.558513 0.614808 0.607191 0.611677 0.607419 0.624107 0.63463 0.638879 0.653644 0.640494 0.656133 0.649537 0.656274 0.653272 1.586953e-01 0.866
N:29 Run:7 0.57156 0.656547 0.65451 0.655814 0.652523 0.621052 0.651338 0.634802 0.615891 0.583452 0.608078 0.612051 0.6219 0.646515 0.644099 0.654517 0.650438 0.638623 0.632727 0.654264 0.640787 1.586953e-01 0.866
N:29 Run:8 0.555669 0.652414 0.616852 0.636135 0.637128 0.64412 0.634266 0.631862 0.648235 0.649056 0.650145 0.635951 0.662273 0.659555 0.660955 0.661365 0.657328 0.65581 0.658639 0.65302 0.65258 1.586953e-01 0.866
N:29 Run:9 0.599513 0.646672 0.51578 0.333249 0.140577 0.129664 0.125991 0.125942 0.125917 0.12593 0.12591 0.125911 0.571517 0.616867 0.642897 0.64759 0.641301 0.64509 0.652286 0.657069 0.65609 1.586953e-01 0.866
