Seed:1578642836
N:0 Run:0 0.335605 0.317165 0.330971 0.331762 0.342737 0.345819 0.357105 0.383607 0.36843 0.379342 0.361935 0.364669 0.398613 0.38276 0.388897 0.367256 0.352071 0.346127 0.333777 0.329217 0.324562 7.983821e-02 0.633
N:0 Run:1 0.327033 0.321861 0.322117 0.331529 0.321199 0.287296 0.302111 0.279679 0.281215 0.271432 0.288007 0.297197 0.296104 0.315287 0.311594 0.321322 0.301506 0.309491 0.294727 0.31907 0.310079 7.983821e-02 0.633
N:0 Run:2 0.324719 0.292464 0.220025 0.189944 0.169259 0.162139 0.160318 0.154036 0.165535 0.193426 0.206426 0.177638 0.294639 0.354637 0.373113 0.362639 0.342883 0.336807 0.326349 0.302871 0.304682 7.983821e-02 0.633
N:0 Run:3 0.323673 0.356586 0.352485 0.319203 0.327374 0.32235 0.313051 0.312173 0.325548 0.296652 0.303451 0.309749 0.316515 0.327557 0.317721 0.308311 0.290932 0.30485 0.305655 0.309205 0.295007 7.983821e-02 0.633
N:0 Run:4 0.278301 0.307822 0.409854 0.427154 0.440856 0.478223 0.553251 0.539189 0.58293 0.514496 0.483621 0.538585 0.425832 0.42517 0.368895 0.372343 0.383562 0.380686 0.359028 0.348237 0.358514 7.983821e-02 0.633
N:0 Run:5 0.339402 0.322582 0.222996 0.189842 0.169024 0.160338 0.155671 0.149968 0.158031 0.173833 0.173635 0.162787 0.279542 0.325191 0.342313 0.320026 0.316762 0.323688 0.319525 0.335702 0.333301 7.983821e-02 0.633
N:0 Run:6 0.411662 0.370388 0.307342 0.301471 0.307994 0.327085 0.324291 0.320751 0.329667 0.329914 0.318538 0.3521 0.379937 0.394434 0.389228 0.382623 0.366151 0.365068 0.336715 0.337338 0.340358 7.983821e-02 0.633
N:0 Run:7 0.380814 0.324585 0.312777 0.310682 0.302671 0.304315 0.31907 0.359002 0.34557 0.33488 0.364977 0.359409 0.413963 0.432675 0.415575 0.380263 0.3663 0.334505 0.35239 0.339347 0.347549 7.983821e-02 0.633
N:0 Run:8 0.369817 0.319846 0.291997 0.271388 0.304682 0.270498 0.270195 0.245899 0.253276 0.280935 0.305782 0.298302 0.303776 0.306874 0.297519 0.298788 0.297579 0.295006 0.305906 0.315668 0.294882 7.983821e-02 0.633
N:0 Run:9 0.262922 0.291287 0.301488 0.303291 0.31944 0.322499 0.352358 0.358937 0.351681 0.356883 0.384659 0.384187 0.388016 0.36036 0.386511 0.367638 0.344412 0.342536 0.34074 0.346656 0.326423 7.983821e-02 0.633
N:1 Run:0 0.335605 0.317165 0.330971 0.331762 0.342737 0.345819 0.357105 0.383607 0.36843 0.379342 0.361935 0.364669 0.398613 0.38276 0.388897 0.367256 0.352071 0.346127 0.333777 0.329217 0.324562 8.014689e-02 0.631
N:1 Run:1 0.327033 0.321861 0.322117 0.331529 0.321199 0.287296 0.302111 0.279679 0.281215 0.271432 0.288007 0.297197 0.296104 0.315287 0.311594 0.321322 0.301506 0.309491 0.294727 0.31907 0.310079 8.014689e-02 0.631
N:1 Run:2 0.324719 0.292464 0.220025 0.189944 0.169259 0.162139 0.160318 0.154036 0.165535 0.193426 0.206426 0.177638 0.294639 0.354637 0.373113 0.362639 0.342883 0.336807 0.326349 0.302871 0.304682 8.014689e-02 0.631
N:1 Run:3 0.323673 0.356586 0.352485 0.319203 0.327374 0.32235 0.313051 0.312173 0.325548 0.296652 0.303451 0.309749 0.316515 0.327557 0.317721 0.308311 0.290932 0.30485 0.305655 0.309205 0.295007 8.014689e-02 0.631
N:1 Run:4 0.278301 0.307822 0.409854 0.427154 0.440856 0.478223 0.553251 0.539189 0.58293 0.514496 0.483621 0.538585 0.425832 0.42517 0.368895 0.372343 0.383562 0.380686 0.359028 0.348237 0.358514 8.014689e-02 0.631
N:1 Run:5 0.339402 0.322582 0.222996 0.189842 0.169024 0.160338 0.155671 0.149968 0.158031 0.173833 0.173635 0.162787 0.279542 0.325191 0.342313 0.320026 0.316762 0.323688 0.319525 0.335702 0.333301 8.014689e-02 0.631
N:1 Run:6 0.411662 0.370388 0.307342 0.301471 0.307994 0.327085 0.324291 0.320751 0.329667 0.329914 0.318538 0.3521 0.379937 0.394434 0.389228 0.382623 0.366151 0.365068 0.336715 0.337338 0.340358 8.014689e-02 0.631
N:1 Run:7 0.380814 0.324585 0.312777 0.310682 0.302671 0.304315 0.31907 0.359002 0.34557 0.33488 0.364977 0.359409 0.413963 0.432675 0.415575 0.380263 0.3663 0.334505 0.35239 0.339347 0.347549 8.014689e-02 0.631
N:1 Run:8 0.369817 0.319846 0.291997 0.271388 0.304682 0.270498 0.270195 0.245899 0.253276 0.280935 0.305782 0.298302 0.303776 0.306874 0.297519 0.298788 0.297579 0.295006 0.305906 0.315668 0.294882 8.014689e-02 0.631
N:1 Run:9 0.262922 0.291287 0.301488 0.303291 0.31944 0.322499 0.352358 0.358937 0.351681 0.356883 0.384659 0.384187 0.388016 0.36036 0.386511 0.367638 0.344412 0.342536 0.34074 0.346656 0.326423 8.014689e-02 0.631
N:2 Run:0 0.335605 0.312674 0.33525 0.354971 0.383807 0.380499 0.388153 0.409967 0.397952 0.407359 0.387404 0.394211 0.393968 0.371963 0.376545 0.356619 0.346443 0.337905 0.334654 0.331142 0.326727 7.730898e-02 0.632
N:2 Run:1 0.327033 0.32514 0.320874 0.340329 0.331205 0.29614 0.307654 0.286617 0.288034 0.284453 0.30086 0.30736 0.300917 0.330016 0.32652 0.326817 0.303652 0.314902 0.304556 0.323022 0.309951 7.730898e-02 0.632
N:2 Run:2 0.324719 0.290043 0.214557 0.185252 0.166931 0.157456 0.157019 0.152395 0.163497 0.190949 0.20027 0.168788 0.295001 0.349689 0.358757 0.360121 0.333857 0.327401 0.328779 0.310116 0.309079 7.730898e-02 0.632
N:2 Run:3 0.323673 0.352414 0.347554 0.322265 0.32735 0.323141 0.321788 0.313604 0.332789 0.3039 0.312656 0.312312 0.318177 0.322651 0.316419 0.306505 0.295221 0.315287 0.309354 0.310825 0.297611 7.730898e-02 0.632
N:2 Run:4 0.278301 0.309517 0.446193 0.486709 0.51481 0.54541 0.598906 0.571813 0.604533 0.543399 0.523494 0.586889 0.434851 0.419645 0.364518 0.357718 0.371984 0.362528 0.347082 0.349966 0.350214 7.730898e-02 0.632
N:2 Run:5 0.339402 0.316835 0.219368 0.195477 0.180885 0.167083 0.157032 0.151345 0.165412 0.181064 0.185735 0.170415 0.29665 0.333151 0.342563 0.31947 0.31414 0.323031 0.312855 0.330857 0.336972 7.730898e-02 0.632
N:2 Run:6 0.411662 0.372721 0.305788 0.302678 0.31038 0.32517 0.315485 0.309659 0.32211 0.318922 0.307899 0.341524 0.363719 0.379532 0.373924 0.36966 0.348937 0.351186 0.327866 0.336888 0.341363 7.730898e-02 0.632
N:2 Run:7 0.380814 0.321625 0.312608 0.314365 0.309917 0.300797 0.320933 0.347221 0.333949 0.331444 0.350059 0.352352 0.403466 0.408972 0.381978 0.368843 0.361328 0.336819 0.347334 0.336188 0.346704 7.730898e-02 0.632
N:2 Run:8 0.369817 0.318763 0.274126 0.239122 0.252005 0.231008 0.231594 0.215446 0.224428 0.23875 0.254417 0.245822 0.29186 0.311775 0.301367 0.303856 0.303624 0.306701 0.308997 0.324235 0.301858 7.730898e-02 0.632
N:2 Run:9 0.262922 0.298227 0.306059 0.30836 0.318183 0.329473 0.342802 0.345708 0.347651 0.349556 0.370316 0.366976 0.381174 0.355866 0.376301 0.357087 0.337639 0.34 0.338149 0.347321 0.335319 7.730898e-02 0.632
N:3 Run:0 0.335605 0.314597 0.338115 0.356877 0.384069 0.379446 0.3871 0.406219 0.395068 0.40327 0.383912 0.391825 0.390186 0.369613 0.375052 0.355772 0.346952 0.337605 0.335067 0.331955 0.328222 7.559363e-02 0.624
N:3 Run:1 0.327033 0.3263 0.321326 0.341663 0.332055 0.295387 0.308693 0.288347 0.290737 0.287635 0.304121 0.31009 0.303335 0.331473 0.327766 0.326212 0.30428 0.317182 0.30804 0.324532 0.312138 7.559363e-02 0.624
N:3 Run:2 0.324719 0.289997 0.212543 0.184462 0.165585 0.155074 0.155914 0.150506 0.164807 0.197506 0.206867 0.167247 0.302614 0.353152 0.358885 0.360168 0.334256 0.327684 0.329583 0.311042 0.311905 7.559363e-02 0.624
N:3 Run:3 0.323673 0.351415 0.347452 0.32248 0.329045 0.32391 0.322865 0.315311 0.335053 0.305205 0.314937 0.315335 0.320302 0.324869 0.318407 0.309292 0.298758 0.318653 0.310077 0.312512 0.299562 7.559363e-02 0.624
N:3 Run:4 0.278301 0.311974 0.441362 0.474627 0.49619 0.520522 0.562185 0.53868 0.565049 0.514459 0.499702 0.55256 0.415689 0.40845 0.359085 0.356567 0.37099 0.360617 0.346647 0.350143 0.349839 7.559363e-02 0.624
N:3 Run:5 0.339402 0.318077 0.2153 0.195732 0.181147 0.165528 0.153467 0.147122 0.16604 0.184925 0.190009 0.170417 0.305877 0.339101 0.344641 0.320018 0.316397 0.324506 0.313515 0.333304 0.338428 7.559363e-02 0.624
N:3 Run:6 0.411662 0.369736 0.304882 0.306589 0.316333 0.331558 0.321017 0.314018 0.32715 0.32395 0.312796 0.345903 0.36536 0.379377 0.373351 0.36826 0.348089 0.350683 0.327996 0.338745 0.342615 7.559363e-02 0.624
N:3 Run:7 0.380814 0.320561 0.31433 0.318016 0.31508 0.305857 0.326918 0.350589 0.337228 0.335057 0.352698 0.355216 0.40076 0.403409 0.377566 0.365971 0.360283 0.337455 0.348043 0.336481 0.346699 7.559363e-02 0.624
N:3 Run:8 0.369817 0.318622 0.276816 0.240241 0.255442 0.233837 0.235217 0.217969 0.229313 0.243451 0.259975 0.249859 0.298685 0.31561 0.303483 0.306161 0.30603 0.308542 0.311566 0.327052 0.302602 7.559363e-02 0.624
N:3 Run:9 0.262922 0.3021 0.310299 0.311674 0.320498 0.332169 0.344104 0.346901 0.348646 0.350871 0.370962 0.364958 0.379221 0.355523 0.374044 0.356152 0.337159 0.341858 0.339265 0.348372 0.336509 7.559363e-02 0.624
N:4 Run:0 0.335605 0.314597 0.338115 0.356877 0.384069 0.379446 0.3871 0.406219 0.395068 0.40327 0.383912 0.391825 0.390186 0.369613 0.375052 0.355772 0.346952 0.337605 0.335067 0.331955 0.328222 8.161243e-02 0.634
N:4 Run:1 0.327033 0.3263 0.321326 0.341663 0.332055 0.295387 0.308693 0.288347 0.290737 0.287635 0.304121 0.31009 0.303335 0.331473 0.327766 0.326212 0.30428 0.317182 0.30804 0.324532 0.312138 8.161243e-02 0.634
N:4 Run:2 0.324719 0.289997 0.212543 0.184462 0.165585 0.155074 0.155914 0.150506 0.164807 0.197506 0.206867 0.167247 0.302614 0.353152 0.358885 0.360168 0.334256 0.327684 0.329583 0.311042 0.311905 8.161243e-02 0.634
N:4 Run:3 0.323673 0.351415 0.347452 0.32248 0.329045 0.32391 0.322865 0.315311 0.335053 0.305205 0.314937 0.315335 0.320302 0.324869 0.318407 0.309292 0.298758 0.318653 0.310077 0.312512 0.299562 8.161243e-02 0.634
N:4 Run:4 0.278301 0.311974 0.441362 0.474627 0.49619 0.520522 0.562185 0.53868 0.565049 0.514459 0.499702 0.55256 0.415689 0.40845 0.359085 0.356567 0.37099 0.360617 0.346647 0.350143 0.349839 8.161243e-02 0.634
N:4 Run:5 0.339402 0.318077 0.2153 0.195732 0.181147 0.165528 0.153467 0.147122 0.16604 0.184925 0.190009 0.170417 0.305877 0.339101 0.344641 0.320018 0.316397 0.324506 0.313515 0.333304 0.338428 8.161243e-02 0.634
N:4 Run:6 0.411662 0.369736 0.304882 0.306589 0.316333 0.331558 0.321017 0.314018 0.32715 0.32395 0.312796 0.345903 0.36536 0.379377 0.373351 0.36826 0.348089 0.350683 0.327996 0.338745 0.342615 8.161243e-02 0.634
N:4 Run:7 0.380814 0.320561 0.31433 0.318016 0.31508 0.305857 0.326918 0.350589 0.337228 0.335057 0.352698 0.355216 0.40076 0.403409 0.377566 0.365971 0.360283 0.337455 0.348043 0.336481 0.346699 8.161243e-02 0.634
N:4 Run:8 0.369817 0.318622 0.276816 0.240241 0.255442 0.233837 0.235217 0.217969 0.229313 0.243451 0.259975 0.249859 0.298685 0.31561 0.303483 0.306161 0.30603 0.308542 0.311566 0.327052 0.302602 8.161243e-02 0.634
N:4 Run:9 0.262922 0.3021 0.310299 0.311674 0.320498 0.332169 0.344104 0.346901 0.348646 0.350871 0.370962 0.364958 0.379221 0.355523 0.374044 0.356152 0.337159 0.341858 0.339265 0.348372 0.336509 8.161243e-02 0.634
N:5 Run:0 0.335605 0.311127 0.333767 0.356962 0.387898 0.383256 0.390361 0.408121 0.399428 0.406498 0.387451 0.395501 0.386489 0.365157 0.3696 0.350745 0.342413 0.33115 0.330669 0.327483 0.323782 7.536325e-02 0.629
N:5 Run:1 0.327033 0.323564 0.315933 0.337674 0.329738 0.295848 0.304523 0.286705 0.287645 0.286981 0.301345 0.306519 0.299066 0.32809 0.326062 0.321522 0.300605 0.312673 0.306164 0.318653 0.306839 7.536325e-02 0.629
N:5 Run:2 0.324719 0.288056 0.214525 0.184971 0.165819 0.153891 0.153854 0.14917 0.161505 0.191801 0.201704 0.16557 0.29097 0.342015 0.348659 0.354706 0.328443 0.320526 0.325198 0.30935 0.308082 7.536325e-02 0.629
N:5 Run:3 0.323673 0.344678 0.341334 0.320178 0.323868 0.318874 0.320168 0.310505 0.330503 0.30379 0.311943 0.310309 0.314572 0.317339 0.31278 0.30397 0.29581 0.315146 0.30536 0.306939 0.295585 7.536325e-02 0.629
N:5 Run:4 0.278301 0.306074 0.4428 0.484537 0.510339 0.537141 0.581931 0.55865 0.586276 0.534061 0.516685 0.572287 0.426516 0.409395 0.358954 0.351347 0.36476 0.352593 0.340399 0.346327 0.342805 7.536325e-02 0.629
N:5 Run:5 0.339402 0.314095 0.22001 0.199654 0.185384 0.168222 0.154866 0.148232 0.16648 0.184408 0.191186 0.172474 0.298607 0.331984 0.337582 0.315396 0.310734 0.318219 0.306112 0.325638 0.333558 7.536325e-02 0.629
N:5 Run:6 0.411662 0.369842 0.305435 0.303941 0.312533 0.326761 0.315413 0.306879 0.320266 0.31714 0.306362 0.337959 0.356865 0.372586 0.367644 0.362291 0.340975 0.342961 0.322293 0.33373 0.337566 7.536325e-02 0.629
N:5 Run:7 0.380814 0.320235 0.311263 0.314422 0.312708 0.300493 0.321905 0.342028 0.330876 0.330472 0.34482 0.350298 0.394085 0.39617 0.369361 0.36145 0.356248 0.335647 0.341933 0.331224 0.340813 7.536325e-02 0.629
N:5 Run:8 0.369817 0.318311 0.276503 0.240003 0.253196 0.232143 0.233426 0.216333 0.226341 0.241102 0.255818 0.24583 0.292718 0.311477 0.299781 0.30202 0.302163 0.306382 0.306314 0.322783 0.300573 7.536325e-02 0.629
N:5 Run:9 0.262922 0.297589 0.305116 0.30708 0.313421 0.327729 0.335304 0.338397 0.342858 0.344625 0.36382 0.356755 0.373552 0.352065 0.366952 0.350459 0.332139 0.337036 0.333822 0.343194 0.334726 7.536325e-02 0.629
N:6 Run:0 0.335605 0.311127 0.333767 0.356962 0.387898 0.383256 0.390361 0.408121 0.399428 0.406498 0.387451 0.395501 0.386489 0.365157 0.3696 0.350745 0.342413 0.33115 0.330669 0.327483 0.323782 8.006829e-02 0.633
N:6 Run:1 0.327033 0.323564 0.315933 0.337674 0.329738 0.295848 0.304523 0.286705 0.287645 0.286981 0.301345 0.306519 0.299066 0.32809 0.326062 0.321522 0.300605 0.312673 0.306164 0.318653 0.306839 8.006829e-02 0.633
N:6 Run:2 0.324719 0.288056 0.214525 0.184971 0.165819 0.153891 0.153854 0.14917 0.161505 0.191801 0.201704 0.16557 0.29097 0.342015 0.348659 0.354706 0.328443 0.320526 0.325198 0.30935 0.308082 8.006829e-02 0.633
N:6 Run:3 0.323673 0.344678 0.341334 0.320178 0.323868 0.318874 0.320168 0.310505 0.330503 0.30379 0.311943 0.310309 0.314572 0.317339 0.31278 0.30397 0.29581 0.315146 0.30536 0.306939 0.295585 8.006829e-02 0.633
N:6 Run:4 0.278301 0.306074 0.4428 0.484537 0.510339 0.537141 0.581931 0.55865 0.586276 0.534061 0.516685 0.572287 0.426516 0.409395 0.358954 0.351347 0.36476 0.352593 0.340399 0.346327 0.342805 8.006829e-02 0.633
N:6 Run:5 0.339402 0.314095 0.22001 0.199654 0.185384 0.168222 0.154866 0.148232 0.16648 0.184408 0.191186 0.172474 0.298607 0.331984 0.337582 0.315396 0.310734 0.318219 0.306112 0.325638 0.333558 8.006829e-02 0.633
N:6 Run:6 0.411662 0.369842 0.305435 0.303941 0.312533 0.326761 0.315413 0.306879 0.320266 0.31714 0.306362 0.337959 0.356865 0.372586 0.367644 0.362291 0.340975 0.342961 0.322293 0.33373 0.337566 8.006829e-02 0.633
N:6 Run:7 0.380814 0.320235 0.311263 0.314422 0.312708 0.300493 0.321905 0.342028 0.330876 0.330472 0.34482 0.350298 0.394085 0.39617 0.369361 0.36145 0.356248 0.335647 0.341933 0.331224 0.340813 8.006829e-02 0.633
N:6 Run:8 0.369817 0.318311 0.276503 0.240003 0.253196 0.232143 0.233426 0.216333 0.226341 0.241102 0.255818 0.24583 0.292718 0.311477 0.299781 0.30202 0.302163 0.306382 0.306314 0.322783 0.300573 8.006829e-02 0.633
N:6 Run:9 0.262922 0.297589 0.305116 0.30708 0.313421 0.327729 0.335304 0.338397 0.342858 0.344625 0.36382 0.356755 0.373552 0.352065 0.366952 0.350459 0.332139 0.337036 0.333822 0.343194 0.334726 8.006829e-02 0.633
N:7 Run:0 0.335605 0.311127 0.333767 0.356962 0.387898 0.383256 0.390361 0.408121 0.399428 0.406498 0.387451 0.395501 0.386489 0.365157 0.3696 0.350745 0.342413 0.33115 0.330669 0.327483 0.323782 8.036905e-02 0.634
N:7 Run:1 0.327033 0.323564 0.315933 0.337674 0.329738 0.295848 0.304523 0.286705 0.287645 0.286981 0.301345 0.306519 0.299066 0.32809 0.326062 0.321522 0.300605 0.312673 0.306164 0.318653 0.306839 8.036905e-02 0.634
N:7 Run:2 0.324719 0.288056 0.214525 0.184971 0.165819 0.153891 0.153854 0.14917 0.161505 0.191801 0.201704 0.16557 0.29097 0.342015 0.348659 0.354706 0.328443 0.320526 0.325198 0.30935 0.308082 8.036905e-02 0.634
N:7 Run:3 0.323673 0.344678 0.341334 0.320178 0.323868 0.318874 0.320168 0.310505 0.330503 0.30379 0.311943 0.310309 0.314572 0.317339 0.31278 0.30397 0.29581 0.315146 0.30536 0.306939 0.295585 8.036905e-02 0.634
N:7 Run:4 0.278301 0.306074 0.4428 0.484537 0.510339 0.537141 0.581931 0.55865 0.586276 0.534061 0.516685 0.572287 0.426516 0.409395 0.358954 0.351347 0.36476 0.352593 0.340399 0.346327 0.342805 8.036905e-02 0.634
N:7 Run:5 0.339402 0.314095 0.22001 0.199654 0.185384 0.168222 0.154866 0.148232 0.16648 0.184408 0.191186 0.172474 0.298607 0.331984 0.337582 0.315396 0.310734 0.318219 0.306112 0.325638 0.333558 8.036905e-02 0.634
N:7 Run:6 0.411662 0.369842 0.305435 0.303941 0.312533 0.326761 0.315413 0.306879 0.320266 0.31714 0.306362 0.337959 0.356865 0.372586 0.367644 0.362291 0.340975 0.342961 0.322293 0.33373 0.337566 8.036905e-02 0.634
N:7 Run:7 0.380814 0.320235 0.311263 0.314422 0.312708 0.300493 0.321905 0.342028 0.330876 0.330472 0.34482 0.350298 0.394085 0.39617 0.369361 0.36145 0.356248 0.335647 0.341933 0.331224 0.340813 8.036905e-02 0.634
N:7 Run:8 0.369817 0.318311 0.276503 0.240003 0.253196 0.232143 0.233426 0.216333 0.226341 0.241102 0.255818 0.24583 0.292718 0.311477 0.299781 0.30202 0.302163 0.306382 0.306314 0.322783 0.300573 8.036905e-02 0.634
N:7 Run:9 0.262922 0.297589 0.305116 0.30708 0.313421 0.327729 0.335304 0.338397 0.342858 0.344625 0.36382 0.356755 0.373552 0.352065 0.366952 0.350459 0.332139 0.337036 0.333822 0.343194 0.334726 8.036905e-02 0.634
N:8 Run:0 0.335605 0.311127 0.333767 0.356962 0.387898 0.383256 0.390361 0.408121 0.399428 0.406498 0.387451 0.395501 0.386489 0.365157 0.3696 0.350745 0.342413 0.33115 0.330669 0.327483 0.323782 7.588422e-02 0.634
N:8 Run:1 0.327033 0.323564 0.315933 0.337674 0.329738 0.295848 0.304523 0.286705 0.287645 0.286981 0.301345 0.306519 0.299066 0.32809 0.326062 0.321522 0.300605 0.312673 0.306164 0.318653 0.306839 7.588422e-02 0.634
N:8 Run:2 0.324719 0.288056 0.214525 0.184971 0.165819 0.153891 0.153854 0.14917 0.161505 0.191801 0.201704 0.16557 0.29097 0.342015 0.348659 0.354706 0.328443 0.320526 0.325198 0.30935 0.308082 7.588422e-02 0.634
N:8 Run:3 0.323673 0.344678 0.341334 0.320178 0.323868 0.318874 0.320168 0.310505 0.330503 0.30379 0.311943 0.310309 0.314572 0.317339 0.31278 0.30397 0.29581 0.315146 0.30536 0.306939 0.295585 7.588422e-02 0.634
N:8 Run:4 0.278301 0.306074 0.4428 0.484537 0.510339 0.537141 0.581931 0.55865 0.586276 0.534061 0.516685 0.572287 0.426516 0.409395 0.358954 0.351347 0.36476 0.352593 0.340399 0.346327 0.342805 7.588422e-02 0.634
N:8 Run:5 0.339402 0.314095 0.22001 0.199654 0.185384 0.168222 0.154866 0.148232 0.16648 0.184408 0.191186 0.172474 0.298607 0.331984 0.337582 0.315396 0.310734 0.318219 0.306112 0.325638 0.333558 7.588422e-02 0.634
N:8 Run:6 0.411662 0.369842 0.305435 0.303941 0.312533 0.326761 0.315413 0.306879 0.320266 0.31714 0.306362 0.337959 0.356865 0.372586 0.367644 0.362291 0.340975 0.342961 0.322293 0.33373 0.337566 7.588422e-02 0.634
N:8 Run:7 0.380814 0.320235 0.311263 0.314422 0.312708 0.300493 0.321905 0.342028 0.330876 0.330472 0.34482 0.350298 0.394085 0.39617 0.369361 0.36145 0.356248 0.335647 0.341933 0.331224 0.340813 7.588422e-02 0.634
N:8 Run:8 0.369817 0.318311 0.276503 0.240003 0.253196 0.232143 0.233426 0.216333 0.226341 0.241102 0.255818 0.24583 0.292718 0.311477 0.299781 0.30202 0.302163 0.306382 0.306314 0.322783 0.300573 7.588422e-02 0.634
N:8 Run:9 0.262922 0.297589 0.305116 0.30708 0.313421 0.327729 0.335304 0.338397 0.342858 0.344625 0.36382 0.356755 0.373552 0.352065 0.366952 0.350459 0.332139 0.337036 0.333822 0.343194 0.334726 7.588422e-02 0.634
N:9 Run:0 0.335605 0.311127 0.333767 0.356962 0.387898 0.383256 0.390361 0.408121 0.399428 0.406498 0.387451 0.395501 0.386489 0.365157 0.3696 0.350745 0.342413 0.33115 0.330669 0.327483 0.323782 7.604882e-02 0.630
N:9 Run:1 0.327033 0.323564 0.315933 0.337674 0.329738 0.295848 0.304523 0.286705 0.287645 0.286981 0.301345 0.306519 0.299066 0.32809 0.326062 0.321522 0.300605 0.312673 0.306164 0.318653 0.306839 7.604882e-02 0.630
N:9 Run:2 0.324719 0.288056 0.214525 0.184971 0.165819 0.153891 0.153854 0.14917 0.161505 0.191801 0.201704 0.16557 0.29097 0.342015 0.348659 0.354706 0.328443 0.320526 0.325198 0.30935 0.308082 7.604882e-02 0.630
N:9 Run:3 0.323673 0.344678 0.341334 0.320178 0.323868 0.318874 0.320168 0.310505 0.330503 0.30379 0.311943 0.310309 0.314572 0.317339 0.31278 0.30397 0.29581 0.315146 0.30536 0.306939 0.295585 7.604882e-02 0.630
N:9 Run:4 0.278301 0.306074 0.4428 0.484537 0.510339 0.537141 0.581931 0.55865 0.586276 0.534061 0.516685 0.572287 0.426516 0.409395 0.358954 0.351347 0.36476 0.352593 0.340399 0.346327 0.342805 7.604882e-02 0.630
N:9 Run:5 0.339402 0.314095 0.22001 0.199654 0.185384 0.168222 0.154866 0.148232 0.16648 0.184408 0.191186 0.172474 0.298607 0.331984 0.337582 0.315396 0.310734 0.318219 0.306112 0.325638 0.333558 7.604882e-02 0.630
N:9 Run:6 0.411662 0.369842 0.305435 0.303941 0.312533 0.326761 0.315413 0.306879 0.320266 0.31714 0.306362 0.337959 0.356865 0.372586 0.367644 0.362291 0.340975 0.342961 0.322293 0.33373 0.337566 7.604882e-02 0.630
N:9 Run:7 0.380814 0.320235 0.311263 0.314422 0.312708 0.300493 0.321905 0.342028 0.330876 0.330472 0.34482 0.350298 0.394085 0.39617 0.369361 0.36145 0.356248 0.335647 0.341933 0.331224 0.340813 7.604882e-02 0.630
N:9 Run:8 0.369817 0.318311 0.276503 0.240003 0.253196 0.232143 0.233426 0.216333 0.226341 0.241102 0.255818 0.24583 0.292718 0.311477 0.299781 0.30202 0.302163 0.306382 0.306314 0.322783 0.300573 7.604882e-02 0.630
N:9 Run:9 0.262922 0.297589 0.305116 0.30708 0.313421 0.327729 0.335304 0.338397 0.342858 0.344625 0.36382 0.356755 0.373552 0.352065 0.366952 0.350459 0.332139 0.337036 0.333822 0.343194 0.334726 7.604882e-02 0.630
N:10 Run:0 0.335605 0.311127 0.333767 0.356962 0.387898 0.383256 0.390361 0.408121 0.399428 0.406498 0.387451 0.395501 0.386489 0.365157 0.3696 0.350745 0.342413 0.33115 0.330669 0.327483 0.323782 7.675290e-02 0.629
N:10 Run:1 0.327033 0.323564 0.315933 0.337674 0.329738 0.295848 0.304523 0.286705 0.287645 0.286981 0.301345 0.306519 0.299066 0.32809 0.326062 0.321522 0.300605 0.312673 0.306164 0.318653 0.306839 7.675290e-02 0.629
N:10 Run:2 0.324719 0.288056 0.214525 0.184971 0.165819 0.153891 0.153854 0.14917 0.161505 0.191801 0.201704 0.16557 0.29097 0.342015 0.348659 0.354706 0.328443 0.320526 0.325198 0.30935 0.308082 7.675290e-02 0.629
N:10 Run:3 0.323673 0.344678 0.341334 0.320178 0.323868 0.318874 0.320168 0.310505 0.330503 0.30379 0.311943 0.310309 0.314572 0.317339 0.31278 0.30397 0.29581 0.315146 0.30536 0.306939 0.295585 7.675290e-02 0.629
N:10 Run:4 0.278301 0.306074 0.4428 0.484537 0.510339 0.537141 0.581931 0.55865 0.586276 0.534061 0.516685 0.572287 0.426516 0.409395 0.358954 0.351347 0.36476 0.352593 0.340399 0.346327 0.342805 7.675290e-02 0.629
N:10 Run:5 0.339402 0.314095 0.22001 0.199654 0.185384 0.168222 0.154866 0.148232 0.16648 0.184408 0.191186 0.172474 0.298607 0.331984 0.337582 0.315396 0.310734 0.318219 0.306112 0.325638 0.333558 7.675290e-02 0.629
N:10 Run:6 0.411662 0.369842 0.305435 0.303941 0.312533 0.326761 0.315413 0.306879 0.320266 0.31714 0.306362 0.337959 0.356865 0.372586 0.367644 0.362291 0.340975 0.342961 0.322293 0.33373 0.337566 7.675290e-02 0.629
N:10 Run:7 0.380814 0.320235 0.311263 0.314422 0.312708 0.300493 0.321905 0.342028 0.330876 0.330472 0.34482 0.350298 0.394085 0.39617 0.369361 0.36145 0.356248 0.335647 0.341933 0.331224 0.340813 7.675290e-02 0.629
N:10 Run:8 0.369817 0.318311 0.276503 0.240003 0.253196 0.232143 0.233426 0.216333 0.226341 0.241102 0.255818 0.24583 0.292718 0.311477 0.299781 0.30202 0.302163 0.306382 0.306314 0.322783 0.300573 7.675290e-02 0.629
N:10 Run:9 0.262922 0.297589 0.305116 0.30708 0.313421 0.327729 0.335304 0.338397 0.342858 0.344625 0.36382 0.356755 0.373552 0.352065 0.366952 0.350459 0.332139 0.337036 0.333822 0.343194 0.334726 7.675290e-02 0.629
N:11 Run:0 0.335605 0.311127 0.333767 0.356962 0.387898 0.383256 0.390361 0.408121 0.399428 0.406498 0.387451 0.395501 0.386489 0.365157 0.3696 0.350745 0.342413 0.33115 0.330669 0.327483 0.323782 7.953433e-02 0.636
N:11 Run:1 0.327033 0.323564 0.315933 0.337674 0.329738 0.295848 0.304523 0.286705 0.287645 0.286981 0.301345 0.306519 0.299066 0.32809 0.326062 0.321522 0.300605 0.312673 0.306164 0.318653 0.306839 7.953433e-02 0.636
N:11 Run:2 0.324719 0.288056 0.214525 0.184971 0.165819 0.153891 0.153854 0.14917 0.161505 0.191801 0.201704 0.16557 0.29097 0.342015 0.348659 0.354706 0.328443 0.320526 0.325198 0.30935 0.308082 7.953433e-02 0.636
N:11 Run:3 0.323673 0.344678 0.341334 0.320178 0.323868 0.318874 0.320168 0.310505 0.330503 0.30379 0.311943 0.310309 0.314572 0.317339 0.31278 0.30397 0.29581 0.315146 0.30536 0.306939 0.295585 7.953433e-02 0.636
N:11 Run:4 0.278301 0.306074 0.4428 0.484537 0.510339 0.537141 0.581931 0.55865 0.586276 0.534061 0.516685 0.572287 0.426516 0.409395 0.358954 0.351347 0.36476 0.352593 0.340399 0.346327 0.342805 7.953433e-02 0.636
N:11 Run:5 0.339402 0.314095 0.22001 0.199654 0.185384 0.168222 0.154866 0.148232 0.16648 0.184408 0.191186 0.172474 0.298607 0.331984 0.337582 0.315396 0.310734 0.318219 0.306112 0.325638 0.333558 7.953433e-02 0.636
N:11 Run:6 0.411662 0.369842 0.305435 0.303941 0.312533 0.326761 0.315413 0.306879 0.320266 0.31714 0.306362 0.337959 0.356865 0.372586 0.367644 0.362291 0.340975 0.342961 0.322293 0.33373 0.337566 7.953433e-02 0.636
N:11 Run:7 0.380814 0.320235 0.311263 0.314422 0.312708 0.300493 0.321905 0.342028 0.330876 0.330472 0.34482 0.350298 0.394085 0.39617 0.369361 0.36145 0.356248 0.335647 0.341933 0.331224 0.340813 7.953433e-02 0.636
N:11 Run:8 0.369817 0.318311 0.276503 0.240003 0.253196 0.232143 0.233426 0.216333 0.226341 0.241102 0.255818 0.24583 0.292718 0.311477 0.299781 0.30202 0.302163 0.306382 0.306314 0.322783 0.300573 7.953433e-02 0.636
N:11 Run:9 0.262922 0.297589 0.305116 0.30708 0.313421 0.327729 0.335304 0.338397 0.342858 0.344625 0.36382 0.356755 0.373552 0.352065 0.366952 0.350459 0.332139 0.337036 0.333822 0.343194 0.334726 7.953433e-02 0.636
N:12 Run:0 0.335605 0.311127 0.333767 0.356962 0.387898 0.383256 0.390361 0.408121 0.399428 0.406498 0.387451 0.395501 0.386489 0.365157 0.3696 0.350745 0.342413 0.33115 0.330669 0.327483 0.323782 7.630967e-02 0.635
N:12 Run:1 0.327033 0.323564 0.315933 0.337674 0.329738 0.295848 0.304523 0.286705 0.287645 0.286981 0.301345 0.306519 0.299066 0.32809 0.326062 0.321522 0.300605 0.312673 0.306164 0.318653 0.306839 7.630967e-02 0.635
N:12 Run:2 0.324719 0.288056 0.214525 0.184971 0.165819 0.153891 0.153854 0.14917 0.161505 0.191801 0.201704 0.16557 0.29097 0.342015 0.348659 0.354706 0.328443 0.320526 0.325198 0.30935 0.308082 7.630967e-02 0.635
N:12 Run:3 0.323673 0.344678 0.341334 0.320178 0.323868 0.318874 0.320168 0.310505 0.330503 0.30379 0.311943 0.310309 0.314572 0.317339 0.31278 0.30397 0.29581 0.315146 0.30536 0.306939 0.295585 7.630967e-02 0.635
N:12 Run:4 0.278301 0.306074 0.4428 0.484537 0.510339 0.537141 0.581931 0.55865 0.586276 0.534061 0.516685 0.572287 0.426516 0.409395 0.358954 0.351347 0.36476 0.352593 0.340399 0.346327 0.342805 7.630967e-02 0.635
N:12 Run:5 0.339402 0.314095 0.22001 0.199654 0.185384 0.168222 0.154866 0.148232 0.16648 0.184408 0.191186 0.172474 0.298607 0.331984 0.337582 0.315396 0.310734 0.318219 0.306112 0.325638 0.333558 7.630967e-02 0.635
N:12 Run:6 0.411662 0.369842 0.305435 0.303941 0.312533 0.326761 0.315413 0.306879 0.320266 0.31714 0.306362 0.337959 0.356865 0.372586 0.367644 0.362291 0.340975 0.342961 0.322293 0.33373 0.337566 7.630967e-02 0.635
N:12 Run:7 0.380814 0.320235 0.311263 0.314422 0.312708 0.300493 0.321905 0.342028 0.330876 0.330472 0.34482 0.350298 0.394085 0.39617 0.369361 0.36145 0.356248 0.335647 0.341933 0.331224 0.340813 7.630967e-02 0.635
N:12 Run:8 0.369817 0.318311 0.276503 0.240003 0.253196 0.232143 0.233426 0.216333 0.226341 0.241102 0.255818 0.24583 0.292718 0.311477 0.299781 0.30202 0.302163 0.306382 0.306314 0.322783 0.300573 7.630967e-02 0.635
N:12 Run:9 0.262922 0.297589 0.305116 0.30708 0.313421 0.327729 0.335304 0.338397 0.342858 0.344625 0.36382 0.356755 0.373552 0.352065 0.366952 0.350459 0.332139 0.337036 0.333822 0.343194 0.334726 7.630967e-02 0.635
N:13 Run:0 0.335605 0.310459 0.334471 0.348076 0.371773 0.367604 0.377082 0.401021 0.384181 0.395372 0.373331 0.381679 0.39356 0.36958 0.377283 0.353963 0.34329 0.33596 0.330864 0.327787 0.323678 7.495231e-02 0.634
N:13 Run:1 0.327033 0.322666 0.319215 0.337731 0.325861 0.289161 0.306255 0.282526 0.286372 0.281158 0.299719 0.305889 0.299185 0.327831 0.321431 0.324071 0.299562 0.313234 0.30018 0.322906 0.308115 7.495231e-02 0.634
N:13 Run:2 0.324719 0.286327 0.202926 0.177826 0.16058 0.153477 0.154513 0.148635 0.163726 0.196751 0.206313 0.165377 0.310639 0.360514 0.364168 0.358282 0.331071 0.326213 0.325403 0.304462 0.306642 7.495231e-02 0.634
N:13 Run:3 0.323673 0.354637 0.346533 0.31613 0.325743 0.320681 0.31739 0.31128 0.331207 0.298117 0.309801 0.311294 0.317476 0.323746 0.314813 0.304801 0.291876 0.313666 0.307583 0.309836 0.294957 7.495231e-02 0.634
N:13 Run:4 0.278301 0.312422 0.45123 0.472574 0.49035 0.525128 0.592803 0.558347 0.602581 0.522704 0.499951 0.576469 0.409515 0.410214 0.352929 0.357131 0.37338 0.36341 0.344989 0.345663 0.349883 7.495231e-02 0.634
N:13 Run:5 0.339402 0.314785 0.202893 0.184763 0.171097 0.15987 0.151881 0.146048 0.162784 0.181648 0.182989 0.164491 0.308647 0.339608 0.344261 0.315959 0.312679 0.322448 0.312335 0.332768 0.334766 7.495231e-02 0.634
N:13 Run:6 0.411662 0.36344 0.294856 0.299208 0.310275 0.328862 0.318106 0.311655 0.325239 0.322123 0.309319 0.348193 0.371035 0.384641 0.375941 0.369281 0.34814 0.351448 0.324586 0.33499 0.339315 7.495231e-02 0.634
N:13 Run:7 0.380814 0.313568 0.308587 0.311998 0.306827 0.300977 0.322615 0.354439 0.335757 0.330453 0.356296 0.353865 0.409974 0.414732 0.385774 0.364519 0.35722 0.329822 0.347102 0.333306 0.345021 7.495231e-02 0.634
N:13 Run:8 0.369817 0.311376 0.276834 0.250919 0.285764 0.248566 0.253246 0.228204 0.24141 0.268736 0.28805 0.273576 0.302452 0.313388 0.299552 0.302333 0.301688 0.303509 0.308384 0.322697 0.297339 7.495231e-02 0.634
N:13 Run:9 0.262922 0.300728 0.306797 0.30733 0.31915 0.327615 0.346367 0.34857 0.346352 0.349938 0.376029 0.368574 0.380577 0.351155 0.377355 0.354942 0.333626 0.338178 0.33627 0.345607 0.329103 7.495231e-02 0.634
N:14 Run:0 0.335605 0.310459 0.334471 0.348076 0.371773 0.367604 0.377082 0.401021 0.384181 0.395372 0.373331 0.381679 0.39356 0.36958 0.377283 0.353963 0.34329 0.33596 0.330864 0.327787 0.323678 7.995650e-02 0.628
N:14 Run:1 0.327033 0.322666 0.319215 0.337731 0.325861 0.289161 0.306255 0.282526 0.286372 0.281158 0.299719 0.305889 0.299185 0.327831 0.321431 0.324071 0.299562 0.313234 0.30018 0.322906 0.308115 7.995650e-02 0.628
N:14 Run:2 0.324719 0.286327 0.202926 0.177826 0.16058 0.153477 0.154513 0.148635 0.163726 0.196751 0.206313 0.165377 0.310639 0.360514 0.364168 0.358282 0.331071 0.326213 0.325403 0.304462 0.306642 7.995650e-02 0.628
N:14 Run:3 0.323673 0.354637 0.346533 0.31613 0.325743 0.320681 0.31739 0.31128 0.331207 0.298117 0.309801 0.311294 0.317476 0.323746 0.314813 0.304801 0.291876 0.313666 0.307583 0.309836 0.294957 7.995650e-02 0.628
N:14 Run:4 0.278301 0.312422 0.45123 0.472574 0.49035 0.525128 0.592803 0.558347 0.602581 0.522704 0.499951 0.576469 0.409515 0.410214 0.352929 0.357131 0.37338 0.36341 0.344989 0.345663 0.349883 7.995650e-02 0.628
N:14 Run:5 0.339402 0.314785 0.202893 0.184763 0.171097 0.15987 0.151881 0.146048 0.162784 0.181648 0.182989 0.164491 0.308647 0.339608 0.344261 0.315959 0.312679 0.322448 0.312335 0.332768 0.334766 7.995650e-02 0.628
N:14 Run:6 0.411662 0.36344 0.294856 0.299208 0.310275 0.328862 0.318106 0.311655 0.325239 0.322123 0.309319 0.348193 0.371035 0.384641 0.375941 0.369281 0.34814 0.351448 0.324586 0.33499 0.339315 7.995650e-02 0.628
N:14 Run:7 0.380814 0.313568 0.308587 0.311998 0.306827 0.300977 0.322615 0.354439 0.335757 0.330453 0.356296 0.353865 0.409974 0.414732 0.385774 0.364519 0.35722 0.329822 0.347102 0.333306 0.345021 7.995650e-02 0.628
N:14 Run:8 0.369817 0.311376 0.276834 0.250919 0.285764 0.248566 0.253246 0.228204 0.24141 0.268736 0.28805 0.273576 0.302452 0.313388 0.299552 0.302333 0.301688 0.303509 0.308384 0.322697 0.297339 7.995650e-02 0.628
N:14 Run:9 0.262922 0.300728 0.306797 0.30733 0.31915 0.327615 0.346367 0.34857 0.346352 0.349938 0.376029 0.368574 0.380577 0.351155 0.377355 0.354942 0.333626 0.338178 0.33627 0.345607 0.329103 7.995650e-02 0.628
N:15 Run:0 0.335605 0.310459 0.334471 0.348076 0.371773 0.367604 0.377082 0.401021 0.384181 0.395372 0.373331 0.381679 0.39356 0.36958 0.377283 0.353963 0.34329 0.33596 0.330864 0.327787 0.323678 7.974313e-02 0.635
N:15 Run:1 0.327033 0.322666 0.319215 0.337731 0.325861 0.289161 0.306255 0.282526 0.286372 0.281158 0.299719 0.305889 0.299185 0.327831 0.321431 0.324071 0.299562 0.313234 0.30018 0.322906 0.308115 7.974313e-02 0.635
N:15 Run:2 0.324719 0.286327 0.202926 0.177826 0.16058 0.153477 0.154513 0.148635 0.163726 0.196751 0.206313 0.165377 0.310639 0.360514 0.364168 0.358282 0.331071 0.326213 0.325403 0.304462 0.306642 7.974313e-02 0.635
N:15 Run:3 0.323673 0.354637 0.346533 0.31613 0.325743 0.320681 0.31739 0.31128 0.331207 0.298117 0.309801 0.311294 0.317476 0.323746 0.314813 0.304801 0.291876 0.313666 0.307583 0.309836 0.294957 7.974313e-02 0.635
N:15 Run:4 0.278301 0.312422 0.45123 0.472574 0.49035 0.525128 0.592803 0.558347 0.602581 0.522704 0.499951 0.576469 0.409515 0.410214 0.352929 0.357131 0.37338 0.36341 0.344989 0.345663 0.349883 7.974313e-02 0.635
N:15 Run:5 0.339402 0.314785 0.202893 0.184763 0.171097 0.15987 0.151881 0.146048 0.162784 0.181648 0.182989 0.164491 0.308647 0.339608 0.344261 0.315959 0.312679 0.322448 0.312335 0.332768 0.334766 7.974313e-02 0.635
N:15 Run:6 0.411662 0.36344 0.294856 0.299208 0.310275 0.328862 0.318106 0.311655 0.325239 0.322123 0.309319 0.348193 0.371035 0.384641 0.375941 0.369281 0.34814 0.351448 0.324586 0.33499 0.339315 7.974313e-02 0.635
N:15 Run:7 0.380814 0.313568 0.308587 0.311998 0.306827 0.300977 0.322615 0.354439 0.335757 0.330453 0.356296 0.353865 0.409974 0.414732 0.385774 0.364519 0.35722 0.329822 0.347102 0.333306 0.345021 7.974313e-02 0.635
N:15 Run:8 0.369817 0.311376 0.276834 0.250919 0.285764 0.248566 0.253246 0.228204 0.24141 0.268736 0.28805 0.273576 0.302452 0.313388 0.299552 0.302333 0.301688 0.303509 0.308384 0.322697 0.297339 7.974313e-02 0.635
N:15 Run:9 0.262922 0.300728 0.306797 0.30733 0.31915 0.327615 0.346367 0.34857 0.346352 0.349938 0.376029 0.368574 0.380577 0.351155 0.377355 0.354942 0.333626 0.338178 0.33627 0.345607 0.329103 7.974313e-02 0.635
N:16 Run:0 0.335605 0.310459 0.334471 0.348076 0.371773 0.367604 0.377082 0.401021 0.384181 0.395372 0.373331 0.381679 0.39356 0.36958 0.377283 0.353963 0.34329 0.33596 0.330864 0.327787 0.323678 8.113612e-02 0.634
N:16 Run:1 0.327033 0.322666 0.319215 0.337731 0.325861 0.289161 0.306255 0.282526 0.286372 0.281158 0.299719 0.305889 0.299185 0.327831 0.321431 0.324071 0.299562 0.313234 0.30018 0.322906 0.308115 8.113612e-02 0.634
N:16 Run:2 0.324719 0.286327 0.202926 0.177826 0.16058 0.153477 0.154513 0.148635 0.163726 0.196751 0.206313 0.165377 0.310639 0.360514 0.364168 0.358282 0.331071 0.326213 0.325403 0.304462 0.306642 8.113612e-02 0.634
N:16 Run:3 0.323673 0.354637 0.346533 0.31613 0.325743 0.320681 0.31739 0.31128 0.331207 0.298117 0.309801 0.311294 0.317476 0.323746 0.314813 0.304801 0.291876 0.313666 0.307583 0.309836 0.294957 8.113612e-02 0.634
N:16 Run:4 0.278301 0.312422 0.45123 0.472574 0.49035 0.525128 0.592803 0.558347 0.602581 0.522704 0.499951 0.576469 0.409515 0.410214 0.352929 0.357131 0.37338 0.36341 0.344989 0.345663 0.349883 8.113612e-02 0.634
N:16 Run:5 0.339402 0.314785 0.202893 0.184763 0.171097 0.15987 0.151881 0.146048 0.162784 0.181648 0.182989 0.164491 0.308647 0.339608 0.344261 0.315959 0.312679 0.322448 0.312335 0.332768 0.334766 8.113612e-02 0.634
N:16 Run:6 0.411662 0.36344 0.294856 0.299208 0.310275 0.328862 0.318106 0.311655 0.325239 0.322123 0.309319 0.348193 0.371035 0.384641 0.375941 0.369281 0.34814 0.351448 0.324586 0.33499 0.339315 8.113612e-02 0.634
N:16 Run:7 0.380814 0.313568 0.308587 0.311998 0.306827 0.300977 0.322615 0.354439 0.335757 0.330453 0.356296 0.353865 0.409974 0.414732 0.385774 0.364519 0.35722 0.329822 0.347102 0.333306 0.345021 8.113612e-02 0.634
N:16 Run:8 0.369817 0.311376 0.276834 0.250919 0.285764 0.248566 0.253246 0.228204 0.24141 0.268736 0.28805 0.273576 0.302452 0.313388 0.299552 0.302333 0.301688 0.303509 0.308384 0.322697 0.297339 8.113612e-02 0.634
N:16 Run:9 0.262922 0.300728 0.306797 0.30733 0.31915 0.327615 0.346367 0.34857 0.346352 0.349938 0.376029 0.368574 0.380577 0.351155 0.377355 0.354942 0.333626 0.338178 0.33627 0.345607 0.329103 8.113612e-02 0.634
N:17 Run:0 0.335605 0.310459 0.334471 0.348076 0.371773 0.367604 0.377082 0.401021 0.384181 0.395372 0.373331 0.381679 0.39356 0.36958 0.377283 0.353963 0.34329 0.33596 0.330864 0.327787 0.323678 8.180465e-02 0.632
N:17 Run:1 0.327033 0.322666 0.319215 0.337731 0.325861 0.289161 0.306255 0.282526 0.286372 0.281158 0.299719 0.305889 0.299185 0.327831 0.321431 0.324071 0.299562 0.313234 0.30018 0.322906 0.308115 8.180465e-02 0.632
N:17 Run:2 0.324719 0.286327 0.202926 0.177826 0.16058 0.153477 0.154513 0.148635 0.163726 0.196751 0.206313 0.165377 0.310639 0.360514 0.364168 0.358282 0.331071 0.326213 0.325403 0.304462 0.306642 8.180465e-02 0.632
N:17 Run:3 0.323673 0.354637 0.346533 0.31613 0.325743 0.320681 0.31739 0.31128 0.331207 0.298117 0.309801 0.311294 0.317476 0.323746 0.314813 0.304801 0.291876 0.313666 0.307583 0.309836 0.294957 8.180465e-02 0.632
N:17 Run:4 0.278301 0.312422 0.45123 0.472574 0.49035 0.525128 0.592803 0.558347 0.602581 0.522704 0.499951 0.576469 0.409515 0.410214 0.352929 0.357131 0.37338 0.36341 0.344989 0.345663 0.349883 8.180465e-02 0.632
N:17 Run:5 0.339402 0.314785 0.202893 0.184763 0.171097 0.15987 0.151881 0.146048 0.162784 0.181648 0.182989 0.164491 0.308647 0.339608 0.344261 0.315959 0.312679 0.322448 0.312335 0.332768 0.334766 8.180465e-02 0.632
N:17 Run:6 0.411662 0.36344 0.294856 0.299208 0.310275 0.328862 0.318106 0.311655 0.325239 0.322123 0.309319 0.348193 0.371035 0.384641 0.375941 0.369281 0.34814 0.351448 0.324586 0.33499 0.339315 8.180465e-02 0.632
N:17 Run:7 0.380814 0.313568 0.308587 0.311998 0.306827 0.300977 0.322615 0.354439 0.335757 0.330453 0.356296 0.353865 0.409974 0.414732 0.385774 0.364519 0.35722 0.329822 0.347102 0.333306 0.345021 8.180465e-02 0.632
N:17 Run:8 0.369817 0.311376 0.276834 0.250919 0.285764 0.248566 0.253246 0.228204 0.24141 0.268736 0.28805 0.273576 0.302452 0.313388 0.299552 0.302333 0.301688 0.303509 0.308384 0.322697 0.297339 8.180465e-02 0.632
N:17 Run:9 0.262922 0.300728 0.306797 0.30733 0.31915 0.327615 0.346367 0.34857 0.346352 0.349938 0.376029 0.368574 0.380577 0.351155 0.377355 0.354942 0.333626 0.338178 0.33627 0.345607 0.329103 8.180465e-02 0.632
N:18 Run:0 0.335605 0.310459 0.334471 0.348076 0.371773 0.367604 0.377082 0.401021 0.384181 0.395372 0.373331 0.381679 0.39356 0.36958 0.377283 0.353963 0.34329 0.33596 0.330864 0.327787 0.323678 7.919868e-02 0.635
N:18 Run:1 0.327033 0.322666 0.319215 0.337731 0.325861 0.289161 0.306255 0.282526 0.286372 0.281158 0.299719 0.305889 0.299185 0.327831 0.321431 0.324071 0.299562 0.313234 0.30018 0.322906 0.308115 7.919868e-02 0.635
N:18 Run:2 0.324719 0.286327 0.202926 0.177826 0.16058 0.153477 0.154513 0.148635 0.163726 0.196751 0.206313 0.165377 0.310639 0.360514 0.364168 0.358282 0.331071 0.326213 0.325403 0.304462 0.306642 7.919868e-02 0.635
N:18 Run:3 0.323673 0.354637 0.346533 0.31613 0.325743 0.320681 0.31739 0.31128 0.331207 0.298117 0.309801 0.311294 0.317476 0.323746 0.314813 0.304801 0.291876 0.313666 0.307583 0.309836 0.294957 7.919868e-02 0.635
N:18 Run:4 0.278301 0.312422 0.45123 0.472574 0.49035 0.525128 0.592803 0.558347 0.602581 0.522704 0.499951 0.576469 0.409515 0.410214 0.352929 0.357131 0.37338 0.36341 0.344989 0.345663 0.349883 7.919868e-02 0.635
N:18 Run:5 0.339402 0.314785 0.202893 0.184763 0.171097 0.15987 0.151881 0.146048 0.162784 0.181648 0.182989 0.164491 0.308647 0.339608 0.344261 0.315959 0.312679 0.322448 0.312335 0.332768 0.334766 7.919868e-02 0.635
N:18 Run:6 0.411662 0.36344 0.294856 0.299208 0.310275 0.328862 0.318106 0.311655 0.325239 0.322123 0.309319 0.348193 0.371035 0.384641 0.375941 0.369281 0.34814 0.351448 0.324586 0.33499 0.339315 7.919868e-02 0.635
N:18 Run:7 0.380814 0.313568 0.308587 0.311998 0.306827 0.300977 0.322615 0.354439 0.335757 0.330453 0.356296 0.353865 0.409974 0.414732 0.385774 0.364519 0.35722 0.329822 0.347102 0.333306 0.345021 7.919868e-02 0.635
N:18 Run:8 0.369817 0.311376 0.276834 0.250919 0.285764 0.248566 0.253246 0.228204 0.24141 0.268736 0.28805 0.273576 0.302452 0.313388 0.299552 0.302333 0.301688 0.303509 0.308384 0.322697 0.297339 7.919868e-02 0.635
N:18 Run:9 0.262922 0.300728 0.306797 0.30733 0.31915 0.327615 0.346367 0.34857 0.346352 0.349938 0.376029 0.368574 0.380577 0.351155 0.377355 0.354942 0.333626 0.338178 0.33627 0.345607 0.329103 7.919868e-02 0.635
N:19 Run:0 0.335605 0.310459 0.334471 0.348076 0.371773 0.367604 0.377082 0.401021 0.384181 0.395372 0.373331 0.381679 0.39356 0.36958 0.377283 0.353963 0.34329 0.33596 0.330864 0.327787 0.323678 7.603782e-02 0.630
N:19 Run:1 0.327033 0.322666 0.319215 0.337731 0.325861 0.289161 0.306255 0.282526 0.286372 0.281158 0.299719 0.305889 0.299185 0.327831 0.321431 0.324071 0.299562 0.313234 0.30018 0.322906 0.308115 7.603782e-02 0.630
N:19 Run:2 0.324719 0.286327 0.202926 0.177826 0.16058 0.153477 0.154513 0.148635 0.163726 0.196751 0.206313 0.165377 0.310639 0.360514 0.364168 0.358282 0.331071 0.326213 0.325403 0.304462 0.306642 7.603782e-02 0.630
N:19 Run:3 0.323673 0.354637 0.346533 0.31613 0.325743 0.320681 0.31739 0.31128 0.331207 0.298117 0.309801 0.311294 0.317476 0.323746 0.314813 0.304801 0.291876 0.313666 0.307583 0.309836 0.294957 7.603782e-02 0.630
N:19 Run:4 0.278301 0.312422 0.45123 0.472574 0.49035 0.525128 0.592803 0.558347 0.602581 0.522704 0.499951 0.576469 0.409515 0.410214 0.352929 0.357131 0.37338 0.36341 0.344989 0.345663 0.349883 7.603782e-02 0.630
N:19 Run:5 0.339402 0.314785 0.202893 0.184763 0.171097 0.15987 0.151881 0.146048 0.162784 0.181648 0.182989 0.164491 0.308647 0.339608 0.344261 0.315959 0.312679 0.322448 0.312335 0.332768 0.334766 7.603782e-02 0.630
N:19 Run:6 0.411662 0.36344 0.294856 0.299208 0.310275 0.328862 0.318106 0.311655 0.325239 0.322123 0.309319 0.348193 0.371035 0.384641 0.375941 0.369281 0.34814 0.351448 0.324586 0.33499 0.339315 7.603782e-02 0.630
N:19 Run:7 0.380814 0.313568 0.308587 0.311998 0.306827 0.300977 0.322615 0.354439 0.335757 0.330453 0.356296 0.353865 0.409974 0.414732 0.385774 0.364519 0.35722 0.329822 0.347102 0.333306 0.345021 7.603782e-02 0.630
N:19 Run:8 0.369817 0.311376 0.276834 0.250919 0.285764 0.248566 0.253246 0.228204 0.24141 0.268736 0.28805 0.273576 0.302452 0.313388 0.299552 0.302333 0.301688 0.303509 0.308384 0.322697 0.297339 7.603782e-02 0.630
N:19 Run:9 0.262922 0.300728 0.306797 0.30733 0.31915 0.327615 0.346367 0.34857 0.346352 0.349938 0.376029 0.368574 0.380577 0.351155 0.377355 0.354942 0.333626 0.338178 0.33627 0.345607 0.329103 7.603782e-02 0.630
N:20 Run:0 0.335605 0.310459 0.334471 0.348076 0.371773 0.367604 0.377082 0.401021 0.384181 0.395372 0.373331 0.381679 0.39356 0.36958 0.377283 0.353963 0.34329 0.33596 0.330864 0.327787 0.323678 7.579985e-02 0.634
N:20 Run:1 0.327033 0.322666 0.319215 0.337731 0.325861 0.289161 0.306255 0.282526 0.286372 0.281158 0.299719 0.305889 0.299185 0.327831 0.321431 0.324071 0.299562 0.313234 0.30018 0.322906 0.308115 7.579985e-02 0.634
N:20 Run:2 0.324719 0.286327 0.202926 0.177826 0.16058 0.153477 0.154513 0.148635 0.163726 0.196751 0.206313 0.165377 0.310639 0.360514 0.364168 0.358282 0.331071 0.326213 0.325403 0.304462 0.306642 7.579985e-02 0.634
N:20 Run:3 0.323673 0.354637 0.346533 0.31613 0.325743 0.320681 0.31739 0.31128 0.331207 0.298117 0.309801 0.311294 0.317476 0.323746 0.314813 0.304801 0.291876 0.313666 0.307583 0.309836 0.294957 7.579985e-02 0.634
N:20 Run:4 0.278301 0.312422 0.45123 0.472574 0.49035 0.525128 0.592803 0.558347 0.602581 0.522704 0.499951 0.576469 0.409515 0.410214 0.352929 0.357131 0.37338 0.36341 0.344989 0.345663 0.349883 7.579985e-02 0.634
N:20 Run:5 0.339402 0.314785 0.202893 0.184763 0.171097 0.15987 0.151881 0.146048 0.162784 0.181648 0.182989 0.164491 0.308647 0.339608 0.344261 0.315959 0.312679 0.322448 0.312335 0.332768 0.334766 7.579985e-02 0.634
N:20 Run:6 0.411662 0.36344 0.294856 0.299208 0.310275 0.328862 0.318106 0.311655 0.325239 0.322123 0.309319 0.348193 0.371035 0.384641 0.375941 0.369281 0.34814 0.351448 0.324586 0.33499 0.339315 7.579985e-02 0.634
N:20 Run:7 0.380814 0.313568 0.308587 0.311998 0.306827 0.300977 0.322615 0.354439 0.335757 0.330453 0.356296 0.353865 0.409974 0.414732 0.385774 0.364519 0.35722 0.329822 0.347102 0.333306 0.345021 7.579985e-02 0.634
N:20 Run:8 0.369817 0.311376 0.276834 0.250919 0.285764 0.248566 0.253246 0.228204 0.24141 0.268736 0.28805 0.273576 0.302452 0.313388 0.299552 0.302333 0.301688 0.303509 0.308384 0.322697 0.297339 7.579985e-02 0.634
N:20 Run:9 0.262922 0.300728 0.306797 0.30733 0.31915 0.327615 0.346367 0.34857 0.346352 0.349938 0.376029 0.368574 0.380577 0.351155 0.377355 0.354942 0.333626 0.338178 0.33627 0.345607 0.329103 7.579985e-02 0.634
N:21 Run:0 0.335605 0.310459 0.334471 0.348076 0.371773 0.367604 0.377082 0.401021 0.384181 0.395372 0.373331 0.381679 0.39356 0.36958 0.377283 0.353963 0.34329 0.33596 0.330864 0.327787 0.323678 7.948597e-02 0.634
N:21 Run:1 0.327033 0.322666 0.319215 0.337731 0.325861 0.289161 0.306255 0.282526 0.286372 0.281158 0.299719 0.305889 0.299185 0.327831 0.321431 0.324071 0.299562 0.313234 0.30018 0.322906 0.308115 7.948597e-02 0.634
N:21 Run:2 0.324719 0.286327 0.202926 0.177826 0.16058 0.153477 0.154513 0.148635 0.163726 0.196751 0.206313 0.165377 0.310639 0.360514 0.364168 0.358282 0.331071 0.326213 0.325403 0.304462 0.306642 7.948597e-02 0.634
N:21 Run:3 0.323673 0.354637 0.346533 0.31613 0.325743 0.320681 0.31739 0.31128 0.331207 0.298117 0.309801 0.311294 0.317476 0.323746 0.314813 0.304801 0.291876 0.313666 0.307583 0.309836 0.294957 7.948597e-02 0.634
N:21 Run:4 0.278301 0.312422 0.45123 0.472574 0.49035 0.525128 0.592803 0.558347 0.602581 0.522704 0.499951 0.576469 0.409515 0.410214 0.352929 0.357131 0.37338 0.36341 0.344989 0.345663 0.349883 7.948597e-02 0.634
N:21 Run:5 0.339402 0.314785 0.202893 0.184763 0.171097 0.15987 0.151881 0.146048 0.162784 0.181648 0.182989 0.164491 0.308647 0.339608 0.344261 0.315959 0.312679 0.322448 0.312335 0.332768 0.334766 7.948597e-02 0.634
N:21 Run:6 0.411662 0.36344 0.294856 0.299208 0.310275 0.328862 0.318106 0.311655 0.325239 0.322123 0.309319 0.348193 0.371035 0.384641 0.375941 0.369281 0.34814 0.351448 0.324586 0.33499 0.339315 7.948597e-02 0.634
N:21 Run:7 0.380814 0.313568 0.308587 0.311998 0.306827 0.300977 0.322615 0.354439 0.335757 0.330453 0.356296 0.353865 0.409974 0.414732 0.385774 0.364519 0.35722 0.329822 0.347102 0.333306 0.345021 7.948597e-02 0.634
N:21 Run:8 0.369817 0.311376 0.276834 0.250919 0.285764 0.248566 0.253246 0.228204 0.24141 0.268736 0.28805 0.273576 0.302452 0.313388 0.299552 0.302333 0.301688 0.303509 0.308384 0.322697 0.297339 7.948597e-02 0.634
N:21 Run:9 0.262922 0.300728 0.306797 0.30733 0.31915 0.327615 0.346367 0.34857 0.346352 0.349938 0.376029 0.368574 0.380577 0.351155 0.377355 0.354942 0.333626 0.338178 0.33627 0.345607 0.329103 7.948597e-02 0.634
N:22 Run:0 0.335605 0.313823 0.335264 0.353369 0.380511 0.376333 0.3848 0.402703 0.393217 0.400135 0.380967 0.389336 0.38813 0.368044 0.373438 0.353816 0.344844 0.333676 0.33105 0.327997 0.324756 7.439060e-02 0.633
N:22 Run:1 0.327033 0.323704 0.317035 0.336996 0.328205 0.293172 0.304288 0.286337 0.288115 0.285901 0.300665 0.306311 0.300093 0.325837 0.323556 0.320347 0.300944 0.313336 0.306194 0.319355 0.308986 7.439060e-02 0.633
N:22 Run:2 0.324719 0.288842 0.211939 0.181869 0.16177 0.149298 0.150273 0.144844 0.159572 0.194018 0.204106 0.162304 0.296328 0.347354 0.35407 0.356461 0.331793 0.323736 0.325347 0.308115 0.30929 7.439060e-02 0.633
N:22 Run:3 0.323673 0.345942 0.343411 0.319624 0.325647 0.319646 0.318844 0.311884 0.330921 0.303045 0.311499 0.312412 0.316251 0.32104 0.314976 0.306797 0.297233 0.315119 0.305426 0.30828 0.29663 7.439060e-02 0.633
N:22 Run:4 0.278301 0.307853 0.439875 0.475094 0.496414 0.523518 0.56956 0.547444 0.575851 0.52275 0.504437 0.559811 0.418682 0.40725 0.357545 0.355579 0.368508 0.357138 0.343795 0.346492 0.34572 7.439060e-02 0.633
N:22 Run:5 0.339402 0.316731 0.213461 0.192525 0.175686 0.158612 0.145159 0.138158 0.158209 0.178674 0.18448 0.163913 0.30033 0.335358 0.340257 0.316482 0.313546 0.319962 0.308983 0.32949 0.33421 7.439060e-02 0.633
N:22 Run:6 0.411662 0.367336 0.304999 0.306303 0.316285 0.332387 0.322004 0.313272 0.326311 0.324004 0.31279 0.344858 0.363813 0.37818 0.372705 0.365842 0.345667 0.346988 0.324959 0.335643 0.338884 7.439060e-02 0.633
N:22 Run:7 0.380814 0.320075 0.312547 0.31624 0.314553 0.305416 0.326221 0.34893 0.336934 0.334315 0.351819 0.355126 0.397648 0.401035 0.3765 0.362887 0.357495 0.335685 0.344708 0.33282 0.341803 7.439060e-02 0.633
N:22 Run:8 0.369817 0.318289 0.279474 0.24192 0.260582 0.235492 0.236721 0.217106 0.229151 0.246207 0.264924 0.253942 0.297417 0.31184 0.300182 0.302552 0.302593 0.304791 0.307984 0.323148 0.299593 7.439060e-02 0.633
N:22 Run:9 0.262922 0.298836 0.307469 0.30857 0.316178 0.328432 0.340062 0.34385 0.345376 0.348486 0.369748 0.361045 0.375505 0.353839 0.36955 0.353526 0.333988 0.339627 0.335933 0.344621 0.333623 7.439060e-02 0.633
N:23 Run:0 0.335605 0.313823 0.335264 0.353369 0.380511 0.376333 0.3848 0.402703 0.393217 0.400135 0.380967 0.389336 0.38813 0.368044 0.373438 0.353816 0.344844 0.333676 0.33105 0.327997 0.324756 7.612515e-02 0.634
N:23 Run:1 0.327033 0.323704 0.317035 0.336996 0.328205 0.293172 0.304288 0.286337 0.288115 0.285901 0.300665 0.306311 0.300093 0.325837 0.323556 0.320347 0.300944 0.313336 0.306194 0.319355 0.308986 7.612515e-02 0.634
N:23 Run:2 0.324719 0.288842 0.211939 0.181869 0.16177 0.149298 0.150273 0.144844 0.159572 0.194018 0.204106 0.162304 0.296328 0.347354 0.35407 0.356461 0.331793 0.323736 0.325347 0.308115 0.30929 7.612515e-02 0.634
N:23 Run:3 0.323673 0.345942 0.343411 0.319624 0.325647 0.319646 0.318844 0.311884 0.330921 0.303045 0.311499 0.312412 0.316251 0.32104 0.314976 0.306797 0.297233 0.315119 0.305426 0.30828 0.29663 7.612515e-02 0.634
N:23 Run:4 0.278301 0.307853 0.439875 0.475094 0.496414 0.523518 0.56956 0.547444 0.575851 0.52275 0.504437 0.559811 0.418682 0.40725 0.357545 0.355579 0.368508 0.357138 0.343795 0.346492 0.34572 7.612515e-02 0.634
N:23 Run:5 0.339402 0.316731 0.213461 0.192525 0.175686 0.158612 0.145159 0.138158 0.158209 0.178674 0.18448 0.163913 0.30033 0.335358 0.340257 0.316482 0.313546 0.319962 0.308983 0.32949 0.33421 7.612515e-02 0.634
N:23 Run:6 0.411662 0.367336 0.304999 0.306303 0.316285 0.332387 0.322004 0.313272 0.326311 0.324004 0.31279 0.344858 0.363813 0.37818 0.372705 0.365842 0.345667 0.346988 0.324959 0.335643 0.338884 7.612515e-02 0.634
N:23 Run:7 0.380814 0.320075 0.312547 0.31624 0.314553 0.305416 0.326221 0.34893 0.336934 0.334315 0.351819 0.355126 0.397648 0.401035 0.3765 0.362887 0.357495 0.335685 0.344708 0.33282 0.341803 7.612515e-02 0.634
N:23 Run:8 0.369817 0.318289 0.279474 0.24192 0.260582 0.235492 0.236721 0.217106 0.229151 0.246207 0.264924 0.253942 0.297417 0.31184 0.300182 0.302552 0.302593 0.304791 0.307984 0.323148 0.299593 7.612515e-02 0.634
N:23 Run:9 0.262922 0.298836 0.307469 0.30857 0.316178 0.328432 0.340062 0.34385 0.345376 0.348486 0.369748 0.361045 0.375505 0.353839 0.36955 0.353526 0.333988 0.339627 0.335933 0.344621 0.333623 7.612515e-02 0.634
N:24 Run:0 0.335605 0.313823 0.335264 0.353369 0.380511 0.376333 0.3848 0.402703 0.393217 0.400135 0.380967 0.389336 0.38813 0.368044 0.373438 0.353816 0.344844 0.333676 0.33105 0.327997 0.324756 7.934637e-02 0.635
N:24 Run:1 0.327033 0.323704 0.317035 0.336996 0.328205 0.293172 0.304288 0.286337 0.288115 0.285901 0.300665 0.306311 0.300093 0.325837 0.323556 0.320347 0.300944 0.313336 0.306194 0.319355 0.308986 7.934637e-02 0.635
N:24 Run:2 0.324719 0.288842 0.211939 0.181869 0.16177 0.149298 0.150273 0.144844 0.159572 0.194018 0.204106 0.162304 0.296328 0.347354 0.35407 0.356461 0.331793 0.323736 0.325347 0.308115 0.30929 7.934637e-02 0.635
N:24 Run:3 0.323673 0.345942 0.343411 0.319624 0.325647 0.319646 0.318844 0.311884 0.330921 0.303045 0.311499 0.312412 0.316251 0.32104 0.314976 0.306797 0.297233 0.315119 0.305426 0.30828 0.29663 7.934637e-02 0.635
N:24 Run:4 0.278301 0.307853 0.439875 0.475094 0.496414 0.523518 0.56956 0.547444 0.575851 0.52275 0.504437 0.559811 0.418682 0.40725 0.357545 0.355579 0.368508 0.357138 0.343795 0.346492 0.34572 7.934637e-02 0.635
N:24 Run:5 0.339402 0.316731 0.213461 0.192525 0.175686 0.158612 0.145159 0.138158 0.158209 0.178674 0.18448 0.163913 0.30033 0.335358 0.340257 0.316482 0.313546 0.319962 0.308983 0.32949 0.33421 7.934637e-02 0.635
N:24 Run:6 0.411662 0.367336 0.304999 0.306303 0.316285 0.332387 0.322004 0.313272 0.326311 0.324004 0.31279 0.344858 0.363813 0.37818 0.372705 0.365842 0.345667 0.346988 0.324959 0.335643 0.338884 7.934637e-02 0.635
N:24 Run:7 0.380814 0.320075 0.312547 0.31624 0.314553 0.305416 0.326221 0.34893 0.336934 0.334315 0.351819 0.355126 0.397648 0.401035 0.3765 0.362887 0.357495 0.335685 0.344708 0.33282 0.341803 7.934637e-02 0.635
N:24 Run:8 0.369817 0.318289 0.279474 0.24192 0.260582 0.235492 0.236721 0.217106 0.229151 0.246207 0.264924 0.253942 0.297417 0.31184 0.300182 0.302552 0.302593 0.304791 0.307984 0.323148 0.299593 7.934637e-02 0.635
N:24 Run:9 0.262922 0.298836 0.307469 0.30857 0.316178 0.328432 0.340062 0.34385 0.345376 0.348486 0.369748 0.361045 0.375505 0.353839 0.36955 0.353526 0.333988 0.339627 0.335933 0.344621 0.333623 7.934637e-02 0.635
N:25 Run:0 0.335605 0.313823 0.335264 0.353369 0.380511 0.376333 0.3848 0.402703 0.393217 0.400135 0.380967 0.389336 0.38813 0.368044 0.373438 0.353816 0.344844 0.333676 0.33105 0.327997 0.324756 7.627697e-02 0.631
N:25 Run:1 0.327033 0.323704 0.317035 0.336996 0.328205 0.293172 0.304288 0.286337 0.288115 0.285901 0.300665 0.306311 0.300093 0.325837 0.323556 0.320347 0.300944 0.313336 0.306194 0.319355 0.308986 7.627697e-02 0.631
N:25 Run:2 0.324719 0.288842 0.211939 0.181869 0.16177 0.149298 0.150273 0.144844 0.159572 0.194018 0.204106 0.162304 0.296328 0.347354 0.35407 0.356461 0.331793 0.323736 0.325347 0.308115 0.30929 7.627697e-02 0.631
N:25 Run:3 0.323673 0.345942 0.343411 0.319624 0.325647 0.319646 0.318844 0.311884 0.330921 0.303045 0.311499 0.312412 0.316251 0.32104 0.314976 0.306797 0.297233 0.315119 0.305426 0.30828 0.29663 7.627697e-02 0.631
N:25 Run:4 0.278301 0.307853 0.439875 0.475094 0.496414 0.523518 0.56956 0.547444 0.575851 0.52275 0.504437 0.559811 0.418682 0.40725 0.357545 0.355579 0.368508 0.357138 0.343795 0.346492 0.34572 7.627697e-02 0.631
N:25 Run:5 0.339402 0.316731 0.213461 0.192525 0.175686 0.158612 0.145159 0.138158 0.158209 0.178674 0.18448 0.163913 0.30033 0.335358 0.340257 0.316482 0.313546 0.319962 0.308983 0.32949 0.33421 7.627697e-02 0.631
N:25 Run:6 0.411662 0.367336 0.304999 0.306303 0.316285 0.332387 0.322004 0.313272 0.326311 0.324004 0.31279 0.344858 0.363813 0.37818 0.372705 0.365842 0.345667 0.346988 0.324959 0.335643 0.338884 7.627697e-02 0.631
N:25 Run:7 0.380814 0.320075 0.312547 0.31624 0.314553 0.305416 0.326221 0.34893 0.336934 0.334315 0.351819 0.355126 0.397648 0.401035 0.3765 0.362887 0.357495 0.335685 0.344708 0.33282 0.341803 7.627697e-02 0.631
N:25 Run:8 0.369817 0.318289 0.279474 0.24192 0.260582 0.235492 0.236721 0.217106 0.229151 0.246207 0.264924 0.253942 0.297417 0.31184 0.300182 0.302552 0.302593 0.304791 0.307984 0.323148 0.299593 7.627697e-02 0.631
N:25 Run:9 0.262922 0.298836 0.307469 0.30857 0.316178 0.328432 0.340062 0.34385 0.345376 0.348486 0.369748 0.361045 0.375505 0.353839 0.36955 0.353526 0.333988 0.339627 0.335933 0.344621 0.333623 7.627697e-02 0.631
N:26 Run:0 0.335605 0.313823 0.335264 0.353369 0.380511 0.376333 0.3848 0.402703 0.393217 0.400135 0.380967 0.389336 0.38813 0.368044 0.373438 0.353816 0.344844 0.333676 0.33105 0.327997 0.324756 7.922367e-02 0.636
N:26 Run:1 0.327033 0.323704 0.317035 0.336996 0.328205 0.293172 0.304288 0.286337 0.288115 0.285901 0.300665 0.306311 0.300093 0.325837 0.323556 0.320347 0.300944 0.313336 0.306194 0.319355 0.308986 7.922367e-02 0.636
N:26 Run:2 0.324719 0.288842 0.211939 0.181869 0.16177 0.149298 0.150273 0.144844 0.159572 0.194018 0.204106 0.162304 0.296328 0.347354 0.35407 0.356461 0.331793 0.323736 0.325347 0.308115 0.30929 7.922367e-02 0.636
N:26 Run:3 0.323673 0.345942 0.343411 0.319624 0.325647 0.319646 0.318844 0.311884 0.330921 0.303045 0.311499 0.312412 0.316251 0.32104 0.314976 0.306797 0.297233 0.315119 0.305426 0.30828 0.29663 7.922367e-02 0.636
N:26 Run:4 0.278301 0.307853 0.439875 0.475094 0.496414 0.523518 0.56956 0.547444 0.575851 0.52275 0.504437 0.559811 0.418682 0.40725 0.357545 0.355579 0.368508 0.357138 0.343795 0.346492 0.34572 7.922367e-02 0.636
N:26 Run:5 0.339402 0.316731 0.213461 0.192525 0.175686 0.158612 0.145159 0.138158 0.158209 0.178674 0.18448 0.163913 0.30033 0.335358 0.340257 0.316482 0.313546 0.319962 0.308983 0.32949 0.33421 7.922367e-02 0.636
N:26 Run:6 0.411662 0.367336 0.304999 0.306303 0.316285 0.332387 0.322004 0.313272 0.326311 0.324004 0.31279 0.344858 0.363813 0.37818 0.372705 0.365842 0.345667 0.346988 0.324959 0.335643 0.338884 7.922367e-02 0.636
N:26 Run:7 0.380814 0.320075 0.312547 0.31624 0.314553 0.305416 0.326221 0.34893 0.336934 0.334315 0.351819 0.355126 0.397648 0.401035 0.3765 0.362887 0.357495 0.335685 0.344708 0.33282 0.341803 7.922367e-02 0.636
N:26 Run:8 0.369817 0.318289 0.279474 0.24192 0.260582 0.235492 0.236721 0.217106 0.229151 0.246207 0.264924 0.253942 0.297417 0.31184 0.300182 0.302552 0.302593 0.304791 0.307984 0.323148 0.299593 7.922367e-02 0.636
N:26 Run:9 0.262922 0.298836 0.307469 0.30857 0.316178 0.328432 0.340062 0.34385 0.345376 0.348486 0.369748 0.361045 0.375505 0.353839 0.36955 0.353526 0.333988 0.339627 0.335933 0.344621 0.333623 7.922367e-02 0.636
N:27 Run:0 0.335605 0.313823 0.335264 0.353369 0.380511 0.376333 0.3848 0.402703 0.393217 0.400135 0.380967 0.389336 0.38813 0.368044 0.373438 0.353816 0.344844 0.333676 0.33105 0.327997 0.324756 7.710475e-02 0.630
N:27 Run:1 0.327033 0.323704 0.317035 0.336996 0.328205 0.293172 0.304288 0.286337 0.288115 0.285901 0.300665 0.306311 0.300093 0.325837 0.323556 0.320347 0.300944 0.313336 0.306194 0.319355 0.308986 7.710475e-02 0.630
N:27 Run:2 0.324719 0.288842 0.211939 0.181869 0.16177 0.149298 0.150273 0.144844 0.159572 0.194018 0.204106 0.162304 0.296328 0.347354 0.35407 0.356461 0.331793 0.323736 0.325347 0.308115 0.30929 7.710475e-02 0.630
N:27 Run:3 0.323673 0.345942 0.343411 0.319624 0.325647 0.319646 0.318844 0.311884 0.330921 0.303045 0.311499 0.312412 0.316251 0.32104 0.314976 0.306797 0.297233 0.315119 0.305426 0.30828 0.29663 7.710475e-02 0.630
N:27 Run:4 0.278301 0.307853 0.439875 0.475094 0.496414 0.523518 0.56956 0.547444 0.575851 0.52275 0.504437 0.559811 0.418682 0.40725 0.357545 0.355579 0.368508 0.357138 0.343795 0.346492 0.34572 7.710475e-02 0.630
N:27 Run:5 0.339402 0.316731 0.213461 0.192525 0.175686 0.158612 0.145159 0.138158 0.158209 0.178674 0.18448 0.163913 0.30033 0.335358 0.340257 0.316482 0.313546 0.319962 0.308983 0.32949 0.33421 7.710475e-02 0.630
N:27 Run:6 0.411662 0.367336 0.304999 0.306303 0.316285 0.332387 0.322004 0.313272 0.326311 0.324004 0.31279 0.344858 0.363813 0.37818 0.372705 0.365842 0.345667 0.346988 0.324959 0.335643 0.338884 7.710475e-02 0.630
N:27 Run:7 0.380814 0.320075 0.312547 0.31624 0.314553 0.305416 0.326221 0.34893 0.336934 0.334315 0.351819 0.355126 0.397648 0.401035 0.3765 0.362887 0.357495 0.335685 0.344708 0.33282 0.341803 7.710475e-02 0.630
N:27 Run:8 0.369817 0.318289 0.279474 0.24192 0.260582 0.235492 0.236721 0.217106 0.229151 0.246207 0.264924 0.253942 0.297417 0.31184 0.300182 0.302552 0.302593 0.304791 0.307984 0.323148 0.299593 7.710475e-02 0.630
N:27 Run:9 0.262922 0.298836 0.307469 0.30857 0.316178 0.328432 0.340062 0.34385 0.345376 0.348486 0.369748 0.361045 0.375505 0.353839 0.36955 0.353526 0.333988 0.339627 0.335933 0.344621 0.333623 7.710475e-02 0.630
N:28 Run:0 0.335605 0.313823 0.335264 0.353369 0.380511 0.376333 0.3848 0.402703 0.393217 0.400135 0.380967 0.389336 0.38813 0.368044 0.373438 0.353816 0.344844 0.333676 0.33105 0.327997 0.324756 7.647824e-02 0.630
N:28 Run:1 0.327033 0.323704 0.317035 0.336996 0.328205 0.293172 0.304288 0.286337 0.288115 0.285901 0.300665 0.306311 0.300093 0.325837 0.323556 0.320347 0.300944 0.313336 0.306194 0.319355 0.308986 7.647824e-02 0.630
N:28 Run:2 0.324719 0.288842 0.211939 0.181869 0.16177 0.149298 0.150273 0.144844 0.159572 0.194018 0.204106 0.162304 0.296328 0.347354 0.35407 0.356461 0.331793 0.323736 0.325347 0.308115 0.30929 7.647824e-02 0.630
N:28 Run:3 0.323673 0.345942 0.343411 0.319624 0.325647 0.319646 0.318844 0.311884 0.330921 0.303045 0.311499 0.312412 0.316251 0.32104 0.314976 0.306797 0.297233 0.315119 0.305426 0.30828 0.29663 7.647824e-02 0.630
N:28 Run:4 0.278301 0.307853 0.439875 0.475094 0.496414 0.523518 0.56956 0.547444 0.575851 0.52275 0.504437 0.559811 0.418682 0.40725 0.357545 0.355579 0.368508 0.357138 0.343795 0.346492 0.34572 7.647824e-02 0.630
N:28 Run:5 0.339402 0.316731 0.213461 0.192525 0.175686 0.158612 0.145159 0.138158 0.158209 0.178674 0.18448 0.163913 0.30033 0.335358 0.340257 0.316482 0.313546 0.319962 0.308983 0.32949 0.33421 7.647824e-02 0.630
N:28 Run:6 0.411662 0.367336 0.304999 0.306303 0.316285 0.332387 0.322004 0.313272 0.326311 0.324004 0.31279 0.344858 0.363813 0.37818 0.372705 0.365842 0.345667 0.346988 0.324959 0.335643 0.338884 7.647824e-02 0.630
N:28 Run:7 0.380814 0.320075 0.312547 0.31624 0.314553 0.305416 0.326221 0.34893 0.336934 0.334315 0.351819 0.355126 0.397648 0.401035 0.3765 0.362887 0.357495 0.335685 0.344708 0.33282 0.341803 7.647824e-02 0.630
N:28 Run:8 0.369817 0.318289 0.279474 0.24192 0.260582 0.235492 0.236721 0.217106 0.229151 0.246207 0.264924 0.253942 0.297417 0.31184 0.300182 0.302552 0.302593 0.304791 0.307984 0.323148 0.299593 7.647824e-02 0.630
N:28 Run:9 0.262922 0.298836 0.307469 0.30857 0.316178 0.328432 0.340062 0.34385 0.345376 0.348486 0.369748 0.361045 0.375505 0.353839 0.36955 0.353526 0.333988 0.339627 0.335933 0.344621 0.333623 7.647824e-02 0.630
N:29 Run:0 0.335605 0.313823 0.335264 0.353369 0.380511 0.376333 0.3848 0.402703 0.393217 0.400135 0.380967 0.389336 0.38813 0.368044 0.373438 0.353816 0.344844 0.333676 0.33105 0.327997 0.324756 7.677644e-02 0.637
N:29 Run:1 0.327033 0.323704 0.317035 0.336996 0.328205 0.293172 0.304288 0.286337 0.288115 0.285901 0.300665 0.306311 0.300093 0.325837 0.323556 0.320347 0.300944 0.313336 0.306194 0.319355 0.308986 7.677644e-02 0.637
N:29 Run:2 0.324719 0.288842 0.211939 0.181869 0.16177 0.149298 0.150273 0.144844 0.159572 0.194018 0.204106 0.162304 0.296328 0.347354 0.35407 0.356461 0.331793 0.323736 0.325347 0.308115 0.30929 7.677644e-02 0.637
N:29 Run:3 0.323673 0.345942 0.343411 0.319624 0.325647 0.319646 0.318844 0.311884 0.330921 0.303045 0.311499 0.312412 0.316251 0.32104 0.314976 0.306797 0.297233 0.315119 0.305426 0.30828 0.29663 7.677644e-02 0.637
N:29 Run:4 0.278301 0.307853 0.439875 0.475094 0.496414 0.523518 0.56956 0.547444 0.575851 0.52275 0.504437 0.559811 0.418682 0.40725 0.357545 0.355579 0.368508 0.357138 0.343795 0.346492 0.34572 7.677644e-02 0.637
N:29 Run:5 0.339402 0.316731 0.213461 0.192525 0.175686 0.158612 0.145159 0.138158 0.158209 0.178674 0.18448 0.163913 0.30033 0.335358 0.340257 0.316482 0.313546 0.319962 0.308983 0.32949 0.33421 7.677644e-02 0.637
N:29 Run:6 0.411662 0.367336 0.304999 0.306303 0.316285 0.332387 0.322004 0.313272 0.326311 0.324004 0.31279 0.344858 0.363813 0.37818 0.372705 0.365842 0.345667 0.346988 0.324959 0.335643 0.338884 7.677644e-02 0.637
N:29 Run:7 0.380814 0.320075 0.312547 0.31624 0.314553 0.305416 0.326221 0.34893 0.336934 0.334315 0.351819 0.355126 0.397648 0.401035 0.3765 0.362887 0.357495 0.335685 0.344708 0.33282 0.341803 7.677644e-02 0.637
N:29 Run:8 0.369817 0.318289 0.279474 0.24192 0.260582 0.235492 0.236721 0.217106 0.229151 0.246207 0.264924 0.253942 0.297417 0.31184 0.300182 0.302552 0.302593 0.304791 0.307984 0.323148 0.299593 7.677644e-02 0.637
N:29 Run:9 0.262922 0.298836 0.307469 0.30857 0.316178 0.328432 0.340062 0.34385 0.345376 0.348486 0.369748 0.361045 0.375505 0.353839 0.36955 0.353526 0.333988 0.339627 0.335933 0.344621 0.333623 7.677644e-02 0.637
