Seed:1578645641
N:0 Run:0 0.118358 0.119932 0.199906 0.139211 0.203562 0.255992 0.175939 0.153452 0.315359 0.188522 0.216842 0.19576 0.158946 0.0992388 0.0853872 0.102853 0.0825503 0.115358 0.133873 0.0895738 0.0900561 1.150451e-01 0.920
N:0 Run:1 0.066213 0.125014 0.104439 0.0958482 0.104597 0.100223 0.126435 0.114842 0.127856 0.121696 0.113572 0.0842207 0.0640128 0.1214 0.0910749 0.0788174 0.0713043 0.0720057 0.0794684 0.109228 0.0881266 1.150451e-01 0.920
N:0 Run:2 0.0622961 0.100593 0.370198 0.494418 0.543777 0.523612 0.481869 0.465221 0.517879 0.61517 0.645192 0.484766 0.313503 0.230122 0.204443 0.147057 0.126546 0.107357 0.131453 0.128945 0.103216 1.150451e-01 0.920
N:0 Run:3 0.0874797 0.0964389 0.273085 0.431862 0.465763 0.41264 0.372501 0.499757 0.412463 0.382107 0.431789 0.413272 0.160413 0.115904 0.121034 0.083635 0.0930738 0.0754412 0.0885813 0.0711125 0.0871076 1.150451e-01 0.920
N:0 Run:4 0.0938417 0.0974979 0.202023 0.252895 0.36183 0.344195 0.457901 0.397857 0.405839 0.399726 0.454352 0.375222 0.404025 0.324852 0.171796 0.143699 0.116199 0.129326 0.145757 0.169993 0.176198 1.150451e-01 0.920
N:0 Run:5 0.0771441 0.121591 0.11933 0.107995 0.128182 0.115626 0.152825 0.107834 0.108537 0.0944848 0.107023 0.116391 0.116149 0.127957 0.17421 0.122435 0.091807 0.0910251 0.0883674 0.112084 0.122454 1.150451e-01 0.920
N:0 Run:6 0.100215 0.175357 0.178944 0.213326 0.295619 0.379693 0.353879 0.348826 0.328624 0.379833 0.406575 0.281043 0.308123 0.243099 0.209702 0.137391 0.110643 0.138541 0.0959227 0.0911581 0.107874 1.150451e-01 0.920
N:0 Run:7 0.0907958 0.120534 0.200311 0.333662 0.360649 0.370516 0.434598 0.404511 0.440591 0.449324 0.388049 0.43878 0.205986 0.119444 0.128958 0.116872 0.0969607 0.123693 0.0996181 0.100933 0.128382 1.150451e-01 0.920
N:0 Run:8 0.139198 0.108225 0.0789053 0.101169 0.102806 0.128315 0.0870797 0.0886125 0.0819876 0.0918657 0.0872621 0.13476 0.0901133 0.07428 0.080058 0.0883532 0.0764695 0.0749734 0.0866483 0.157834 0.100122 1.150451e-01 0.920
N:0 Run:9 0.136145 0.0964767 0.113599 0.337519 0.485242 0.522664 0.577125 0.589514 0.565448 0.416266 0.514855 0.583086 0.377795 0.276302 0.209475 0.171814 0.135278 0.11629 0.0967884 0.100038 0.106841 1.150451e-01 0.920
N:1 Run:0 0.118358 0.119932 0.199906 0.139211 0.203562 0.255992 0.175939 0.153452 0.315359 0.188522 0.216842 0.19576 0.158946 0.0992388 0.0853872 0.102853 0.0825503 0.115358 0.133873 0.0895738 0.0900561 1.161738e-01 0.931
N:1 Run:1 0.066213 0.125014 0.104439 0.0958482 0.104597 0.100223 0.126435 0.114842 0.127856 0.121696 0.113572 0.0842207 0.0640128 0.1214 0.0910749 0.0788174 0.0713043 0.0720057 0.0794684 0.109228 0.0881266 1.161738e-01 0.931
N:1 Run:2 0.0622961 0.100593 0.370198 0.494418 0.543777 0.523612 0.481869 0.465221 0.517879 0.61517 0.645192 0.484766 0.313503 0.230122 0.204443 0.147057 0.126546 0.107357 0.131453 0.128945 0.103216 1.161738e-01 0.931
N:1 Run:3 0.0874797 0.0964389 0.273085 0.431862 0.465763 0.41264 0.372501 0.499757 0.412463 0.382107 0.431789 0.413272 0.160413 0.115904 0.121034 0.083635 0.0930738 0.0754412 0.0885813 0.0711125 0.0871076 1.161738e-01 0.931
N:1 Run:4 0.0938417 0.0974979 0.202023 0.252895 0.36183 0.344195 0.457901 0.397857 0.405839 0.399726 0.454352 0.375222 0.404025 0.324852 0.171796 0.143699 0.116199 0.129326 0.145757 0.169993 0.176198 1.161738e-01 0.931
N:1 Run:5 0.0771441 0.121591 0.11933 0.107995 0.128182 0.115626 0.152825 0.107834 0.108537 0.0944848 0.107023 0.116391 0.116149 0.127957 0.17421 0.122435 0.091807 0.0910251 0.0883674 0.112084 0.122454 1.161738e-01 0.931
N:1 Run:6 0.100215 0.175357 0.178944 0.213326 0.295619 0.379693 0.353879 0.348826 0.328624 0.379833 0.406575 0.281043 0.308123 0.243099 0.209702 0.137391 0.110643 0.138541 0.0959227 0.0911581 0.107874 1.161738e-01 0.931
N:1 Run:7 0.0907958 0.120534 0.200311 0.333662 0.360649 0.370516 0.434598 0.404511 0.440591 0.449324 0.388049 0.43878 0.205986 0.119444 0.128958 0.116872 0.0969607 0.123693 0.0996181 0.100933 0.128382 1.161738e-01 0.931
N:1 Run:8 0.139198 0.108225 0.0789053 0.101169 0.102806 0.128315 0.0870797 0.0886125 0.0819876 0.0918657 0.0872621 0.13476 0.0901133 0.07428 0.080058 0.0883532 0.0764695 0.0749734 0.0866483 0.157834 0.100122 1.161738e-01 0.931
N:1 Run:9 0.136145 0.0964767 0.113599 0.337519 0.485242 0.522664 0.577125 0.589514 0.565448 0.416266 0.514855 0.583086 0.377795 0.276302 0.209475 0.171814 0.135278 0.11629 0.0967884 0.100038 0.106841 1.161738e-01 0.931
N:2 Run:0 0.118358 0.119407 0.20229 0.144426 0.20981 0.26239 0.185519 0.160467 0.31707 0.198987 0.223046 0.204288 0.163954 0.0985972 0.0808986 0.100242 0.0774093 0.113932 0.134024 0.0859039 0.0858359 1.145252e-01 0.924
N:2 Run:1 0.066213 0.124008 0.102947 0.0928334 0.102274 0.0977452 0.125777 0.114453 0.128006 0.121804 0.113246 0.0797014 0.0532367 0.119245 0.087713 0.0728821 0.0631533 0.0639105 0.073047 0.107114 0.0838941 1.145252e-01 0.924
N:2 Run:2 0.0622961 0.0981272 0.36284 0.490542 0.548721 0.528395 0.487959 0.46606 0.522969 0.621106 0.651698 0.492878 0.31948 0.23494 0.207741 0.149293 0.127727 0.106674 0.131066 0.129301 0.10143 1.145252e-01 0.924
N:2 Run:3 0.0874797 0.0936738 0.27203 0.424485 0.459423 0.413593 0.37781 0.491143 0.414832 0.38606 0.432202 0.416614 0.168735 0.117247 0.121114 0.0789341 0.0893672 0.0686163 0.0837621 0.0629595 0.0822353 1.145252e-01 0.924
N:2 Run:4 0.0938417 0.0949595 0.200874 0.252564 0.358973 0.345142 0.455477 0.399654 0.407244 0.399309 0.452468 0.377112 0.40332 0.327133 0.176842 0.145591 0.116385 0.129802 0.146071 0.171288 0.178252 1.145252e-01 0.924
N:2 Run:5 0.0771441 0.120687 0.119233 0.106574 0.1282 0.115343 0.153484 0.106741 0.10707 0.0910963 0.105004 0.115583 0.115781 0.128528 0.174597 0.123858 0.0890121 0.0879562 0.0844499 0.11046 0.122034 1.145252e-01 0.924
N:2 Run:6 0.100215 0.175818 0.180467 0.214439 0.29446 0.376511 0.353968 0.348824 0.329852 0.379827 0.406485 0.28507 0.308584 0.246467 0.212829 0.139541 0.109903 0.138558 0.0937276 0.0877267 0.106324 1.145252e-01 0.924
N:2 Run:7 0.0907958 0.119647 0.202935 0.333518 0.361893 0.371237 0.431683 0.405884 0.437705 0.447452 0.390528 0.437333 0.214278 0.121208 0.129749 0.116742 0.0941432 0.122913 0.0971481 0.0985396 0.127859 1.145252e-01 0.924
N:2 Run:8 0.139198 0.10721 0.0729505 0.098041 0.100515 0.127824 0.0831558 0.0843166 0.0765891 0.0880071 0.0827566 0.134137 0.0864956 0.0671644 0.0739188 0.0838483 0.069808 0.0677275 0.0816876 0.157961 0.0987291 1.145252e-01 0.924
N:2 Run:9 0.136145 0.0944701 0.113369 0.331571 0.474379 0.513847 0.567916 0.579097 0.55664 0.416778 0.50585 0.570554 0.380884 0.280674 0.213586 0.174301 0.136935 0.115902 0.0945407 0.0977691 0.105347 1.145252e-01 0.924
N:3 Run:0 0.118358 0.119407 0.20229 0.144426 0.20981 0.26239 0.185519 0.160467 0.31707 0.198987 0.223046 0.204288 0.163954 0.0985972 0.0808986 0.100242 0.0774093 0.113932 0.134024 0.0859039 0.0858359 1.152509e-01 0.927
N:3 Run:1 0.066213 0.124008 0.102947 0.0928334 0.102274 0.0977452 0.125777 0.114453 0.128006 0.121804 0.113246 0.0797014 0.0532367 0.119245 0.087713 0.0728821 0.0631533 0.0639105 0.073047 0.107114 0.0838941 1.152509e-01 0.927
N:3 Run:2 0.0622961 0.0981272 0.36284 0.490542 0.548721 0.528395 0.487959 0.46606 0.522969 0.621106 0.651698 0.492878 0.31948 0.23494 0.207741 0.149293 0.127727 0.106674 0.131066 0.129301 0.10143 1.152509e-01 0.927
N:3 Run:3 0.0874797 0.0936738 0.27203 0.424485 0.459423 0.413593 0.37781 0.491143 0.414832 0.38606 0.432202 0.416614 0.168735 0.117247 0.121114 0.0789341 0.0893672 0.0686163 0.0837621 0.0629595 0.0822353 1.152509e-01 0.927
N:3 Run:4 0.0938417 0.0949595 0.200874 0.252564 0.358973 0.345142 0.455477 0.399654 0.407244 0.399309 0.452468 0.377112 0.40332 0.327133 0.176842 0.145591 0.116385 0.129802 0.146071 0.171288 0.178252 1.152509e-01 0.927
N:3 Run:5 0.0771441 0.120687 0.119233 0.106574 0.1282 0.115343 0.153484 0.106741 0.10707 0.0910963 0.105004 0.115583 0.115781 0.128528 0.174597 0.123858 0.0890121 0.0879562 0.0844499 0.11046 0.122034 1.152509e-01 0.927
N:3 Run:6 0.100215 0.175818 0.180467 0.214439 0.29446 0.376511 0.353968 0.348824 0.329852 0.379827 0.406485 0.28507 0.308584 0.246467 0.212829 0.139541 0.109903 0.138558 0.0937276 0.0877267 0.106324 1.152509e-01 0.927
N:3 Run:7 0.0907958 0.119647 0.202935 0.333518 0.361893 0.371237 0.431683 0.405884 0.437705 0.447452 0.390528 0.437333 0.214278 0.121208 0.129749 0.116742 0.0941432 0.122913 0.0971481 0.0985396 0.127859 1.152509e-01 0.927
N:3 Run:8 0.139198 0.10721 0.0729505 0.098041 0.100515 0.127824 0.0831558 0.0843166 0.0765891 0.0880071 0.0827566 0.134137 0.0864956 0.0671644 0.0739188 0.0838483 0.069808 0.0677275 0.0816876 0.157961 0.0987291 1.152509e-01 0.927
N:3 Run:9 0.136145 0.0944701 0.113369 0.331571 0.474379 0.513847 0.567916 0.579097 0.55664 0.416778 0.50585 0.570554 0.380884 0.280674 0.213586 0.174301 0.136935 0.115902 0.0945407 0.0977691 0.105347 1.152509e-01 0.927
N:4 Run:0 0.118358 0.119407 0.20229 0.144426 0.20981 0.26239 0.185519 0.160467 0.31707 0.198987 0.223046 0.204288 0.163954 0.0985972 0.0808986 0.100242 0.0774093 0.113932 0.134024 0.0859039 0.0858359 1.146009e-01 0.921
N:4 Run:1 0.066213 0.124008 0.102947 0.0928334 0.102274 0.0977452 0.125777 0.114453 0.128006 0.121804 0.113246 0.0797014 0.0532367 0.119245 0.087713 0.0728821 0.0631533 0.0639105 0.073047 0.107114 0.0838941 1.146009e-01 0.921
N:4 Run:2 0.0622961 0.0981272 0.36284 0.490542 0.548721 0.528395 0.487959 0.46606 0.522969 0.621106 0.651698 0.492878 0.31948 0.23494 0.207741 0.149293 0.127727 0.106674 0.131066 0.129301 0.10143 1.146009e-01 0.921
N:4 Run:3 0.0874797 0.0936738 0.27203 0.424485 0.459423 0.413593 0.37781 0.491143 0.414832 0.38606 0.432202 0.416614 0.168735 0.117247 0.121114 0.0789341 0.0893672 0.0686163 0.0837621 0.0629595 0.0822353 1.146009e-01 0.921
N:4 Run:4 0.0938417 0.0949595 0.200874 0.252564 0.358973 0.345142 0.455477 0.399654 0.407244 0.399309 0.452468 0.377112 0.40332 0.327133 0.176842 0.145591 0.116385 0.129802 0.146071 0.171288 0.178252 1.146009e-01 0.921
N:4 Run:5 0.0771441 0.120687 0.119233 0.106574 0.1282 0.115343 0.153484 0.106741 0.10707 0.0910963 0.105004 0.115583 0.115781 0.128528 0.174597 0.123858 0.0890121 0.0879562 0.0844499 0.11046 0.122034 1.146009e-01 0.921
N:4 Run:6 0.100215 0.175818 0.180467 0.214439 0.29446 0.376511 0.353968 0.348824 0.329852 0.379827 0.406485 0.28507 0.308584 0.246467 0.212829 0.139541 0.109903 0.138558 0.0937276 0.0877267 0.106324 1.146009e-01 0.921
N:4 Run:7 0.0907958 0.119647 0.202935 0.333518 0.361893 0.371237 0.431683 0.405884 0.437705 0.447452 0.390528 0.437333 0.214278 0.121208 0.129749 0.116742 0.0941432 0.122913 0.0971481 0.0985396 0.127859 1.146009e-01 0.921
N:4 Run:8 0.139198 0.10721 0.0729505 0.098041 0.100515 0.127824 0.0831558 0.0843166 0.0765891 0.0880071 0.0827566 0.134137 0.0864956 0.0671644 0.0739188 0.0838483 0.069808 0.0677275 0.0816876 0.157961 0.0987291 1.146009e-01 0.921
N:4 Run:9 0.136145 0.0944701 0.113369 0.331571 0.474379 0.513847 0.567916 0.579097 0.55664 0.416778 0.50585 0.570554 0.380884 0.280674 0.213586 0.174301 0.136935 0.115902 0.0945407 0.0977691 0.105347 1.146009e-01 0.921
N:5 Run:0 0.118358 0.119407 0.20229 0.144426 0.20981 0.26239 0.185519 0.160467 0.31707 0.198987 0.223046 0.204288 0.163954 0.0985972 0.0808986 0.100242 0.0774093 0.113932 0.134024 0.0859039 0.0858359 1.152206e-01 0.925
N:5 Run:1 0.066213 0.124008 0.102947 0.0928334 0.102274 0.0977452 0.125777 0.114453 0.128006 0.121804 0.113246 0.0797014 0.0532367 0.119245 0.087713 0.0728821 0.0631533 0.0639105 0.073047 0.107114 0.0838941 1.152206e-01 0.925
N:5 Run:2 0.0622961 0.0981272 0.36284 0.490542 0.548721 0.528395 0.487959 0.46606 0.522969 0.621106 0.651698 0.492878 0.31948 0.23494 0.207741 0.149293 0.127727 0.106674 0.131066 0.129301 0.10143 1.152206e-01 0.925
N:5 Run:3 0.0874797 0.0936738 0.27203 0.424485 0.459423 0.413593 0.37781 0.491143 0.414832 0.38606 0.432202 0.416614 0.168735 0.117247 0.121114 0.0789341 0.0893672 0.0686163 0.0837621 0.0629595 0.0822353 1.152206e-01 0.925
N:5 Run:4 0.0938417 0.0949595 0.200874 0.252564 0.358973 0.345142 0.455477 0.399654 0.407244 0.399309 0.452468 0.377112 0.40332 0.327133 0.176842 0.145591 0.116385 0.129802 0.146071 0.171288 0.178252 1.152206e-01 0.925
N:5 Run:5 0.0771441 0.120687 0.119233 0.106574 0.1282 0.115343 0.153484 0.106741 0.10707 0.0910963 0.105004 0.115583 0.115781 0.128528 0.174597 0.123858 0.0890121 0.0879562 0.0844499 0.11046 0.122034 1.152206e-01 0.925
N:5 Run:6 0.100215 0.175818 0.180467 0.214439 0.29446 0.376511 0.353968 0.348824 0.329852 0.379827 0.406485 0.28507 0.308584 0.246467 0.212829 0.139541 0.109903 0.138558 0.0937276 0.0877267 0.106324 1.152206e-01 0.925
N:5 Run:7 0.0907958 0.119647 0.202935 0.333518 0.361893 0.371237 0.431683 0.405884 0.437705 0.447452 0.390528 0.437333 0.214278 0.121208 0.129749 0.116742 0.0941432 0.122913 0.0971481 0.0985396 0.127859 1.152206e-01 0.925
N:5 Run:8 0.139198 0.10721 0.0729505 0.098041 0.100515 0.127824 0.0831558 0.0843166 0.0765891 0.0880071 0.0827566 0.134137 0.0864956 0.0671644 0.0739188 0.0838483 0.069808 0.0677275 0.0816876 0.157961 0.0987291 1.152206e-01 0.925
N:5 Run:9 0.136145 0.0944701 0.113369 0.331571 0.474379 0.513847 0.567916 0.579097 0.55664 0.416778 0.50585 0.570554 0.380884 0.280674 0.213586 0.174301 0.136935 0.115902 0.0945407 0.0977691 0.105347 1.152206e-01 0.925
N:6 Run:0 0.118358 0.119407 0.20229 0.144426 0.20981 0.26239 0.185519 0.160467 0.31707 0.198987 0.223046 0.204288 0.163954 0.0985972 0.0808986 0.100242 0.0774093 0.113932 0.134024 0.0859039 0.0858359 1.156847e-01 0.925
N:6 Run:1 0.066213 0.124008 0.102947 0.0928334 0.102274 0.0977452 0.125777 0.114453 0.128006 0.121804 0.113246 0.0797014 0.0532367 0.119245 0.087713 0.0728821 0.0631533 0.0639105 0.073047 0.107114 0.0838941 1.156847e-01 0.925
N:6 Run:2 0.0622961 0.0981272 0.36284 0.490542 0.548721 0.528395 0.487959 0.46606 0.522969 0.621106 0.651698 0.492878 0.31948 0.23494 0.207741 0.149293 0.127727 0.106674 0.131066 0.129301 0.10143 1.156847e-01 0.925
N:6 Run:3 0.0874797 0.0936738 0.27203 0.424485 0.459423 0.413593 0.37781 0.491143 0.414832 0.38606 0.432202 0.416614 0.168735 0.117247 0.121114 0.0789341 0.0893672 0.0686163 0.0837621 0.0629595 0.0822353 1.156847e-01 0.925
N:6 Run:4 0.0938417 0.0949595 0.200874 0.252564 0.358973 0.345142 0.455477 0.399654 0.407244 0.399309 0.452468 0.377112 0.40332 0.327133 0.176842 0.145591 0.116385 0.129802 0.146071 0.171288 0.178252 1.156847e-01 0.925
N:6 Run:5 0.0771441 0.120687 0.119233 0.106574 0.1282 0.115343 0.153484 0.106741 0.10707 0.0910963 0.105004 0.115583 0.115781 0.128528 0.174597 0.123858 0.0890121 0.0879562 0.0844499 0.11046 0.122034 1.156847e-01 0.925
N:6 Run:6 0.100215 0.175818 0.180467 0.214439 0.29446 0.376511 0.353968 0.348824 0.329852 0.379827 0.406485 0.28507 0.308584 0.246467 0.212829 0.139541 0.109903 0.138558 0.0937276 0.0877267 0.106324 1.156847e-01 0.925
N:6 Run:7 0.0907958 0.119647 0.202935 0.333518 0.361893 0.371237 0.431683 0.405884 0.437705 0.447452 0.390528 0.437333 0.214278 0.121208 0.129749 0.116742 0.0941432 0.122913 0.0971481 0.0985396 0.127859 1.156847e-01 0.925
N:6 Run:8 0.139198 0.10721 0.0729505 0.098041 0.100515 0.127824 0.0831558 0.0843166 0.0765891 0.0880071 0.0827566 0.134137 0.0864956 0.0671644 0.0739188 0.0838483 0.069808 0.0677275 0.0816876 0.157961 0.0987291 1.156847e-01 0.925
N:6 Run:9 0.136145 0.0944701 0.113369 0.331571 0.474379 0.513847 0.567916 0.579097 0.55664 0.416778 0.50585 0.570554 0.380884 0.280674 0.213586 0.174301 0.136935 0.115902 0.0945407 0.0977691 0.105347 1.156847e-01 0.925
N:7 Run:0 0.118358 0.119407 0.20229 0.144426 0.20981 0.26239 0.185519 0.160467 0.31707 0.198987 0.223046 0.204288 0.163954 0.0985972 0.0808986 0.100242 0.0774093 0.113932 0.134024 0.0859039 0.0858359 1.149078e-01 0.922
N:7 Run:1 0.066213 0.124008 0.102947 0.0928334 0.102274 0.0977452 0.125777 0.114453 0.128006 0.121804 0.113246 0.0797014 0.0532367 0.119245 0.087713 0.0728821 0.0631533 0.0639105 0.073047 0.107114 0.0838941 1.149078e-01 0.922
N:7 Run:2 0.0622961 0.0981272 0.36284 0.490542 0.548721 0.528395 0.487959 0.46606 0.522969 0.621106 0.651698 0.492878 0.31948 0.23494 0.207741 0.149293 0.127727 0.106674 0.131066 0.129301 0.10143 1.149078e-01 0.922
N:7 Run:3 0.0874797 0.0936738 0.27203 0.424485 0.459423 0.413593 0.37781 0.491143 0.414832 0.38606 0.432202 0.416614 0.168735 0.117247 0.121114 0.0789341 0.0893672 0.0686163 0.0837621 0.0629595 0.0822353 1.149078e-01 0.922
N:7 Run:4 0.0938417 0.0949595 0.200874 0.252564 0.358973 0.345142 0.455477 0.399654 0.407244 0.399309 0.452468 0.377112 0.40332 0.327133 0.176842 0.145591 0.116385 0.129802 0.146071 0.171288 0.178252 1.149078e-01 0.922
N:7 Run:5 0.0771441 0.120687 0.119233 0.106574 0.1282 0.115343 0.153484 0.106741 0.10707 0.0910963 0.105004 0.115583 0.115781 0.128528 0.174597 0.123858 0.0890121 0.0879562 0.0844499 0.11046 0.122034 1.149078e-01 0.922
N:7 Run:6 0.100215 0.175818 0.180467 0.214439 0.29446 0.376511 0.353968 0.348824 0.329852 0.379827 0.406485 0.28507 0.308584 0.246467 0.212829 0.139541 0.109903 0.138558 0.0937276 0.0877267 0.106324 1.149078e-01 0.922
N:7 Run:7 0.0907958 0.119647 0.202935 0.333518 0.361893 0.371237 0.431683 0.405884 0.437705 0.447452 0.390528 0.437333 0.214278 0.121208 0.129749 0.116742 0.0941432 0.122913 0.0971481 0.0985396 0.127859 1.149078e-01 0.922
N:7 Run:8 0.139198 0.10721 0.0729505 0.098041 0.100515 0.127824 0.0831558 0.0843166 0.0765891 0.0880071 0.0827566 0.134137 0.0864956 0.0671644 0.0739188 0.0838483 0.069808 0.0677275 0.0816876 0.157961 0.0987291 1.149078e-01 0.922
N:7 Run:9 0.136145 0.0944701 0.113369 0.331571 0.474379 0.513847 0.567916 0.579097 0.55664 0.416778 0.50585 0.570554 0.380884 0.280674 0.213586 0.174301 0.136935 0.115902 0.0945407 0.0977691 0.105347 1.149078e-01 0.922
N:8 Run:0 0.118358 0.119407 0.20229 0.144426 0.20981 0.26239 0.185519 0.160467 0.31707 0.198987 0.223046 0.204288 0.163954 0.0985972 0.0808986 0.100242 0.0774093 0.113932 0.134024 0.0859039 0.0858359 1.146549e-01 0.924
N:8 Run:1 0.066213 0.124008 0.102947 0.0928334 0.102274 0.0977452 0.125777 0.114453 0.128006 0.121804 0.113246 0.0797014 0.0532367 0.119245 0.087713 0.0728821 0.0631533 0.0639105 0.073047 0.107114 0.0838941 1.146549e-01 0.924
N:8 Run:2 0.0622961 0.0981272 0.36284 0.490542 0.548721 0.528395 0.487959 0.46606 0.522969 0.621106 0.651698 0.492878 0.31948 0.23494 0.207741 0.149293 0.127727 0.106674 0.131066 0.129301 0.10143 1.146549e-01 0.924
N:8 Run:3 0.0874797 0.0936738 0.27203 0.424485 0.459423 0.413593 0.37781 0.491143 0.414832 0.38606 0.432202 0.416614 0.168735 0.117247 0.121114 0.0789341 0.0893672 0.0686163 0.0837621 0.0629595 0.0822353 1.146549e-01 0.924
N:8 Run:4 0.0938417 0.0949595 0.200874 0.252564 0.358973 0.345142 0.455477 0.399654 0.407244 0.399309 0.452468 0.377112 0.40332 0.327133 0.176842 0.145591 0.116385 0.129802 0.146071 0.171288 0.178252 1.146549e-01 0.924
N:8 Run:5 0.0771441 0.120687 0.119233 0.106574 0.1282 0.115343 0.153484 0.106741 0.10707 0.0910963 0.105004 0.115583 0.115781 0.128528 0.174597 0.123858 0.0890121 0.0879562 0.0844499 0.11046 0.122034 1.146549e-01 0.924
N:8 Run:6 0.100215 0.175818 0.180467 0.214439 0.29446 0.376511 0.353968 0.348824 0.329852 0.379827 0.406485 0.28507 0.308584 0.246467 0.212829 0.139541 0.109903 0.138558 0.0937276 0.0877267 0.106324 1.146549e-01 0.924
N:8 Run:7 0.0907958 0.119647 0.202935 0.333518 0.361893 0.371237 0.431683 0.405884 0.437705 0.447452 0.390528 0.437333 0.214278 0.121208 0.129749 0.116742 0.0941432 0.122913 0.0971481 0.0985396 0.127859 1.146549e-01 0.924
N:8 Run:8 0.139198 0.10721 0.0729505 0.098041 0.100515 0.127824 0.0831558 0.0843166 0.0765891 0.0880071 0.0827566 0.134137 0.0864956 0.0671644 0.0739188 0.0838483 0.069808 0.0677275 0.0816876 0.157961 0.0987291 1.146549e-01 0.924
N:8 Run:9 0.136145 0.0944701 0.113369 0.331571 0.474379 0.513847 0.567916 0.579097 0.55664 0.416778 0.50585 0.570554 0.380884 0.280674 0.213586 0.174301 0.136935 0.115902 0.0945407 0.0977691 0.105347 1.146549e-01 0.924
N:9 Run:0 0.118358 0.119407 0.20229 0.144426 0.20981 0.26239 0.185519 0.160467 0.31707 0.198987 0.223046 0.204288 0.163954 0.0985972 0.0808986 0.100242 0.0774093 0.113932 0.134024 0.0859039 0.0858359 1.157621e-01 0.921
N:9 Run:1 0.066213 0.124008 0.102947 0.0928334 0.102274 0.0977452 0.125777 0.114453 0.128006 0.121804 0.113246 0.0797014 0.0532367 0.119245 0.087713 0.0728821 0.0631533 0.0639105 0.073047 0.107114 0.0838941 1.157621e-01 0.921
N:9 Run:2 0.0622961 0.0981272 0.36284 0.490542 0.548721 0.528395 0.487959 0.46606 0.522969 0.621106 0.651698 0.492878 0.31948 0.23494 0.207741 0.149293 0.127727 0.106674 0.131066 0.129301 0.10143 1.157621e-01 0.921
N:9 Run:3 0.0874797 0.0936738 0.27203 0.424485 0.459423 0.413593 0.37781 0.491143 0.414832 0.38606 0.432202 0.416614 0.168735 0.117247 0.121114 0.0789341 0.0893672 0.0686163 0.0837621 0.0629595 0.0822353 1.157621e-01 0.921
N:9 Run:4 0.0938417 0.0949595 0.200874 0.252564 0.358973 0.345142 0.455477 0.399654 0.407244 0.399309 0.452468 0.377112 0.40332 0.327133 0.176842 0.145591 0.116385 0.129802 0.146071 0.171288 0.178252 1.157621e-01 0.921
N:9 Run:5 0.0771441 0.120687 0.119233 0.106574 0.1282 0.115343 0.153484 0.106741 0.10707 0.0910963 0.105004 0.115583 0.115781 0.128528 0.174597 0.123858 0.0890121 0.0879562 0.0844499 0.11046 0.122034 1.157621e-01 0.921
N:9 Run:6 0.100215 0.175818 0.180467 0.214439 0.29446 0.376511 0.353968 0.348824 0.329852 0.379827 0.406485 0.28507 0.308584 0.246467 0.212829 0.139541 0.109903 0.138558 0.0937276 0.0877267 0.106324 1.157621e-01 0.921
N:9 Run:7 0.0907958 0.119647 0.202935 0.333518 0.361893 0.371237 0.431683 0.405884 0.437705 0.447452 0.390528 0.437333 0.214278 0.121208 0.129749 0.116742 0.0941432 0.122913 0.0971481 0.0985396 0.127859 1.157621e-01 0.921
N:9 Run:8 0.139198 0.10721 0.0729505 0.098041 0.100515 0.127824 0.0831558 0.0843166 0.0765891 0.0880071 0.0827566 0.134137 0.0864956 0.0671644 0.0739188 0.0838483 0.069808 0.0677275 0.0816876 0.157961 0.0987291 1.157621e-01 0.921
N:9 Run:9 0.136145 0.0944701 0.113369 0.331571 0.474379 0.513847 0.567916 0.579097 0.55664 0.416778 0.50585 0.570554 0.380884 0.280674 0.213586 0.174301 0.136935 0.115902 0.0945407 0.0977691 0.105347 1.157621e-01 0.921
N:10 Run:0 0.118358 0.119407 0.20229 0.144426 0.20981 0.26239 0.185519 0.160467 0.31707 0.198987 0.223046 0.204288 0.163954 0.0985972 0.0808986 0.100242 0.0774093 0.113932 0.134024 0.0859039 0.0858359 1.153872e-01 0.921
N:10 Run:1 0.066213 0.124008 0.102947 0.0928334 0.102274 0.0977452 0.125777 0.114453 0.128006 0.121804 0.113246 0.0797014 0.0532367 0.119245 0.087713 0.0728821 0.0631533 0.0639105 0.073047 0.107114 0.0838941 1.153872e-01 0.921
N:10 Run:2 0.0622961 0.0981272 0.36284 0.490542 0.548721 0.528395 0.487959 0.46606 0.522969 0.621106 0.651698 0.492878 0.31948 0.23494 0.207741 0.149293 0.127727 0.106674 0.131066 0.129301 0.10143 1.153872e-01 0.921
N:10 Run:3 0.0874797 0.0936738 0.27203 0.424485 0.459423 0.413593 0.37781 0.491143 0.414832 0.38606 0.432202 0.416614 0.168735 0.117247 0.121114 0.0789341 0.0893672 0.0686163 0.0837621 0.0629595 0.0822353 1.153872e-01 0.921
N:10 Run:4 0.0938417 0.0949595 0.200874 0.252564 0.358973 0.345142 0.455477 0.399654 0.407244 0.399309 0.452468 0.377112 0.40332 0.327133 0.176842 0.145591 0.116385 0.129802 0.146071 0.171288 0.178252 1.153872e-01 0.921
N:10 Run:5 0.0771441 0.120687 0.119233 0.106574 0.1282 0.115343 0.153484 0.106741 0.10707 0.0910963 0.105004 0.115583 0.115781 0.128528 0.174597 0.123858 0.0890121 0.0879562 0.0844499 0.11046 0.122034 1.153872e-01 0.921
N:10 Run:6 0.100215 0.175818 0.180467 0.214439 0.29446 0.376511 0.353968 0.348824 0.329852 0.379827 0.406485 0.28507 0.308584 0.246467 0.212829 0.139541 0.109903 0.138558 0.0937276 0.0877267 0.106324 1.153872e-01 0.921
N:10 Run:7 0.0907958 0.119647 0.202935 0.333518 0.361893 0.371237 0.431683 0.405884 0.437705 0.447452 0.390528 0.437333 0.214278 0.121208 0.129749 0.116742 0.0941432 0.122913 0.0971481 0.0985396 0.127859 1.153872e-01 0.921
N:10 Run:8 0.139198 0.10721 0.0729505 0.098041 0.100515 0.127824 0.0831558 0.0843166 0.0765891 0.0880071 0.0827566 0.134137 0.0864956 0.0671644 0.0739188 0.0838483 0.069808 0.0677275 0.0816876 0.157961 0.0987291 1.153872e-01 0.921
N:10 Run:9 0.136145 0.0944701 0.113369 0.331571 0.474379 0.513847 0.567916 0.579097 0.55664 0.416778 0.50585 0.570554 0.380884 0.280674 0.213586 0.174301 0.136935 0.115902 0.0945407 0.0977691 0.105347 1.153872e-01 0.921
N:11 Run:0 0.118358 0.119407 0.20229 0.144426 0.20981 0.26239 0.185519 0.160467 0.31707 0.198987 0.223046 0.204288 0.163954 0.0985972 0.0808986 0.100242 0.0774093 0.113932 0.134024 0.0859039 0.0858359 1.156036e-01 0.919
N:11 Run:1 0.066213 0.124008 0.102947 0.0928334 0.102274 0.0977452 0.125777 0.114453 0.128006 0.121804 0.113246 0.0797014 0.0532367 0.119245 0.087713 0.0728821 0.0631533 0.0639105 0.073047 0.107114 0.0838941 1.156036e-01 0.919
N:11 Run:2 0.0622961 0.0981272 0.36284 0.490542 0.548721 0.528395 0.487959 0.46606 0.522969 0.621106 0.651698 0.492878 0.31948 0.23494 0.207741 0.149293 0.127727 0.106674 0.131066 0.129301 0.10143 1.156036e-01 0.919
N:11 Run:3 0.0874797 0.0936738 0.27203 0.424485 0.459423 0.413593 0.37781 0.491143 0.414832 0.38606 0.432202 0.416614 0.168735 0.117247 0.121114 0.0789341 0.0893672 0.0686163 0.0837621 0.0629595 0.0822353 1.156036e-01 0.919
N:11 Run:4 0.0938417 0.0949595 0.200874 0.252564 0.358973 0.345142 0.455477 0.399654 0.407244 0.399309 0.452468 0.377112 0.40332 0.327133 0.176842 0.145591 0.116385 0.129802 0.146071 0.171288 0.178252 1.156036e-01 0.919
N:11 Run:5 0.0771441 0.120687 0.119233 0.106574 0.1282 0.115343 0.153484 0.106741 0.10707 0.0910963 0.105004 0.115583 0.115781 0.128528 0.174597 0.123858 0.0890121 0.0879562 0.0844499 0.11046 0.122034 1.156036e-01 0.919
N:11 Run:6 0.100215 0.175818 0.180467 0.214439 0.29446 0.376511 0.353968 0.348824 0.329852 0.379827 0.406485 0.28507 0.308584 0.246467 0.212829 0.139541 0.109903 0.138558 0.0937276 0.0877267 0.106324 1.156036e-01 0.919
N:11 Run:7 0.0907958 0.119647 0.202935 0.333518 0.361893 0.371237 0.431683 0.405884 0.437705 0.447452 0.390528 0.437333 0.214278 0.121208 0.129749 0.116742 0.0941432 0.122913 0.0971481 0.0985396 0.127859 1.156036e-01 0.919
N:11 Run:8 0.139198 0.10721 0.0729505 0.098041 0.100515 0.127824 0.0831558 0.0843166 0.0765891 0.0880071 0.0827566 0.134137 0.0864956 0.0671644 0.0739188 0.0838483 0.069808 0.0677275 0.0816876 0.157961 0.0987291 1.156036e-01 0.919
N:11 Run:9 0.136145 0.0944701 0.113369 0.331571 0.474379 0.513847 0.567916 0.579097 0.55664 0.416778 0.50585 0.570554 0.380884 0.280674 0.213586 0.174301 0.136935 0.115902 0.0945407 0.0977691 0.105347 1.156036e-01 0.919
N:12 Run:0 0.118358 0.119407 0.20229 0.144426 0.20981 0.26239 0.185519 0.160467 0.31707 0.198987 0.223046 0.204288 0.163954 0.0985972 0.0808986 0.100242 0.0774093 0.113932 0.134024 0.0859039 0.0858359 1.154590e-01 0.924
N:12 Run:1 0.066213 0.124008 0.102947 0.0928334 0.102274 0.0977452 0.125777 0.114453 0.128006 0.121804 0.113246 0.0797014 0.0532367 0.119245 0.087713 0.0728821 0.0631533 0.0639105 0.073047 0.107114 0.0838941 1.154590e-01 0.924
N:12 Run:2 0.0622961 0.0981272 0.36284 0.490542 0.548721 0.528395 0.487959 0.46606 0.522969 0.621106 0.651698 0.492878 0.31948 0.23494 0.207741 0.149293 0.127727 0.106674 0.131066 0.129301 0.10143 1.154590e-01 0.924
N:12 Run:3 0.0874797 0.0936738 0.27203 0.424485 0.459423 0.413593 0.37781 0.491143 0.414832 0.38606 0.432202 0.416614 0.168735 0.117247 0.121114 0.0789341 0.0893672 0.0686163 0.0837621 0.0629595 0.0822353 1.154590e-01 0.924
N:12 Run:4 0.0938417 0.0949595 0.200874 0.252564 0.358973 0.345142 0.455477 0.399654 0.407244 0.399309 0.452468 0.377112 0.40332 0.327133 0.176842 0.145591 0.116385 0.129802 0.146071 0.171288 0.178252 1.154590e-01 0.924
N:12 Run:5 0.0771441 0.120687 0.119233 0.106574 0.1282 0.115343 0.153484 0.106741 0.10707 0.0910963 0.105004 0.115583 0.115781 0.128528 0.174597 0.123858 0.0890121 0.0879562 0.0844499 0.11046 0.122034 1.154590e-01 0.924
N:12 Run:6 0.100215 0.175818 0.180467 0.214439 0.29446 0.376511 0.353968 0.348824 0.329852 0.379827 0.406485 0.28507 0.308584 0.246467 0.212829 0.139541 0.109903 0.138558 0.0937276 0.0877267 0.106324 1.154590e-01 0.924
N:12 Run:7 0.0907958 0.119647 0.202935 0.333518 0.361893 0.371237 0.431683 0.405884 0.437705 0.447452 0.390528 0.437333 0.214278 0.121208 0.129749 0.116742 0.0941432 0.122913 0.0971481 0.0985396 0.127859 1.154590e-01 0.924
N:12 Run:8 0.139198 0.10721 0.0729505 0.098041 0.100515 0.127824 0.0831558 0.0843166 0.0765891 0.0880071 0.0827566 0.134137 0.0864956 0.0671644 0.0739188 0.0838483 0.069808 0.0677275 0.0816876 0.157961 0.0987291 1.154590e-01 0.924
N:12 Run:9 0.136145 0.0944701 0.113369 0.331571 0.474379 0.513847 0.567916 0.579097 0.55664 0.416778 0.50585 0.570554 0.380884 0.280674 0.213586 0.174301 0.136935 0.115902 0.0945407 0.0977691 0.105347 1.154590e-01 0.924
N:13 Run:0 0.118358 0.119407 0.20229 0.144426 0.20981 0.26239 0.185519 0.160467 0.31707 0.198987 0.223046 0.204288 0.163954 0.0985972 0.0808986 0.100242 0.0774093 0.113932 0.134024 0.0859039 0.0858359 1.145682e-01 0.917
N:13 Run:1 0.066213 0.124008 0.102947 0.0928334 0.102274 0.0977452 0.125777 0.114453 0.128006 0.121804 0.113246 0.0797014 0.0532367 0.119245 0.087713 0.0728821 0.0631533 0.0639105 0.073047 0.107114 0.0838941 1.145682e-01 0.917
N:13 Run:2 0.0622961 0.0981272 0.36284 0.490542 0.548721 0.528395 0.487959 0.46606 0.522969 0.621106 0.651698 0.492878 0.31948 0.23494 0.207741 0.149293 0.127727 0.106674 0.131066 0.129301 0.10143 1.145682e-01 0.917
N:13 Run:3 0.0874797 0.0936738 0.27203 0.424485 0.459423 0.413593 0.37781 0.491143 0.414832 0.38606 0.432202 0.416614 0.168735 0.117247 0.121114 0.0789341 0.0893672 0.0686163 0.0837621 0.0629595 0.0822353 1.145682e-01 0.917
N:13 Run:4 0.0938417 0.0949595 0.200874 0.252564 0.358973 0.345142 0.455477 0.399654 0.407244 0.399309 0.452468 0.377112 0.40332 0.327133 0.176842 0.145591 0.116385 0.129802 0.146071 0.171288 0.178252 1.145682e-01 0.917
N:13 Run:5 0.0771441 0.120687 0.119233 0.106574 0.1282 0.115343 0.153484 0.106741 0.10707 0.0910963 0.105004 0.115583 0.115781 0.128528 0.174597 0.123858 0.0890121 0.0879562 0.0844499 0.11046 0.122034 1.145682e-01 0.917
N:13 Run:6 0.100215 0.175818 0.180467 0.214439 0.29446 0.376511 0.353968 0.348824 0.329852 0.379827 0.406485 0.28507 0.308584 0.246467 0.212829 0.139541 0.109903 0.138558 0.0937276 0.0877267 0.106324 1.145682e-01 0.917
N:13 Run:7 0.0907958 0.119647 0.202935 0.333518 0.361893 0.371237 0.431683 0.405884 0.437705 0.447452 0.390528 0.437333 0.214278 0.121208 0.129749 0.116742 0.0941432 0.122913 0.0971481 0.0985396 0.127859 1.145682e-01 0.917
N:13 Run:8 0.139198 0.10721 0.0729505 0.098041 0.100515 0.127824 0.0831558 0.0843166 0.0765891 0.0880071 0.0827566 0.134137 0.0864956 0.0671644 0.0739188 0.0838483 0.069808 0.0677275 0.0816876 0.157961 0.0987291 1.145682e-01 0.917
N:13 Run:9 0.136145 0.0944701 0.113369 0.331571 0.474379 0.513847 0.567916 0.579097 0.55664 0.416778 0.50585 0.570554 0.380884 0.280674 0.213586 0.174301 0.136935 0.115902 0.0945407 0.0977691 0.105347 1.145682e-01 0.917
N:14 Run:0 0.118358 0.119407 0.20229 0.144426 0.20981 0.26239 0.185519 0.160467 0.31707 0.198987 0.223046 0.204288 0.163954 0.0985972 0.0808986 0.100242 0.0774093 0.113932 0.134024 0.0859039 0.0858359 1.147212e-01 0.921
N:14 Run:1 0.066213 0.124008 0.102947 0.0928334 0.102274 0.0977452 0.125777 0.114453 0.128006 0.121804 0.113246 0.0797014 0.0532367 0.119245 0.087713 0.0728821 0.0631533 0.0639105 0.073047 0.107114 0.0838941 1.147212e-01 0.921
N:14 Run:2 0.0622961 0.0981272 0.36284 0.490542 0.548721 0.528395 0.487959 0.46606 0.522969 0.621106 0.651698 0.492878 0.31948 0.23494 0.207741 0.149293 0.127727 0.106674 0.131066 0.129301 0.10143 1.147212e-01 0.921
N:14 Run:3 0.0874797 0.0936738 0.27203 0.424485 0.459423 0.413593 0.37781 0.491143 0.414832 0.38606 0.432202 0.416614 0.168735 0.117247 0.121114 0.0789341 0.0893672 0.0686163 0.0837621 0.0629595 0.0822353 1.147212e-01 0.921
N:14 Run:4 0.0938417 0.0949595 0.200874 0.252564 0.358973 0.345142 0.455477 0.399654 0.407244 0.399309 0.452468 0.377112 0.40332 0.327133 0.176842 0.145591 0.116385 0.129802 0.146071 0.171288 0.178252 1.147212e-01 0.921
N:14 Run:5 0.0771441 0.120687 0.119233 0.106574 0.1282 0.115343 0.153484 0.106741 0.10707 0.0910963 0.105004 0.115583 0.115781 0.128528 0.174597 0.123858 0.0890121 0.0879562 0.0844499 0.11046 0.122034 1.147212e-01 0.921
N:14 Run:6 0.100215 0.175818 0.180467 0.214439 0.29446 0.376511 0.353968 0.348824 0.329852 0.379827 0.406485 0.28507 0.308584 0.246467 0.212829 0.139541 0.109903 0.138558 0.0937276 0.0877267 0.106324 1.147212e-01 0.921
N:14 Run:7 0.0907958 0.119647 0.202935 0.333518 0.361893 0.371237 0.431683 0.405884 0.437705 0.447452 0.390528 0.437333 0.214278 0.121208 0.129749 0.116742 0.0941432 0.122913 0.0971481 0.0985396 0.127859 1.147212e-01 0.921
N:14 Run:8 0.139198 0.10721 0.0729505 0.098041 0.100515 0.127824 0.0831558 0.0843166 0.0765891 0.0880071 0.0827566 0.134137 0.0864956 0.0671644 0.0739188 0.0838483 0.069808 0.0677275 0.0816876 0.157961 0.0987291 1.147212e-01 0.921
N:14 Run:9 0.136145 0.0944701 0.113369 0.331571 0.474379 0.513847 0.567916 0.579097 0.55664 0.416778 0.50585 0.570554 0.380884 0.280674 0.213586 0.174301 0.136935 0.115902 0.0945407 0.0977691 0.105347 1.147212e-01 0.921
N:15 Run:0 0.118358 0.119407 0.20229 0.144426 0.20981 0.26239 0.185519 0.160467 0.31707 0.198987 0.223046 0.204288 0.163954 0.0985972 0.0808986 0.100242 0.0774093 0.113932 0.134024 0.0859039 0.0858359 1.151880e-01 0.923
N:15 Run:1 0.066213 0.124008 0.102947 0.0928334 0.102274 0.0977452 0.125777 0.114453 0.128006 0.121804 0.113246 0.0797014 0.0532367 0.119245 0.087713 0.0728821 0.0631533 0.0639105 0.073047 0.107114 0.0838941 1.151880e-01 0.923
N:15 Run:2 0.0622961 0.0981272 0.36284 0.490542 0.548721 0.528395 0.487959 0.46606 0.522969 0.621106 0.651698 0.492878 0.31948 0.23494 0.207741 0.149293 0.127727 0.106674 0.131066 0.129301 0.10143 1.151880e-01 0.923
N:15 Run:3 0.0874797 0.0936738 0.27203 0.424485 0.459423 0.413593 0.37781 0.491143 0.414832 0.38606 0.432202 0.416614 0.168735 0.117247 0.121114 0.0789341 0.0893672 0.0686163 0.0837621 0.0629595 0.0822353 1.151880e-01 0.923
N:15 Run:4 0.0938417 0.0949595 0.200874 0.252564 0.358973 0.345142 0.455477 0.399654 0.407244 0.399309 0.452468 0.377112 0.40332 0.327133 0.176842 0.145591 0.116385 0.129802 0.146071 0.171288 0.178252 1.151880e-01 0.923
N:15 Run:5 0.0771441 0.120687 0.119233 0.106574 0.1282 0.115343 0.153484 0.106741 0.10707 0.0910963 0.105004 0.115583 0.115781 0.128528 0.174597 0.123858 0.0890121 0.0879562 0.0844499 0.11046 0.122034 1.151880e-01 0.923
N:15 Run:6 0.100215 0.175818 0.180467 0.214439 0.29446 0.376511 0.353968 0.348824 0.329852 0.379827 0.406485 0.28507 0.308584 0.246467 0.212829 0.139541 0.109903 0.138558 0.0937276 0.0877267 0.106324 1.151880e-01 0.923
N:15 Run:7 0.0907958 0.119647 0.202935 0.333518 0.361893 0.371237 0.431683 0.405884 0.437705 0.447452 0.390528 0.437333 0.214278 0.121208 0.129749 0.116742 0.0941432 0.122913 0.0971481 0.0985396 0.127859 1.151880e-01 0.923
N:15 Run:8 0.139198 0.10721 0.0729505 0.098041 0.100515 0.127824 0.0831558 0.0843166 0.0765891 0.0880071 0.0827566 0.134137 0.0864956 0.0671644 0.0739188 0.0838483 0.069808 0.0677275 0.0816876 0.157961 0.0987291 1.151880e-01 0.923
N:15 Run:9 0.136145 0.0944701 0.113369 0.331571 0.474379 0.513847 0.567916 0.579097 0.55664 0.416778 0.50585 0.570554 0.380884 0.280674 0.213586 0.174301 0.136935 0.115902 0.0945407 0.0977691 0.105347 1.151880e-01 0.923
N:16 Run:0 0.118358 0.119407 0.20229 0.144426 0.20981 0.26239 0.185519 0.160467 0.31707 0.198987 0.223046 0.204288 0.163954 0.0985972 0.0808986 0.100242 0.0774093 0.113932 0.134024 0.0859039 0.0858359 1.149695e-01 0.929
N:16 Run:1 0.066213 0.124008 0.102947 0.0928334 0.102274 0.0977452 0.125777 0.114453 0.128006 0.121804 0.113246 0.0797014 0.0532367 0.119245 0.087713 0.0728821 0.0631533 0.0639105 0.073047 0.107114 0.0838941 1.149695e-01 0.929
N:16 Run:2 0.0622961 0.0981272 0.36284 0.490542 0.548721 0.528395 0.487959 0.46606 0.522969 0.621106 0.651698 0.492878 0.31948 0.23494 0.207741 0.149293 0.127727 0.106674 0.131066 0.129301 0.10143 1.149695e-01 0.929
N:16 Run:3 0.0874797 0.0936738 0.27203 0.424485 0.459423 0.413593 0.37781 0.491143 0.414832 0.38606 0.432202 0.416614 0.168735 0.117247 0.121114 0.0789341 0.0893672 0.0686163 0.0837621 0.0629595 0.0822353 1.149695e-01 0.929
N:16 Run:4 0.0938417 0.0949595 0.200874 0.252564 0.358973 0.345142 0.455477 0.399654 0.407244 0.399309 0.452468 0.377112 0.40332 0.327133 0.176842 0.145591 0.116385 0.129802 0.146071 0.171288 0.178252 1.149695e-01 0.929
N:16 Run:5 0.0771441 0.120687 0.119233 0.106574 0.1282 0.115343 0.153484 0.106741 0.10707 0.0910963 0.105004 0.115583 0.115781 0.128528 0.174597 0.123858 0.0890121 0.0879562 0.0844499 0.11046 0.122034 1.149695e-01 0.929
N:16 Run:6 0.100215 0.175818 0.180467 0.214439 0.29446 0.376511 0.353968 0.348824 0.329852 0.379827 0.406485 0.28507 0.308584 0.246467 0.212829 0.139541 0.109903 0.138558 0.0937276 0.0877267 0.106324 1.149695e-01 0.929
N:16 Run:7 0.0907958 0.119647 0.202935 0.333518 0.361893 0.371237 0.431683 0.405884 0.437705 0.447452 0.390528 0.437333 0.214278 0.121208 0.129749 0.116742 0.0941432 0.122913 0.0971481 0.0985396 0.127859 1.149695e-01 0.929
N:16 Run:8 0.139198 0.10721 0.0729505 0.098041 0.100515 0.127824 0.0831558 0.0843166 0.0765891 0.0880071 0.0827566 0.134137 0.0864956 0.0671644 0.0739188 0.0838483 0.069808 0.0677275 0.0816876 0.157961 0.0987291 1.149695e-01 0.929
N:16 Run:9 0.136145 0.0944701 0.113369 0.331571 0.474379 0.513847 0.567916 0.579097 0.55664 0.416778 0.50585 0.570554 0.380884 0.280674 0.213586 0.174301 0.136935 0.115902 0.0945407 0.0977691 0.105347 1.149695e-01 0.929
N:17 Run:0 0.118358 0.119407 0.20229 0.144426 0.20981 0.26239 0.185519 0.160467 0.31707 0.198987 0.223046 0.204288 0.163954 0.0985972 0.0808986 0.100242 0.0774093 0.113932 0.134024 0.0859039 0.0858359 1.151495e-01 0.922
N:17 Run:1 0.066213 0.124008 0.102947 0.0928334 0.102274 0.0977452 0.125777 0.114453 0.128006 0.121804 0.113246 0.0797014 0.0532367 0.119245 0.087713 0.0728821 0.0631533 0.0639105 0.073047 0.107114 0.0838941 1.151495e-01 0.922
N:17 Run:2 0.0622961 0.0981272 0.36284 0.490542 0.548721 0.528395 0.487959 0.46606 0.522969 0.621106 0.651698 0.492878 0.31948 0.23494 0.207741 0.149293 0.127727 0.106674 0.131066 0.129301 0.10143 1.151495e-01 0.922
N:17 Run:3 0.0874797 0.0936738 0.27203 0.424485 0.459423 0.413593 0.37781 0.491143 0.414832 0.38606 0.432202 0.416614 0.168735 0.117247 0.121114 0.0789341 0.0893672 0.0686163 0.0837621 0.0629595 0.0822353 1.151495e-01 0.922
N:17 Run:4 0.0938417 0.0949595 0.200874 0.252564 0.358973 0.345142 0.455477 0.399654 0.407244 0.399309 0.452468 0.377112 0.40332 0.327133 0.176842 0.145591 0.116385 0.129802 0.146071 0.171288 0.178252 1.151495e-01 0.922
N:17 Run:5 0.0771441 0.120687 0.119233 0.106574 0.1282 0.115343 0.153484 0.106741 0.10707 0.0910963 0.105004 0.115583 0.115781 0.128528 0.174597 0.123858 0.0890121 0.0879562 0.0844499 0.11046 0.122034 1.151495e-01 0.922
N:17 Run:6 0.100215 0.175818 0.180467 0.214439 0.29446 0.376511 0.353968 0.348824 0.329852 0.379827 0.406485 0.28507 0.308584 0.246467 0.212829 0.139541 0.109903 0.138558 0.0937276 0.0877267 0.106324 1.151495e-01 0.922
N:17 Run:7 0.0907958 0.119647 0.202935 0.333518 0.361893 0.371237 0.431683 0.405884 0.437705 0.447452 0.390528 0.437333 0.214278 0.121208 0.129749 0.116742 0.0941432 0.122913 0.0971481 0.0985396 0.127859 1.151495e-01 0.922
N:17 Run:8 0.139198 0.10721 0.0729505 0.098041 0.100515 0.127824 0.0831558 0.0843166 0.0765891 0.0880071 0.0827566 0.134137 0.0864956 0.0671644 0.0739188 0.0838483 0.069808 0.0677275 0.0816876 0.157961 0.0987291 1.151495e-01 0.922
N:17 Run:9 0.136145 0.0944701 0.113369 0.331571 0.474379 0.513847 0.567916 0.579097 0.55664 0.416778 0.50585 0.570554 0.380884 0.280674 0.213586 0.174301 0.136935 0.115902 0.0945407 0.0977691 0.105347 1.151495e-01 0.922
N:18 Run:0 0.118358 0.119407 0.20229 0.144426 0.20981 0.26239 0.185519 0.160467 0.31707 0.198987 0.223046 0.204288 0.163954 0.0985972 0.0808986 0.100242 0.0774093 0.113932 0.134024 0.0859039 0.0858359 1.158260e-01 0.921
N:18 Run:1 0.066213 0.124008 0.102947 0.0928334 0.102274 0.0977452 0.125777 0.114453 0.128006 0.121804 0.113246 0.0797014 0.0532367 0.119245 0.087713 0.0728821 0.0631533 0.0639105 0.073047 0.107114 0.0838941 1.158260e-01 0.921
N:18 Run:2 0.0622961 0.0981272 0.36284 0.490542 0.548721 0.528395 0.487959 0.46606 0.522969 0.621106 0.651698 0.492878 0.31948 0.23494 0.207741 0.149293 0.127727 0.106674 0.131066 0.129301 0.10143 1.158260e-01 0.921
N:18 Run:3 0.0874797 0.0936738 0.27203 0.424485 0.459423 0.413593 0.37781 0.491143 0.414832 0.38606 0.432202 0.416614 0.168735 0.117247 0.121114 0.0789341 0.0893672 0.0686163 0.0837621 0.0629595 0.0822353 1.158260e-01 0.921
N:18 Run:4 0.0938417 0.0949595 0.200874 0.252564 0.358973 0.345142 0.455477 0.399654 0.407244 0.399309 0.452468 0.377112 0.40332 0.327133 0.176842 0.145591 0.116385 0.129802 0.146071 0.171288 0.178252 1.158260e-01 0.921
N:18 Run:5 0.0771441 0.120687 0.119233 0.106574 0.1282 0.115343 0.153484 0.106741 0.10707 0.0910963 0.105004 0.115583 0.115781 0.128528 0.174597 0.123858 0.0890121 0.0879562 0.0844499 0.11046 0.122034 1.158260e-01 0.921
N:18 Run:6 0.100215 0.175818 0.180467 0.214439 0.29446 0.376511 0.353968 0.348824 0.329852 0.379827 0.406485 0.28507 0.308584 0.246467 0.212829 0.139541 0.109903 0.138558 0.0937276 0.0877267 0.106324 1.158260e-01 0.921
N:18 Run:7 0.0907958 0.119647 0.202935 0.333518 0.361893 0.371237 0.431683 0.405884 0.437705 0.447452 0.390528 0.437333 0.214278 0.121208 0.129749 0.116742 0.0941432 0.122913 0.0971481 0.0985396 0.127859 1.158260e-01 0.921
N:18 Run:8 0.139198 0.10721 0.0729505 0.098041 0.100515 0.127824 0.0831558 0.0843166 0.0765891 0.0880071 0.0827566 0.134137 0.0864956 0.0671644 0.0739188 0.0838483 0.069808 0.0677275 0.0816876 0.157961 0.0987291 1.158260e-01 0.921
N:18 Run:9 0.136145 0.0944701 0.113369 0.331571 0.474379 0.513847 0.567916 0.579097 0.55664 0.416778 0.50585 0.570554 0.380884 0.280674 0.213586 0.174301 0.136935 0.115902 0.0945407 0.0977691 0.105347 1.158260e-01 0.921
N:19 Run:0 0.118358 0.119407 0.20229 0.144426 0.20981 0.26239 0.185519 0.160467 0.31707 0.198987 0.223046 0.204288 0.163954 0.0985972 0.0808986 0.100242 0.0774093 0.113932 0.134024 0.0859039 0.0858359 1.148266e-01 0.919
N:19 Run:1 0.066213 0.124008 0.102947 0.0928334 0.102274 0.0977452 0.125777 0.114453 0.128006 0.121804 0.113246 0.0797014 0.0532367 0.119245 0.087713 0.0728821 0.0631533 0.0639105 0.073047 0.107114 0.0838941 1.148266e-01 0.919
N:19 Run:2 0.0622961 0.0981272 0.36284 0.490542 0.548721 0.528395 0.487959 0.46606 0.522969 0.621106 0.651698 0.492878 0.31948 0.23494 0.207741 0.149293 0.127727 0.106674 0.131066 0.129301 0.10143 1.148266e-01 0.919
N:19 Run:3 0.0874797 0.0936738 0.27203 0.424485 0.459423 0.413593 0.37781 0.491143 0.414832 0.38606 0.432202 0.416614 0.168735 0.117247 0.121114 0.0789341 0.0893672 0.0686163 0.0837621 0.0629595 0.0822353 1.148266e-01 0.919
N:19 Run:4 0.0938417 0.0949595 0.200874 0.252564 0.358973 0.345142 0.455477 0.399654 0.407244 0.399309 0.452468 0.377112 0.40332 0.327133 0.176842 0.145591 0.116385 0.129802 0.146071 0.171288 0.178252 1.148266e-01 0.919
N:19 Run:5 0.0771441 0.120687 0.119233 0.106574 0.1282 0.115343 0.153484 0.106741 0.10707 0.0910963 0.105004 0.115583 0.115781 0.128528 0.174597 0.123858 0.0890121 0.0879562 0.0844499 0.11046 0.122034 1.148266e-01 0.919
N:19 Run:6 0.100215 0.175818 0.180467 0.214439 0.29446 0.376511 0.353968 0.348824 0.329852 0.379827 0.406485 0.28507 0.308584 0.246467 0.212829 0.139541 0.109903 0.138558 0.0937276 0.0877267 0.106324 1.148266e-01 0.919
N:19 Run:7 0.0907958 0.119647 0.202935 0.333518 0.361893 0.371237 0.431683 0.405884 0.437705 0.447452 0.390528 0.437333 0.214278 0.121208 0.129749 0.116742 0.0941432 0.122913 0.0971481 0.0985396 0.127859 1.148266e-01 0.919
N:19 Run:8 0.139198 0.10721 0.0729505 0.098041 0.100515 0.127824 0.0831558 0.0843166 0.0765891 0.0880071 0.0827566 0.134137 0.0864956 0.0671644 0.0739188 0.0838483 0.069808 0.0677275 0.0816876 0.157961 0.0987291 1.148266e-01 0.919
N:19 Run:9 0.136145 0.0944701 0.113369 0.331571 0.474379 0.513847 0.567916 0.579097 0.55664 0.416778 0.50585 0.570554 0.380884 0.280674 0.213586 0.174301 0.136935 0.115902 0.0945407 0.0977691 0.105347 1.148266e-01 0.919
N:20 Run:0 0.118358 0.119407 0.20229 0.144426 0.20981 0.26239 0.185519 0.160467 0.31707 0.198987 0.223046 0.204288 0.163954 0.0985972 0.0808986 0.100242 0.0774093 0.113932 0.134024 0.0859039 0.0858359 1.155140e-01 0.926
N:20 Run:1 0.066213 0.124008 0.102947 0.0928334 0.102274 0.0977452 0.125777 0.114453 0.128006 0.121804 0.113246 0.0797014 0.0532367 0.119245 0.087713 0.0728821 0.0631533 0.0639105 0.073047 0.107114 0.0838941 1.155140e-01 0.926
N:20 Run:2 0.0622961 0.0981272 0.36284 0.490542 0.548721 0.528395 0.487959 0.46606 0.522969 0.621106 0.651698 0.492878 0.31948 0.23494 0.207741 0.149293 0.127727 0.106674 0.131066 0.129301 0.10143 1.155140e-01 0.926
N:20 Run:3 0.0874797 0.0936738 0.27203 0.424485 0.459423 0.413593 0.37781 0.491143 0.414832 0.38606 0.432202 0.416614 0.168735 0.117247 0.121114 0.0789341 0.0893672 0.0686163 0.0837621 0.0629595 0.0822353 1.155140e-01 0.926
N:20 Run:4 0.0938417 0.0949595 0.200874 0.252564 0.358973 0.345142 0.455477 0.399654 0.407244 0.399309 0.452468 0.377112 0.40332 0.327133 0.176842 0.145591 0.116385 0.129802 0.146071 0.171288 0.178252 1.155140e-01 0.926
N:20 Run:5 0.0771441 0.120687 0.119233 0.106574 0.1282 0.115343 0.153484 0.106741 0.10707 0.0910963 0.105004 0.115583 0.115781 0.128528 0.174597 0.123858 0.0890121 0.0879562 0.0844499 0.11046 0.122034 1.155140e-01 0.926
N:20 Run:6 0.100215 0.175818 0.180467 0.214439 0.29446 0.376511 0.353968 0.348824 0.329852 0.379827 0.406485 0.28507 0.308584 0.246467 0.212829 0.139541 0.109903 0.138558 0.0937276 0.0877267 0.106324 1.155140e-01 0.926
N:20 Run:7 0.0907958 0.119647 0.202935 0.333518 0.361893 0.371237 0.431683 0.405884 0.437705 0.447452 0.390528 0.437333 0.214278 0.121208 0.129749 0.116742 0.0941432 0.122913 0.0971481 0.0985396 0.127859 1.155140e-01 0.926
N:20 Run:8 0.139198 0.10721 0.0729505 0.098041 0.100515 0.127824 0.0831558 0.0843166 0.0765891 0.0880071 0.0827566 0.134137 0.0864956 0.0671644 0.0739188 0.0838483 0.069808 0.0677275 0.0816876 0.157961 0.0987291 1.155140e-01 0.926
N:20 Run:9 0.136145 0.0944701 0.113369 0.331571 0.474379 0.513847 0.567916 0.579097 0.55664 0.416778 0.50585 0.570554 0.380884 0.280674 0.213586 0.174301 0.136935 0.115902 0.0945407 0.0977691 0.105347 1.155140e-01 0.926
N:21 Run:0 0.118358 0.119407 0.20229 0.144426 0.20981 0.26239 0.185519 0.160467 0.31707 0.198987 0.223046 0.204288 0.163954 0.0985972 0.0808986 0.100242 0.0774093 0.113932 0.134024 0.0859039 0.0858359 1.157666e-01 0.921
N:21 Run:1 0.066213 0.124008 0.102947 0.0928334 0.102274 0.0977452 0.125777 0.114453 0.128006 0.121804 0.113246 0.0797014 0.0532367 0.119245 0.087713 0.0728821 0.0631533 0.0639105 0.073047 0.107114 0.0838941 1.157666e-01 0.921
N:21 Run:2 0.0622961 0.0981272 0.36284 0.490542 0.548721 0.528395 0.487959 0.46606 0.522969 0.621106 0.651698 0.492878 0.31948 0.23494 0.207741 0.149293 0.127727 0.106674 0.131066 0.129301 0.10143 1.157666e-01 0.921
N:21 Run:3 0.0874797 0.0936738 0.27203 0.424485 0.459423 0.413593 0.37781 0.491143 0.414832 0.38606 0.432202 0.416614 0.168735 0.117247 0.121114 0.0789341 0.0893672 0.0686163 0.0837621 0.0629595 0.0822353 1.157666e-01 0.921
N:21 Run:4 0.0938417 0.0949595 0.200874 0.252564 0.358973 0.345142 0.455477 0.399654 0.407244 0.399309 0.452468 0.377112 0.40332 0.327133 0.176842 0.145591 0.116385 0.129802 0.146071 0.171288 0.178252 1.157666e-01 0.921
N:21 Run:5 0.0771441 0.120687 0.119233 0.106574 0.1282 0.115343 0.153484 0.106741 0.10707 0.0910963 0.105004 0.115583 0.115781 0.128528 0.174597 0.123858 0.0890121 0.0879562 0.0844499 0.11046 0.122034 1.157666e-01 0.921
N:21 Run:6 0.100215 0.175818 0.180467 0.214439 0.29446 0.376511 0.353968 0.348824 0.329852 0.379827 0.406485 0.28507 0.308584 0.246467 0.212829 0.139541 0.109903 0.138558 0.0937276 0.0877267 0.106324 1.157666e-01 0.921
N:21 Run:7 0.0907958 0.119647 0.202935 0.333518 0.361893 0.371237 0.431683 0.405884 0.437705 0.447452 0.390528 0.437333 0.214278 0.121208 0.129749 0.116742 0.0941432 0.122913 0.0971481 0.0985396 0.127859 1.157666e-01 0.921
N:21 Run:8 0.139198 0.10721 0.0729505 0.098041 0.100515 0.127824 0.0831558 0.0843166 0.0765891 0.0880071 0.0827566 0.134137 0.0864956 0.0671644 0.0739188 0.0838483 0.069808 0.0677275 0.0816876 0.157961 0.0987291 1.157666e-01 0.921
N:21 Run:9 0.136145 0.0944701 0.113369 0.331571 0.474379 0.513847 0.567916 0.579097 0.55664 0.416778 0.50585 0.570554 0.380884 0.280674 0.213586 0.174301 0.136935 0.115902 0.0945407 0.0977691 0.105347 1.157666e-01 0.921
N:22 Run:0 0.118358 0.119407 0.20229 0.144426 0.20981 0.26239 0.185519 0.160467 0.31707 0.198987 0.223046 0.204288 0.163954 0.0985972 0.0808986 0.100242 0.0774093 0.113932 0.134024 0.0859039 0.0858359 1.163643e-01 0.922
N:22 Run:1 0.066213 0.124008 0.102947 0.0928334 0.102274 0.0977452 0.125777 0.114453 0.128006 0.121804 0.113246 0.0797014 0.0532367 0.119245 0.087713 0.0728821 0.0631533 0.0639105 0.073047 0.107114 0.0838941 1.163643e-01 0.922
N:22 Run:2 0.0622961 0.0981272 0.36284 0.490542 0.548721 0.528395 0.487959 0.46606 0.522969 0.621106 0.651698 0.492878 0.31948 0.23494 0.207741 0.149293 0.127727 0.106674 0.131066 0.129301 0.10143 1.163643e-01 0.922
N:22 Run:3 0.0874797 0.0936738 0.27203 0.424485 0.459423 0.413593 0.37781 0.491143 0.414832 0.38606 0.432202 0.416614 0.168735 0.117247 0.121114 0.0789341 0.0893672 0.0686163 0.0837621 0.0629595 0.0822353 1.163643e-01 0.922
N:22 Run:4 0.0938417 0.0949595 0.200874 0.252564 0.358973 0.345142 0.455477 0.399654 0.407244 0.399309 0.452468 0.377112 0.40332 0.327133 0.176842 0.145591 0.116385 0.129802 0.146071 0.171288 0.178252 1.163643e-01 0.922
N:22 Run:5 0.0771441 0.120687 0.119233 0.106574 0.1282 0.115343 0.153484 0.106741 0.10707 0.0910963 0.105004 0.115583 0.115781 0.128528 0.174597 0.123858 0.0890121 0.0879562 0.0844499 0.11046 0.122034 1.163643e-01 0.922
N:22 Run:6 0.100215 0.175818 0.180467 0.214439 0.29446 0.376511 0.353968 0.348824 0.329852 0.379827 0.406485 0.28507 0.308584 0.246467 0.212829 0.139541 0.109903 0.138558 0.0937276 0.0877267 0.106324 1.163643e-01 0.922
N:22 Run:7 0.0907958 0.119647 0.202935 0.333518 0.361893 0.371237 0.431683 0.405884 0.437705 0.447452 0.390528 0.437333 0.214278 0.121208 0.129749 0.116742 0.0941432 0.122913 0.0971481 0.0985396 0.127859 1.163643e-01 0.922
N:22 Run:8 0.139198 0.10721 0.0729505 0.098041 0.100515 0.127824 0.0831558 0.0843166 0.0765891 0.0880071 0.0827566 0.134137 0.0864956 0.0671644 0.0739188 0.0838483 0.069808 0.0677275 0.0816876 0.157961 0.0987291 1.163643e-01 0.922
N:22 Run:9 0.136145 0.0944701 0.113369 0.331571 0.474379 0.513847 0.567916 0.579097 0.55664 0.416778 0.50585 0.570554 0.380884 0.280674 0.213586 0.174301 0.136935 0.115902 0.0945407 0.0977691 0.105347 1.163643e-01 0.922
N:23 Run:0 0.118358 0.119407 0.20229 0.144426 0.20981 0.26239 0.185519 0.160467 0.31707 0.198987 0.223046 0.204288 0.163954 0.0985972 0.0808986 0.100242 0.0774093 0.113932 0.134024 0.0859039 0.0858359 1.160983e-01 0.922
N:23 Run:1 0.066213 0.124008 0.102947 0.0928334 0.102274 0.0977452 0.125777 0.114453 0.128006 0.121804 0.113246 0.0797014 0.0532367 0.119245 0.087713 0.0728821 0.0631533 0.0639105 0.073047 0.107114 0.0838941 1.160983e-01 0.922
N:23 Run:2 0.0622961 0.0981272 0.36284 0.490542 0.548721 0.528395 0.487959 0.46606 0.522969 0.621106 0.651698 0.492878 0.31948 0.23494 0.207741 0.149293 0.127727 0.106674 0.131066 0.129301 0.10143 1.160983e-01 0.922
N:23 Run:3 0.0874797 0.0936738 0.27203 0.424485 0.459423 0.413593 0.37781 0.491143 0.414832 0.38606 0.432202 0.416614 0.168735 0.117247 0.121114 0.0789341 0.0893672 0.0686163 0.0837621 0.0629595 0.0822353 1.160983e-01 0.922
N:23 Run:4 0.0938417 0.0949595 0.200874 0.252564 0.358973 0.345142 0.455477 0.399654 0.407244 0.399309 0.452468 0.377112 0.40332 0.327133 0.176842 0.145591 0.116385 0.129802 0.146071 0.171288 0.178252 1.160983e-01 0.922
N:23 Run:5 0.0771441 0.120687 0.119233 0.106574 0.1282 0.115343 0.153484 0.106741 0.10707 0.0910963 0.105004 0.115583 0.115781 0.128528 0.174597 0.123858 0.0890121 0.0879562 0.0844499 0.11046 0.122034 1.160983e-01 0.922
N:23 Run:6 0.100215 0.175818 0.180467 0.214439 0.29446 0.376511 0.353968 0.348824 0.329852 0.379827 0.406485 0.28507 0.308584 0.246467 0.212829 0.139541 0.109903 0.138558 0.0937276 0.0877267 0.106324 1.160983e-01 0.922
N:23 Run:7 0.0907958 0.119647 0.202935 0.333518 0.361893 0.371237 0.431683 0.405884 0.437705 0.447452 0.390528 0.437333 0.214278 0.121208 0.129749 0.116742 0.0941432 0.122913 0.0971481 0.0985396 0.127859 1.160983e-01 0.922
N:23 Run:8 0.139198 0.10721 0.0729505 0.098041 0.100515 0.127824 0.0831558 0.0843166 0.0765891 0.0880071 0.0827566 0.134137 0.0864956 0.0671644 0.0739188 0.0838483 0.069808 0.0677275 0.0816876 0.157961 0.0987291 1.160983e-01 0.922
N:23 Run:9 0.136145 0.0944701 0.113369 0.331571 0.474379 0.513847 0.567916 0.579097 0.55664 0.416778 0.50585 0.570554 0.380884 0.280674 0.213586 0.174301 0.136935 0.115902 0.0945407 0.0977691 0.105347 1.160983e-01 0.922
N:24 Run:0 0.118358 0.119407 0.20229 0.144426 0.20981 0.26239 0.185519 0.160467 0.31707 0.198987 0.223046 0.204288 0.163954 0.0985972 0.0808986 0.100242 0.0774093 0.113932 0.134024 0.0859039 0.0858359 1.147269e-01 0.926
N:24 Run:1 0.066213 0.124008 0.102947 0.0928334 0.102274 0.0977452 0.125777 0.114453 0.128006 0.121804 0.113246 0.0797014 0.0532367 0.119245 0.087713 0.0728821 0.0631533 0.0639105 0.073047 0.107114 0.0838941 1.147269e-01 0.926
N:24 Run:2 0.0622961 0.0981272 0.36284 0.490542 0.548721 0.528395 0.487959 0.46606 0.522969 0.621106 0.651698 0.492878 0.31948 0.23494 0.207741 0.149293 0.127727 0.106674 0.131066 0.129301 0.10143 1.147269e-01 0.926
N:24 Run:3 0.0874797 0.0936738 0.27203 0.424485 0.459423 0.413593 0.37781 0.491143 0.414832 0.38606 0.432202 0.416614 0.168735 0.117247 0.121114 0.0789341 0.0893672 0.0686163 0.0837621 0.0629595 0.0822353 1.147269e-01 0.926
N:24 Run:4 0.0938417 0.0949595 0.200874 0.252564 0.358973 0.345142 0.455477 0.399654 0.407244 0.399309 0.452468 0.377112 0.40332 0.327133 0.176842 0.145591 0.116385 0.129802 0.146071 0.171288 0.178252 1.147269e-01 0.926
N:24 Run:5 0.0771441 0.120687 0.119233 0.106574 0.1282 0.115343 0.153484 0.106741 0.10707 0.0910963 0.105004 0.115583 0.115781 0.128528 0.174597 0.123858 0.0890121 0.0879562 0.0844499 0.11046 0.122034 1.147269e-01 0.926
N:24 Run:6 0.100215 0.175818 0.180467 0.214439 0.29446 0.376511 0.353968 0.348824 0.329852 0.379827 0.406485 0.28507 0.308584 0.246467 0.212829 0.139541 0.109903 0.138558 0.0937276 0.0877267 0.106324 1.147269e-01 0.926
N:24 Run:7 0.0907958 0.119647 0.202935 0.333518 0.361893 0.371237 0.431683 0.405884 0.437705 0.447452 0.390528 0.437333 0.214278 0.121208 0.129749 0.116742 0.0941432 0.122913 0.0971481 0.0985396 0.127859 1.147269e-01 0.926
N:24 Run:8 0.139198 0.10721 0.0729505 0.098041 0.100515 0.127824 0.0831558 0.0843166 0.0765891 0.0880071 0.0827566 0.134137 0.0864956 0.0671644 0.0739188 0.0838483 0.069808 0.0677275 0.0816876 0.157961 0.0987291 1.147269e-01 0.926
N:24 Run:9 0.136145 0.0944701 0.113369 0.331571 0.474379 0.513847 0.567916 0.579097 0.55664 0.416778 0.50585 0.570554 0.380884 0.280674 0.213586 0.174301 0.136935 0.115902 0.0945407 0.0977691 0.105347 1.147269e-01 0.926
N:25 Run:0 0.118358 0.119407 0.20229 0.144426 0.20981 0.26239 0.185519 0.160467 0.31707 0.198987 0.223046 0.204288 0.163954 0.0985972 0.0808986 0.100242 0.0774093 0.113932 0.134024 0.0859039 0.0858359 1.149877e-01 0.923
N:25 Run:1 0.066213 0.124008 0.102947 0.0928334 0.102274 0.0977452 0.125777 0.114453 0.128006 0.121804 0.113246 0.0797014 0.0532367 0.119245 0.087713 0.0728821 0.0631533 0.0639105 0.073047 0.107114 0.0838941 1.149877e-01 0.923
N:25 Run:2 0.0622961 0.0981272 0.36284 0.490542 0.548721 0.528395 0.487959 0.46606 0.522969 0.621106 0.651698 0.492878 0.31948 0.23494 0.207741 0.149293 0.127727 0.106674 0.131066 0.129301 0.10143 1.149877e-01 0.923
N:25 Run:3 0.0874797 0.0936738 0.27203 0.424485 0.459423 0.413593 0.37781 0.491143 0.414832 0.38606 0.432202 0.416614 0.168735 0.117247 0.121114 0.0789341 0.0893672 0.0686163 0.0837621 0.0629595 0.0822353 1.149877e-01 0.923
N:25 Run:4 0.0938417 0.0949595 0.200874 0.252564 0.358973 0.345142 0.455477 0.399654 0.407244 0.399309 0.452468 0.377112 0.40332 0.327133 0.176842 0.145591 0.116385 0.129802 0.146071 0.171288 0.178252 1.149877e-01 0.923
N:25 Run:5 0.0771441 0.120687 0.119233 0.106574 0.1282 0.115343 0.153484 0.106741 0.10707 0.0910963 0.105004 0.115583 0.115781 0.128528 0.174597 0.123858 0.0890121 0.0879562 0.0844499 0.11046 0.122034 1.149877e-01 0.923
N:25 Run:6 0.100215 0.175818 0.180467 0.214439 0.29446 0.376511 0.353968 0.348824 0.329852 0.379827 0.406485 0.28507 0.308584 0.246467 0.212829 0.139541 0.109903 0.138558 0.0937276 0.0877267 0.106324 1.149877e-01 0.923
N:25 Run:7 0.0907958 0.119647 0.202935 0.333518 0.361893 0.371237 0.431683 0.405884 0.437705 0.447452 0.390528 0.437333 0.214278 0.121208 0.129749 0.116742 0.0941432 0.122913 0.0971481 0.0985396 0.127859 1.149877e-01 0.923
N:25 Run:8 0.139198 0.10721 0.0729505 0.098041 0.100515 0.127824 0.0831558 0.0843166 0.0765891 0.0880071 0.0827566 0.134137 0.0864956 0.0671644 0.0739188 0.0838483 0.069808 0.0677275 0.0816876 0.157961 0.0987291 1.149877e-01 0.923
N:25 Run:9 0.136145 0.0944701 0.113369 0.331571 0.474379 0.513847 0.567916 0.579097 0.55664 0.416778 0.50585 0.570554 0.380884 0.280674 0.213586 0.174301 0.136935 0.115902 0.0945407 0.0977691 0.105347 1.149877e-01 0.923
N:26 Run:0 0.118358 0.11936 0.196073 0.136895 0.201241 0.254399 0.175363 0.151578 0.314528 0.188449 0.213402 0.19422 0.156655 0.0977151 0.0841056 0.101568 0.081137 0.113715 0.132781 0.0887519 0.0889636 1.143056e-01 0.919
N:26 Run:1 0.066213 0.123957 0.103311 0.0948383 0.103638 0.0991407 0.125481 0.113642 0.126654 0.12058 0.112177 0.0828786 0.062084 0.119681 0.0897006 0.0771839 0.0694764 0.0700772 0.077746 0.107596 0.0870257 1.143056e-01 0.919
N:26 Run:2 0.0622961 0.0991823 0.368611 0.492834 0.546982 0.526703 0.488122 0.466169 0.52249 0.615117 0.643154 0.490554 0.314276 0.230029 0.204066 0.147488 0.125433 0.10599 0.130929 0.128084 0.102578 1.143056e-01 0.919
N:26 Run:3 0.0874797 0.0952799 0.267448 0.425572 0.460065 0.412165 0.377554 0.501683 0.415205 0.385099 0.443154 0.425308 0.161248 0.114986 0.119808 0.082467 0.0916479 0.073779 0.0871973 0.0693433 0.0852965 1.143056e-01 0.919
N:26 Run:4 0.0938417 0.0963374 0.201676 0.254713 0.362321 0.348854 0.458371 0.401518 0.410532 0.400076 0.45396 0.377916 0.4052 0.323706 0.172742 0.143806 0.115305 0.127952 0.145815 0.169352 0.17536 1.143056e-01 0.919
N:26 Run:5 0.0771441 0.120505 0.117995 0.107226 0.126861 0.114468 0.151764 0.107477 0.107586 0.0937944 0.105919 0.115159 0.11476 0.126284 0.174284 0.121166 0.0904784 0.0890523 0.0866266 0.110682 0.121356 1.143056e-01 0.919
N:26 Run:6 0.100215 0.173879 0.179053 0.213309 0.298287 0.378068 0.354072 0.348932 0.332794 0.384274 0.409583 0.283878 0.311206 0.243637 0.209844 0.137586 0.110229 0.13794 0.0947451 0.0896255 0.106167 1.143056e-01 0.919
N:26 Run:7 0.0907958 0.119742 0.196387 0.329668 0.357135 0.365689 0.434698 0.405245 0.439304 0.453316 0.386548 0.444198 0.206232 0.119319 0.127589 0.115764 0.0963121 0.122624 0.0989987 0.0997727 0.127384 1.143056e-01 0.919
N:26 Run:8 0.139198 0.107538 0.0777317 0.0999677 0.101644 0.127341 0.0858661 0.0872273 0.080405 0.0902618 0.0858745 0.133391 0.0892171 0.0726451 0.0783447 0.0867269 0.0747989 0.07321 0.0849982 0.155627 0.0988595 1.143056e-01 0.919
N:26 Run:9 0.136145 0.095227 0.111414 0.330625 0.475539 0.513481 0.567557 0.579008 0.555634 0.41022 0.505586 0.572085 0.377252 0.275748 0.209594 0.172878 0.134854 0.115858 0.0954624 0.0985326 0.105299 1.143056e-01 0.919
N:27 Run:0 0.118358 0.11936 0.196073 0.136895 0.201241 0.254399 0.175363 0.151578 0.314528 0.188449 0.213402 0.19422 0.156655 0.0977151 0.0841056 0.101568 0.081137 0.113715 0.132781 0.0887519 0.0889636 1.148017e-01 0.919
N:27 Run:1 0.066213 0.123957 0.103311 0.0948383 0.103638 0.0991407 0.125481 0.113642 0.126654 0.12058 0.112177 0.0828786 0.062084 0.119681 0.0897006 0.0771839 0.0694764 0.0700772 0.077746 0.107596 0.0870257 1.148017e-01 0.919
N:27 Run:2 0.0622961 0.0991823 0.368611 0.492834 0.546982 0.526703 0.488122 0.466169 0.52249 0.615117 0.643154 0.490554 0.314276 0.230029 0.204066 0.147488 0.125433 0.10599 0.130929 0.128084 0.102578 1.148017e-01 0.919
N:27 Run:3 0.0874797 0.0952799 0.267448 0.425572 0.460065 0.412165 0.377554 0.501683 0.415205 0.385099 0.443154 0.425308 0.161248 0.114986 0.119808 0.082467 0.0916479 0.073779 0.0871973 0.0693433 0.0852965 1.148017e-01 0.919
N:27 Run:4 0.0938417 0.0963374 0.201676 0.254713 0.362321 0.348854 0.458371 0.401518 0.410532 0.400076 0.45396 0.377916 0.4052 0.323706 0.172742 0.143806 0.115305 0.127952 0.145815 0.169352 0.17536 1.148017e-01 0.919
N:27 Run:5 0.0771441 0.120505 0.117995 0.107226 0.126861 0.114468 0.151764 0.107477 0.107586 0.0937944 0.105919 0.115159 0.11476 0.126284 0.174284 0.121166 0.0904784 0.0890523 0.0866266 0.110682 0.121356 1.148017e-01 0.919
N:27 Run:6 0.100215 0.173879 0.179053 0.213309 0.298287 0.378068 0.354072 0.348932 0.332794 0.384274 0.409583 0.283878 0.311206 0.243637 0.209844 0.137586 0.110229 0.13794 0.0947451 0.0896255 0.106167 1.148017e-01 0.919
N:27 Run:7 0.0907958 0.119742 0.196387 0.329668 0.357135 0.365689 0.434698 0.405245 0.439304 0.453316 0.386548 0.444198 0.206232 0.119319 0.127589 0.115764 0.0963121 0.122624 0.0989987 0.0997727 0.127384 1.148017e-01 0.919
N:27 Run:8 0.139198 0.107538 0.0777317 0.0999677 0.101644 0.127341 0.0858661 0.0872273 0.080405 0.0902618 0.0858745 0.133391 0.0892171 0.0726451 0.0783447 0.0867269 0.0747989 0.07321 0.0849982 0.155627 0.0988595 1.148017e-01 0.919
N:27 Run:9 0.136145 0.095227 0.111414 0.330625 0.475539 0.513481 0.567557 0.579008 0.555634 0.41022 0.505586 0.572085 0.377252 0.275748 0.209594 0.172878 0.134854 0.115858 0.0954624 0.0985326 0.105299 1.148017e-01 0.919
N:28 Run:0 0.118358 0.11936 0.196073 0.136895 0.201241 0.254399 0.175363 0.151578 0.314528 0.188449 0.213402 0.19422 0.156655 0.0977151 0.0841056 0.101568 0.081137 0.113715 0.132781 0.0887519 0.0889636 1.153992e-01 0.921
N:28 Run:1 0.066213 0.123957 0.103311 0.0948383 0.103638 0.0991407 0.125481 0.113642 0.126654 0.12058 0.112177 0.0828786 0.062084 0.119681 0.0897006 0.0771839 0.0694764 0.0700772 0.077746 0.107596 0.0870257 1.153992e-01 0.921
N:28 Run:2 0.0622961 0.0991823 0.368611 0.492834 0.546982 0.526703 0.488122 0.466169 0.52249 0.615117 0.643154 0.490554 0.314276 0.230029 0.204066 0.147488 0.125433 0.10599 0.130929 0.128084 0.102578 1.153992e-01 0.921
N:28 Run:3 0.0874797 0.0952799 0.267448 0.425572 0.460065 0.412165 0.377554 0.501683 0.415205 0.385099 0.443154 0.425308 0.161248 0.114986 0.119808 0.082467 0.0916479 0.073779 0.0871973 0.0693433 0.0852965 1.153992e-01 0.921
N:28 Run:4 0.0938417 0.0963374 0.201676 0.254713 0.362321 0.348854 0.458371 0.401518 0.410532 0.400076 0.45396 0.377916 0.4052 0.323706 0.172742 0.143806 0.115305 0.127952 0.145815 0.169352 0.17536 1.153992e-01 0.921
N:28 Run:5 0.0771441 0.120505 0.117995 0.107226 0.126861 0.114468 0.151764 0.107477 0.107586 0.0937944 0.105919 0.115159 0.11476 0.126284 0.174284 0.121166 0.0904784 0.0890523 0.0866266 0.110682 0.121356 1.153992e-01 0.921
N:28 Run:6 0.100215 0.173879 0.179053 0.213309 0.298287 0.378068 0.354072 0.348932 0.332794 0.384274 0.409583 0.283878 0.311206 0.243637 0.209844 0.137586 0.110229 0.13794 0.0947451 0.0896255 0.106167 1.153992e-01 0.921
N:28 Run:7 0.0907958 0.119742 0.196387 0.329668 0.357135 0.365689 0.434698 0.405245 0.439304 0.453316 0.386548 0.444198 0.206232 0.119319 0.127589 0.115764 0.0963121 0.122624 0.0989987 0.0997727 0.127384 1.153992e-01 0.921
N:28 Run:8 0.139198 0.107538 0.0777317 0.0999677 0.101644 0.127341 0.0858661 0.0872273 0.080405 0.0902618 0.0858745 0.133391 0.0892171 0.0726451 0.0783447 0.0867269 0.0747989 0.07321 0.0849982 0.155627 0.0988595 1.153992e-01 0.921
N:28 Run:9 0.136145 0.095227 0.111414 0.330625 0.475539 0.513481 0.567557 0.579008 0.555634 0.41022 0.505586 0.572085 0.377252 0.275748 0.209594 0.172878 0.134854 0.115858 0.0954624 0.0985326 0.105299 1.153992e-01 0.921
N:29 Run:0 0.118358 0.11936 0.196073 0.136895 0.201241 0.254399 0.175363 0.151578 0.314528 0.188449 0.213402 0.19422 0.156655 0.0977151 0.0841056 0.101568 0.081137 0.113715 0.132781 0.0887519 0.0889636 1.151962e-01 0.921
N:29 Run:1 0.066213 0.123957 0.103311 0.0948383 0.103638 0.0991407 0.125481 0.113642 0.126654 0.12058 0.112177 0.0828786 0.062084 0.119681 0.0897006 0.0771839 0.0694764 0.0700772 0.077746 0.107596 0.0870257 1.151962e-01 0.921
N:29 Run:2 0.0622961 0.0991823 0.368611 0.492834 0.546982 0.526703 0.488122 0.466169 0.52249 0.615117 0.643154 0.490554 0.314276 0.230029 0.204066 0.147488 0.125433 0.10599 0.130929 0.128084 0.102578 1.151962e-01 0.921
N:29 Run:3 0.0874797 0.0952799 0.267448 0.425572 0.460065 0.412165 0.377554 0.501683 0.415205 0.385099 0.443154 0.425308 0.161248 0.114986 0.119808 0.082467 0.0916479 0.073779 0.0871973 0.0693433 0.0852965 1.151962e-01 0.921
N:29 Run:4 0.0938417 0.0963374 0.201676 0.254713 0.362321 0.348854 0.458371 0.401518 0.410532 0.400076 0.45396 0.377916 0.4052 0.323706 0.172742 0.143806 0.115305 0.127952 0.145815 0.169352 0.17536 1.151962e-01 0.921
N:29 Run:5 0.0771441 0.120505 0.117995 0.107226 0.126861 0.114468 0.151764 0.107477 0.107586 0.0937944 0.105919 0.115159 0.11476 0.126284 0.174284 0.121166 0.0904784 0.0890523 0.0866266 0.110682 0.121356 1.151962e-01 0.921
N:29 Run:6 0.100215 0.173879 0.179053 0.213309 0.298287 0.378068 0.354072 0.348932 0.332794 0.384274 0.409583 0.283878 0.311206 0.243637 0.209844 0.137586 0.110229 0.13794 0.0947451 0.0896255 0.106167 1.151962e-01 0.921
N:29 Run:7 0.0907958 0.119742 0.196387 0.329668 0.357135 0.365689 0.434698 0.405245 0.439304 0.453316 0.386548 0.444198 0.206232 0.119319 0.127589 0.115764 0.0963121 0.122624 0.0989987 0.0997727 0.127384 1.151962e-01 0.921
N:29 Run:8 0.139198 0.107538 0.0777317 0.0999677 0.101644 0.127341 0.0858661 0.0872273 0.080405 0.0902618 0.0858745 0.133391 0.0892171 0.0726451 0.0783447 0.0867269 0.0747989 0.07321 0.0849982 0.155627 0.0988595 1.151962e-01 0.921
N:29 Run:9 0.136145 0.095227 0.111414 0.330625 0.475539 0.513481 0.567557 0.579008 0.555634 0.41022 0.505586 0.572085 0.377252 0.275748 0.209594 0.172878 0.134854 0.115858 0.0954624 0.0985326 0.105299 1.151962e-01 0.921
