Seed:1578629407
N:0 Run:0 0.377412 0.380332 0.441331 0.445739 0.435134 0.400394 0.380841 0.356627 0.341955 0.354249 0.334136 0.319387 0.314574 0.302965 0.294543 0.30715 0.309739 0.305261 0.316114 0.36298 0.39475 3.292356e-01 0.908
N:0 Run:1 0.559455 0.526907 0.489996 0.445224 0.439899 0.409673 0.432886 0.415495 0.443957 0.426817 0.420619 0.406174 0.406344 0.416761 0.425468 0.41929 0.467218 0.427437 0.421408 0.404553 0.455582 3.292356e-01 0.908
N:0 Run:2 0.414537 0.464662 0.438321 0.415827 0.403158 0.388412 0.374562 0.357903 0.355595 0.354602 0.350193 0.343885 0.39378 0.396144 0.431022 0.441193 0.430294 0.429829 0.432855 0.470528 0.475263 3.292356e-01 0.908
N:0 Run:3 0.300474 0.303007 0.343443 0.359366 0.450662 0.520369 0.590373 0.625503 0.678587 0.732777 0.733875 0.745676 0.723172 0.686161 0.665259 0.620954 0.625093 0.61603 0.661889 0.686123 0.694666 3.292356e-01 0.908
N:0 Run:4 0.346489 0.345247 0.337743 0.349101 0.335209 0.334387 0.324498 0.336724 0.322978 0.311128 0.30621 0.294848 0.329838 0.371244 0.410212 0.442035 0.403392 0.388275 0.370055 0.361031 0.359813 3.292356e-01 0.908
N:0 Run:5 0.394788 0.378196 0.435123 0.464212 0.478428 0.494338 0.512205 0.514069 0.530506 0.594104 0.592306 0.591671 0.54206 0.52299 0.524518 0.489858 0.497294 0.477811 0.445846 0.431083 0.419921 3.292356e-01 0.908
N:0 Run:6 0.464411 0.463848 0.456676 0.448176 0.444212 0.433788 0.425828 0.432078 0.440529 0.478487 0.485387 0.455731 0.456723 0.426076 0.395043 0.385482 0.378146 0.390509 0.390922 0.377029 0.358218 3.292356e-01 0.908
N:0 Run:7 0.640342 0.624661 0.561051 0.502439 0.445911 0.399662 0.362144 0.340498 0.327238 0.304816 0.289736 0.279821 0.2813 0.301448 0.327972 0.362532 0.403979 0.394652 0.382653 0.421475 0.432444 3.292356e-01 0.908
N:0 Run:8 0.412994 0.458348 0.456081 0.482634 0.488628 0.508413 0.545141 0.567719 0.560427 0.613169 0.590635 0.589447 0.622608 0.615428 0.611152 0.563754 0.536375 0.524951 0.515126 0.519515 0.480567 3.292356e-01 0.908
N:0 Run:9 0.45167 0.459461 0.430891 0.396998 0.363681 0.334847 0.318113 0.29684 0.282919 0.275867 0.263005 0.258581 0.280495 0.311685 0.393365 0.419729 0.496046 0.457024 0.468213 0.474662 0.445593 3.292356e-01 0.908
N:1 Run:0 0.377412 0.386381 0.373564 0.370141 0.403837 0.41605 0.408568 0.390618 0.365927 0.34893 0.349868 0.335678 0.336512 0.368716 0.359149 0.36964 0.351541 0.348049 0.345959 0.344562 0.386958 2.884384e-01 0.838
N:1 Run:1 0.559455 0.526086 0.487163 0.44869 0.418999 0.395453 0.378781 0.38331 0.378699 0.379185 0.392984 0.38592 0.46818 0.570704 0.541468 0.557771 0.618815 0.616282 0.655783 0.646678 0.624966 2.884384e-01 0.838
N:1 Run:2 0.414537 0.416099 0.39561 0.402029 0.385032 0.370289 0.353002 0.342569 0.347108 0.33417 0.322204 0.321698 0.338986 0.351448 0.349726 0.350797 0.342024 0.348743 0.354475 0.355531 0.390675 2.884384e-01 0.838
N:1 Run:3 0.300474 0.350291 0.474432 0.520388 0.542967 0.591911 0.597019 0.585475 0.628194 0.674489 0.679507 0.673703 0.681805 0.728084 0.762351 0.704368 0.615479 0.589761 0.548893 0.557665 0.570699 2.884384e-01 0.838
N:1 Run:4 0.346489 0.354356 0.344621 0.344778 0.362505 0.34543 0.342656 0.330345 0.321297 0.321079 0.319364 0.311341 0.323228 0.353928 0.364185 0.346397 0.333532 0.344045 0.351397 0.369455 0.350151 2.884384e-01 0.838
N:1 Run:5 0.394788 0.416381 0.529013 0.623674 0.644889 0.644035 0.629075 0.648903 0.647467 0.692902 0.708751 0.673093 0.625972 0.598981 0.559443 0.534225 0.524018 0.496258 0.491182 0.476367 0.472749 2.884384e-01 0.838
N:1 Run:6 0.464411 0.486259 0.491739 0.48124 0.473595 0.467143 0.460541 0.455195 0.437756 0.417849 0.406275 0.36966 0.366934 0.36028 0.363703 0.359356 0.352768 0.358881 0.365511 0.408136 0.386234 2.884384e-01 0.838
N:1 Run:7 0.640342 0.642455 0.557716 0.527648 0.509581 0.461924 0.424741 0.435159 0.400931 0.370192 0.356839 0.350018 0.34687 0.353876 0.34726 0.348261 0.36057 0.372179 0.356476 0.35539 0.393483 2.884384e-01 0.838
N:1 Run:8 0.412994 0.429669 0.436373 0.43718 0.441346 0.447347 0.456178 0.51068 0.489676 0.485944 0.48405 0.463159 0.498461 0.516407 0.507151 0.511925 0.519403 0.479937 0.544446 0.558972 0.590017 2.884384e-01 0.838
N:1 Run:9 0.45167 0.44923 0.405528 0.372799 0.343144 0.320547 0.303039 0.29005 0.280402 0.273296 0.268024 0.264063 0.271245 0.277786 0.289628 0.301612 0.316847 0.338566 0.368957 0.429664 0.450387 2.884384e-01 0.838
N:2 Run:0 0.377412 0.39511 0.322429 0.262739 0.242206 0.239333 0.203142 0.183783 0.166395 0.156811 0.150824 0.170589 0.219885 0.308311 0.354039 0.396579 0.377524 0.391675 0.39193 0.398117 0.423645 2.709453e-01 0.825
N:2 Run:1 0.559455 0.521491 0.500173 0.482096 0.478143 0.471782 0.461149 0.484193 0.496671 0.505985 0.513908 0.501896 0.516708 0.521694 0.49557 0.499479 0.514449 0.522939 0.529105 0.508107 0.499624 2.709453e-01 0.825
N:2 Run:2 0.414537 0.416204 0.357704 0.310577 0.28511 0.306173 0.28726 0.258163 0.222909 0.211647 0.197413 0.180084 0.264171 0.331362 0.354734 0.381688 0.363826 0.378539 0.380076 0.369721 0.388333 2.709453e-01 0.825
N:2 Run:3 0.300474 0.333954 0.456051 0.545539 0.607518 0.649669 0.678115 0.696581 0.707567 0.719602 0.723144 0.729276 0.703849 0.667162 0.633338 0.573681 0.506473 0.483501 0.450879 0.447186 0.468115 2.709453e-01 0.825
N:2 Run:4 0.346489 0.372239 0.38858 0.407921 0.429217 0.410188 0.428398 0.421406 0.426754 0.459346 0.465299 0.437749 0.450527 0.474679 0.471744 0.445817 0.418338 0.435883 0.408196 0.428634 0.390973 2.709453e-01 0.825
N:2 Run:5 0.394788 0.419 0.486517 0.542849 0.586812 0.614548 0.632886 0.645218 0.655689 0.666398 0.668275 0.672063 0.650081 0.617801 0.575663 0.545268 0.520671 0.485215 0.475005 0.458213 0.453375 2.709453e-01 0.825
N:2 Run:6 0.464411 0.473068 0.467537 0.474125 0.477586 0.491165 0.4986 0.516684 0.503645 0.499111 0.493662 0.422397 0.435357 0.44232 0.469939 0.442525 0.441588 0.433117 0.43167 0.437157 0.415383 2.709453e-01 0.825
N:2 Run:7 0.640342 0.577102 0.488606 0.468936 0.469097 0.445795 0.426402 0.452635 0.435728 0.426405 0.439785 0.44605 0.45408 0.455181 0.448302 0.443806 0.449443 0.468393 0.430309 0.420859 0.427302 2.709453e-01 0.825
N:2 Run:8 0.412994 0.429921 0.444202 0.448843 0.44496 0.432763 0.439016 0.459388 0.45712 0.458018 0.452254 0.437426 0.459971 0.467283 0.457168 0.447128 0.442139 0.422319 0.45789 0.461965 0.47884 2.709453e-01 0.825
N:2 Run:9 0.45167 0.447313 0.390173 0.33677 0.315424 0.296838 0.269801 0.249217 0.244622 0.229654 0.238713 0.223812 0.290501 0.330037 0.353736 0.365599 0.400855 0.422329 0.43984 0.460222 0.463798 2.709453e-01 0.825
N:3 Run:0 0.377412 0.39511 0.322429 0.262739 0.242206 0.239333 0.203142 0.183783 0.166395 0.156811 0.150824 0.170589 0.219885 0.308311 0.354039 0.396579 0.377524 0.391675 0.39193 0.398117 0.423645 2.736982e-01 0.899
N:3 Run:1 0.559455 0.521491 0.500173 0.482096 0.478143 0.471782 0.461149 0.484193 0.496671 0.505985 0.513908 0.501896 0.516708 0.521694 0.49557 0.499479 0.514449 0.522939 0.529105 0.508107 0.499624 2.736982e-01 0.899
N:3 Run:2 0.414537 0.416204 0.357704 0.310577 0.28511 0.306173 0.28726 0.258163 0.222909 0.211647 0.197413 0.180084 0.264171 0.331362 0.354734 0.381688 0.363826 0.378539 0.380076 0.369721 0.388333 2.736982e-01 0.899
N:3 Run:3 0.300474 0.333954 0.456051 0.545539 0.607518 0.649669 0.678115 0.696581 0.707567 0.719602 0.723144 0.729276 0.703849 0.667162 0.633338 0.573681 0.506473 0.483501 0.450879 0.447186 0.468115 2.736982e-01 0.899
N:3 Run:4 0.346489 0.372239 0.38858 0.407921 0.429217 0.410188 0.428398 0.421406 0.426754 0.459346 0.465299 0.437749 0.450527 0.474679 0.471744 0.445817 0.418338 0.435883 0.408196 0.428634 0.390973 2.736982e-01 0.899
N:3 Run:5 0.394788 0.419 0.486517 0.542849 0.586812 0.614548 0.632886 0.645218 0.655689 0.666398 0.668275 0.672063 0.650081 0.617801 0.575663 0.545268 0.520671 0.485215 0.475005 0.458213 0.453375 2.736982e-01 0.899
N:3 Run:6 0.464411 0.473068 0.467537 0.474125 0.477586 0.491165 0.4986 0.516684 0.503645 0.499111 0.493662 0.422397 0.435357 0.44232 0.469939 0.442525 0.441588 0.433117 0.43167 0.437157 0.415383 2.736982e-01 0.899
N:3 Run:7 0.640342 0.577102 0.488606 0.468936 0.469097 0.445795 0.426402 0.452635 0.435728 0.426405 0.439785 0.44605 0.45408 0.455181 0.448302 0.443806 0.449443 0.468393 0.430309 0.420859 0.427302 2.736982e-01 0.899
N:3 Run:8 0.412994 0.429921 0.444202 0.448843 0.44496 0.432763 0.439016 0.459388 0.45712 0.458018 0.452254 0.437426 0.459971 0.467283 0.457168 0.447128 0.442139 0.422319 0.45789 0.461965 0.47884 2.736982e-01 0.899
N:3 Run:9 0.45167 0.447313 0.390173 0.33677 0.315424 0.296838 0.269801 0.249217 0.244622 0.229654 0.238713 0.223812 0.290501 0.330037 0.353736 0.365599 0.400855 0.422329 0.43984 0.460222 0.463798 2.736982e-01 0.899
N:4 Run:0 0.377412 0.39511 0.322429 0.262739 0.242206 0.239333 0.203142 0.183783 0.166395 0.156811 0.150824 0.170589 0.219885 0.308311 0.354039 0.396579 0.377524 0.391675 0.39193 0.398117 0.423645 3.178563e-01 0.837
N:4 Run:1 0.559455 0.521491 0.500173 0.482096 0.478143 0.471782 0.461149 0.484193 0.496671 0.505985 0.513908 0.501896 0.516708 0.521694 0.49557 0.499479 0.514449 0.522939 0.529105 0.508107 0.499624 3.178563e-01 0.837
N:4 Run:2 0.414537 0.416204 0.357704 0.310577 0.28511 0.306173 0.28726 0.258163 0.222909 0.211647 0.197413 0.180084 0.264171 0.331362 0.354734 0.381688 0.363826 0.378539 0.380076 0.369721 0.388333 3.178563e-01 0.837
N:4 Run:3 0.300474 0.333954 0.456051 0.545539 0.607518 0.649669 0.678115 0.696581 0.707567 0.719602 0.723144 0.729276 0.703849 0.667162 0.633338 0.573681 0.506473 0.483501 0.450879 0.447186 0.468115 3.178563e-01 0.837
N:4 Run:4 0.346489 0.372239 0.38858 0.407921 0.429217 0.410188 0.428398 0.421406 0.426754 0.459346 0.465299 0.437749 0.450527 0.474679 0.471744 0.445817 0.418338 0.435883 0.408196 0.428634 0.390973 3.178563e-01 0.837
N:4 Run:5 0.394788 0.419 0.486517 0.542849 0.586812 0.614548 0.632886 0.645218 0.655689 0.666398 0.668275 0.672063 0.650081 0.617801 0.575663 0.545268 0.520671 0.485215 0.475005 0.458213 0.453375 3.178563e-01 0.837
N:4 Run:6 0.464411 0.473068 0.467537 0.474125 0.477586 0.491165 0.4986 0.516684 0.503645 0.499111 0.493662 0.422397 0.435357 0.44232 0.469939 0.442525 0.441588 0.433117 0.43167 0.437157 0.415383 3.178563e-01 0.837
N:4 Run:7 0.640342 0.577102 0.488606 0.468936 0.469097 0.445795 0.426402 0.452635 0.435728 0.426405 0.439785 0.44605 0.45408 0.455181 0.448302 0.443806 0.449443 0.468393 0.430309 0.420859 0.427302 3.178563e-01 0.837
N:4 Run:8 0.412994 0.429921 0.444202 0.448843 0.44496 0.432763 0.439016 0.459388 0.45712 0.458018 0.452254 0.437426 0.459971 0.467283 0.457168 0.447128 0.442139 0.422319 0.45789 0.461965 0.47884 3.178563e-01 0.837
N:4 Run:9 0.45167 0.447313 0.390173 0.33677 0.315424 0.296838 0.269801 0.249217 0.244622 0.229654 0.238713 0.223812 0.290501 0.330037 0.353736 0.365599 0.400855 0.422329 0.43984 0.460222 0.463798 3.178563e-01 0.837
N:5 Run:0 0.377412 0.39511 0.322429 0.262739 0.242206 0.239333 0.203142 0.183783 0.166395 0.156811 0.150824 0.170589 0.219885 0.308311 0.354039 0.396579 0.377524 0.391675 0.39193 0.398117 0.423645 3.317879e-01 0.908
N:5 Run:1 0.559455 0.521491 0.500173 0.482096 0.478143 0.471782 0.461149 0.484193 0.496671 0.505985 0.513908 0.501896 0.516708 0.521694 0.49557 0.499479 0.514449 0.522939 0.529105 0.508107 0.499624 3.317879e-01 0.908
N:5 Run:2 0.414537 0.416204 0.357704 0.310577 0.28511 0.306173 0.28726 0.258163 0.222909 0.211647 0.197413 0.180084 0.264171 0.331362 0.354734 0.381688 0.363826 0.378539 0.380076 0.369721 0.388333 3.317879e-01 0.908
N:5 Run:3 0.300474 0.333954 0.456051 0.545539 0.607518 0.649669 0.678115 0.696581 0.707567 0.719602 0.723144 0.729276 0.703849 0.667162 0.633338 0.573681 0.506473 0.483501 0.450879 0.447186 0.468115 3.317879e-01 0.908
N:5 Run:4 0.346489 0.372239 0.38858 0.407921 0.429217 0.410188 0.428398 0.421406 0.426754 0.459346 0.465299 0.437749 0.450527 0.474679 0.471744 0.445817 0.418338 0.435883 0.408196 0.428634 0.390973 3.317879e-01 0.908
N:5 Run:5 0.394788 0.419 0.486517 0.542849 0.586812 0.614548 0.632886 0.645218 0.655689 0.666398 0.668275 0.672063 0.650081 0.617801 0.575663 0.545268 0.520671 0.485215 0.475005 0.458213 0.453375 3.317879e-01 0.908
N:5 Run:6 0.464411 0.473068 0.467537 0.474125 0.477586 0.491165 0.4986 0.516684 0.503645 0.499111 0.493662 0.422397 0.435357 0.44232 0.469939 0.442525 0.441588 0.433117 0.43167 0.437157 0.415383 3.317879e-01 0.908
N:5 Run:7 0.640342 0.577102 0.488606 0.468936 0.469097 0.445795 0.426402 0.452635 0.435728 0.426405 0.439785 0.44605 0.45408 0.455181 0.448302 0.443806 0.449443 0.468393 0.430309 0.420859 0.427302 3.317879e-01 0.908
N:5 Run:8 0.412994 0.429921 0.444202 0.448843 0.44496 0.432763 0.439016 0.459388 0.45712 0.458018 0.452254 0.437426 0.459971 0.467283 0.457168 0.447128 0.442139 0.422319 0.45789 0.461965 0.47884 3.317879e-01 0.908
N:5 Run:9 0.45167 0.447313 0.390173 0.33677 0.315424 0.296838 0.269801 0.249217 0.244622 0.229654 0.238713 0.223812 0.290501 0.330037 0.353736 0.365599 0.400855 0.422329 0.43984 0.460222 0.463798 3.317879e-01 0.908
N:6 Run:0 0.377412 0.39511 0.322429 0.262739 0.242206 0.239333 0.203142 0.183783 0.166395 0.156811 0.150824 0.170589 0.219885 0.308311 0.354039 0.396579 0.377524 0.391675 0.39193 0.398117 0.423645 3.042384e-01 0.833
N:6 Run:1 0.559455 0.521491 0.500173 0.482096 0.478143 0.471782 0.461149 0.484193 0.496671 0.505985 0.513908 0.501896 0.516708 0.521694 0.49557 0.499479 0.514449 0.522939 0.529105 0.508107 0.499624 3.042384e-01 0.833
N:6 Run:2 0.414537 0.416204 0.357704 0.310577 0.28511 0.306173 0.28726 0.258163 0.222909 0.211647 0.197413 0.180084 0.264171 0.331362 0.354734 0.381688 0.363826 0.378539 0.380076 0.369721 0.388333 3.042384e-01 0.833
N:6 Run:3 0.300474 0.333954 0.456051 0.545539 0.607518 0.649669 0.678115 0.696581 0.707567 0.719602 0.723144 0.729276 0.703849 0.667162 0.633338 0.573681 0.506473 0.483501 0.450879 0.447186 0.468115 3.042384e-01 0.833
N:6 Run:4 0.346489 0.372239 0.38858 0.407921 0.429217 0.410188 0.428398 0.421406 0.426754 0.459346 0.465299 0.437749 0.450527 0.474679 0.471744 0.445817 0.418338 0.435883 0.408196 0.428634 0.390973 3.042384e-01 0.833
N:6 Run:5 0.394788 0.419 0.486517 0.542849 0.586812 0.614548 0.632886 0.645218 0.655689 0.666398 0.668275 0.672063 0.650081 0.617801 0.575663 0.545268 0.520671 0.485215 0.475005 0.458213 0.453375 3.042384e-01 0.833
N:6 Run:6 0.464411 0.473068 0.467537 0.474125 0.477586 0.491165 0.4986 0.516684 0.503645 0.499111 0.493662 0.422397 0.435357 0.44232 0.469939 0.442525 0.441588 0.433117 0.43167 0.437157 0.415383 3.042384e-01 0.833
N:6 Run:7 0.640342 0.577102 0.488606 0.468936 0.469097 0.445795 0.426402 0.452635 0.435728 0.426405 0.439785 0.44605 0.45408 0.455181 0.448302 0.443806 0.449443 0.468393 0.430309 0.420859 0.427302 3.042384e-01 0.833
N:6 Run:8 0.412994 0.429921 0.444202 0.448843 0.44496 0.432763 0.439016 0.459388 0.45712 0.458018 0.452254 0.437426 0.459971 0.467283 0.457168 0.447128 0.442139 0.422319 0.45789 0.461965 0.47884 3.042384e-01 0.833
N:6 Run:9 0.45167 0.447313 0.390173 0.33677 0.315424 0.296838 0.269801 0.249217 0.244622 0.229654 0.238713 0.223812 0.290501 0.330037 0.353736 0.365599 0.400855 0.422329 0.43984 0.460222 0.463798 3.042384e-01 0.833
N:7 Run:0 0.377412 0.39511 0.322429 0.262739 0.242206 0.239333 0.203142 0.183783 0.166395 0.156811 0.150824 0.170589 0.219885 0.308311 0.354039 0.396579 0.377524 0.391675 0.39193 0.398117 0.423645 2.869398e-01 0.832
N:7 Run:1 0.559455 0.521491 0.500173 0.482096 0.478143 0.471782 0.461149 0.484193 0.496671 0.505985 0.513908 0.501896 0.516708 0.521694 0.49557 0.499479 0.514449 0.522939 0.529105 0.508107 0.499624 2.869398e-01 0.832
N:7 Run:2 0.414537 0.416204 0.357704 0.310577 0.28511 0.306173 0.28726 0.258163 0.222909 0.211647 0.197413 0.180084 0.264171 0.331362 0.354734 0.381688 0.363826 0.378539 0.380076 0.369721 0.388333 2.869398e-01 0.832
N:7 Run:3 0.300474 0.333954 0.456051 0.545539 0.607518 0.649669 0.678115 0.696581 0.707567 0.719602 0.723144 0.729276 0.703849 0.667162 0.633338 0.573681 0.506473 0.483501 0.450879 0.447186 0.468115 2.869398e-01 0.832
N:7 Run:4 0.346489 0.372239 0.38858 0.407921 0.429217 0.410188 0.428398 0.421406 0.426754 0.459346 0.465299 0.437749 0.450527 0.474679 0.471744 0.445817 0.418338 0.435883 0.408196 0.428634 0.390973 2.869398e-01 0.832
N:7 Run:5 0.394788 0.419 0.486517 0.542849 0.586812 0.614548 0.632886 0.645218 0.655689 0.666398 0.668275 0.672063 0.650081 0.617801 0.575663 0.545268 0.520671 0.485215 0.475005 0.458213 0.453375 2.869398e-01 0.832
N:7 Run:6 0.464411 0.473068 0.467537 0.474125 0.477586 0.491165 0.4986 0.516684 0.503645 0.499111 0.493662 0.422397 0.435357 0.44232 0.469939 0.442525 0.441588 0.433117 0.43167 0.437157 0.415383 2.869398e-01 0.832
N:7 Run:7 0.640342 0.577102 0.488606 0.468936 0.469097 0.445795 0.426402 0.452635 0.435728 0.426405 0.439785 0.44605 0.45408 0.455181 0.448302 0.443806 0.449443 0.468393 0.430309 0.420859 0.427302 2.869398e-01 0.832
N:7 Run:8 0.412994 0.429921 0.444202 0.448843 0.44496 0.432763 0.439016 0.459388 0.45712 0.458018 0.452254 0.437426 0.459971 0.467283 0.457168 0.447128 0.442139 0.422319 0.45789 0.461965 0.47884 2.869398e-01 0.832
N:7 Run:9 0.45167 0.447313 0.390173 0.33677 0.315424 0.296838 0.269801 0.249217 0.244622 0.229654 0.238713 0.223812 0.290501 0.330037 0.353736 0.365599 0.400855 0.422329 0.43984 0.460222 0.463798 2.869398e-01 0.832
N:8 Run:0 0.377412 0.39511 0.322429 0.262739 0.242206 0.239333 0.203142 0.183783 0.166395 0.156811 0.150824 0.170589 0.219885 0.308311 0.354039 0.396579 0.377524 0.391675 0.39193 0.398117 0.423645 2.880264e-01 0.831
N:8 Run:1 0.559455 0.521491 0.500173 0.482096 0.478143 0.471782 0.461149 0.484193 0.496671 0.505985 0.513908 0.501896 0.516708 0.521694 0.49557 0.499479 0.514449 0.522939 0.529105 0.508107 0.499624 2.880264e-01 0.831
N:8 Run:2 0.414537 0.416204 0.357704 0.310577 0.28511 0.306173 0.28726 0.258163 0.222909 0.211647 0.197413 0.180084 0.264171 0.331362 0.354734 0.381688 0.363826 0.378539 0.380076 0.369721 0.388333 2.880264e-01 0.831
N:8 Run:3 0.300474 0.333954 0.456051 0.545539 0.607518 0.649669 0.678115 0.696581 0.707567 0.719602 0.723144 0.729276 0.703849 0.667162 0.633338 0.573681 0.506473 0.483501 0.450879 0.447186 0.468115 2.880264e-01 0.831
N:8 Run:4 0.346489 0.372239 0.38858 0.407921 0.429217 0.410188 0.428398 0.421406 0.426754 0.459346 0.465299 0.437749 0.450527 0.474679 0.471744 0.445817 0.418338 0.435883 0.408196 0.428634 0.390973 2.880264e-01 0.831
N:8 Run:5 0.394788 0.419 0.486517 0.542849 0.586812 0.614548 0.632886 0.645218 0.655689 0.666398 0.668275 0.672063 0.650081 0.617801 0.575663 0.545268 0.520671 0.485215 0.475005 0.458213 0.453375 2.880264e-01 0.831
N:8 Run:6 0.464411 0.473068 0.467537 0.474125 0.477586 0.491165 0.4986 0.516684 0.503645 0.499111 0.493662 0.422397 0.435357 0.44232 0.469939 0.442525 0.441588 0.433117 0.43167 0.437157 0.415383 2.880264e-01 0.831
N:8 Run:7 0.640342 0.577102 0.488606 0.468936 0.469097 0.445795 0.426402 0.452635 0.435728 0.426405 0.439785 0.44605 0.45408 0.455181 0.448302 0.443806 0.449443 0.468393 0.430309 0.420859 0.427302 2.880264e-01 0.831
N:8 Run:8 0.412994 0.429921 0.444202 0.448843 0.44496 0.432763 0.439016 0.459388 0.45712 0.458018 0.452254 0.437426 0.459971 0.467283 0.457168 0.447128 0.442139 0.422319 0.45789 0.461965 0.47884 2.880264e-01 0.831
N:8 Run:9 0.45167 0.447313 0.390173 0.33677 0.315424 0.296838 0.269801 0.249217 0.244622 0.229654 0.238713 0.223812 0.290501 0.330037 0.353736 0.365599 0.400855 0.422329 0.43984 0.460222 0.463798 2.880264e-01 0.831
N:9 Run:0 0.377412 0.39511 0.322429 0.262739 0.242206 0.239333 0.203142 0.183783 0.166395 0.156811 0.150824 0.170589 0.219885 0.308311 0.354039 0.396579 0.377524 0.391675 0.39193 0.398117 0.423645 2.891110e-01 0.841
N:9 Run:1 0.559455 0.521491 0.500173 0.482096 0.478143 0.471782 0.461149 0.484193 0.496671 0.505985 0.513908 0.501896 0.516708 0.521694 0.49557 0.499479 0.514449 0.522939 0.529105 0.508107 0.499624 2.891110e-01 0.841
N:9 Run:2 0.414537 0.416204 0.357704 0.310577 0.28511 0.306173 0.28726 0.258163 0.222909 0.211647 0.197413 0.180084 0.264171 0.331362 0.354734 0.381688 0.363826 0.378539 0.380076 0.369721 0.388333 2.891110e-01 0.841
N:9 Run:3 0.300474 0.333954 0.456051 0.545539 0.607518 0.649669 0.678115 0.696581 0.707567 0.719602 0.723144 0.729276 0.703849 0.667162 0.633338 0.573681 0.506473 0.483501 0.450879 0.447186 0.468115 2.891110e-01 0.841
N:9 Run:4 0.346489 0.372239 0.38858 0.407921 0.429217 0.410188 0.428398 0.421406 0.426754 0.459346 0.465299 0.437749 0.450527 0.474679 0.471744 0.445817 0.418338 0.435883 0.408196 0.428634 0.390973 2.891110e-01 0.841
N:9 Run:5 0.394788 0.419 0.486517 0.542849 0.586812 0.614548 0.632886 0.645218 0.655689 0.666398 0.668275 0.672063 0.650081 0.617801 0.575663 0.545268 0.520671 0.485215 0.475005 0.458213 0.453375 2.891110e-01 0.841
N:9 Run:6 0.464411 0.473068 0.467537 0.474125 0.477586 0.491165 0.4986 0.516684 0.503645 0.499111 0.493662 0.422397 0.435357 0.44232 0.469939 0.442525 0.441588 0.433117 0.43167 0.437157 0.415383 2.891110e-01 0.841
N:9 Run:7 0.640342 0.577102 0.488606 0.468936 0.469097 0.445795 0.426402 0.452635 0.435728 0.426405 0.439785 0.44605 0.45408 0.455181 0.448302 0.443806 0.449443 0.468393 0.430309 0.420859 0.427302 2.891110e-01 0.841
N:9 Run:8 0.412994 0.429921 0.444202 0.448843 0.44496 0.432763 0.439016 0.459388 0.45712 0.458018 0.452254 0.437426 0.459971 0.467283 0.457168 0.447128 0.442139 0.422319 0.45789 0.461965 0.47884 2.891110e-01 0.841
N:9 Run:9 0.45167 0.447313 0.390173 0.33677 0.315424 0.296838 0.269801 0.249217 0.244622 0.229654 0.238713 0.223812 0.290501 0.330037 0.353736 0.365599 0.400855 0.422329 0.43984 0.460222 0.463798 2.891110e-01 0.841
N:10 Run:0 0.377412 0.39511 0.322429 0.262739 0.242206 0.239333 0.203142 0.183783 0.166395 0.156811 0.150824 0.170589 0.219885 0.308311 0.354039 0.396579 0.377524 0.391675 0.39193 0.398117 0.423645 2.899968e-01 0.815
N:10 Run:1 0.559455 0.521491 0.500173 0.482096 0.478143 0.471782 0.461149 0.484193 0.496671 0.505985 0.513908 0.501896 0.516708 0.521694 0.49557 0.499479 0.514449 0.522939 0.529105 0.508107 0.499624 2.899968e-01 0.815
N:10 Run:2 0.414537 0.416204 0.357704 0.310577 0.28511 0.306173 0.28726 0.258163 0.222909 0.211647 0.197413 0.180084 0.264171 0.331362 0.354734 0.381688 0.363826 0.378539 0.380076 0.369721 0.388333 2.899968e-01 0.815
N:10 Run:3 0.300474 0.333954 0.456051 0.545539 0.607518 0.649669 0.678115 0.696581 0.707567 0.719602 0.723144 0.729276 0.703849 0.667162 0.633338 0.573681 0.506473 0.483501 0.450879 0.447186 0.468115 2.899968e-01 0.815
N:10 Run:4 0.346489 0.372239 0.38858 0.407921 0.429217 0.410188 0.428398 0.421406 0.426754 0.459346 0.465299 0.437749 0.450527 0.474679 0.471744 0.445817 0.418338 0.435883 0.408196 0.428634 0.390973 2.899968e-01 0.815
N:10 Run:5 0.394788 0.419 0.486517 0.542849 0.586812 0.614548 0.632886 0.645218 0.655689 0.666398 0.668275 0.672063 0.650081 0.617801 0.575663 0.545268 0.520671 0.485215 0.475005 0.458213 0.453375 2.899968e-01 0.815
N:10 Run:6 0.464411 0.473068 0.467537 0.474125 0.477586 0.491165 0.4986 0.516684 0.503645 0.499111 0.493662 0.422397 0.435357 0.44232 0.469939 0.442525 0.441588 0.433117 0.43167 0.437157 0.415383 2.899968e-01 0.815
N:10 Run:7 0.640342 0.577102 0.488606 0.468936 0.469097 0.445795 0.426402 0.452635 0.435728 0.426405 0.439785 0.44605 0.45408 0.455181 0.448302 0.443806 0.449443 0.468393 0.430309 0.420859 0.427302 2.899968e-01 0.815
N:10 Run:8 0.412994 0.429921 0.444202 0.448843 0.44496 0.432763 0.439016 0.459388 0.45712 0.458018 0.452254 0.437426 0.459971 0.467283 0.457168 0.447128 0.442139 0.422319 0.45789 0.461965 0.47884 2.899968e-01 0.815
N:10 Run:9 0.45167 0.447313 0.390173 0.33677 0.315424 0.296838 0.269801 0.249217 0.244622 0.229654 0.238713 0.223812 0.290501 0.330037 0.353736 0.365599 0.400855 0.422329 0.43984 0.460222 0.463798 2.899968e-01 0.815
N:11 Run:0 0.377412 0.356665 0.301506 0.248724 0.221822 0.210105 0.182066 0.16983 0.159206 0.152068 0.147083 0.156572 0.186807 0.245003 0.320919 0.359069 0.38151 0.391718 0.41285 0.441798 0.443683 2.454952e-01 0.849
N:11 Run:1 0.559455 0.498205 0.488686 0.488087 0.486763 0.462782 0.485841 0.476845 0.490738 0.508337 0.524042 0.486468 0.476774 0.476248 0.490104 0.487243 0.459723 0.497066 0.517087 0.487436 0.474176 2.454952e-01 0.849
N:11 Run:2 0.414537 0.435379 0.363903 0.305836 0.274084 0.277531 0.251934 0.225201 0.199473 0.187553 0.178622 0.162687 0.245758 0.274327 0.321951 0.37362 0.352222 0.396378 0.424405 0.401662 0.385267 2.454952e-01 0.849
N:11 Run:3 0.300474 0.3019 0.372504 0.441791 0.517256 0.568107 0.60958 0.627771 0.638367 0.638394 0.660345 0.668105 0.616367 0.55524 0.528629 0.480312 0.466463 0.44585 0.407939 0.404414 0.42084 2.454952e-01 0.849
N:11 Run:4 0.346489 0.355554 0.403358 0.416732 0.426238 0.388271 0.401396 0.420554 0.427658 0.432057 0.424578 0.398476 0.427127 0.42103 0.416956 0.409824 0.407529 0.42868 0.38917 0.398854 0.407776 2.454952e-01 0.849
N:11 Run:5 0.394788 0.394879 0.485417 0.559942 0.62062 0.664683 0.695222 0.714574 0.729482 0.740999 0.746125 0.75204 0.673972 0.62067 0.574934 0.528027 0.482724 0.473365 0.467696 0.464256 0.445756 2.454952e-01 0.849
N:11 Run:6 0.464411 0.451896 0.431049 0.445924 0.470924 0.509144 0.499684 0.504289 0.499067 0.501372 0.47744 0.480339 0.475184 0.470403 0.47177 0.446588 0.448583 0.428893 0.401752 0.384 0.401944 2.454952e-01 0.849
N:11 Run:7 0.640342 0.563082 0.535468 0.449339 0.446499 0.444202 0.444817 0.414394 0.45797 0.428988 0.422325 0.422274 0.399803 0.408892 0.435835 0.441144 0.412973 0.425938 0.382923 0.399771 0.361622 2.454952e-01 0.849
N:11 Run:8 0.412994 0.425282 0.504317 0.543875 0.579356 0.567356 0.592765 0.619837 0.648096 0.655189 0.674026 0.67927 0.586116 0.524035 0.525873 0.47549 0.436848 0.452026 0.466182 0.472748 0.443828 2.454952e-01 0.849
N:11 Run:9 0.45167 0.439958 0.388553 0.335586 0.307694 0.281757 0.259622 0.252881 0.262076 0.248362 0.245337 0.242331 0.297802 0.366947 0.40099 0.419602 0.449252 0.477507 0.459395 0.463269 0.452858 2.454952e-01 0.849
N:12 Run:0 0.377412 0.356665 0.301506 0.248724 0.221822 0.210105 0.182066 0.16983 0.159206 0.152068 0.147083 0.156572 0.186807 0.245003 0.320919 0.359069 0.38151 0.391718 0.41285 0.441798 0.443683 2.910494e-01 0.846
N:12 Run:1 0.559455 0.498205 0.488686 0.488087 0.486763 0.462782 0.485841 0.476845 0.490738 0.508337 0.524042 0.486468 0.476774 0.476248 0.490104 0.487243 0.459723 0.497066 0.517087 0.487436 0.474176 2.910494e-01 0.846
N:12 Run:2 0.414537 0.435379 0.363903 0.305836 0.274084 0.277531 0.251934 0.225201 0.199473 0.187553 0.178622 0.162687 0.245758 0.274327 0.321951 0.37362 0.352222 0.396378 0.424405 0.401662 0.385267 2.910494e-01 0.846
N:12 Run:3 0.300474 0.3019 0.372504 0.441791 0.517256 0.568107 0.60958 0.627771 0.638367 0.638394 0.660345 0.668105 0.616367 0.55524 0.528629 0.480312 0.466463 0.44585 0.407939 0.404414 0.42084 2.910494e-01 0.846
N:12 Run:4 0.346489 0.355554 0.403358 0.416732 0.426238 0.388271 0.401396 0.420554 0.427658 0.432057 0.424578 0.398476 0.427127 0.42103 0.416956 0.409824 0.407529 0.42868 0.38917 0.398854 0.407776 2.910494e-01 0.846
N:12 Run:5 0.394788 0.394879 0.485417 0.559942 0.62062 0.664683 0.695222 0.714574 0.729482 0.740999 0.746125 0.75204 0.673972 0.62067 0.574934 0.528027 0.482724 0.473365 0.467696 0.464256 0.445756 2.910494e-01 0.846
N:12 Run:6 0.464411 0.451896 0.431049 0.445924 0.470924 0.509144 0.499684 0.504289 0.499067 0.501372 0.47744 0.480339 0.475184 0.470403 0.47177 0.446588 0.448583 0.428893 0.401752 0.384 0.401944 2.910494e-01 0.846
N:12 Run:7 0.640342 0.563082 0.535468 0.449339 0.446499 0.444202 0.444817 0.414394 0.45797 0.428988 0.422325 0.422274 0.399803 0.408892 0.435835 0.441144 0.412973 0.425938 0.382923 0.399771 0.361622 2.910494e-01 0.846
N:12 Run:8 0.412994 0.425282 0.504317 0.543875 0.579356 0.567356 0.592765 0.619837 0.648096 0.655189 0.674026 0.67927 0.586116 0.524035 0.525873 0.47549 0.436848 0.452026 0.466182 0.472748 0.443828 2.910494e-01 0.846
N:12 Run:9 0.45167 0.439958 0.388553 0.335586 0.307694 0.281757 0.259622 0.252881 0.262076 0.248362 0.245337 0.242331 0.297802 0.366947 0.40099 0.419602 0.449252 0.477507 0.459395 0.463269 0.452858 2.910494e-01 0.846
N:13 Run:0 0.377412 0.356665 0.301506 0.248724 0.221822 0.210105 0.182066 0.16983 0.159206 0.152068 0.147083 0.156572 0.186807 0.245003 0.320919 0.359069 0.38151 0.391718 0.41285 0.441798 0.443683 3.248453e-01 0.796
N:13 Run:1 0.559455 0.498205 0.488686 0.488087 0.486763 0.462782 0.485841 0.476845 0.490738 0.508337 0.524042 0.486468 0.476774 0.476248 0.490104 0.487243 0.459723 0.497066 0.517087 0.487436 0.474176 3.248453e-01 0.796
N:13 Run:2 0.414537 0.435379 0.363903 0.305836 0.274084 0.277531 0.251934 0.225201 0.199473 0.187553 0.178622 0.162687 0.245758 0.274327 0.321951 0.37362 0.352222 0.396378 0.424405 0.401662 0.385267 3.248453e-01 0.796
N:13 Run:3 0.300474 0.3019 0.372504 0.441791 0.517256 0.568107 0.60958 0.627771 0.638367 0.638394 0.660345 0.668105 0.616367 0.55524 0.528629 0.480312 0.466463 0.44585 0.407939 0.404414 0.42084 3.248453e-01 0.796
N:13 Run:4 0.346489 0.355554 0.403358 0.416732 0.426238 0.388271 0.401396 0.420554 0.427658 0.432057 0.424578 0.398476 0.427127 0.42103 0.416956 0.409824 0.407529 0.42868 0.38917 0.398854 0.407776 3.248453e-01 0.796
N:13 Run:5 0.394788 0.394879 0.485417 0.559942 0.62062 0.664683 0.695222 0.714574 0.729482 0.740999 0.746125 0.75204 0.673972 0.62067 0.574934 0.528027 0.482724 0.473365 0.467696 0.464256 0.445756 3.248453e-01 0.796
N:13 Run:6 0.464411 0.451896 0.431049 0.445924 0.470924 0.509144 0.499684 0.504289 0.499067 0.501372 0.47744 0.480339 0.475184 0.470403 0.47177 0.446588 0.448583 0.428893 0.401752 0.384 0.401944 3.248453e-01 0.796
N:13 Run:7 0.640342 0.563082 0.535468 0.449339 0.446499 0.444202 0.444817 0.414394 0.45797 0.428988 0.422325 0.422274 0.399803 0.408892 0.435835 0.441144 0.412973 0.425938 0.382923 0.399771 0.361622 3.248453e-01 0.796
N:13 Run:8 0.412994 0.425282 0.504317 0.543875 0.579356 0.567356 0.592765 0.619837 0.648096 0.655189 0.674026 0.67927 0.586116 0.524035 0.525873 0.47549 0.436848 0.452026 0.466182 0.472748 0.443828 3.248453e-01 0.796
N:13 Run:9 0.45167 0.439958 0.388553 0.335586 0.307694 0.281757 0.259622 0.252881 0.262076 0.248362 0.245337 0.242331 0.297802 0.366947 0.40099 0.419602 0.449252 0.477507 0.459395 0.463269 0.452858 3.248453e-01 0.796
N:14 Run:0 0.377412 0.356665 0.301506 0.248724 0.221822 0.210105 0.182066 0.16983 0.159206 0.152068 0.147083 0.156572 0.186807 0.245003 0.320919 0.359069 0.38151 0.391718 0.41285 0.441798 0.443683 2.471402e-01 0.839
N:14 Run:1 0.559455 0.498205 0.488686 0.488087 0.486763 0.462782 0.485841 0.476845 0.490738 0.508337 0.524042 0.486468 0.476774 0.476248 0.490104 0.487243 0.459723 0.497066 0.517087 0.487436 0.474176 2.471402e-01 0.839
N:14 Run:2 0.414537 0.435379 0.363903 0.305836 0.274084 0.277531 0.251934 0.225201 0.199473 0.187553 0.178622 0.162687 0.245758 0.274327 0.321951 0.37362 0.352222 0.396378 0.424405 0.401662 0.385267 2.471402e-01 0.839
N:14 Run:3 0.300474 0.3019 0.372504 0.441791 0.517256 0.568107 0.60958 0.627771 0.638367 0.638394 0.660345 0.668105 0.616367 0.55524 0.528629 0.480312 0.466463 0.44585 0.407939 0.404414 0.42084 2.471402e-01 0.839
N:14 Run:4 0.346489 0.355554 0.403358 0.416732 0.426238 0.388271 0.401396 0.420554 0.427658 0.432057 0.424578 0.398476 0.427127 0.42103 0.416956 0.409824 0.407529 0.42868 0.38917 0.398854 0.407776 2.471402e-01 0.839
N:14 Run:5 0.394788 0.394879 0.485417 0.559942 0.62062 0.664683 0.695222 0.714574 0.729482 0.740999 0.746125 0.75204 0.673972 0.62067 0.574934 0.528027 0.482724 0.473365 0.467696 0.464256 0.445756 2.471402e-01 0.839
N:14 Run:6 0.464411 0.451896 0.431049 0.445924 0.470924 0.509144 0.499684 0.504289 0.499067 0.501372 0.47744 0.480339 0.475184 0.470403 0.47177 0.446588 0.448583 0.428893 0.401752 0.384 0.401944 2.471402e-01 0.839
N:14 Run:7 0.640342 0.563082 0.535468 0.449339 0.446499 0.444202 0.444817 0.414394 0.45797 0.428988 0.422325 0.422274 0.399803 0.408892 0.435835 0.441144 0.412973 0.425938 0.382923 0.399771 0.361622 2.471402e-01 0.839
N:14 Run:8 0.412994 0.425282 0.504317 0.543875 0.579356 0.567356 0.592765 0.619837 0.648096 0.655189 0.674026 0.67927 0.586116 0.524035 0.525873 0.47549 0.436848 0.452026 0.466182 0.472748 0.443828 2.471402e-01 0.839
N:14 Run:9 0.45167 0.439958 0.388553 0.335586 0.307694 0.281757 0.259622 0.252881 0.262076 0.248362 0.245337 0.242331 0.297802 0.366947 0.40099 0.419602 0.449252 0.477507 0.459395 0.463269 0.452858 2.471402e-01 0.839
N:15 Run:0 0.377412 0.356665 0.301506 0.248724 0.221822 0.210105 0.182066 0.16983 0.159206 0.152068 0.147083 0.156572 0.186807 0.245003 0.320919 0.359069 0.38151 0.391718 0.41285 0.441798 0.443683 3.326413e-01 0.884
N:15 Run:1 0.559455 0.498205 0.488686 0.488087 0.486763 0.462782 0.485841 0.476845 0.490738 0.508337 0.524042 0.486468 0.476774 0.476248 0.490104 0.487243 0.459723 0.497066 0.517087 0.487436 0.474176 3.326413e-01 0.884
N:15 Run:2 0.414537 0.435379 0.363903 0.305836 0.274084 0.277531 0.251934 0.225201 0.199473 0.187553 0.178622 0.162687 0.245758 0.274327 0.321951 0.37362 0.352222 0.396378 0.424405 0.401662 0.385267 3.326413e-01 0.884
N:15 Run:3 0.300474 0.3019 0.372504 0.441791 0.517256 0.568107 0.60958 0.627771 0.638367 0.638394 0.660345 0.668105 0.616367 0.55524 0.528629 0.480312 0.466463 0.44585 0.407939 0.404414 0.42084 3.326413e-01 0.884
N:15 Run:4 0.346489 0.355554 0.403358 0.416732 0.426238 0.388271 0.401396 0.420554 0.427658 0.432057 0.424578 0.398476 0.427127 0.42103 0.416956 0.409824 0.407529 0.42868 0.38917 0.398854 0.407776 3.326413e-01 0.884
N:15 Run:5 0.394788 0.394879 0.485417 0.559942 0.62062 0.664683 0.695222 0.714574 0.729482 0.740999 0.746125 0.75204 0.673972 0.62067 0.574934 0.528027 0.482724 0.473365 0.467696 0.464256 0.445756 3.326413e-01 0.884
N:15 Run:6 0.464411 0.451896 0.431049 0.445924 0.470924 0.509144 0.499684 0.504289 0.499067 0.501372 0.47744 0.480339 0.475184 0.470403 0.47177 0.446588 0.448583 0.428893 0.401752 0.384 0.401944 3.326413e-01 0.884
N:15 Run:7 0.640342 0.563082 0.535468 0.449339 0.446499 0.444202 0.444817 0.414394 0.45797 0.428988 0.422325 0.422274 0.399803 0.408892 0.435835 0.441144 0.412973 0.425938 0.382923 0.399771 0.361622 3.326413e-01 0.884
N:15 Run:8 0.412994 0.425282 0.504317 0.543875 0.579356 0.567356 0.592765 0.619837 0.648096 0.655189 0.674026 0.67927 0.586116 0.524035 0.525873 0.47549 0.436848 0.452026 0.466182 0.472748 0.443828 3.326413e-01 0.884
N:15 Run:9 0.45167 0.439958 0.388553 0.335586 0.307694 0.281757 0.259622 0.252881 0.262076 0.248362 0.245337 0.242331 0.297802 0.366947 0.40099 0.419602 0.449252 0.477507 0.459395 0.463269 0.452858 3.326413e-01 0.884
N:16 Run:0 0.377412 0.356665 0.301506 0.248724 0.221822 0.210105 0.182066 0.16983 0.159206 0.152068 0.147083 0.156572 0.186807 0.245003 0.320919 0.359069 0.38151 0.391718 0.41285 0.441798 0.443683 2.871385e-01 0.832
N:16 Run:1 0.559455 0.498205 0.488686 0.488087 0.486763 0.462782 0.485841 0.476845 0.490738 0.508337 0.524042 0.486468 0.476774 0.476248 0.490104 0.487243 0.459723 0.497066 0.517087 0.487436 0.474176 2.871385e-01 0.832
N:16 Run:2 0.414537 0.435379 0.363903 0.305836 0.274084 0.277531 0.251934 0.225201 0.199473 0.187553 0.178622 0.162687 0.245758 0.274327 0.321951 0.37362 0.352222 0.396378 0.424405 0.401662 0.385267 2.871385e-01 0.832
N:16 Run:3 0.300474 0.3019 0.372504 0.441791 0.517256 0.568107 0.60958 0.627771 0.638367 0.638394 0.660345 0.668105 0.616367 0.55524 0.528629 0.480312 0.466463 0.44585 0.407939 0.404414 0.42084 2.871385e-01 0.832
N:16 Run:4 0.346489 0.355554 0.403358 0.416732 0.426238 0.388271 0.401396 0.420554 0.427658 0.432057 0.424578 0.398476 0.427127 0.42103 0.416956 0.409824 0.407529 0.42868 0.38917 0.398854 0.407776 2.871385e-01 0.832
N:16 Run:5 0.394788 0.394879 0.485417 0.559942 0.62062 0.664683 0.695222 0.714574 0.729482 0.740999 0.746125 0.75204 0.673972 0.62067 0.574934 0.528027 0.482724 0.473365 0.467696 0.464256 0.445756 2.871385e-01 0.832
N:16 Run:6 0.464411 0.451896 0.431049 0.445924 0.470924 0.509144 0.499684 0.504289 0.499067 0.501372 0.47744 0.480339 0.475184 0.470403 0.47177 0.446588 0.448583 0.428893 0.401752 0.384 0.401944 2.871385e-01 0.832
N:16 Run:7 0.640342 0.563082 0.535468 0.449339 0.446499 0.444202 0.444817 0.414394 0.45797 0.428988 0.422325 0.422274 0.399803 0.408892 0.435835 0.441144 0.412973 0.425938 0.382923 0.399771 0.361622 2.871385e-01 0.832
N:16 Run:8 0.412994 0.425282 0.504317 0.543875 0.579356 0.567356 0.592765 0.619837 0.648096 0.655189 0.674026 0.67927 0.586116 0.524035 0.525873 0.47549 0.436848 0.452026 0.466182 0.472748 0.443828 2.871385e-01 0.832
N:16 Run:9 0.45167 0.439958 0.388553 0.335586 0.307694 0.281757 0.259622 0.252881 0.262076 0.248362 0.245337 0.242331 0.297802 0.366947 0.40099 0.419602 0.449252 0.477507 0.459395 0.463269 0.452858 2.871385e-01 0.832
N:17 Run:0 0.377412 0.356665 0.301506 0.248724 0.221822 0.210105 0.182066 0.16983 0.159206 0.152068 0.147083 0.156572 0.186807 0.245003 0.320919 0.359069 0.38151 0.391718 0.41285 0.441798 0.443683 2.899414e-01 0.821
N:17 Run:1 0.559455 0.498205 0.488686 0.488087 0.486763 0.462782 0.485841 0.476845 0.490738 0.508337 0.524042 0.486468 0.476774 0.476248 0.490104 0.487243 0.459723 0.497066 0.517087 0.487436 0.474176 2.899414e-01 0.821
N:17 Run:2 0.414537 0.435379 0.363903 0.305836 0.274084 0.277531 0.251934 0.225201 0.199473 0.187553 0.178622 0.162687 0.245758 0.274327 0.321951 0.37362 0.352222 0.396378 0.424405 0.401662 0.385267 2.899414e-01 0.821
N:17 Run:3 0.300474 0.3019 0.372504 0.441791 0.517256 0.568107 0.60958 0.627771 0.638367 0.638394 0.660345 0.668105 0.616367 0.55524 0.528629 0.480312 0.466463 0.44585 0.407939 0.404414 0.42084 2.899414e-01 0.821
N:17 Run:4 0.346489 0.355554 0.403358 0.416732 0.426238 0.388271 0.401396 0.420554 0.427658 0.432057 0.424578 0.398476 0.427127 0.42103 0.416956 0.409824 0.407529 0.42868 0.38917 0.398854 0.407776 2.899414e-01 0.821
N:17 Run:5 0.394788 0.394879 0.485417 0.559942 0.62062 0.664683 0.695222 0.714574 0.729482 0.740999 0.746125 0.75204 0.673972 0.62067 0.574934 0.528027 0.482724 0.473365 0.467696 0.464256 0.445756 2.899414e-01 0.821
N:17 Run:6 0.464411 0.451896 0.431049 0.445924 0.470924 0.509144 0.499684 0.504289 0.499067 0.501372 0.47744 0.480339 0.475184 0.470403 0.47177 0.446588 0.448583 0.428893 0.401752 0.384 0.401944 2.899414e-01 0.821
N:17 Run:7 0.640342 0.563082 0.535468 0.449339 0.446499 0.444202 0.444817 0.414394 0.45797 0.428988 0.422325 0.422274 0.399803 0.408892 0.435835 0.441144 0.412973 0.425938 0.382923 0.399771 0.361622 2.899414e-01 0.821
N:17 Run:8 0.412994 0.425282 0.504317 0.543875 0.579356 0.567356 0.592765 0.619837 0.648096 0.655189 0.674026 0.67927 0.586116 0.524035 0.525873 0.47549 0.436848 0.452026 0.466182 0.472748 0.443828 2.899414e-01 0.821
N:17 Run:9 0.45167 0.439958 0.388553 0.335586 0.307694 0.281757 0.259622 0.252881 0.262076 0.248362 0.245337 0.242331 0.297802 0.366947 0.40099 0.419602 0.449252 0.477507 0.459395 0.463269 0.452858 2.899414e-01 0.821
N:18 Run:0 0.377412 0.356665 0.301506 0.248724 0.221822 0.210105 0.182066 0.16983 0.159206 0.152068 0.147083 0.156572 0.186807 0.245003 0.320919 0.359069 0.38151 0.391718 0.41285 0.441798 0.443683 2.728475e-01 0.867
N:18 Run:1 0.559455 0.498205 0.488686 0.488087 0.486763 0.462782 0.485841 0.476845 0.490738 0.508337 0.524042 0.486468 0.476774 0.476248 0.490104 0.487243 0.459723 0.497066 0.517087 0.487436 0.474176 2.728475e-01 0.867
N:18 Run:2 0.414537 0.435379 0.363903 0.305836 0.274084 0.277531 0.251934 0.225201 0.199473 0.187553 0.178622 0.162687 0.245758 0.274327 0.321951 0.37362 0.352222 0.396378 0.424405 0.401662 0.385267 2.728475e-01 0.867
N:18 Run:3 0.300474 0.3019 0.372504 0.441791 0.517256 0.568107 0.60958 0.627771 0.638367 0.638394 0.660345 0.668105 0.616367 0.55524 0.528629 0.480312 0.466463 0.44585 0.407939 0.404414 0.42084 2.728475e-01 0.867
N:18 Run:4 0.346489 0.355554 0.403358 0.416732 0.426238 0.388271 0.401396 0.420554 0.427658 0.432057 0.424578 0.398476 0.427127 0.42103 0.416956 0.409824 0.407529 0.42868 0.38917 0.398854 0.407776 2.728475e-01 0.867
N:18 Run:5 0.394788 0.394879 0.485417 0.559942 0.62062 0.664683 0.695222 0.714574 0.729482 0.740999 0.746125 0.75204 0.673972 0.62067 0.574934 0.528027 0.482724 0.473365 0.467696 0.464256 0.445756 2.728475e-01 0.867
N:18 Run:6 0.464411 0.451896 0.431049 0.445924 0.470924 0.509144 0.499684 0.504289 0.499067 0.501372 0.47744 0.480339 0.475184 0.470403 0.47177 0.446588 0.448583 0.428893 0.401752 0.384 0.401944 2.728475e-01 0.867
N:18 Run:7 0.640342 0.563082 0.535468 0.449339 0.446499 0.444202 0.444817 0.414394 0.45797 0.428988 0.422325 0.422274 0.399803 0.408892 0.435835 0.441144 0.412973 0.425938 0.382923 0.399771 0.361622 2.728475e-01 0.867
N:18 Run:8 0.412994 0.425282 0.504317 0.543875 0.579356 0.567356 0.592765 0.619837 0.648096 0.655189 0.674026 0.67927 0.586116 0.524035 0.525873 0.47549 0.436848 0.452026 0.466182 0.472748 0.443828 2.728475e-01 0.867
N:18 Run:9 0.45167 0.439958 0.388553 0.335586 0.307694 0.281757 0.259622 0.252881 0.262076 0.248362 0.245337 0.242331 0.297802 0.366947 0.40099 0.419602 0.449252 0.477507 0.459395 0.463269 0.452858 2.728475e-01 0.867
N:19 Run:0 0.377412 0.356665 0.301506 0.248724 0.221822 0.210105 0.182066 0.16983 0.159206 0.152068 0.147083 0.156572 0.186807 0.245003 0.320919 0.359069 0.38151 0.391718 0.41285 0.441798 0.443683 2.940081e-01 0.828
N:19 Run:1 0.559455 0.498205 0.488686 0.488087 0.486763 0.462782 0.485841 0.476845 0.490738 0.508337 0.524042 0.486468 0.476774 0.476248 0.490104 0.487243 0.459723 0.497066 0.517087 0.487436 0.474176 2.940081e-01 0.828
N:19 Run:2 0.414537 0.435379 0.363903 0.305836 0.274084 0.277531 0.251934 0.225201 0.199473 0.187553 0.178622 0.162687 0.245758 0.274327 0.321951 0.37362 0.352222 0.396378 0.424405 0.401662 0.385267 2.940081e-01 0.828
N:19 Run:3 0.300474 0.3019 0.372504 0.441791 0.517256 0.568107 0.60958 0.627771 0.638367 0.638394 0.660345 0.668105 0.616367 0.55524 0.528629 0.480312 0.466463 0.44585 0.407939 0.404414 0.42084 2.940081e-01 0.828
N:19 Run:4 0.346489 0.355554 0.403358 0.416732 0.426238 0.388271 0.401396 0.420554 0.427658 0.432057 0.424578 0.398476 0.427127 0.42103 0.416956 0.409824 0.407529 0.42868 0.38917 0.398854 0.407776 2.940081e-01 0.828
N:19 Run:5 0.394788 0.394879 0.485417 0.559942 0.62062 0.664683 0.695222 0.714574 0.729482 0.740999 0.746125 0.75204 0.673972 0.62067 0.574934 0.528027 0.482724 0.473365 0.467696 0.464256 0.445756 2.940081e-01 0.828
N:19 Run:6 0.464411 0.451896 0.431049 0.445924 0.470924 0.509144 0.499684 0.504289 0.499067 0.501372 0.47744 0.480339 0.475184 0.470403 0.47177 0.446588 0.448583 0.428893 0.401752 0.384 0.401944 2.940081e-01 0.828
N:19 Run:7 0.640342 0.563082 0.535468 0.449339 0.446499 0.444202 0.444817 0.414394 0.45797 0.428988 0.422325 0.422274 0.399803 0.408892 0.435835 0.441144 0.412973 0.425938 0.382923 0.399771 0.361622 2.940081e-01 0.828
N:19 Run:8 0.412994 0.425282 0.504317 0.543875 0.579356 0.567356 0.592765 0.619837 0.648096 0.655189 0.674026 0.67927 0.586116 0.524035 0.525873 0.47549 0.436848 0.452026 0.466182 0.472748 0.443828 2.940081e-01 0.828
N:19 Run:9 0.45167 0.439958 0.388553 0.335586 0.307694 0.281757 0.259622 0.252881 0.262076 0.248362 0.245337 0.242331 0.297802 0.366947 0.40099 0.419602 0.449252 0.477507 0.459395 0.463269 0.452858 2.940081e-01 0.828
N:20 Run:0 0.377412 0.356665 0.301506 0.248724 0.221822 0.210105 0.182066 0.16983 0.159206 0.152068 0.147083 0.156572 0.186807 0.245003 0.320919 0.359069 0.38151 0.391718 0.41285 0.441798 0.443683 3.304302e-01 0.852
N:20 Run:1 0.559455 0.498205 0.488686 0.488087 0.486763 0.462782 0.485841 0.476845 0.490738 0.508337 0.524042 0.486468 0.476774 0.476248 0.490104 0.487243 0.459723 0.497066 0.517087 0.487436 0.474176 3.304302e-01 0.852
N:20 Run:2 0.414537 0.435379 0.363903 0.305836 0.274084 0.277531 0.251934 0.225201 0.199473 0.187553 0.178622 0.162687 0.245758 0.274327 0.321951 0.37362 0.352222 0.396378 0.424405 0.401662 0.385267 3.304302e-01 0.852
N:20 Run:3 0.300474 0.3019 0.372504 0.441791 0.517256 0.568107 0.60958 0.627771 0.638367 0.638394 0.660345 0.668105 0.616367 0.55524 0.528629 0.480312 0.466463 0.44585 0.407939 0.404414 0.42084 3.304302e-01 0.852
N:20 Run:4 0.346489 0.355554 0.403358 0.416732 0.426238 0.388271 0.401396 0.420554 0.427658 0.432057 0.424578 0.398476 0.427127 0.42103 0.416956 0.409824 0.407529 0.42868 0.38917 0.398854 0.407776 3.304302e-01 0.852
N:20 Run:5 0.394788 0.394879 0.485417 0.559942 0.62062 0.664683 0.695222 0.714574 0.729482 0.740999 0.746125 0.75204 0.673972 0.62067 0.574934 0.528027 0.482724 0.473365 0.467696 0.464256 0.445756 3.304302e-01 0.852
N:20 Run:6 0.464411 0.451896 0.431049 0.445924 0.470924 0.509144 0.499684 0.504289 0.499067 0.501372 0.47744 0.480339 0.475184 0.470403 0.47177 0.446588 0.448583 0.428893 0.401752 0.384 0.401944 3.304302e-01 0.852
N:20 Run:7 0.640342 0.563082 0.535468 0.449339 0.446499 0.444202 0.444817 0.414394 0.45797 0.428988 0.422325 0.422274 0.399803 0.408892 0.435835 0.441144 0.412973 0.425938 0.382923 0.399771 0.361622 3.304302e-01 0.852
N:20 Run:8 0.412994 0.425282 0.504317 0.543875 0.579356 0.567356 0.592765 0.619837 0.648096 0.655189 0.674026 0.67927 0.586116 0.524035 0.525873 0.47549 0.436848 0.452026 0.466182 0.472748 0.443828 3.304302e-01 0.852
N:20 Run:9 0.45167 0.439958 0.388553 0.335586 0.307694 0.281757 0.259622 0.252881 0.262076 0.248362 0.245337 0.242331 0.297802 0.366947 0.40099 0.419602 0.449252 0.477507 0.459395 0.463269 0.452858 3.304302e-01 0.852
N:21 Run:0 0.377412 0.356665 0.301506 0.248724 0.221822 0.210105 0.182066 0.16983 0.159206 0.152068 0.147083 0.156572 0.186807 0.245003 0.320919 0.359069 0.38151 0.391718 0.41285 0.441798 0.443683 2.932898e-01 0.818
N:21 Run:1 0.559455 0.498205 0.488686 0.488087 0.486763 0.462782 0.485841 0.476845 0.490738 0.508337 0.524042 0.486468 0.476774 0.476248 0.490104 0.487243 0.459723 0.497066 0.517087 0.487436 0.474176 2.932898e-01 0.818
N:21 Run:2 0.414537 0.435379 0.363903 0.305836 0.274084 0.277531 0.251934 0.225201 0.199473 0.187553 0.178622 0.162687 0.245758 0.274327 0.321951 0.37362 0.352222 0.396378 0.424405 0.401662 0.385267 2.932898e-01 0.818
N:21 Run:3 0.300474 0.3019 0.372504 0.441791 0.517256 0.568107 0.60958 0.627771 0.638367 0.638394 0.660345 0.668105 0.616367 0.55524 0.528629 0.480312 0.466463 0.44585 0.407939 0.404414 0.42084 2.932898e-01 0.818
N:21 Run:4 0.346489 0.355554 0.403358 0.416732 0.426238 0.388271 0.401396 0.420554 0.427658 0.432057 0.424578 0.398476 0.427127 0.42103 0.416956 0.409824 0.407529 0.42868 0.38917 0.398854 0.407776 2.932898e-01 0.818
N:21 Run:5 0.394788 0.394879 0.485417 0.559942 0.62062 0.664683 0.695222 0.714574 0.729482 0.740999 0.746125 0.75204 0.673972 0.62067 0.574934 0.528027 0.482724 0.473365 0.467696 0.464256 0.445756 2.932898e-01 0.818
N:21 Run:6 0.464411 0.451896 0.431049 0.445924 0.470924 0.509144 0.499684 0.504289 0.499067 0.501372 0.47744 0.480339 0.475184 0.470403 0.47177 0.446588 0.448583 0.428893 0.401752 0.384 0.401944 2.932898e-01 0.818
N:21 Run:7 0.640342 0.563082 0.535468 0.449339 0.446499 0.444202 0.444817 0.414394 0.45797 0.428988 0.422325 0.422274 0.399803 0.408892 0.435835 0.441144 0.412973 0.425938 0.382923 0.399771 0.361622 2.932898e-01 0.818
N:21 Run:8 0.412994 0.425282 0.504317 0.543875 0.579356 0.567356 0.592765 0.619837 0.648096 0.655189 0.674026 0.67927 0.586116 0.524035 0.525873 0.47549 0.436848 0.452026 0.466182 0.472748 0.443828 2.932898e-01 0.818
N:21 Run:9 0.45167 0.439958 0.388553 0.335586 0.307694 0.281757 0.259622 0.252881 0.262076 0.248362 0.245337 0.242331 0.297802 0.366947 0.40099 0.419602 0.449252 0.477507 0.459395 0.463269 0.452858 2.932898e-01 0.818
N:22 Run:0 0.377412 0.356665 0.301506 0.248724 0.221822 0.210105 0.182066 0.16983 0.159206 0.152068 0.147083 0.156572 0.186807 0.245003 0.320919 0.359069 0.38151 0.391718 0.41285 0.441798 0.443683 2.550045e-01 0.874
N:22 Run:1 0.559455 0.498205 0.488686 0.488087 0.486763 0.462782 0.485841 0.476845 0.490738 0.508337 0.524042 0.486468 0.476774 0.476248 0.490104 0.487243 0.459723 0.497066 0.517087 0.487436 0.474176 2.550045e-01 0.874
N:22 Run:2 0.414537 0.435379 0.363903 0.305836 0.274084 0.277531 0.251934 0.225201 0.199473 0.187553 0.178622 0.162687 0.245758 0.274327 0.321951 0.37362 0.352222 0.396378 0.424405 0.401662 0.385267 2.550045e-01 0.874
N:22 Run:3 0.300474 0.3019 0.372504 0.441791 0.517256 0.568107 0.60958 0.627771 0.638367 0.638394 0.660345 0.668105 0.616367 0.55524 0.528629 0.480312 0.466463 0.44585 0.407939 0.404414 0.42084 2.550045e-01 0.874
N:22 Run:4 0.346489 0.355554 0.403358 0.416732 0.426238 0.388271 0.401396 0.420554 0.427658 0.432057 0.424578 0.398476 0.427127 0.42103 0.416956 0.409824 0.407529 0.42868 0.38917 0.398854 0.407776 2.550045e-01 0.874
N:22 Run:5 0.394788 0.394879 0.485417 0.559942 0.62062 0.664683 0.695222 0.714574 0.729482 0.740999 0.746125 0.75204 0.673972 0.62067 0.574934 0.528027 0.482724 0.473365 0.467696 0.464256 0.445756 2.550045e-01 0.874
N:22 Run:6 0.464411 0.451896 0.431049 0.445924 0.470924 0.509144 0.499684 0.504289 0.499067 0.501372 0.47744 0.480339 0.475184 0.470403 0.47177 0.446588 0.448583 0.428893 0.401752 0.384 0.401944 2.550045e-01 0.874
N:22 Run:7 0.640342 0.563082 0.535468 0.449339 0.446499 0.444202 0.444817 0.414394 0.45797 0.428988 0.422325 0.422274 0.399803 0.408892 0.435835 0.441144 0.412973 0.425938 0.382923 0.399771 0.361622 2.550045e-01 0.874
N:22 Run:8 0.412994 0.425282 0.504317 0.543875 0.579356 0.567356 0.592765 0.619837 0.648096 0.655189 0.674026 0.67927 0.586116 0.524035 0.525873 0.47549 0.436848 0.452026 0.466182 0.472748 0.443828 2.550045e-01 0.874
N:22 Run:9 0.45167 0.439958 0.388553 0.335586 0.307694 0.281757 0.259622 0.252881 0.262076 0.248362 0.245337 0.242331 0.297802 0.366947 0.40099 0.419602 0.449252 0.477507 0.459395 0.463269 0.452858 2.550045e-01 0.874
N:23 Run:0 0.377412 0.356665 0.301506 0.248724 0.221822 0.210105 0.182066 0.16983 0.159206 0.152068 0.147083 0.156572 0.186807 0.245003 0.320919 0.359069 0.38151 0.391718 0.41285 0.441798 0.443683 2.915767e-01 0.835
N:23 Run:1 0.559455 0.498205 0.488686 0.488087 0.486763 0.462782 0.485841 0.476845 0.490738 0.508337 0.524042 0.486468 0.476774 0.476248 0.490104 0.487243 0.459723 0.497066 0.517087 0.487436 0.474176 2.915767e-01 0.835
N:23 Run:2 0.414537 0.435379 0.363903 0.305836 0.274084 0.277531 0.251934 0.225201 0.199473 0.187553 0.178622 0.162687 0.245758 0.274327 0.321951 0.37362 0.352222 0.396378 0.424405 0.401662 0.385267 2.915767e-01 0.835
N:23 Run:3 0.300474 0.3019 0.372504 0.441791 0.517256 0.568107 0.60958 0.627771 0.638367 0.638394 0.660345 0.668105 0.616367 0.55524 0.528629 0.480312 0.466463 0.44585 0.407939 0.404414 0.42084 2.915767e-01 0.835
N:23 Run:4 0.346489 0.355554 0.403358 0.416732 0.426238 0.388271 0.401396 0.420554 0.427658 0.432057 0.424578 0.398476 0.427127 0.42103 0.416956 0.409824 0.407529 0.42868 0.38917 0.398854 0.407776 2.915767e-01 0.835
N:23 Run:5 0.394788 0.394879 0.485417 0.559942 0.62062 0.664683 0.695222 0.714574 0.729482 0.740999 0.746125 0.75204 0.673972 0.62067 0.574934 0.528027 0.482724 0.473365 0.467696 0.464256 0.445756 2.915767e-01 0.835
N:23 Run:6 0.464411 0.451896 0.431049 0.445924 0.470924 0.509144 0.499684 0.504289 0.499067 0.501372 0.47744 0.480339 0.475184 0.470403 0.47177 0.446588 0.448583 0.428893 0.401752 0.384 0.401944 2.915767e-01 0.835
N:23 Run:7 0.640342 0.563082 0.535468 0.449339 0.446499 0.444202 0.444817 0.414394 0.45797 0.428988 0.422325 0.422274 0.399803 0.408892 0.435835 0.441144 0.412973 0.425938 0.382923 0.399771 0.361622 2.915767e-01 0.835
N:23 Run:8 0.412994 0.425282 0.504317 0.543875 0.579356 0.567356 0.592765 0.619837 0.648096 0.655189 0.674026 0.67927 0.586116 0.524035 0.525873 0.47549 0.436848 0.452026 0.466182 0.472748 0.443828 2.915767e-01 0.835
N:23 Run:9 0.45167 0.439958 0.388553 0.335586 0.307694 0.281757 0.259622 0.252881 0.262076 0.248362 0.245337 0.242331 0.297802 0.366947 0.40099 0.419602 0.449252 0.477507 0.459395 0.463269 0.452858 2.915767e-01 0.835
N:24 Run:0 0.377412 0.356665 0.301506 0.248724 0.221822 0.210105 0.182066 0.16983 0.159206 0.152068 0.147083 0.156572 0.186807 0.245003 0.320919 0.359069 0.38151 0.391718 0.41285 0.441798 0.443683 2.893370e-01 0.829
N:24 Run:1 0.559455 0.498205 0.488686 0.488087 0.486763 0.462782 0.485841 0.476845 0.490738 0.508337 0.524042 0.486468 0.476774 0.476248 0.490104 0.487243 0.459723 0.497066 0.517087 0.487436 0.474176 2.893370e-01 0.829
N:24 Run:2 0.414537 0.435379 0.363903 0.305836 0.274084 0.277531 0.251934 0.225201 0.199473 0.187553 0.178622 0.162687 0.245758 0.274327 0.321951 0.37362 0.352222 0.396378 0.424405 0.401662 0.385267 2.893370e-01 0.829
N:24 Run:3 0.300474 0.3019 0.372504 0.441791 0.517256 0.568107 0.60958 0.627771 0.638367 0.638394 0.660345 0.668105 0.616367 0.55524 0.528629 0.480312 0.466463 0.44585 0.407939 0.404414 0.42084 2.893370e-01 0.829
N:24 Run:4 0.346489 0.355554 0.403358 0.416732 0.426238 0.388271 0.401396 0.420554 0.427658 0.432057 0.424578 0.398476 0.427127 0.42103 0.416956 0.409824 0.407529 0.42868 0.38917 0.398854 0.407776 2.893370e-01 0.829
N:24 Run:5 0.394788 0.394879 0.485417 0.559942 0.62062 0.664683 0.695222 0.714574 0.729482 0.740999 0.746125 0.75204 0.673972 0.62067 0.574934 0.528027 0.482724 0.473365 0.467696 0.464256 0.445756 2.893370e-01 0.829
N:24 Run:6 0.464411 0.451896 0.431049 0.445924 0.470924 0.509144 0.499684 0.504289 0.499067 0.501372 0.47744 0.480339 0.475184 0.470403 0.47177 0.446588 0.448583 0.428893 0.401752 0.384 0.401944 2.893370e-01 0.829
N:24 Run:7 0.640342 0.563082 0.535468 0.449339 0.446499 0.444202 0.444817 0.414394 0.45797 0.428988 0.422325 0.422274 0.399803 0.408892 0.435835 0.441144 0.412973 0.425938 0.382923 0.399771 0.361622 2.893370e-01 0.829
N:24 Run:8 0.412994 0.425282 0.504317 0.543875 0.579356 0.567356 0.592765 0.619837 0.648096 0.655189 0.674026 0.67927 0.586116 0.524035 0.525873 0.47549 0.436848 0.452026 0.466182 0.472748 0.443828 2.893370e-01 0.829
N:24 Run:9 0.45167 0.439958 0.388553 0.335586 0.307694 0.281757 0.259622 0.252881 0.262076 0.248362 0.245337 0.242331 0.297802 0.366947 0.40099 0.419602 0.449252 0.477507 0.459395 0.463269 0.452858 2.893370e-01 0.829
N:25 Run:0 0.377412 0.356665 0.301506 0.248724 0.221822 0.210105 0.182066 0.16983 0.159206 0.152068 0.147083 0.156572 0.186807 0.245003 0.320919 0.359069 0.38151 0.391718 0.41285 0.441798 0.443683 2.874216e-01 0.849
N:25 Run:1 0.559455 0.498205 0.488686 0.488087 0.486763 0.462782 0.485841 0.476845 0.490738 0.508337 0.524042 0.486468 0.476774 0.476248 0.490104 0.487243 0.459723 0.497066 0.517087 0.487436 0.474176 2.874216e-01 0.849
N:25 Run:2 0.414537 0.435379 0.363903 0.305836 0.274084 0.277531 0.251934 0.225201 0.199473 0.187553 0.178622 0.162687 0.245758 0.274327 0.321951 0.37362 0.352222 0.396378 0.424405 0.401662 0.385267 2.874216e-01 0.849
N:25 Run:3 0.300474 0.3019 0.372504 0.441791 0.517256 0.568107 0.60958 0.627771 0.638367 0.638394 0.660345 0.668105 0.616367 0.55524 0.528629 0.480312 0.466463 0.44585 0.407939 0.404414 0.42084 2.874216e-01 0.849
N:25 Run:4 0.346489 0.355554 0.403358 0.416732 0.426238 0.388271 0.401396 0.420554 0.427658 0.432057 0.424578 0.398476 0.427127 0.42103 0.416956 0.409824 0.407529 0.42868 0.38917 0.398854 0.407776 2.874216e-01 0.849
N:25 Run:5 0.394788 0.394879 0.485417 0.559942 0.62062 0.664683 0.695222 0.714574 0.729482 0.740999 0.746125 0.75204 0.673972 0.62067 0.574934 0.528027 0.482724 0.473365 0.467696 0.464256 0.445756 2.874216e-01 0.849
N:25 Run:6 0.464411 0.451896 0.431049 0.445924 0.470924 0.509144 0.499684 0.504289 0.499067 0.501372 0.47744 0.480339 0.475184 0.470403 0.47177 0.446588 0.448583 0.428893 0.401752 0.384 0.401944 2.874216e-01 0.849
N:25 Run:7 0.640342 0.563082 0.535468 0.449339 0.446499 0.444202 0.444817 0.414394 0.45797 0.428988 0.422325 0.422274 0.399803 0.408892 0.435835 0.441144 0.412973 0.425938 0.382923 0.399771 0.361622 2.874216e-01 0.849
N:25 Run:8 0.412994 0.425282 0.504317 0.543875 0.579356 0.567356 0.592765 0.619837 0.648096 0.655189 0.674026 0.67927 0.586116 0.524035 0.525873 0.47549 0.436848 0.452026 0.466182 0.472748 0.443828 2.874216e-01 0.849
N:25 Run:9 0.45167 0.439958 0.388553 0.335586 0.307694 0.281757 0.259622 0.252881 0.262076 0.248362 0.245337 0.242331 0.297802 0.366947 0.40099 0.419602 0.449252 0.477507 0.459395 0.463269 0.452858 2.874216e-01 0.849
N:26 Run:0 0.377412 0.356665 0.301506 0.248724 0.221822 0.210105 0.182066 0.16983 0.159206 0.152068 0.147083 0.156572 0.186807 0.245003 0.320919 0.359069 0.38151 0.391718 0.41285 0.441798 0.443683 2.887651e-01 0.850
N:26 Run:1 0.559455 0.498205 0.488686 0.488087 0.486763 0.462782 0.485841 0.476845 0.490738 0.508337 0.524042 0.486468 0.476774 0.476248 0.490104 0.487243 0.459723 0.497066 0.517087 0.487436 0.474176 2.887651e-01 0.850
N:26 Run:2 0.414537 0.435379 0.363903 0.305836 0.274084 0.277531 0.251934 0.225201 0.199473 0.187553 0.178622 0.162687 0.245758 0.274327 0.321951 0.37362 0.352222 0.396378 0.424405 0.401662 0.385267 2.887651e-01 0.850
N:26 Run:3 0.300474 0.3019 0.372504 0.441791 0.517256 0.568107 0.60958 0.627771 0.638367 0.638394 0.660345 0.668105 0.616367 0.55524 0.528629 0.480312 0.466463 0.44585 0.407939 0.404414 0.42084 2.887651e-01 0.850
N:26 Run:4 0.346489 0.355554 0.403358 0.416732 0.426238 0.388271 0.401396 0.420554 0.427658 0.432057 0.424578 0.398476 0.427127 0.42103 0.416956 0.409824 0.407529 0.42868 0.38917 0.398854 0.407776 2.887651e-01 0.850
N:26 Run:5 0.394788 0.394879 0.485417 0.559942 0.62062 0.664683 0.695222 0.714574 0.729482 0.740999 0.746125 0.75204 0.673972 0.62067 0.574934 0.528027 0.482724 0.473365 0.467696 0.464256 0.445756 2.887651e-01 0.850
N:26 Run:6 0.464411 0.451896 0.431049 0.445924 0.470924 0.509144 0.499684 0.504289 0.499067 0.501372 0.47744 0.480339 0.475184 0.470403 0.47177 0.446588 0.448583 0.428893 0.401752 0.384 0.401944 2.887651e-01 0.850
N:26 Run:7 0.640342 0.563082 0.535468 0.449339 0.446499 0.444202 0.444817 0.414394 0.45797 0.428988 0.422325 0.422274 0.399803 0.408892 0.435835 0.441144 0.412973 0.425938 0.382923 0.399771 0.361622 2.887651e-01 0.850
N:26 Run:8 0.412994 0.425282 0.504317 0.543875 0.579356 0.567356 0.592765 0.619837 0.648096 0.655189 0.674026 0.67927 0.586116 0.524035 0.525873 0.47549 0.436848 0.452026 0.466182 0.472748 0.443828 2.887651e-01 0.850
N:26 Run:9 0.45167 0.439958 0.388553 0.335586 0.307694 0.281757 0.259622 0.252881 0.262076 0.248362 0.245337 0.242331 0.297802 0.366947 0.40099 0.419602 0.449252 0.477507 0.459395 0.463269 0.452858 2.887651e-01 0.850
N:27 Run:0 0.377412 0.356665 0.301506 0.248724 0.221822 0.210105 0.182066 0.16983 0.159206 0.152068 0.147083 0.156572 0.186807 0.245003 0.320919 0.359069 0.38151 0.391718 0.41285 0.441798 0.443683 2.935891e-01 0.833
N:27 Run:1 0.559455 0.498205 0.488686 0.488087 0.486763 0.462782 0.485841 0.476845 0.490738 0.508337 0.524042 0.486468 0.476774 0.476248 0.490104 0.487243 0.459723 0.497066 0.517087 0.487436 0.474176 2.935891e-01 0.833
N:27 Run:2 0.414537 0.435379 0.363903 0.305836 0.274084 0.277531 0.251934 0.225201 0.199473 0.187553 0.178622 0.162687 0.245758 0.274327 0.321951 0.37362 0.352222 0.396378 0.424405 0.401662 0.385267 2.935891e-01 0.833
N:27 Run:3 0.300474 0.3019 0.372504 0.441791 0.517256 0.568107 0.60958 0.627771 0.638367 0.638394 0.660345 0.668105 0.616367 0.55524 0.528629 0.480312 0.466463 0.44585 0.407939 0.404414 0.42084 2.935891e-01 0.833
N:27 Run:4 0.346489 0.355554 0.403358 0.416732 0.426238 0.388271 0.401396 0.420554 0.427658 0.432057 0.424578 0.398476 0.427127 0.42103 0.416956 0.409824 0.407529 0.42868 0.38917 0.398854 0.407776 2.935891e-01 0.833
N:27 Run:5 0.394788 0.394879 0.485417 0.559942 0.62062 0.664683 0.695222 0.714574 0.729482 0.740999 0.746125 0.75204 0.673972 0.62067 0.574934 0.528027 0.482724 0.473365 0.467696 0.464256 0.445756 2.935891e-01 0.833
N:27 Run:6 0.464411 0.451896 0.431049 0.445924 0.470924 0.509144 0.499684 0.504289 0.499067 0.501372 0.47744 0.480339 0.475184 0.470403 0.47177 0.446588 0.448583 0.428893 0.401752 0.384 0.401944 2.935891e-01 0.833
N:27 Run:7 0.640342 0.563082 0.535468 0.449339 0.446499 0.444202 0.444817 0.414394 0.45797 0.428988 0.422325 0.422274 0.399803 0.408892 0.435835 0.441144 0.412973 0.425938 0.382923 0.399771 0.361622 2.935891e-01 0.833
N:27 Run:8 0.412994 0.425282 0.504317 0.543875 0.579356 0.567356 0.592765 0.619837 0.648096 0.655189 0.674026 0.67927 0.586116 0.524035 0.525873 0.47549 0.436848 0.452026 0.466182 0.472748 0.443828 2.935891e-01 0.833
N:27 Run:9 0.45167 0.439958 0.388553 0.335586 0.307694 0.281757 0.259622 0.252881 0.262076 0.248362 0.245337 0.242331 0.297802 0.366947 0.40099 0.419602 0.449252 0.477507 0.459395 0.463269 0.452858 2.935891e-01 0.833
N:28 Run:0 0.377412 0.356665 0.301506 0.248724 0.221822 0.210105 0.182066 0.16983 0.159206 0.152068 0.147083 0.156572 0.186807 0.245003 0.320919 0.359069 0.38151 0.391718 0.41285 0.441798 0.443683 3.905324e-01 0.892
N:28 Run:1 0.559455 0.498205 0.488686 0.488087 0.486763 0.462782 0.485841 0.476845 0.490738 0.508337 0.524042 0.486468 0.476774 0.476248 0.490104 0.487243 0.459723 0.497066 0.517087 0.487436 0.474176 3.905324e-01 0.892
N:28 Run:2 0.414537 0.435379 0.363903 0.305836 0.274084 0.277531 0.251934 0.225201 0.199473 0.187553 0.178622 0.162687 0.245758 0.274327 0.321951 0.37362 0.352222 0.396378 0.424405 0.401662 0.385267 3.905324e-01 0.892
N:28 Run:3 0.300474 0.3019 0.372504 0.441791 0.517256 0.568107 0.60958 0.627771 0.638367 0.638394 0.660345 0.668105 0.616367 0.55524 0.528629 0.480312 0.466463 0.44585 0.407939 0.404414 0.42084 3.905324e-01 0.892
N:28 Run:4 0.346489 0.355554 0.403358 0.416732 0.426238 0.388271 0.401396 0.420554 0.427658 0.432057 0.424578 0.398476 0.427127 0.42103 0.416956 0.409824 0.407529 0.42868 0.38917 0.398854 0.407776 3.905324e-01 0.892
N:28 Run:5 0.394788 0.394879 0.485417 0.559942 0.62062 0.664683 0.695222 0.714574 0.729482 0.740999 0.746125 0.75204 0.673972 0.62067 0.574934 0.528027 0.482724 0.473365 0.467696 0.464256 0.445756 3.905324e-01 0.892
N:28 Run:6 0.464411 0.451896 0.431049 0.445924 0.470924 0.509144 0.499684 0.504289 0.499067 0.501372 0.47744 0.480339 0.475184 0.470403 0.47177 0.446588 0.448583 0.428893 0.401752 0.384 0.401944 3.905324e-01 0.892
N:28 Run:7 0.640342 0.563082 0.535468 0.449339 0.446499 0.444202 0.444817 0.414394 0.45797 0.428988 0.422325 0.422274 0.399803 0.408892 0.435835 0.441144 0.412973 0.425938 0.382923 0.399771 0.361622 3.905324e-01 0.892
N:28 Run:8 0.412994 0.425282 0.504317 0.543875 0.579356 0.567356 0.592765 0.619837 0.648096 0.655189 0.674026 0.67927 0.586116 0.524035 0.525873 0.47549 0.436848 0.452026 0.466182 0.472748 0.443828 3.905324e-01 0.892
N:28 Run:9 0.45167 0.439958 0.388553 0.335586 0.307694 0.281757 0.259622 0.252881 0.262076 0.248362 0.245337 0.242331 0.297802 0.366947 0.40099 0.419602 0.449252 0.477507 0.459395 0.463269 0.452858 3.905324e-01 0.892
N:29 Run:0 0.377412 0.356665 0.301506 0.248724 0.221822 0.210105 0.182066 0.16983 0.159206 0.152068 0.147083 0.156572 0.186807 0.245003 0.320919 0.359069 0.38151 0.391718 0.41285 0.441798 0.443683 2.874782e-01 0.843
N:29 Run:1 0.559455 0.498205 0.488686 0.488087 0.486763 0.462782 0.485841 0.476845 0.490738 0.508337 0.524042 0.486468 0.476774 0.476248 0.490104 0.487243 0.459723 0.497066 0.517087 0.487436 0.474176 2.874782e-01 0.843
N:29 Run:2 0.414537 0.435379 0.363903 0.305836 0.274084 0.277531 0.251934 0.225201 0.199473 0.187553 0.178622 0.162687 0.245758 0.274327 0.321951 0.37362 0.352222 0.396378 0.424405 0.401662 0.385267 2.874782e-01 0.843
N:29 Run:3 0.300474 0.3019 0.372504 0.441791 0.517256 0.568107 0.60958 0.627771 0.638367 0.638394 0.660345 0.668105 0.616367 0.55524 0.528629 0.480312 0.466463 0.44585 0.407939 0.404414 0.42084 2.874782e-01 0.843
N:29 Run:4 0.346489 0.355554 0.403358 0.416732 0.426238 0.388271 0.401396 0.420554 0.427658 0.432057 0.424578 0.398476 0.427127 0.42103 0.416956 0.409824 0.407529 0.42868 0.38917 0.398854 0.407776 2.874782e-01 0.843
N:29 Run:5 0.394788 0.394879 0.485417 0.559942 0.62062 0.664683 0.695222 0.714574 0.729482 0.740999 0.746125 0.75204 0.673972 0.62067 0.574934 0.528027 0.482724 0.473365 0.467696 0.464256 0.445756 2.874782e-01 0.843
N:29 Run:6 0.464411 0.451896 0.431049 0.445924 0.470924 0.509144 0.499684 0.504289 0.499067 0.501372 0.47744 0.480339 0.475184 0.470403 0.47177 0.446588 0.448583 0.428893 0.401752 0.384 0.401944 2.874782e-01 0.843
N:29 Run:7 0.640342 0.563082 0.535468 0.449339 0.446499 0.444202 0.444817 0.414394 0.45797 0.428988 0.422325 0.422274 0.399803 0.408892 0.435835 0.441144 0.412973 0.425938 0.382923 0.399771 0.361622 2.874782e-01 0.843
N:29 Run:8 0.412994 0.425282 0.504317 0.543875 0.579356 0.567356 0.592765 0.619837 0.648096 0.655189 0.674026 0.67927 0.586116 0.524035 0.525873 0.47549 0.436848 0.452026 0.466182 0.472748 0.443828 2.874782e-01 0.843
N:29 Run:9 0.45167 0.439958 0.388553 0.335586 0.307694 0.281757 0.259622 0.252881 0.262076 0.248362 0.245337 0.242331 0.297802 0.366947 0.40099 0.419602 0.449252 0.477507 0.459395 0.463269 0.452858 2.874782e-01 0.843
