Seed:1578645642
N:0 Run:0 0.365486 0.327811 0.284701 0.194226 0.165769 0.128961 0.122198 0.117519 0.128923 0.122897 0.131197 0.158978 0.357374 0.391835 0.424287 0.387266 0.362923 0.330712 0.300426 0.294433 0.29483 9.580593e-02 0.812
N:0 Run:1 0.320367 0.293018 0.276987 0.294577 0.274328 0.201283 0.230835 0.207677 0.213069 0.197705 0.220367 0.235795 0.23632 0.204498 0.141299 0.0886806 0.0856786 0.0932004 0.0807258 0.100641 0.118361 9.580593e-02 0.812
N:0 Run:2 0.246093 0.216285 0.268798 0.314656 0.299582 0.35257 0.335098 0.309077 0.337057 0.375944 0.428789 0.406866 0.397112 0.404128 0.401431 0.37077 0.347865 0.317048 0.282207 0.240051 0.268774 9.580593e-02 0.812
N:0 Run:3 0.285752 0.325891 0.339949 0.27374 0.304653 0.277375 0.254633 0.271929 0.294593 0.240219 0.249528 0.282853 0.278704 0.31142 0.28489 0.282143 0.252349 0.24574 0.204048 0.156839 0.0961027 9.580593e-02 0.812
N:0 Run:4 0.375873 0.311728 0.471498 0.504471 0.514936 0.557545 0.61319 0.609609 0.635867 0.587214 0.553793 0.606335 0.437793 0.447478 0.360937 0.411398 0.417633 0.400859 0.367336 0.333176 0.355955 9.580593e-02 0.812
N:0 Run:5 0.393664 0.333767 0.329034 0.330506 0.338612 0.380367 0.427736 0.420372 0.400034 0.42481 0.392046 0.387546 0.386736 0.378965 0.351515 0.284579 0.297308 0.286104 0.275644 0.328614 0.305442 9.580593e-02 0.812
N:0 Run:6 0.302104 0.307517 0.26269 0.301073 0.342827 0.403034 0.404211 0.363675 0.378415 0.39604 0.372644 0.414867 0.441609 0.455647 0.44859 0.413495 0.388857 0.373725 0.319866 0.32925 0.326252 9.580593e-02 0.812
N:0 Run:7 0.295388 0.261254 0.274428 0.294826 0.310391 0.334025 0.359571 0.4146 0.403194 0.370359 0.427311 0.421355 0.460447 0.481583 0.474073 0.385657 0.373168 0.32454 0.356315 0.31941 0.322883 9.580593e-02 0.812
N:0 Run:8 0.261161 0.254804 0.441177 0.41286 0.463492 0.555808 0.615879 0.603235 0.610803 0.657282 0.66393 0.658169 0.410008 0.29599 0.248533 0.242447 0.208802 0.147564 0.0984086 0.0891568 0.0896393 9.580593e-02 0.812
N:0 Run:9 0.221213 0.140323 0.142187 0.173797 0.247767 0.274293 0.351265 0.378203 0.351763 0.379304 0.440809 0.402074 0.406312 0.379844 0.398677 0.384953 0.329989 0.352346 0.332808 0.338842 0.297574 9.580593e-02 0.812
N:1 Run:0 0.365486 0.327811 0.284701 0.194226 0.165769 0.128961 0.122198 0.117519 0.128923 0.122897 0.131197 0.158978 0.357374 0.391835 0.424287 0.387266 0.362923 0.330712 0.300426 0.294433 0.29483 9.618948e-02 0.811
N:1 Run:1 0.320367 0.293018 0.276987 0.294577 0.274328 0.201283 0.230835 0.207677 0.213069 0.197705 0.220367 0.235795 0.23632 0.204498 0.141299 0.0886806 0.0856786 0.0932004 0.0807258 0.100641 0.118361 9.618948e-02 0.811
N:1 Run:2 0.246093 0.216285 0.268798 0.314656 0.299582 0.35257 0.335098 0.309077 0.337057 0.375944 0.428789 0.406866 0.397112 0.404128 0.401431 0.37077 0.347865 0.317048 0.282207 0.240051 0.268774 9.618948e-02 0.811
N:1 Run:3 0.285752 0.325891 0.339949 0.27374 0.304653 0.277375 0.254633 0.271929 0.294593 0.240219 0.249528 0.282853 0.278704 0.31142 0.28489 0.282143 0.252349 0.24574 0.204048 0.156839 0.0961027 9.618948e-02 0.811
N:1 Run:4 0.375873 0.311728 0.471498 0.504471 0.514936 0.557545 0.61319 0.609609 0.635867 0.587214 0.553793 0.606335 0.437793 0.447478 0.360937 0.411398 0.417633 0.400859 0.367336 0.333176 0.355955 9.618948e-02 0.811
N:1 Run:5 0.393664 0.333767 0.329034 0.330506 0.338612 0.380367 0.427736 0.420372 0.400034 0.42481 0.392046 0.387546 0.386736 0.378965 0.351515 0.284579 0.297308 0.286104 0.275644 0.328614 0.305442 9.618948e-02 0.811
N:1 Run:6 0.302104 0.307517 0.26269 0.301073 0.342827 0.403034 0.404211 0.363675 0.378415 0.39604 0.372644 0.414867 0.441609 0.455647 0.44859 0.413495 0.388857 0.373725 0.319866 0.32925 0.326252 9.618948e-02 0.811
N:1 Run:7 0.295388 0.261254 0.274428 0.294826 0.310391 0.334025 0.359571 0.4146 0.403194 0.370359 0.427311 0.421355 0.460447 0.481583 0.474073 0.385657 0.373168 0.32454 0.356315 0.31941 0.322883 9.618948e-02 0.811
N:1 Run:8 0.261161 0.254804 0.441177 0.41286 0.463492 0.555808 0.615879 0.603235 0.610803 0.657282 0.66393 0.658169 0.410008 0.29599 0.248533 0.242447 0.208802 0.147564 0.0984086 0.0891568 0.0896393 9.618948e-02 0.811
N:1 Run:9 0.221213 0.140323 0.142187 0.173797 0.247767 0.274293 0.351265 0.378203 0.351763 0.379304 0.440809 0.402074 0.406312 0.379844 0.398677 0.384953 0.329989 0.352346 0.332808 0.338842 0.297574 9.618948e-02 0.811
N:2 Run:0 0.365486 0.327811 0.284701 0.194226 0.165769 0.128961 0.122198 0.117519 0.128923 0.122897 0.131197 0.158978 0.357374 0.391835 0.424287 0.387266 0.362923 0.330712 0.300426 0.294433 0.29483 9.853267e-02 0.814
N:2 Run:1 0.320367 0.293018 0.276987 0.294577 0.274328 0.201283 0.230835 0.207677 0.213069 0.197705 0.220367 0.235795 0.23632 0.204498 0.141299 0.0886806 0.0856786 0.0932004 0.0807258 0.100641 0.118361 9.853267e-02 0.814
N:2 Run:2 0.246093 0.216285 0.268798 0.314656 0.299582 0.35257 0.335098 0.309077 0.337057 0.375944 0.428789 0.406866 0.397112 0.404128 0.401431 0.37077 0.347865 0.317048 0.282207 0.240051 0.268774 9.853267e-02 0.814
N:2 Run:3 0.285752 0.325891 0.339949 0.27374 0.304653 0.277375 0.254633 0.271929 0.294593 0.240219 0.249528 0.282853 0.278704 0.31142 0.28489 0.282143 0.252349 0.24574 0.204048 0.156839 0.0961027 9.853267e-02 0.814
N:2 Run:4 0.375873 0.311728 0.471498 0.504471 0.514936 0.557545 0.61319 0.609609 0.635867 0.587214 0.553793 0.606335 0.437793 0.447478 0.360937 0.411398 0.417633 0.400859 0.367336 0.333176 0.355955 9.853267e-02 0.814
N:2 Run:5 0.393664 0.333767 0.329034 0.330506 0.338612 0.380367 0.427736 0.420372 0.400034 0.42481 0.392046 0.387546 0.386736 0.378965 0.351515 0.284579 0.297308 0.286104 0.275644 0.328614 0.305442 9.853267e-02 0.814
N:2 Run:6 0.302104 0.307517 0.26269 0.301073 0.342827 0.403034 0.404211 0.363675 0.378415 0.39604 0.372644 0.414867 0.441609 0.455647 0.44859 0.413495 0.388857 0.373725 0.319866 0.32925 0.326252 9.853267e-02 0.814
N:2 Run:7 0.295388 0.261254 0.274428 0.294826 0.310391 0.334025 0.359571 0.4146 0.403194 0.370359 0.427311 0.421355 0.460447 0.481583 0.474073 0.385657 0.373168 0.32454 0.356315 0.31941 0.322883 9.853267e-02 0.814
N:2 Run:8 0.261161 0.254804 0.441177 0.41286 0.463492 0.555808 0.615879 0.603235 0.610803 0.657282 0.66393 0.658169 0.410008 0.29599 0.248533 0.242447 0.208802 0.147564 0.0984086 0.0891568 0.0896393 9.853267e-02 0.814
N:2 Run:9 0.221213 0.140323 0.142187 0.173797 0.247767 0.274293 0.351265 0.378203 0.351763 0.379304 0.440809 0.402074 0.406312 0.379844 0.398677 0.384953 0.329989 0.352346 0.332808 0.338842 0.297574 9.853267e-02 0.814
N:3 Run:0 0.365486 0.327811 0.284701 0.194226 0.165769 0.128961 0.122198 0.117519 0.128923 0.122897 0.131197 0.158978 0.357374 0.391835 0.424287 0.387266 0.362923 0.330712 0.300426 0.294433 0.29483 9.628749e-02 0.814
N:3 Run:1 0.320367 0.293018 0.276987 0.294577 0.274328 0.201283 0.230835 0.207677 0.213069 0.197705 0.220367 0.235795 0.23632 0.204498 0.141299 0.0886806 0.0856786 0.0932004 0.0807258 0.100641 0.118361 9.628749e-02 0.814
N:3 Run:2 0.246093 0.216285 0.268798 0.314656 0.299582 0.35257 0.335098 0.309077 0.337057 0.375944 0.428789 0.406866 0.397112 0.404128 0.401431 0.37077 0.347865 0.317048 0.282207 0.240051 0.268774 9.628749e-02 0.814
N:3 Run:3 0.285752 0.325891 0.339949 0.27374 0.304653 0.277375 0.254633 0.271929 0.294593 0.240219 0.249528 0.282853 0.278704 0.31142 0.28489 0.282143 0.252349 0.24574 0.204048 0.156839 0.0961027 9.628749e-02 0.814
N:3 Run:4 0.375873 0.311728 0.471498 0.504471 0.514936 0.557545 0.61319 0.609609 0.635867 0.587214 0.553793 0.606335 0.437793 0.447478 0.360937 0.411398 0.417633 0.400859 0.367336 0.333176 0.355955 9.628749e-02 0.814
N:3 Run:5 0.393664 0.333767 0.329034 0.330506 0.338612 0.380367 0.427736 0.420372 0.400034 0.42481 0.392046 0.387546 0.386736 0.378965 0.351515 0.284579 0.297308 0.286104 0.275644 0.328614 0.305442 9.628749e-02 0.814
N:3 Run:6 0.302104 0.307517 0.26269 0.301073 0.342827 0.403034 0.404211 0.363675 0.378415 0.39604 0.372644 0.414867 0.441609 0.455647 0.44859 0.413495 0.388857 0.373725 0.319866 0.32925 0.326252 9.628749e-02 0.814
N:3 Run:7 0.295388 0.261254 0.274428 0.294826 0.310391 0.334025 0.359571 0.4146 0.403194 0.370359 0.427311 0.421355 0.460447 0.481583 0.474073 0.385657 0.373168 0.32454 0.356315 0.31941 0.322883 9.628749e-02 0.814
N:3 Run:8 0.261161 0.254804 0.441177 0.41286 0.463492 0.555808 0.615879 0.603235 0.610803 0.657282 0.66393 0.658169 0.410008 0.29599 0.248533 0.242447 0.208802 0.147564 0.0984086 0.0891568 0.0896393 9.628749e-02 0.814
N:3 Run:9 0.221213 0.140323 0.142187 0.173797 0.247767 0.274293 0.351265 0.378203 0.351763 0.379304 0.440809 0.402074 0.406312 0.379844 0.398677 0.384953 0.329989 0.352346 0.332808 0.338842 0.297574 9.628749e-02 0.814
N:4 Run:0 0.365486 0.328964 0.285211 0.196061 0.165941 0.12918 0.12131 0.116173 0.126897 0.121182 0.129441 0.156053 0.349814 0.386849 0.42017 0.385713 0.362223 0.331339 0.302262 0.295907 0.295928 9.573012e-02 0.812
N:4 Run:1 0.320367 0.294743 0.279329 0.295316 0.276581 0.20833 0.234583 0.213121 0.217785 0.203462 0.224278 0.238864 0.239329 0.207091 0.14406 0.0912773 0.0871599 0.0934936 0.0814101 0.100256 0.117572 9.573012e-02 0.812
N:4 Run:2 0.246093 0.220451 0.269527 0.313306 0.300183 0.350232 0.334524 0.310094 0.335957 0.373171 0.424984 0.404673 0.395217 0.401778 0.399226 0.369938 0.347698 0.318158 0.284798 0.24485 0.270614 9.573012e-02 0.812
N:4 Run:3 0.285752 0.324243 0.338334 0.277021 0.304951 0.279658 0.258114 0.273708 0.294948 0.244757 0.252656 0.283582 0.280186 0.310864 0.286522 0.283667 0.255682 0.248214 0.207705 0.159338 0.0990636 9.573012e-02 0.812
N:4 Run:4 0.375873 0.314333 0.469365 0.502739 0.513892 0.558881 0.620665 0.617352 0.647331 0.594191 0.557521 0.613769 0.443694 0.447696 0.363138 0.409266 0.415156 0.399038 0.366803 0.33385 0.354571 9.573012e-02 0.812
N:4 Run:5 0.393664 0.335601 0.329538 0.330302 0.337749 0.377551 0.424029 0.417715 0.398273 0.421978 0.390719 0.385897 0.384874 0.377292 0.351144 0.287989 0.298523 0.287813 0.277798 0.327208 0.306163 9.573012e-02 0.812
N:4 Run:6 0.302104 0.307571 0.266045 0.301207 0.340853 0.399234 0.401376 0.363118 0.376544 0.393455 0.371408 0.411773 0.438353 0.452728 0.44619 0.412124 0.387813 0.372712 0.321492 0.329173 0.32613 9.573012e-02 0.812
N:4 Run:7 0.295388 0.264205 0.276102 0.295226 0.310137 0.332709 0.357358 0.410862 0.400762 0.369534 0.424069 0.418812 0.457368 0.479016 0.472027 0.386591 0.372754 0.326045 0.354907 0.320277 0.322918 9.573012e-02 0.812
N:4 Run:8 0.261161 0.25679 0.438633 0.415883 0.472268 0.561749 0.626177 0.611264 0.619073 0.673039 0.681222 0.67465 0.422565 0.305332 0.255574 0.247238 0.212683 0.151648 0.101015 0.0901643 0.0912191 9.573012e-02 0.812
N:4 Run:9 0.221213 0.142429 0.142472 0.173609 0.246165 0.273427 0.347658 0.374878 0.35068 0.376844 0.437059 0.400486 0.404132 0.378723 0.396285 0.383261 0.331158 0.351209 0.332773 0.338108 0.29946 9.573012e-02 0.812
N:5 Run:0 0.365486 0.328964 0.285211 0.196061 0.165941 0.12918 0.12131 0.116173 0.126897 0.121182 0.129441 0.156053 0.349814 0.386849 0.42017 0.385713 0.362223 0.331339 0.302262 0.295907 0.295928 1.004153e-01 0.816
N:5 Run:1 0.320367 0.294743 0.279329 0.295316 0.276581 0.20833 0.234583 0.213121 0.217785 0.203462 0.224278 0.238864 0.239329 0.207091 0.14406 0.0912773 0.0871599 0.0934936 0.0814101 0.100256 0.117572 1.004153e-01 0.816
N:5 Run:2 0.246093 0.220451 0.269527 0.313306 0.300183 0.350232 0.334524 0.310094 0.335957 0.373171 0.424984 0.404673 0.395217 0.401778 0.399226 0.369938 0.347698 0.318158 0.284798 0.24485 0.270614 1.004153e-01 0.816
N:5 Run:3 0.285752 0.324243 0.338334 0.277021 0.304951 0.279658 0.258114 0.273708 0.294948 0.244757 0.252656 0.283582 0.280186 0.310864 0.286522 0.283667 0.255682 0.248214 0.207705 0.159338 0.0990636 1.004153e-01 0.816
N:5 Run:4 0.375873 0.314333 0.469365 0.502739 0.513892 0.558881 0.620665 0.617352 0.647331 0.594191 0.557521 0.613769 0.443694 0.447696 0.363138 0.409266 0.415156 0.399038 0.366803 0.33385 0.354571 1.004153e-01 0.816
N:5 Run:5 0.393664 0.335601 0.329538 0.330302 0.337749 0.377551 0.424029 0.417715 0.398273 0.421978 0.390719 0.385897 0.384874 0.377292 0.351144 0.287989 0.298523 0.287813 0.277798 0.327208 0.306163 1.004153e-01 0.816
N:5 Run:6 0.302104 0.307571 0.266045 0.301207 0.340853 0.399234 0.401376 0.363118 0.376544 0.393455 0.371408 0.411773 0.438353 0.452728 0.44619 0.412124 0.387813 0.372712 0.321492 0.329173 0.32613 1.004153e-01 0.816
N:5 Run:7 0.295388 0.264205 0.276102 0.295226 0.310137 0.332709 0.357358 0.410862 0.400762 0.369534 0.424069 0.418812 0.457368 0.479016 0.472027 0.386591 0.372754 0.326045 0.354907 0.320277 0.322918 1.004153e-01 0.816
N:5 Run:8 0.261161 0.25679 0.438633 0.415883 0.472268 0.561749 0.626177 0.611264 0.619073 0.673039 0.681222 0.67465 0.422565 0.305332 0.255574 0.247238 0.212683 0.151648 0.101015 0.0901643 0.0912191 1.004153e-01 0.816
N:5 Run:9 0.221213 0.142429 0.142472 0.173609 0.246165 0.273427 0.347658 0.374878 0.35068 0.376844 0.437059 0.400486 0.404132 0.378723 0.396285 0.383261 0.331158 0.351209 0.332773 0.338108 0.29946 1.004153e-01 0.816
N:6 Run:0 0.365486 0.328964 0.285211 0.196061 0.165941 0.12918 0.12131 0.116173 0.126897 0.121182 0.129441 0.156053 0.349814 0.386849 0.42017 0.385713 0.362223 0.331339 0.302262 0.295907 0.295928 9.574554e-02 0.812
N:6 Run:1 0.320367 0.294743 0.279329 0.295316 0.276581 0.20833 0.234583 0.213121 0.217785 0.203462 0.224278 0.238864 0.239329 0.207091 0.14406 0.0912773 0.0871599 0.0934936 0.0814101 0.100256 0.117572 9.574554e-02 0.812
N:6 Run:2 0.246093 0.220451 0.269527 0.313306 0.300183 0.350232 0.334524 0.310094 0.335957 0.373171 0.424984 0.404673 0.395217 0.401778 0.399226 0.369938 0.347698 0.318158 0.284798 0.24485 0.270614 9.574554e-02 0.812
N:6 Run:3 0.285752 0.324243 0.338334 0.277021 0.304951 0.279658 0.258114 0.273708 0.294948 0.244757 0.252656 0.283582 0.280186 0.310864 0.286522 0.283667 0.255682 0.248214 0.207705 0.159338 0.0990636 9.574554e-02 0.812
N:6 Run:4 0.375873 0.314333 0.469365 0.502739 0.513892 0.558881 0.620665 0.617352 0.647331 0.594191 0.557521 0.613769 0.443694 0.447696 0.363138 0.409266 0.415156 0.399038 0.366803 0.33385 0.354571 9.574554e-02 0.812
N:6 Run:5 0.393664 0.335601 0.329538 0.330302 0.337749 0.377551 0.424029 0.417715 0.398273 0.421978 0.390719 0.385897 0.384874 0.377292 0.351144 0.287989 0.298523 0.287813 0.277798 0.327208 0.306163 9.574554e-02 0.812
N:6 Run:6 0.302104 0.307571 0.266045 0.301207 0.340853 0.399234 0.401376 0.363118 0.376544 0.393455 0.371408 0.411773 0.438353 0.452728 0.44619 0.412124 0.387813 0.372712 0.321492 0.329173 0.32613 9.574554e-02 0.812
N:6 Run:7 0.295388 0.264205 0.276102 0.295226 0.310137 0.332709 0.357358 0.410862 0.400762 0.369534 0.424069 0.418812 0.457368 0.479016 0.472027 0.386591 0.372754 0.326045 0.354907 0.320277 0.322918 9.574554e-02 0.812
N:6 Run:8 0.261161 0.25679 0.438633 0.415883 0.472268 0.561749 0.626177 0.611264 0.619073 0.673039 0.681222 0.67465 0.422565 0.305332 0.255574 0.247238 0.212683 0.151648 0.101015 0.0901643 0.0912191 9.574554e-02 0.812
N:6 Run:9 0.221213 0.142429 0.142472 0.173609 0.246165 0.273427 0.347658 0.374878 0.35068 0.376844 0.437059 0.400486 0.404132 0.378723 0.396285 0.383261 0.331158 0.351209 0.332773 0.338108 0.29946 9.574554e-02 0.812
N:7 Run:0 0.365486 0.328964 0.285211 0.196061 0.165941 0.12918 0.12131 0.116173 0.126897 0.121182 0.129441 0.156053 0.349814 0.386849 0.42017 0.385713 0.362223 0.331339 0.302262 0.295907 0.295928 9.590662e-02 0.809
N:7 Run:1 0.320367 0.294743 0.279329 0.295316 0.276581 0.20833 0.234583 0.213121 0.217785 0.203462 0.224278 0.238864 0.239329 0.207091 0.14406 0.0912773 0.0871599 0.0934936 0.0814101 0.100256 0.117572 9.590662e-02 0.809
N:7 Run:2 0.246093 0.220451 0.269527 0.313306 0.300183 0.350232 0.334524 0.310094 0.335957 0.373171 0.424984 0.404673 0.395217 0.401778 0.399226 0.369938 0.347698 0.318158 0.284798 0.24485 0.270614 9.590662e-02 0.809
N:7 Run:3 0.285752 0.324243 0.338334 0.277021 0.304951 0.279658 0.258114 0.273708 0.294948 0.244757 0.252656 0.283582 0.280186 0.310864 0.286522 0.283667 0.255682 0.248214 0.207705 0.159338 0.0990636 9.590662e-02 0.809
N:7 Run:4 0.375873 0.314333 0.469365 0.502739 0.513892 0.558881 0.620665 0.617352 0.647331 0.594191 0.557521 0.613769 0.443694 0.447696 0.363138 0.409266 0.415156 0.399038 0.366803 0.33385 0.354571 9.590662e-02 0.809
N:7 Run:5 0.393664 0.335601 0.329538 0.330302 0.337749 0.377551 0.424029 0.417715 0.398273 0.421978 0.390719 0.385897 0.384874 0.377292 0.351144 0.287989 0.298523 0.287813 0.277798 0.327208 0.306163 9.590662e-02 0.809
N:7 Run:6 0.302104 0.307571 0.266045 0.301207 0.340853 0.399234 0.401376 0.363118 0.376544 0.393455 0.371408 0.411773 0.438353 0.452728 0.44619 0.412124 0.387813 0.372712 0.321492 0.329173 0.32613 9.590662e-02 0.809
N:7 Run:7 0.295388 0.264205 0.276102 0.295226 0.310137 0.332709 0.357358 0.410862 0.400762 0.369534 0.424069 0.418812 0.457368 0.479016 0.472027 0.386591 0.372754 0.326045 0.354907 0.320277 0.322918 9.590662e-02 0.809
N:7 Run:8 0.261161 0.25679 0.438633 0.415883 0.472268 0.561749 0.626177 0.611264 0.619073 0.673039 0.681222 0.67465 0.422565 0.305332 0.255574 0.247238 0.212683 0.151648 0.101015 0.0901643 0.0912191 9.590662e-02 0.809
N:7 Run:9 0.221213 0.142429 0.142472 0.173609 0.246165 0.273427 0.347658 0.374878 0.35068 0.376844 0.437059 0.400486 0.404132 0.378723 0.396285 0.383261 0.331158 0.351209 0.332773 0.338108 0.29946 9.590662e-02 0.809
N:8 Run:0 0.365486 0.328964 0.285211 0.196061 0.165941 0.12918 0.12131 0.116173 0.126897 0.121182 0.129441 0.156053 0.349814 0.386849 0.42017 0.385713 0.362223 0.331339 0.302262 0.295907 0.295928 9.578099e-02 0.810
N:8 Run:1 0.320367 0.294743 0.279329 0.295316 0.276581 0.20833 0.234583 0.213121 0.217785 0.203462 0.224278 0.238864 0.239329 0.207091 0.14406 0.0912773 0.0871599 0.0934936 0.0814101 0.100256 0.117572 9.578099e-02 0.810
N:8 Run:2 0.246093 0.220451 0.269527 0.313306 0.300183 0.350232 0.334524 0.310094 0.335957 0.373171 0.424984 0.404673 0.395217 0.401778 0.399226 0.369938 0.347698 0.318158 0.284798 0.24485 0.270614 9.578099e-02 0.810
N:8 Run:3 0.285752 0.324243 0.338334 0.277021 0.304951 0.279658 0.258114 0.273708 0.294948 0.244757 0.252656 0.283582 0.280186 0.310864 0.286522 0.283667 0.255682 0.248214 0.207705 0.159338 0.0990636 9.578099e-02 0.810
N:8 Run:4 0.375873 0.314333 0.469365 0.502739 0.513892 0.558881 0.620665 0.617352 0.647331 0.594191 0.557521 0.613769 0.443694 0.447696 0.363138 0.409266 0.415156 0.399038 0.366803 0.33385 0.354571 9.578099e-02 0.810
N:8 Run:5 0.393664 0.335601 0.329538 0.330302 0.337749 0.377551 0.424029 0.417715 0.398273 0.421978 0.390719 0.385897 0.384874 0.377292 0.351144 0.287989 0.298523 0.287813 0.277798 0.327208 0.306163 9.578099e-02 0.810
N:8 Run:6 0.302104 0.307571 0.266045 0.301207 0.340853 0.399234 0.401376 0.363118 0.376544 0.393455 0.371408 0.411773 0.438353 0.452728 0.44619 0.412124 0.387813 0.372712 0.321492 0.329173 0.32613 9.578099e-02 0.810
N:8 Run:7 0.295388 0.264205 0.276102 0.295226 0.310137 0.332709 0.357358 0.410862 0.400762 0.369534 0.424069 0.418812 0.457368 0.479016 0.472027 0.386591 0.372754 0.326045 0.354907 0.320277 0.322918 9.578099e-02 0.810
N:8 Run:8 0.261161 0.25679 0.438633 0.415883 0.472268 0.561749 0.626177 0.611264 0.619073 0.673039 0.681222 0.67465 0.422565 0.305332 0.255574 0.247238 0.212683 0.151648 0.101015 0.0901643 0.0912191 9.578099e-02 0.810
N:8 Run:9 0.221213 0.142429 0.142472 0.173609 0.246165 0.273427 0.347658 0.374878 0.35068 0.376844 0.437059 0.400486 0.404132 0.378723 0.396285 0.383261 0.331158 0.351209 0.332773 0.338108 0.29946 9.578099e-02 0.810
N:9 Run:0 0.365486 0.328964 0.285211 0.196061 0.165941 0.12918 0.12131 0.116173 0.126897 0.121182 0.129441 0.156053 0.349814 0.386849 0.42017 0.385713 0.362223 0.331339 0.302262 0.295907 0.295928 9.706232e-02 0.816
N:9 Run:1 0.320367 0.294743 0.279329 0.295316 0.276581 0.20833 0.234583 0.213121 0.217785 0.203462 0.224278 0.238864 0.239329 0.207091 0.14406 0.0912773 0.0871599 0.0934936 0.0814101 0.100256 0.117572 9.706232e-02 0.816
N:9 Run:2 0.246093 0.220451 0.269527 0.313306 0.300183 0.350232 0.334524 0.310094 0.335957 0.373171 0.424984 0.404673 0.395217 0.401778 0.399226 0.369938 0.347698 0.318158 0.284798 0.24485 0.270614 9.706232e-02 0.816
N:9 Run:3 0.285752 0.324243 0.338334 0.277021 0.304951 0.279658 0.258114 0.273708 0.294948 0.244757 0.252656 0.283582 0.280186 0.310864 0.286522 0.283667 0.255682 0.248214 0.207705 0.159338 0.0990636 9.706232e-02 0.816
N:9 Run:4 0.375873 0.314333 0.469365 0.502739 0.513892 0.558881 0.620665 0.617352 0.647331 0.594191 0.557521 0.613769 0.443694 0.447696 0.363138 0.409266 0.415156 0.399038 0.366803 0.33385 0.354571 9.706232e-02 0.816
N:9 Run:5 0.393664 0.335601 0.329538 0.330302 0.337749 0.377551 0.424029 0.417715 0.398273 0.421978 0.390719 0.385897 0.384874 0.377292 0.351144 0.287989 0.298523 0.287813 0.277798 0.327208 0.306163 9.706232e-02 0.816
N:9 Run:6 0.302104 0.307571 0.266045 0.301207 0.340853 0.399234 0.401376 0.363118 0.376544 0.393455 0.371408 0.411773 0.438353 0.452728 0.44619 0.412124 0.387813 0.372712 0.321492 0.329173 0.32613 9.706232e-02 0.816
N:9 Run:7 0.295388 0.264205 0.276102 0.295226 0.310137 0.332709 0.357358 0.410862 0.400762 0.369534 0.424069 0.418812 0.457368 0.479016 0.472027 0.386591 0.372754 0.326045 0.354907 0.320277 0.322918 9.706232e-02 0.816
N:9 Run:8 0.261161 0.25679 0.438633 0.415883 0.472268 0.561749 0.626177 0.611264 0.619073 0.673039 0.681222 0.67465 0.422565 0.305332 0.255574 0.247238 0.212683 0.151648 0.101015 0.0901643 0.0912191 9.706232e-02 0.816
N:9 Run:9 0.221213 0.142429 0.142472 0.173609 0.246165 0.273427 0.347658 0.374878 0.35068 0.376844 0.437059 0.400486 0.404132 0.378723 0.396285 0.383261 0.331158 0.351209 0.332773 0.338108 0.29946 9.706232e-02 0.816
N:10 Run:0 0.365486 0.328964 0.285211 0.196061 0.165941 0.12918 0.12131 0.116173 0.126897 0.121182 0.129441 0.156053 0.349814 0.386849 0.42017 0.385713 0.362223 0.331339 0.302262 0.295907 0.295928 9.989532e-02 0.815
N:10 Run:1 0.320367 0.294743 0.279329 0.295316 0.276581 0.20833 0.234583 0.213121 0.217785 0.203462 0.224278 0.238864 0.239329 0.207091 0.14406 0.0912773 0.0871599 0.0934936 0.0814101 0.100256 0.117572 9.989532e-02 0.815
N:10 Run:2 0.246093 0.220451 0.269527 0.313306 0.300183 0.350232 0.334524 0.310094 0.335957 0.373171 0.424984 0.404673 0.395217 0.401778 0.399226 0.369938 0.347698 0.318158 0.284798 0.24485 0.270614 9.989532e-02 0.815
N:10 Run:3 0.285752 0.324243 0.338334 0.277021 0.304951 0.279658 0.258114 0.273708 0.294948 0.244757 0.252656 0.283582 0.280186 0.310864 0.286522 0.283667 0.255682 0.248214 0.207705 0.159338 0.0990636 9.989532e-02 0.815
N:10 Run:4 0.375873 0.314333 0.469365 0.502739 0.513892 0.558881 0.620665 0.617352 0.647331 0.594191 0.557521 0.613769 0.443694 0.447696 0.363138 0.409266 0.415156 0.399038 0.366803 0.33385 0.354571 9.989532e-02 0.815
N:10 Run:5 0.393664 0.335601 0.329538 0.330302 0.337749 0.377551 0.424029 0.417715 0.398273 0.421978 0.390719 0.385897 0.384874 0.377292 0.351144 0.287989 0.298523 0.287813 0.277798 0.327208 0.306163 9.989532e-02 0.815
N:10 Run:6 0.302104 0.307571 0.266045 0.301207 0.340853 0.399234 0.401376 0.363118 0.376544 0.393455 0.371408 0.411773 0.438353 0.452728 0.44619 0.412124 0.387813 0.372712 0.321492 0.329173 0.32613 9.989532e-02 0.815
N:10 Run:7 0.295388 0.264205 0.276102 0.295226 0.310137 0.332709 0.357358 0.410862 0.400762 0.369534 0.424069 0.418812 0.457368 0.479016 0.472027 0.386591 0.372754 0.326045 0.354907 0.320277 0.322918 9.989532e-02 0.815
N:10 Run:8 0.261161 0.25679 0.438633 0.415883 0.472268 0.561749 0.626177 0.611264 0.619073 0.673039 0.681222 0.67465 0.422565 0.305332 0.255574 0.247238 0.212683 0.151648 0.101015 0.0901643 0.0912191 9.989532e-02 0.815
N:10 Run:9 0.221213 0.142429 0.142472 0.173609 0.246165 0.273427 0.347658 0.374878 0.35068 0.376844 0.437059 0.400486 0.404132 0.378723 0.396285 0.383261 0.331158 0.351209 0.332773 0.338108 0.29946 9.989532e-02 0.815
N:11 Run:0 0.365486 0.328964 0.285211 0.196061 0.165941 0.12918 0.12131 0.116173 0.126897 0.121182 0.129441 0.156053 0.349814 0.386849 0.42017 0.385713 0.362223 0.331339 0.302262 0.295907 0.295928 9.630043e-02 0.815
N:11 Run:1 0.320367 0.294743 0.279329 0.295316 0.276581 0.20833 0.234583 0.213121 0.217785 0.203462 0.224278 0.238864 0.239329 0.207091 0.14406 0.0912773 0.0871599 0.0934936 0.0814101 0.100256 0.117572 9.630043e-02 0.815
N:11 Run:2 0.246093 0.220451 0.269527 0.313306 0.300183 0.350232 0.334524 0.310094 0.335957 0.373171 0.424984 0.404673 0.395217 0.401778 0.399226 0.369938 0.347698 0.318158 0.284798 0.24485 0.270614 9.630043e-02 0.815
N:11 Run:3 0.285752 0.324243 0.338334 0.277021 0.304951 0.279658 0.258114 0.273708 0.294948 0.244757 0.252656 0.283582 0.280186 0.310864 0.286522 0.283667 0.255682 0.248214 0.207705 0.159338 0.0990636 9.630043e-02 0.815
N:11 Run:4 0.375873 0.314333 0.469365 0.502739 0.513892 0.558881 0.620665 0.617352 0.647331 0.594191 0.557521 0.613769 0.443694 0.447696 0.363138 0.409266 0.415156 0.399038 0.366803 0.33385 0.354571 9.630043e-02 0.815
N:11 Run:5 0.393664 0.335601 0.329538 0.330302 0.337749 0.377551 0.424029 0.417715 0.398273 0.421978 0.390719 0.385897 0.384874 0.377292 0.351144 0.287989 0.298523 0.287813 0.277798 0.327208 0.306163 9.630043e-02 0.815
N:11 Run:6 0.302104 0.307571 0.266045 0.301207 0.340853 0.399234 0.401376 0.363118 0.376544 0.393455 0.371408 0.411773 0.438353 0.452728 0.44619 0.412124 0.387813 0.372712 0.321492 0.329173 0.32613 9.630043e-02 0.815
N:11 Run:7 0.295388 0.264205 0.276102 0.295226 0.310137 0.332709 0.357358 0.410862 0.400762 0.369534 0.424069 0.418812 0.457368 0.479016 0.472027 0.386591 0.372754 0.326045 0.354907 0.320277 0.322918 9.630043e-02 0.815
N:11 Run:8 0.261161 0.25679 0.438633 0.415883 0.472268 0.561749 0.626177 0.611264 0.619073 0.673039 0.681222 0.67465 0.422565 0.305332 0.255574 0.247238 0.212683 0.151648 0.101015 0.0901643 0.0912191 9.630043e-02 0.815
N:11 Run:9 0.221213 0.142429 0.142472 0.173609 0.246165 0.273427 0.347658 0.374878 0.35068 0.376844 0.437059 0.400486 0.404132 0.378723 0.396285 0.383261 0.331158 0.351209 0.332773 0.338108 0.29946 9.630043e-02 0.815
N:12 Run:0 0.365486 0.328964 0.285211 0.196061 0.165941 0.12918 0.12131 0.116173 0.126897 0.121182 0.129441 0.156053 0.349814 0.386849 0.42017 0.385713 0.362223 0.331339 0.302262 0.295907 0.295928 9.675994e-02 0.813
N:12 Run:1 0.320367 0.294743 0.279329 0.295316 0.276581 0.20833 0.234583 0.213121 0.217785 0.203462 0.224278 0.238864 0.239329 0.207091 0.14406 0.0912773 0.0871599 0.0934936 0.0814101 0.100256 0.117572 9.675994e-02 0.813
N:12 Run:2 0.246093 0.220451 0.269527 0.313306 0.300183 0.350232 0.334524 0.310094 0.335957 0.373171 0.424984 0.404673 0.395217 0.401778 0.399226 0.369938 0.347698 0.318158 0.284798 0.24485 0.270614 9.675994e-02 0.813
N:12 Run:3 0.285752 0.324243 0.338334 0.277021 0.304951 0.279658 0.258114 0.273708 0.294948 0.244757 0.252656 0.283582 0.280186 0.310864 0.286522 0.283667 0.255682 0.248214 0.207705 0.159338 0.0990636 9.675994e-02 0.813
N:12 Run:4 0.375873 0.314333 0.469365 0.502739 0.513892 0.558881 0.620665 0.617352 0.647331 0.594191 0.557521 0.613769 0.443694 0.447696 0.363138 0.409266 0.415156 0.399038 0.366803 0.33385 0.354571 9.675994e-02 0.813
N:12 Run:5 0.393664 0.335601 0.329538 0.330302 0.337749 0.377551 0.424029 0.417715 0.398273 0.421978 0.390719 0.385897 0.384874 0.377292 0.351144 0.287989 0.298523 0.287813 0.277798 0.327208 0.306163 9.675994e-02 0.813
N:12 Run:6 0.302104 0.307571 0.266045 0.301207 0.340853 0.399234 0.401376 0.363118 0.376544 0.393455 0.371408 0.411773 0.438353 0.452728 0.44619 0.412124 0.387813 0.372712 0.321492 0.329173 0.32613 9.675994e-02 0.813
N:12 Run:7 0.295388 0.264205 0.276102 0.295226 0.310137 0.332709 0.357358 0.410862 0.400762 0.369534 0.424069 0.418812 0.457368 0.479016 0.472027 0.386591 0.372754 0.326045 0.354907 0.320277 0.322918 9.675994e-02 0.813
N:12 Run:8 0.261161 0.25679 0.438633 0.415883 0.472268 0.561749 0.626177 0.611264 0.619073 0.673039 0.681222 0.67465 0.422565 0.305332 0.255574 0.247238 0.212683 0.151648 0.101015 0.0901643 0.0912191 9.675994e-02 0.813
N:12 Run:9 0.221213 0.142429 0.142472 0.173609 0.246165 0.273427 0.347658 0.374878 0.35068 0.376844 0.437059 0.400486 0.404132 0.378723 0.396285 0.383261 0.331158 0.351209 0.332773 0.338108 0.29946 9.675994e-02 0.813
N:13 Run:0 0.365486 0.328964 0.285211 0.196061 0.165941 0.12918 0.12131 0.116173 0.126897 0.121182 0.129441 0.156053 0.349814 0.386849 0.42017 0.385713 0.362223 0.331339 0.302262 0.295907 0.295928 9.746070e-02 0.811
N:13 Run:1 0.320367 0.294743 0.279329 0.295316 0.276581 0.20833 0.234583 0.213121 0.217785 0.203462 0.224278 0.238864 0.239329 0.207091 0.14406 0.0912773 0.0871599 0.0934936 0.0814101 0.100256 0.117572 9.746070e-02 0.811
N:13 Run:2 0.246093 0.220451 0.269527 0.313306 0.300183 0.350232 0.334524 0.310094 0.335957 0.373171 0.424984 0.404673 0.395217 0.401778 0.399226 0.369938 0.347698 0.318158 0.284798 0.24485 0.270614 9.746070e-02 0.811
N:13 Run:3 0.285752 0.324243 0.338334 0.277021 0.304951 0.279658 0.258114 0.273708 0.294948 0.244757 0.252656 0.283582 0.280186 0.310864 0.286522 0.283667 0.255682 0.248214 0.207705 0.159338 0.0990636 9.746070e-02 0.811
N:13 Run:4 0.375873 0.314333 0.469365 0.502739 0.513892 0.558881 0.620665 0.617352 0.647331 0.594191 0.557521 0.613769 0.443694 0.447696 0.363138 0.409266 0.415156 0.399038 0.366803 0.33385 0.354571 9.746070e-02 0.811
N:13 Run:5 0.393664 0.335601 0.329538 0.330302 0.337749 0.377551 0.424029 0.417715 0.398273 0.421978 0.390719 0.385897 0.384874 0.377292 0.351144 0.287989 0.298523 0.287813 0.277798 0.327208 0.306163 9.746070e-02 0.811
N:13 Run:6 0.302104 0.307571 0.266045 0.301207 0.340853 0.399234 0.401376 0.363118 0.376544 0.393455 0.371408 0.411773 0.438353 0.452728 0.44619 0.412124 0.387813 0.372712 0.321492 0.329173 0.32613 9.746070e-02 0.811
N:13 Run:7 0.295388 0.264205 0.276102 0.295226 0.310137 0.332709 0.357358 0.410862 0.400762 0.369534 0.424069 0.418812 0.457368 0.479016 0.472027 0.386591 0.372754 0.326045 0.354907 0.320277 0.322918 9.746070e-02 0.811
N:13 Run:8 0.261161 0.25679 0.438633 0.415883 0.472268 0.561749 0.626177 0.611264 0.619073 0.673039 0.681222 0.67465 0.422565 0.305332 0.255574 0.247238 0.212683 0.151648 0.101015 0.0901643 0.0912191 9.746070e-02 0.811
N:13 Run:9 0.221213 0.142429 0.142472 0.173609 0.246165 0.273427 0.347658 0.374878 0.35068 0.376844 0.437059 0.400486 0.404132 0.378723 0.396285 0.383261 0.331158 0.351209 0.332773 0.338108 0.29946 9.746070e-02 0.811
N:14 Run:0 0.365486 0.328964 0.285211 0.196061 0.165941 0.12918 0.12131 0.116173 0.126897 0.121182 0.129441 0.156053 0.349814 0.386849 0.42017 0.385713 0.362223 0.331339 0.302262 0.295907 0.295928 9.578493e-02 0.814
N:14 Run:1 0.320367 0.294743 0.279329 0.295316 0.276581 0.20833 0.234583 0.213121 0.217785 0.203462 0.224278 0.238864 0.239329 0.207091 0.14406 0.0912773 0.0871599 0.0934936 0.0814101 0.100256 0.117572 9.578493e-02 0.814
N:14 Run:2 0.246093 0.220451 0.269527 0.313306 0.300183 0.350232 0.334524 0.310094 0.335957 0.373171 0.424984 0.404673 0.395217 0.401778 0.399226 0.369938 0.347698 0.318158 0.284798 0.24485 0.270614 9.578493e-02 0.814
N:14 Run:3 0.285752 0.324243 0.338334 0.277021 0.304951 0.279658 0.258114 0.273708 0.294948 0.244757 0.252656 0.283582 0.280186 0.310864 0.286522 0.283667 0.255682 0.248214 0.207705 0.159338 0.0990636 9.578493e-02 0.814
N:14 Run:4 0.375873 0.314333 0.469365 0.502739 0.513892 0.558881 0.620665 0.617352 0.647331 0.594191 0.557521 0.613769 0.443694 0.447696 0.363138 0.409266 0.415156 0.399038 0.366803 0.33385 0.354571 9.578493e-02 0.814
N:14 Run:5 0.393664 0.335601 0.329538 0.330302 0.337749 0.377551 0.424029 0.417715 0.398273 0.421978 0.390719 0.385897 0.384874 0.377292 0.351144 0.287989 0.298523 0.287813 0.277798 0.327208 0.306163 9.578493e-02 0.814
N:14 Run:6 0.302104 0.307571 0.266045 0.301207 0.340853 0.399234 0.401376 0.363118 0.376544 0.393455 0.371408 0.411773 0.438353 0.452728 0.44619 0.412124 0.387813 0.372712 0.321492 0.329173 0.32613 9.578493e-02 0.814
N:14 Run:7 0.295388 0.264205 0.276102 0.295226 0.310137 0.332709 0.357358 0.410862 0.400762 0.369534 0.424069 0.418812 0.457368 0.479016 0.472027 0.386591 0.372754 0.326045 0.354907 0.320277 0.322918 9.578493e-02 0.814
N:14 Run:8 0.261161 0.25679 0.438633 0.415883 0.472268 0.561749 0.626177 0.611264 0.619073 0.673039 0.681222 0.67465 0.422565 0.305332 0.255574 0.247238 0.212683 0.151648 0.101015 0.0901643 0.0912191 9.578493e-02 0.814
N:14 Run:9 0.221213 0.142429 0.142472 0.173609 0.246165 0.273427 0.347658 0.374878 0.35068 0.376844 0.437059 0.400486 0.404132 0.378723 0.396285 0.383261 0.331158 0.351209 0.332773 0.338108 0.29946 9.578493e-02 0.814
N:15 Run:0 0.365486 0.328964 0.285211 0.196061 0.165941 0.12918 0.12131 0.116173 0.126897 0.121182 0.129441 0.156053 0.349814 0.386849 0.42017 0.385713 0.362223 0.331339 0.302262 0.295907 0.295928 9.809779e-02 0.810
N:15 Run:1 0.320367 0.294743 0.279329 0.295316 0.276581 0.20833 0.234583 0.213121 0.217785 0.203462 0.224278 0.238864 0.239329 0.207091 0.14406 0.0912773 0.0871599 0.0934936 0.0814101 0.100256 0.117572 9.809779e-02 0.810
N:15 Run:2 0.246093 0.220451 0.269527 0.313306 0.300183 0.350232 0.334524 0.310094 0.335957 0.373171 0.424984 0.404673 0.395217 0.401778 0.399226 0.369938 0.347698 0.318158 0.284798 0.24485 0.270614 9.809779e-02 0.810
N:15 Run:3 0.285752 0.324243 0.338334 0.277021 0.304951 0.279658 0.258114 0.273708 0.294948 0.244757 0.252656 0.283582 0.280186 0.310864 0.286522 0.283667 0.255682 0.248214 0.207705 0.159338 0.0990636 9.809779e-02 0.810
N:15 Run:4 0.375873 0.314333 0.469365 0.502739 0.513892 0.558881 0.620665 0.617352 0.647331 0.594191 0.557521 0.613769 0.443694 0.447696 0.363138 0.409266 0.415156 0.399038 0.366803 0.33385 0.354571 9.809779e-02 0.810
N:15 Run:5 0.393664 0.335601 0.329538 0.330302 0.337749 0.377551 0.424029 0.417715 0.398273 0.421978 0.390719 0.385897 0.384874 0.377292 0.351144 0.287989 0.298523 0.287813 0.277798 0.327208 0.306163 9.809779e-02 0.810
N:15 Run:6 0.302104 0.307571 0.266045 0.301207 0.340853 0.399234 0.401376 0.363118 0.376544 0.393455 0.371408 0.411773 0.438353 0.452728 0.44619 0.412124 0.387813 0.372712 0.321492 0.329173 0.32613 9.809779e-02 0.810
N:15 Run:7 0.295388 0.264205 0.276102 0.295226 0.310137 0.332709 0.357358 0.410862 0.400762 0.369534 0.424069 0.418812 0.457368 0.479016 0.472027 0.386591 0.372754 0.326045 0.354907 0.320277 0.322918 9.809779e-02 0.810
N:15 Run:8 0.261161 0.25679 0.438633 0.415883 0.472268 0.561749 0.626177 0.611264 0.619073 0.673039 0.681222 0.67465 0.422565 0.305332 0.255574 0.247238 0.212683 0.151648 0.101015 0.0901643 0.0912191 9.809779e-02 0.810
N:15 Run:9 0.221213 0.142429 0.142472 0.173609 0.246165 0.273427 0.347658 0.374878 0.35068 0.376844 0.437059 0.400486 0.404132 0.378723 0.396285 0.383261 0.331158 0.351209 0.332773 0.338108 0.29946 9.809779e-02 0.810
N:16 Run:0 0.365486 0.328964 0.285211 0.196061 0.165941 0.12918 0.12131 0.116173 0.126897 0.121182 0.129441 0.156053 0.349814 0.386849 0.42017 0.385713 0.362223 0.331339 0.302262 0.295907 0.295928 9.925869e-02 0.810
N:16 Run:1 0.320367 0.294743 0.279329 0.295316 0.276581 0.20833 0.234583 0.213121 0.217785 0.203462 0.224278 0.238864 0.239329 0.207091 0.14406 0.0912773 0.0871599 0.0934936 0.0814101 0.100256 0.117572 9.925869e-02 0.810
N:16 Run:2 0.246093 0.220451 0.269527 0.313306 0.300183 0.350232 0.334524 0.310094 0.335957 0.373171 0.424984 0.404673 0.395217 0.401778 0.399226 0.369938 0.347698 0.318158 0.284798 0.24485 0.270614 9.925869e-02 0.810
N:16 Run:3 0.285752 0.324243 0.338334 0.277021 0.304951 0.279658 0.258114 0.273708 0.294948 0.244757 0.252656 0.283582 0.280186 0.310864 0.286522 0.283667 0.255682 0.248214 0.207705 0.159338 0.0990636 9.925869e-02 0.810
N:16 Run:4 0.375873 0.314333 0.469365 0.502739 0.513892 0.558881 0.620665 0.617352 0.647331 0.594191 0.557521 0.613769 0.443694 0.447696 0.363138 0.409266 0.415156 0.399038 0.366803 0.33385 0.354571 9.925869e-02 0.810
N:16 Run:5 0.393664 0.335601 0.329538 0.330302 0.337749 0.377551 0.424029 0.417715 0.398273 0.421978 0.390719 0.385897 0.384874 0.377292 0.351144 0.287989 0.298523 0.287813 0.277798 0.327208 0.306163 9.925869e-02 0.810
N:16 Run:6 0.302104 0.307571 0.266045 0.301207 0.340853 0.399234 0.401376 0.363118 0.376544 0.393455 0.371408 0.411773 0.438353 0.452728 0.44619 0.412124 0.387813 0.372712 0.321492 0.329173 0.32613 9.925869e-02 0.810
N:16 Run:7 0.295388 0.264205 0.276102 0.295226 0.310137 0.332709 0.357358 0.410862 0.400762 0.369534 0.424069 0.418812 0.457368 0.479016 0.472027 0.386591 0.372754 0.326045 0.354907 0.320277 0.322918 9.925869e-02 0.810
N:16 Run:8 0.261161 0.25679 0.438633 0.415883 0.472268 0.561749 0.626177 0.611264 0.619073 0.673039 0.681222 0.67465 0.422565 0.305332 0.255574 0.247238 0.212683 0.151648 0.101015 0.0901643 0.0912191 9.925869e-02 0.810
N:16 Run:9 0.221213 0.142429 0.142472 0.173609 0.246165 0.273427 0.347658 0.374878 0.35068 0.376844 0.437059 0.400486 0.404132 0.378723 0.396285 0.383261 0.331158 0.351209 0.332773 0.338108 0.29946 9.925869e-02 0.810
N:17 Run:0 0.365486 0.328964 0.285211 0.196061 0.165941 0.12918 0.12131 0.116173 0.126897 0.121182 0.129441 0.156053 0.349814 0.386849 0.42017 0.385713 0.362223 0.331339 0.302262 0.295907 0.295928 1.067448e-01 0.812
N:17 Run:1 0.320367 0.294743 0.279329 0.295316 0.276581 0.20833 0.234583 0.213121 0.217785 0.203462 0.224278 0.238864 0.239329 0.207091 0.14406 0.0912773 0.0871599 0.0934936 0.0814101 0.100256 0.117572 1.067448e-01 0.812
N:17 Run:2 0.246093 0.220451 0.269527 0.313306 0.300183 0.350232 0.334524 0.310094 0.335957 0.373171 0.424984 0.404673 0.395217 0.401778 0.399226 0.369938 0.347698 0.318158 0.284798 0.24485 0.270614 1.067448e-01 0.812
N:17 Run:3 0.285752 0.324243 0.338334 0.277021 0.304951 0.279658 0.258114 0.273708 0.294948 0.244757 0.252656 0.283582 0.280186 0.310864 0.286522 0.283667 0.255682 0.248214 0.207705 0.159338 0.0990636 1.067448e-01 0.812
N:17 Run:4 0.375873 0.314333 0.469365 0.502739 0.513892 0.558881 0.620665 0.617352 0.647331 0.594191 0.557521 0.613769 0.443694 0.447696 0.363138 0.409266 0.415156 0.399038 0.366803 0.33385 0.354571 1.067448e-01 0.812
N:17 Run:5 0.393664 0.335601 0.329538 0.330302 0.337749 0.377551 0.424029 0.417715 0.398273 0.421978 0.390719 0.385897 0.384874 0.377292 0.351144 0.287989 0.298523 0.287813 0.277798 0.327208 0.306163 1.067448e-01 0.812
N:17 Run:6 0.302104 0.307571 0.266045 0.301207 0.340853 0.399234 0.401376 0.363118 0.376544 0.393455 0.371408 0.411773 0.438353 0.452728 0.44619 0.412124 0.387813 0.372712 0.321492 0.329173 0.32613 1.067448e-01 0.812
N:17 Run:7 0.295388 0.264205 0.276102 0.295226 0.310137 0.332709 0.357358 0.410862 0.400762 0.369534 0.424069 0.418812 0.457368 0.479016 0.472027 0.386591 0.372754 0.326045 0.354907 0.320277 0.322918 1.067448e-01 0.812
N:17 Run:8 0.261161 0.25679 0.438633 0.415883 0.472268 0.561749 0.626177 0.611264 0.619073 0.673039 0.681222 0.67465 0.422565 0.305332 0.255574 0.247238 0.212683 0.151648 0.101015 0.0901643 0.0912191 1.067448e-01 0.812
N:17 Run:9 0.221213 0.142429 0.142472 0.173609 0.246165 0.273427 0.347658 0.374878 0.35068 0.376844 0.437059 0.400486 0.404132 0.378723 0.396285 0.383261 0.331158 0.351209 0.332773 0.338108 0.29946 1.067448e-01 0.812
N:18 Run:0 0.365486 0.328964 0.285211 0.196061 0.165941 0.12918 0.12131 0.116173 0.126897 0.121182 0.129441 0.156053 0.349814 0.386849 0.42017 0.385713 0.362223 0.331339 0.302262 0.295907 0.295928 9.580603e-02 0.813
N:18 Run:1 0.320367 0.294743 0.279329 0.295316 0.276581 0.20833 0.234583 0.213121 0.217785 0.203462 0.224278 0.238864 0.239329 0.207091 0.14406 0.0912773 0.0871599 0.0934936 0.0814101 0.100256 0.117572 9.580603e-02 0.813
N:18 Run:2 0.246093 0.220451 0.269527 0.313306 0.300183 0.350232 0.334524 0.310094 0.335957 0.373171 0.424984 0.404673 0.395217 0.401778 0.399226 0.369938 0.347698 0.318158 0.284798 0.24485 0.270614 9.580603e-02 0.813
N:18 Run:3 0.285752 0.324243 0.338334 0.277021 0.304951 0.279658 0.258114 0.273708 0.294948 0.244757 0.252656 0.283582 0.280186 0.310864 0.286522 0.283667 0.255682 0.248214 0.207705 0.159338 0.0990636 9.580603e-02 0.813
N:18 Run:4 0.375873 0.314333 0.469365 0.502739 0.513892 0.558881 0.620665 0.617352 0.647331 0.594191 0.557521 0.613769 0.443694 0.447696 0.363138 0.409266 0.415156 0.399038 0.366803 0.33385 0.354571 9.580603e-02 0.813
N:18 Run:5 0.393664 0.335601 0.329538 0.330302 0.337749 0.377551 0.424029 0.417715 0.398273 0.421978 0.390719 0.385897 0.384874 0.377292 0.351144 0.287989 0.298523 0.287813 0.277798 0.327208 0.306163 9.580603e-02 0.813
N:18 Run:6 0.302104 0.307571 0.266045 0.301207 0.340853 0.399234 0.401376 0.363118 0.376544 0.393455 0.371408 0.411773 0.438353 0.452728 0.44619 0.412124 0.387813 0.372712 0.321492 0.329173 0.32613 9.580603e-02 0.813
N:18 Run:7 0.295388 0.264205 0.276102 0.295226 0.310137 0.332709 0.357358 0.410862 0.400762 0.369534 0.424069 0.418812 0.457368 0.479016 0.472027 0.386591 0.372754 0.326045 0.354907 0.320277 0.322918 9.580603e-02 0.813
N:18 Run:8 0.261161 0.25679 0.438633 0.415883 0.472268 0.561749 0.626177 0.611264 0.619073 0.673039 0.681222 0.67465 0.422565 0.305332 0.255574 0.247238 0.212683 0.151648 0.101015 0.0901643 0.0912191 9.580603e-02 0.813
N:18 Run:9 0.221213 0.142429 0.142472 0.173609 0.246165 0.273427 0.347658 0.374878 0.35068 0.376844 0.437059 0.400486 0.404132 0.378723 0.396285 0.383261 0.331158 0.351209 0.332773 0.338108 0.29946 9.580603e-02 0.813
N:19 Run:0 0.365486 0.328964 0.285211 0.196061 0.165941 0.12918 0.12131 0.116173 0.126897 0.121182 0.129441 0.156053 0.349814 0.386849 0.42017 0.385713 0.362223 0.331339 0.302262 0.295907 0.295928 1.030706e-01 0.816
N:19 Run:1 0.320367 0.294743 0.279329 0.295316 0.276581 0.20833 0.234583 0.213121 0.217785 0.203462 0.224278 0.238864 0.239329 0.207091 0.14406 0.0912773 0.0871599 0.0934936 0.0814101 0.100256 0.117572 1.030706e-01 0.816
N:19 Run:2 0.246093 0.220451 0.269527 0.313306 0.300183 0.350232 0.334524 0.310094 0.335957 0.373171 0.424984 0.404673 0.395217 0.401778 0.399226 0.369938 0.347698 0.318158 0.284798 0.24485 0.270614 1.030706e-01 0.816
N:19 Run:3 0.285752 0.324243 0.338334 0.277021 0.304951 0.279658 0.258114 0.273708 0.294948 0.244757 0.252656 0.283582 0.280186 0.310864 0.286522 0.283667 0.255682 0.248214 0.207705 0.159338 0.0990636 1.030706e-01 0.816
N:19 Run:4 0.375873 0.314333 0.469365 0.502739 0.513892 0.558881 0.620665 0.617352 0.647331 0.594191 0.557521 0.613769 0.443694 0.447696 0.363138 0.409266 0.415156 0.399038 0.366803 0.33385 0.354571 1.030706e-01 0.816
N:19 Run:5 0.393664 0.335601 0.329538 0.330302 0.337749 0.377551 0.424029 0.417715 0.398273 0.421978 0.390719 0.385897 0.384874 0.377292 0.351144 0.287989 0.298523 0.287813 0.277798 0.327208 0.306163 1.030706e-01 0.816
N:19 Run:6 0.302104 0.307571 0.266045 0.301207 0.340853 0.399234 0.401376 0.363118 0.376544 0.393455 0.371408 0.411773 0.438353 0.452728 0.44619 0.412124 0.387813 0.372712 0.321492 0.329173 0.32613 1.030706e-01 0.816
N:19 Run:7 0.295388 0.264205 0.276102 0.295226 0.310137 0.332709 0.357358 0.410862 0.400762 0.369534 0.424069 0.418812 0.457368 0.479016 0.472027 0.386591 0.372754 0.326045 0.354907 0.320277 0.322918 1.030706e-01 0.816
N:19 Run:8 0.261161 0.25679 0.438633 0.415883 0.472268 0.561749 0.626177 0.611264 0.619073 0.673039 0.681222 0.67465 0.422565 0.305332 0.255574 0.247238 0.212683 0.151648 0.101015 0.0901643 0.0912191 1.030706e-01 0.816
N:19 Run:9 0.221213 0.142429 0.142472 0.173609 0.246165 0.273427 0.347658 0.374878 0.35068 0.376844 0.437059 0.400486 0.404132 0.378723 0.396285 0.383261 0.331158 0.351209 0.332773 0.338108 0.29946 1.030706e-01 0.816
N:20 Run:0 0.365486 0.328964 0.285211 0.196061 0.165941 0.12918 0.12131 0.116173 0.126897 0.121182 0.129441 0.156053 0.349814 0.386849 0.42017 0.385713 0.362223 0.331339 0.302262 0.295907 0.295928 9.712158e-02 0.815
N:20 Run:1 0.320367 0.294743 0.279329 0.295316 0.276581 0.20833 0.234583 0.213121 0.217785 0.203462 0.224278 0.238864 0.239329 0.207091 0.14406 0.0912773 0.0871599 0.0934936 0.0814101 0.100256 0.117572 9.712158e-02 0.815
N:20 Run:2 0.246093 0.220451 0.269527 0.313306 0.300183 0.350232 0.334524 0.310094 0.335957 0.373171 0.424984 0.404673 0.395217 0.401778 0.399226 0.369938 0.347698 0.318158 0.284798 0.24485 0.270614 9.712158e-02 0.815
N:20 Run:3 0.285752 0.324243 0.338334 0.277021 0.304951 0.279658 0.258114 0.273708 0.294948 0.244757 0.252656 0.283582 0.280186 0.310864 0.286522 0.283667 0.255682 0.248214 0.207705 0.159338 0.0990636 9.712158e-02 0.815
N:20 Run:4 0.375873 0.314333 0.469365 0.502739 0.513892 0.558881 0.620665 0.617352 0.647331 0.594191 0.557521 0.613769 0.443694 0.447696 0.363138 0.409266 0.415156 0.399038 0.366803 0.33385 0.354571 9.712158e-02 0.815
N:20 Run:5 0.393664 0.335601 0.329538 0.330302 0.337749 0.377551 0.424029 0.417715 0.398273 0.421978 0.390719 0.385897 0.384874 0.377292 0.351144 0.287989 0.298523 0.287813 0.277798 0.327208 0.306163 9.712158e-02 0.815
N:20 Run:6 0.302104 0.307571 0.266045 0.301207 0.340853 0.399234 0.401376 0.363118 0.376544 0.393455 0.371408 0.411773 0.438353 0.452728 0.44619 0.412124 0.387813 0.372712 0.321492 0.329173 0.32613 9.712158e-02 0.815
N:20 Run:7 0.295388 0.264205 0.276102 0.295226 0.310137 0.332709 0.357358 0.410862 0.400762 0.369534 0.424069 0.418812 0.457368 0.479016 0.472027 0.386591 0.372754 0.326045 0.354907 0.320277 0.322918 9.712158e-02 0.815
N:20 Run:8 0.261161 0.25679 0.438633 0.415883 0.472268 0.561749 0.626177 0.611264 0.619073 0.673039 0.681222 0.67465 0.422565 0.305332 0.255574 0.247238 0.212683 0.151648 0.101015 0.0901643 0.0912191 9.712158e-02 0.815
N:20 Run:9 0.221213 0.142429 0.142472 0.173609 0.246165 0.273427 0.347658 0.374878 0.35068 0.376844 0.437059 0.400486 0.404132 0.378723 0.396285 0.383261 0.331158 0.351209 0.332773 0.338108 0.29946 9.712158e-02 0.815
N:21 Run:0 0.365486 0.328964 0.285211 0.196061 0.165941 0.12918 0.12131 0.116173 0.126897 0.121182 0.129441 0.156053 0.349814 0.386849 0.42017 0.385713 0.362223 0.331339 0.302262 0.295907 0.295928 9.645905e-02 0.810
N:21 Run:1 0.320367 0.294743 0.279329 0.295316 0.276581 0.20833 0.234583 0.213121 0.217785 0.203462 0.224278 0.238864 0.239329 0.207091 0.14406 0.0912773 0.0871599 0.0934936 0.0814101 0.100256 0.117572 9.645905e-02 0.810
N:21 Run:2 0.246093 0.220451 0.269527 0.313306 0.300183 0.350232 0.334524 0.310094 0.335957 0.373171 0.424984 0.404673 0.395217 0.401778 0.399226 0.369938 0.347698 0.318158 0.284798 0.24485 0.270614 9.645905e-02 0.810
N:21 Run:3 0.285752 0.324243 0.338334 0.277021 0.304951 0.279658 0.258114 0.273708 0.294948 0.244757 0.252656 0.283582 0.280186 0.310864 0.286522 0.283667 0.255682 0.248214 0.207705 0.159338 0.0990636 9.645905e-02 0.810
N:21 Run:4 0.375873 0.314333 0.469365 0.502739 0.513892 0.558881 0.620665 0.617352 0.647331 0.594191 0.557521 0.613769 0.443694 0.447696 0.363138 0.409266 0.415156 0.399038 0.366803 0.33385 0.354571 9.645905e-02 0.810
N:21 Run:5 0.393664 0.335601 0.329538 0.330302 0.337749 0.377551 0.424029 0.417715 0.398273 0.421978 0.390719 0.385897 0.384874 0.377292 0.351144 0.287989 0.298523 0.287813 0.277798 0.327208 0.306163 9.645905e-02 0.810
N:21 Run:6 0.302104 0.307571 0.266045 0.301207 0.340853 0.399234 0.401376 0.363118 0.376544 0.393455 0.371408 0.411773 0.438353 0.452728 0.44619 0.412124 0.387813 0.372712 0.321492 0.329173 0.32613 9.645905e-02 0.810
N:21 Run:7 0.295388 0.264205 0.276102 0.295226 0.310137 0.332709 0.357358 0.410862 0.400762 0.369534 0.424069 0.418812 0.457368 0.479016 0.472027 0.386591 0.372754 0.326045 0.354907 0.320277 0.322918 9.645905e-02 0.810
N:21 Run:8 0.261161 0.25679 0.438633 0.415883 0.472268 0.561749 0.626177 0.611264 0.619073 0.673039 0.681222 0.67465 0.422565 0.305332 0.255574 0.247238 0.212683 0.151648 0.101015 0.0901643 0.0912191 9.645905e-02 0.810
N:21 Run:9 0.221213 0.142429 0.142472 0.173609 0.246165 0.273427 0.347658 0.374878 0.35068 0.376844 0.437059 0.400486 0.404132 0.378723 0.396285 0.383261 0.331158 0.351209 0.332773 0.338108 0.29946 9.645905e-02 0.810
N:22 Run:0 0.365486 0.328964 0.285211 0.196061 0.165941 0.12918 0.12131 0.116173 0.126897 0.121182 0.129441 0.156053 0.349814 0.386849 0.42017 0.385713 0.362223 0.331339 0.302262 0.295907 0.295928 9.643107e-02 0.810
N:22 Run:1 0.320367 0.294743 0.279329 0.295316 0.276581 0.20833 0.234583 0.213121 0.217785 0.203462 0.224278 0.238864 0.239329 0.207091 0.14406 0.0912773 0.0871599 0.0934936 0.0814101 0.100256 0.117572 9.643107e-02 0.810
N:22 Run:2 0.246093 0.220451 0.269527 0.313306 0.300183 0.350232 0.334524 0.310094 0.335957 0.373171 0.424984 0.404673 0.395217 0.401778 0.399226 0.369938 0.347698 0.318158 0.284798 0.24485 0.270614 9.643107e-02 0.810
N:22 Run:3 0.285752 0.324243 0.338334 0.277021 0.304951 0.279658 0.258114 0.273708 0.294948 0.244757 0.252656 0.283582 0.280186 0.310864 0.286522 0.283667 0.255682 0.248214 0.207705 0.159338 0.0990636 9.643107e-02 0.810
N:22 Run:4 0.375873 0.314333 0.469365 0.502739 0.513892 0.558881 0.620665 0.617352 0.647331 0.594191 0.557521 0.613769 0.443694 0.447696 0.363138 0.409266 0.415156 0.399038 0.366803 0.33385 0.354571 9.643107e-02 0.810
N:22 Run:5 0.393664 0.335601 0.329538 0.330302 0.337749 0.377551 0.424029 0.417715 0.398273 0.421978 0.390719 0.385897 0.384874 0.377292 0.351144 0.287989 0.298523 0.287813 0.277798 0.327208 0.306163 9.643107e-02 0.810
N:22 Run:6 0.302104 0.307571 0.266045 0.301207 0.340853 0.399234 0.401376 0.363118 0.376544 0.393455 0.371408 0.411773 0.438353 0.452728 0.44619 0.412124 0.387813 0.372712 0.321492 0.329173 0.32613 9.643107e-02 0.810
N:22 Run:7 0.295388 0.264205 0.276102 0.295226 0.310137 0.332709 0.357358 0.410862 0.400762 0.369534 0.424069 0.418812 0.457368 0.479016 0.472027 0.386591 0.372754 0.326045 0.354907 0.320277 0.322918 9.643107e-02 0.810
N:22 Run:8 0.261161 0.25679 0.438633 0.415883 0.472268 0.561749 0.626177 0.611264 0.619073 0.673039 0.681222 0.67465 0.422565 0.305332 0.255574 0.247238 0.212683 0.151648 0.101015 0.0901643 0.0912191 9.643107e-02 0.810
N:22 Run:9 0.221213 0.142429 0.142472 0.173609 0.246165 0.273427 0.347658 0.374878 0.35068 0.376844 0.437059 0.400486 0.404132 0.378723 0.396285 0.383261 0.331158 0.351209 0.332773 0.338108 0.29946 9.643107e-02 0.810
N:23 Run:0 0.365486 0.328964 0.285211 0.196061 0.165941 0.12918 0.12131 0.116173 0.126897 0.121182 0.129441 0.156053 0.349814 0.386849 0.42017 0.385713 0.362223 0.331339 0.302262 0.295907 0.295928 9.618691e-02 0.814
N:23 Run:1 0.320367 0.294743 0.279329 0.295316 0.276581 0.20833 0.234583 0.213121 0.217785 0.203462 0.224278 0.238864 0.239329 0.207091 0.14406 0.0912773 0.0871599 0.0934936 0.0814101 0.100256 0.117572 9.618691e-02 0.814
N:23 Run:2 0.246093 0.220451 0.269527 0.313306 0.300183 0.350232 0.334524 0.310094 0.335957 0.373171 0.424984 0.404673 0.395217 0.401778 0.399226 0.369938 0.347698 0.318158 0.284798 0.24485 0.270614 9.618691e-02 0.814
N:23 Run:3 0.285752 0.324243 0.338334 0.277021 0.304951 0.279658 0.258114 0.273708 0.294948 0.244757 0.252656 0.283582 0.280186 0.310864 0.286522 0.283667 0.255682 0.248214 0.207705 0.159338 0.0990636 9.618691e-02 0.814
N:23 Run:4 0.375873 0.314333 0.469365 0.502739 0.513892 0.558881 0.620665 0.617352 0.647331 0.594191 0.557521 0.613769 0.443694 0.447696 0.363138 0.409266 0.415156 0.399038 0.366803 0.33385 0.354571 9.618691e-02 0.814
N:23 Run:5 0.393664 0.335601 0.329538 0.330302 0.337749 0.377551 0.424029 0.417715 0.398273 0.421978 0.390719 0.385897 0.384874 0.377292 0.351144 0.287989 0.298523 0.287813 0.277798 0.327208 0.306163 9.618691e-02 0.814
N:23 Run:6 0.302104 0.307571 0.266045 0.301207 0.340853 0.399234 0.401376 0.363118 0.376544 0.393455 0.371408 0.411773 0.438353 0.452728 0.44619 0.412124 0.387813 0.372712 0.321492 0.329173 0.32613 9.618691e-02 0.814
N:23 Run:7 0.295388 0.264205 0.276102 0.295226 0.310137 0.332709 0.357358 0.410862 0.400762 0.369534 0.424069 0.418812 0.457368 0.479016 0.472027 0.386591 0.372754 0.326045 0.354907 0.320277 0.322918 9.618691e-02 0.814
N:23 Run:8 0.261161 0.25679 0.438633 0.415883 0.472268 0.561749 0.626177 0.611264 0.619073 0.673039 0.681222 0.67465 0.422565 0.305332 0.255574 0.247238 0.212683 0.151648 0.101015 0.0901643 0.0912191 9.618691e-02 0.814
N:23 Run:9 0.221213 0.142429 0.142472 0.173609 0.246165 0.273427 0.347658 0.374878 0.35068 0.376844 0.437059 0.400486 0.404132 0.378723 0.396285 0.383261 0.331158 0.351209 0.332773 0.338108 0.29946 9.618691e-02 0.814
N:24 Run:0 0.365486 0.328964 0.285211 0.196061 0.165941 0.12918 0.12131 0.116173 0.126897 0.121182 0.129441 0.156053 0.349814 0.386849 0.42017 0.385713 0.362223 0.331339 0.302262 0.295907 0.295928 9.813146e-02 0.811
N:24 Run:1 0.320367 0.294743 0.279329 0.295316 0.276581 0.20833 0.234583 0.213121 0.217785 0.203462 0.224278 0.238864 0.239329 0.207091 0.14406 0.0912773 0.0871599 0.0934936 0.0814101 0.100256 0.117572 9.813146e-02 0.811
N:24 Run:2 0.246093 0.220451 0.269527 0.313306 0.300183 0.350232 0.334524 0.310094 0.335957 0.373171 0.424984 0.404673 0.395217 0.401778 0.399226 0.369938 0.347698 0.318158 0.284798 0.24485 0.270614 9.813146e-02 0.811
N:24 Run:3 0.285752 0.324243 0.338334 0.277021 0.304951 0.279658 0.258114 0.273708 0.294948 0.244757 0.252656 0.283582 0.280186 0.310864 0.286522 0.283667 0.255682 0.248214 0.207705 0.159338 0.0990636 9.813146e-02 0.811
N:24 Run:4 0.375873 0.314333 0.469365 0.502739 0.513892 0.558881 0.620665 0.617352 0.647331 0.594191 0.557521 0.613769 0.443694 0.447696 0.363138 0.409266 0.415156 0.399038 0.366803 0.33385 0.354571 9.813146e-02 0.811
N:24 Run:5 0.393664 0.335601 0.329538 0.330302 0.337749 0.377551 0.424029 0.417715 0.398273 0.421978 0.390719 0.385897 0.384874 0.377292 0.351144 0.287989 0.298523 0.287813 0.277798 0.327208 0.306163 9.813146e-02 0.811
N:24 Run:6 0.302104 0.307571 0.266045 0.301207 0.340853 0.399234 0.401376 0.363118 0.376544 0.393455 0.371408 0.411773 0.438353 0.452728 0.44619 0.412124 0.387813 0.372712 0.321492 0.329173 0.32613 9.813146e-02 0.811
N:24 Run:7 0.295388 0.264205 0.276102 0.295226 0.310137 0.332709 0.357358 0.410862 0.400762 0.369534 0.424069 0.418812 0.457368 0.479016 0.472027 0.386591 0.372754 0.326045 0.354907 0.320277 0.322918 9.813146e-02 0.811
N:24 Run:8 0.261161 0.25679 0.438633 0.415883 0.472268 0.561749 0.626177 0.611264 0.619073 0.673039 0.681222 0.67465 0.422565 0.305332 0.255574 0.247238 0.212683 0.151648 0.101015 0.0901643 0.0912191 9.813146e-02 0.811
N:24 Run:9 0.221213 0.142429 0.142472 0.173609 0.246165 0.273427 0.347658 0.374878 0.35068 0.376844 0.437059 0.400486 0.404132 0.378723 0.396285 0.383261 0.331158 0.351209 0.332773 0.338108 0.29946 9.813146e-02 0.811
N:25 Run:0 0.365486 0.328964 0.285211 0.196061 0.165941 0.12918 0.12131 0.116173 0.126897 0.121182 0.129441 0.156053 0.349814 0.386849 0.42017 0.385713 0.362223 0.331339 0.302262 0.295907 0.295928 9.685924e-02 0.813
N:25 Run:1 0.320367 0.294743 0.279329 0.295316 0.276581 0.20833 0.234583 0.213121 0.217785 0.203462 0.224278 0.238864 0.239329 0.207091 0.14406 0.0912773 0.0871599 0.0934936 0.0814101 0.100256 0.117572 9.685924e-02 0.813
N:25 Run:2 0.246093 0.220451 0.269527 0.313306 0.300183 0.350232 0.334524 0.310094 0.335957 0.373171 0.424984 0.404673 0.395217 0.401778 0.399226 0.369938 0.347698 0.318158 0.284798 0.24485 0.270614 9.685924e-02 0.813
N:25 Run:3 0.285752 0.324243 0.338334 0.277021 0.304951 0.279658 0.258114 0.273708 0.294948 0.244757 0.252656 0.283582 0.280186 0.310864 0.286522 0.283667 0.255682 0.248214 0.207705 0.159338 0.0990636 9.685924e-02 0.813
N:25 Run:4 0.375873 0.314333 0.469365 0.502739 0.513892 0.558881 0.620665 0.617352 0.647331 0.594191 0.557521 0.613769 0.443694 0.447696 0.363138 0.409266 0.415156 0.399038 0.366803 0.33385 0.354571 9.685924e-02 0.813
N:25 Run:5 0.393664 0.335601 0.329538 0.330302 0.337749 0.377551 0.424029 0.417715 0.398273 0.421978 0.390719 0.385897 0.384874 0.377292 0.351144 0.287989 0.298523 0.287813 0.277798 0.327208 0.306163 9.685924e-02 0.813
N:25 Run:6 0.302104 0.307571 0.266045 0.301207 0.340853 0.399234 0.401376 0.363118 0.376544 0.393455 0.371408 0.411773 0.438353 0.452728 0.44619 0.412124 0.387813 0.372712 0.321492 0.329173 0.32613 9.685924e-02 0.813
N:25 Run:7 0.295388 0.264205 0.276102 0.295226 0.310137 0.332709 0.357358 0.410862 0.400762 0.369534 0.424069 0.418812 0.457368 0.479016 0.472027 0.386591 0.372754 0.326045 0.354907 0.320277 0.322918 9.685924e-02 0.813
N:25 Run:8 0.261161 0.25679 0.438633 0.415883 0.472268 0.561749 0.626177 0.611264 0.619073 0.673039 0.681222 0.67465 0.422565 0.305332 0.255574 0.247238 0.212683 0.151648 0.101015 0.0901643 0.0912191 9.685924e-02 0.813
N:25 Run:9 0.221213 0.142429 0.142472 0.173609 0.246165 0.273427 0.347658 0.374878 0.35068 0.376844 0.437059 0.400486 0.404132 0.378723 0.396285 0.383261 0.331158 0.351209 0.332773 0.338108 0.29946 9.685924e-02 0.813
N:26 Run:0 0.365486 0.328964 0.285211 0.196061 0.165941 0.12918 0.12131 0.116173 0.126897 0.121182 0.129441 0.156053 0.349814 0.386849 0.42017 0.385713 0.362223 0.331339 0.302262 0.295907 0.295928 9.593109e-02 0.810
N:26 Run:1 0.320367 0.294743 0.279329 0.295316 0.276581 0.20833 0.234583 0.213121 0.217785 0.203462 0.224278 0.238864 0.239329 0.207091 0.14406 0.0912773 0.0871599 0.0934936 0.0814101 0.100256 0.117572 9.593109e-02 0.810
N:26 Run:2 0.246093 0.220451 0.269527 0.313306 0.300183 0.350232 0.334524 0.310094 0.335957 0.373171 0.424984 0.404673 0.395217 0.401778 0.399226 0.369938 0.347698 0.318158 0.284798 0.24485 0.270614 9.593109e-02 0.810
N:26 Run:3 0.285752 0.324243 0.338334 0.277021 0.304951 0.279658 0.258114 0.273708 0.294948 0.244757 0.252656 0.283582 0.280186 0.310864 0.286522 0.283667 0.255682 0.248214 0.207705 0.159338 0.0990636 9.593109e-02 0.810
N:26 Run:4 0.375873 0.314333 0.469365 0.502739 0.513892 0.558881 0.620665 0.617352 0.647331 0.594191 0.557521 0.613769 0.443694 0.447696 0.363138 0.409266 0.415156 0.399038 0.366803 0.33385 0.354571 9.593109e-02 0.810
N:26 Run:5 0.393664 0.335601 0.329538 0.330302 0.337749 0.377551 0.424029 0.417715 0.398273 0.421978 0.390719 0.385897 0.384874 0.377292 0.351144 0.287989 0.298523 0.287813 0.277798 0.327208 0.306163 9.593109e-02 0.810
N:26 Run:6 0.302104 0.307571 0.266045 0.301207 0.340853 0.399234 0.401376 0.363118 0.376544 0.393455 0.371408 0.411773 0.438353 0.452728 0.44619 0.412124 0.387813 0.372712 0.321492 0.329173 0.32613 9.593109e-02 0.810
N:26 Run:7 0.295388 0.264205 0.276102 0.295226 0.310137 0.332709 0.357358 0.410862 0.400762 0.369534 0.424069 0.418812 0.457368 0.479016 0.472027 0.386591 0.372754 0.326045 0.354907 0.320277 0.322918 9.593109e-02 0.810
N:26 Run:8 0.261161 0.25679 0.438633 0.415883 0.472268 0.561749 0.626177 0.611264 0.619073 0.673039 0.681222 0.67465 0.422565 0.305332 0.255574 0.247238 0.212683 0.151648 0.101015 0.0901643 0.0912191 9.593109e-02 0.810
N:26 Run:9 0.221213 0.142429 0.142472 0.173609 0.246165 0.273427 0.347658 0.374878 0.35068 0.376844 0.437059 0.400486 0.404132 0.378723 0.396285 0.383261 0.331158 0.351209 0.332773 0.338108 0.29946 9.593109e-02 0.810
N:27 Run:0 0.365486 0.328964 0.285211 0.196061 0.165941 0.12918 0.12131 0.116173 0.126897 0.121182 0.129441 0.156053 0.349814 0.386849 0.42017 0.385713 0.362223 0.331339 0.302262 0.295907 0.295928 9.743488e-02 0.809
N:27 Run:1 0.320367 0.294743 0.279329 0.295316 0.276581 0.20833 0.234583 0.213121 0.217785 0.203462 0.224278 0.238864 0.239329 0.207091 0.14406 0.0912773 0.0871599 0.0934936 0.0814101 0.100256 0.117572 9.743488e-02 0.809
N:27 Run:2 0.246093 0.220451 0.269527 0.313306 0.300183 0.350232 0.334524 0.310094 0.335957 0.373171 0.424984 0.404673 0.395217 0.401778 0.399226 0.369938 0.347698 0.318158 0.284798 0.24485 0.270614 9.743488e-02 0.809
N:27 Run:3 0.285752 0.324243 0.338334 0.277021 0.304951 0.279658 0.258114 0.273708 0.294948 0.244757 0.252656 0.283582 0.280186 0.310864 0.286522 0.283667 0.255682 0.248214 0.207705 0.159338 0.0990636 9.743488e-02 0.809
N:27 Run:4 0.375873 0.314333 0.469365 0.502739 0.513892 0.558881 0.620665 0.617352 0.647331 0.594191 0.557521 0.613769 0.443694 0.447696 0.363138 0.409266 0.415156 0.399038 0.366803 0.33385 0.354571 9.743488e-02 0.809
N:27 Run:5 0.393664 0.335601 0.329538 0.330302 0.337749 0.377551 0.424029 0.417715 0.398273 0.421978 0.390719 0.385897 0.384874 0.377292 0.351144 0.287989 0.298523 0.287813 0.277798 0.327208 0.306163 9.743488e-02 0.809
N:27 Run:6 0.302104 0.307571 0.266045 0.301207 0.340853 0.399234 0.401376 0.363118 0.376544 0.393455 0.371408 0.411773 0.438353 0.452728 0.44619 0.412124 0.387813 0.372712 0.321492 0.329173 0.32613 9.743488e-02 0.809
N:27 Run:7 0.295388 0.264205 0.276102 0.295226 0.310137 0.332709 0.357358 0.410862 0.400762 0.369534 0.424069 0.418812 0.457368 0.479016 0.472027 0.386591 0.372754 0.326045 0.354907 0.320277 0.322918 9.743488e-02 0.809
N:27 Run:8 0.261161 0.25679 0.438633 0.415883 0.472268 0.561749 0.626177 0.611264 0.619073 0.673039 0.681222 0.67465 0.422565 0.305332 0.255574 0.247238 0.212683 0.151648 0.101015 0.0901643 0.0912191 9.743488e-02 0.809
N:27 Run:9 0.221213 0.142429 0.142472 0.173609 0.246165 0.273427 0.347658 0.374878 0.35068 0.376844 0.437059 0.400486 0.404132 0.378723 0.396285 0.383261 0.331158 0.351209 0.332773 0.338108 0.29946 9.743488e-02 0.809
N:28 Run:0 0.365486 0.328964 0.285211 0.196061 0.165941 0.12918 0.12131 0.116173 0.126897 0.121182 0.129441 0.156053 0.349814 0.386849 0.42017 0.385713 0.362223 0.331339 0.302262 0.295907 0.295928 9.965589e-02 0.813
N:28 Run:1 0.320367 0.294743 0.279329 0.295316 0.276581 0.20833 0.234583 0.213121 0.217785 0.203462 0.224278 0.238864 0.239329 0.207091 0.14406 0.0912773 0.0871599 0.0934936 0.0814101 0.100256 0.117572 9.965589e-02 0.813
N:28 Run:2 0.246093 0.220451 0.269527 0.313306 0.300183 0.350232 0.334524 0.310094 0.335957 0.373171 0.424984 0.404673 0.395217 0.401778 0.399226 0.369938 0.347698 0.318158 0.284798 0.24485 0.270614 9.965589e-02 0.813
N:28 Run:3 0.285752 0.324243 0.338334 0.277021 0.304951 0.279658 0.258114 0.273708 0.294948 0.244757 0.252656 0.283582 0.280186 0.310864 0.286522 0.283667 0.255682 0.248214 0.207705 0.159338 0.0990636 9.965589e-02 0.813
N:28 Run:4 0.375873 0.314333 0.469365 0.502739 0.513892 0.558881 0.620665 0.617352 0.647331 0.594191 0.557521 0.613769 0.443694 0.447696 0.363138 0.409266 0.415156 0.399038 0.366803 0.33385 0.354571 9.965589e-02 0.813
N:28 Run:5 0.393664 0.335601 0.329538 0.330302 0.337749 0.377551 0.424029 0.417715 0.398273 0.421978 0.390719 0.385897 0.384874 0.377292 0.351144 0.287989 0.298523 0.287813 0.277798 0.327208 0.306163 9.965589e-02 0.813
N:28 Run:6 0.302104 0.307571 0.266045 0.301207 0.340853 0.399234 0.401376 0.363118 0.376544 0.393455 0.371408 0.411773 0.438353 0.452728 0.44619 0.412124 0.387813 0.372712 0.321492 0.329173 0.32613 9.965589e-02 0.813
N:28 Run:7 0.295388 0.264205 0.276102 0.295226 0.310137 0.332709 0.357358 0.410862 0.400762 0.369534 0.424069 0.418812 0.457368 0.479016 0.472027 0.386591 0.372754 0.326045 0.354907 0.320277 0.322918 9.965589e-02 0.813
N:28 Run:8 0.261161 0.25679 0.438633 0.415883 0.472268 0.561749 0.626177 0.611264 0.619073 0.673039 0.681222 0.67465 0.422565 0.305332 0.255574 0.247238 0.212683 0.151648 0.101015 0.0901643 0.0912191 9.965589e-02 0.813
N:28 Run:9 0.221213 0.142429 0.142472 0.173609 0.246165 0.273427 0.347658 0.374878 0.35068 0.376844 0.437059 0.400486 0.404132 0.378723 0.396285 0.383261 0.331158 0.351209 0.332773 0.338108 0.29946 9.965589e-02 0.813
N:29 Run:0 0.365486 0.328964 0.285211 0.196061 0.165941 0.12918 0.12131 0.116173 0.126897 0.121182 0.129441 0.156053 0.349814 0.386849 0.42017 0.385713 0.362223 0.331339 0.302262 0.295907 0.295928 9.597290e-02 0.808
N:29 Run:1 0.320367 0.294743 0.279329 0.295316 0.276581 0.20833 0.234583 0.213121 0.217785 0.203462 0.224278 0.238864 0.239329 0.207091 0.14406 0.0912773 0.0871599 0.0934936 0.0814101 0.100256 0.117572 9.597290e-02 0.808
N:29 Run:2 0.246093 0.220451 0.269527 0.313306 0.300183 0.350232 0.334524 0.310094 0.335957 0.373171 0.424984 0.404673 0.395217 0.401778 0.399226 0.369938 0.347698 0.318158 0.284798 0.24485 0.270614 9.597290e-02 0.808
N:29 Run:3 0.285752 0.324243 0.338334 0.277021 0.304951 0.279658 0.258114 0.273708 0.294948 0.244757 0.252656 0.283582 0.280186 0.310864 0.286522 0.283667 0.255682 0.248214 0.207705 0.159338 0.0990636 9.597290e-02 0.808
N:29 Run:4 0.375873 0.314333 0.469365 0.502739 0.513892 0.558881 0.620665 0.617352 0.647331 0.594191 0.557521 0.613769 0.443694 0.447696 0.363138 0.409266 0.415156 0.399038 0.366803 0.33385 0.354571 9.597290e-02 0.808
N:29 Run:5 0.393664 0.335601 0.329538 0.330302 0.337749 0.377551 0.424029 0.417715 0.398273 0.421978 0.390719 0.385897 0.384874 0.377292 0.351144 0.287989 0.298523 0.287813 0.277798 0.327208 0.306163 9.597290e-02 0.808
N:29 Run:6 0.302104 0.307571 0.266045 0.301207 0.340853 0.399234 0.401376 0.363118 0.376544 0.393455 0.371408 0.411773 0.438353 0.452728 0.44619 0.412124 0.387813 0.372712 0.321492 0.329173 0.32613 9.597290e-02 0.808
N:29 Run:7 0.295388 0.264205 0.276102 0.295226 0.310137 0.332709 0.357358 0.410862 0.400762 0.369534 0.424069 0.418812 0.457368 0.479016 0.472027 0.386591 0.372754 0.326045 0.354907 0.320277 0.322918 9.597290e-02 0.808
N:29 Run:8 0.261161 0.25679 0.438633 0.415883 0.472268 0.561749 0.626177 0.611264 0.619073 0.673039 0.681222 0.67465 0.422565 0.305332 0.255574 0.247238 0.212683 0.151648 0.101015 0.0901643 0.0912191 9.597290e-02 0.808
N:29 Run:9 0.221213 0.142429 0.142472 0.173609 0.246165 0.273427 0.347658 0.374878 0.35068 0.376844 0.437059 0.400486 0.404132 0.378723 0.396285 0.383261 0.331158 0.351209 0.332773 0.338108 0.29946 9.597290e-02 0.808
