Seed:1578645640
N:0 Run:0 0.184469 0.176118 0.238958 0.305584 0.41555 0.469518 0.50608 0.592929 0.506258 0.554559 0.575961 0.602953 0.557412 0.46986 0.40701 0.294947 0.25948 0.227082 0.226376 0.198693 0.205883 1.953884e-01 0.895
N:0 Run:1 0.131515 0.102178 0.1002 0.127121 0.0246849 0.0180137 0.0429856 0.0934999 0.114666 0.0520707 0.0124412 0.0101252 0.00618088 0.0157874 0.0833327 0.0271547 0.0339878 0.127617 0.230824 0.247155 0.157371 1.953884e-01 0.895
N:0 Run:2 0.139606 0.229723 0.27568 0.312421 0.338767 0.232355 0.28078 0.31485 0.300345 0.268443 0.245211 0.262234 0.253226 0.231077 0.237655 0.195866 0.136989 0.0723096 0.127385 0.250153 0.181641 1.953884e-01 0.895
N:0 Run:3 0.21647 0.301696 0.556212 0.445411 0.651608 0.408559 0.402326 0.604604 0.508473 0.537437 0.560363 0.343452 0.134232 0.107132 0.0461754 0.0109443 0.0148087 0.04812 0.0181251 0.00294647 0.00225646 1.953884e-01 0.895
N:0 Run:4 0.2424 0.225241 0.216358 0.208519 0.285907 0.252892 0.279116 0.341819 0.290587 0.302378 0.267326 0.288119 0.305011 0.276412 0.348965 0.275114 0.263183 0.262882 0.328106 0.272892 0.30257 1.953884e-01 0.895
N:0 Run:5 0.110398 0.246749 0.350727 0.402017 0.396162 0.450904 0.416574 0.499795 0.42732 0.408491 0.403416 0.428764 0.272638 0.21067 0.214977 0.212544 0.106745 0.185505 0.289849 0.242065 0.244935 1.953884e-01 0.895
N:0 Run:6 0.0942037 0.119785 0.235365 0.290211 0.28298 0.239112 0.309213 0.358937 0.35599 0.271322 0.299131 0.270475 0.281519 0.330969 0.3481 0.342748 0.310273 0.26829 0.277672 0.358719 0.269755 1.953884e-01 0.895
N:0 Run:7 0.0500067 0.110452 0.28265 0.467413 0.516294 0.577178 0.571353 0.634509 0.632711 0.605674 0.578618 0.592944 0.568029 0.477814 0.413217 0.315016 0.306031 0.31107 0.234137 0.202118 0.215069 1.953884e-01 0.895
N:0 Run:8 0.0656992 0.170331 0.226852 0.104015 0.102526 0.0341914 0.0113494 0.0491698 0.0240932 0.00699318 0.00828358 0.0103406 0.00299434 0.0103285 0.0463597 0.180301 0.117409 0.207452 0.144107 0.199002 0.0682409 1.953884e-01 0.895
N:0 Run:9 0.0975863 0.195557 0.0719305 0.118803 0.184465 0.336571 0.411041 0.344468 0.383591 0.374539 0.406934 0.452929 0.490064 0.360247 0.248871 0.270633 0.278048 0.209462 0.198173 0.206736 0.186765 1.953884e-01 0.895
N:1 Run:0 0.184469 0.176118 0.238958 0.305584 0.41555 0.469518 0.50608 0.592929 0.506258 0.554559 0.575961 0.602953 0.557412 0.46986 0.40701 0.294947 0.25948 0.227082 0.226376 0.198693 0.205883 1.957485e-01 0.898
N:1 Run:1 0.131515 0.102178 0.1002 0.127121 0.0246849 0.0180137 0.0429856 0.0934999 0.114666 0.0520707 0.0124412 0.0101252 0.00618088 0.0157874 0.0833327 0.0271547 0.0339878 0.127617 0.230824 0.247155 0.157371 1.957485e-01 0.898
N:1 Run:2 0.139606 0.229723 0.27568 0.312421 0.338767 0.232355 0.28078 0.31485 0.300345 0.268443 0.245211 0.262234 0.253226 0.231077 0.237655 0.195866 0.136989 0.0723096 0.127385 0.250153 0.181641 1.957485e-01 0.898
N:1 Run:3 0.21647 0.301696 0.556212 0.445411 0.651608 0.408559 0.402326 0.604604 0.508473 0.537437 0.560363 0.343452 0.134232 0.107132 0.0461754 0.0109443 0.0148087 0.04812 0.0181251 0.00294647 0.00225646 1.957485e-01 0.898
N:1 Run:4 0.2424 0.225241 0.216358 0.208519 0.285907 0.252892 0.279116 0.341819 0.290587 0.302378 0.267326 0.288119 0.305011 0.276412 0.348965 0.275114 0.263183 0.262882 0.328106 0.272892 0.30257 1.957485e-01 0.898
N:1 Run:5 0.110398 0.246749 0.350727 0.402017 0.396162 0.450904 0.416574 0.499795 0.42732 0.408491 0.403416 0.428764 0.272638 0.21067 0.214977 0.212544 0.106745 0.185505 0.289849 0.242065 0.244935 1.957485e-01 0.898
N:1 Run:6 0.0942037 0.119785 0.235365 0.290211 0.28298 0.239112 0.309213 0.358937 0.35599 0.271322 0.299131 0.270475 0.281519 0.330969 0.3481 0.342748 0.310273 0.26829 0.277672 0.358719 0.269755 1.957485e-01 0.898
N:1 Run:7 0.0500067 0.110452 0.28265 0.467413 0.516294 0.577178 0.571353 0.634509 0.632711 0.605674 0.578618 0.592944 0.568029 0.477814 0.413217 0.315016 0.306031 0.31107 0.234137 0.202118 0.215069 1.957485e-01 0.898
N:1 Run:8 0.0656992 0.170331 0.226852 0.104015 0.102526 0.0341914 0.0113494 0.0491698 0.0240932 0.00699318 0.00828358 0.0103406 0.00299434 0.0103285 0.0463597 0.180301 0.117409 0.207452 0.144107 0.199002 0.0682409 1.957485e-01 0.898
N:1 Run:9 0.0975863 0.195557 0.0719305 0.118803 0.184465 0.336571 0.411041 0.344468 0.383591 0.374539 0.406934 0.452929 0.490064 0.360247 0.248871 0.270633 0.278048 0.209462 0.198173 0.206736 0.186765 1.957485e-01 0.898
N:2 Run:0 0.184469 0.176118 0.238958 0.305584 0.41555 0.469518 0.50608 0.592929 0.506258 0.554559 0.575961 0.602953 0.557412 0.46986 0.40701 0.294947 0.25948 0.227082 0.226376 0.198693 0.205883 1.956252e-01 0.901
N:2 Run:1 0.131515 0.102178 0.1002 0.127121 0.0246849 0.0180137 0.0429856 0.0934999 0.114666 0.0520707 0.0124412 0.0101252 0.00618088 0.0157874 0.0833327 0.0271547 0.0339878 0.127617 0.230824 0.247155 0.157371 1.956252e-01 0.901
N:2 Run:2 0.139606 0.229723 0.27568 0.312421 0.338767 0.232355 0.28078 0.31485 0.300345 0.268443 0.245211 0.262234 0.253226 0.231077 0.237655 0.195866 0.136989 0.0723096 0.127385 0.250153 0.181641 1.956252e-01 0.901
N:2 Run:3 0.21647 0.301696 0.556212 0.445411 0.651608 0.408559 0.402326 0.604604 0.508473 0.537437 0.560363 0.343452 0.134232 0.107132 0.0461754 0.0109443 0.0148087 0.04812 0.0181251 0.00294647 0.00225646 1.956252e-01 0.901
N:2 Run:4 0.2424 0.225241 0.216358 0.208519 0.285907 0.252892 0.279116 0.341819 0.290587 0.302378 0.267326 0.288119 0.305011 0.276412 0.348965 0.275114 0.263183 0.262882 0.328106 0.272892 0.30257 1.956252e-01 0.901
N:2 Run:5 0.110398 0.246749 0.350727 0.402017 0.396162 0.450904 0.416574 0.499795 0.42732 0.408491 0.403416 0.428764 0.272638 0.21067 0.214977 0.212544 0.106745 0.185505 0.289849 0.242065 0.244935 1.956252e-01 0.901
N:2 Run:6 0.0942037 0.119785 0.235365 0.290211 0.28298 0.239112 0.309213 0.358937 0.35599 0.271322 0.299131 0.270475 0.281519 0.330969 0.3481 0.342748 0.310273 0.26829 0.277672 0.358719 0.269755 1.956252e-01 0.901
N:2 Run:7 0.0500067 0.110452 0.28265 0.467413 0.516294 0.577178 0.571353 0.634509 0.632711 0.605674 0.578618 0.592944 0.568029 0.477814 0.413217 0.315016 0.306031 0.31107 0.234137 0.202118 0.215069 1.956252e-01 0.901
N:2 Run:8 0.0656992 0.170331 0.226852 0.104015 0.102526 0.0341914 0.0113494 0.0491698 0.0240932 0.00699318 0.00828358 0.0103406 0.00299434 0.0103285 0.0463597 0.180301 0.117409 0.207452 0.144107 0.199002 0.0682409 1.956252e-01 0.901
N:2 Run:9 0.0975863 0.195557 0.0719305 0.118803 0.184465 0.336571 0.411041 0.344468 0.383591 0.374539 0.406934 0.452929 0.490064 0.360247 0.248871 0.270633 0.278048 0.209462 0.198173 0.206736 0.186765 1.956252e-01 0.901
N:3 Run:0 0.184469 0.175947 0.237849 0.304413 0.41289 0.468371 0.505244 0.590952 0.509141 0.554291 0.57598 0.602754 0.559351 0.473608 0.410061 0.298645 0.261408 0.228073 0.226888 0.199126 0.205913 1.952401e-01 0.895
N:3 Run:1 0.131515 0.102276 0.0988859 0.124321 0.0267362 0.0181634 0.0415175 0.0903603 0.111918 0.052544 0.0134061 0.0101328 0.00617269 0.0152604 0.0806188 0.0279412 0.0335931 0.124574 0.227769 0.246111 0.159404 1.952401e-01 0.895
N:3 Run:2 0.139606 0.227045 0.274845 0.312626 0.339445 0.236593 0.281538 0.3152 0.301814 0.270733 0.247473 0.263507 0.254921 0.233281 0.23883 0.196722 0.137683 0.0735948 0.125492 0.246661 0.183134 1.952401e-01 0.895
N:3 Run:3 0.21647 0.299454 0.547786 0.443415 0.64398 0.409787 0.398722 0.595577 0.505684 0.533002 0.555516 0.344762 0.13852 0.10749 0.0473194 0.0119391 0.0146666 0.0467124 0.018492 0.00336765 0.00228638 1.952401e-01 0.895
N:3 Run:4 0.2424 0.226766 0.216032 0.208765 0.284308 0.253994 0.27985 0.341506 0.293113 0.303823 0.269836 0.289268 0.306136 0.278571 0.348717 0.278016 0.264651 0.26378 0.327447 0.275273 0.302569 1.952401e-01 0.895
N:3 Run:5 0.110398 0.243686 0.347515 0.401321 0.397286 0.450387 0.418635 0.498943 0.430298 0.410578 0.404826 0.429367 0.276601 0.212762 0.2153 0.212416 0.108855 0.182977 0.287606 0.242334 0.245634 1.952401e-01 0.895
N:3 Run:6 0.0942037 0.118481 0.232487 0.289547 0.284337 0.241824 0.309187 0.358986 0.357463 0.275203 0.300431 0.272876 0.283 0.331202 0.348643 0.344121 0.312122 0.269743 0.27844 0.357348 0.27192 1.952401e-01 0.895
N:3 Run:7 0.0500067 0.108121 0.27648 0.461654 0.514807 0.575924 0.571789 0.633387 0.633089 0.607003 0.580322 0.593507 0.569521 0.481394 0.416402 0.318736 0.307613 0.311391 0.237039 0.203434 0.215457 1.952401e-01 0.895
N:3 Run:8 0.0656992 0.167564 0.225922 0.106287 0.102334 0.0356391 0.0120488 0.0476334 0.0242461 0.00738404 0.0081927 0.0101279 0.0031066 0.00997372 0.0447695 0.175991 0.117867 0.205176 0.144595 0.197613 0.0708605 1.952401e-01 0.895
N:3 Run:9 0.0975863 0.193847 0.0743062 0.116797 0.181149 0.333213 0.40975 0.347314 0.383955 0.375995 0.407395 0.452773 0.489268 0.364189 0.253185 0.271647 0.278983 0.211878 0.199195 0.206436 0.187287 1.952401e-01 0.895
N:4 Run:0 0.184469 0.175947 0.237849 0.304413 0.41289 0.468371 0.505244 0.590952 0.509141 0.554291 0.57598 0.602754 0.559351 0.473608 0.410061 0.298645 0.261408 0.228073 0.226888 0.199126 0.205913 1.954468e-01 0.896
N:4 Run:1 0.131515 0.102276 0.0988859 0.124321 0.0267362 0.0181634 0.0415175 0.0903603 0.111918 0.052544 0.0134061 0.0101328 0.00617269 0.0152604 0.0806188 0.0279412 0.0335931 0.124574 0.227769 0.246111 0.159404 1.954468e-01 0.896
N:4 Run:2 0.139606 0.227045 0.274845 0.312626 0.339445 0.236593 0.281538 0.3152 0.301814 0.270733 0.247473 0.263507 0.254921 0.233281 0.23883 0.196722 0.137683 0.0735948 0.125492 0.246661 0.183134 1.954468e-01 0.896
N:4 Run:3 0.21647 0.299454 0.547786 0.443415 0.64398 0.409787 0.398722 0.595577 0.505684 0.533002 0.555516 0.344762 0.13852 0.10749 0.0473194 0.0119391 0.0146666 0.0467124 0.018492 0.00336765 0.00228638 1.954468e-01 0.896
N:4 Run:4 0.2424 0.226766 0.216032 0.208765 0.284308 0.253994 0.27985 0.341506 0.293113 0.303823 0.269836 0.289268 0.306136 0.278571 0.348717 0.278016 0.264651 0.26378 0.327447 0.275273 0.302569 1.954468e-01 0.896
N:4 Run:5 0.110398 0.243686 0.347515 0.401321 0.397286 0.450387 0.418635 0.498943 0.430298 0.410578 0.404826 0.429367 0.276601 0.212762 0.2153 0.212416 0.108855 0.182977 0.287606 0.242334 0.245634 1.954468e-01 0.896
N:4 Run:6 0.0942037 0.118481 0.232487 0.289547 0.284337 0.241824 0.309187 0.358986 0.357463 0.275203 0.300431 0.272876 0.283 0.331202 0.348643 0.344121 0.312122 0.269743 0.27844 0.357348 0.27192 1.954468e-01 0.896
N:4 Run:7 0.0500067 0.108121 0.27648 0.461654 0.514807 0.575924 0.571789 0.633387 0.633089 0.607003 0.580322 0.593507 0.569521 0.481394 0.416402 0.318736 0.307613 0.311391 0.237039 0.203434 0.215457 1.954468e-01 0.896
N:4 Run:8 0.0656992 0.167564 0.225922 0.106287 0.102334 0.0356391 0.0120488 0.0476334 0.0242461 0.00738404 0.0081927 0.0101279 0.0031066 0.00997372 0.0447695 0.175991 0.117867 0.205176 0.144595 0.197613 0.0708605 1.954468e-01 0.896
N:4 Run:9 0.0975863 0.193847 0.0743062 0.116797 0.181149 0.333213 0.40975 0.347314 0.383955 0.375995 0.407395 0.452773 0.489268 0.364189 0.253185 0.271647 0.278983 0.211878 0.199195 0.206436 0.187287 1.954468e-01 0.896
N:5 Run:0 0.184469 0.175947 0.237849 0.304413 0.41289 0.468371 0.505244 0.590952 0.509141 0.554291 0.57598 0.602754 0.559351 0.473608 0.410061 0.298645 0.261408 0.228073 0.226888 0.199126 0.205913 2.524889e-01 0.897
N:5 Run:1 0.131515 0.102276 0.0988859 0.124321 0.0267362 0.0181634 0.0415175 0.0903603 0.111918 0.052544 0.0134061 0.0101328 0.00617269 0.0152604 0.0806188 0.0279412 0.0335931 0.124574 0.227769 0.246111 0.159404 2.524889e-01 0.897
N:5 Run:2 0.139606 0.227045 0.274845 0.312626 0.339445 0.236593 0.281538 0.3152 0.301814 0.270733 0.247473 0.263507 0.254921 0.233281 0.23883 0.196722 0.137683 0.0735948 0.125492 0.246661 0.183134 2.524889e-01 0.897
N:5 Run:3 0.21647 0.299454 0.547786 0.443415 0.64398 0.409787 0.398722 0.595577 0.505684 0.533002 0.555516 0.344762 0.13852 0.10749 0.0473194 0.0119391 0.0146666 0.0467124 0.018492 0.00336765 0.00228638 2.524889e-01 0.897
N:5 Run:4 0.2424 0.226766 0.216032 0.208765 0.284308 0.253994 0.27985 0.341506 0.293113 0.303823 0.269836 0.289268 0.306136 0.278571 0.348717 0.278016 0.264651 0.26378 0.327447 0.275273 0.302569 2.524889e-01 0.897
N:5 Run:5 0.110398 0.243686 0.347515 0.401321 0.397286 0.450387 0.418635 0.498943 0.430298 0.410578 0.404826 0.429367 0.276601 0.212762 0.2153 0.212416 0.108855 0.182977 0.287606 0.242334 0.245634 2.524889e-01 0.897
N:5 Run:6 0.0942037 0.118481 0.232487 0.289547 0.284337 0.241824 0.309187 0.358986 0.357463 0.275203 0.300431 0.272876 0.283 0.331202 0.348643 0.344121 0.312122 0.269743 0.27844 0.357348 0.27192 2.524889e-01 0.897
N:5 Run:7 0.0500067 0.108121 0.27648 0.461654 0.514807 0.575924 0.571789 0.633387 0.633089 0.607003 0.580322 0.593507 0.569521 0.481394 0.416402 0.318736 0.307613 0.311391 0.237039 0.203434 0.215457 2.524889e-01 0.897
N:5 Run:8 0.0656992 0.167564 0.225922 0.106287 0.102334 0.0356391 0.0120488 0.0476334 0.0242461 0.00738404 0.0081927 0.0101279 0.0031066 0.00997372 0.0447695 0.175991 0.117867 0.205176 0.144595 0.197613 0.0708605 2.524889e-01 0.897
N:5 Run:9 0.0975863 0.193847 0.0743062 0.116797 0.181149 0.333213 0.40975 0.347314 0.383955 0.375995 0.407395 0.452773 0.489268 0.364189 0.253185 0.271647 0.278983 0.211878 0.199195 0.206436 0.187287 2.524889e-01 0.897
N:6 Run:0 0.184469 0.175947 0.237849 0.304413 0.41289 0.468371 0.505244 0.590952 0.509141 0.554291 0.57598 0.602754 0.559351 0.473608 0.410061 0.298645 0.261408 0.228073 0.226888 0.199126 0.205913 1.953708e-01 0.897
N:6 Run:1 0.131515 0.102276 0.0988859 0.124321 0.0267362 0.0181634 0.0415175 0.0903603 0.111918 0.052544 0.0134061 0.0101328 0.00617269 0.0152604 0.0806188 0.0279412 0.0335931 0.124574 0.227769 0.246111 0.159404 1.953708e-01 0.897
N:6 Run:2 0.139606 0.227045 0.274845 0.312626 0.339445 0.236593 0.281538 0.3152 0.301814 0.270733 0.247473 0.263507 0.254921 0.233281 0.23883 0.196722 0.137683 0.0735948 0.125492 0.246661 0.183134 1.953708e-01 0.897
N:6 Run:3 0.21647 0.299454 0.547786 0.443415 0.64398 0.409787 0.398722 0.595577 0.505684 0.533002 0.555516 0.344762 0.13852 0.10749 0.0473194 0.0119391 0.0146666 0.0467124 0.018492 0.00336765 0.00228638 1.953708e-01 0.897
N:6 Run:4 0.2424 0.226766 0.216032 0.208765 0.284308 0.253994 0.27985 0.341506 0.293113 0.303823 0.269836 0.289268 0.306136 0.278571 0.348717 0.278016 0.264651 0.26378 0.327447 0.275273 0.302569 1.953708e-01 0.897
N:6 Run:5 0.110398 0.243686 0.347515 0.401321 0.397286 0.450387 0.418635 0.498943 0.430298 0.410578 0.404826 0.429367 0.276601 0.212762 0.2153 0.212416 0.108855 0.182977 0.287606 0.242334 0.245634 1.953708e-01 0.897
N:6 Run:6 0.0942037 0.118481 0.232487 0.289547 0.284337 0.241824 0.309187 0.358986 0.357463 0.275203 0.300431 0.272876 0.283 0.331202 0.348643 0.344121 0.312122 0.269743 0.27844 0.357348 0.27192 1.953708e-01 0.897
N:6 Run:7 0.0500067 0.108121 0.27648 0.461654 0.514807 0.575924 0.571789 0.633387 0.633089 0.607003 0.580322 0.593507 0.569521 0.481394 0.416402 0.318736 0.307613 0.311391 0.237039 0.203434 0.215457 1.953708e-01 0.897
N:6 Run:8 0.0656992 0.167564 0.225922 0.106287 0.102334 0.0356391 0.0120488 0.0476334 0.0242461 0.00738404 0.0081927 0.0101279 0.0031066 0.00997372 0.0447695 0.175991 0.117867 0.205176 0.144595 0.197613 0.0708605 1.953708e-01 0.897
N:6 Run:9 0.0975863 0.193847 0.0743062 0.116797 0.181149 0.333213 0.40975 0.347314 0.383955 0.375995 0.407395 0.452773 0.489268 0.364189 0.253185 0.271647 0.278983 0.211878 0.199195 0.206436 0.187287 1.953708e-01 0.897
N:7 Run:0 0.184469 0.178169 0.240754 0.30681 0.413282 0.467628 0.503434 0.586921 0.507321 0.551311 0.572411 0.598382 0.556213 0.472752 0.41053 0.30064 0.26403 0.230678 0.229812 0.201749 0.208848 1.951417e-01 0.895
N:7 Run:1 0.131515 0.103802 0.0994929 0.124456 0.0265948 0.0180619 0.0414671 0.0903642 0.11205 0.0525285 0.0133075 0.0100734 0.00616057 0.0154262 0.0819296 0.0283486 0.0344275 0.126879 0.23051 0.248621 0.162078 1.951417e-01 0.895
N:7 Run:2 0.139606 0.229157 0.277498 0.315152 0.341617 0.239848 0.284554 0.317682 0.304383 0.273737 0.250772 0.266729 0.258175 0.236745 0.24214 0.19936 0.139483 0.0749845 0.127684 0.249156 0.186122 1.951417e-01 0.895
N:7 Run:3 0.21647 0.301054 0.543934 0.440005 0.636888 0.406016 0.395445 0.589005 0.50061 0.527915 0.549764 0.342004 0.13828 0.108536 0.047842 0.0120174 0.0149861 0.0477571 0.0188108 0.00335617 0.00226785 1.951417e-01 0.895
N:7 Run:4 0.2424 0.229659 0.218259 0.211581 0.286746 0.256774 0.282775 0.343613 0.295833 0.306523 0.272927 0.292164 0.308839 0.281522 0.350751 0.28079 0.267501 0.266624 0.329607 0.278099 0.304844 1.951417e-01 0.895
N:7 Run:5 0.110398 0.246147 0.348806 0.402192 0.398241 0.450124 0.419166 0.49766 0.430524 0.411258 0.405574 0.429667 0.278474 0.215322 0.218151 0.215087 0.110646 0.185199 0.290134 0.244489 0.248561 1.951417e-01 0.895
N:7 Run:6 0.0942037 0.120368 0.235259 0.292325 0.287241 0.245171 0.311873 0.360867 0.359331 0.27816 0.303222 0.275981 0.286011 0.333523 0.3505 0.346086 0.314391 0.27213 0.281125 0.358891 0.274177 1.951417e-01 0.895
N:7 Run:7 0.0500067 0.109884 0.277666 0.460557 0.512863 0.572374 0.568248 0.628118 0.627785 0.602452 0.576624 0.589454 0.56613 0.480281 0.416777 0.320677 0.309909 0.313392 0.240056 0.20634 0.218601 1.951417e-01 0.895
N:7 Run:8 0.0656992 0.17018 0.229182 0.107816 0.104293 0.0362508 0.0122334 0.0484167 0.0246818 0.00747178 0.00837074 0.0103581 0.00312228 0.0101157 0.0455862 0.178328 0.12001 0.207979 0.146667 0.200407 0.0718013 1.951417e-01 0.895
N:7 Run:9 0.0975863 0.19686 0.0754222 0.118235 0.182817 0.335091 0.410531 0.349204 0.385163 0.377392 0.408193 0.452558 0.487831 0.365299 0.25593 0.274511 0.28182 0.214972 0.202343 0.209191 0.190224 1.951417e-01 0.895
N:8 Run:0 0.184469 0.178169 0.240754 0.30681 0.413282 0.467628 0.503434 0.586921 0.507321 0.551311 0.572411 0.598382 0.556213 0.472752 0.41053 0.30064 0.26403 0.230678 0.229812 0.201749 0.208848 1.969873e-01 0.898
N:8 Run:1 0.131515 0.103802 0.0994929 0.124456 0.0265948 0.0180619 0.0414671 0.0903642 0.11205 0.0525285 0.0133075 0.0100734 0.00616057 0.0154262 0.0819296 0.0283486 0.0344275 0.126879 0.23051 0.248621 0.162078 1.969873e-01 0.898
N:8 Run:2 0.139606 0.229157 0.277498 0.315152 0.341617 0.239848 0.284554 0.317682 0.304383 0.273737 0.250772 0.266729 0.258175 0.236745 0.24214 0.19936 0.139483 0.0749845 0.127684 0.249156 0.186122 1.969873e-01 0.898
N:8 Run:3 0.21647 0.301054 0.543934 0.440005 0.636888 0.406016 0.395445 0.589005 0.50061 0.527915 0.549764 0.342004 0.13828 0.108536 0.047842 0.0120174 0.0149861 0.0477571 0.0188108 0.00335617 0.00226785 1.969873e-01 0.898
N:8 Run:4 0.2424 0.229659 0.218259 0.211581 0.286746 0.256774 0.282775 0.343613 0.295833 0.306523 0.272927 0.292164 0.308839 0.281522 0.350751 0.28079 0.267501 0.266624 0.329607 0.278099 0.304844 1.969873e-01 0.898
N:8 Run:5 0.110398 0.246147 0.348806 0.402192 0.398241 0.450124 0.419166 0.49766 0.430524 0.411258 0.405574 0.429667 0.278474 0.215322 0.218151 0.215087 0.110646 0.185199 0.290134 0.244489 0.248561 1.969873e-01 0.898
N:8 Run:6 0.0942037 0.120368 0.235259 0.292325 0.287241 0.245171 0.311873 0.360867 0.359331 0.27816 0.303222 0.275981 0.286011 0.333523 0.3505 0.346086 0.314391 0.27213 0.281125 0.358891 0.274177 1.969873e-01 0.898
N:8 Run:7 0.0500067 0.109884 0.277666 0.460557 0.512863 0.572374 0.568248 0.628118 0.627785 0.602452 0.576624 0.589454 0.56613 0.480281 0.416777 0.320677 0.309909 0.313392 0.240056 0.20634 0.218601 1.969873e-01 0.898
N:8 Run:8 0.0656992 0.17018 0.229182 0.107816 0.104293 0.0362508 0.0122334 0.0484167 0.0246818 0.00747178 0.00837074 0.0103581 0.00312228 0.0101157 0.0455862 0.178328 0.12001 0.207979 0.146667 0.200407 0.0718013 1.969873e-01 0.898
N:8 Run:9 0.0975863 0.19686 0.0754222 0.118235 0.182817 0.335091 0.410531 0.349204 0.385163 0.377392 0.408193 0.452558 0.487831 0.365299 0.25593 0.274511 0.28182 0.214972 0.202343 0.209191 0.190224 1.969873e-01 0.898
N:9 Run:0 0.184469 0.178169 0.240754 0.30681 0.413282 0.467628 0.503434 0.586921 0.507321 0.551311 0.572411 0.598382 0.556213 0.472752 0.41053 0.30064 0.26403 0.230678 0.229812 0.201749 0.208848 1.966216e-01 0.897
N:9 Run:1 0.131515 0.103802 0.0994929 0.124456 0.0265948 0.0180619 0.0414671 0.0903642 0.11205 0.0525285 0.0133075 0.0100734 0.00616057 0.0154262 0.0819296 0.0283486 0.0344275 0.126879 0.23051 0.248621 0.162078 1.966216e-01 0.897
N:9 Run:2 0.139606 0.229157 0.277498 0.315152 0.341617 0.239848 0.284554 0.317682 0.304383 0.273737 0.250772 0.266729 0.258175 0.236745 0.24214 0.19936 0.139483 0.0749845 0.127684 0.249156 0.186122 1.966216e-01 0.897
N:9 Run:3 0.21647 0.301054 0.543934 0.440005 0.636888 0.406016 0.395445 0.589005 0.50061 0.527915 0.549764 0.342004 0.13828 0.108536 0.047842 0.0120174 0.0149861 0.0477571 0.0188108 0.00335617 0.00226785 1.966216e-01 0.897
N:9 Run:4 0.2424 0.229659 0.218259 0.211581 0.286746 0.256774 0.282775 0.343613 0.295833 0.306523 0.272927 0.292164 0.308839 0.281522 0.350751 0.28079 0.267501 0.266624 0.329607 0.278099 0.304844 1.966216e-01 0.897
N:9 Run:5 0.110398 0.246147 0.348806 0.402192 0.398241 0.450124 0.419166 0.49766 0.430524 0.411258 0.405574 0.429667 0.278474 0.215322 0.218151 0.215087 0.110646 0.185199 0.290134 0.244489 0.248561 1.966216e-01 0.897
N:9 Run:6 0.0942037 0.120368 0.235259 0.292325 0.287241 0.245171 0.311873 0.360867 0.359331 0.27816 0.303222 0.275981 0.286011 0.333523 0.3505 0.346086 0.314391 0.27213 0.281125 0.358891 0.274177 1.966216e-01 0.897
N:9 Run:7 0.0500067 0.109884 0.277666 0.460557 0.512863 0.572374 0.568248 0.628118 0.627785 0.602452 0.576624 0.589454 0.56613 0.480281 0.416777 0.320677 0.309909 0.313392 0.240056 0.20634 0.218601 1.966216e-01 0.897
N:9 Run:8 0.0656992 0.17018 0.229182 0.107816 0.104293 0.0362508 0.0122334 0.0484167 0.0246818 0.00747178 0.00837074 0.0103581 0.00312228 0.0101157 0.0455862 0.178328 0.12001 0.207979 0.146667 0.200407 0.0718013 1.966216e-01 0.897
N:9 Run:9 0.0975863 0.19686 0.0754222 0.118235 0.182817 0.335091 0.410531 0.349204 0.385163 0.377392 0.408193 0.452558 0.487831 0.365299 0.25593 0.274511 0.28182 0.214972 0.202343 0.209191 0.190224 1.966216e-01 0.897
N:10 Run:0 0.184469 0.178169 0.240754 0.30681 0.413282 0.467628 0.503434 0.586921 0.507321 0.551311 0.572411 0.598382 0.556213 0.472752 0.41053 0.30064 0.26403 0.230678 0.229812 0.201749 0.208848 1.952153e-01 0.897
N:10 Run:1 0.131515 0.103802 0.0994929 0.124456 0.0265948 0.0180619 0.0414671 0.0903642 0.11205 0.0525285 0.0133075 0.0100734 0.00616057 0.0154262 0.0819296 0.0283486 0.0344275 0.126879 0.23051 0.248621 0.162078 1.952153e-01 0.897
N:10 Run:2 0.139606 0.229157 0.277498 0.315152 0.341617 0.239848 0.284554 0.317682 0.304383 0.273737 0.250772 0.266729 0.258175 0.236745 0.24214 0.19936 0.139483 0.0749845 0.127684 0.249156 0.186122 1.952153e-01 0.897
N:10 Run:3 0.21647 0.301054 0.543934 0.440005 0.636888 0.406016 0.395445 0.589005 0.50061 0.527915 0.549764 0.342004 0.13828 0.108536 0.047842 0.0120174 0.0149861 0.0477571 0.0188108 0.00335617 0.00226785 1.952153e-01 0.897
N:10 Run:4 0.2424 0.229659 0.218259 0.211581 0.286746 0.256774 0.282775 0.343613 0.295833 0.306523 0.272927 0.292164 0.308839 0.281522 0.350751 0.28079 0.267501 0.266624 0.329607 0.278099 0.304844 1.952153e-01 0.897
N:10 Run:5 0.110398 0.246147 0.348806 0.402192 0.398241 0.450124 0.419166 0.49766 0.430524 0.411258 0.405574 0.429667 0.278474 0.215322 0.218151 0.215087 0.110646 0.185199 0.290134 0.244489 0.248561 1.952153e-01 0.897
N:10 Run:6 0.0942037 0.120368 0.235259 0.292325 0.287241 0.245171 0.311873 0.360867 0.359331 0.27816 0.303222 0.275981 0.286011 0.333523 0.3505 0.346086 0.314391 0.27213 0.281125 0.358891 0.274177 1.952153e-01 0.897
N:10 Run:7 0.0500067 0.109884 0.277666 0.460557 0.512863 0.572374 0.568248 0.628118 0.627785 0.602452 0.576624 0.589454 0.56613 0.480281 0.416777 0.320677 0.309909 0.313392 0.240056 0.20634 0.218601 1.952153e-01 0.897
N:10 Run:8 0.0656992 0.17018 0.229182 0.107816 0.104293 0.0362508 0.0122334 0.0484167 0.0246818 0.00747178 0.00837074 0.0103581 0.00312228 0.0101157 0.0455862 0.178328 0.12001 0.207979 0.146667 0.200407 0.0718013 1.952153e-01 0.897
N:10 Run:9 0.0975863 0.19686 0.0754222 0.118235 0.182817 0.335091 0.410531 0.349204 0.385163 0.377392 0.408193 0.452558 0.487831 0.365299 0.25593 0.274511 0.28182 0.214972 0.202343 0.209191 0.190224 1.952153e-01 0.897
N:11 Run:0 0.184469 0.178169 0.240754 0.30681 0.413282 0.467628 0.503434 0.586921 0.507321 0.551311 0.572411 0.598382 0.556213 0.472752 0.41053 0.30064 0.26403 0.230678 0.229812 0.201749 0.208848 1.956585e-01 0.896
N:11 Run:1 0.131515 0.103802 0.0994929 0.124456 0.0265948 0.0180619 0.0414671 0.0903642 0.11205 0.0525285 0.0133075 0.0100734 0.00616057 0.0154262 0.0819296 0.0283486 0.0344275 0.126879 0.23051 0.248621 0.162078 1.956585e-01 0.896
N:11 Run:2 0.139606 0.229157 0.277498 0.315152 0.341617 0.239848 0.284554 0.317682 0.304383 0.273737 0.250772 0.266729 0.258175 0.236745 0.24214 0.19936 0.139483 0.0749845 0.127684 0.249156 0.186122 1.956585e-01 0.896
N:11 Run:3 0.21647 0.301054 0.543934 0.440005 0.636888 0.406016 0.395445 0.589005 0.50061 0.527915 0.549764 0.342004 0.13828 0.108536 0.047842 0.0120174 0.0149861 0.0477571 0.0188108 0.00335617 0.00226785 1.956585e-01 0.896
N:11 Run:4 0.2424 0.229659 0.218259 0.211581 0.286746 0.256774 0.282775 0.343613 0.295833 0.306523 0.272927 0.292164 0.308839 0.281522 0.350751 0.28079 0.267501 0.266624 0.329607 0.278099 0.304844 1.956585e-01 0.896
N:11 Run:5 0.110398 0.246147 0.348806 0.402192 0.398241 0.450124 0.419166 0.49766 0.430524 0.411258 0.405574 0.429667 0.278474 0.215322 0.218151 0.215087 0.110646 0.185199 0.290134 0.244489 0.248561 1.956585e-01 0.896
N:11 Run:6 0.0942037 0.120368 0.235259 0.292325 0.287241 0.245171 0.311873 0.360867 0.359331 0.27816 0.303222 0.275981 0.286011 0.333523 0.3505 0.346086 0.314391 0.27213 0.281125 0.358891 0.274177 1.956585e-01 0.896
N:11 Run:7 0.0500067 0.109884 0.277666 0.460557 0.512863 0.572374 0.568248 0.628118 0.627785 0.602452 0.576624 0.589454 0.56613 0.480281 0.416777 0.320677 0.309909 0.313392 0.240056 0.20634 0.218601 1.956585e-01 0.896
N:11 Run:8 0.0656992 0.17018 0.229182 0.107816 0.104293 0.0362508 0.0122334 0.0484167 0.0246818 0.00747178 0.00837074 0.0103581 0.00312228 0.0101157 0.0455862 0.178328 0.12001 0.207979 0.146667 0.200407 0.0718013 1.956585e-01 0.896
N:11 Run:9 0.0975863 0.19686 0.0754222 0.118235 0.182817 0.335091 0.410531 0.349204 0.385163 0.377392 0.408193 0.452558 0.487831 0.365299 0.25593 0.274511 0.28182 0.214972 0.202343 0.209191 0.190224 1.956585e-01 0.896
N:12 Run:0 0.184469 0.178169 0.240754 0.30681 0.413282 0.467628 0.503434 0.586921 0.507321 0.551311 0.572411 0.598382 0.556213 0.472752 0.41053 0.30064 0.26403 0.230678 0.229812 0.201749 0.208848 1.953911e-01 0.898
N:12 Run:1 0.131515 0.103802 0.0994929 0.124456 0.0265948 0.0180619 0.0414671 0.0903642 0.11205 0.0525285 0.0133075 0.0100734 0.00616057 0.0154262 0.0819296 0.0283486 0.0344275 0.126879 0.23051 0.248621 0.162078 1.953911e-01 0.898
N:12 Run:2 0.139606 0.229157 0.277498 0.315152 0.341617 0.239848 0.284554 0.317682 0.304383 0.273737 0.250772 0.266729 0.258175 0.236745 0.24214 0.19936 0.139483 0.0749845 0.127684 0.249156 0.186122 1.953911e-01 0.898
N:12 Run:3 0.21647 0.301054 0.543934 0.440005 0.636888 0.406016 0.395445 0.589005 0.50061 0.527915 0.549764 0.342004 0.13828 0.108536 0.047842 0.0120174 0.0149861 0.0477571 0.0188108 0.00335617 0.00226785 1.953911e-01 0.898
N:12 Run:4 0.2424 0.229659 0.218259 0.211581 0.286746 0.256774 0.282775 0.343613 0.295833 0.306523 0.272927 0.292164 0.308839 0.281522 0.350751 0.28079 0.267501 0.266624 0.329607 0.278099 0.304844 1.953911e-01 0.898
N:12 Run:5 0.110398 0.246147 0.348806 0.402192 0.398241 0.450124 0.419166 0.49766 0.430524 0.411258 0.405574 0.429667 0.278474 0.215322 0.218151 0.215087 0.110646 0.185199 0.290134 0.244489 0.248561 1.953911e-01 0.898
N:12 Run:6 0.0942037 0.120368 0.235259 0.292325 0.287241 0.245171 0.311873 0.360867 0.359331 0.27816 0.303222 0.275981 0.286011 0.333523 0.3505 0.346086 0.314391 0.27213 0.281125 0.358891 0.274177 1.953911e-01 0.898
N:12 Run:7 0.0500067 0.109884 0.277666 0.460557 0.512863 0.572374 0.568248 0.628118 0.627785 0.602452 0.576624 0.589454 0.56613 0.480281 0.416777 0.320677 0.309909 0.313392 0.240056 0.20634 0.218601 1.953911e-01 0.898
N:12 Run:8 0.0656992 0.17018 0.229182 0.107816 0.104293 0.0362508 0.0122334 0.0484167 0.0246818 0.00747178 0.00837074 0.0103581 0.00312228 0.0101157 0.0455862 0.178328 0.12001 0.207979 0.146667 0.200407 0.0718013 1.953911e-01 0.898
N:12 Run:9 0.0975863 0.19686 0.0754222 0.118235 0.182817 0.335091 0.410531 0.349204 0.385163 0.377392 0.408193 0.452558 0.487831 0.365299 0.25593 0.274511 0.28182 0.214972 0.202343 0.209191 0.190224 1.953911e-01 0.898
N:13 Run:0 0.184469 0.178169 0.240754 0.30681 0.413282 0.467628 0.503434 0.586921 0.507321 0.551311 0.572411 0.598382 0.556213 0.472752 0.41053 0.30064 0.26403 0.230678 0.229812 0.201749 0.208848 1.952463e-01 0.898
N:13 Run:1 0.131515 0.103802 0.0994929 0.124456 0.0265948 0.0180619 0.0414671 0.0903642 0.11205 0.0525285 0.0133075 0.0100734 0.00616057 0.0154262 0.0819296 0.0283486 0.0344275 0.126879 0.23051 0.248621 0.162078 1.952463e-01 0.898
N:13 Run:2 0.139606 0.229157 0.277498 0.315152 0.341617 0.239848 0.284554 0.317682 0.304383 0.273737 0.250772 0.266729 0.258175 0.236745 0.24214 0.19936 0.139483 0.0749845 0.127684 0.249156 0.186122 1.952463e-01 0.898
N:13 Run:3 0.21647 0.301054 0.543934 0.440005 0.636888 0.406016 0.395445 0.589005 0.50061 0.527915 0.549764 0.342004 0.13828 0.108536 0.047842 0.0120174 0.0149861 0.0477571 0.0188108 0.00335617 0.00226785 1.952463e-01 0.898
N:13 Run:4 0.2424 0.229659 0.218259 0.211581 0.286746 0.256774 0.282775 0.343613 0.295833 0.306523 0.272927 0.292164 0.308839 0.281522 0.350751 0.28079 0.267501 0.266624 0.329607 0.278099 0.304844 1.952463e-01 0.898
N:13 Run:5 0.110398 0.246147 0.348806 0.402192 0.398241 0.450124 0.419166 0.49766 0.430524 0.411258 0.405574 0.429667 0.278474 0.215322 0.218151 0.215087 0.110646 0.185199 0.290134 0.244489 0.248561 1.952463e-01 0.898
N:13 Run:6 0.0942037 0.120368 0.235259 0.292325 0.287241 0.245171 0.311873 0.360867 0.359331 0.27816 0.303222 0.275981 0.286011 0.333523 0.3505 0.346086 0.314391 0.27213 0.281125 0.358891 0.274177 1.952463e-01 0.898
N:13 Run:7 0.0500067 0.109884 0.277666 0.460557 0.512863 0.572374 0.568248 0.628118 0.627785 0.602452 0.576624 0.589454 0.56613 0.480281 0.416777 0.320677 0.309909 0.313392 0.240056 0.20634 0.218601 1.952463e-01 0.898
N:13 Run:8 0.0656992 0.17018 0.229182 0.107816 0.104293 0.0362508 0.0122334 0.0484167 0.0246818 0.00747178 0.00837074 0.0103581 0.00312228 0.0101157 0.0455862 0.178328 0.12001 0.207979 0.146667 0.200407 0.0718013 1.952463e-01 0.898
N:13 Run:9 0.0975863 0.19686 0.0754222 0.118235 0.182817 0.335091 0.410531 0.349204 0.385163 0.377392 0.408193 0.452558 0.487831 0.365299 0.25593 0.274511 0.28182 0.214972 0.202343 0.209191 0.190224 1.952463e-01 0.898
N:14 Run:0 0.184469 0.178169 0.240754 0.30681 0.413282 0.467628 0.503434 0.586921 0.507321 0.551311 0.572411 0.598382 0.556213 0.472752 0.41053 0.30064 0.26403 0.230678 0.229812 0.201749 0.208848 1.961589e-01 0.900
N:14 Run:1 0.131515 0.103802 0.0994929 0.124456 0.0265948 0.0180619 0.0414671 0.0903642 0.11205 0.0525285 0.0133075 0.0100734 0.00616057 0.0154262 0.0819296 0.0283486 0.0344275 0.126879 0.23051 0.248621 0.162078 1.961589e-01 0.900
N:14 Run:2 0.139606 0.229157 0.277498 0.315152 0.341617 0.239848 0.284554 0.317682 0.304383 0.273737 0.250772 0.266729 0.258175 0.236745 0.24214 0.19936 0.139483 0.0749845 0.127684 0.249156 0.186122 1.961589e-01 0.900
N:14 Run:3 0.21647 0.301054 0.543934 0.440005 0.636888 0.406016 0.395445 0.589005 0.50061 0.527915 0.549764 0.342004 0.13828 0.108536 0.047842 0.0120174 0.0149861 0.0477571 0.0188108 0.00335617 0.00226785 1.961589e-01 0.900
N:14 Run:4 0.2424 0.229659 0.218259 0.211581 0.286746 0.256774 0.282775 0.343613 0.295833 0.306523 0.272927 0.292164 0.308839 0.281522 0.350751 0.28079 0.267501 0.266624 0.329607 0.278099 0.304844 1.961589e-01 0.900
N:14 Run:5 0.110398 0.246147 0.348806 0.402192 0.398241 0.450124 0.419166 0.49766 0.430524 0.411258 0.405574 0.429667 0.278474 0.215322 0.218151 0.215087 0.110646 0.185199 0.290134 0.244489 0.248561 1.961589e-01 0.900
N:14 Run:6 0.0942037 0.120368 0.235259 0.292325 0.287241 0.245171 0.311873 0.360867 0.359331 0.27816 0.303222 0.275981 0.286011 0.333523 0.3505 0.346086 0.314391 0.27213 0.281125 0.358891 0.274177 1.961589e-01 0.900
N:14 Run:7 0.0500067 0.109884 0.277666 0.460557 0.512863 0.572374 0.568248 0.628118 0.627785 0.602452 0.576624 0.589454 0.56613 0.480281 0.416777 0.320677 0.309909 0.313392 0.240056 0.20634 0.218601 1.961589e-01 0.900
N:14 Run:8 0.0656992 0.17018 0.229182 0.107816 0.104293 0.0362508 0.0122334 0.0484167 0.0246818 0.00747178 0.00837074 0.0103581 0.00312228 0.0101157 0.0455862 0.178328 0.12001 0.207979 0.146667 0.200407 0.0718013 1.961589e-01 0.900
N:14 Run:9 0.0975863 0.19686 0.0754222 0.118235 0.182817 0.335091 0.410531 0.349204 0.385163 0.377392 0.408193 0.452558 0.487831 0.365299 0.25593 0.274511 0.28182 0.214972 0.202343 0.209191 0.190224 1.961589e-01 0.900
N:15 Run:0 0.184469 0.178169 0.240754 0.30681 0.413282 0.467628 0.503434 0.586921 0.507321 0.551311 0.572411 0.598382 0.556213 0.472752 0.41053 0.30064 0.26403 0.230678 0.229812 0.201749 0.208848 1.952974e-01 0.896
N:15 Run:1 0.131515 0.103802 0.0994929 0.124456 0.0265948 0.0180619 0.0414671 0.0903642 0.11205 0.0525285 0.0133075 0.0100734 0.00616057 0.0154262 0.0819296 0.0283486 0.0344275 0.126879 0.23051 0.248621 0.162078 1.952974e-01 0.896
N:15 Run:2 0.139606 0.229157 0.277498 0.315152 0.341617 0.239848 0.284554 0.317682 0.304383 0.273737 0.250772 0.266729 0.258175 0.236745 0.24214 0.19936 0.139483 0.0749845 0.127684 0.249156 0.186122 1.952974e-01 0.896
N:15 Run:3 0.21647 0.301054 0.543934 0.440005 0.636888 0.406016 0.395445 0.589005 0.50061 0.527915 0.549764 0.342004 0.13828 0.108536 0.047842 0.0120174 0.0149861 0.0477571 0.0188108 0.00335617 0.00226785 1.952974e-01 0.896
N:15 Run:4 0.2424 0.229659 0.218259 0.211581 0.286746 0.256774 0.282775 0.343613 0.295833 0.306523 0.272927 0.292164 0.308839 0.281522 0.350751 0.28079 0.267501 0.266624 0.329607 0.278099 0.304844 1.952974e-01 0.896
N:15 Run:5 0.110398 0.246147 0.348806 0.402192 0.398241 0.450124 0.419166 0.49766 0.430524 0.411258 0.405574 0.429667 0.278474 0.215322 0.218151 0.215087 0.110646 0.185199 0.290134 0.244489 0.248561 1.952974e-01 0.896
N:15 Run:6 0.0942037 0.120368 0.235259 0.292325 0.287241 0.245171 0.311873 0.360867 0.359331 0.27816 0.303222 0.275981 0.286011 0.333523 0.3505 0.346086 0.314391 0.27213 0.281125 0.358891 0.274177 1.952974e-01 0.896
N:15 Run:7 0.0500067 0.109884 0.277666 0.460557 0.512863 0.572374 0.568248 0.628118 0.627785 0.602452 0.576624 0.589454 0.56613 0.480281 0.416777 0.320677 0.309909 0.313392 0.240056 0.20634 0.218601 1.952974e-01 0.896
N:15 Run:8 0.0656992 0.17018 0.229182 0.107816 0.104293 0.0362508 0.0122334 0.0484167 0.0246818 0.00747178 0.00837074 0.0103581 0.00312228 0.0101157 0.0455862 0.178328 0.12001 0.207979 0.146667 0.200407 0.0718013 1.952974e-01 0.896
N:15 Run:9 0.0975863 0.19686 0.0754222 0.118235 0.182817 0.335091 0.410531 0.349204 0.385163 0.377392 0.408193 0.452558 0.487831 0.365299 0.25593 0.274511 0.28182 0.214972 0.202343 0.209191 0.190224 1.952974e-01 0.896
N:16 Run:0 0.184469 0.178169 0.240754 0.30681 0.413282 0.467628 0.503434 0.586921 0.507321 0.551311 0.572411 0.598382 0.556213 0.472752 0.41053 0.30064 0.26403 0.230678 0.229812 0.201749 0.208848 1.955644e-01 0.896
N:16 Run:1 0.131515 0.103802 0.0994929 0.124456 0.0265948 0.0180619 0.0414671 0.0903642 0.11205 0.0525285 0.0133075 0.0100734 0.00616057 0.0154262 0.0819296 0.0283486 0.0344275 0.126879 0.23051 0.248621 0.162078 1.955644e-01 0.896
N:16 Run:2 0.139606 0.229157 0.277498 0.315152 0.341617 0.239848 0.284554 0.317682 0.304383 0.273737 0.250772 0.266729 0.258175 0.236745 0.24214 0.19936 0.139483 0.0749845 0.127684 0.249156 0.186122 1.955644e-01 0.896
N:16 Run:3 0.21647 0.301054 0.543934 0.440005 0.636888 0.406016 0.395445 0.589005 0.50061 0.527915 0.549764 0.342004 0.13828 0.108536 0.047842 0.0120174 0.0149861 0.0477571 0.0188108 0.00335617 0.00226785 1.955644e-01 0.896
N:16 Run:4 0.2424 0.229659 0.218259 0.211581 0.286746 0.256774 0.282775 0.343613 0.295833 0.306523 0.272927 0.292164 0.308839 0.281522 0.350751 0.28079 0.267501 0.266624 0.329607 0.278099 0.304844 1.955644e-01 0.896
N:16 Run:5 0.110398 0.246147 0.348806 0.402192 0.398241 0.450124 0.419166 0.49766 0.430524 0.411258 0.405574 0.429667 0.278474 0.215322 0.218151 0.215087 0.110646 0.185199 0.290134 0.244489 0.248561 1.955644e-01 0.896
N:16 Run:6 0.0942037 0.120368 0.235259 0.292325 0.287241 0.245171 0.311873 0.360867 0.359331 0.27816 0.303222 0.275981 0.286011 0.333523 0.3505 0.346086 0.314391 0.27213 0.281125 0.358891 0.274177 1.955644e-01 0.896
N:16 Run:7 0.0500067 0.109884 0.277666 0.460557 0.512863 0.572374 0.568248 0.628118 0.627785 0.602452 0.576624 0.589454 0.56613 0.480281 0.416777 0.320677 0.309909 0.313392 0.240056 0.20634 0.218601 1.955644e-01 0.896
N:16 Run:8 0.0656992 0.17018 0.229182 0.107816 0.104293 0.0362508 0.0122334 0.0484167 0.0246818 0.00747178 0.00837074 0.0103581 0.00312228 0.0101157 0.0455862 0.178328 0.12001 0.207979 0.146667 0.200407 0.0718013 1.955644e-01 0.896
N:16 Run:9 0.0975863 0.19686 0.0754222 0.118235 0.182817 0.335091 0.410531 0.349204 0.385163 0.377392 0.408193 0.452558 0.487831 0.365299 0.25593 0.274511 0.28182 0.214972 0.202343 0.209191 0.190224 1.955644e-01 0.896
N:17 Run:0 0.184469 0.178169 0.240754 0.30681 0.413282 0.467628 0.503434 0.586921 0.507321 0.551311 0.572411 0.598382 0.556213 0.472752 0.41053 0.30064 0.26403 0.230678 0.229812 0.201749 0.208848 1.956306e-01 0.897
N:17 Run:1 0.131515 0.103802 0.0994929 0.124456 0.0265948 0.0180619 0.0414671 0.0903642 0.11205 0.0525285 0.0133075 0.0100734 0.00616057 0.0154262 0.0819296 0.0283486 0.0344275 0.126879 0.23051 0.248621 0.162078 1.956306e-01 0.897
N:17 Run:2 0.139606 0.229157 0.277498 0.315152 0.341617 0.239848 0.284554 0.317682 0.304383 0.273737 0.250772 0.266729 0.258175 0.236745 0.24214 0.19936 0.139483 0.0749845 0.127684 0.249156 0.186122 1.956306e-01 0.897
N:17 Run:3 0.21647 0.301054 0.543934 0.440005 0.636888 0.406016 0.395445 0.589005 0.50061 0.527915 0.549764 0.342004 0.13828 0.108536 0.047842 0.0120174 0.0149861 0.0477571 0.0188108 0.00335617 0.00226785 1.956306e-01 0.897
N:17 Run:4 0.2424 0.229659 0.218259 0.211581 0.286746 0.256774 0.282775 0.343613 0.295833 0.306523 0.272927 0.292164 0.308839 0.281522 0.350751 0.28079 0.267501 0.266624 0.329607 0.278099 0.304844 1.956306e-01 0.897
N:17 Run:5 0.110398 0.246147 0.348806 0.402192 0.398241 0.450124 0.419166 0.49766 0.430524 0.411258 0.405574 0.429667 0.278474 0.215322 0.218151 0.215087 0.110646 0.185199 0.290134 0.244489 0.248561 1.956306e-01 0.897
N:17 Run:6 0.0942037 0.120368 0.235259 0.292325 0.287241 0.245171 0.311873 0.360867 0.359331 0.27816 0.303222 0.275981 0.286011 0.333523 0.3505 0.346086 0.314391 0.27213 0.281125 0.358891 0.274177 1.956306e-01 0.897
N:17 Run:7 0.0500067 0.109884 0.277666 0.460557 0.512863 0.572374 0.568248 0.628118 0.627785 0.602452 0.576624 0.589454 0.56613 0.480281 0.416777 0.320677 0.309909 0.313392 0.240056 0.20634 0.218601 1.956306e-01 0.897
N:17 Run:8 0.0656992 0.17018 0.229182 0.107816 0.104293 0.0362508 0.0122334 0.0484167 0.0246818 0.00747178 0.00837074 0.0103581 0.00312228 0.0101157 0.0455862 0.178328 0.12001 0.207979 0.146667 0.200407 0.0718013 1.956306e-01 0.897
N:17 Run:9 0.0975863 0.19686 0.0754222 0.118235 0.182817 0.335091 0.410531 0.349204 0.385163 0.377392 0.408193 0.452558 0.487831 0.365299 0.25593 0.274511 0.28182 0.214972 0.202343 0.209191 0.190224 1.956306e-01 0.897
N:18 Run:0 0.184469 0.177676 0.238683 0.304586 0.411071 0.466512 0.503204 0.586656 0.508889 0.551653 0.573053 0.59925 0.557777 0.474362 0.411549 0.302055 0.264091 0.230625 0.228961 0.201504 0.207865 1.951253e-01 0.900
N:18 Run:1 0.131515 0.103929 0.0997678 0.12449 0.028309 0.0185379 0.0413002 0.0898382 0.111929 0.0536583 0.0141682 0.0102704 0.00622351 0.0152287 0.0805302 0.0289683 0.0342103 0.124694 0.22762 0.247236 0.162634 1.951253e-01 0.900
N:18 Run:2 0.139606 0.227068 0.275434 0.313221 0.340003 0.240072 0.28273 0.315945 0.303418 0.273002 0.249845 0.265133 0.256896 0.235638 0.240759 0.199302 0.14028 0.075952 0.126466 0.246229 0.18583 1.951253e-01 0.900
N:18 Run:3 0.21647 0.29916 0.541229 0.44317 0.636736 0.411799 0.398471 0.589022 0.504453 0.530355 0.55235 0.347494 0.142932 0.109701 0.0490286 0.0127907 0.0149528 0.0469526 0.0191068 0.00363225 0.00228571 1.951253e-01 0.900
N:18 Run:4 0.2424 0.228714 0.217948 0.210857 0.284659 0.256089 0.281154 0.341537 0.295278 0.305232 0.272129 0.290653 0.307287 0.280656 0.348658 0.280643 0.266798 0.265633 0.327654 0.277642 0.30368 1.951253e-01 0.900
N:18 Run:5 0.110398 0.24296 0.346303 0.400441 0.397564 0.449163 0.419123 0.496593 0.431138 0.411283 0.405314 0.428978 0.280456 0.216068 0.217445 0.214395 0.112005 0.183744 0.287236 0.244411 0.247507 1.951253e-01 0.900
N:18 Run:6 0.0942037 0.119462 0.232305 0.289853 0.285853 0.244423 0.309624 0.358915 0.358246 0.278193 0.301749 0.275023 0.284568 0.331615 0.349243 0.345194 0.314018 0.272168 0.280091 0.356946 0.274687 1.951253e-01 0.900
N:18 Run:7 0.0500067 0.108466 0.27464 0.457422 0.511941 0.572205 0.569235 0.628762 0.629317 0.604303 0.578241 0.590557 0.567515 0.482017 0.417828 0.32179 0.309508 0.312748 0.240159 0.206169 0.217401 1.951253e-01 0.900
N:18 Run:8 0.0656992 0.167581 0.226615 0.109297 0.104173 0.0373129 0.0127594 0.0477568 0.0248812 0.00774776 0.00831401 0.0102219 0.00317572 0.0099406 0.0447925 0.175376 0.120053 0.20572 0.147006 0.198786 0.0736606 1.951253e-01 0.900
N:18 Run:9 0.0975863 0.194012 0.0769123 0.117612 0.181474 0.331531 0.408277 0.349048 0.384072 0.376739 0.407184 0.451586 0.487564 0.366828 0.257073 0.273425 0.280555 0.214959 0.201638 0.208314 0.189604 1.951253e-01 0.900
N:19 Run:0 0.184469 0.177676 0.238683 0.304586 0.411071 0.466512 0.503204 0.586656 0.508889 0.551653 0.573053 0.59925 0.557777 0.474362 0.411549 0.302055 0.264091 0.230625 0.228961 0.201504 0.207865 1.956125e-01 0.899
N:19 Run:1 0.131515 0.103929 0.0997678 0.12449 0.028309 0.0185379 0.0413002 0.0898382 0.111929 0.0536583 0.0141682 0.0102704 0.00622351 0.0152287 0.0805302 0.0289683 0.0342103 0.124694 0.22762 0.247236 0.162634 1.956125e-01 0.899
N:19 Run:2 0.139606 0.227068 0.275434 0.313221 0.340003 0.240072 0.28273 0.315945 0.303418 0.273002 0.249845 0.265133 0.256896 0.235638 0.240759 0.199302 0.14028 0.075952 0.126466 0.246229 0.18583 1.956125e-01 0.899
N:19 Run:3 0.21647 0.29916 0.541229 0.44317 0.636736 0.411799 0.398471 0.589022 0.504453 0.530355 0.55235 0.347494 0.142932 0.109701 0.0490286 0.0127907 0.0149528 0.0469526 0.0191068 0.00363225 0.00228571 1.956125e-01 0.899
N:19 Run:4 0.2424 0.228714 0.217948 0.210857 0.284659 0.256089 0.281154 0.341537 0.295278 0.305232 0.272129 0.290653 0.307287 0.280656 0.348658 0.280643 0.266798 0.265633 0.327654 0.277642 0.30368 1.956125e-01 0.899
N:19 Run:5 0.110398 0.24296 0.346303 0.400441 0.397564 0.449163 0.419123 0.496593 0.431138 0.411283 0.405314 0.428978 0.280456 0.216068 0.217445 0.214395 0.112005 0.183744 0.287236 0.244411 0.247507 1.956125e-01 0.899
N:19 Run:6 0.0942037 0.119462 0.232305 0.289853 0.285853 0.244423 0.309624 0.358915 0.358246 0.278193 0.301749 0.275023 0.284568 0.331615 0.349243 0.345194 0.314018 0.272168 0.280091 0.356946 0.274687 1.956125e-01 0.899
N:19 Run:7 0.0500067 0.108466 0.27464 0.457422 0.511941 0.572205 0.569235 0.628762 0.629317 0.604303 0.578241 0.590557 0.567515 0.482017 0.417828 0.32179 0.309508 0.312748 0.240159 0.206169 0.217401 1.956125e-01 0.899
N:19 Run:8 0.0656992 0.167581 0.226615 0.109297 0.104173 0.0373129 0.0127594 0.0477568 0.0248812 0.00774776 0.00831401 0.0102219 0.00317572 0.0099406 0.0447925 0.175376 0.120053 0.20572 0.147006 0.198786 0.0736606 1.956125e-01 0.899
N:19 Run:9 0.0975863 0.194012 0.0769123 0.117612 0.181474 0.331531 0.408277 0.349048 0.384072 0.376739 0.407184 0.451586 0.487564 0.366828 0.257073 0.273425 0.280555 0.214959 0.201638 0.208314 0.189604 1.956125e-01 0.899
N:20 Run:0 0.184469 0.177676 0.238683 0.304586 0.411071 0.466512 0.503204 0.586656 0.508889 0.551653 0.573053 0.59925 0.557777 0.474362 0.411549 0.302055 0.264091 0.230625 0.228961 0.201504 0.207865 1.960162e-01 0.896
N:20 Run:1 0.131515 0.103929 0.0997678 0.12449 0.028309 0.0185379 0.0413002 0.0898382 0.111929 0.0536583 0.0141682 0.0102704 0.00622351 0.0152287 0.0805302 0.0289683 0.0342103 0.124694 0.22762 0.247236 0.162634 1.960162e-01 0.896
N:20 Run:2 0.139606 0.227068 0.275434 0.313221 0.340003 0.240072 0.28273 0.315945 0.303418 0.273002 0.249845 0.265133 0.256896 0.235638 0.240759 0.199302 0.14028 0.075952 0.126466 0.246229 0.18583 1.960162e-01 0.896
N:20 Run:3 0.21647 0.29916 0.541229 0.44317 0.636736 0.411799 0.398471 0.589022 0.504453 0.530355 0.55235 0.347494 0.142932 0.109701 0.0490286 0.0127907 0.0149528 0.0469526 0.0191068 0.00363225 0.00228571 1.960162e-01 0.896
N:20 Run:4 0.2424 0.228714 0.217948 0.210857 0.284659 0.256089 0.281154 0.341537 0.295278 0.305232 0.272129 0.290653 0.307287 0.280656 0.348658 0.280643 0.266798 0.265633 0.327654 0.277642 0.30368 1.960162e-01 0.896
N:20 Run:5 0.110398 0.24296 0.346303 0.400441 0.397564 0.449163 0.419123 0.496593 0.431138 0.411283 0.405314 0.428978 0.280456 0.216068 0.217445 0.214395 0.112005 0.183744 0.287236 0.244411 0.247507 1.960162e-01 0.896
N:20 Run:6 0.0942037 0.119462 0.232305 0.289853 0.285853 0.244423 0.309624 0.358915 0.358246 0.278193 0.301749 0.275023 0.284568 0.331615 0.349243 0.345194 0.314018 0.272168 0.280091 0.356946 0.274687 1.960162e-01 0.896
N:20 Run:7 0.0500067 0.108466 0.27464 0.457422 0.511941 0.572205 0.569235 0.628762 0.629317 0.604303 0.578241 0.590557 0.567515 0.482017 0.417828 0.32179 0.309508 0.312748 0.240159 0.206169 0.217401 1.960162e-01 0.896
N:20 Run:8 0.0656992 0.167581 0.226615 0.109297 0.104173 0.0373129 0.0127594 0.0477568 0.0248812 0.00774776 0.00831401 0.0102219 0.00317572 0.0099406 0.0447925 0.175376 0.120053 0.20572 0.147006 0.198786 0.0736606 1.960162e-01 0.896
N:20 Run:9 0.0975863 0.194012 0.0769123 0.117612 0.181474 0.331531 0.408277 0.349048 0.384072 0.376739 0.407184 0.451586 0.487564 0.366828 0.257073 0.273425 0.280555 0.214959 0.201638 0.208314 0.189604 1.960162e-01 0.896
N:21 Run:0 0.184469 0.177676 0.238683 0.304586 0.411071 0.466512 0.503204 0.586656 0.508889 0.551653 0.573053 0.59925 0.557777 0.474362 0.411549 0.302055 0.264091 0.230625 0.228961 0.201504 0.207865 1.976050e-01 0.903
N:21 Run:1 0.131515 0.103929 0.0997678 0.12449 0.028309 0.0185379 0.0413002 0.0898382 0.111929 0.0536583 0.0141682 0.0102704 0.00622351 0.0152287 0.0805302 0.0289683 0.0342103 0.124694 0.22762 0.247236 0.162634 1.976050e-01 0.903
N:21 Run:2 0.139606 0.227068 0.275434 0.313221 0.340003 0.240072 0.28273 0.315945 0.303418 0.273002 0.249845 0.265133 0.256896 0.235638 0.240759 0.199302 0.14028 0.075952 0.126466 0.246229 0.18583 1.976050e-01 0.903
N:21 Run:3 0.21647 0.29916 0.541229 0.44317 0.636736 0.411799 0.398471 0.589022 0.504453 0.530355 0.55235 0.347494 0.142932 0.109701 0.0490286 0.0127907 0.0149528 0.0469526 0.0191068 0.00363225 0.00228571 1.976050e-01 0.903
N:21 Run:4 0.2424 0.228714 0.217948 0.210857 0.284659 0.256089 0.281154 0.341537 0.295278 0.305232 0.272129 0.290653 0.307287 0.280656 0.348658 0.280643 0.266798 0.265633 0.327654 0.277642 0.30368 1.976050e-01 0.903
N:21 Run:5 0.110398 0.24296 0.346303 0.400441 0.397564 0.449163 0.419123 0.496593 0.431138 0.411283 0.405314 0.428978 0.280456 0.216068 0.217445 0.214395 0.112005 0.183744 0.287236 0.244411 0.247507 1.976050e-01 0.903
N:21 Run:6 0.0942037 0.119462 0.232305 0.289853 0.285853 0.244423 0.309624 0.358915 0.358246 0.278193 0.301749 0.275023 0.284568 0.331615 0.349243 0.345194 0.314018 0.272168 0.280091 0.356946 0.274687 1.976050e-01 0.903
N:21 Run:7 0.0500067 0.108466 0.27464 0.457422 0.511941 0.572205 0.569235 0.628762 0.629317 0.604303 0.578241 0.590557 0.567515 0.482017 0.417828 0.32179 0.309508 0.312748 0.240159 0.206169 0.217401 1.976050e-01 0.903
N:21 Run:8 0.0656992 0.167581 0.226615 0.109297 0.104173 0.0373129 0.0127594 0.0477568 0.0248812 0.00774776 0.00831401 0.0102219 0.00317572 0.0099406 0.0447925 0.175376 0.120053 0.20572 0.147006 0.198786 0.0736606 1.976050e-01 0.903
N:21 Run:9 0.0975863 0.194012 0.0769123 0.117612 0.181474 0.331531 0.408277 0.349048 0.384072 0.376739 0.407184 0.451586 0.487564 0.366828 0.257073 0.273425 0.280555 0.214959 0.201638 0.208314 0.189604 1.976050e-01 0.903
N:22 Run:0 0.184469 0.179462 0.240498 0.305864 0.411512 0.465738 0.501862 0.584008 0.506385 0.549176 0.570129 0.595908 0.554651 0.472091 0.410463 0.302254 0.265044 0.232181 0.23056 0.20338 0.209739 1.951150e-01 0.894
N:22 Run:1 0.131515 0.105399 0.101476 0.126634 0.0281422 0.0186706 0.0421588 0.0916851 0.113979 0.0542851 0.0140679 0.0103416 0.0062672 0.0156144 0.0826053 0.0293636 0.0351103 0.127281 0.230088 0.249254 0.164143 1.951150e-01 0.894
N:22 Run:2 0.139606 0.22924 0.276889 0.313906 0.340243 0.240261 0.28343 0.316564 0.303957 0.273534 0.250502 0.265888 0.257655 0.236371 0.24183 0.20103 0.142046 0.0770813 0.128841 0.248696 0.187395 1.951150e-01 0.894
N:22 Run:3 0.21647 0.300677 0.541309 0.443902 0.635193 0.411978 0.400099 0.589035 0.504674 0.53047 0.552254 0.348279 0.143279 0.111209 0.0496136 0.0127293 0.0153051 0.0483148 0.0194249 0.00353468 0.00225051 1.951150e-01 0.894
N:22 Run:4 0.2424 0.229573 0.21992 0.212686 0.286337 0.257347 0.282024 0.34202 0.295566 0.305616 0.27254 0.291248 0.307722 0.281136 0.34898 0.281026 0.267739 0.266763 0.328501 0.278206 0.304756 1.951150e-01 0.894
N:22 Run:5 0.110398 0.244872 0.347793 0.400404 0.397109 0.448423 0.418093 0.495044 0.429705 0.410339 0.404682 0.42818 0.280882 0.217399 0.219186 0.216353 0.113247 0.186354 0.288892 0.246175 0.248859 1.951150e-01 0.894
N:22 Run:6 0.0942037 0.121439 0.234583 0.291007 0.286512 0.244991 0.31027 0.359053 0.358064 0.278182 0.302139 0.2754 0.285098 0.332027 0.349535 0.345292 0.314441 0.273276 0.281129 0.357713 0.27563 1.951150e-01 0.894
N:22 Run:7 0.0500067 0.110652 0.277689 0.458038 0.510542 0.569628 0.566358 0.625054 0.625261 0.600495 0.574763 0.587126 0.564299 0.479721 0.416595 0.321688 0.310036 0.313739 0.240937 0.207688 0.219016 1.951150e-01 0.894
N:22 Run:8 0.0656992 0.169912 0.228333 0.110327 0.105988 0.0376954 0.0128128 0.0490522 0.0253879 0.00777496 0.0084991 0.0104933 0.00316108 0.0101956 0.0460904 0.178294 0.121879 0.208122 0.148902 0.201045 0.0741869 1.951150e-01 0.894
N:22 Run:9 0.0975863 0.195773 0.0775077 0.119822 0.184318 0.33289 0.408197 0.348699 0.383956 0.37643 0.40671 0.450648 0.48647 0.366235 0.257338 0.27434 0.281448 0.216056 0.203183 0.210312 0.191443 1.951150e-01 0.894
N:23 Run:0 0.184469 0.179462 0.240498 0.305864 0.411512 0.465738 0.501862 0.584008 0.506385 0.549176 0.570129 0.595908 0.554651 0.472091 0.410463 0.302254 0.265044 0.232181 0.23056 0.20338 0.209739 1.964090e-01 0.896
N:23 Run:1 0.131515 0.105399 0.101476 0.126634 0.0281422 0.0186706 0.0421588 0.0916851 0.113979 0.0542851 0.0140679 0.0103416 0.0062672 0.0156144 0.0826053 0.0293636 0.0351103 0.127281 0.230088 0.249254 0.164143 1.964090e-01 0.896
N:23 Run:2 0.139606 0.22924 0.276889 0.313906 0.340243 0.240261 0.28343 0.316564 0.303957 0.273534 0.250502 0.265888 0.257655 0.236371 0.24183 0.20103 0.142046 0.0770813 0.128841 0.248696 0.187395 1.964090e-01 0.896
N:23 Run:3 0.21647 0.300677 0.541309 0.443902 0.635193 0.411978 0.400099 0.589035 0.504674 0.53047 0.552254 0.348279 0.143279 0.111209 0.0496136 0.0127293 0.0153051 0.0483148 0.0194249 0.00353468 0.00225051 1.964090e-01 0.896
N:23 Run:4 0.2424 0.229573 0.21992 0.212686 0.286337 0.257347 0.282024 0.34202 0.295566 0.305616 0.27254 0.291248 0.307722 0.281136 0.34898 0.281026 0.267739 0.266763 0.328501 0.278206 0.304756 1.964090e-01 0.896
N:23 Run:5 0.110398 0.244872 0.347793 0.400404 0.397109 0.448423 0.418093 0.495044 0.429705 0.410339 0.404682 0.42818 0.280882 0.217399 0.219186 0.216353 0.113247 0.186354 0.288892 0.246175 0.248859 1.964090e-01 0.896
N:23 Run:6 0.0942037 0.121439 0.234583 0.291007 0.286512 0.244991 0.31027 0.359053 0.358064 0.278182 0.302139 0.2754 0.285098 0.332027 0.349535 0.345292 0.314441 0.273276 0.281129 0.357713 0.27563 1.964090e-01 0.896
N:23 Run:7 0.0500067 0.110652 0.277689 0.458038 0.510542 0.569628 0.566358 0.625054 0.625261 0.600495 0.574763 0.587126 0.564299 0.479721 0.416595 0.321688 0.310036 0.313739 0.240937 0.207688 0.219016 1.964090e-01 0.896
N:23 Run:8 0.0656992 0.169912 0.228333 0.110327 0.105988 0.0376954 0.0128128 0.0490522 0.0253879 0.00777496 0.0084991 0.0104933 0.00316108 0.0101956 0.0460904 0.178294 0.121879 0.208122 0.148902 0.201045 0.0741869 1.964090e-01 0.896
N:23 Run:9 0.0975863 0.195773 0.0775077 0.119822 0.184318 0.33289 0.408197 0.348699 0.383956 0.37643 0.40671 0.450648 0.48647 0.366235 0.257338 0.27434 0.281448 0.216056 0.203183 0.210312 0.191443 1.964090e-01 0.896
N:24 Run:0 0.184469 0.179462 0.240498 0.305864 0.411512 0.465738 0.501862 0.584008 0.506385 0.549176 0.570129 0.595908 0.554651 0.472091 0.410463 0.302254 0.265044 0.232181 0.23056 0.20338 0.209739 1.960084e-01 0.896
N:24 Run:1 0.131515 0.105399 0.101476 0.126634 0.0281422 0.0186706 0.0421588 0.0916851 0.113979 0.0542851 0.0140679 0.0103416 0.0062672 0.0156144 0.0826053 0.0293636 0.0351103 0.127281 0.230088 0.249254 0.164143 1.960084e-01 0.896
N:24 Run:2 0.139606 0.22924 0.276889 0.313906 0.340243 0.240261 0.28343 0.316564 0.303957 0.273534 0.250502 0.265888 0.257655 0.236371 0.24183 0.20103 0.142046 0.0770813 0.128841 0.248696 0.187395 1.960084e-01 0.896
N:24 Run:3 0.21647 0.300677 0.541309 0.443902 0.635193 0.411978 0.400099 0.589035 0.504674 0.53047 0.552254 0.348279 0.143279 0.111209 0.0496136 0.0127293 0.0153051 0.0483148 0.0194249 0.00353468 0.00225051 1.960084e-01 0.896
N:24 Run:4 0.2424 0.229573 0.21992 0.212686 0.286337 0.257347 0.282024 0.34202 0.295566 0.305616 0.27254 0.291248 0.307722 0.281136 0.34898 0.281026 0.267739 0.266763 0.328501 0.278206 0.304756 1.960084e-01 0.896
N:24 Run:5 0.110398 0.244872 0.347793 0.400404 0.397109 0.448423 0.418093 0.495044 0.429705 0.410339 0.404682 0.42818 0.280882 0.217399 0.219186 0.216353 0.113247 0.186354 0.288892 0.246175 0.248859 1.960084e-01 0.896
N:24 Run:6 0.0942037 0.121439 0.234583 0.291007 0.286512 0.244991 0.31027 0.359053 0.358064 0.278182 0.302139 0.2754 0.285098 0.332027 0.349535 0.345292 0.314441 0.273276 0.281129 0.357713 0.27563 1.960084e-01 0.896
N:24 Run:7 0.0500067 0.110652 0.277689 0.458038 0.510542 0.569628 0.566358 0.625054 0.625261 0.600495 0.574763 0.587126 0.564299 0.479721 0.416595 0.321688 0.310036 0.313739 0.240937 0.207688 0.219016 1.960084e-01 0.896
N:24 Run:8 0.0656992 0.169912 0.228333 0.110327 0.105988 0.0376954 0.0128128 0.0490522 0.0253879 0.00777496 0.0084991 0.0104933 0.00316108 0.0101956 0.0460904 0.178294 0.121879 0.208122 0.148902 0.201045 0.0741869 1.960084e-01 0.896
N:24 Run:9 0.0975863 0.195773 0.0775077 0.119822 0.184318 0.33289 0.408197 0.348699 0.383956 0.37643 0.40671 0.450648 0.48647 0.366235 0.257338 0.27434 0.281448 0.216056 0.203183 0.210312 0.191443 1.960084e-01 0.896
N:25 Run:0 0.184469 0.179462 0.240498 0.305864 0.411512 0.465738 0.501862 0.584008 0.506385 0.549176 0.570129 0.595908 0.554651 0.472091 0.410463 0.302254 0.265044 0.232181 0.23056 0.20338 0.209739 1.959870e-01 0.901
N:25 Run:1 0.131515 0.105399 0.101476 0.126634 0.0281422 0.0186706 0.0421588 0.0916851 0.113979 0.0542851 0.0140679 0.0103416 0.0062672 0.0156144 0.0826053 0.0293636 0.0351103 0.127281 0.230088 0.249254 0.164143 1.959870e-01 0.901
N:25 Run:2 0.139606 0.22924 0.276889 0.313906 0.340243 0.240261 0.28343 0.316564 0.303957 0.273534 0.250502 0.265888 0.257655 0.236371 0.24183 0.20103 0.142046 0.0770813 0.128841 0.248696 0.187395 1.959870e-01 0.901
N:25 Run:3 0.21647 0.300677 0.541309 0.443902 0.635193 0.411978 0.400099 0.589035 0.504674 0.53047 0.552254 0.348279 0.143279 0.111209 0.0496136 0.0127293 0.0153051 0.0483148 0.0194249 0.00353468 0.00225051 1.959870e-01 0.901
N:25 Run:4 0.2424 0.229573 0.21992 0.212686 0.286337 0.257347 0.282024 0.34202 0.295566 0.305616 0.27254 0.291248 0.307722 0.281136 0.34898 0.281026 0.267739 0.266763 0.328501 0.278206 0.304756 1.959870e-01 0.901
N:25 Run:5 0.110398 0.244872 0.347793 0.400404 0.397109 0.448423 0.418093 0.495044 0.429705 0.410339 0.404682 0.42818 0.280882 0.217399 0.219186 0.216353 0.113247 0.186354 0.288892 0.246175 0.248859 1.959870e-01 0.901
N:25 Run:6 0.0942037 0.121439 0.234583 0.291007 0.286512 0.244991 0.31027 0.359053 0.358064 0.278182 0.302139 0.2754 0.285098 0.332027 0.349535 0.345292 0.314441 0.273276 0.281129 0.357713 0.27563 1.959870e-01 0.901
N:25 Run:7 0.0500067 0.110652 0.277689 0.458038 0.510542 0.569628 0.566358 0.625054 0.625261 0.600495 0.574763 0.587126 0.564299 0.479721 0.416595 0.321688 0.310036 0.313739 0.240937 0.207688 0.219016 1.959870e-01 0.901
N:25 Run:8 0.0656992 0.169912 0.228333 0.110327 0.105988 0.0376954 0.0128128 0.0490522 0.0253879 0.00777496 0.0084991 0.0104933 0.00316108 0.0101956 0.0460904 0.178294 0.121879 0.208122 0.148902 0.201045 0.0741869 1.959870e-01 0.901
N:25 Run:9 0.0975863 0.195773 0.0775077 0.119822 0.184318 0.33289 0.408197 0.348699 0.383956 0.37643 0.40671 0.450648 0.48647 0.366235 0.257338 0.27434 0.281448 0.216056 0.203183 0.210312 0.191443 1.959870e-01 0.901
N:26 Run:0 0.184469 0.179462 0.240498 0.305864 0.411512 0.465738 0.501862 0.584008 0.506385 0.549176 0.570129 0.595908 0.554651 0.472091 0.410463 0.302254 0.265044 0.232181 0.23056 0.20338 0.209739 2.497182e-01 0.897
N:26 Run:1 0.131515 0.105399 0.101476 0.126634 0.0281422 0.0186706 0.0421588 0.0916851 0.113979 0.0542851 0.0140679 0.0103416 0.0062672 0.0156144 0.0826053 0.0293636 0.0351103 0.127281 0.230088 0.249254 0.164143 2.497182e-01 0.897
N:26 Run:2 0.139606 0.22924 0.276889 0.313906 0.340243 0.240261 0.28343 0.316564 0.303957 0.273534 0.250502 0.265888 0.257655 0.236371 0.24183 0.20103 0.142046 0.0770813 0.128841 0.248696 0.187395 2.497182e-01 0.897
N:26 Run:3 0.21647 0.300677 0.541309 0.443902 0.635193 0.411978 0.400099 0.589035 0.504674 0.53047 0.552254 0.348279 0.143279 0.111209 0.0496136 0.0127293 0.0153051 0.0483148 0.0194249 0.00353468 0.00225051 2.497182e-01 0.897
N:26 Run:4 0.2424 0.229573 0.21992 0.212686 0.286337 0.257347 0.282024 0.34202 0.295566 0.305616 0.27254 0.291248 0.307722 0.281136 0.34898 0.281026 0.267739 0.266763 0.328501 0.278206 0.304756 2.497182e-01 0.897
N:26 Run:5 0.110398 0.244872 0.347793 0.400404 0.397109 0.448423 0.418093 0.495044 0.429705 0.410339 0.404682 0.42818 0.280882 0.217399 0.219186 0.216353 0.113247 0.186354 0.288892 0.246175 0.248859 2.497182e-01 0.897
N:26 Run:6 0.0942037 0.121439 0.234583 0.291007 0.286512 0.244991 0.31027 0.359053 0.358064 0.278182 0.302139 0.2754 0.285098 0.332027 0.349535 0.345292 0.314441 0.273276 0.281129 0.357713 0.27563 2.497182e-01 0.897
N:26 Run:7 0.0500067 0.110652 0.277689 0.458038 0.510542 0.569628 0.566358 0.625054 0.625261 0.600495 0.574763 0.587126 0.564299 0.479721 0.416595 0.321688 0.310036 0.313739 0.240937 0.207688 0.219016 2.497182e-01 0.897
N:26 Run:8 0.0656992 0.169912 0.228333 0.110327 0.105988 0.0376954 0.0128128 0.0490522 0.0253879 0.00777496 0.0084991 0.0104933 0.00316108 0.0101956 0.0460904 0.178294 0.121879 0.208122 0.148902 0.201045 0.0741869 2.497182e-01 0.897
N:26 Run:9 0.0975863 0.195773 0.0775077 0.119822 0.184318 0.33289 0.408197 0.348699 0.383956 0.37643 0.40671 0.450648 0.48647 0.366235 0.257338 0.27434 0.281448 0.216056 0.203183 0.210312 0.191443 2.497182e-01 0.897
N:27 Run:0 0.184469 0.179462 0.240498 0.305864 0.411512 0.465738 0.501862 0.584008 0.506385 0.549176 0.570129 0.595908 0.554651 0.472091 0.410463 0.302254 0.265044 0.232181 0.23056 0.20338 0.209739 1.954733e-01 0.895
N:27 Run:1 0.131515 0.105399 0.101476 0.126634 0.0281422 0.0186706 0.0421588 0.0916851 0.113979 0.0542851 0.0140679 0.0103416 0.0062672 0.0156144 0.0826053 0.0293636 0.0351103 0.127281 0.230088 0.249254 0.164143 1.954733e-01 0.895
N:27 Run:2 0.139606 0.22924 0.276889 0.313906 0.340243 0.240261 0.28343 0.316564 0.303957 0.273534 0.250502 0.265888 0.257655 0.236371 0.24183 0.20103 0.142046 0.0770813 0.128841 0.248696 0.187395 1.954733e-01 0.895
N:27 Run:3 0.21647 0.300677 0.541309 0.443902 0.635193 0.411978 0.400099 0.589035 0.504674 0.53047 0.552254 0.348279 0.143279 0.111209 0.0496136 0.0127293 0.0153051 0.0483148 0.0194249 0.00353468 0.00225051 1.954733e-01 0.895
N:27 Run:4 0.2424 0.229573 0.21992 0.212686 0.286337 0.257347 0.282024 0.34202 0.295566 0.305616 0.27254 0.291248 0.307722 0.281136 0.34898 0.281026 0.267739 0.266763 0.328501 0.278206 0.304756 1.954733e-01 0.895
N:27 Run:5 0.110398 0.244872 0.347793 0.400404 0.397109 0.448423 0.418093 0.495044 0.429705 0.410339 0.404682 0.42818 0.280882 0.217399 0.219186 0.216353 0.113247 0.186354 0.288892 0.246175 0.248859 1.954733e-01 0.895
N:27 Run:6 0.0942037 0.121439 0.234583 0.291007 0.286512 0.244991 0.31027 0.359053 0.358064 0.278182 0.302139 0.2754 0.285098 0.332027 0.349535 0.345292 0.314441 0.273276 0.281129 0.357713 0.27563 1.954733e-01 0.895
N:27 Run:7 0.0500067 0.110652 0.277689 0.458038 0.510542 0.569628 0.566358 0.625054 0.625261 0.600495 0.574763 0.587126 0.564299 0.479721 0.416595 0.321688 0.310036 0.313739 0.240937 0.207688 0.219016 1.954733e-01 0.895
N:27 Run:8 0.0656992 0.169912 0.228333 0.110327 0.105988 0.0376954 0.0128128 0.0490522 0.0253879 0.00777496 0.0084991 0.0104933 0.00316108 0.0101956 0.0460904 0.178294 0.121879 0.208122 0.148902 0.201045 0.0741869 1.954733e-01 0.895
N:27 Run:9 0.0975863 0.195773 0.0775077 0.119822 0.184318 0.33289 0.408197 0.348699 0.383956 0.37643 0.40671 0.450648 0.48647 0.366235 0.257338 0.27434 0.281448 0.216056 0.203183 0.210312 0.191443 1.954733e-01 0.895
N:28 Run:0 0.184469 0.179462 0.240498 0.305864 0.411512 0.465738 0.501862 0.584008 0.506385 0.549176 0.570129 0.595908 0.554651 0.472091 0.410463 0.302254 0.265044 0.232181 0.23056 0.20338 0.209739 1.953156e-01 0.894
N:28 Run:1 0.131515 0.105399 0.101476 0.126634 0.0281422 0.0186706 0.0421588 0.0916851 0.113979 0.0542851 0.0140679 0.0103416 0.0062672 0.0156144 0.0826053 0.0293636 0.0351103 0.127281 0.230088 0.249254 0.164143 1.953156e-01 0.894
N:28 Run:2 0.139606 0.22924 0.276889 0.313906 0.340243 0.240261 0.28343 0.316564 0.303957 0.273534 0.250502 0.265888 0.257655 0.236371 0.24183 0.20103 0.142046 0.0770813 0.128841 0.248696 0.187395 1.953156e-01 0.894
N:28 Run:3 0.21647 0.300677 0.541309 0.443902 0.635193 0.411978 0.400099 0.589035 0.504674 0.53047 0.552254 0.348279 0.143279 0.111209 0.0496136 0.0127293 0.0153051 0.0483148 0.0194249 0.00353468 0.00225051 1.953156e-01 0.894
N:28 Run:4 0.2424 0.229573 0.21992 0.212686 0.286337 0.257347 0.282024 0.34202 0.295566 0.305616 0.27254 0.291248 0.307722 0.281136 0.34898 0.281026 0.267739 0.266763 0.328501 0.278206 0.304756 1.953156e-01 0.894
N:28 Run:5 0.110398 0.244872 0.347793 0.400404 0.397109 0.448423 0.418093 0.495044 0.429705 0.410339 0.404682 0.42818 0.280882 0.217399 0.219186 0.216353 0.113247 0.186354 0.288892 0.246175 0.248859 1.953156e-01 0.894
N:28 Run:6 0.0942037 0.121439 0.234583 0.291007 0.286512 0.244991 0.31027 0.359053 0.358064 0.278182 0.302139 0.2754 0.285098 0.332027 0.349535 0.345292 0.314441 0.273276 0.281129 0.357713 0.27563 1.953156e-01 0.894
N:28 Run:7 0.0500067 0.110652 0.277689 0.458038 0.510542 0.569628 0.566358 0.625054 0.625261 0.600495 0.574763 0.587126 0.564299 0.479721 0.416595 0.321688 0.310036 0.313739 0.240937 0.207688 0.219016 1.953156e-01 0.894
N:28 Run:8 0.0656992 0.169912 0.228333 0.110327 0.105988 0.0376954 0.0128128 0.0490522 0.0253879 0.00777496 0.0084991 0.0104933 0.00316108 0.0101956 0.0460904 0.178294 0.121879 0.208122 0.148902 0.201045 0.0741869 1.953156e-01 0.894
N:28 Run:9 0.0975863 0.195773 0.0775077 0.119822 0.184318 0.33289 0.408197 0.348699 0.383956 0.37643 0.40671 0.450648 0.48647 0.366235 0.257338 0.27434 0.281448 0.216056 0.203183 0.210312 0.191443 1.953156e-01 0.894
N:29 Run:0 0.184469 0.179462 0.240498 0.305864 0.411512 0.465738 0.501862 0.584008 0.506385 0.549176 0.570129 0.595908 0.554651 0.472091 0.410463 0.302254 0.265044 0.232181 0.23056 0.20338 0.209739 1.952912e-01 0.896
N:29 Run:1 0.131515 0.105399 0.101476 0.126634 0.0281422 0.0186706 0.0421588 0.0916851 0.113979 0.0542851 0.0140679 0.0103416 0.0062672 0.0156144 0.0826053 0.0293636 0.0351103 0.127281 0.230088 0.249254 0.164143 1.952912e-01 0.896
N:29 Run:2 0.139606 0.22924 0.276889 0.313906 0.340243 0.240261 0.28343 0.316564 0.303957 0.273534 0.250502 0.265888 0.257655 0.236371 0.24183 0.20103 0.142046 0.0770813 0.128841 0.248696 0.187395 1.952912e-01 0.896
N:29 Run:3 0.21647 0.300677 0.541309 0.443902 0.635193 0.411978 0.400099 0.589035 0.504674 0.53047 0.552254 0.348279 0.143279 0.111209 0.0496136 0.0127293 0.0153051 0.0483148 0.0194249 0.00353468 0.00225051 1.952912e-01 0.896
N:29 Run:4 0.2424 0.229573 0.21992 0.212686 0.286337 0.257347 0.282024 0.34202 0.295566 0.305616 0.27254 0.291248 0.307722 0.281136 0.34898 0.281026 0.267739 0.266763 0.328501 0.278206 0.304756 1.952912e-01 0.896
N:29 Run:5 0.110398 0.244872 0.347793 0.400404 0.397109 0.448423 0.418093 0.495044 0.429705 0.410339 0.404682 0.42818 0.280882 0.217399 0.219186 0.216353 0.113247 0.186354 0.288892 0.246175 0.248859 1.952912e-01 0.896
N:29 Run:6 0.0942037 0.121439 0.234583 0.291007 0.286512 0.244991 0.31027 0.359053 0.358064 0.278182 0.302139 0.2754 0.285098 0.332027 0.349535 0.345292 0.314441 0.273276 0.281129 0.357713 0.27563 1.952912e-01 0.896
N:29 Run:7 0.0500067 0.110652 0.277689 0.458038 0.510542 0.569628 0.566358 0.625054 0.625261 0.600495 0.574763 0.587126 0.564299 0.479721 0.416595 0.321688 0.310036 0.313739 0.240937 0.207688 0.219016 1.952912e-01 0.896
N:29 Run:8 0.0656992 0.169912 0.228333 0.110327 0.105988 0.0376954 0.0128128 0.0490522 0.0253879 0.00777496 0.0084991 0.0104933 0.00316108 0.0101956 0.0460904 0.178294 0.121879 0.208122 0.148902 0.201045 0.0741869 1.952912e-01 0.896
N:29 Run:9 0.0975863 0.195773 0.0775077 0.119822 0.184318 0.33289 0.408197 0.348699 0.383956 0.37643 0.40671 0.450648 0.48647 0.366235 0.257338 0.27434 0.281448 0.216056 0.203183 0.210312 0.191443 1.952912e-01 0.896
