Seed:1578629406
N:0 Run:0 0.117248 0.158399 0.172314 0.180002 0.197997 0.19498 0.19737 0.194247 0.189877 0.190252 0.199149 0.193304 0.189611 0.200282 0.196168 0.197422 0.187975 0.192028 0.186712 0.183467 0.189961 1.043663e-01 0.412
N:0 Run:1 0.134141 0.165679 0.23362 0.253475 0.274785 0.279137 0.283621 0.355896 0.379767 0.407093 0.375874 0.348278 0.324713 0.265525 0.225746 0.210157 0.219052 0.207012 0.2164 0.205699 0.211224 1.043663e-01 0.412
N:0 Run:2 0.235657 0.212055 0.196692 0.203486 0.195502 0.193699 0.192874 0.191822 0.191417 0.193959 0.19072 0.193694 0.190845 0.197102 0.18863 0.190634 0.188554 0.18696 0.184702 0.184199 0.194405 1.043663e-01 0.412
N:0 Run:3 0.125065 0.171548 0.293906 0.32582 0.354819 0.338537 0.384403 0.372627 0.345158 0.350787 0.339088 0.346877 0.35177 0.334137 0.35304 0.301667 0.241665 0.220962 0.204241 0.197319 0.20695 1.043663e-01 0.412
N:0 Run:4 0.170636 0.178428 0.218741 0.294191 0.336711 0.293093 0.336497 0.302151 0.308216 0.412154 0.411716 0.344804 0.278 0.262497 0.228084 0.204879 0.193315 0.195287 0.201389 0.20176 0.189989 1.043663e-01 0.412
N:0 Run:5 0.220463 0.212739 0.245195 0.250804 0.276393 0.285867 0.258811 0.267128 0.264978 0.32582 0.33678 0.342838 0.277323 0.251717 0.228674 0.217102 0.203661 0.197627 0.195222 0.193848 0.197834 1.043663e-01 0.412
N:0 Run:6 0.12401 0.170671 0.187653 0.192723 0.194556 0.202694 0.207441 0.216919 0.205551 0.202046 0.202835 0.189425 0.192072 0.203779 0.205101 0.196451 0.190605 0.190115 0.201012 0.214098 0.199113 1.043663e-01 0.412
N:0 Run:7 0.203727 0.208761 0.193154 0.192792 0.194309 0.189222 0.188822 0.199439 0.193306 0.19065 0.196542 0.191664 0.194507 0.190246 0.187527 0.189876 0.201348 0.202738 0.193065 0.188507 0.199135 1.043663e-01 0.412
N:0 Run:8 0.168382 0.183853 0.186268 0.182245 0.179817 0.179029 0.178418 0.178319 0.177916 0.177743 0.17753 0.177364 0.190307 0.187589 0.192162 0.197016 0.204267 0.193526 0.201963 0.202725 0.202088 1.043663e-01 0.412
N:0 Run:9 0.181313 0.193995 0.192133 0.194413 0.190446 0.19976 0.20555 0.194584 0.187566 0.183163 0.19131 0.185076 0.190418 0.192461 0.191407 0.189925 0.2047 0.202943 0.210438 0.209771 0.201086 1.043663e-01 0.412
N:1 Run:0 0.117248 0.158185 0.172539 0.18026 0.197177 0.194032 0.196101 0.193348 0.189621 0.190028 0.198581 0.192909 0.18944 0.198915 0.195163 0.196164 0.188019 0.191805 0.186976 0.184054 0.189663 1.029797e-01 0.401
N:1 Run:1 0.134141 0.165282 0.233119 0.252631 0.274157 0.278346 0.281352 0.357128 0.381808 0.409113 0.378778 0.348846 0.32579 0.264606 0.22507 0.209018 0.216834 0.204934 0.213879 0.203671 0.209364 1.029797e-01 0.401
N:1 Run:2 0.235657 0.211905 0.196952 0.203008 0.195164 0.193287 0.192571 0.19156 0.190942 0.193453 0.190753 0.19336 0.190511 0.196248 0.188653 0.190449 0.188747 0.187211 0.185188 0.184754 0.194204 1.029797e-01 0.401
N:1 Run:3 0.125065 0.170765 0.299401 0.330606 0.361438 0.341894 0.3944 0.38023 0.348733 0.355043 0.341608 0.35046 0.355819 0.336876 0.357913 0.303806 0.242769 0.220978 0.204214 0.196966 0.205399 1.029797e-01 0.401
N:1 Run:4 0.170636 0.178511 0.218031 0.287843 0.330429 0.288092 0.331425 0.297052 0.302858 0.409436 0.407077 0.339464 0.274837 0.260017 0.226292 0.20428 0.193441 0.194707 0.200655 0.200557 0.190135 1.029797e-01 0.401
N:1 Run:5 0.220463 0.211919 0.243091 0.247363 0.273693 0.283333 0.254891 0.26327 0.260777 0.327801 0.339318 0.345724 0.276436 0.249765 0.226909 0.215382 0.202403 0.196979 0.194484 0.193177 0.197089 1.029797e-01 0.401
N:1 Run:6 0.12401 0.169668 0.186547 0.191566 0.193426 0.201045 0.205595 0.214507 0.203893 0.200568 0.201444 0.189656 0.191791 0.203113 0.203604 0.195786 0.190324 0.189841 0.200372 0.212732 0.198732 1.029797e-01 0.401
N:1 Run:7 0.203727 0.207547 0.193303 0.192653 0.193762 0.189164 0.188989 0.198442 0.192961 0.190549 0.195855 0.191179 0.193661 0.189765 0.187386 0.189576 0.200297 0.201255 0.192627 0.188486 0.198323 1.029797e-01 0.401
N:1 Run:8 0.168382 0.183367 0.185763 0.182609 0.180768 0.18015 0.179685 0.179575 0.179307 0.179187 0.179052 0.178955 0.190124 0.187401 0.191787 0.196315 0.203277 0.193388 0.200537 0.20123 0.200322 1.029797e-01 0.401
N:1 Run:9 0.181313 0.193595 0.191792 0.193498 0.189846 0.198983 0.204326 0.19439 0.187965 0.183923 0.190718 0.185407 0.190348 0.192355 0.191359 0.190027 0.204067 0.201994 0.209228 0.207989 0.199721 1.029797e-01 0.401
N:2 Run:0 0.117248 0.178845 0.193091 0.199253 0.198282 0.197916 0.204462 0.202865 0.199804 0.199412 0.199029 0.19821 0.197413 0.197362 0.202506 0.206062 0.208321 0.206979 0.208851 0.208471 0.21182 1.013922e-01 0.566
N:2 Run:1 0.134141 0.181638 0.205631 0.223536 0.215904 0.2078 0.202238 0.199366 0.200601 0.205487 0.202801 0.204578 0.202846 0.20029 0.20885 0.209347 0.207235 0.2076 0.204217 0.202565 0.21707 1.013922e-01 0.566
N:2 Run:2 0.235657 0.222439 0.262892 0.260625 0.247977 0.244625 0.242545 0.247956 0.332817 0.299778 0.266961 0.246308 0.232875 0.217962 0.210622 0.223038 0.225355 0.218225 0.221023 0.214874 0.215226 1.013922e-01 0.566
N:2 Run:3 0.125065 0.162695 0.255797 0.346348 0.402618 0.371422 0.373504 0.362288 0.396082 0.38924 0.349782 0.40013 0.439626 0.510255 0.465858 0.588857 0.454162 0.351985 0.282165 0.260448 0.233955 1.013922e-01 0.566
N:2 Run:4 0.170636 0.189278 0.201967 0.208238 0.205567 0.207105 0.208723 0.208905 0.205958 0.201736 0.199889 0.1996 0.198269 0.197509 0.19743 0.200376 0.202606 0.211805 0.205993 0.20227 0.203183 1.013922e-01 0.566
N:2 Run:5 0.220463 0.216876 0.209616 0.204684 0.206147 0.20514 0.201246 0.198873 0.19795 0.200098 0.199967 0.200572 0.226269 0.220212 0.219161 0.217677 0.211547 0.210377 0.205082 0.208096 0.211173 1.013922e-01 0.566
N:2 Run:6 0.12401 0.176856 0.193418 0.196239 0.197415 0.197247 0.196829 0.196529 0.196212 0.196031 0.196669 0.196513 0.196899 0.197591 0.199255 0.201416 0.202673 0.210173 0.208614 0.204412 0.215999 1.013922e-01 0.566
N:2 Run:7 0.203727 0.215487 0.233772 0.220078 0.21257 0.207418 0.207222 0.203656 0.202855 0.20192 0.199422 0.198739 0.199031 0.202071 0.203961 0.208471 0.222642 0.213129 0.211226 0.209252 0.217216 1.013922e-01 0.566
N:2 Run:8 0.168382 0.194563 0.197127 0.21251 0.214117 0.217213 0.214612 0.210836 0.205561 0.205314 0.203015 0.2031 0.20234 0.202248 0.199678 0.198237 0.197993 0.204923 0.209994 0.206829 0.208612 1.013922e-01 0.566
N:2 Run:9 0.181313 0.196055 0.206562 0.222727 0.217181 0.208419 0.202882 0.201684 0.200821 0.199834 0.202673 0.199683 0.204139 0.204126 0.207137 0.206172 0.204564 0.205577 0.20772 0.214704 0.218926 1.013922e-01 0.566
N:3 Run:0 0.117248 0.178845 0.193091 0.199253 0.198282 0.197916 0.204462 0.202865 0.199804 0.199412 0.199029 0.19821 0.197413 0.197362 0.202506 0.206062 0.208321 0.206979 0.208851 0.208471 0.21182 1.042184e-01 0.512
N:3 Run:1 0.134141 0.181638 0.205631 0.223536 0.215904 0.2078 0.202238 0.199366 0.200601 0.205487 0.202801 0.204578 0.202846 0.20029 0.20885 0.209347 0.207235 0.2076 0.204217 0.202565 0.21707 1.042184e-01 0.512
N:3 Run:2 0.235657 0.222439 0.262892 0.260625 0.247977 0.244625 0.242545 0.247956 0.332817 0.299778 0.266961 0.246308 0.232875 0.217962 0.210622 0.223038 0.225355 0.218225 0.221023 0.214874 0.215226 1.042184e-01 0.512
N:3 Run:3 0.125065 0.162695 0.255797 0.346348 0.402618 0.371422 0.373504 0.362288 0.396082 0.38924 0.349782 0.40013 0.439626 0.510255 0.465858 0.588857 0.454162 0.351985 0.282165 0.260448 0.233955 1.042184e-01 0.512
N:3 Run:4 0.170636 0.189278 0.201967 0.208238 0.205567 0.207105 0.208723 0.208905 0.205958 0.201736 0.199889 0.1996 0.198269 0.197509 0.19743 0.200376 0.202606 0.211805 0.205993 0.20227 0.203183 1.042184e-01 0.512
N:3 Run:5 0.220463 0.216876 0.209616 0.204684 0.206147 0.20514 0.201246 0.198873 0.19795 0.200098 0.199967 0.200572 0.226269 0.220212 0.219161 0.217677 0.211547 0.210377 0.205082 0.208096 0.211173 1.042184e-01 0.512
N:3 Run:6 0.12401 0.176856 0.193418 0.196239 0.197415 0.197247 0.196829 0.196529 0.196212 0.196031 0.196669 0.196513 0.196899 0.197591 0.199255 0.201416 0.202673 0.210173 0.208614 0.204412 0.215999 1.042184e-01 0.512
N:3 Run:7 0.203727 0.215487 0.233772 0.220078 0.21257 0.207418 0.207222 0.203656 0.202855 0.20192 0.199422 0.198739 0.199031 0.202071 0.203961 0.208471 0.222642 0.213129 0.211226 0.209252 0.217216 1.042184e-01 0.512
N:3 Run:8 0.168382 0.194563 0.197127 0.21251 0.214117 0.217213 0.214612 0.210836 0.205561 0.205314 0.203015 0.2031 0.20234 0.202248 0.199678 0.198237 0.197993 0.204923 0.209994 0.206829 0.208612 1.042184e-01 0.512
N:3 Run:9 0.181313 0.196055 0.206562 0.222727 0.217181 0.208419 0.202882 0.201684 0.200821 0.199834 0.202673 0.199683 0.204139 0.204126 0.207137 0.206172 0.204564 0.205577 0.20772 0.214704 0.218926 1.042184e-01 0.512
N:4 Run:0 0.117248 0.178845 0.193091 0.199253 0.198282 0.197916 0.204462 0.202865 0.199804 0.199412 0.199029 0.19821 0.197413 0.197362 0.202506 0.206062 0.208321 0.206979 0.208851 0.208471 0.21182 1.128239e-01 0.418
N:4 Run:1 0.134141 0.181638 0.205631 0.223536 0.215904 0.2078 0.202238 0.199366 0.200601 0.205487 0.202801 0.204578 0.202846 0.20029 0.20885 0.209347 0.207235 0.2076 0.204217 0.202565 0.21707 1.128239e-01 0.418
N:4 Run:2 0.235657 0.222439 0.262892 0.260625 0.247977 0.244625 0.242545 0.247956 0.332817 0.299778 0.266961 0.246308 0.232875 0.217962 0.210622 0.223038 0.225355 0.218225 0.221023 0.214874 0.215226 1.128239e-01 0.418
N:4 Run:3 0.125065 0.162695 0.255797 0.346348 0.402618 0.371422 0.373504 0.362288 0.396082 0.38924 0.349782 0.40013 0.439626 0.510255 0.465858 0.588857 0.454162 0.351985 0.282165 0.260448 0.233955 1.128239e-01 0.418
N:4 Run:4 0.170636 0.189278 0.201967 0.208238 0.205567 0.207105 0.208723 0.208905 0.205958 0.201736 0.199889 0.1996 0.198269 0.197509 0.19743 0.200376 0.202606 0.211805 0.205993 0.20227 0.203183 1.128239e-01 0.418
N:4 Run:5 0.220463 0.216876 0.209616 0.204684 0.206147 0.20514 0.201246 0.198873 0.19795 0.200098 0.199967 0.200572 0.226269 0.220212 0.219161 0.217677 0.211547 0.210377 0.205082 0.208096 0.211173 1.128239e-01 0.418
N:4 Run:6 0.12401 0.176856 0.193418 0.196239 0.197415 0.197247 0.196829 0.196529 0.196212 0.196031 0.196669 0.196513 0.196899 0.197591 0.199255 0.201416 0.202673 0.210173 0.208614 0.204412 0.215999 1.128239e-01 0.418
N:4 Run:7 0.203727 0.215487 0.233772 0.220078 0.21257 0.207418 0.207222 0.203656 0.202855 0.20192 0.199422 0.198739 0.199031 0.202071 0.203961 0.208471 0.222642 0.213129 0.211226 0.209252 0.217216 1.128239e-01 0.418
N:4 Run:8 0.168382 0.194563 0.197127 0.21251 0.214117 0.217213 0.214612 0.210836 0.205561 0.205314 0.203015 0.2031 0.20234 0.202248 0.199678 0.198237 0.197993 0.204923 0.209994 0.206829 0.208612 1.128239e-01 0.418
N:4 Run:9 0.181313 0.196055 0.206562 0.222727 0.217181 0.208419 0.202882 0.201684 0.200821 0.199834 0.202673 0.199683 0.204139 0.204126 0.207137 0.206172 0.204564 0.205577 0.20772 0.214704 0.218926 1.128239e-01 0.418
N:5 Run:0 0.117248 0.155362 0.173161 0.180204 0.181611 0.182501 0.18291 0.183235 0.183169 0.182986 0.183056 0.183067 0.183262 0.18367 0.186217 0.187948 0.188038 0.188224 0.188932 0.188417 0.192226 8.206538e-02 0.485
N:5 Run:1 0.134141 0.167674 0.230158 0.303529 0.314603 0.306933 0.289515 0.280721 0.296936 0.316176 0.309081 0.317004 0.251021 0.216627 0.208888 0.200679 0.194863 0.194434 0.189573 0.189169 0.190641 8.206538e-02 0.485
N:5 Run:2 0.235657 0.212847 0.208442 0.238203 0.22729 0.243408 0.223709 0.221507 0.247184 0.239395 0.236753 0.230988 0.210055 0.204213 0.20341 0.201462 0.198795 0.194621 0.203233 0.196856 0.195861 8.206538e-02 0.485
N:5 Run:3 0.125065 0.158469 0.239921 0.318515 0.412334 0.415734 0.423393 0.435762 0.442769 0.444651 0.433555 0.43756 0.43547 0.445969 0.429378 0.443562 0.419874 0.393438 0.351993 0.325645 0.287308 8.206538e-02 0.485
N:5 Run:4 0.170636 0.183939 0.186524 0.191605 0.190146 0.190602 0.191536 0.20514 0.195559 0.190802 0.19071 0.18988 0.191459 0.191026 0.19619 0.19349 0.190617 0.192479 0.189171 0.191271 0.195876 8.206538e-02 0.485
N:5 Run:5 0.220463 0.202603 0.194739 0.191981 0.199716 0.197781 0.192247 0.190648 0.194212 0.200299 0.19853 0.193839 0.203069 0.202888 0.194525 0.194283 0.190382 0.188807 0.190898 0.190748 0.199466 8.206538e-02 0.485
N:5 Run:6 0.12401 0.177509 0.251888 0.243996 0.231941 0.218861 0.213872 0.212375 0.221712 0.222841 0.219549 0.219077 0.202491 0.196829 0.193799 0.192061 0.198322 0.196227 0.191376 0.18875 0.190463 8.206538e-02 0.485
N:5 Run:7 0.203727 0.200234 0.191897 0.187323 0.185707 0.184337 0.183629 0.183495 0.183554 0.183482 0.183428 0.183458 0.184019 0.185971 0.191236 0.188225 0.18735 0.19095 0.190482 0.195249 0.197649 8.206538e-02 0.485
N:5 Run:8 0.168382 0.177428 0.201541 0.228972 0.247219 0.275371 0.302301 0.313468 0.30563 0.293648 0.294734 0.298891 0.246894 0.216588 0.199848 0.192504 0.195014 0.197391 0.199655 0.195872 0.194097 8.206538e-02 0.485
N:5 Run:9 0.181313 0.189792 0.190763 0.193497 0.191294 0.188705 0.194304 0.192307 0.190688 0.190541 0.191519 0.193241 0.19219 0.190446 0.191406 0.190661 0.190163 0.190515 0.190382 0.196101 0.200291 8.206538e-02 0.485
N:6 Run:0 0.117248 0.155362 0.173161 0.180204 0.181611 0.182501 0.18291 0.183235 0.183169 0.182986 0.183056 0.183067 0.183262 0.18367 0.186217 0.187948 0.188038 0.188224 0.188932 0.188417 0.192226 9.003994e-02 0.484
N:6 Run:1 0.134141 0.167674 0.230158 0.303529 0.314603 0.306933 0.289515 0.280721 0.296936 0.316176 0.309081 0.317004 0.251021 0.216627 0.208888 0.200679 0.194863 0.194434 0.189573 0.189169 0.190641 9.003994e-02 0.484
N:6 Run:2 0.235657 0.212847 0.208442 0.238203 0.22729 0.243408 0.223709 0.221507 0.247184 0.239395 0.236753 0.230988 0.210055 0.204213 0.20341 0.201462 0.198795 0.194621 0.203233 0.196856 0.195861 9.003994e-02 0.484
N:6 Run:3 0.125065 0.158469 0.239921 0.318515 0.412334 0.415734 0.423393 0.435762 0.442769 0.444651 0.433555 0.43756 0.43547 0.445969 0.429378 0.443562 0.419874 0.393438 0.351993 0.325645 0.287308 9.003994e-02 0.484
N:6 Run:4 0.170636 0.183939 0.186524 0.191605 0.190146 0.190602 0.191536 0.20514 0.195559 0.190802 0.19071 0.18988 0.191459 0.191026 0.19619 0.19349 0.190617 0.192479 0.189171 0.191271 0.195876 9.003994e-02 0.484
N:6 Run:5 0.220463 0.202603 0.194739 0.191981 0.199716 0.197781 0.192247 0.190648 0.194212 0.200299 0.19853 0.193839 0.203069 0.202888 0.194525 0.194283 0.190382 0.188807 0.190898 0.190748 0.199466 9.003994e-02 0.484
N:6 Run:6 0.12401 0.177509 0.251888 0.243996 0.231941 0.218861 0.213872 0.212375 0.221712 0.222841 0.219549 0.219077 0.202491 0.196829 0.193799 0.192061 0.198322 0.196227 0.191376 0.18875 0.190463 9.003994e-02 0.484
N:6 Run:7 0.203727 0.200234 0.191897 0.187323 0.185707 0.184337 0.183629 0.183495 0.183554 0.183482 0.183428 0.183458 0.184019 0.185971 0.191236 0.188225 0.18735 0.19095 0.190482 0.195249 0.197649 9.003994e-02 0.484
N:6 Run:8 0.168382 0.177428 0.201541 0.228972 0.247219 0.275371 0.302301 0.313468 0.30563 0.293648 0.294734 0.298891 0.246894 0.216588 0.199848 0.192504 0.195014 0.197391 0.199655 0.195872 0.194097 9.003994e-02 0.484
N:6 Run:9 0.181313 0.189792 0.190763 0.193497 0.191294 0.188705 0.194304 0.192307 0.190688 0.190541 0.191519 0.193241 0.19219 0.190446 0.191406 0.190661 0.190163 0.190515 0.190382 0.196101 0.200291 9.003994e-02 0.484
N:7 Run:0 0.117248 0.155362 0.173161 0.180204 0.181611 0.182501 0.18291 0.183235 0.183169 0.182986 0.183056 0.183067 0.183262 0.18367 0.186217 0.187948 0.188038 0.188224 0.188932 0.188417 0.192226 1.129741e-01 0.446
N:7 Run:1 0.134141 0.167674 0.230158 0.303529 0.314603 0.306933 0.289515 0.280721 0.296936 0.316176 0.309081 0.317004 0.251021 0.216627 0.208888 0.200679 0.194863 0.194434 0.189573 0.189169 0.190641 1.129741e-01 0.446
N:7 Run:2 0.235657 0.212847 0.208442 0.238203 0.22729 0.243408 0.223709 0.221507 0.247184 0.239395 0.236753 0.230988 0.210055 0.204213 0.20341 0.201462 0.198795 0.194621 0.203233 0.196856 0.195861 1.129741e-01 0.446
N:7 Run:3 0.125065 0.158469 0.239921 0.318515 0.412334 0.415734 0.423393 0.435762 0.442769 0.444651 0.433555 0.43756 0.43547 0.445969 0.429378 0.443562 0.419874 0.393438 0.351993 0.325645 0.287308 1.129741e-01 0.446
N:7 Run:4 0.170636 0.183939 0.186524 0.191605 0.190146 0.190602 0.191536 0.20514 0.195559 0.190802 0.19071 0.18988 0.191459 0.191026 0.19619 0.19349 0.190617 0.192479 0.189171 0.191271 0.195876 1.129741e-01 0.446
N:7 Run:5 0.220463 0.202603 0.194739 0.191981 0.199716 0.197781 0.192247 0.190648 0.194212 0.200299 0.19853 0.193839 0.203069 0.202888 0.194525 0.194283 0.190382 0.188807 0.190898 0.190748 0.199466 1.129741e-01 0.446
N:7 Run:6 0.12401 0.177509 0.251888 0.243996 0.231941 0.218861 0.213872 0.212375 0.221712 0.222841 0.219549 0.219077 0.202491 0.196829 0.193799 0.192061 0.198322 0.196227 0.191376 0.18875 0.190463 1.129741e-01 0.446
N:7 Run:7 0.203727 0.200234 0.191897 0.187323 0.185707 0.184337 0.183629 0.183495 0.183554 0.183482 0.183428 0.183458 0.184019 0.185971 0.191236 0.188225 0.18735 0.19095 0.190482 0.195249 0.197649 1.129741e-01 0.446
N:7 Run:8 0.168382 0.177428 0.201541 0.228972 0.247219 0.275371 0.302301 0.313468 0.30563 0.293648 0.294734 0.298891 0.246894 0.216588 0.199848 0.192504 0.195014 0.197391 0.199655 0.195872 0.194097 1.129741e-01 0.446
N:7 Run:9 0.181313 0.189792 0.190763 0.193497 0.191294 0.188705 0.194304 0.192307 0.190688 0.190541 0.191519 0.193241 0.19219 0.190446 0.191406 0.190661 0.190163 0.190515 0.190382 0.196101 0.200291 1.129741e-01 0.446
N:8 Run:0 0.117248 0.15462 0.167996 0.178394 0.16929 0.168678 0.166135 0.167891 0.168812 0.166516 0.166464 0.166391 0.166956 0.170692 0.175574 0.177589 0.179994 0.181065 0.178917 0.176211 0.188785 7.156765e-02 0.513
N:8 Run:1 0.134141 0.166265 0.216359 0.256425 0.292346 0.289651 0.318815 0.333439 0.336883 0.352428 0.309932 0.306434 0.227983 0.197893 0.191208 0.186969 0.182681 0.184521 0.17827 0.178922 0.183735 7.156765e-02 0.513
N:8 Run:2 0.235657 0.198101 0.191544 0.203581 0.204302 0.245517 0.224204 0.230604 0.259146 0.24311 0.266213 0.24111 0.211796 0.212631 0.220179 0.223848 0.201753 0.191837 0.189119 0.184518 0.182862 7.156765e-02 0.513
N:8 Run:3 0.125065 0.163929 0.223239 0.285225 0.334354 0.392278 0.435097 0.401236 0.506281 0.420329 0.418233 0.414583 0.373734 0.484632 0.529763 0.410804 0.316874 0.305834 0.266743 0.258646 0.238152 7.156765e-02 0.513
N:8 Run:4 0.170636 0.181629 0.191049 0.20622 0.208151 0.219942 0.245558 0.37198 0.322076 0.313395 0.397925 0.354929 0.262635 0.218083 0.224865 0.21067 0.195782 0.193566 0.179478 0.185832 0.193767 7.156765e-02 0.513
N:8 Run:5 0.220463 0.189864 0.180989 0.178875 0.185795 0.186506 0.179043 0.180614 0.189348 0.185393 0.185088 0.181511 0.206023 0.206621 0.184532 0.185147 0.182572 0.177793 0.184469 0.183351 0.192837 7.156765e-02 0.513
N:8 Run:6 0.12401 0.173253 0.228517 0.213618 0.202275 0.199852 0.209688 0.218826 0.26806 0.26043 0.241674 0.245362 0.212042 0.207518 0.197459 0.192646 0.214815 0.19858 0.183259 0.178164 0.182167 7.156765e-02 0.513
N:8 Run:7 0.203727 0.188944 0.176597 0.16949 0.169068 0.167204 0.167373 0.16795 0.169666 0.171319 0.169739 0.168727 0.173178 0.178163 0.182877 0.176824 0.177082 0.186517 0.178428 0.181647 0.184285 7.156765e-02 0.513
N:8 Run:8 0.168382 0.17045 0.201923 0.223603 0.25172 0.297603 0.35952 0.358346 0.318719 0.279185 0.313566 0.314581 0.251256 0.210712 0.191324 0.181869 0.187358 0.195526 0.18969 0.188089 0.182116 7.156765e-02 0.513
N:8 Run:9 0.181313 0.183146 0.181235 0.18243 0.179593 0.175059 0.19125 0.189974 0.18286 0.187073 0.195623 0.202657 0.19706 0.191457 0.192945 0.196818 0.188277 0.186052 0.18783 0.192616 0.189545 7.156765e-02 0.513
N:9 Run:0 0.117248 0.15462 0.167996 0.178394 0.16929 0.168678 0.166135 0.167891 0.168812 0.166516 0.166464 0.166391 0.166956 0.170692 0.175574 0.177589 0.179994 0.181065 0.178917 0.176211 0.188785 1.130075e-01 0.394
N:9 Run:1 0.134141 0.166265 0.216359 0.256425 0.292346 0.289651 0.318815 0.333439 0.336883 0.352428 0.309932 0.306434 0.227983 0.197893 0.191208 0.186969 0.182681 0.184521 0.17827 0.178922 0.183735 1.130075e-01 0.394
N:9 Run:2 0.235657 0.198101 0.191544 0.203581 0.204302 0.245517 0.224204 0.230604 0.259146 0.24311 0.266213 0.24111 0.211796 0.212631 0.220179 0.223848 0.201753 0.191837 0.189119 0.184518 0.182862 1.130075e-01 0.394
N:9 Run:3 0.125065 0.163929 0.223239 0.285225 0.334354 0.392278 0.435097 0.401236 0.506281 0.420329 0.418233 0.414583 0.373734 0.484632 0.529763 0.410804 0.316874 0.305834 0.266743 0.258646 0.238152 1.130075e-01 0.394
N:9 Run:4 0.170636 0.181629 0.191049 0.20622 0.208151 0.219942 0.245558 0.37198 0.322076 0.313395 0.397925 0.354929 0.262635 0.218083 0.224865 0.21067 0.195782 0.193566 0.179478 0.185832 0.193767 1.130075e-01 0.394
N:9 Run:5 0.220463 0.189864 0.180989 0.178875 0.185795 0.186506 0.179043 0.180614 0.189348 0.185393 0.185088 0.181511 0.206023 0.206621 0.184532 0.185147 0.182572 0.177793 0.184469 0.183351 0.192837 1.130075e-01 0.394
N:9 Run:6 0.12401 0.173253 0.228517 0.213618 0.202275 0.199852 0.209688 0.218826 0.26806 0.26043 0.241674 0.245362 0.212042 0.207518 0.197459 0.192646 0.214815 0.19858 0.183259 0.178164 0.182167 1.130075e-01 0.394
N:9 Run:7 0.203727 0.188944 0.176597 0.16949 0.169068 0.167204 0.167373 0.16795 0.169666 0.171319 0.169739 0.168727 0.173178 0.178163 0.182877 0.176824 0.177082 0.186517 0.178428 0.181647 0.184285 1.130075e-01 0.394
N:9 Run:8 0.168382 0.17045 0.201923 0.223603 0.25172 0.297603 0.35952 0.358346 0.318719 0.279185 0.313566 0.314581 0.251256 0.210712 0.191324 0.181869 0.187358 0.195526 0.18969 0.188089 0.182116 1.130075e-01 0.394
N:9 Run:9 0.181313 0.183146 0.181235 0.18243 0.179593 0.175059 0.19125 0.189974 0.18286 0.187073 0.195623 0.202657 0.19706 0.191457 0.192945 0.196818 0.188277 0.186052 0.18783 0.192616 0.189545 1.130075e-01 0.394
N:10 Run:0 0.117248 0.15462 0.167996 0.178394 0.16929 0.168678 0.166135 0.167891 0.168812 0.166516 0.166464 0.166391 0.166956 0.170692 0.175574 0.177589 0.179994 0.181065 0.178917 0.176211 0.188785 8.189788e-02 0.475
N:10 Run:1 0.134141 0.166265 0.216359 0.256425 0.292346 0.289651 0.318815 0.333439 0.336883 0.352428 0.309932 0.306434 0.227983 0.197893 0.191208 0.186969 0.182681 0.184521 0.17827 0.178922 0.183735 8.189788e-02 0.475
N:10 Run:2 0.235657 0.198101 0.191544 0.203581 0.204302 0.245517 0.224204 0.230604 0.259146 0.24311 0.266213 0.24111 0.211796 0.212631 0.220179 0.223848 0.201753 0.191837 0.189119 0.184518 0.182862 8.189788e-02 0.475
N:10 Run:3 0.125065 0.163929 0.223239 0.285225 0.334354 0.392278 0.435097 0.401236 0.506281 0.420329 0.418233 0.414583 0.373734 0.484632 0.529763 0.410804 0.316874 0.305834 0.266743 0.258646 0.238152 8.189788e-02 0.475
N:10 Run:4 0.170636 0.181629 0.191049 0.20622 0.208151 0.219942 0.245558 0.37198 0.322076 0.313395 0.397925 0.354929 0.262635 0.218083 0.224865 0.21067 0.195782 0.193566 0.179478 0.185832 0.193767 8.189788e-02 0.475
N:10 Run:5 0.220463 0.189864 0.180989 0.178875 0.185795 0.186506 0.179043 0.180614 0.189348 0.185393 0.185088 0.181511 0.206023 0.206621 0.184532 0.185147 0.182572 0.177793 0.184469 0.183351 0.192837 8.189788e-02 0.475
N:10 Run:6 0.12401 0.173253 0.228517 0.213618 0.202275 0.199852 0.209688 0.218826 0.26806 0.26043 0.241674 0.245362 0.212042 0.207518 0.197459 0.192646 0.214815 0.19858 0.183259 0.178164 0.182167 8.189788e-02 0.475
N:10 Run:7 0.203727 0.188944 0.176597 0.16949 0.169068 0.167204 0.167373 0.16795 0.169666 0.171319 0.169739 0.168727 0.173178 0.178163 0.182877 0.176824 0.177082 0.186517 0.178428 0.181647 0.184285 8.189788e-02 0.475
N:10 Run:8 0.168382 0.17045 0.201923 0.223603 0.25172 0.297603 0.35952 0.358346 0.318719 0.279185 0.313566 0.314581 0.251256 0.210712 0.191324 0.181869 0.187358 0.195526 0.18969 0.188089 0.182116 8.189788e-02 0.475
N:10 Run:9 0.181313 0.183146 0.181235 0.18243 0.179593 0.175059 0.19125 0.189974 0.18286 0.187073 0.195623 0.202657 0.19706 0.191457 0.192945 0.196818 0.188277 0.186052 0.18783 0.192616 0.189545 8.189788e-02 0.475
N:11 Run:0 0.117248 0.15462 0.167996 0.178394 0.16929 0.168678 0.166135 0.167891 0.168812 0.166516 0.166464 0.166391 0.166956 0.170692 0.175574 0.177589 0.179994 0.181065 0.178917 0.176211 0.188785 1.156695e-01 0.470
N:11 Run:1 0.134141 0.166265 0.216359 0.256425 0.292346 0.289651 0.318815 0.333439 0.336883 0.352428 0.309932 0.306434 0.227983 0.197893 0.191208 0.186969 0.182681 0.184521 0.17827 0.178922 0.183735 1.156695e-01 0.470
N:11 Run:2 0.235657 0.198101 0.191544 0.203581 0.204302 0.245517 0.224204 0.230604 0.259146 0.24311 0.266213 0.24111 0.211796 0.212631 0.220179 0.223848 0.201753 0.191837 0.189119 0.184518 0.182862 1.156695e-01 0.470
N:11 Run:3 0.125065 0.163929 0.223239 0.285225 0.334354 0.392278 0.435097 0.401236 0.506281 0.420329 0.418233 0.414583 0.373734 0.484632 0.529763 0.410804 0.316874 0.305834 0.266743 0.258646 0.238152 1.156695e-01 0.470
N:11 Run:4 0.170636 0.181629 0.191049 0.20622 0.208151 0.219942 0.245558 0.37198 0.322076 0.313395 0.397925 0.354929 0.262635 0.218083 0.224865 0.21067 0.195782 0.193566 0.179478 0.185832 0.193767 1.156695e-01 0.470
N:11 Run:5 0.220463 0.189864 0.180989 0.178875 0.185795 0.186506 0.179043 0.180614 0.189348 0.185393 0.185088 0.181511 0.206023 0.206621 0.184532 0.185147 0.182572 0.177793 0.184469 0.183351 0.192837 1.156695e-01 0.470
N:11 Run:6 0.12401 0.173253 0.228517 0.213618 0.202275 0.199852 0.209688 0.218826 0.26806 0.26043 0.241674 0.245362 0.212042 0.207518 0.197459 0.192646 0.214815 0.19858 0.183259 0.178164 0.182167 1.156695e-01 0.470
N:11 Run:7 0.203727 0.188944 0.176597 0.16949 0.169068 0.167204 0.167373 0.16795 0.169666 0.171319 0.169739 0.168727 0.173178 0.178163 0.182877 0.176824 0.177082 0.186517 0.178428 0.181647 0.184285 1.156695e-01 0.470
N:11 Run:8 0.168382 0.17045 0.201923 0.223603 0.25172 0.297603 0.35952 0.358346 0.318719 0.279185 0.313566 0.314581 0.251256 0.210712 0.191324 0.181869 0.187358 0.195526 0.18969 0.188089 0.182116 1.156695e-01 0.470
N:11 Run:9 0.181313 0.183146 0.181235 0.18243 0.179593 0.175059 0.19125 0.189974 0.18286 0.187073 0.195623 0.202657 0.19706 0.191457 0.192945 0.196818 0.188277 0.186052 0.18783 0.192616 0.189545 1.156695e-01 0.470
N:12 Run:0 0.117248 0.15462 0.167996 0.178394 0.16929 0.168678 0.166135 0.167891 0.168812 0.166516 0.166464 0.166391 0.166956 0.170692 0.175574 0.177589 0.179994 0.181065 0.178917 0.176211 0.188785 1.127394e-01 0.425
N:12 Run:1 0.134141 0.166265 0.216359 0.256425 0.292346 0.289651 0.318815 0.333439 0.336883 0.352428 0.309932 0.306434 0.227983 0.197893 0.191208 0.186969 0.182681 0.184521 0.17827 0.178922 0.183735 1.127394e-01 0.425
N:12 Run:2 0.235657 0.198101 0.191544 0.203581 0.204302 0.245517 0.224204 0.230604 0.259146 0.24311 0.266213 0.24111 0.211796 0.212631 0.220179 0.223848 0.201753 0.191837 0.189119 0.184518 0.182862 1.127394e-01 0.425
N:12 Run:3 0.125065 0.163929 0.223239 0.285225 0.334354 0.392278 0.435097 0.401236 0.506281 0.420329 0.418233 0.414583 0.373734 0.484632 0.529763 0.410804 0.316874 0.305834 0.266743 0.258646 0.238152 1.127394e-01 0.425
N:12 Run:4 0.170636 0.181629 0.191049 0.20622 0.208151 0.219942 0.245558 0.37198 0.322076 0.313395 0.397925 0.354929 0.262635 0.218083 0.224865 0.21067 0.195782 0.193566 0.179478 0.185832 0.193767 1.127394e-01 0.425
N:12 Run:5 0.220463 0.189864 0.180989 0.178875 0.185795 0.186506 0.179043 0.180614 0.189348 0.185393 0.185088 0.181511 0.206023 0.206621 0.184532 0.185147 0.182572 0.177793 0.184469 0.183351 0.192837 1.127394e-01 0.425
N:12 Run:6 0.12401 0.173253 0.228517 0.213618 0.202275 0.199852 0.209688 0.218826 0.26806 0.26043 0.241674 0.245362 0.212042 0.207518 0.197459 0.192646 0.214815 0.19858 0.183259 0.178164 0.182167 1.127394e-01 0.425
N:12 Run:7 0.203727 0.188944 0.176597 0.16949 0.169068 0.167204 0.167373 0.16795 0.169666 0.171319 0.169739 0.168727 0.173178 0.178163 0.182877 0.176824 0.177082 0.186517 0.178428 0.181647 0.184285 1.127394e-01 0.425
N:12 Run:8 0.168382 0.17045 0.201923 0.223603 0.25172 0.297603 0.35952 0.358346 0.318719 0.279185 0.313566 0.314581 0.251256 0.210712 0.191324 0.181869 0.187358 0.195526 0.18969 0.188089 0.182116 1.127394e-01 0.425
N:12 Run:9 0.181313 0.183146 0.181235 0.18243 0.179593 0.175059 0.19125 0.189974 0.18286 0.187073 0.195623 0.202657 0.19706 0.191457 0.192945 0.196818 0.188277 0.186052 0.18783 0.192616 0.189545 1.127394e-01 0.425
N:13 Run:0 0.117248 0.15462 0.167996 0.178394 0.16929 0.168678 0.166135 0.167891 0.168812 0.166516 0.166464 0.166391 0.166956 0.170692 0.175574 0.177589 0.179994 0.181065 0.178917 0.176211 0.188785 8.963122e-02 0.486
N:13 Run:1 0.134141 0.166265 0.216359 0.256425 0.292346 0.289651 0.318815 0.333439 0.336883 0.352428 0.309932 0.306434 0.227983 0.197893 0.191208 0.186969 0.182681 0.184521 0.17827 0.178922 0.183735 8.963122e-02 0.486
N:13 Run:2 0.235657 0.198101 0.191544 0.203581 0.204302 0.245517 0.224204 0.230604 0.259146 0.24311 0.266213 0.24111 0.211796 0.212631 0.220179 0.223848 0.201753 0.191837 0.189119 0.184518 0.182862 8.963122e-02 0.486
N:13 Run:3 0.125065 0.163929 0.223239 0.285225 0.334354 0.392278 0.435097 0.401236 0.506281 0.420329 0.418233 0.414583 0.373734 0.484632 0.529763 0.410804 0.316874 0.305834 0.266743 0.258646 0.238152 8.963122e-02 0.486
N:13 Run:4 0.170636 0.181629 0.191049 0.20622 0.208151 0.219942 0.245558 0.37198 0.322076 0.313395 0.397925 0.354929 0.262635 0.218083 0.224865 0.21067 0.195782 0.193566 0.179478 0.185832 0.193767 8.963122e-02 0.486
N:13 Run:5 0.220463 0.189864 0.180989 0.178875 0.185795 0.186506 0.179043 0.180614 0.189348 0.185393 0.185088 0.181511 0.206023 0.206621 0.184532 0.185147 0.182572 0.177793 0.184469 0.183351 0.192837 8.963122e-02 0.486
N:13 Run:6 0.12401 0.173253 0.228517 0.213618 0.202275 0.199852 0.209688 0.218826 0.26806 0.26043 0.241674 0.245362 0.212042 0.207518 0.197459 0.192646 0.214815 0.19858 0.183259 0.178164 0.182167 8.963122e-02 0.486
N:13 Run:7 0.203727 0.188944 0.176597 0.16949 0.169068 0.167204 0.167373 0.16795 0.169666 0.171319 0.169739 0.168727 0.173178 0.178163 0.182877 0.176824 0.177082 0.186517 0.178428 0.181647 0.184285 8.963122e-02 0.486
N:13 Run:8 0.168382 0.17045 0.201923 0.223603 0.25172 0.297603 0.35952 0.358346 0.318719 0.279185 0.313566 0.314581 0.251256 0.210712 0.191324 0.181869 0.187358 0.195526 0.18969 0.188089 0.182116 8.963122e-02 0.486
N:13 Run:9 0.181313 0.183146 0.181235 0.18243 0.179593 0.175059 0.19125 0.189974 0.18286 0.187073 0.195623 0.202657 0.19706 0.191457 0.192945 0.196818 0.188277 0.186052 0.18783 0.192616 0.189545 8.963122e-02 0.486
N:14 Run:0 0.117248 0.15462 0.167996 0.178394 0.16929 0.168678 0.166135 0.167891 0.168812 0.166516 0.166464 0.166391 0.166956 0.170692 0.175574 0.177589 0.179994 0.181065 0.178917 0.176211 0.188785 1.129746e-01 0.494
N:14 Run:1 0.134141 0.166265 0.216359 0.256425 0.292346 0.289651 0.318815 0.333439 0.336883 0.352428 0.309932 0.306434 0.227983 0.197893 0.191208 0.186969 0.182681 0.184521 0.17827 0.178922 0.183735 1.129746e-01 0.494
N:14 Run:2 0.235657 0.198101 0.191544 0.203581 0.204302 0.245517 0.224204 0.230604 0.259146 0.24311 0.266213 0.24111 0.211796 0.212631 0.220179 0.223848 0.201753 0.191837 0.189119 0.184518 0.182862 1.129746e-01 0.494
N:14 Run:3 0.125065 0.163929 0.223239 0.285225 0.334354 0.392278 0.435097 0.401236 0.506281 0.420329 0.418233 0.414583 0.373734 0.484632 0.529763 0.410804 0.316874 0.305834 0.266743 0.258646 0.238152 1.129746e-01 0.494
N:14 Run:4 0.170636 0.181629 0.191049 0.20622 0.208151 0.219942 0.245558 0.37198 0.322076 0.313395 0.397925 0.354929 0.262635 0.218083 0.224865 0.21067 0.195782 0.193566 0.179478 0.185832 0.193767 1.129746e-01 0.494
N:14 Run:5 0.220463 0.189864 0.180989 0.178875 0.185795 0.186506 0.179043 0.180614 0.189348 0.185393 0.185088 0.181511 0.206023 0.206621 0.184532 0.185147 0.182572 0.177793 0.184469 0.183351 0.192837 1.129746e-01 0.494
N:14 Run:6 0.12401 0.173253 0.228517 0.213618 0.202275 0.199852 0.209688 0.218826 0.26806 0.26043 0.241674 0.245362 0.212042 0.207518 0.197459 0.192646 0.214815 0.19858 0.183259 0.178164 0.182167 1.129746e-01 0.494
N:14 Run:7 0.203727 0.188944 0.176597 0.16949 0.169068 0.167204 0.167373 0.16795 0.169666 0.171319 0.169739 0.168727 0.173178 0.178163 0.182877 0.176824 0.177082 0.186517 0.178428 0.181647 0.184285 1.129746e-01 0.494
N:14 Run:8 0.168382 0.17045 0.201923 0.223603 0.25172 0.297603 0.35952 0.358346 0.318719 0.279185 0.313566 0.314581 0.251256 0.210712 0.191324 0.181869 0.187358 0.195526 0.18969 0.188089 0.182116 1.129746e-01 0.494
N:14 Run:9 0.181313 0.183146 0.181235 0.18243 0.179593 0.175059 0.19125 0.189974 0.18286 0.187073 0.195623 0.202657 0.19706 0.191457 0.192945 0.196818 0.188277 0.186052 0.18783 0.192616 0.189545 1.129746e-01 0.494
N:15 Run:0 0.117248 0.15462 0.167996 0.178394 0.16929 0.168678 0.166135 0.167891 0.168812 0.166516 0.166464 0.166391 0.166956 0.170692 0.175574 0.177589 0.179994 0.181065 0.178917 0.176211 0.188785 1.125483e-01 0.419
N:15 Run:1 0.134141 0.166265 0.216359 0.256425 0.292346 0.289651 0.318815 0.333439 0.336883 0.352428 0.309932 0.306434 0.227983 0.197893 0.191208 0.186969 0.182681 0.184521 0.17827 0.178922 0.183735 1.125483e-01 0.419
N:15 Run:2 0.235657 0.198101 0.191544 0.203581 0.204302 0.245517 0.224204 0.230604 0.259146 0.24311 0.266213 0.24111 0.211796 0.212631 0.220179 0.223848 0.201753 0.191837 0.189119 0.184518 0.182862 1.125483e-01 0.419
N:15 Run:3 0.125065 0.163929 0.223239 0.285225 0.334354 0.392278 0.435097 0.401236 0.506281 0.420329 0.418233 0.414583 0.373734 0.484632 0.529763 0.410804 0.316874 0.305834 0.266743 0.258646 0.238152 1.125483e-01 0.419
N:15 Run:4 0.170636 0.181629 0.191049 0.20622 0.208151 0.219942 0.245558 0.37198 0.322076 0.313395 0.397925 0.354929 0.262635 0.218083 0.224865 0.21067 0.195782 0.193566 0.179478 0.185832 0.193767 1.125483e-01 0.419
N:15 Run:5 0.220463 0.189864 0.180989 0.178875 0.185795 0.186506 0.179043 0.180614 0.189348 0.185393 0.185088 0.181511 0.206023 0.206621 0.184532 0.185147 0.182572 0.177793 0.184469 0.183351 0.192837 1.125483e-01 0.419
N:15 Run:6 0.12401 0.173253 0.228517 0.213618 0.202275 0.199852 0.209688 0.218826 0.26806 0.26043 0.241674 0.245362 0.212042 0.207518 0.197459 0.192646 0.214815 0.19858 0.183259 0.178164 0.182167 1.125483e-01 0.419
N:15 Run:7 0.203727 0.188944 0.176597 0.16949 0.169068 0.167204 0.167373 0.16795 0.169666 0.171319 0.169739 0.168727 0.173178 0.178163 0.182877 0.176824 0.177082 0.186517 0.178428 0.181647 0.184285 1.125483e-01 0.419
N:15 Run:8 0.168382 0.17045 0.201923 0.223603 0.25172 0.297603 0.35952 0.358346 0.318719 0.279185 0.313566 0.314581 0.251256 0.210712 0.191324 0.181869 0.187358 0.195526 0.18969 0.188089 0.182116 1.125483e-01 0.419
N:15 Run:9 0.181313 0.183146 0.181235 0.18243 0.179593 0.175059 0.19125 0.189974 0.18286 0.187073 0.195623 0.202657 0.19706 0.191457 0.192945 0.196818 0.188277 0.186052 0.18783 0.192616 0.189545 1.125483e-01 0.419
N:16 Run:0 0.117248 0.15462 0.167996 0.178394 0.16929 0.168678 0.166135 0.167891 0.168812 0.166516 0.166464 0.166391 0.166956 0.170692 0.175574 0.177589 0.179994 0.181065 0.178917 0.176211 0.188785 1.018050e-01 0.423
N:16 Run:1 0.134141 0.166265 0.216359 0.256425 0.292346 0.289651 0.318815 0.333439 0.336883 0.352428 0.309932 0.306434 0.227983 0.197893 0.191208 0.186969 0.182681 0.184521 0.17827 0.178922 0.183735 1.018050e-01 0.423
N:16 Run:2 0.235657 0.198101 0.191544 0.203581 0.204302 0.245517 0.224204 0.230604 0.259146 0.24311 0.266213 0.24111 0.211796 0.212631 0.220179 0.223848 0.201753 0.191837 0.189119 0.184518 0.182862 1.018050e-01 0.423
N:16 Run:3 0.125065 0.163929 0.223239 0.285225 0.334354 0.392278 0.435097 0.401236 0.506281 0.420329 0.418233 0.414583 0.373734 0.484632 0.529763 0.410804 0.316874 0.305834 0.266743 0.258646 0.238152 1.018050e-01 0.423
N:16 Run:4 0.170636 0.181629 0.191049 0.20622 0.208151 0.219942 0.245558 0.37198 0.322076 0.313395 0.397925 0.354929 0.262635 0.218083 0.224865 0.21067 0.195782 0.193566 0.179478 0.185832 0.193767 1.018050e-01 0.423
N:16 Run:5 0.220463 0.189864 0.180989 0.178875 0.185795 0.186506 0.179043 0.180614 0.189348 0.185393 0.185088 0.181511 0.206023 0.206621 0.184532 0.185147 0.182572 0.177793 0.184469 0.183351 0.192837 1.018050e-01 0.423
N:16 Run:6 0.12401 0.173253 0.228517 0.213618 0.202275 0.199852 0.209688 0.218826 0.26806 0.26043 0.241674 0.245362 0.212042 0.207518 0.197459 0.192646 0.214815 0.19858 0.183259 0.178164 0.182167 1.018050e-01 0.423
N:16 Run:7 0.203727 0.188944 0.176597 0.16949 0.169068 0.167204 0.167373 0.16795 0.169666 0.171319 0.169739 0.168727 0.173178 0.178163 0.182877 0.176824 0.177082 0.186517 0.178428 0.181647 0.184285 1.018050e-01 0.423
N:16 Run:8 0.168382 0.17045 0.201923 0.223603 0.25172 0.297603 0.35952 0.358346 0.318719 0.279185 0.313566 0.314581 0.251256 0.210712 0.191324 0.181869 0.187358 0.195526 0.18969 0.188089 0.182116 1.018050e-01 0.423
N:16 Run:9 0.181313 0.183146 0.181235 0.18243 0.179593 0.175059 0.19125 0.189974 0.18286 0.187073 0.195623 0.202657 0.19706 0.191457 0.192945 0.196818 0.188277 0.186052 0.18783 0.192616 0.189545 1.018050e-01 0.423
N:17 Run:0 0.117248 0.15462 0.167996 0.178394 0.16929 0.168678 0.166135 0.167891 0.168812 0.166516 0.166464 0.166391 0.166956 0.170692 0.175574 0.177589 0.179994 0.181065 0.178917 0.176211 0.188785 9.080175e-02 0.502
N:17 Run:1 0.134141 0.166265 0.216359 0.256425 0.292346 0.289651 0.318815 0.333439 0.336883 0.352428 0.309932 0.306434 0.227983 0.197893 0.191208 0.186969 0.182681 0.184521 0.17827 0.178922 0.183735 9.080175e-02 0.502
N:17 Run:2 0.235657 0.198101 0.191544 0.203581 0.204302 0.245517 0.224204 0.230604 0.259146 0.24311 0.266213 0.24111 0.211796 0.212631 0.220179 0.223848 0.201753 0.191837 0.189119 0.184518 0.182862 9.080175e-02 0.502
N:17 Run:3 0.125065 0.163929 0.223239 0.285225 0.334354 0.392278 0.435097 0.401236 0.506281 0.420329 0.418233 0.414583 0.373734 0.484632 0.529763 0.410804 0.316874 0.305834 0.266743 0.258646 0.238152 9.080175e-02 0.502
N:17 Run:4 0.170636 0.181629 0.191049 0.20622 0.208151 0.219942 0.245558 0.37198 0.322076 0.313395 0.397925 0.354929 0.262635 0.218083 0.224865 0.21067 0.195782 0.193566 0.179478 0.185832 0.193767 9.080175e-02 0.502
N:17 Run:5 0.220463 0.189864 0.180989 0.178875 0.185795 0.186506 0.179043 0.180614 0.189348 0.185393 0.185088 0.181511 0.206023 0.206621 0.184532 0.185147 0.182572 0.177793 0.184469 0.183351 0.192837 9.080175e-02 0.502
N:17 Run:6 0.12401 0.173253 0.228517 0.213618 0.202275 0.199852 0.209688 0.218826 0.26806 0.26043 0.241674 0.245362 0.212042 0.207518 0.197459 0.192646 0.214815 0.19858 0.183259 0.178164 0.182167 9.080175e-02 0.502
N:17 Run:7 0.203727 0.188944 0.176597 0.16949 0.169068 0.167204 0.167373 0.16795 0.169666 0.171319 0.169739 0.168727 0.173178 0.178163 0.182877 0.176824 0.177082 0.186517 0.178428 0.181647 0.184285 9.080175e-02 0.502
N:17 Run:8 0.168382 0.17045 0.201923 0.223603 0.25172 0.297603 0.35952 0.358346 0.318719 0.279185 0.313566 0.314581 0.251256 0.210712 0.191324 0.181869 0.187358 0.195526 0.18969 0.188089 0.182116 9.080175e-02 0.502
N:17 Run:9 0.181313 0.183146 0.181235 0.18243 0.179593 0.175059 0.19125 0.189974 0.18286 0.187073 0.195623 0.202657 0.19706 0.191457 0.192945 0.196818 0.188277 0.186052 0.18783 0.192616 0.189545 9.080175e-02 0.502
N:18 Run:0 0.117248 0.15462 0.167996 0.178394 0.16929 0.168678 0.166135 0.167891 0.168812 0.166516 0.166464 0.166391 0.166956 0.170692 0.175574 0.177589 0.179994 0.181065 0.178917 0.176211 0.188785 1.102822e-01 0.407
N:18 Run:1 0.134141 0.166265 0.216359 0.256425 0.292346 0.289651 0.318815 0.333439 0.336883 0.352428 0.309932 0.306434 0.227983 0.197893 0.191208 0.186969 0.182681 0.184521 0.17827 0.178922 0.183735 1.102822e-01 0.407
N:18 Run:2 0.235657 0.198101 0.191544 0.203581 0.204302 0.245517 0.224204 0.230604 0.259146 0.24311 0.266213 0.24111 0.211796 0.212631 0.220179 0.223848 0.201753 0.191837 0.189119 0.184518 0.182862 1.102822e-01 0.407
N:18 Run:3 0.125065 0.163929 0.223239 0.285225 0.334354 0.392278 0.435097 0.401236 0.506281 0.420329 0.418233 0.414583 0.373734 0.484632 0.529763 0.410804 0.316874 0.305834 0.266743 0.258646 0.238152 1.102822e-01 0.407
N:18 Run:4 0.170636 0.181629 0.191049 0.20622 0.208151 0.219942 0.245558 0.37198 0.322076 0.313395 0.397925 0.354929 0.262635 0.218083 0.224865 0.21067 0.195782 0.193566 0.179478 0.185832 0.193767 1.102822e-01 0.407
N:18 Run:5 0.220463 0.189864 0.180989 0.178875 0.185795 0.186506 0.179043 0.180614 0.189348 0.185393 0.185088 0.181511 0.206023 0.206621 0.184532 0.185147 0.182572 0.177793 0.184469 0.183351 0.192837 1.102822e-01 0.407
N:18 Run:6 0.12401 0.173253 0.228517 0.213618 0.202275 0.199852 0.209688 0.218826 0.26806 0.26043 0.241674 0.245362 0.212042 0.207518 0.197459 0.192646 0.214815 0.19858 0.183259 0.178164 0.182167 1.102822e-01 0.407
N:18 Run:7 0.203727 0.188944 0.176597 0.16949 0.169068 0.167204 0.167373 0.16795 0.169666 0.171319 0.169739 0.168727 0.173178 0.178163 0.182877 0.176824 0.177082 0.186517 0.178428 0.181647 0.184285 1.102822e-01 0.407
N:18 Run:8 0.168382 0.17045 0.201923 0.223603 0.25172 0.297603 0.35952 0.358346 0.318719 0.279185 0.313566 0.314581 0.251256 0.210712 0.191324 0.181869 0.187358 0.195526 0.18969 0.188089 0.182116 1.102822e-01 0.407
N:18 Run:9 0.181313 0.183146 0.181235 0.18243 0.179593 0.175059 0.19125 0.189974 0.18286 0.187073 0.195623 0.202657 0.19706 0.191457 0.192945 0.196818 0.188277 0.186052 0.18783 0.192616 0.189545 1.102822e-01 0.407
N:19 Run:0 0.117248 0.15462 0.167996 0.178394 0.16929 0.168678 0.166135 0.167891 0.168812 0.166516 0.166464 0.166391 0.166956 0.170692 0.175574 0.177589 0.179994 0.181065 0.178917 0.176211 0.188785 8.195694e-02 0.466
N:19 Run:1 0.134141 0.166265 0.216359 0.256425 0.292346 0.289651 0.318815 0.333439 0.336883 0.352428 0.309932 0.306434 0.227983 0.197893 0.191208 0.186969 0.182681 0.184521 0.17827 0.178922 0.183735 8.195694e-02 0.466
N:19 Run:2 0.235657 0.198101 0.191544 0.203581 0.204302 0.245517 0.224204 0.230604 0.259146 0.24311 0.266213 0.24111 0.211796 0.212631 0.220179 0.223848 0.201753 0.191837 0.189119 0.184518 0.182862 8.195694e-02 0.466
N:19 Run:3 0.125065 0.163929 0.223239 0.285225 0.334354 0.392278 0.435097 0.401236 0.506281 0.420329 0.418233 0.414583 0.373734 0.484632 0.529763 0.410804 0.316874 0.305834 0.266743 0.258646 0.238152 8.195694e-02 0.466
N:19 Run:4 0.170636 0.181629 0.191049 0.20622 0.208151 0.219942 0.245558 0.37198 0.322076 0.313395 0.397925 0.354929 0.262635 0.218083 0.224865 0.21067 0.195782 0.193566 0.179478 0.185832 0.193767 8.195694e-02 0.466
N:19 Run:5 0.220463 0.189864 0.180989 0.178875 0.185795 0.186506 0.179043 0.180614 0.189348 0.185393 0.185088 0.181511 0.206023 0.206621 0.184532 0.185147 0.182572 0.177793 0.184469 0.183351 0.192837 8.195694e-02 0.466
N:19 Run:6 0.12401 0.173253 0.228517 0.213618 0.202275 0.199852 0.209688 0.218826 0.26806 0.26043 0.241674 0.245362 0.212042 0.207518 0.197459 0.192646 0.214815 0.19858 0.183259 0.178164 0.182167 8.195694e-02 0.466
N:19 Run:7 0.203727 0.188944 0.176597 0.16949 0.169068 0.167204 0.167373 0.16795 0.169666 0.171319 0.169739 0.168727 0.173178 0.178163 0.182877 0.176824 0.177082 0.186517 0.178428 0.181647 0.184285 8.195694e-02 0.466
N:19 Run:8 0.168382 0.17045 0.201923 0.223603 0.25172 0.297603 0.35952 0.358346 0.318719 0.279185 0.313566 0.314581 0.251256 0.210712 0.191324 0.181869 0.187358 0.195526 0.18969 0.188089 0.182116 8.195694e-02 0.466
N:19 Run:9 0.181313 0.183146 0.181235 0.18243 0.179593 0.175059 0.19125 0.189974 0.18286 0.187073 0.195623 0.202657 0.19706 0.191457 0.192945 0.196818 0.188277 0.186052 0.18783 0.192616 0.189545 8.195694e-02 0.466
N:20 Run:0 0.117248 0.15462 0.167996 0.178394 0.16929 0.168678 0.166135 0.167891 0.168812 0.166516 0.166464 0.166391 0.166956 0.170692 0.175574 0.177589 0.179994 0.181065 0.178917 0.176211 0.188785 1.033047e-01 0.445
N:20 Run:1 0.134141 0.166265 0.216359 0.256425 0.292346 0.289651 0.318815 0.333439 0.336883 0.352428 0.309932 0.306434 0.227983 0.197893 0.191208 0.186969 0.182681 0.184521 0.17827 0.178922 0.183735 1.033047e-01 0.445
N:20 Run:2 0.235657 0.198101 0.191544 0.203581 0.204302 0.245517 0.224204 0.230604 0.259146 0.24311 0.266213 0.24111 0.211796 0.212631 0.220179 0.223848 0.201753 0.191837 0.189119 0.184518 0.182862 1.033047e-01 0.445
N:20 Run:3 0.125065 0.163929 0.223239 0.285225 0.334354 0.392278 0.435097 0.401236 0.506281 0.420329 0.418233 0.414583 0.373734 0.484632 0.529763 0.410804 0.316874 0.305834 0.266743 0.258646 0.238152 1.033047e-01 0.445
N:20 Run:4 0.170636 0.181629 0.191049 0.20622 0.208151 0.219942 0.245558 0.37198 0.322076 0.313395 0.397925 0.354929 0.262635 0.218083 0.224865 0.21067 0.195782 0.193566 0.179478 0.185832 0.193767 1.033047e-01 0.445
N:20 Run:5 0.220463 0.189864 0.180989 0.178875 0.185795 0.186506 0.179043 0.180614 0.189348 0.185393 0.185088 0.181511 0.206023 0.206621 0.184532 0.185147 0.182572 0.177793 0.184469 0.183351 0.192837 1.033047e-01 0.445
N:20 Run:6 0.12401 0.173253 0.228517 0.213618 0.202275 0.199852 0.209688 0.218826 0.26806 0.26043 0.241674 0.245362 0.212042 0.207518 0.197459 0.192646 0.214815 0.19858 0.183259 0.178164 0.182167 1.033047e-01 0.445
N:20 Run:7 0.203727 0.188944 0.176597 0.16949 0.169068 0.167204 0.167373 0.16795 0.169666 0.171319 0.169739 0.168727 0.173178 0.178163 0.182877 0.176824 0.177082 0.186517 0.178428 0.181647 0.184285 1.033047e-01 0.445
N:20 Run:8 0.168382 0.17045 0.201923 0.223603 0.25172 0.297603 0.35952 0.358346 0.318719 0.279185 0.313566 0.314581 0.251256 0.210712 0.191324 0.181869 0.187358 0.195526 0.18969 0.188089 0.182116 1.033047e-01 0.445
N:20 Run:9 0.181313 0.183146 0.181235 0.18243 0.179593 0.175059 0.19125 0.189974 0.18286 0.187073 0.195623 0.202657 0.19706 0.191457 0.192945 0.196818 0.188277 0.186052 0.18783 0.192616 0.189545 1.033047e-01 0.445
N:21 Run:0 0.117248 0.15462 0.167996 0.178394 0.16929 0.168678 0.166135 0.167891 0.168812 0.166516 0.166464 0.166391 0.166956 0.170692 0.175574 0.177589 0.179994 0.181065 0.178917 0.176211 0.188785 1.120693e-01 0.473
N:21 Run:1 0.134141 0.166265 0.216359 0.256425 0.292346 0.289651 0.318815 0.333439 0.336883 0.352428 0.309932 0.306434 0.227983 0.197893 0.191208 0.186969 0.182681 0.184521 0.17827 0.178922 0.183735 1.120693e-01 0.473
N:21 Run:2 0.235657 0.198101 0.191544 0.203581 0.204302 0.245517 0.224204 0.230604 0.259146 0.24311 0.266213 0.24111 0.211796 0.212631 0.220179 0.223848 0.201753 0.191837 0.189119 0.184518 0.182862 1.120693e-01 0.473
N:21 Run:3 0.125065 0.163929 0.223239 0.285225 0.334354 0.392278 0.435097 0.401236 0.506281 0.420329 0.418233 0.414583 0.373734 0.484632 0.529763 0.410804 0.316874 0.305834 0.266743 0.258646 0.238152 1.120693e-01 0.473
N:21 Run:4 0.170636 0.181629 0.191049 0.20622 0.208151 0.219942 0.245558 0.37198 0.322076 0.313395 0.397925 0.354929 0.262635 0.218083 0.224865 0.21067 0.195782 0.193566 0.179478 0.185832 0.193767 1.120693e-01 0.473
N:21 Run:5 0.220463 0.189864 0.180989 0.178875 0.185795 0.186506 0.179043 0.180614 0.189348 0.185393 0.185088 0.181511 0.206023 0.206621 0.184532 0.185147 0.182572 0.177793 0.184469 0.183351 0.192837 1.120693e-01 0.473
N:21 Run:6 0.12401 0.173253 0.228517 0.213618 0.202275 0.199852 0.209688 0.218826 0.26806 0.26043 0.241674 0.245362 0.212042 0.207518 0.197459 0.192646 0.214815 0.19858 0.183259 0.178164 0.182167 1.120693e-01 0.473
N:21 Run:7 0.203727 0.188944 0.176597 0.16949 0.169068 0.167204 0.167373 0.16795 0.169666 0.171319 0.169739 0.168727 0.173178 0.178163 0.182877 0.176824 0.177082 0.186517 0.178428 0.181647 0.184285 1.120693e-01 0.473
N:21 Run:8 0.168382 0.17045 0.201923 0.223603 0.25172 0.297603 0.35952 0.358346 0.318719 0.279185 0.313566 0.314581 0.251256 0.210712 0.191324 0.181869 0.187358 0.195526 0.18969 0.188089 0.182116 1.120693e-01 0.473
N:21 Run:9 0.181313 0.183146 0.181235 0.18243 0.179593 0.175059 0.19125 0.189974 0.18286 0.187073 0.195623 0.202657 0.19706 0.191457 0.192945 0.196818 0.188277 0.186052 0.18783 0.192616 0.189545 1.120693e-01 0.473
N:22 Run:0 0.117248 0.15462 0.167996 0.178394 0.16929 0.168678 0.166135 0.167891 0.168812 0.166516 0.166464 0.166391 0.166956 0.170692 0.175574 0.177589 0.179994 0.181065 0.178917 0.176211 0.188785 1.100078e-01 0.423
N:22 Run:1 0.134141 0.166265 0.216359 0.256425 0.292346 0.289651 0.318815 0.333439 0.336883 0.352428 0.309932 0.306434 0.227983 0.197893 0.191208 0.186969 0.182681 0.184521 0.17827 0.178922 0.183735 1.100078e-01 0.423
N:22 Run:2 0.235657 0.198101 0.191544 0.203581 0.204302 0.245517 0.224204 0.230604 0.259146 0.24311 0.266213 0.24111 0.211796 0.212631 0.220179 0.223848 0.201753 0.191837 0.189119 0.184518 0.182862 1.100078e-01 0.423
N:22 Run:3 0.125065 0.163929 0.223239 0.285225 0.334354 0.392278 0.435097 0.401236 0.506281 0.420329 0.418233 0.414583 0.373734 0.484632 0.529763 0.410804 0.316874 0.305834 0.266743 0.258646 0.238152 1.100078e-01 0.423
N:22 Run:4 0.170636 0.181629 0.191049 0.20622 0.208151 0.219942 0.245558 0.37198 0.322076 0.313395 0.397925 0.354929 0.262635 0.218083 0.224865 0.21067 0.195782 0.193566 0.179478 0.185832 0.193767 1.100078e-01 0.423
N:22 Run:5 0.220463 0.189864 0.180989 0.178875 0.185795 0.186506 0.179043 0.180614 0.189348 0.185393 0.185088 0.181511 0.206023 0.206621 0.184532 0.185147 0.182572 0.177793 0.184469 0.183351 0.192837 1.100078e-01 0.423
N:22 Run:6 0.12401 0.173253 0.228517 0.213618 0.202275 0.199852 0.209688 0.218826 0.26806 0.26043 0.241674 0.245362 0.212042 0.207518 0.197459 0.192646 0.214815 0.19858 0.183259 0.178164 0.182167 1.100078e-01 0.423
N:22 Run:7 0.203727 0.188944 0.176597 0.16949 0.169068 0.167204 0.167373 0.16795 0.169666 0.171319 0.169739 0.168727 0.173178 0.178163 0.182877 0.176824 0.177082 0.186517 0.178428 0.181647 0.184285 1.100078e-01 0.423
N:22 Run:8 0.168382 0.17045 0.201923 0.223603 0.25172 0.297603 0.35952 0.358346 0.318719 0.279185 0.313566 0.314581 0.251256 0.210712 0.191324 0.181869 0.187358 0.195526 0.18969 0.188089 0.182116 1.100078e-01 0.423
N:22 Run:9 0.181313 0.183146 0.181235 0.18243 0.179593 0.175059 0.19125 0.189974 0.18286 0.187073 0.195623 0.202657 0.19706 0.191457 0.192945 0.196818 0.188277 0.186052 0.18783 0.192616 0.189545 1.100078e-01 0.423
N:23 Run:0 0.117248 0.15462 0.167996 0.178394 0.16929 0.168678 0.166135 0.167891 0.168812 0.166516 0.166464 0.166391 0.166956 0.170692 0.175574 0.177589 0.179994 0.181065 0.178917 0.176211 0.188785 8.336052e-02 0.414
N:23 Run:1 0.134141 0.166265 0.216359 0.256425 0.292346 0.289651 0.318815 0.333439 0.336883 0.352428 0.309932 0.306434 0.227983 0.197893 0.191208 0.186969 0.182681 0.184521 0.17827 0.178922 0.183735 8.336052e-02 0.414
N:23 Run:2 0.235657 0.198101 0.191544 0.203581 0.204302 0.245517 0.224204 0.230604 0.259146 0.24311 0.266213 0.24111 0.211796 0.212631 0.220179 0.223848 0.201753 0.191837 0.189119 0.184518 0.182862 8.336052e-02 0.414
N:23 Run:3 0.125065 0.163929 0.223239 0.285225 0.334354 0.392278 0.435097 0.401236 0.506281 0.420329 0.418233 0.414583 0.373734 0.484632 0.529763 0.410804 0.316874 0.305834 0.266743 0.258646 0.238152 8.336052e-02 0.414
N:23 Run:4 0.170636 0.181629 0.191049 0.20622 0.208151 0.219942 0.245558 0.37198 0.322076 0.313395 0.397925 0.354929 0.262635 0.218083 0.224865 0.21067 0.195782 0.193566 0.179478 0.185832 0.193767 8.336052e-02 0.414
N:23 Run:5 0.220463 0.189864 0.180989 0.178875 0.185795 0.186506 0.179043 0.180614 0.189348 0.185393 0.185088 0.181511 0.206023 0.206621 0.184532 0.185147 0.182572 0.177793 0.184469 0.183351 0.192837 8.336052e-02 0.414
N:23 Run:6 0.12401 0.173253 0.228517 0.213618 0.202275 0.199852 0.209688 0.218826 0.26806 0.26043 0.241674 0.245362 0.212042 0.207518 0.197459 0.192646 0.214815 0.19858 0.183259 0.178164 0.182167 8.336052e-02 0.414
N:23 Run:7 0.203727 0.188944 0.176597 0.16949 0.169068 0.167204 0.167373 0.16795 0.169666 0.171319 0.169739 0.168727 0.173178 0.178163 0.182877 0.176824 0.177082 0.186517 0.178428 0.181647 0.184285 8.336052e-02 0.414
N:23 Run:8 0.168382 0.17045 0.201923 0.223603 0.25172 0.297603 0.35952 0.358346 0.318719 0.279185 0.313566 0.314581 0.251256 0.210712 0.191324 0.181869 0.187358 0.195526 0.18969 0.188089 0.182116 8.336052e-02 0.414
N:23 Run:9 0.181313 0.183146 0.181235 0.18243 0.179593 0.175059 0.19125 0.189974 0.18286 0.187073 0.195623 0.202657 0.19706 0.191457 0.192945 0.196818 0.188277 0.186052 0.18783 0.192616 0.189545 8.336052e-02 0.414
N:24 Run:0 0.117248 0.15462 0.167996 0.178394 0.16929 0.168678 0.166135 0.167891 0.168812 0.166516 0.166464 0.166391 0.166956 0.170692 0.175574 0.177589 0.179994 0.181065 0.178917 0.176211 0.188785 1.152625e-01 0.468
N:24 Run:1 0.134141 0.166265 0.216359 0.256425 0.292346 0.289651 0.318815 0.333439 0.336883 0.352428 0.309932 0.306434 0.227983 0.197893 0.191208 0.186969 0.182681 0.184521 0.17827 0.178922 0.183735 1.152625e-01 0.468
N:24 Run:2 0.235657 0.198101 0.191544 0.203581 0.204302 0.245517 0.224204 0.230604 0.259146 0.24311 0.266213 0.24111 0.211796 0.212631 0.220179 0.223848 0.201753 0.191837 0.189119 0.184518 0.182862 1.152625e-01 0.468
N:24 Run:3 0.125065 0.163929 0.223239 0.285225 0.334354 0.392278 0.435097 0.401236 0.506281 0.420329 0.418233 0.414583 0.373734 0.484632 0.529763 0.410804 0.316874 0.305834 0.266743 0.258646 0.238152 1.152625e-01 0.468
N:24 Run:4 0.170636 0.181629 0.191049 0.20622 0.208151 0.219942 0.245558 0.37198 0.322076 0.313395 0.397925 0.354929 0.262635 0.218083 0.224865 0.21067 0.195782 0.193566 0.179478 0.185832 0.193767 1.152625e-01 0.468
N:24 Run:5 0.220463 0.189864 0.180989 0.178875 0.185795 0.186506 0.179043 0.180614 0.189348 0.185393 0.185088 0.181511 0.206023 0.206621 0.184532 0.185147 0.182572 0.177793 0.184469 0.183351 0.192837 1.152625e-01 0.468
N:24 Run:6 0.12401 0.173253 0.228517 0.213618 0.202275 0.199852 0.209688 0.218826 0.26806 0.26043 0.241674 0.245362 0.212042 0.207518 0.197459 0.192646 0.214815 0.19858 0.183259 0.178164 0.182167 1.152625e-01 0.468
N:24 Run:7 0.203727 0.188944 0.176597 0.16949 0.169068 0.167204 0.167373 0.16795 0.169666 0.171319 0.169739 0.168727 0.173178 0.178163 0.182877 0.176824 0.177082 0.186517 0.178428 0.181647 0.184285 1.152625e-01 0.468
N:24 Run:8 0.168382 0.17045 0.201923 0.223603 0.25172 0.297603 0.35952 0.358346 0.318719 0.279185 0.313566 0.314581 0.251256 0.210712 0.191324 0.181869 0.187358 0.195526 0.18969 0.188089 0.182116 1.152625e-01 0.468
N:24 Run:9 0.181313 0.183146 0.181235 0.18243 0.179593 0.175059 0.19125 0.189974 0.18286 0.187073 0.195623 0.202657 0.19706 0.191457 0.192945 0.196818 0.188277 0.186052 0.18783 0.192616 0.189545 1.152625e-01 0.468
N:25 Run:0 0.117248 0.15462 0.167996 0.178394 0.16929 0.168678 0.166135 0.167891 0.168812 0.166516 0.166464 0.166391 0.166956 0.170692 0.175574 0.177589 0.179994 0.181065 0.178917 0.176211 0.188785 1.018047e-01 0.580
N:25 Run:1 0.134141 0.166265 0.216359 0.256425 0.292346 0.289651 0.318815 0.333439 0.336883 0.352428 0.309932 0.306434 0.227983 0.197893 0.191208 0.186969 0.182681 0.184521 0.17827 0.178922 0.183735 1.018047e-01 0.580
N:25 Run:2 0.235657 0.198101 0.191544 0.203581 0.204302 0.245517 0.224204 0.230604 0.259146 0.24311 0.266213 0.24111 0.211796 0.212631 0.220179 0.223848 0.201753 0.191837 0.189119 0.184518 0.182862 1.018047e-01 0.580
N:25 Run:3 0.125065 0.163929 0.223239 0.285225 0.334354 0.392278 0.435097 0.401236 0.506281 0.420329 0.418233 0.414583 0.373734 0.484632 0.529763 0.410804 0.316874 0.305834 0.266743 0.258646 0.238152 1.018047e-01 0.580
N:25 Run:4 0.170636 0.181629 0.191049 0.20622 0.208151 0.219942 0.245558 0.37198 0.322076 0.313395 0.397925 0.354929 0.262635 0.218083 0.224865 0.21067 0.195782 0.193566 0.179478 0.185832 0.193767 1.018047e-01 0.580
N:25 Run:5 0.220463 0.189864 0.180989 0.178875 0.185795 0.186506 0.179043 0.180614 0.189348 0.185393 0.185088 0.181511 0.206023 0.206621 0.184532 0.185147 0.182572 0.177793 0.184469 0.183351 0.192837 1.018047e-01 0.580
N:25 Run:6 0.12401 0.173253 0.228517 0.213618 0.202275 0.199852 0.209688 0.218826 0.26806 0.26043 0.241674 0.245362 0.212042 0.207518 0.197459 0.192646 0.214815 0.19858 0.183259 0.178164 0.182167 1.018047e-01 0.580
N:25 Run:7 0.203727 0.188944 0.176597 0.16949 0.169068 0.167204 0.167373 0.16795 0.169666 0.171319 0.169739 0.168727 0.173178 0.178163 0.182877 0.176824 0.177082 0.186517 0.178428 0.181647 0.184285 1.018047e-01 0.580
N:25 Run:8 0.168382 0.17045 0.201923 0.223603 0.25172 0.297603 0.35952 0.358346 0.318719 0.279185 0.313566 0.314581 0.251256 0.210712 0.191324 0.181869 0.187358 0.195526 0.18969 0.188089 0.182116 1.018047e-01 0.580
N:25 Run:9 0.181313 0.183146 0.181235 0.18243 0.179593 0.175059 0.19125 0.189974 0.18286 0.187073 0.195623 0.202657 0.19706 0.191457 0.192945 0.196818 0.188277 0.186052 0.18783 0.192616 0.189545 1.018047e-01 0.580
N:26 Run:0 0.117248 0.15462 0.167996 0.178394 0.16929 0.168678 0.166135 0.167891 0.168812 0.166516 0.166464 0.166391 0.166956 0.170692 0.175574 0.177589 0.179994 0.181065 0.178917 0.176211 0.188785 8.212023e-02 0.504
N:26 Run:1 0.134141 0.166265 0.216359 0.256425 0.292346 0.289651 0.318815 0.333439 0.336883 0.352428 0.309932 0.306434 0.227983 0.197893 0.191208 0.186969 0.182681 0.184521 0.17827 0.178922 0.183735 8.212023e-02 0.504
N:26 Run:2 0.235657 0.198101 0.191544 0.203581 0.204302 0.245517 0.224204 0.230604 0.259146 0.24311 0.266213 0.24111 0.211796 0.212631 0.220179 0.223848 0.201753 0.191837 0.189119 0.184518 0.182862 8.212023e-02 0.504
N:26 Run:3 0.125065 0.163929 0.223239 0.285225 0.334354 0.392278 0.435097 0.401236 0.506281 0.420329 0.418233 0.414583 0.373734 0.484632 0.529763 0.410804 0.316874 0.305834 0.266743 0.258646 0.238152 8.212023e-02 0.504
N:26 Run:4 0.170636 0.181629 0.191049 0.20622 0.208151 0.219942 0.245558 0.37198 0.322076 0.313395 0.397925 0.354929 0.262635 0.218083 0.224865 0.21067 0.195782 0.193566 0.179478 0.185832 0.193767 8.212023e-02 0.504
N:26 Run:5 0.220463 0.189864 0.180989 0.178875 0.185795 0.186506 0.179043 0.180614 0.189348 0.185393 0.185088 0.181511 0.206023 0.206621 0.184532 0.185147 0.182572 0.177793 0.184469 0.183351 0.192837 8.212023e-02 0.504
N:26 Run:6 0.12401 0.173253 0.228517 0.213618 0.202275 0.199852 0.209688 0.218826 0.26806 0.26043 0.241674 0.245362 0.212042 0.207518 0.197459 0.192646 0.214815 0.19858 0.183259 0.178164 0.182167 8.212023e-02 0.504
N:26 Run:7 0.203727 0.188944 0.176597 0.16949 0.169068 0.167204 0.167373 0.16795 0.169666 0.171319 0.169739 0.168727 0.173178 0.178163 0.182877 0.176824 0.177082 0.186517 0.178428 0.181647 0.184285 8.212023e-02 0.504
N:26 Run:8 0.168382 0.17045 0.201923 0.223603 0.25172 0.297603 0.35952 0.358346 0.318719 0.279185 0.313566 0.314581 0.251256 0.210712 0.191324 0.181869 0.187358 0.195526 0.18969 0.188089 0.182116 8.212023e-02 0.504
N:26 Run:9 0.181313 0.183146 0.181235 0.18243 0.179593 0.175059 0.19125 0.189974 0.18286 0.187073 0.195623 0.202657 0.19706 0.191457 0.192945 0.196818 0.188277 0.186052 0.18783 0.192616 0.189545 8.212023e-02 0.504
N:27 Run:0 0.117248 0.15462 0.167996 0.178394 0.16929 0.168678 0.166135 0.167891 0.168812 0.166516 0.166464 0.166391 0.166956 0.170692 0.175574 0.177589 0.179994 0.181065 0.178917 0.176211 0.188785 1.087837e-01 0.497
N:27 Run:1 0.134141 0.166265 0.216359 0.256425 0.292346 0.289651 0.318815 0.333439 0.336883 0.352428 0.309932 0.306434 0.227983 0.197893 0.191208 0.186969 0.182681 0.184521 0.17827 0.178922 0.183735 1.087837e-01 0.497
N:27 Run:2 0.235657 0.198101 0.191544 0.203581 0.204302 0.245517 0.224204 0.230604 0.259146 0.24311 0.266213 0.24111 0.211796 0.212631 0.220179 0.223848 0.201753 0.191837 0.189119 0.184518 0.182862 1.087837e-01 0.497
N:27 Run:3 0.125065 0.163929 0.223239 0.285225 0.334354 0.392278 0.435097 0.401236 0.506281 0.420329 0.418233 0.414583 0.373734 0.484632 0.529763 0.410804 0.316874 0.305834 0.266743 0.258646 0.238152 1.087837e-01 0.497
N:27 Run:4 0.170636 0.181629 0.191049 0.20622 0.208151 0.219942 0.245558 0.37198 0.322076 0.313395 0.397925 0.354929 0.262635 0.218083 0.224865 0.21067 0.195782 0.193566 0.179478 0.185832 0.193767 1.087837e-01 0.497
N:27 Run:5 0.220463 0.189864 0.180989 0.178875 0.185795 0.186506 0.179043 0.180614 0.189348 0.185393 0.185088 0.181511 0.206023 0.206621 0.184532 0.185147 0.182572 0.177793 0.184469 0.183351 0.192837 1.087837e-01 0.497
N:27 Run:6 0.12401 0.173253 0.228517 0.213618 0.202275 0.199852 0.209688 0.218826 0.26806 0.26043 0.241674 0.245362 0.212042 0.207518 0.197459 0.192646 0.214815 0.19858 0.183259 0.178164 0.182167 1.087837e-01 0.497
N:27 Run:7 0.203727 0.188944 0.176597 0.16949 0.169068 0.167204 0.167373 0.16795 0.169666 0.171319 0.169739 0.168727 0.173178 0.178163 0.182877 0.176824 0.177082 0.186517 0.178428 0.181647 0.184285 1.087837e-01 0.497
N:27 Run:8 0.168382 0.17045 0.201923 0.223603 0.25172 0.297603 0.35952 0.358346 0.318719 0.279185 0.313566 0.314581 0.251256 0.210712 0.191324 0.181869 0.187358 0.195526 0.18969 0.188089 0.182116 1.087837e-01 0.497
N:27 Run:9 0.181313 0.183146 0.181235 0.18243 0.179593 0.175059 0.19125 0.189974 0.18286 0.187073 0.195623 0.202657 0.19706 0.191457 0.192945 0.196818 0.188277 0.186052 0.18783 0.192616 0.189545 1.087837e-01 0.497
N:28 Run:0 0.117248 0.15462 0.167996 0.178394 0.16929 0.168678 0.166135 0.167891 0.168812 0.166516 0.166464 0.166391 0.166956 0.170692 0.175574 0.177589 0.179994 0.181065 0.178917 0.176211 0.188785 1.017566e-01 0.448
N:28 Run:1 0.134141 0.166265 0.216359 0.256425 0.292346 0.289651 0.318815 0.333439 0.336883 0.352428 0.309932 0.306434 0.227983 0.197893 0.191208 0.186969 0.182681 0.184521 0.17827 0.178922 0.183735 1.017566e-01 0.448
N:28 Run:2 0.235657 0.198101 0.191544 0.203581 0.204302 0.245517 0.224204 0.230604 0.259146 0.24311 0.266213 0.24111 0.211796 0.212631 0.220179 0.223848 0.201753 0.191837 0.189119 0.184518 0.182862 1.017566e-01 0.448
N:28 Run:3 0.125065 0.163929 0.223239 0.285225 0.334354 0.392278 0.435097 0.401236 0.506281 0.420329 0.418233 0.414583 0.373734 0.484632 0.529763 0.410804 0.316874 0.305834 0.266743 0.258646 0.238152 1.017566e-01 0.448
N:28 Run:4 0.170636 0.181629 0.191049 0.20622 0.208151 0.219942 0.245558 0.37198 0.322076 0.313395 0.397925 0.354929 0.262635 0.218083 0.224865 0.21067 0.195782 0.193566 0.179478 0.185832 0.193767 1.017566e-01 0.448
N:28 Run:5 0.220463 0.189864 0.180989 0.178875 0.185795 0.186506 0.179043 0.180614 0.189348 0.185393 0.185088 0.181511 0.206023 0.206621 0.184532 0.185147 0.182572 0.177793 0.184469 0.183351 0.192837 1.017566e-01 0.448
N:28 Run:6 0.12401 0.173253 0.228517 0.213618 0.202275 0.199852 0.209688 0.218826 0.26806 0.26043 0.241674 0.245362 0.212042 0.207518 0.197459 0.192646 0.214815 0.19858 0.183259 0.178164 0.182167 1.017566e-01 0.448
N:28 Run:7 0.203727 0.188944 0.176597 0.16949 0.169068 0.167204 0.167373 0.16795 0.169666 0.171319 0.169739 0.168727 0.173178 0.178163 0.182877 0.176824 0.177082 0.186517 0.178428 0.181647 0.184285 1.017566e-01 0.448
N:28 Run:8 0.168382 0.17045 0.201923 0.223603 0.25172 0.297603 0.35952 0.358346 0.318719 0.279185 0.313566 0.314581 0.251256 0.210712 0.191324 0.181869 0.187358 0.195526 0.18969 0.188089 0.182116 1.017566e-01 0.448
N:28 Run:9 0.181313 0.183146 0.181235 0.18243 0.179593 0.175059 0.19125 0.189974 0.18286 0.187073 0.195623 0.202657 0.19706 0.191457 0.192945 0.196818 0.188277 0.186052 0.18783 0.192616 0.189545 1.017566e-01 0.448
N:29 Run:0 0.117248 0.15462 0.167996 0.178394 0.16929 0.168678 0.166135 0.167891 0.168812 0.166516 0.166464 0.166391 0.166956 0.170692 0.175574 0.177589 0.179994 0.181065 0.178917 0.176211 0.188785 1.134579e-01 0.466
N:29 Run:1 0.134141 0.166265 0.216359 0.256425 0.292346 0.289651 0.318815 0.333439 0.336883 0.352428 0.309932 0.306434 0.227983 0.197893 0.191208 0.186969 0.182681 0.184521 0.17827 0.178922 0.183735 1.134579e-01 0.466
N:29 Run:2 0.235657 0.198101 0.191544 0.203581 0.204302 0.245517 0.224204 0.230604 0.259146 0.24311 0.266213 0.24111 0.211796 0.212631 0.220179 0.223848 0.201753 0.191837 0.189119 0.184518 0.182862 1.134579e-01 0.466
N:29 Run:3 0.125065 0.163929 0.223239 0.285225 0.334354 0.392278 0.435097 0.401236 0.506281 0.420329 0.418233 0.414583 0.373734 0.484632 0.529763 0.410804 0.316874 0.305834 0.266743 0.258646 0.238152 1.134579e-01 0.466
N:29 Run:4 0.170636 0.181629 0.191049 0.20622 0.208151 0.219942 0.245558 0.37198 0.322076 0.313395 0.397925 0.354929 0.262635 0.218083 0.224865 0.21067 0.195782 0.193566 0.179478 0.185832 0.193767 1.134579e-01 0.466
N:29 Run:5 0.220463 0.189864 0.180989 0.178875 0.185795 0.186506 0.179043 0.180614 0.189348 0.185393 0.185088 0.181511 0.206023 0.206621 0.184532 0.185147 0.182572 0.177793 0.184469 0.183351 0.192837 1.134579e-01 0.466
N:29 Run:6 0.12401 0.173253 0.228517 0.213618 0.202275 0.199852 0.209688 0.218826 0.26806 0.26043 0.241674 0.245362 0.212042 0.207518 0.197459 0.192646 0.214815 0.19858 0.183259 0.178164 0.182167 1.134579e-01 0.466
N:29 Run:7 0.203727 0.188944 0.176597 0.16949 0.169068 0.167204 0.167373 0.16795 0.169666 0.171319 0.169739 0.168727 0.173178 0.178163 0.182877 0.176824 0.177082 0.186517 0.178428 0.181647 0.184285 1.134579e-01 0.466
N:29 Run:8 0.168382 0.17045 0.201923 0.223603 0.25172 0.297603 0.35952 0.358346 0.318719 0.279185 0.313566 0.314581 0.251256 0.210712 0.191324 0.181869 0.187358 0.195526 0.18969 0.188089 0.182116 1.134579e-01 0.466
N:29 Run:9 0.181313 0.183146 0.181235 0.18243 0.179593 0.175059 0.19125 0.189974 0.18286 0.187073 0.195623 0.202657 0.19706 0.191457 0.192945 0.196818 0.188277 0.186052 0.18783 0.192616 0.189545 1.134579e-01 0.466
