Seed:1578641066
N:0 Run:0 0.705194 0.67068 0.629988 0.639638 0.612981 0.603129 0.574985 0.554403 0.516178 0.536432 0.501849 0.508408 0.485998 0.477427 0.496024 0.562993 0.572268 0.621473 0.632309 0.622627 0.626736 7.697991e-02 0.758
N:0 Run:1 0.676909 0.653435 0.638749 0.634718 0.635541 0.612433 0.614618 0.633143 0.634176 0.642498 0.651931 0.659282 0.662708 0.65915 0.650681 0.654388 0.637941 0.644651 0.627767 0.63914 0.620612 7.697991e-02 0.758
N:0 Run:2 0.652812 0.629991 0.649414 0.656853 0.657029 0.662702 0.660717 0.66434 0.664993 0.659842 0.664256 0.660895 0.645518 0.630934 0.634992 0.638419 0.648942 0.639876 0.625283 0.621843 0.632402 7.697991e-02 0.758
N:0 Run:3 0.648089 0.644313 0.632318 0.637834 0.627379 0.626336 0.626386 0.631744 0.626574 0.621012 0.630183 0.630476 0.639105 0.647278 0.648247 0.655547 0.648643 0.649287 0.635198 0.633268 0.632836 7.697991e-02 0.758
N:0 Run:4 0.75295 0.668461 0.624359 0.546729 0.587631 0.574413 0.52358 0.523323 0.51547 0.461656 0.554789 0.587305 0.542922 0.555027 0.60186 0.622367 0.636066 0.644355 0.640376 0.646808 0.643087 7.697991e-02 0.758
N:0 Run:5 0.517283 0.596337 0.603567 0.603853 0.604175 0.620523 0.622478 0.613123 0.596308 0.582195 0.603761 0.608521 0.633751 0.636231 0.635019 0.634162 0.623997 0.632179 0.644831 0.634429 0.637996 7.697991e-02 0.758
N:0 Run:6 0.627821 0.618523 0.620307 0.616434 0.628117 0.630507 0.63717 0.640118 0.646477 0.639916 0.63794 0.651461 0.638747 0.648976 0.646471 0.633601 0.632865 0.623968 0.631533 0.640237 0.612852 7.697991e-02 0.758
N:0 Run:7 0.570994 0.617221 0.587567 0.592501 0.567608 0.518332 0.481165 0.492612 0.466184 0.393537 0.414256 0.398693 0.435434 0.476157 0.492774 0.552074 0.575135 0.607035 0.615895 0.613188 0.619549 7.697991e-02 0.758
N:0 Run:8 0.561288 0.600945 0.559572 0.484509 0.452709 0.428772 0.414545 0.421362 0.455617 0.440333 0.415386 0.387992 0.529391 0.603308 0.62555 0.643589 0.644702 0.647997 0.636517 0.607794 0.626479 7.697991e-02 0.758
N:0 Run:9 0.664733 0.633113 0.64304 0.64784 0.638712 0.629273 0.588695 0.594608 0.473146 0.487842 0.456938 0.525202 0.495988 0.520053 0.561108 0.597387 0.598247 0.634918 0.633285 0.634678 0.646246 7.697991e-02 0.758
N:1 Run:0 0.705194 0.67068 0.629988 0.639638 0.612981 0.603129 0.574985 0.554403 0.516178 0.536432 0.501849 0.508408 0.485998 0.477427 0.496024 0.562993 0.572268 0.621473 0.632309 0.622627 0.626736 8.005661e-02 0.753
N:1 Run:1 0.676909 0.653435 0.638749 0.634718 0.635541 0.612433 0.614618 0.633143 0.634176 0.642498 0.651931 0.659282 0.662708 0.65915 0.650681 0.654388 0.637941 0.644651 0.627767 0.63914 0.620612 8.005661e-02 0.753
N:1 Run:2 0.652812 0.629991 0.649414 0.656853 0.657029 0.662702 0.660717 0.66434 0.664993 0.659842 0.664256 0.660895 0.645518 0.630934 0.634992 0.638419 0.648942 0.639876 0.625283 0.621843 0.632402 8.005661e-02 0.753
N:1 Run:3 0.648089 0.644313 0.632318 0.637834 0.627379 0.626336 0.626386 0.631744 0.626574 0.621012 0.630183 0.630476 0.639105 0.647278 0.648247 0.655547 0.648643 0.649287 0.635198 0.633268 0.632836 8.005661e-02 0.753
N:1 Run:4 0.75295 0.668461 0.624359 0.546729 0.587631 0.574413 0.52358 0.523323 0.51547 0.461656 0.554789 0.587305 0.542922 0.555027 0.60186 0.622367 0.636066 0.644355 0.640376 0.646808 0.643087 8.005661e-02 0.753
N:1 Run:5 0.517283 0.596337 0.603567 0.603853 0.604175 0.620523 0.622478 0.613123 0.596308 0.582195 0.603761 0.608521 0.633751 0.636231 0.635019 0.634162 0.623997 0.632179 0.644831 0.634429 0.637996 8.005661e-02 0.753
N:1 Run:6 0.627821 0.618523 0.620307 0.616434 0.628117 0.630507 0.63717 0.640118 0.646477 0.639916 0.63794 0.651461 0.638747 0.648976 0.646471 0.633601 0.632865 0.623968 0.631533 0.640237 0.612852 8.005661e-02 0.753
N:1 Run:7 0.570994 0.617221 0.587567 0.592501 0.567608 0.518332 0.481165 0.492612 0.466184 0.393537 0.414256 0.398693 0.435434 0.476157 0.492774 0.552074 0.575135 0.607035 0.615895 0.613188 0.619549 8.005661e-02 0.753
N:1 Run:8 0.561288 0.600945 0.559572 0.484509 0.452709 0.428772 0.414545 0.421362 0.455617 0.440333 0.415386 0.387992 0.529391 0.603308 0.62555 0.643589 0.644702 0.647997 0.636517 0.607794 0.626479 8.005661e-02 0.753
N:1 Run:9 0.664733 0.633113 0.64304 0.64784 0.638712 0.629273 0.588695 0.594608 0.473146 0.487842 0.456938 0.525202 0.495988 0.520053 0.561108 0.597387 0.598247 0.634918 0.633285 0.634678 0.646246 8.005661e-02 0.753
N:2 Run:0 0.705194 0.67068 0.629988 0.639638 0.612981 0.603129 0.574985 0.554403 0.516178 0.536432 0.501849 0.508408 0.485998 0.477427 0.496024 0.562993 0.572268 0.621473 0.632309 0.622627 0.626736 7.973173e-02 0.757
N:2 Run:1 0.676909 0.653435 0.638749 0.634718 0.635541 0.612433 0.614618 0.633143 0.634176 0.642498 0.651931 0.659282 0.662708 0.65915 0.650681 0.654388 0.637941 0.644651 0.627767 0.63914 0.620612 7.973173e-02 0.757
N:2 Run:2 0.652812 0.629991 0.649414 0.656853 0.657029 0.662702 0.660717 0.66434 0.664993 0.659842 0.664256 0.660895 0.645518 0.630934 0.634992 0.638419 0.648942 0.639876 0.625283 0.621843 0.632402 7.973173e-02 0.757
N:2 Run:3 0.648089 0.644313 0.632318 0.637834 0.627379 0.626336 0.626386 0.631744 0.626574 0.621012 0.630183 0.630476 0.639105 0.647278 0.648247 0.655547 0.648643 0.649287 0.635198 0.633268 0.632836 7.973173e-02 0.757
N:2 Run:4 0.75295 0.668461 0.624359 0.546729 0.587631 0.574413 0.52358 0.523323 0.51547 0.461656 0.554789 0.587305 0.542922 0.555027 0.60186 0.622367 0.636066 0.644355 0.640376 0.646808 0.643087 7.973173e-02 0.757
N:2 Run:5 0.517283 0.596337 0.603567 0.603853 0.604175 0.620523 0.622478 0.613123 0.596308 0.582195 0.603761 0.608521 0.633751 0.636231 0.635019 0.634162 0.623997 0.632179 0.644831 0.634429 0.637996 7.973173e-02 0.757
N:2 Run:6 0.627821 0.618523 0.620307 0.616434 0.628117 0.630507 0.63717 0.640118 0.646477 0.639916 0.63794 0.651461 0.638747 0.648976 0.646471 0.633601 0.632865 0.623968 0.631533 0.640237 0.612852 7.973173e-02 0.757
N:2 Run:7 0.570994 0.617221 0.587567 0.592501 0.567608 0.518332 0.481165 0.492612 0.466184 0.393537 0.414256 0.398693 0.435434 0.476157 0.492774 0.552074 0.575135 0.607035 0.615895 0.613188 0.619549 7.973173e-02 0.757
N:2 Run:8 0.561288 0.600945 0.559572 0.484509 0.452709 0.428772 0.414545 0.421362 0.455617 0.440333 0.415386 0.387992 0.529391 0.603308 0.62555 0.643589 0.644702 0.647997 0.636517 0.607794 0.626479 7.973173e-02 0.757
N:2 Run:9 0.664733 0.633113 0.64304 0.64784 0.638712 0.629273 0.588695 0.594608 0.473146 0.487842 0.456938 0.525202 0.495988 0.520053 0.561108 0.597387 0.598247 0.634918 0.633285 0.634678 0.646246 7.973173e-02 0.757
N:3 Run:0 0.705194 0.67068 0.629988 0.639638 0.612981 0.603129 0.574985 0.554403 0.516178 0.536432 0.501849 0.508408 0.485998 0.477427 0.496024 0.562993 0.572268 0.621473 0.632309 0.622627 0.626736 7.782444e-02 0.756
N:3 Run:1 0.676909 0.653435 0.638749 0.634718 0.635541 0.612433 0.614618 0.633143 0.634176 0.642498 0.651931 0.659282 0.662708 0.65915 0.650681 0.654388 0.637941 0.644651 0.627767 0.63914 0.620612 7.782444e-02 0.756
N:3 Run:2 0.652812 0.629991 0.649414 0.656853 0.657029 0.662702 0.660717 0.66434 0.664993 0.659842 0.664256 0.660895 0.645518 0.630934 0.634992 0.638419 0.648942 0.639876 0.625283 0.621843 0.632402 7.782444e-02 0.756
N:3 Run:3 0.648089 0.644313 0.632318 0.637834 0.627379 0.626336 0.626386 0.631744 0.626574 0.621012 0.630183 0.630476 0.639105 0.647278 0.648247 0.655547 0.648643 0.649287 0.635198 0.633268 0.632836 7.782444e-02 0.756
N:3 Run:4 0.75295 0.668461 0.624359 0.546729 0.587631 0.574413 0.52358 0.523323 0.51547 0.461656 0.554789 0.587305 0.542922 0.555027 0.60186 0.622367 0.636066 0.644355 0.640376 0.646808 0.643087 7.782444e-02 0.756
N:3 Run:5 0.517283 0.596337 0.603567 0.603853 0.604175 0.620523 0.622478 0.613123 0.596308 0.582195 0.603761 0.608521 0.633751 0.636231 0.635019 0.634162 0.623997 0.632179 0.644831 0.634429 0.637996 7.782444e-02 0.756
N:3 Run:6 0.627821 0.618523 0.620307 0.616434 0.628117 0.630507 0.63717 0.640118 0.646477 0.639916 0.63794 0.651461 0.638747 0.648976 0.646471 0.633601 0.632865 0.623968 0.631533 0.640237 0.612852 7.782444e-02 0.756
N:3 Run:7 0.570994 0.617221 0.587567 0.592501 0.567608 0.518332 0.481165 0.492612 0.466184 0.393537 0.414256 0.398693 0.435434 0.476157 0.492774 0.552074 0.575135 0.607035 0.615895 0.613188 0.619549 7.782444e-02 0.756
N:3 Run:8 0.561288 0.600945 0.559572 0.484509 0.452709 0.428772 0.414545 0.421362 0.455617 0.440333 0.415386 0.387992 0.529391 0.603308 0.62555 0.643589 0.644702 0.647997 0.636517 0.607794 0.626479 7.782444e-02 0.756
N:3 Run:9 0.664733 0.633113 0.64304 0.64784 0.638712 0.629273 0.588695 0.594608 0.473146 0.487842 0.456938 0.525202 0.495988 0.520053 0.561108 0.597387 0.598247 0.634918 0.633285 0.634678 0.646246 7.782444e-02 0.756
N:4 Run:0 0.705194 0.67068 0.629988 0.639638 0.612981 0.603129 0.574985 0.554403 0.516178 0.536432 0.501849 0.508408 0.485998 0.477427 0.496024 0.562993 0.572268 0.621473 0.632309 0.622627 0.626736 7.937814e-02 0.755
N:4 Run:1 0.676909 0.653435 0.638749 0.634718 0.635541 0.612433 0.614618 0.633143 0.634176 0.642498 0.651931 0.659282 0.662708 0.65915 0.650681 0.654388 0.637941 0.644651 0.627767 0.63914 0.620612 7.937814e-02 0.755
N:4 Run:2 0.652812 0.629991 0.649414 0.656853 0.657029 0.662702 0.660717 0.66434 0.664993 0.659842 0.664256 0.660895 0.645518 0.630934 0.634992 0.638419 0.648942 0.639876 0.625283 0.621843 0.632402 7.937814e-02 0.755
N:4 Run:3 0.648089 0.644313 0.632318 0.637834 0.627379 0.626336 0.626386 0.631744 0.626574 0.621012 0.630183 0.630476 0.639105 0.647278 0.648247 0.655547 0.648643 0.649287 0.635198 0.633268 0.632836 7.937814e-02 0.755
N:4 Run:4 0.75295 0.668461 0.624359 0.546729 0.587631 0.574413 0.52358 0.523323 0.51547 0.461656 0.554789 0.587305 0.542922 0.555027 0.60186 0.622367 0.636066 0.644355 0.640376 0.646808 0.643087 7.937814e-02 0.755
N:4 Run:5 0.517283 0.596337 0.603567 0.603853 0.604175 0.620523 0.622478 0.613123 0.596308 0.582195 0.603761 0.608521 0.633751 0.636231 0.635019 0.634162 0.623997 0.632179 0.644831 0.634429 0.637996 7.937814e-02 0.755
N:4 Run:6 0.627821 0.618523 0.620307 0.616434 0.628117 0.630507 0.63717 0.640118 0.646477 0.639916 0.63794 0.651461 0.638747 0.648976 0.646471 0.633601 0.632865 0.623968 0.631533 0.640237 0.612852 7.937814e-02 0.755
N:4 Run:7 0.570994 0.617221 0.587567 0.592501 0.567608 0.518332 0.481165 0.492612 0.466184 0.393537 0.414256 0.398693 0.435434 0.476157 0.492774 0.552074 0.575135 0.607035 0.615895 0.613188 0.619549 7.937814e-02 0.755
N:4 Run:8 0.561288 0.600945 0.559572 0.484509 0.452709 0.428772 0.414545 0.421362 0.455617 0.440333 0.415386 0.387992 0.529391 0.603308 0.62555 0.643589 0.644702 0.647997 0.636517 0.607794 0.626479 7.937814e-02 0.755
N:4 Run:9 0.664733 0.633113 0.64304 0.64784 0.638712 0.629273 0.588695 0.594608 0.473146 0.487842 0.456938 0.525202 0.495988 0.520053 0.561108 0.597387 0.598247 0.634918 0.633285 0.634678 0.646246 7.937814e-02 0.755
N:5 Run:0 0.705194 0.67068 0.629988 0.639638 0.612981 0.603129 0.574985 0.554403 0.516178 0.536432 0.501849 0.508408 0.485998 0.477427 0.496024 0.562993 0.572268 0.621473 0.632309 0.622627 0.626736 8.090297e-02 0.757
N:5 Run:1 0.676909 0.653435 0.638749 0.634718 0.635541 0.612433 0.614618 0.633143 0.634176 0.642498 0.651931 0.659282 0.662708 0.65915 0.650681 0.654388 0.637941 0.644651 0.627767 0.63914 0.620612 8.090297e-02 0.757
N:5 Run:2 0.652812 0.629991 0.649414 0.656853 0.657029 0.662702 0.660717 0.66434 0.664993 0.659842 0.664256 0.660895 0.645518 0.630934 0.634992 0.638419 0.648942 0.639876 0.625283 0.621843 0.632402 8.090297e-02 0.757
N:5 Run:3 0.648089 0.644313 0.632318 0.637834 0.627379 0.626336 0.626386 0.631744 0.626574 0.621012 0.630183 0.630476 0.639105 0.647278 0.648247 0.655547 0.648643 0.649287 0.635198 0.633268 0.632836 8.090297e-02 0.757
N:5 Run:4 0.75295 0.668461 0.624359 0.546729 0.587631 0.574413 0.52358 0.523323 0.51547 0.461656 0.554789 0.587305 0.542922 0.555027 0.60186 0.622367 0.636066 0.644355 0.640376 0.646808 0.643087 8.090297e-02 0.757
N:5 Run:5 0.517283 0.596337 0.603567 0.603853 0.604175 0.620523 0.622478 0.613123 0.596308 0.582195 0.603761 0.608521 0.633751 0.636231 0.635019 0.634162 0.623997 0.632179 0.644831 0.634429 0.637996 8.090297e-02 0.757
N:5 Run:6 0.627821 0.618523 0.620307 0.616434 0.628117 0.630507 0.63717 0.640118 0.646477 0.639916 0.63794 0.651461 0.638747 0.648976 0.646471 0.633601 0.632865 0.623968 0.631533 0.640237 0.612852 8.090297e-02 0.757
N:5 Run:7 0.570994 0.617221 0.587567 0.592501 0.567608 0.518332 0.481165 0.492612 0.466184 0.393537 0.414256 0.398693 0.435434 0.476157 0.492774 0.552074 0.575135 0.607035 0.615895 0.613188 0.619549 8.090297e-02 0.757
N:5 Run:8 0.561288 0.600945 0.559572 0.484509 0.452709 0.428772 0.414545 0.421362 0.455617 0.440333 0.415386 0.387992 0.529391 0.603308 0.62555 0.643589 0.644702 0.647997 0.636517 0.607794 0.626479 8.090297e-02 0.757
N:5 Run:9 0.664733 0.633113 0.64304 0.64784 0.638712 0.629273 0.588695 0.594608 0.473146 0.487842 0.456938 0.525202 0.495988 0.520053 0.561108 0.597387 0.598247 0.634918 0.633285 0.634678 0.646246 8.090297e-02 0.757
N:6 Run:0 0.705194 0.67068 0.629988 0.639638 0.612981 0.603129 0.574985 0.554403 0.516178 0.536432 0.501849 0.508408 0.485998 0.477427 0.496024 0.562993 0.572268 0.621473 0.632309 0.622627 0.626736 8.130946e-02 0.755
N:6 Run:1 0.676909 0.653435 0.638749 0.634718 0.635541 0.612433 0.614618 0.633143 0.634176 0.642498 0.651931 0.659282 0.662708 0.65915 0.650681 0.654388 0.637941 0.644651 0.627767 0.63914 0.620612 8.130946e-02 0.755
N:6 Run:2 0.652812 0.629991 0.649414 0.656853 0.657029 0.662702 0.660717 0.66434 0.664993 0.659842 0.664256 0.660895 0.645518 0.630934 0.634992 0.638419 0.648942 0.639876 0.625283 0.621843 0.632402 8.130946e-02 0.755
N:6 Run:3 0.648089 0.644313 0.632318 0.637834 0.627379 0.626336 0.626386 0.631744 0.626574 0.621012 0.630183 0.630476 0.639105 0.647278 0.648247 0.655547 0.648643 0.649287 0.635198 0.633268 0.632836 8.130946e-02 0.755
N:6 Run:4 0.75295 0.668461 0.624359 0.546729 0.587631 0.574413 0.52358 0.523323 0.51547 0.461656 0.554789 0.587305 0.542922 0.555027 0.60186 0.622367 0.636066 0.644355 0.640376 0.646808 0.643087 8.130946e-02 0.755
N:6 Run:5 0.517283 0.596337 0.603567 0.603853 0.604175 0.620523 0.622478 0.613123 0.596308 0.582195 0.603761 0.608521 0.633751 0.636231 0.635019 0.634162 0.623997 0.632179 0.644831 0.634429 0.637996 8.130946e-02 0.755
N:6 Run:6 0.627821 0.618523 0.620307 0.616434 0.628117 0.630507 0.63717 0.640118 0.646477 0.639916 0.63794 0.651461 0.638747 0.648976 0.646471 0.633601 0.632865 0.623968 0.631533 0.640237 0.612852 8.130946e-02 0.755
N:6 Run:7 0.570994 0.617221 0.587567 0.592501 0.567608 0.518332 0.481165 0.492612 0.466184 0.393537 0.414256 0.398693 0.435434 0.476157 0.492774 0.552074 0.575135 0.607035 0.615895 0.613188 0.619549 8.130946e-02 0.755
N:6 Run:8 0.561288 0.600945 0.559572 0.484509 0.452709 0.428772 0.414545 0.421362 0.455617 0.440333 0.415386 0.387992 0.529391 0.603308 0.62555 0.643589 0.644702 0.647997 0.636517 0.607794 0.626479 8.130946e-02 0.755
N:6 Run:9 0.664733 0.633113 0.64304 0.64784 0.638712 0.629273 0.588695 0.594608 0.473146 0.487842 0.456938 0.525202 0.495988 0.520053 0.561108 0.597387 0.598247 0.634918 0.633285 0.634678 0.646246 8.130946e-02 0.755
N:7 Run:0 0.705194 0.67068 0.629988 0.639638 0.612981 0.603129 0.574985 0.554403 0.516178 0.536432 0.501849 0.508408 0.485998 0.477427 0.496024 0.562993 0.572268 0.621473 0.632309 0.622627 0.626736 8.001676e-02 0.758
N:7 Run:1 0.676909 0.653435 0.638749 0.634718 0.635541 0.612433 0.614618 0.633143 0.634176 0.642498 0.651931 0.659282 0.662708 0.65915 0.650681 0.654388 0.637941 0.644651 0.627767 0.63914 0.620612 8.001676e-02 0.758
N:7 Run:2 0.652812 0.629991 0.649414 0.656853 0.657029 0.662702 0.660717 0.66434 0.664993 0.659842 0.664256 0.660895 0.645518 0.630934 0.634992 0.638419 0.648942 0.639876 0.625283 0.621843 0.632402 8.001676e-02 0.758
N:7 Run:3 0.648089 0.644313 0.632318 0.637834 0.627379 0.626336 0.626386 0.631744 0.626574 0.621012 0.630183 0.630476 0.639105 0.647278 0.648247 0.655547 0.648643 0.649287 0.635198 0.633268 0.632836 8.001676e-02 0.758
N:7 Run:4 0.75295 0.668461 0.624359 0.546729 0.587631 0.574413 0.52358 0.523323 0.51547 0.461656 0.554789 0.587305 0.542922 0.555027 0.60186 0.622367 0.636066 0.644355 0.640376 0.646808 0.643087 8.001676e-02 0.758
N:7 Run:5 0.517283 0.596337 0.603567 0.603853 0.604175 0.620523 0.622478 0.613123 0.596308 0.582195 0.603761 0.608521 0.633751 0.636231 0.635019 0.634162 0.623997 0.632179 0.644831 0.634429 0.637996 8.001676e-02 0.758
N:7 Run:6 0.627821 0.618523 0.620307 0.616434 0.628117 0.630507 0.63717 0.640118 0.646477 0.639916 0.63794 0.651461 0.638747 0.648976 0.646471 0.633601 0.632865 0.623968 0.631533 0.640237 0.612852 8.001676e-02 0.758
N:7 Run:7 0.570994 0.617221 0.587567 0.592501 0.567608 0.518332 0.481165 0.492612 0.466184 0.393537 0.414256 0.398693 0.435434 0.476157 0.492774 0.552074 0.575135 0.607035 0.615895 0.613188 0.619549 8.001676e-02 0.758
N:7 Run:8 0.561288 0.600945 0.559572 0.484509 0.452709 0.428772 0.414545 0.421362 0.455617 0.440333 0.415386 0.387992 0.529391 0.603308 0.62555 0.643589 0.644702 0.647997 0.636517 0.607794 0.626479 8.001676e-02 0.758
N:7 Run:9 0.664733 0.633113 0.64304 0.64784 0.638712 0.629273 0.588695 0.594608 0.473146 0.487842 0.456938 0.525202 0.495988 0.520053 0.561108 0.597387 0.598247 0.634918 0.633285 0.634678 0.646246 8.001676e-02 0.758
N:8 Run:0 0.705194 0.67068 0.629988 0.639638 0.612981 0.603129 0.574985 0.554403 0.516178 0.536432 0.501849 0.508408 0.485998 0.477427 0.496024 0.562993 0.572268 0.621473 0.632309 0.622627 0.626736 7.977052e-02 0.754
N:8 Run:1 0.676909 0.653435 0.638749 0.634718 0.635541 0.612433 0.614618 0.633143 0.634176 0.642498 0.651931 0.659282 0.662708 0.65915 0.650681 0.654388 0.637941 0.644651 0.627767 0.63914 0.620612 7.977052e-02 0.754
N:8 Run:2 0.652812 0.629991 0.649414 0.656853 0.657029 0.662702 0.660717 0.66434 0.664993 0.659842 0.664256 0.660895 0.645518 0.630934 0.634992 0.638419 0.648942 0.639876 0.625283 0.621843 0.632402 7.977052e-02 0.754
N:8 Run:3 0.648089 0.644313 0.632318 0.637834 0.627379 0.626336 0.626386 0.631744 0.626574 0.621012 0.630183 0.630476 0.639105 0.647278 0.648247 0.655547 0.648643 0.649287 0.635198 0.633268 0.632836 7.977052e-02 0.754
N:8 Run:4 0.75295 0.668461 0.624359 0.546729 0.587631 0.574413 0.52358 0.523323 0.51547 0.461656 0.554789 0.587305 0.542922 0.555027 0.60186 0.622367 0.636066 0.644355 0.640376 0.646808 0.643087 7.977052e-02 0.754
N:8 Run:5 0.517283 0.596337 0.603567 0.603853 0.604175 0.620523 0.622478 0.613123 0.596308 0.582195 0.603761 0.608521 0.633751 0.636231 0.635019 0.634162 0.623997 0.632179 0.644831 0.634429 0.637996 7.977052e-02 0.754
N:8 Run:6 0.627821 0.618523 0.620307 0.616434 0.628117 0.630507 0.63717 0.640118 0.646477 0.639916 0.63794 0.651461 0.638747 0.648976 0.646471 0.633601 0.632865 0.623968 0.631533 0.640237 0.612852 7.977052e-02 0.754
N:8 Run:7 0.570994 0.617221 0.587567 0.592501 0.567608 0.518332 0.481165 0.492612 0.466184 0.393537 0.414256 0.398693 0.435434 0.476157 0.492774 0.552074 0.575135 0.607035 0.615895 0.613188 0.619549 7.977052e-02 0.754
N:8 Run:8 0.561288 0.600945 0.559572 0.484509 0.452709 0.428772 0.414545 0.421362 0.455617 0.440333 0.415386 0.387992 0.529391 0.603308 0.62555 0.643589 0.644702 0.647997 0.636517 0.607794 0.626479 7.977052e-02 0.754
N:8 Run:9 0.664733 0.633113 0.64304 0.64784 0.638712 0.629273 0.588695 0.594608 0.473146 0.487842 0.456938 0.525202 0.495988 0.520053 0.561108 0.597387 0.598247 0.634918 0.633285 0.634678 0.646246 7.977052e-02 0.754
N:9 Run:0 0.705194 0.67068 0.629988 0.639638 0.612981 0.603129 0.574985 0.554403 0.516178 0.536432 0.501849 0.508408 0.485998 0.477427 0.496024 0.562993 0.572268 0.621473 0.632309 0.622627 0.626736 7.936539e-02 0.756
N:9 Run:1 0.676909 0.653435 0.638749 0.634718 0.635541 0.612433 0.614618 0.633143 0.634176 0.642498 0.651931 0.659282 0.662708 0.65915 0.650681 0.654388 0.637941 0.644651 0.627767 0.63914 0.620612 7.936539e-02 0.756
N:9 Run:2 0.652812 0.629991 0.649414 0.656853 0.657029 0.662702 0.660717 0.66434 0.664993 0.659842 0.664256 0.660895 0.645518 0.630934 0.634992 0.638419 0.648942 0.639876 0.625283 0.621843 0.632402 7.936539e-02 0.756
N:9 Run:3 0.648089 0.644313 0.632318 0.637834 0.627379 0.626336 0.626386 0.631744 0.626574 0.621012 0.630183 0.630476 0.639105 0.647278 0.648247 0.655547 0.648643 0.649287 0.635198 0.633268 0.632836 7.936539e-02 0.756
N:9 Run:4 0.75295 0.668461 0.624359 0.546729 0.587631 0.574413 0.52358 0.523323 0.51547 0.461656 0.554789 0.587305 0.542922 0.555027 0.60186 0.622367 0.636066 0.644355 0.640376 0.646808 0.643087 7.936539e-02 0.756
N:9 Run:5 0.517283 0.596337 0.603567 0.603853 0.604175 0.620523 0.622478 0.613123 0.596308 0.582195 0.603761 0.608521 0.633751 0.636231 0.635019 0.634162 0.623997 0.632179 0.644831 0.634429 0.637996 7.936539e-02 0.756
N:9 Run:6 0.627821 0.618523 0.620307 0.616434 0.628117 0.630507 0.63717 0.640118 0.646477 0.639916 0.63794 0.651461 0.638747 0.648976 0.646471 0.633601 0.632865 0.623968 0.631533 0.640237 0.612852 7.936539e-02 0.756
N:9 Run:7 0.570994 0.617221 0.587567 0.592501 0.567608 0.518332 0.481165 0.492612 0.466184 0.393537 0.414256 0.398693 0.435434 0.476157 0.492774 0.552074 0.575135 0.607035 0.615895 0.613188 0.619549 7.936539e-02 0.756
N:9 Run:8 0.561288 0.600945 0.559572 0.484509 0.452709 0.428772 0.414545 0.421362 0.455617 0.440333 0.415386 0.387992 0.529391 0.603308 0.62555 0.643589 0.644702 0.647997 0.636517 0.607794 0.626479 7.936539e-02 0.756
N:9 Run:9 0.664733 0.633113 0.64304 0.64784 0.638712 0.629273 0.588695 0.594608 0.473146 0.487842 0.456938 0.525202 0.495988 0.520053 0.561108 0.597387 0.598247 0.634918 0.633285 0.634678 0.646246 7.936539e-02 0.756
N:10 Run:0 0.705194 0.67068 0.629988 0.639638 0.612981 0.603129 0.574985 0.554403 0.516178 0.536432 0.501849 0.508408 0.485998 0.477427 0.496024 0.562993 0.572268 0.621473 0.632309 0.622627 0.626736 8.009121e-02 0.759
N:10 Run:1 0.676909 0.653435 0.638749 0.634718 0.635541 0.612433 0.614618 0.633143 0.634176 0.642498 0.651931 0.659282 0.662708 0.65915 0.650681 0.654388 0.637941 0.644651 0.627767 0.63914 0.620612 8.009121e-02 0.759
N:10 Run:2 0.652812 0.629991 0.649414 0.656853 0.657029 0.662702 0.660717 0.66434 0.664993 0.659842 0.664256 0.660895 0.645518 0.630934 0.634992 0.638419 0.648942 0.639876 0.625283 0.621843 0.632402 8.009121e-02 0.759
N:10 Run:3 0.648089 0.644313 0.632318 0.637834 0.627379 0.626336 0.626386 0.631744 0.626574 0.621012 0.630183 0.630476 0.639105 0.647278 0.648247 0.655547 0.648643 0.649287 0.635198 0.633268 0.632836 8.009121e-02 0.759
N:10 Run:4 0.75295 0.668461 0.624359 0.546729 0.587631 0.574413 0.52358 0.523323 0.51547 0.461656 0.554789 0.587305 0.542922 0.555027 0.60186 0.622367 0.636066 0.644355 0.640376 0.646808 0.643087 8.009121e-02 0.759
N:10 Run:5 0.517283 0.596337 0.603567 0.603853 0.604175 0.620523 0.622478 0.613123 0.596308 0.582195 0.603761 0.608521 0.633751 0.636231 0.635019 0.634162 0.623997 0.632179 0.644831 0.634429 0.637996 8.009121e-02 0.759
N:10 Run:6 0.627821 0.618523 0.620307 0.616434 0.628117 0.630507 0.63717 0.640118 0.646477 0.639916 0.63794 0.651461 0.638747 0.648976 0.646471 0.633601 0.632865 0.623968 0.631533 0.640237 0.612852 8.009121e-02 0.759
N:10 Run:7 0.570994 0.617221 0.587567 0.592501 0.567608 0.518332 0.481165 0.492612 0.466184 0.393537 0.414256 0.398693 0.435434 0.476157 0.492774 0.552074 0.575135 0.607035 0.615895 0.613188 0.619549 8.009121e-02 0.759
N:10 Run:8 0.561288 0.600945 0.559572 0.484509 0.452709 0.428772 0.414545 0.421362 0.455617 0.440333 0.415386 0.387992 0.529391 0.603308 0.62555 0.643589 0.644702 0.647997 0.636517 0.607794 0.626479 8.009121e-02 0.759
N:10 Run:9 0.664733 0.633113 0.64304 0.64784 0.638712 0.629273 0.588695 0.594608 0.473146 0.487842 0.456938 0.525202 0.495988 0.520053 0.561108 0.597387 0.598247 0.634918 0.633285 0.634678 0.646246 8.009121e-02 0.759
N:11 Run:0 0.705194 0.67068 0.629988 0.639638 0.612981 0.603129 0.574985 0.554403 0.516178 0.536432 0.501849 0.508408 0.485998 0.477427 0.496024 0.562993 0.572268 0.621473 0.632309 0.622627 0.626736 8.103272e-02 0.752
N:11 Run:1 0.676909 0.653435 0.638749 0.634718 0.635541 0.612433 0.614618 0.633143 0.634176 0.642498 0.651931 0.659282 0.662708 0.65915 0.650681 0.654388 0.637941 0.644651 0.627767 0.63914 0.620612 8.103272e-02 0.752
N:11 Run:2 0.652812 0.629991 0.649414 0.656853 0.657029 0.662702 0.660717 0.66434 0.664993 0.659842 0.664256 0.660895 0.645518 0.630934 0.634992 0.638419 0.648942 0.639876 0.625283 0.621843 0.632402 8.103272e-02 0.752
N:11 Run:3 0.648089 0.644313 0.632318 0.637834 0.627379 0.626336 0.626386 0.631744 0.626574 0.621012 0.630183 0.630476 0.639105 0.647278 0.648247 0.655547 0.648643 0.649287 0.635198 0.633268 0.632836 8.103272e-02 0.752
N:11 Run:4 0.75295 0.668461 0.624359 0.546729 0.587631 0.574413 0.52358 0.523323 0.51547 0.461656 0.554789 0.587305 0.542922 0.555027 0.60186 0.622367 0.636066 0.644355 0.640376 0.646808 0.643087 8.103272e-02 0.752
N:11 Run:5 0.517283 0.596337 0.603567 0.603853 0.604175 0.620523 0.622478 0.613123 0.596308 0.582195 0.603761 0.608521 0.633751 0.636231 0.635019 0.634162 0.623997 0.632179 0.644831 0.634429 0.637996 8.103272e-02 0.752
N:11 Run:6 0.627821 0.618523 0.620307 0.616434 0.628117 0.630507 0.63717 0.640118 0.646477 0.639916 0.63794 0.651461 0.638747 0.648976 0.646471 0.633601 0.632865 0.623968 0.631533 0.640237 0.612852 8.103272e-02 0.752
N:11 Run:7 0.570994 0.617221 0.587567 0.592501 0.567608 0.518332 0.481165 0.492612 0.466184 0.393537 0.414256 0.398693 0.435434 0.476157 0.492774 0.552074 0.575135 0.607035 0.615895 0.613188 0.619549 8.103272e-02 0.752
N:11 Run:8 0.561288 0.600945 0.559572 0.484509 0.452709 0.428772 0.414545 0.421362 0.455617 0.440333 0.415386 0.387992 0.529391 0.603308 0.62555 0.643589 0.644702 0.647997 0.636517 0.607794 0.626479 8.103272e-02 0.752
N:11 Run:9 0.664733 0.633113 0.64304 0.64784 0.638712 0.629273 0.588695 0.594608 0.473146 0.487842 0.456938 0.525202 0.495988 0.520053 0.561108 0.597387 0.598247 0.634918 0.633285 0.634678 0.646246 8.103272e-02 0.752
N:12 Run:0 0.705194 0.67068 0.629988 0.639638 0.612981 0.603129 0.574985 0.554403 0.516178 0.536432 0.501849 0.508408 0.485998 0.477427 0.496024 0.562993 0.572268 0.621473 0.632309 0.622627 0.626736 7.951396e-02 0.756
N:12 Run:1 0.676909 0.653435 0.638749 0.634718 0.635541 0.612433 0.614618 0.633143 0.634176 0.642498 0.651931 0.659282 0.662708 0.65915 0.650681 0.654388 0.637941 0.644651 0.627767 0.63914 0.620612 7.951396e-02 0.756
N:12 Run:2 0.652812 0.629991 0.649414 0.656853 0.657029 0.662702 0.660717 0.66434 0.664993 0.659842 0.664256 0.660895 0.645518 0.630934 0.634992 0.638419 0.648942 0.639876 0.625283 0.621843 0.632402 7.951396e-02 0.756
N:12 Run:3 0.648089 0.644313 0.632318 0.637834 0.627379 0.626336 0.626386 0.631744 0.626574 0.621012 0.630183 0.630476 0.639105 0.647278 0.648247 0.655547 0.648643 0.649287 0.635198 0.633268 0.632836 7.951396e-02 0.756
N:12 Run:4 0.75295 0.668461 0.624359 0.546729 0.587631 0.574413 0.52358 0.523323 0.51547 0.461656 0.554789 0.587305 0.542922 0.555027 0.60186 0.622367 0.636066 0.644355 0.640376 0.646808 0.643087 7.951396e-02 0.756
N:12 Run:5 0.517283 0.596337 0.603567 0.603853 0.604175 0.620523 0.622478 0.613123 0.596308 0.582195 0.603761 0.608521 0.633751 0.636231 0.635019 0.634162 0.623997 0.632179 0.644831 0.634429 0.637996 7.951396e-02 0.756
N:12 Run:6 0.627821 0.618523 0.620307 0.616434 0.628117 0.630507 0.63717 0.640118 0.646477 0.639916 0.63794 0.651461 0.638747 0.648976 0.646471 0.633601 0.632865 0.623968 0.631533 0.640237 0.612852 7.951396e-02 0.756
N:12 Run:7 0.570994 0.617221 0.587567 0.592501 0.567608 0.518332 0.481165 0.492612 0.466184 0.393537 0.414256 0.398693 0.435434 0.476157 0.492774 0.552074 0.575135 0.607035 0.615895 0.613188 0.619549 7.951396e-02 0.756
N:12 Run:8 0.561288 0.600945 0.559572 0.484509 0.452709 0.428772 0.414545 0.421362 0.455617 0.440333 0.415386 0.387992 0.529391 0.603308 0.62555 0.643589 0.644702 0.647997 0.636517 0.607794 0.626479 7.951396e-02 0.756
N:12 Run:9 0.664733 0.633113 0.64304 0.64784 0.638712 0.629273 0.588695 0.594608 0.473146 0.487842 0.456938 0.525202 0.495988 0.520053 0.561108 0.597387 0.598247 0.634918 0.633285 0.634678 0.646246 7.951396e-02 0.756
N:13 Run:0 0.705194 0.67068 0.629988 0.639638 0.612981 0.603129 0.574985 0.554403 0.516178 0.536432 0.501849 0.508408 0.485998 0.477427 0.496024 0.562993 0.572268 0.621473 0.632309 0.622627 0.626736 7.746995e-02 0.755
N:13 Run:1 0.676909 0.653435 0.638749 0.634718 0.635541 0.612433 0.614618 0.633143 0.634176 0.642498 0.651931 0.659282 0.662708 0.65915 0.650681 0.654388 0.637941 0.644651 0.627767 0.63914 0.620612 7.746995e-02 0.755
N:13 Run:2 0.652812 0.629991 0.649414 0.656853 0.657029 0.662702 0.660717 0.66434 0.664993 0.659842 0.664256 0.660895 0.645518 0.630934 0.634992 0.638419 0.648942 0.639876 0.625283 0.621843 0.632402 7.746995e-02 0.755
N:13 Run:3 0.648089 0.644313 0.632318 0.637834 0.627379 0.626336 0.626386 0.631744 0.626574 0.621012 0.630183 0.630476 0.639105 0.647278 0.648247 0.655547 0.648643 0.649287 0.635198 0.633268 0.632836 7.746995e-02 0.755
N:13 Run:4 0.75295 0.668461 0.624359 0.546729 0.587631 0.574413 0.52358 0.523323 0.51547 0.461656 0.554789 0.587305 0.542922 0.555027 0.60186 0.622367 0.636066 0.644355 0.640376 0.646808 0.643087 7.746995e-02 0.755
N:13 Run:5 0.517283 0.596337 0.603567 0.603853 0.604175 0.620523 0.622478 0.613123 0.596308 0.582195 0.603761 0.608521 0.633751 0.636231 0.635019 0.634162 0.623997 0.632179 0.644831 0.634429 0.637996 7.746995e-02 0.755
N:13 Run:6 0.627821 0.618523 0.620307 0.616434 0.628117 0.630507 0.63717 0.640118 0.646477 0.639916 0.63794 0.651461 0.638747 0.648976 0.646471 0.633601 0.632865 0.623968 0.631533 0.640237 0.612852 7.746995e-02 0.755
N:13 Run:7 0.570994 0.617221 0.587567 0.592501 0.567608 0.518332 0.481165 0.492612 0.466184 0.393537 0.414256 0.398693 0.435434 0.476157 0.492774 0.552074 0.575135 0.607035 0.615895 0.613188 0.619549 7.746995e-02 0.755
N:13 Run:8 0.561288 0.600945 0.559572 0.484509 0.452709 0.428772 0.414545 0.421362 0.455617 0.440333 0.415386 0.387992 0.529391 0.603308 0.62555 0.643589 0.644702 0.647997 0.636517 0.607794 0.626479 7.746995e-02 0.755
N:13 Run:9 0.664733 0.633113 0.64304 0.64784 0.638712 0.629273 0.588695 0.594608 0.473146 0.487842 0.456938 0.525202 0.495988 0.520053 0.561108 0.597387 0.598247 0.634918 0.633285 0.634678 0.646246 7.746995e-02 0.755
N:14 Run:0 0.705194 0.67068 0.629988 0.639638 0.612981 0.603129 0.574985 0.554403 0.516178 0.536432 0.501849 0.508408 0.485998 0.477427 0.496024 0.562993 0.572268 0.621473 0.632309 0.622627 0.626736 7.976092e-02 0.756
N:14 Run:1 0.676909 0.653435 0.638749 0.634718 0.635541 0.612433 0.614618 0.633143 0.634176 0.642498 0.651931 0.659282 0.662708 0.65915 0.650681 0.654388 0.637941 0.644651 0.627767 0.63914 0.620612 7.976092e-02 0.756
N:14 Run:2 0.652812 0.629991 0.649414 0.656853 0.657029 0.662702 0.660717 0.66434 0.664993 0.659842 0.664256 0.660895 0.645518 0.630934 0.634992 0.638419 0.648942 0.639876 0.625283 0.621843 0.632402 7.976092e-02 0.756
N:14 Run:3 0.648089 0.644313 0.632318 0.637834 0.627379 0.626336 0.626386 0.631744 0.626574 0.621012 0.630183 0.630476 0.639105 0.647278 0.648247 0.655547 0.648643 0.649287 0.635198 0.633268 0.632836 7.976092e-02 0.756
N:14 Run:4 0.75295 0.668461 0.624359 0.546729 0.587631 0.574413 0.52358 0.523323 0.51547 0.461656 0.554789 0.587305 0.542922 0.555027 0.60186 0.622367 0.636066 0.644355 0.640376 0.646808 0.643087 7.976092e-02 0.756
N:14 Run:5 0.517283 0.596337 0.603567 0.603853 0.604175 0.620523 0.622478 0.613123 0.596308 0.582195 0.603761 0.608521 0.633751 0.636231 0.635019 0.634162 0.623997 0.632179 0.644831 0.634429 0.637996 7.976092e-02 0.756
N:14 Run:6 0.627821 0.618523 0.620307 0.616434 0.628117 0.630507 0.63717 0.640118 0.646477 0.639916 0.63794 0.651461 0.638747 0.648976 0.646471 0.633601 0.632865 0.623968 0.631533 0.640237 0.612852 7.976092e-02 0.756
N:14 Run:7 0.570994 0.617221 0.587567 0.592501 0.567608 0.518332 0.481165 0.492612 0.466184 0.393537 0.414256 0.398693 0.435434 0.476157 0.492774 0.552074 0.575135 0.607035 0.615895 0.613188 0.619549 7.976092e-02 0.756
N:14 Run:8 0.561288 0.600945 0.559572 0.484509 0.452709 0.428772 0.414545 0.421362 0.455617 0.440333 0.415386 0.387992 0.529391 0.603308 0.62555 0.643589 0.644702 0.647997 0.636517 0.607794 0.626479 7.976092e-02 0.756
N:14 Run:9 0.664733 0.633113 0.64304 0.64784 0.638712 0.629273 0.588695 0.594608 0.473146 0.487842 0.456938 0.525202 0.495988 0.520053 0.561108 0.597387 0.598247 0.634918 0.633285 0.634678 0.646246 7.976092e-02 0.756
N:15 Run:0 0.705194 0.67068 0.629988 0.639638 0.612981 0.603129 0.574985 0.554403 0.516178 0.536432 0.501849 0.508408 0.485998 0.477427 0.496024 0.562993 0.572268 0.621473 0.632309 0.622627 0.626736 7.948853e-02 0.749
N:15 Run:1 0.676909 0.653435 0.638749 0.634718 0.635541 0.612433 0.614618 0.633143 0.634176 0.642498 0.651931 0.659282 0.662708 0.65915 0.650681 0.654388 0.637941 0.644651 0.627767 0.63914 0.620612 7.948853e-02 0.749
N:15 Run:2 0.652812 0.629991 0.649414 0.656853 0.657029 0.662702 0.660717 0.66434 0.664993 0.659842 0.664256 0.660895 0.645518 0.630934 0.634992 0.638419 0.648942 0.639876 0.625283 0.621843 0.632402 7.948853e-02 0.749
N:15 Run:3 0.648089 0.644313 0.632318 0.637834 0.627379 0.626336 0.626386 0.631744 0.626574 0.621012 0.630183 0.630476 0.639105 0.647278 0.648247 0.655547 0.648643 0.649287 0.635198 0.633268 0.632836 7.948853e-02 0.749
N:15 Run:4 0.75295 0.668461 0.624359 0.546729 0.587631 0.574413 0.52358 0.523323 0.51547 0.461656 0.554789 0.587305 0.542922 0.555027 0.60186 0.622367 0.636066 0.644355 0.640376 0.646808 0.643087 7.948853e-02 0.749
N:15 Run:5 0.517283 0.596337 0.603567 0.603853 0.604175 0.620523 0.622478 0.613123 0.596308 0.582195 0.603761 0.608521 0.633751 0.636231 0.635019 0.634162 0.623997 0.632179 0.644831 0.634429 0.637996 7.948853e-02 0.749
N:15 Run:6 0.627821 0.618523 0.620307 0.616434 0.628117 0.630507 0.63717 0.640118 0.646477 0.639916 0.63794 0.651461 0.638747 0.648976 0.646471 0.633601 0.632865 0.623968 0.631533 0.640237 0.612852 7.948853e-02 0.749
N:15 Run:7 0.570994 0.617221 0.587567 0.592501 0.567608 0.518332 0.481165 0.492612 0.466184 0.393537 0.414256 0.398693 0.435434 0.476157 0.492774 0.552074 0.575135 0.607035 0.615895 0.613188 0.619549 7.948853e-02 0.749
N:15 Run:8 0.561288 0.600945 0.559572 0.484509 0.452709 0.428772 0.414545 0.421362 0.455617 0.440333 0.415386 0.387992 0.529391 0.603308 0.62555 0.643589 0.644702 0.647997 0.636517 0.607794 0.626479 7.948853e-02 0.749
N:15 Run:9 0.664733 0.633113 0.64304 0.64784 0.638712 0.629273 0.588695 0.594608 0.473146 0.487842 0.456938 0.525202 0.495988 0.520053 0.561108 0.597387 0.598247 0.634918 0.633285 0.634678 0.646246 7.948853e-02 0.749
N:16 Run:0 0.705194 0.67068 0.629988 0.639638 0.612981 0.603129 0.574985 0.554403 0.516178 0.536432 0.501849 0.508408 0.485998 0.477427 0.496024 0.562993 0.572268 0.621473 0.632309 0.622627 0.626736 7.935285e-02 0.757
N:16 Run:1 0.676909 0.653435 0.638749 0.634718 0.635541 0.612433 0.614618 0.633143 0.634176 0.642498 0.651931 0.659282 0.662708 0.65915 0.650681 0.654388 0.637941 0.644651 0.627767 0.63914 0.620612 7.935285e-02 0.757
N:16 Run:2 0.652812 0.629991 0.649414 0.656853 0.657029 0.662702 0.660717 0.66434 0.664993 0.659842 0.664256 0.660895 0.645518 0.630934 0.634992 0.638419 0.648942 0.639876 0.625283 0.621843 0.632402 7.935285e-02 0.757
N:16 Run:3 0.648089 0.644313 0.632318 0.637834 0.627379 0.626336 0.626386 0.631744 0.626574 0.621012 0.630183 0.630476 0.639105 0.647278 0.648247 0.655547 0.648643 0.649287 0.635198 0.633268 0.632836 7.935285e-02 0.757
N:16 Run:4 0.75295 0.668461 0.624359 0.546729 0.587631 0.574413 0.52358 0.523323 0.51547 0.461656 0.554789 0.587305 0.542922 0.555027 0.60186 0.622367 0.636066 0.644355 0.640376 0.646808 0.643087 7.935285e-02 0.757
N:16 Run:5 0.517283 0.596337 0.603567 0.603853 0.604175 0.620523 0.622478 0.613123 0.596308 0.582195 0.603761 0.608521 0.633751 0.636231 0.635019 0.634162 0.623997 0.632179 0.644831 0.634429 0.637996 7.935285e-02 0.757
N:16 Run:6 0.627821 0.618523 0.620307 0.616434 0.628117 0.630507 0.63717 0.640118 0.646477 0.639916 0.63794 0.651461 0.638747 0.648976 0.646471 0.633601 0.632865 0.623968 0.631533 0.640237 0.612852 7.935285e-02 0.757
N:16 Run:7 0.570994 0.617221 0.587567 0.592501 0.567608 0.518332 0.481165 0.492612 0.466184 0.393537 0.414256 0.398693 0.435434 0.476157 0.492774 0.552074 0.575135 0.607035 0.615895 0.613188 0.619549 7.935285e-02 0.757
N:16 Run:8 0.561288 0.600945 0.559572 0.484509 0.452709 0.428772 0.414545 0.421362 0.455617 0.440333 0.415386 0.387992 0.529391 0.603308 0.62555 0.643589 0.644702 0.647997 0.636517 0.607794 0.626479 7.935285e-02 0.757
N:16 Run:9 0.664733 0.633113 0.64304 0.64784 0.638712 0.629273 0.588695 0.594608 0.473146 0.487842 0.456938 0.525202 0.495988 0.520053 0.561108 0.597387 0.598247 0.634918 0.633285 0.634678 0.646246 7.935285e-02 0.757
N:17 Run:0 0.705194 0.67068 0.629988 0.639638 0.612981 0.603129 0.574985 0.554403 0.516178 0.536432 0.501849 0.508408 0.485998 0.477427 0.496024 0.562993 0.572268 0.621473 0.632309 0.622627 0.626736 7.935846e-02 0.755
N:17 Run:1 0.676909 0.653435 0.638749 0.634718 0.635541 0.612433 0.614618 0.633143 0.634176 0.642498 0.651931 0.659282 0.662708 0.65915 0.650681 0.654388 0.637941 0.644651 0.627767 0.63914 0.620612 7.935846e-02 0.755
N:17 Run:2 0.652812 0.629991 0.649414 0.656853 0.657029 0.662702 0.660717 0.66434 0.664993 0.659842 0.664256 0.660895 0.645518 0.630934 0.634992 0.638419 0.648942 0.639876 0.625283 0.621843 0.632402 7.935846e-02 0.755
N:17 Run:3 0.648089 0.644313 0.632318 0.637834 0.627379 0.626336 0.626386 0.631744 0.626574 0.621012 0.630183 0.630476 0.639105 0.647278 0.648247 0.655547 0.648643 0.649287 0.635198 0.633268 0.632836 7.935846e-02 0.755
N:17 Run:4 0.75295 0.668461 0.624359 0.546729 0.587631 0.574413 0.52358 0.523323 0.51547 0.461656 0.554789 0.587305 0.542922 0.555027 0.60186 0.622367 0.636066 0.644355 0.640376 0.646808 0.643087 7.935846e-02 0.755
N:17 Run:5 0.517283 0.596337 0.603567 0.603853 0.604175 0.620523 0.622478 0.613123 0.596308 0.582195 0.603761 0.608521 0.633751 0.636231 0.635019 0.634162 0.623997 0.632179 0.644831 0.634429 0.637996 7.935846e-02 0.755
N:17 Run:6 0.627821 0.618523 0.620307 0.616434 0.628117 0.630507 0.63717 0.640118 0.646477 0.639916 0.63794 0.651461 0.638747 0.648976 0.646471 0.633601 0.632865 0.623968 0.631533 0.640237 0.612852 7.935846e-02 0.755
N:17 Run:7 0.570994 0.617221 0.587567 0.592501 0.567608 0.518332 0.481165 0.492612 0.466184 0.393537 0.414256 0.398693 0.435434 0.476157 0.492774 0.552074 0.575135 0.607035 0.615895 0.613188 0.619549 7.935846e-02 0.755
N:17 Run:8 0.561288 0.600945 0.559572 0.484509 0.452709 0.428772 0.414545 0.421362 0.455617 0.440333 0.415386 0.387992 0.529391 0.603308 0.62555 0.643589 0.644702 0.647997 0.636517 0.607794 0.626479 7.935846e-02 0.755
N:17 Run:9 0.664733 0.633113 0.64304 0.64784 0.638712 0.629273 0.588695 0.594608 0.473146 0.487842 0.456938 0.525202 0.495988 0.520053 0.561108 0.597387 0.598247 0.634918 0.633285 0.634678 0.646246 7.935846e-02 0.755
N:18 Run:0 0.705194 0.67068 0.629988 0.639638 0.612981 0.603129 0.574985 0.554403 0.516178 0.536432 0.501849 0.508408 0.485998 0.477427 0.496024 0.562993 0.572268 0.621473 0.632309 0.622627 0.626736 7.936421e-02 0.757
N:18 Run:1 0.676909 0.653435 0.638749 0.634718 0.635541 0.612433 0.614618 0.633143 0.634176 0.642498 0.651931 0.659282 0.662708 0.65915 0.650681 0.654388 0.637941 0.644651 0.627767 0.63914 0.620612 7.936421e-02 0.757
N:18 Run:2 0.652812 0.629991 0.649414 0.656853 0.657029 0.662702 0.660717 0.66434 0.664993 0.659842 0.664256 0.660895 0.645518 0.630934 0.634992 0.638419 0.648942 0.639876 0.625283 0.621843 0.632402 7.936421e-02 0.757
N:18 Run:3 0.648089 0.644313 0.632318 0.637834 0.627379 0.626336 0.626386 0.631744 0.626574 0.621012 0.630183 0.630476 0.639105 0.647278 0.648247 0.655547 0.648643 0.649287 0.635198 0.633268 0.632836 7.936421e-02 0.757
N:18 Run:4 0.75295 0.668461 0.624359 0.546729 0.587631 0.574413 0.52358 0.523323 0.51547 0.461656 0.554789 0.587305 0.542922 0.555027 0.60186 0.622367 0.636066 0.644355 0.640376 0.646808 0.643087 7.936421e-02 0.757
N:18 Run:5 0.517283 0.596337 0.603567 0.603853 0.604175 0.620523 0.622478 0.613123 0.596308 0.582195 0.603761 0.608521 0.633751 0.636231 0.635019 0.634162 0.623997 0.632179 0.644831 0.634429 0.637996 7.936421e-02 0.757
N:18 Run:6 0.627821 0.618523 0.620307 0.616434 0.628117 0.630507 0.63717 0.640118 0.646477 0.639916 0.63794 0.651461 0.638747 0.648976 0.646471 0.633601 0.632865 0.623968 0.631533 0.640237 0.612852 7.936421e-02 0.757
N:18 Run:7 0.570994 0.617221 0.587567 0.592501 0.567608 0.518332 0.481165 0.492612 0.466184 0.393537 0.414256 0.398693 0.435434 0.476157 0.492774 0.552074 0.575135 0.607035 0.615895 0.613188 0.619549 7.936421e-02 0.757
N:18 Run:8 0.561288 0.600945 0.559572 0.484509 0.452709 0.428772 0.414545 0.421362 0.455617 0.440333 0.415386 0.387992 0.529391 0.603308 0.62555 0.643589 0.644702 0.647997 0.636517 0.607794 0.626479 7.936421e-02 0.757
N:18 Run:9 0.664733 0.633113 0.64304 0.64784 0.638712 0.629273 0.588695 0.594608 0.473146 0.487842 0.456938 0.525202 0.495988 0.520053 0.561108 0.597387 0.598247 0.634918 0.633285 0.634678 0.646246 7.936421e-02 0.757
N:19 Run:0 0.705194 0.67068 0.629988 0.639638 0.612981 0.603129 0.574985 0.554403 0.516178 0.536432 0.501849 0.508408 0.485998 0.477427 0.496024 0.562993 0.572268 0.621473 0.632309 0.622627 0.626736 8.174777e-02 0.755
N:19 Run:1 0.676909 0.653435 0.638749 0.634718 0.635541 0.612433 0.614618 0.633143 0.634176 0.642498 0.651931 0.659282 0.662708 0.65915 0.650681 0.654388 0.637941 0.644651 0.627767 0.63914 0.620612 8.174777e-02 0.755
N:19 Run:2 0.652812 0.629991 0.649414 0.656853 0.657029 0.662702 0.660717 0.66434 0.664993 0.659842 0.664256 0.660895 0.645518 0.630934 0.634992 0.638419 0.648942 0.639876 0.625283 0.621843 0.632402 8.174777e-02 0.755
N:19 Run:3 0.648089 0.644313 0.632318 0.637834 0.627379 0.626336 0.626386 0.631744 0.626574 0.621012 0.630183 0.630476 0.639105 0.647278 0.648247 0.655547 0.648643 0.649287 0.635198 0.633268 0.632836 8.174777e-02 0.755
N:19 Run:4 0.75295 0.668461 0.624359 0.546729 0.587631 0.574413 0.52358 0.523323 0.51547 0.461656 0.554789 0.587305 0.542922 0.555027 0.60186 0.622367 0.636066 0.644355 0.640376 0.646808 0.643087 8.174777e-02 0.755
N:19 Run:5 0.517283 0.596337 0.603567 0.603853 0.604175 0.620523 0.622478 0.613123 0.596308 0.582195 0.603761 0.608521 0.633751 0.636231 0.635019 0.634162 0.623997 0.632179 0.644831 0.634429 0.637996 8.174777e-02 0.755
N:19 Run:6 0.627821 0.618523 0.620307 0.616434 0.628117 0.630507 0.63717 0.640118 0.646477 0.639916 0.63794 0.651461 0.638747 0.648976 0.646471 0.633601 0.632865 0.623968 0.631533 0.640237 0.612852 8.174777e-02 0.755
N:19 Run:7 0.570994 0.617221 0.587567 0.592501 0.567608 0.518332 0.481165 0.492612 0.466184 0.393537 0.414256 0.398693 0.435434 0.476157 0.492774 0.552074 0.575135 0.607035 0.615895 0.613188 0.619549 8.174777e-02 0.755
N:19 Run:8 0.561288 0.600945 0.559572 0.484509 0.452709 0.428772 0.414545 0.421362 0.455617 0.440333 0.415386 0.387992 0.529391 0.603308 0.62555 0.643589 0.644702 0.647997 0.636517 0.607794 0.626479 8.174777e-02 0.755
N:19 Run:9 0.664733 0.633113 0.64304 0.64784 0.638712 0.629273 0.588695 0.594608 0.473146 0.487842 0.456938 0.525202 0.495988 0.520053 0.561108 0.597387 0.598247 0.634918 0.633285 0.634678 0.646246 8.174777e-02 0.755
N:20 Run:0 0.705194 0.67068 0.629988 0.639638 0.612981 0.603129 0.574985 0.554403 0.516178 0.536432 0.501849 0.508408 0.485998 0.477427 0.496024 0.562993 0.572268 0.621473 0.632309 0.622627 0.626736 8.039402e-02 0.756
N:20 Run:1 0.676909 0.653435 0.638749 0.634718 0.635541 0.612433 0.614618 0.633143 0.634176 0.642498 0.651931 0.659282 0.662708 0.65915 0.650681 0.654388 0.637941 0.644651 0.627767 0.63914 0.620612 8.039402e-02 0.756
N:20 Run:2 0.652812 0.629991 0.649414 0.656853 0.657029 0.662702 0.660717 0.66434 0.664993 0.659842 0.664256 0.660895 0.645518 0.630934 0.634992 0.638419 0.648942 0.639876 0.625283 0.621843 0.632402 8.039402e-02 0.756
N:20 Run:3 0.648089 0.644313 0.632318 0.637834 0.627379 0.626336 0.626386 0.631744 0.626574 0.621012 0.630183 0.630476 0.639105 0.647278 0.648247 0.655547 0.648643 0.649287 0.635198 0.633268 0.632836 8.039402e-02 0.756
N:20 Run:4 0.75295 0.668461 0.624359 0.546729 0.587631 0.574413 0.52358 0.523323 0.51547 0.461656 0.554789 0.587305 0.542922 0.555027 0.60186 0.622367 0.636066 0.644355 0.640376 0.646808 0.643087 8.039402e-02 0.756
N:20 Run:5 0.517283 0.596337 0.603567 0.603853 0.604175 0.620523 0.622478 0.613123 0.596308 0.582195 0.603761 0.608521 0.633751 0.636231 0.635019 0.634162 0.623997 0.632179 0.644831 0.634429 0.637996 8.039402e-02 0.756
N:20 Run:6 0.627821 0.618523 0.620307 0.616434 0.628117 0.630507 0.63717 0.640118 0.646477 0.639916 0.63794 0.651461 0.638747 0.648976 0.646471 0.633601 0.632865 0.623968 0.631533 0.640237 0.612852 8.039402e-02 0.756
N:20 Run:7 0.570994 0.617221 0.587567 0.592501 0.567608 0.518332 0.481165 0.492612 0.466184 0.393537 0.414256 0.398693 0.435434 0.476157 0.492774 0.552074 0.575135 0.607035 0.615895 0.613188 0.619549 8.039402e-02 0.756
N:20 Run:8 0.561288 0.600945 0.559572 0.484509 0.452709 0.428772 0.414545 0.421362 0.455617 0.440333 0.415386 0.387992 0.529391 0.603308 0.62555 0.643589 0.644702 0.647997 0.636517 0.607794 0.626479 8.039402e-02 0.756
N:20 Run:9 0.664733 0.633113 0.64304 0.64784 0.638712 0.629273 0.588695 0.594608 0.473146 0.487842 0.456938 0.525202 0.495988 0.520053 0.561108 0.597387 0.598247 0.634918 0.633285 0.634678 0.646246 8.039402e-02 0.756
N:21 Run:0 0.705194 0.67068 0.629988 0.639638 0.612981 0.603129 0.574985 0.554403 0.516178 0.536432 0.501849 0.508408 0.485998 0.477427 0.496024 0.562993 0.572268 0.621473 0.632309 0.622627 0.626736 7.975022e-02 0.758
N:21 Run:1 0.676909 0.653435 0.638749 0.634718 0.635541 0.612433 0.614618 0.633143 0.634176 0.642498 0.651931 0.659282 0.662708 0.65915 0.650681 0.654388 0.637941 0.644651 0.627767 0.63914 0.620612 7.975022e-02 0.758
N:21 Run:2 0.652812 0.629991 0.649414 0.656853 0.657029 0.662702 0.660717 0.66434 0.664993 0.659842 0.664256 0.660895 0.645518 0.630934 0.634992 0.638419 0.648942 0.639876 0.625283 0.621843 0.632402 7.975022e-02 0.758
N:21 Run:3 0.648089 0.644313 0.632318 0.637834 0.627379 0.626336 0.626386 0.631744 0.626574 0.621012 0.630183 0.630476 0.639105 0.647278 0.648247 0.655547 0.648643 0.649287 0.635198 0.633268 0.632836 7.975022e-02 0.758
N:21 Run:4 0.75295 0.668461 0.624359 0.546729 0.587631 0.574413 0.52358 0.523323 0.51547 0.461656 0.554789 0.587305 0.542922 0.555027 0.60186 0.622367 0.636066 0.644355 0.640376 0.646808 0.643087 7.975022e-02 0.758
N:21 Run:5 0.517283 0.596337 0.603567 0.603853 0.604175 0.620523 0.622478 0.613123 0.596308 0.582195 0.603761 0.608521 0.633751 0.636231 0.635019 0.634162 0.623997 0.632179 0.644831 0.634429 0.637996 7.975022e-02 0.758
N:21 Run:6 0.627821 0.618523 0.620307 0.616434 0.628117 0.630507 0.63717 0.640118 0.646477 0.639916 0.63794 0.651461 0.638747 0.648976 0.646471 0.633601 0.632865 0.623968 0.631533 0.640237 0.612852 7.975022e-02 0.758
N:21 Run:7 0.570994 0.617221 0.587567 0.592501 0.567608 0.518332 0.481165 0.492612 0.466184 0.393537 0.414256 0.398693 0.435434 0.476157 0.492774 0.552074 0.575135 0.607035 0.615895 0.613188 0.619549 7.975022e-02 0.758
N:21 Run:8 0.561288 0.600945 0.559572 0.484509 0.452709 0.428772 0.414545 0.421362 0.455617 0.440333 0.415386 0.387992 0.529391 0.603308 0.62555 0.643589 0.644702 0.647997 0.636517 0.607794 0.626479 7.975022e-02 0.758
N:21 Run:9 0.664733 0.633113 0.64304 0.64784 0.638712 0.629273 0.588695 0.594608 0.473146 0.487842 0.456938 0.525202 0.495988 0.520053 0.561108 0.597387 0.598247 0.634918 0.633285 0.634678 0.646246 7.975022e-02 0.758
N:22 Run:0 0.705194 0.67068 0.629988 0.639638 0.612981 0.603129 0.574985 0.554403 0.516178 0.536432 0.501849 0.508408 0.485998 0.477427 0.496024 0.562993 0.572268 0.621473 0.632309 0.622627 0.626736 7.939146e-02 0.756
N:22 Run:1 0.676909 0.653435 0.638749 0.634718 0.635541 0.612433 0.614618 0.633143 0.634176 0.642498 0.651931 0.659282 0.662708 0.65915 0.650681 0.654388 0.637941 0.644651 0.627767 0.63914 0.620612 7.939146e-02 0.756
N:22 Run:2 0.652812 0.629991 0.649414 0.656853 0.657029 0.662702 0.660717 0.66434 0.664993 0.659842 0.664256 0.660895 0.645518 0.630934 0.634992 0.638419 0.648942 0.639876 0.625283 0.621843 0.632402 7.939146e-02 0.756
N:22 Run:3 0.648089 0.644313 0.632318 0.637834 0.627379 0.626336 0.626386 0.631744 0.626574 0.621012 0.630183 0.630476 0.639105 0.647278 0.648247 0.655547 0.648643 0.649287 0.635198 0.633268 0.632836 7.939146e-02 0.756
N:22 Run:4 0.75295 0.668461 0.624359 0.546729 0.587631 0.574413 0.52358 0.523323 0.51547 0.461656 0.554789 0.587305 0.542922 0.555027 0.60186 0.622367 0.636066 0.644355 0.640376 0.646808 0.643087 7.939146e-02 0.756
N:22 Run:5 0.517283 0.596337 0.603567 0.603853 0.604175 0.620523 0.622478 0.613123 0.596308 0.582195 0.603761 0.608521 0.633751 0.636231 0.635019 0.634162 0.623997 0.632179 0.644831 0.634429 0.637996 7.939146e-02 0.756
N:22 Run:6 0.627821 0.618523 0.620307 0.616434 0.628117 0.630507 0.63717 0.640118 0.646477 0.639916 0.63794 0.651461 0.638747 0.648976 0.646471 0.633601 0.632865 0.623968 0.631533 0.640237 0.612852 7.939146e-02 0.756
N:22 Run:7 0.570994 0.617221 0.587567 0.592501 0.567608 0.518332 0.481165 0.492612 0.466184 0.393537 0.414256 0.398693 0.435434 0.476157 0.492774 0.552074 0.575135 0.607035 0.615895 0.613188 0.619549 7.939146e-02 0.756
N:22 Run:8 0.561288 0.600945 0.559572 0.484509 0.452709 0.428772 0.414545 0.421362 0.455617 0.440333 0.415386 0.387992 0.529391 0.603308 0.62555 0.643589 0.644702 0.647997 0.636517 0.607794 0.626479 7.939146e-02 0.756
N:22 Run:9 0.664733 0.633113 0.64304 0.64784 0.638712 0.629273 0.588695 0.594608 0.473146 0.487842 0.456938 0.525202 0.495988 0.520053 0.561108 0.597387 0.598247 0.634918 0.633285 0.634678 0.646246 7.939146e-02 0.756
N:23 Run:0 0.705194 0.67068 0.629988 0.639638 0.612981 0.603129 0.574985 0.554403 0.516178 0.536432 0.501849 0.508408 0.485998 0.477427 0.496024 0.562993 0.572268 0.621473 0.632309 0.622627 0.626736 7.935264e-02 0.756
N:23 Run:1 0.676909 0.653435 0.638749 0.634718 0.635541 0.612433 0.614618 0.633143 0.634176 0.642498 0.651931 0.659282 0.662708 0.65915 0.650681 0.654388 0.637941 0.644651 0.627767 0.63914 0.620612 7.935264e-02 0.756
N:23 Run:2 0.652812 0.629991 0.649414 0.656853 0.657029 0.662702 0.660717 0.66434 0.664993 0.659842 0.664256 0.660895 0.645518 0.630934 0.634992 0.638419 0.648942 0.639876 0.625283 0.621843 0.632402 7.935264e-02 0.756
N:23 Run:3 0.648089 0.644313 0.632318 0.637834 0.627379 0.626336 0.626386 0.631744 0.626574 0.621012 0.630183 0.630476 0.639105 0.647278 0.648247 0.655547 0.648643 0.649287 0.635198 0.633268 0.632836 7.935264e-02 0.756
N:23 Run:4 0.75295 0.668461 0.624359 0.546729 0.587631 0.574413 0.52358 0.523323 0.51547 0.461656 0.554789 0.587305 0.542922 0.555027 0.60186 0.622367 0.636066 0.644355 0.640376 0.646808 0.643087 7.935264e-02 0.756
N:23 Run:5 0.517283 0.596337 0.603567 0.603853 0.604175 0.620523 0.622478 0.613123 0.596308 0.582195 0.603761 0.608521 0.633751 0.636231 0.635019 0.634162 0.623997 0.632179 0.644831 0.634429 0.637996 7.935264e-02 0.756
N:23 Run:6 0.627821 0.618523 0.620307 0.616434 0.628117 0.630507 0.63717 0.640118 0.646477 0.639916 0.63794 0.651461 0.638747 0.648976 0.646471 0.633601 0.632865 0.623968 0.631533 0.640237 0.612852 7.935264e-02 0.756
N:23 Run:7 0.570994 0.617221 0.587567 0.592501 0.567608 0.518332 0.481165 0.492612 0.466184 0.393537 0.414256 0.398693 0.435434 0.476157 0.492774 0.552074 0.575135 0.607035 0.615895 0.613188 0.619549 7.935264e-02 0.756
N:23 Run:8 0.561288 0.600945 0.559572 0.484509 0.452709 0.428772 0.414545 0.421362 0.455617 0.440333 0.415386 0.387992 0.529391 0.603308 0.62555 0.643589 0.644702 0.647997 0.636517 0.607794 0.626479 7.935264e-02 0.756
N:23 Run:9 0.664733 0.633113 0.64304 0.64784 0.638712 0.629273 0.588695 0.594608 0.473146 0.487842 0.456938 0.525202 0.495988 0.520053 0.561108 0.597387 0.598247 0.634918 0.633285 0.634678 0.646246 7.935264e-02 0.756
N:24 Run:0 0.705194 0.67068 0.629988 0.639638 0.612981 0.603129 0.574985 0.554403 0.516178 0.536432 0.501849 0.508408 0.485998 0.477427 0.496024 0.562993 0.572268 0.621473 0.632309 0.622627 0.626736 7.986556e-02 0.754
N:24 Run:1 0.676909 0.653435 0.638749 0.634718 0.635541 0.612433 0.614618 0.633143 0.634176 0.642498 0.651931 0.659282 0.662708 0.65915 0.650681 0.654388 0.637941 0.644651 0.627767 0.63914 0.620612 7.986556e-02 0.754
N:24 Run:2 0.652812 0.629991 0.649414 0.656853 0.657029 0.662702 0.660717 0.66434 0.664993 0.659842 0.664256 0.660895 0.645518 0.630934 0.634992 0.638419 0.648942 0.639876 0.625283 0.621843 0.632402 7.986556e-02 0.754
N:24 Run:3 0.648089 0.644313 0.632318 0.637834 0.627379 0.626336 0.626386 0.631744 0.626574 0.621012 0.630183 0.630476 0.639105 0.647278 0.648247 0.655547 0.648643 0.649287 0.635198 0.633268 0.632836 7.986556e-02 0.754
N:24 Run:4 0.75295 0.668461 0.624359 0.546729 0.587631 0.574413 0.52358 0.523323 0.51547 0.461656 0.554789 0.587305 0.542922 0.555027 0.60186 0.622367 0.636066 0.644355 0.640376 0.646808 0.643087 7.986556e-02 0.754
N:24 Run:5 0.517283 0.596337 0.603567 0.603853 0.604175 0.620523 0.622478 0.613123 0.596308 0.582195 0.603761 0.608521 0.633751 0.636231 0.635019 0.634162 0.623997 0.632179 0.644831 0.634429 0.637996 7.986556e-02 0.754
N:24 Run:6 0.627821 0.618523 0.620307 0.616434 0.628117 0.630507 0.63717 0.640118 0.646477 0.639916 0.63794 0.651461 0.638747 0.648976 0.646471 0.633601 0.632865 0.623968 0.631533 0.640237 0.612852 7.986556e-02 0.754
N:24 Run:7 0.570994 0.617221 0.587567 0.592501 0.567608 0.518332 0.481165 0.492612 0.466184 0.393537 0.414256 0.398693 0.435434 0.476157 0.492774 0.552074 0.575135 0.607035 0.615895 0.613188 0.619549 7.986556e-02 0.754
N:24 Run:8 0.561288 0.600945 0.559572 0.484509 0.452709 0.428772 0.414545 0.421362 0.455617 0.440333 0.415386 0.387992 0.529391 0.603308 0.62555 0.643589 0.644702 0.647997 0.636517 0.607794 0.626479 7.986556e-02 0.754
N:24 Run:9 0.664733 0.633113 0.64304 0.64784 0.638712 0.629273 0.588695 0.594608 0.473146 0.487842 0.456938 0.525202 0.495988 0.520053 0.561108 0.597387 0.598247 0.634918 0.633285 0.634678 0.646246 7.986556e-02 0.754
N:25 Run:0 0.705194 0.67068 0.629988 0.639638 0.612981 0.603129 0.574985 0.554403 0.516178 0.536432 0.501849 0.508408 0.485998 0.477427 0.496024 0.562993 0.572268 0.621473 0.632309 0.622627 0.626736 7.940956e-02 0.755
N:25 Run:1 0.676909 0.653435 0.638749 0.634718 0.635541 0.612433 0.614618 0.633143 0.634176 0.642498 0.651931 0.659282 0.662708 0.65915 0.650681 0.654388 0.637941 0.644651 0.627767 0.63914 0.620612 7.940956e-02 0.755
N:25 Run:2 0.652812 0.629991 0.649414 0.656853 0.657029 0.662702 0.660717 0.66434 0.664993 0.659842 0.664256 0.660895 0.645518 0.630934 0.634992 0.638419 0.648942 0.639876 0.625283 0.621843 0.632402 7.940956e-02 0.755
N:25 Run:3 0.648089 0.644313 0.632318 0.637834 0.627379 0.626336 0.626386 0.631744 0.626574 0.621012 0.630183 0.630476 0.639105 0.647278 0.648247 0.655547 0.648643 0.649287 0.635198 0.633268 0.632836 7.940956e-02 0.755
N:25 Run:4 0.75295 0.668461 0.624359 0.546729 0.587631 0.574413 0.52358 0.523323 0.51547 0.461656 0.554789 0.587305 0.542922 0.555027 0.60186 0.622367 0.636066 0.644355 0.640376 0.646808 0.643087 7.940956e-02 0.755
N:25 Run:5 0.517283 0.596337 0.603567 0.603853 0.604175 0.620523 0.622478 0.613123 0.596308 0.582195 0.603761 0.608521 0.633751 0.636231 0.635019 0.634162 0.623997 0.632179 0.644831 0.634429 0.637996 7.940956e-02 0.755
N:25 Run:6 0.627821 0.618523 0.620307 0.616434 0.628117 0.630507 0.63717 0.640118 0.646477 0.639916 0.63794 0.651461 0.638747 0.648976 0.646471 0.633601 0.632865 0.623968 0.631533 0.640237 0.612852 7.940956e-02 0.755
N:25 Run:7 0.570994 0.617221 0.587567 0.592501 0.567608 0.518332 0.481165 0.492612 0.466184 0.393537 0.414256 0.398693 0.435434 0.476157 0.492774 0.552074 0.575135 0.607035 0.615895 0.613188 0.619549 7.940956e-02 0.755
N:25 Run:8 0.561288 0.600945 0.559572 0.484509 0.452709 0.428772 0.414545 0.421362 0.455617 0.440333 0.415386 0.387992 0.529391 0.603308 0.62555 0.643589 0.644702 0.647997 0.636517 0.607794 0.626479 7.940956e-02 0.755
N:25 Run:9 0.664733 0.633113 0.64304 0.64784 0.638712 0.629273 0.588695 0.594608 0.473146 0.487842 0.456938 0.525202 0.495988 0.520053 0.561108 0.597387 0.598247 0.634918 0.633285 0.634678 0.646246 7.940956e-02 0.755
N:26 Run:0 0.705194 0.67068 0.629988 0.639638 0.612981 0.603129 0.574985 0.554403 0.516178 0.536432 0.501849 0.508408 0.485998 0.477427 0.496024 0.562993 0.572268 0.621473 0.632309 0.622627 0.626736 7.746395e-02 0.754
N:26 Run:1 0.676909 0.653435 0.638749 0.634718 0.635541 0.612433 0.614618 0.633143 0.634176 0.642498 0.651931 0.659282 0.662708 0.65915 0.650681 0.654388 0.637941 0.644651 0.627767 0.63914 0.620612 7.746395e-02 0.754
N:26 Run:2 0.652812 0.629991 0.649414 0.656853 0.657029 0.662702 0.660717 0.66434 0.664993 0.659842 0.664256 0.660895 0.645518 0.630934 0.634992 0.638419 0.648942 0.639876 0.625283 0.621843 0.632402 7.746395e-02 0.754
N:26 Run:3 0.648089 0.644313 0.632318 0.637834 0.627379 0.626336 0.626386 0.631744 0.626574 0.621012 0.630183 0.630476 0.639105 0.647278 0.648247 0.655547 0.648643 0.649287 0.635198 0.633268 0.632836 7.746395e-02 0.754
N:26 Run:4 0.75295 0.668461 0.624359 0.546729 0.587631 0.574413 0.52358 0.523323 0.51547 0.461656 0.554789 0.587305 0.542922 0.555027 0.60186 0.622367 0.636066 0.644355 0.640376 0.646808 0.643087 7.746395e-02 0.754
N:26 Run:5 0.517283 0.596337 0.603567 0.603853 0.604175 0.620523 0.622478 0.613123 0.596308 0.582195 0.603761 0.608521 0.633751 0.636231 0.635019 0.634162 0.623997 0.632179 0.644831 0.634429 0.637996 7.746395e-02 0.754
N:26 Run:6 0.627821 0.618523 0.620307 0.616434 0.628117 0.630507 0.63717 0.640118 0.646477 0.639916 0.63794 0.651461 0.638747 0.648976 0.646471 0.633601 0.632865 0.623968 0.631533 0.640237 0.612852 7.746395e-02 0.754
N:26 Run:7 0.570994 0.617221 0.587567 0.592501 0.567608 0.518332 0.481165 0.492612 0.466184 0.393537 0.414256 0.398693 0.435434 0.476157 0.492774 0.552074 0.575135 0.607035 0.615895 0.613188 0.619549 7.746395e-02 0.754
N:26 Run:8 0.561288 0.600945 0.559572 0.484509 0.452709 0.428772 0.414545 0.421362 0.455617 0.440333 0.415386 0.387992 0.529391 0.603308 0.62555 0.643589 0.644702 0.647997 0.636517 0.607794 0.626479 7.746395e-02 0.754
N:26 Run:9 0.664733 0.633113 0.64304 0.64784 0.638712 0.629273 0.588695 0.594608 0.473146 0.487842 0.456938 0.525202 0.495988 0.520053 0.561108 0.597387 0.598247 0.634918 0.633285 0.634678 0.646246 7.746395e-02 0.754
N:27 Run:0 0.705194 0.67068 0.629988 0.639638 0.612981 0.603129 0.574985 0.554403 0.516178 0.536432 0.501849 0.508408 0.485998 0.477427 0.496024 0.562993 0.572268 0.621473 0.632309 0.622627 0.626736 8.042723e-02 0.759
N:27 Run:1 0.676909 0.653435 0.638749 0.634718 0.635541 0.612433 0.614618 0.633143 0.634176 0.642498 0.651931 0.659282 0.662708 0.65915 0.650681 0.654388 0.637941 0.644651 0.627767 0.63914 0.620612 8.042723e-02 0.759
N:27 Run:2 0.652812 0.629991 0.649414 0.656853 0.657029 0.662702 0.660717 0.66434 0.664993 0.659842 0.664256 0.660895 0.645518 0.630934 0.634992 0.638419 0.648942 0.639876 0.625283 0.621843 0.632402 8.042723e-02 0.759
N:27 Run:3 0.648089 0.644313 0.632318 0.637834 0.627379 0.626336 0.626386 0.631744 0.626574 0.621012 0.630183 0.630476 0.639105 0.647278 0.648247 0.655547 0.648643 0.649287 0.635198 0.633268 0.632836 8.042723e-02 0.759
N:27 Run:4 0.75295 0.668461 0.624359 0.546729 0.587631 0.574413 0.52358 0.523323 0.51547 0.461656 0.554789 0.587305 0.542922 0.555027 0.60186 0.622367 0.636066 0.644355 0.640376 0.646808 0.643087 8.042723e-02 0.759
N:27 Run:5 0.517283 0.596337 0.603567 0.603853 0.604175 0.620523 0.622478 0.613123 0.596308 0.582195 0.603761 0.608521 0.633751 0.636231 0.635019 0.634162 0.623997 0.632179 0.644831 0.634429 0.637996 8.042723e-02 0.759
N:27 Run:6 0.627821 0.618523 0.620307 0.616434 0.628117 0.630507 0.63717 0.640118 0.646477 0.639916 0.63794 0.651461 0.638747 0.648976 0.646471 0.633601 0.632865 0.623968 0.631533 0.640237 0.612852 8.042723e-02 0.759
N:27 Run:7 0.570994 0.617221 0.587567 0.592501 0.567608 0.518332 0.481165 0.492612 0.466184 0.393537 0.414256 0.398693 0.435434 0.476157 0.492774 0.552074 0.575135 0.607035 0.615895 0.613188 0.619549 8.042723e-02 0.759
N:27 Run:8 0.561288 0.600945 0.559572 0.484509 0.452709 0.428772 0.414545 0.421362 0.455617 0.440333 0.415386 0.387992 0.529391 0.603308 0.62555 0.643589 0.644702 0.647997 0.636517 0.607794 0.626479 8.042723e-02 0.759
N:27 Run:9 0.664733 0.633113 0.64304 0.64784 0.638712 0.629273 0.588695 0.594608 0.473146 0.487842 0.456938 0.525202 0.495988 0.520053 0.561108 0.597387 0.598247 0.634918 0.633285 0.634678 0.646246 8.042723e-02 0.759
N:28 Run:0 0.705194 0.67068 0.629988 0.639638 0.612981 0.603129 0.574985 0.554403 0.516178 0.536432 0.501849 0.508408 0.485998 0.477427 0.496024 0.562993 0.572268 0.621473 0.632309 0.622627 0.626736 7.938004e-02 0.758
N:28 Run:1 0.676909 0.653435 0.638749 0.634718 0.635541 0.612433 0.614618 0.633143 0.634176 0.642498 0.651931 0.659282 0.662708 0.65915 0.650681 0.654388 0.637941 0.644651 0.627767 0.63914 0.620612 7.938004e-02 0.758
N:28 Run:2 0.652812 0.629991 0.649414 0.656853 0.657029 0.662702 0.660717 0.66434 0.664993 0.659842 0.664256 0.660895 0.645518 0.630934 0.634992 0.638419 0.648942 0.639876 0.625283 0.621843 0.632402 7.938004e-02 0.758
N:28 Run:3 0.648089 0.644313 0.632318 0.637834 0.627379 0.626336 0.626386 0.631744 0.626574 0.621012 0.630183 0.630476 0.639105 0.647278 0.648247 0.655547 0.648643 0.649287 0.635198 0.633268 0.632836 7.938004e-02 0.758
N:28 Run:4 0.75295 0.668461 0.624359 0.546729 0.587631 0.574413 0.52358 0.523323 0.51547 0.461656 0.554789 0.587305 0.542922 0.555027 0.60186 0.622367 0.636066 0.644355 0.640376 0.646808 0.643087 7.938004e-02 0.758
N:28 Run:5 0.517283 0.596337 0.603567 0.603853 0.604175 0.620523 0.622478 0.613123 0.596308 0.582195 0.603761 0.608521 0.633751 0.636231 0.635019 0.634162 0.623997 0.632179 0.644831 0.634429 0.637996 7.938004e-02 0.758
N:28 Run:6 0.627821 0.618523 0.620307 0.616434 0.628117 0.630507 0.63717 0.640118 0.646477 0.639916 0.63794 0.651461 0.638747 0.648976 0.646471 0.633601 0.632865 0.623968 0.631533 0.640237 0.612852 7.938004e-02 0.758
N:28 Run:7 0.570994 0.617221 0.587567 0.592501 0.567608 0.518332 0.481165 0.492612 0.466184 0.393537 0.414256 0.398693 0.435434 0.476157 0.492774 0.552074 0.575135 0.607035 0.615895 0.613188 0.619549 7.938004e-02 0.758
N:28 Run:8 0.561288 0.600945 0.559572 0.484509 0.452709 0.428772 0.414545 0.421362 0.455617 0.440333 0.415386 0.387992 0.529391 0.603308 0.62555 0.643589 0.644702 0.647997 0.636517 0.607794 0.626479 7.938004e-02 0.758
N:28 Run:9 0.664733 0.633113 0.64304 0.64784 0.638712 0.629273 0.588695 0.594608 0.473146 0.487842 0.456938 0.525202 0.495988 0.520053 0.561108 0.597387 0.598247 0.634918 0.633285 0.634678 0.646246 7.938004e-02 0.758
N:29 Run:0 0.705194 0.67068 0.629988 0.639638 0.612981 0.603129 0.574985 0.554403 0.516178 0.536432 0.501849 0.508408 0.485998 0.477427 0.496024 0.562993 0.572268 0.621473 0.632309 0.622627 0.626736 8.055217e-02 0.755
N:29 Run:1 0.676909 0.653435 0.638749 0.634718 0.635541 0.612433 0.614618 0.633143 0.634176 0.642498 0.651931 0.659282 0.662708 0.65915 0.650681 0.654388 0.637941 0.644651 0.627767 0.63914 0.620612 8.055217e-02 0.755
N:29 Run:2 0.652812 0.629991 0.649414 0.656853 0.657029 0.662702 0.660717 0.66434 0.664993 0.659842 0.664256 0.660895 0.645518 0.630934 0.634992 0.638419 0.648942 0.639876 0.625283 0.621843 0.632402 8.055217e-02 0.755
N:29 Run:3 0.648089 0.644313 0.632318 0.637834 0.627379 0.626336 0.626386 0.631744 0.626574 0.621012 0.630183 0.630476 0.639105 0.647278 0.648247 0.655547 0.648643 0.649287 0.635198 0.633268 0.632836 8.055217e-02 0.755
N:29 Run:4 0.75295 0.668461 0.624359 0.546729 0.587631 0.574413 0.52358 0.523323 0.51547 0.461656 0.554789 0.587305 0.542922 0.555027 0.60186 0.622367 0.636066 0.644355 0.640376 0.646808 0.643087 8.055217e-02 0.755
N:29 Run:5 0.517283 0.596337 0.603567 0.603853 0.604175 0.620523 0.622478 0.613123 0.596308 0.582195 0.603761 0.608521 0.633751 0.636231 0.635019 0.634162 0.623997 0.632179 0.644831 0.634429 0.637996 8.055217e-02 0.755
N:29 Run:6 0.627821 0.618523 0.620307 0.616434 0.628117 0.630507 0.63717 0.640118 0.646477 0.639916 0.63794 0.651461 0.638747 0.648976 0.646471 0.633601 0.632865 0.623968 0.631533 0.640237 0.612852 8.055217e-02 0.755
N:29 Run:7 0.570994 0.617221 0.587567 0.592501 0.567608 0.518332 0.481165 0.492612 0.466184 0.393537 0.414256 0.398693 0.435434 0.476157 0.492774 0.552074 0.575135 0.607035 0.615895 0.613188 0.619549 8.055217e-02 0.755
N:29 Run:8 0.561288 0.600945 0.559572 0.484509 0.452709 0.428772 0.414545 0.421362 0.455617 0.440333 0.415386 0.387992 0.529391 0.603308 0.62555 0.643589 0.644702 0.647997 0.636517 0.607794 0.626479 8.055217e-02 0.755
N:29 Run:9 0.664733 0.633113 0.64304 0.64784 0.638712 0.629273 0.588695 0.594608 0.473146 0.487842 0.456938 0.525202 0.495988 0.520053 0.561108 0.597387 0.598247 0.634918 0.633285 0.634678 0.646246 8.055217e-02 0.755
