Seed:1578629406
N:0 Run:0 0.13278 0.0747941 0.105756 0.0788661 0.0664863 0.0829071 0.072975 0.100438 0.0780179 0.100785 0.0833938 0.0842498 0.0711163 0.0712434 0.0801783 0.0694534 0.0701642 0.0754526 0.0637212 0.0607147 0.0655947 1.817197e-02 0.694
N:0 Run:1 0.0824837 0.061667 0.0625496 0.0681454 0.0772563 0.0677156 0.0700278 0.0653793 0.0730399 0.0688126 0.072736 0.0837681 0.0944368 0.157195 0.177964 0.150537 0.130818 0.0988604 0.115716 0.111304 0.0903525 1.817197e-02 0.694
N:0 Run:2 0.0836953 0.0619062 0.0571006 0.0611622 0.0540972 0.0552501 0.0541059 0.0562211 0.0545996 0.0547804 0.0570666 0.0595947 0.0697194 0.0630222 0.0684206 0.0624347 0.0774732 0.067061 0.064785 0.0654327 0.0776935 1.817197e-02 0.694
N:0 Run:3 0.0619515 0.0714653 0.0559425 0.0580304 0.0571121 0.0543762 0.0548516 0.0538605 0.053864 0.0548382 0.0542015 0.0538545 0.0623532 0.076478 0.0786586 0.0858898 0.0892087 0.0720095 0.132494 0.11526 0.257474 1.817197e-02 0.694
N:0 Run:4 0.0708117 0.0669588 0.0704649 0.0887962 0.0677227 0.0649138 0.0652908 0.0711654 0.0603008 0.0615391 0.066079 0.0587996 0.0647722 0.0691423 0.0721253 0.0649863 0.0654642 0.0644966 0.0647574 0.0648273 0.0583328 1.817197e-02 0.694
N:0 Run:5 0.111628 0.0764562 0.0663559 0.0763639 0.070679 0.0719043 0.064236 0.0670442 0.061763 0.0675605 0.0634766 0.0674702 0.0680233 0.0649589 0.0738117 0.0836654 0.0761399 0.0721439 0.0744472 0.0787237 0.0718248 1.817197e-02 0.694
N:0 Run:6 0.0933079 0.0813397 0.0780794 0.0680474 0.0599246 0.0620203 0.0693758 0.0660599 0.0782485 0.0645498 0.0639165 0.0643811 0.0670915 0.0592454 0.0758133 0.0843638 0.0652864 0.0721913 0.0677295 0.0600478 0.0654309 1.817197e-02 0.694
N:0 Run:7 0.0974295 0.0651348 0.0828859 0.0731125 0.0687316 0.0889838 0.0645103 0.0690338 0.0634847 0.0695162 0.0599681 0.0867965 0.0750978 0.0727584 0.0589846 0.0638549 0.0815438 0.0671436 0.0703972 0.0745802 0.0706541 1.817197e-02 0.694
N:0 Run:8 0.11425 0.0762346 0.0917761 0.107037 0.0833659 0.0897261 0.0684553 0.065384 0.0645938 0.0805154 0.0708297 0.0853133 0.0795892 0.0891578 0.12422 0.147906 0.155319 0.121892 0.110742 0.116841 0.0856442 1.817197e-02 0.694
N:0 Run:9 0.129777 0.0689204 0.0923539 0.0830243 0.10256 0.0732655 0.0740735 0.0713107 0.0753121 0.06429 0.0736578 0.0693828 0.0675229 0.065126 0.0831264 0.0785455 0.0764164 0.0659367 0.0661472 0.062706 0.0770381 1.817197e-02 0.694
N:1 Run:0 0.13278 0.102185 0.088182 0.0813177 0.0738498 0.0667353 0.0753008 0.0705843 0.0668719 0.0644811 0.0657333 0.0619638 0.0688753 0.0673572 0.0670494 0.0716858 0.0756576 0.0672832 0.0701173 0.0677795 0.0645127 1.333653e-02 0.746
N:1 Run:1 0.0824837 0.0771638 0.0674113 0.0763319 0.0747702 0.0695503 0.063149 0.067774 0.0710203 0.076819 0.0841095 0.110202 0.1647 0.190986 0.160499 0.134395 0.111099 0.093996 0.0796776 0.0751772 0.0734919 1.333653e-02 0.746
N:1 Run:2 0.0836953 0.0844863 0.0805896 0.0760332 0.070395 0.0829841 0.0827205 0.0761997 0.0696529 0.0659206 0.0655561 0.0695192 0.0768553 0.0715444 0.0731104 0.0733479 0.0718512 0.0667384 0.0642357 0.0620031 0.0625026 1.333653e-02 0.746
N:1 Run:3 0.0619515 0.0605667 0.0510588 0.0451185 0.0409661 0.0386555 0.0371146 0.0362477 0.0361455 0.0354905 0.0355519 0.0351478 0.0599333 0.0641553 0.0800577 0.0909841 0.0834321 0.0887125 0.102904 0.169858 0.312389 1.333653e-02 0.746
N:1 Run:4 0.0708117 0.068666 0.0696902 0.0673244 0.0647731 0.063001 0.0592773 0.0600364 0.0564852 0.0547492 0.0585454 0.0570175 0.0639423 0.0666916 0.0731023 0.074012 0.074825 0.0754929 0.0747193 0.0767801 0.0879659 1.333653e-02 0.746
N:1 Run:5 0.111628 0.0944291 0.0842176 0.0723872 0.0638748 0.0614286 0.0562511 0.0598512 0.054618 0.0515382 0.0546873 0.0536663 0.0636009 0.0715391 0.0753765 0.0753154 0.0807161 0.092409 0.0935259 0.0846668 0.0769994 1.333653e-02 0.746
N:1 Run:6 0.0933079 0.0829275 0.0726249 0.0758434 0.0694255 0.0748989 0.0742558 0.0744282 0.070734 0.0678485 0.0646486 0.0665402 0.0633691 0.0659312 0.0684796 0.0701706 0.0773021 0.0775999 0.0751514 0.077848 0.0790407 1.333653e-02 0.746
N:1 Run:7 0.0974295 0.0819047 0.0795086 0.0869697 0.0866996 0.079348 0.07596 0.0742707 0.0682228 0.0734105 0.0708261 0.0726442 0.0784327 0.0684008 0.0659529 0.064314 0.0632395 0.0637744 0.0661531 0.0641224 0.0675646 1.333653e-02 0.746
N:1 Run:8 0.11425 0.105982 0.0962267 0.0898021 0.0836669 0.0801981 0.0815886 0.0814286 0.0754243 0.0776788 0.0818899 0.0974506 0.120243 0.142086 0.140917 0.133693 0.113747 0.1041 0.0945203 0.081123 0.073386 1.333653e-02 0.746
N:1 Run:9 0.129777 0.113489 0.100299 0.0895015 0.0808686 0.080088 0.0757284 0.0707412 0.0708608 0.071308 0.0719759 0.0686347 0.0633207 0.0595077 0.0638224 0.0669556 0.0701606 0.0737713 0.0719888 0.0700581 0.0659088 1.333653e-02 0.746
N:2 Run:0 0.13278 0.0989877 0.0857225 0.080193 0.0727282 0.0640374 0.0751277 0.0703109 0.0664024 0.0639846 0.0661172 0.0612942 0.0705597 0.068524 0.067916 0.0739455 0.0787853 0.0675007 0.0716104 0.0686595 0.0644979 1.074202e-02 0.729
N:2 Run:1 0.0824837 0.077409 0.0655855 0.0780473 0.0765356 0.0700979 0.0620003 0.0687153 0.072844 0.0799043 0.0885159 0.117614 0.172871 0.197617 0.163828 0.135958 0.111096 0.0931055 0.0775988 0.0742758 0.073263 1.074202e-02 0.729
N:2 Run:2 0.0836953 0.0863412 0.0823735 0.0772829 0.0705988 0.0866337 0.0858009 0.0767354 0.0692113 0.0652592 0.0654848 0.0709791 0.0801718 0.0731301 0.0753154 0.0756525 0.0737385 0.0671002 0.0641244 0.0614216 0.0624312 1.074202e-02 0.729
N:2 Run:3 0.0619515 0.0601274 0.0430286 0.0331783 0.0277816 0.0248301 0.0232167 0.0223351 0.0218534 0.0215901 0.0214462 0.0213677 0.0600252 0.0654613 0.0845162 0.0938956 0.0845761 0.0920234 0.108726 0.176845 0.30552 1.074202e-02 0.729
N:2 Run:4 0.0708117 0.0688844 0.0492863 0.036978 0.0298546 0.0259622 0.0238352 0.0226737 0.0220385 0.0216913 0.0215015 0.0213979 0.0461536 0.0580928 0.0706161 0.0738343 0.0759794 0.07733 0.0767178 0.0795098 0.0928349 1.074202e-02 0.729
N:2 Run:5 0.111628 0.0935759 0.0841932 0.073223 0.0685916 0.0690321 0.0618484 0.0703213 0.0631763 0.0646434 0.0684533 0.0681034 0.0738547 0.0795411 0.0815413 0.079863 0.0856157 0.0986714 0.0990944 0.0878208 0.0784627 1.074202e-02 0.729
N:2 Run:6 0.0933079 0.0825353 0.0705315 0.0764244 0.0690431 0.0768316 0.0763037 0.0767095 0.0720051 0.0684087 0.0644816 0.0673763 0.0630999 0.0667898 0.0701204 0.072218 0.0809755 0.0809961 0.0776995 0.0810278 0.0824182 1.074202e-02 0.729
N:2 Run:7 0.0974295 0.0802516 0.0795824 0.089803 0.0899417 0.0810684 0.0774214 0.075684 0.0673381 0.0749471 0.0719581 0.073949 0.0815331 0.0683126 0.0657975 0.0641563 0.0630435 0.0640546 0.0672452 0.0640028 0.0687713 1.074202e-02 0.729
N:2 Run:8 0.11425 0.107289 0.0976259 0.0914665 0.0850607 0.0816255 0.0841301 0.0843518 0.0764552 0.0799464 0.0853941 0.102793 0.127722 0.149947 0.147441 0.139226 0.116622 0.106636 0.0965188 0.0809608 0.0726667 1.074202e-02 0.729
N:2 Run:9 0.129777 0.113858 0.100807 0.0898383 0.0809017 0.0814209 0.0767982 0.0709792 0.0718446 0.0728104 0.0738624 0.0692829 0.0625458 0.0577648 0.0640802 0.0682699 0.0722853 0.0765818 0.0739279 0.071373 0.0661029 1.074202e-02 0.729
N:3 Run:0 0.13278 0.0989877 0.0857225 0.080193 0.0727282 0.0640374 0.0751277 0.0703109 0.0664024 0.0639846 0.0661172 0.0612942 0.0705597 0.068524 0.067916 0.0739455 0.0787853 0.0675007 0.0716104 0.0686595 0.0644979 1.179561e-02 0.732
N:3 Run:1 0.0824837 0.077409 0.0655855 0.0780473 0.0765356 0.0700979 0.0620003 0.0687153 0.072844 0.0799043 0.0885159 0.117614 0.172871 0.197617 0.163828 0.135958 0.111096 0.0931055 0.0775988 0.0742758 0.073263 1.179561e-02 0.732
N:3 Run:2 0.0836953 0.0863412 0.0823735 0.0772829 0.0705988 0.0866337 0.0858009 0.0767354 0.0692113 0.0652592 0.0654848 0.0709791 0.0801718 0.0731301 0.0753154 0.0756525 0.0737385 0.0671002 0.0641244 0.0614216 0.0624312 1.179561e-02 0.732
N:3 Run:3 0.0619515 0.0601274 0.0430286 0.0331783 0.0277816 0.0248301 0.0232167 0.0223351 0.0218534 0.0215901 0.0214462 0.0213677 0.0600252 0.0654613 0.0845162 0.0938956 0.0845761 0.0920234 0.108726 0.176845 0.30552 1.179561e-02 0.732
N:3 Run:4 0.0708117 0.0688844 0.0492863 0.036978 0.0298546 0.0259622 0.0238352 0.0226737 0.0220385 0.0216913 0.0215015 0.0213979 0.0461536 0.0580928 0.0706161 0.0738343 0.0759794 0.07733 0.0767178 0.0795098 0.0928349 1.179561e-02 0.732
N:3 Run:5 0.111628 0.0935759 0.0841932 0.073223 0.0685916 0.0690321 0.0618484 0.0703213 0.0631763 0.0646434 0.0684533 0.0681034 0.0738547 0.0795411 0.0815413 0.079863 0.0856157 0.0986714 0.0990944 0.0878208 0.0784627 1.179561e-02 0.732
N:3 Run:6 0.0933079 0.0825353 0.0705315 0.0764244 0.0690431 0.0768316 0.0763037 0.0767095 0.0720051 0.0684087 0.0644816 0.0673763 0.0630999 0.0667898 0.0701204 0.072218 0.0809755 0.0809961 0.0776995 0.0810278 0.0824182 1.179561e-02 0.732
N:3 Run:7 0.0974295 0.0802516 0.0795824 0.089803 0.0899417 0.0810684 0.0774214 0.075684 0.0673381 0.0749471 0.0719581 0.073949 0.0815331 0.0683126 0.0657975 0.0641563 0.0630435 0.0640546 0.0672452 0.0640028 0.0687713 1.179561e-02 0.732
N:3 Run:8 0.11425 0.107289 0.0976259 0.0914665 0.0850607 0.0816255 0.0841301 0.0843518 0.0764552 0.0799464 0.0853941 0.102793 0.127722 0.149947 0.147441 0.139226 0.116622 0.106636 0.0965188 0.0809608 0.0726667 1.179561e-02 0.732
N:3 Run:9 0.129777 0.113858 0.100807 0.0898383 0.0809017 0.0814209 0.0767982 0.0709792 0.0718446 0.0728104 0.0738624 0.0692829 0.0625458 0.0577648 0.0640802 0.0682699 0.0722853 0.0765818 0.0739279 0.071373 0.0661029 1.179561e-02 0.732
N:4 Run:0 0.13278 0.0989877 0.0857225 0.080193 0.0727282 0.0640374 0.0751277 0.0703109 0.0664024 0.0639846 0.0661172 0.0612942 0.0705597 0.068524 0.067916 0.0739455 0.0787853 0.0675007 0.0716104 0.0686595 0.0644979 1.728397e-02 0.721
N:4 Run:1 0.0824837 0.077409 0.0655855 0.0780473 0.0765356 0.0700979 0.0620003 0.0687153 0.072844 0.0799043 0.0885159 0.117614 0.172871 0.197617 0.163828 0.135958 0.111096 0.0931055 0.0775988 0.0742758 0.073263 1.728397e-02 0.721
N:4 Run:2 0.0836953 0.0863412 0.0823735 0.0772829 0.0705988 0.0866337 0.0858009 0.0767354 0.0692113 0.0652592 0.0654848 0.0709791 0.0801718 0.0731301 0.0753154 0.0756525 0.0737385 0.0671002 0.0641244 0.0614216 0.0624312 1.728397e-02 0.721
N:4 Run:3 0.0619515 0.0601274 0.0430286 0.0331783 0.0277816 0.0248301 0.0232167 0.0223351 0.0218534 0.0215901 0.0214462 0.0213677 0.0600252 0.0654613 0.0845162 0.0938956 0.0845761 0.0920234 0.108726 0.176845 0.30552 1.728397e-02 0.721
N:4 Run:4 0.0708117 0.0688844 0.0492863 0.036978 0.0298546 0.0259622 0.0238352 0.0226737 0.0220385 0.0216913 0.0215015 0.0213979 0.0461536 0.0580928 0.0706161 0.0738343 0.0759794 0.07733 0.0767178 0.0795098 0.0928349 1.728397e-02 0.721
N:4 Run:5 0.111628 0.0935759 0.0841932 0.073223 0.0685916 0.0690321 0.0618484 0.0703213 0.0631763 0.0646434 0.0684533 0.0681034 0.0738547 0.0795411 0.0815413 0.079863 0.0856157 0.0986714 0.0990944 0.0878208 0.0784627 1.728397e-02 0.721
N:4 Run:6 0.0933079 0.0825353 0.0705315 0.0764244 0.0690431 0.0768316 0.0763037 0.0767095 0.0720051 0.0684087 0.0644816 0.0673763 0.0630999 0.0667898 0.0701204 0.072218 0.0809755 0.0809961 0.0776995 0.0810278 0.0824182 1.728397e-02 0.721
N:4 Run:7 0.0974295 0.0802516 0.0795824 0.089803 0.0899417 0.0810684 0.0774214 0.075684 0.0673381 0.0749471 0.0719581 0.073949 0.0815331 0.0683126 0.0657975 0.0641563 0.0630435 0.0640546 0.0672452 0.0640028 0.0687713 1.728397e-02 0.721
N:4 Run:8 0.11425 0.107289 0.0976259 0.0914665 0.0850607 0.0816255 0.0841301 0.0843518 0.0764552 0.0799464 0.0853941 0.102793 0.127722 0.149947 0.147441 0.139226 0.116622 0.106636 0.0965188 0.0809608 0.0726667 1.728397e-02 0.721
N:4 Run:9 0.129777 0.113858 0.100807 0.0898383 0.0809017 0.0814209 0.0767982 0.0709792 0.0718446 0.0728104 0.0738624 0.0692829 0.0625458 0.0577648 0.0640802 0.0682699 0.0722853 0.0765818 0.0739279 0.071373 0.0661029 1.728397e-02 0.721
N:5 Run:0 0.13278 0.0989877 0.0857225 0.080193 0.0727282 0.0640374 0.0751277 0.0703109 0.0664024 0.0639846 0.0661172 0.0612942 0.0705597 0.068524 0.067916 0.0739455 0.0787853 0.0675007 0.0716104 0.0686595 0.0644979 2.123356e-02 0.648
N:5 Run:1 0.0824837 0.077409 0.0655855 0.0780473 0.0765356 0.0700979 0.0620003 0.0687153 0.072844 0.0799043 0.0885159 0.117614 0.172871 0.197617 0.163828 0.135958 0.111096 0.0931055 0.0775988 0.0742758 0.073263 2.123356e-02 0.648
N:5 Run:2 0.0836953 0.0863412 0.0823735 0.0772829 0.0705988 0.0866337 0.0858009 0.0767354 0.0692113 0.0652592 0.0654848 0.0709791 0.0801718 0.0731301 0.0753154 0.0756525 0.0737385 0.0671002 0.0641244 0.0614216 0.0624312 2.123356e-02 0.648
N:5 Run:3 0.0619515 0.0601274 0.0430286 0.0331783 0.0277816 0.0248301 0.0232167 0.0223351 0.0218534 0.0215901 0.0214462 0.0213677 0.0600252 0.0654613 0.0845162 0.0938956 0.0845761 0.0920234 0.108726 0.176845 0.30552 2.123356e-02 0.648
N:5 Run:4 0.0708117 0.0688844 0.0492863 0.036978 0.0298546 0.0259622 0.0238352 0.0226737 0.0220385 0.0216913 0.0215015 0.0213979 0.0461536 0.0580928 0.0706161 0.0738343 0.0759794 0.07733 0.0767178 0.0795098 0.0928349 2.123356e-02 0.648
N:5 Run:5 0.111628 0.0935759 0.0841932 0.073223 0.0685916 0.0690321 0.0618484 0.0703213 0.0631763 0.0646434 0.0684533 0.0681034 0.0738547 0.0795411 0.0815413 0.079863 0.0856157 0.0986714 0.0990944 0.0878208 0.0784627 2.123356e-02 0.648
N:5 Run:6 0.0933079 0.0825353 0.0705315 0.0764244 0.0690431 0.0768316 0.0763037 0.0767095 0.0720051 0.0684087 0.0644816 0.0673763 0.0630999 0.0667898 0.0701204 0.072218 0.0809755 0.0809961 0.0776995 0.0810278 0.0824182 2.123356e-02 0.648
N:5 Run:7 0.0974295 0.0802516 0.0795824 0.089803 0.0899417 0.0810684 0.0774214 0.075684 0.0673381 0.0749471 0.0719581 0.073949 0.0815331 0.0683126 0.0657975 0.0641563 0.0630435 0.0640546 0.0672452 0.0640028 0.0687713 2.123356e-02 0.648
N:5 Run:8 0.11425 0.107289 0.0976259 0.0914665 0.0850607 0.0816255 0.0841301 0.0843518 0.0764552 0.0799464 0.0853941 0.102793 0.127722 0.149947 0.147441 0.139226 0.116622 0.106636 0.0965188 0.0809608 0.0726667 2.123356e-02 0.648
N:5 Run:9 0.129777 0.113858 0.100807 0.0898383 0.0809017 0.0814209 0.0767982 0.0709792 0.0718446 0.0728104 0.0738624 0.0692829 0.0625458 0.0577648 0.0640802 0.0682699 0.0722853 0.0765818 0.0739279 0.071373 0.0661029 2.123356e-02 0.648
N:6 Run:0 0.13278 0.0989877 0.0857225 0.080193 0.0727282 0.0640374 0.0751277 0.0703109 0.0664024 0.0639846 0.0661172 0.0612942 0.0705597 0.068524 0.067916 0.0739455 0.0787853 0.0675007 0.0716104 0.0686595 0.0644979 1.574274e-02 0.738
N:6 Run:1 0.0824837 0.077409 0.0655855 0.0780473 0.0765356 0.0700979 0.0620003 0.0687153 0.072844 0.0799043 0.0885159 0.117614 0.172871 0.197617 0.163828 0.135958 0.111096 0.0931055 0.0775988 0.0742758 0.073263 1.574274e-02 0.738
N:6 Run:2 0.0836953 0.0863412 0.0823735 0.0772829 0.0705988 0.0866337 0.0858009 0.0767354 0.0692113 0.0652592 0.0654848 0.0709791 0.0801718 0.0731301 0.0753154 0.0756525 0.0737385 0.0671002 0.0641244 0.0614216 0.0624312 1.574274e-02 0.738
N:6 Run:3 0.0619515 0.0601274 0.0430286 0.0331783 0.0277816 0.0248301 0.0232167 0.0223351 0.0218534 0.0215901 0.0214462 0.0213677 0.0600252 0.0654613 0.0845162 0.0938956 0.0845761 0.0920234 0.108726 0.176845 0.30552 1.574274e-02 0.738
N:6 Run:4 0.0708117 0.0688844 0.0492863 0.036978 0.0298546 0.0259622 0.0238352 0.0226737 0.0220385 0.0216913 0.0215015 0.0213979 0.0461536 0.0580928 0.0706161 0.0738343 0.0759794 0.07733 0.0767178 0.0795098 0.0928349 1.574274e-02 0.738
N:6 Run:5 0.111628 0.0935759 0.0841932 0.073223 0.0685916 0.0690321 0.0618484 0.0703213 0.0631763 0.0646434 0.0684533 0.0681034 0.0738547 0.0795411 0.0815413 0.079863 0.0856157 0.0986714 0.0990944 0.0878208 0.0784627 1.574274e-02 0.738
N:6 Run:6 0.0933079 0.0825353 0.0705315 0.0764244 0.0690431 0.0768316 0.0763037 0.0767095 0.0720051 0.0684087 0.0644816 0.0673763 0.0630999 0.0667898 0.0701204 0.072218 0.0809755 0.0809961 0.0776995 0.0810278 0.0824182 1.574274e-02 0.738
N:6 Run:7 0.0974295 0.0802516 0.0795824 0.089803 0.0899417 0.0810684 0.0774214 0.075684 0.0673381 0.0749471 0.0719581 0.073949 0.0815331 0.0683126 0.0657975 0.0641563 0.0630435 0.0640546 0.0672452 0.0640028 0.0687713 1.574274e-02 0.738
N:6 Run:8 0.11425 0.107289 0.0976259 0.0914665 0.0850607 0.0816255 0.0841301 0.0843518 0.0764552 0.0799464 0.0853941 0.102793 0.127722 0.149947 0.147441 0.139226 0.116622 0.106636 0.0965188 0.0809608 0.0726667 1.574274e-02 0.738
N:6 Run:9 0.129777 0.113858 0.100807 0.0898383 0.0809017 0.0814209 0.0767982 0.0709792 0.0718446 0.0728104 0.0738624 0.0692829 0.0625458 0.0577648 0.0640802 0.0682699 0.0722853 0.0765818 0.0739279 0.071373 0.0661029 1.574274e-02 0.738
N:7 Run:0 0.13278 0.0989877 0.0857225 0.080193 0.0727282 0.0640374 0.0751277 0.0703109 0.0664024 0.0639846 0.0661172 0.0612942 0.0705597 0.068524 0.067916 0.0739455 0.0787853 0.0675007 0.0716104 0.0686595 0.0644979 1.599066e-02 0.750
N:7 Run:1 0.0824837 0.077409 0.0655855 0.0780473 0.0765356 0.0700979 0.0620003 0.0687153 0.072844 0.0799043 0.0885159 0.117614 0.172871 0.197617 0.163828 0.135958 0.111096 0.0931055 0.0775988 0.0742758 0.073263 1.599066e-02 0.750
N:7 Run:2 0.0836953 0.0863412 0.0823735 0.0772829 0.0705988 0.0866337 0.0858009 0.0767354 0.0692113 0.0652592 0.0654848 0.0709791 0.0801718 0.0731301 0.0753154 0.0756525 0.0737385 0.0671002 0.0641244 0.0614216 0.0624312 1.599066e-02 0.750
N:7 Run:3 0.0619515 0.0601274 0.0430286 0.0331783 0.0277816 0.0248301 0.0232167 0.0223351 0.0218534 0.0215901 0.0214462 0.0213677 0.0600252 0.0654613 0.0845162 0.0938956 0.0845761 0.0920234 0.108726 0.176845 0.30552 1.599066e-02 0.750
N:7 Run:4 0.0708117 0.0688844 0.0492863 0.036978 0.0298546 0.0259622 0.0238352 0.0226737 0.0220385 0.0216913 0.0215015 0.0213979 0.0461536 0.0580928 0.0706161 0.0738343 0.0759794 0.07733 0.0767178 0.0795098 0.0928349 1.599066e-02 0.750
N:7 Run:5 0.111628 0.0935759 0.0841932 0.073223 0.0685916 0.0690321 0.0618484 0.0703213 0.0631763 0.0646434 0.0684533 0.0681034 0.0738547 0.0795411 0.0815413 0.079863 0.0856157 0.0986714 0.0990944 0.0878208 0.0784627 1.599066e-02 0.750
N:7 Run:6 0.0933079 0.0825353 0.0705315 0.0764244 0.0690431 0.0768316 0.0763037 0.0767095 0.0720051 0.0684087 0.0644816 0.0673763 0.0630999 0.0667898 0.0701204 0.072218 0.0809755 0.0809961 0.0776995 0.0810278 0.0824182 1.599066e-02 0.750
N:7 Run:7 0.0974295 0.0802516 0.0795824 0.089803 0.0899417 0.0810684 0.0774214 0.075684 0.0673381 0.0749471 0.0719581 0.073949 0.0815331 0.0683126 0.0657975 0.0641563 0.0630435 0.0640546 0.0672452 0.0640028 0.0687713 1.599066e-02 0.750
N:7 Run:8 0.11425 0.107289 0.0976259 0.0914665 0.0850607 0.0816255 0.0841301 0.0843518 0.0764552 0.0799464 0.0853941 0.102793 0.127722 0.149947 0.147441 0.139226 0.116622 0.106636 0.0965188 0.0809608 0.0726667 1.599066e-02 0.750
N:7 Run:9 0.129777 0.113858 0.100807 0.0898383 0.0809017 0.0814209 0.0767982 0.0709792 0.0718446 0.0728104 0.0738624 0.0692829 0.0625458 0.0577648 0.0640802 0.0682699 0.0722853 0.0765818 0.0739279 0.071373 0.0661029 1.599066e-02 0.750
N:8 Run:0 0.13278 0.0989877 0.0857225 0.080193 0.0727282 0.0640374 0.0751277 0.0703109 0.0664024 0.0639846 0.0661172 0.0612942 0.0705597 0.068524 0.067916 0.0739455 0.0787853 0.0675007 0.0716104 0.0686595 0.0644979 1.796131e-02 0.716
N:8 Run:1 0.0824837 0.077409 0.0655855 0.0780473 0.0765356 0.0700979 0.0620003 0.0687153 0.072844 0.0799043 0.0885159 0.117614 0.172871 0.197617 0.163828 0.135958 0.111096 0.0931055 0.0775988 0.0742758 0.073263 1.796131e-02 0.716
N:8 Run:2 0.0836953 0.0863412 0.0823735 0.0772829 0.0705988 0.0866337 0.0858009 0.0767354 0.0692113 0.0652592 0.0654848 0.0709791 0.0801718 0.0731301 0.0753154 0.0756525 0.0737385 0.0671002 0.0641244 0.0614216 0.0624312 1.796131e-02 0.716
N:8 Run:3 0.0619515 0.0601274 0.0430286 0.0331783 0.0277816 0.0248301 0.0232167 0.0223351 0.0218534 0.0215901 0.0214462 0.0213677 0.0600252 0.0654613 0.0845162 0.0938956 0.0845761 0.0920234 0.108726 0.176845 0.30552 1.796131e-02 0.716
N:8 Run:4 0.0708117 0.0688844 0.0492863 0.036978 0.0298546 0.0259622 0.0238352 0.0226737 0.0220385 0.0216913 0.0215015 0.0213979 0.0461536 0.0580928 0.0706161 0.0738343 0.0759794 0.07733 0.0767178 0.0795098 0.0928349 1.796131e-02 0.716
N:8 Run:5 0.111628 0.0935759 0.0841932 0.073223 0.0685916 0.0690321 0.0618484 0.0703213 0.0631763 0.0646434 0.0684533 0.0681034 0.0738547 0.0795411 0.0815413 0.079863 0.0856157 0.0986714 0.0990944 0.0878208 0.0784627 1.796131e-02 0.716
N:8 Run:6 0.0933079 0.0825353 0.0705315 0.0764244 0.0690431 0.0768316 0.0763037 0.0767095 0.0720051 0.0684087 0.0644816 0.0673763 0.0630999 0.0667898 0.0701204 0.072218 0.0809755 0.0809961 0.0776995 0.0810278 0.0824182 1.796131e-02 0.716
N:8 Run:7 0.0974295 0.0802516 0.0795824 0.089803 0.0899417 0.0810684 0.0774214 0.075684 0.0673381 0.0749471 0.0719581 0.073949 0.0815331 0.0683126 0.0657975 0.0641563 0.0630435 0.0640546 0.0672452 0.0640028 0.0687713 1.796131e-02 0.716
N:8 Run:8 0.11425 0.107289 0.0976259 0.0914665 0.0850607 0.0816255 0.0841301 0.0843518 0.0764552 0.0799464 0.0853941 0.102793 0.127722 0.149947 0.147441 0.139226 0.116622 0.106636 0.0965188 0.0809608 0.0726667 1.796131e-02 0.716
N:8 Run:9 0.129777 0.113858 0.100807 0.0898383 0.0809017 0.0814209 0.0767982 0.0709792 0.0718446 0.0728104 0.0738624 0.0692829 0.0625458 0.0577648 0.0640802 0.0682699 0.0722853 0.0765818 0.0739279 0.071373 0.0661029 1.796131e-02 0.716
N:9 Run:0 0.13278 0.0989877 0.0857225 0.080193 0.0727282 0.0640374 0.0751277 0.0703109 0.0664024 0.0639846 0.0661172 0.0612942 0.0705597 0.068524 0.067916 0.0739455 0.0787853 0.0675007 0.0716104 0.0686595 0.0644979 1.625548e-02 0.716
N:9 Run:1 0.0824837 0.077409 0.0655855 0.0780473 0.0765356 0.0700979 0.0620003 0.0687153 0.072844 0.0799043 0.0885159 0.117614 0.172871 0.197617 0.163828 0.135958 0.111096 0.0931055 0.0775988 0.0742758 0.073263 1.625548e-02 0.716
N:9 Run:2 0.0836953 0.0863412 0.0823735 0.0772829 0.0705988 0.0866337 0.0858009 0.0767354 0.0692113 0.0652592 0.0654848 0.0709791 0.0801718 0.0731301 0.0753154 0.0756525 0.0737385 0.0671002 0.0641244 0.0614216 0.0624312 1.625548e-02 0.716
N:9 Run:3 0.0619515 0.0601274 0.0430286 0.0331783 0.0277816 0.0248301 0.0232167 0.0223351 0.0218534 0.0215901 0.0214462 0.0213677 0.0600252 0.0654613 0.0845162 0.0938956 0.0845761 0.0920234 0.108726 0.176845 0.30552 1.625548e-02 0.716
N:9 Run:4 0.0708117 0.0688844 0.0492863 0.036978 0.0298546 0.0259622 0.0238352 0.0226737 0.0220385 0.0216913 0.0215015 0.0213979 0.0461536 0.0580928 0.0706161 0.0738343 0.0759794 0.07733 0.0767178 0.0795098 0.0928349 1.625548e-02 0.716
N:9 Run:5 0.111628 0.0935759 0.0841932 0.073223 0.0685916 0.0690321 0.0618484 0.0703213 0.0631763 0.0646434 0.0684533 0.0681034 0.0738547 0.0795411 0.0815413 0.079863 0.0856157 0.0986714 0.0990944 0.0878208 0.0784627 1.625548e-02 0.716
N:9 Run:6 0.0933079 0.0825353 0.0705315 0.0764244 0.0690431 0.0768316 0.0763037 0.0767095 0.0720051 0.0684087 0.0644816 0.0673763 0.0630999 0.0667898 0.0701204 0.072218 0.0809755 0.0809961 0.0776995 0.0810278 0.0824182 1.625548e-02 0.716
N:9 Run:7 0.0974295 0.0802516 0.0795824 0.089803 0.0899417 0.0810684 0.0774214 0.075684 0.0673381 0.0749471 0.0719581 0.073949 0.0815331 0.0683126 0.0657975 0.0641563 0.0630435 0.0640546 0.0672452 0.0640028 0.0687713 1.625548e-02 0.716
N:9 Run:8 0.11425 0.107289 0.0976259 0.0914665 0.0850607 0.0816255 0.0841301 0.0843518 0.0764552 0.0799464 0.0853941 0.102793 0.127722 0.149947 0.147441 0.139226 0.116622 0.106636 0.0965188 0.0809608 0.0726667 1.625548e-02 0.716
N:9 Run:9 0.129777 0.113858 0.100807 0.0898383 0.0809017 0.0814209 0.0767982 0.0709792 0.0718446 0.0728104 0.0738624 0.0692829 0.0625458 0.0577648 0.0640802 0.0682699 0.0722853 0.0765818 0.0739279 0.071373 0.0661029 1.625548e-02 0.716
N:10 Run:0 0.13278 0.0989877 0.0857225 0.080193 0.0727282 0.0640374 0.0751277 0.0703109 0.0664024 0.0639846 0.0661172 0.0612942 0.0705597 0.068524 0.067916 0.0739455 0.0787853 0.0675007 0.0716104 0.0686595 0.0644979 1.269767e-02 0.789
N:10 Run:1 0.0824837 0.077409 0.0655855 0.0780473 0.0765356 0.0700979 0.0620003 0.0687153 0.072844 0.0799043 0.0885159 0.117614 0.172871 0.197617 0.163828 0.135958 0.111096 0.0931055 0.0775988 0.0742758 0.073263 1.269767e-02 0.789
N:10 Run:2 0.0836953 0.0863412 0.0823735 0.0772829 0.0705988 0.0866337 0.0858009 0.0767354 0.0692113 0.0652592 0.0654848 0.0709791 0.0801718 0.0731301 0.0753154 0.0756525 0.0737385 0.0671002 0.0641244 0.0614216 0.0624312 1.269767e-02 0.789
N:10 Run:3 0.0619515 0.0601274 0.0430286 0.0331783 0.0277816 0.0248301 0.0232167 0.0223351 0.0218534 0.0215901 0.0214462 0.0213677 0.0600252 0.0654613 0.0845162 0.0938956 0.0845761 0.0920234 0.108726 0.176845 0.30552 1.269767e-02 0.789
N:10 Run:4 0.0708117 0.0688844 0.0492863 0.036978 0.0298546 0.0259622 0.0238352 0.0226737 0.0220385 0.0216913 0.0215015 0.0213979 0.0461536 0.0580928 0.0706161 0.0738343 0.0759794 0.07733 0.0767178 0.0795098 0.0928349 1.269767e-02 0.789
N:10 Run:5 0.111628 0.0935759 0.0841932 0.073223 0.0685916 0.0690321 0.0618484 0.0703213 0.0631763 0.0646434 0.0684533 0.0681034 0.0738547 0.0795411 0.0815413 0.079863 0.0856157 0.0986714 0.0990944 0.0878208 0.0784627 1.269767e-02 0.789
N:10 Run:6 0.0933079 0.0825353 0.0705315 0.0764244 0.0690431 0.0768316 0.0763037 0.0767095 0.0720051 0.0684087 0.0644816 0.0673763 0.0630999 0.0667898 0.0701204 0.072218 0.0809755 0.0809961 0.0776995 0.0810278 0.0824182 1.269767e-02 0.789
N:10 Run:7 0.0974295 0.0802516 0.0795824 0.089803 0.0899417 0.0810684 0.0774214 0.075684 0.0673381 0.0749471 0.0719581 0.073949 0.0815331 0.0683126 0.0657975 0.0641563 0.0630435 0.0640546 0.0672452 0.0640028 0.0687713 1.269767e-02 0.789
N:10 Run:8 0.11425 0.107289 0.0976259 0.0914665 0.0850607 0.0816255 0.0841301 0.0843518 0.0764552 0.0799464 0.0853941 0.102793 0.127722 0.149947 0.147441 0.139226 0.116622 0.106636 0.0965188 0.0809608 0.0726667 1.269767e-02 0.789
N:10 Run:9 0.129777 0.113858 0.100807 0.0898383 0.0809017 0.0814209 0.0767982 0.0709792 0.0718446 0.0728104 0.0738624 0.0692829 0.0625458 0.0577648 0.0640802 0.0682699 0.0722853 0.0765818 0.0739279 0.071373 0.0661029 1.269767e-02 0.789
N:11 Run:0 0.13278 0.0989877 0.0857225 0.080193 0.0727282 0.0640374 0.0751277 0.0703109 0.0664024 0.0639846 0.0661172 0.0612942 0.0705597 0.068524 0.067916 0.0739455 0.0787853 0.0675007 0.0716104 0.0686595 0.0644979 1.749716e-02 0.677
N:11 Run:1 0.0824837 0.077409 0.0655855 0.0780473 0.0765356 0.0700979 0.0620003 0.0687153 0.072844 0.0799043 0.0885159 0.117614 0.172871 0.197617 0.163828 0.135958 0.111096 0.0931055 0.0775988 0.0742758 0.073263 1.749716e-02 0.677
N:11 Run:2 0.0836953 0.0863412 0.0823735 0.0772829 0.0705988 0.0866337 0.0858009 0.0767354 0.0692113 0.0652592 0.0654848 0.0709791 0.0801718 0.0731301 0.0753154 0.0756525 0.0737385 0.0671002 0.0641244 0.0614216 0.0624312 1.749716e-02 0.677
N:11 Run:3 0.0619515 0.0601274 0.0430286 0.0331783 0.0277816 0.0248301 0.0232167 0.0223351 0.0218534 0.0215901 0.0214462 0.0213677 0.0600252 0.0654613 0.0845162 0.0938956 0.0845761 0.0920234 0.108726 0.176845 0.30552 1.749716e-02 0.677
N:11 Run:4 0.0708117 0.0688844 0.0492863 0.036978 0.0298546 0.0259622 0.0238352 0.0226737 0.0220385 0.0216913 0.0215015 0.0213979 0.0461536 0.0580928 0.0706161 0.0738343 0.0759794 0.07733 0.0767178 0.0795098 0.0928349 1.749716e-02 0.677
N:11 Run:5 0.111628 0.0935759 0.0841932 0.073223 0.0685916 0.0690321 0.0618484 0.0703213 0.0631763 0.0646434 0.0684533 0.0681034 0.0738547 0.0795411 0.0815413 0.079863 0.0856157 0.0986714 0.0990944 0.0878208 0.0784627 1.749716e-02 0.677
N:11 Run:6 0.0933079 0.0825353 0.0705315 0.0764244 0.0690431 0.0768316 0.0763037 0.0767095 0.0720051 0.0684087 0.0644816 0.0673763 0.0630999 0.0667898 0.0701204 0.072218 0.0809755 0.0809961 0.0776995 0.0810278 0.0824182 1.749716e-02 0.677
N:11 Run:7 0.0974295 0.0802516 0.0795824 0.089803 0.0899417 0.0810684 0.0774214 0.075684 0.0673381 0.0749471 0.0719581 0.073949 0.0815331 0.0683126 0.0657975 0.0641563 0.0630435 0.0640546 0.0672452 0.0640028 0.0687713 1.749716e-02 0.677
N:11 Run:8 0.11425 0.107289 0.0976259 0.0914665 0.0850607 0.0816255 0.0841301 0.0843518 0.0764552 0.0799464 0.0853941 0.102793 0.127722 0.149947 0.147441 0.139226 0.116622 0.106636 0.0965188 0.0809608 0.0726667 1.749716e-02 0.677
N:11 Run:9 0.129777 0.113858 0.100807 0.0898383 0.0809017 0.0814209 0.0767982 0.0709792 0.0718446 0.0728104 0.0738624 0.0692829 0.0625458 0.0577648 0.0640802 0.0682699 0.0722853 0.0765818 0.0739279 0.071373 0.0661029 1.749716e-02 0.677
N:12 Run:0 0.13278 0.0989877 0.0857225 0.080193 0.0727282 0.0640374 0.0751277 0.0703109 0.0664024 0.0639846 0.0661172 0.0612942 0.0705597 0.068524 0.067916 0.0739455 0.0787853 0.0675007 0.0716104 0.0686595 0.0644979 1.578442e-02 0.737
N:12 Run:1 0.0824837 0.077409 0.0655855 0.0780473 0.0765356 0.0700979 0.0620003 0.0687153 0.072844 0.0799043 0.0885159 0.117614 0.172871 0.197617 0.163828 0.135958 0.111096 0.0931055 0.0775988 0.0742758 0.073263 1.578442e-02 0.737
N:12 Run:2 0.0836953 0.0863412 0.0823735 0.0772829 0.0705988 0.0866337 0.0858009 0.0767354 0.0692113 0.0652592 0.0654848 0.0709791 0.0801718 0.0731301 0.0753154 0.0756525 0.0737385 0.0671002 0.0641244 0.0614216 0.0624312 1.578442e-02 0.737
N:12 Run:3 0.0619515 0.0601274 0.0430286 0.0331783 0.0277816 0.0248301 0.0232167 0.0223351 0.0218534 0.0215901 0.0214462 0.0213677 0.0600252 0.0654613 0.0845162 0.0938956 0.0845761 0.0920234 0.108726 0.176845 0.30552 1.578442e-02 0.737
N:12 Run:4 0.0708117 0.0688844 0.0492863 0.036978 0.0298546 0.0259622 0.0238352 0.0226737 0.0220385 0.0216913 0.0215015 0.0213979 0.0461536 0.0580928 0.0706161 0.0738343 0.0759794 0.07733 0.0767178 0.0795098 0.0928349 1.578442e-02 0.737
N:12 Run:5 0.111628 0.0935759 0.0841932 0.073223 0.0685916 0.0690321 0.0618484 0.0703213 0.0631763 0.0646434 0.0684533 0.0681034 0.0738547 0.0795411 0.0815413 0.079863 0.0856157 0.0986714 0.0990944 0.0878208 0.0784627 1.578442e-02 0.737
N:12 Run:6 0.0933079 0.0825353 0.0705315 0.0764244 0.0690431 0.0768316 0.0763037 0.0767095 0.0720051 0.0684087 0.0644816 0.0673763 0.0630999 0.0667898 0.0701204 0.072218 0.0809755 0.0809961 0.0776995 0.0810278 0.0824182 1.578442e-02 0.737
N:12 Run:7 0.0974295 0.0802516 0.0795824 0.089803 0.0899417 0.0810684 0.0774214 0.075684 0.0673381 0.0749471 0.0719581 0.073949 0.0815331 0.0683126 0.0657975 0.0641563 0.0630435 0.0640546 0.0672452 0.0640028 0.0687713 1.578442e-02 0.737
N:12 Run:8 0.11425 0.107289 0.0976259 0.0914665 0.0850607 0.0816255 0.0841301 0.0843518 0.0764552 0.0799464 0.0853941 0.102793 0.127722 0.149947 0.147441 0.139226 0.116622 0.106636 0.0965188 0.0809608 0.0726667 1.578442e-02 0.737
N:12 Run:9 0.129777 0.113858 0.100807 0.0898383 0.0809017 0.0814209 0.0767982 0.0709792 0.0718446 0.0728104 0.0738624 0.0692829 0.0625458 0.0577648 0.0640802 0.0682699 0.0722853 0.0765818 0.0739279 0.071373 0.0661029 1.578442e-02 0.737
N:13 Run:0 0.13278 0.0989877 0.0857225 0.080193 0.0727282 0.0640374 0.0751277 0.0703109 0.0664024 0.0639846 0.0661172 0.0612942 0.0705597 0.068524 0.067916 0.0739455 0.0787853 0.0675007 0.0716104 0.0686595 0.0644979 1.542045e-02 0.716
N:13 Run:1 0.0824837 0.077409 0.0655855 0.0780473 0.0765356 0.0700979 0.0620003 0.0687153 0.072844 0.0799043 0.0885159 0.117614 0.172871 0.197617 0.163828 0.135958 0.111096 0.0931055 0.0775988 0.0742758 0.073263 1.542045e-02 0.716
N:13 Run:2 0.0836953 0.0863412 0.0823735 0.0772829 0.0705988 0.0866337 0.0858009 0.0767354 0.0692113 0.0652592 0.0654848 0.0709791 0.0801718 0.0731301 0.0753154 0.0756525 0.0737385 0.0671002 0.0641244 0.0614216 0.0624312 1.542045e-02 0.716
N:13 Run:3 0.0619515 0.0601274 0.0430286 0.0331783 0.0277816 0.0248301 0.0232167 0.0223351 0.0218534 0.0215901 0.0214462 0.0213677 0.0600252 0.0654613 0.0845162 0.0938956 0.0845761 0.0920234 0.108726 0.176845 0.30552 1.542045e-02 0.716
N:13 Run:4 0.0708117 0.0688844 0.0492863 0.036978 0.0298546 0.0259622 0.0238352 0.0226737 0.0220385 0.0216913 0.0215015 0.0213979 0.0461536 0.0580928 0.0706161 0.0738343 0.0759794 0.07733 0.0767178 0.0795098 0.0928349 1.542045e-02 0.716
N:13 Run:5 0.111628 0.0935759 0.0841932 0.073223 0.0685916 0.0690321 0.0618484 0.0703213 0.0631763 0.0646434 0.0684533 0.0681034 0.0738547 0.0795411 0.0815413 0.079863 0.0856157 0.0986714 0.0990944 0.0878208 0.0784627 1.542045e-02 0.716
N:13 Run:6 0.0933079 0.0825353 0.0705315 0.0764244 0.0690431 0.0768316 0.0763037 0.0767095 0.0720051 0.0684087 0.0644816 0.0673763 0.0630999 0.0667898 0.0701204 0.072218 0.0809755 0.0809961 0.0776995 0.0810278 0.0824182 1.542045e-02 0.716
N:13 Run:7 0.0974295 0.0802516 0.0795824 0.089803 0.0899417 0.0810684 0.0774214 0.075684 0.0673381 0.0749471 0.0719581 0.073949 0.0815331 0.0683126 0.0657975 0.0641563 0.0630435 0.0640546 0.0672452 0.0640028 0.0687713 1.542045e-02 0.716
N:13 Run:8 0.11425 0.107289 0.0976259 0.0914665 0.0850607 0.0816255 0.0841301 0.0843518 0.0764552 0.0799464 0.0853941 0.102793 0.127722 0.149947 0.147441 0.139226 0.116622 0.106636 0.0965188 0.0809608 0.0726667 1.542045e-02 0.716
N:13 Run:9 0.129777 0.113858 0.100807 0.0898383 0.0809017 0.0814209 0.0767982 0.0709792 0.0718446 0.0728104 0.0738624 0.0692829 0.0625458 0.0577648 0.0640802 0.0682699 0.0722853 0.0765818 0.0739279 0.071373 0.0661029 1.542045e-02 0.716
N:14 Run:0 0.13278 0.0989877 0.0857225 0.080193 0.0727282 0.0640374 0.0751277 0.0703109 0.0664024 0.0639846 0.0661172 0.0612942 0.0705597 0.068524 0.067916 0.0739455 0.0787853 0.0675007 0.0716104 0.0686595 0.0644979 1.590096e-02 0.712
N:14 Run:1 0.0824837 0.077409 0.0655855 0.0780473 0.0765356 0.0700979 0.0620003 0.0687153 0.072844 0.0799043 0.0885159 0.117614 0.172871 0.197617 0.163828 0.135958 0.111096 0.0931055 0.0775988 0.0742758 0.073263 1.590096e-02 0.712
N:14 Run:2 0.0836953 0.0863412 0.0823735 0.0772829 0.0705988 0.0866337 0.0858009 0.0767354 0.0692113 0.0652592 0.0654848 0.0709791 0.0801718 0.0731301 0.0753154 0.0756525 0.0737385 0.0671002 0.0641244 0.0614216 0.0624312 1.590096e-02 0.712
N:14 Run:3 0.0619515 0.0601274 0.0430286 0.0331783 0.0277816 0.0248301 0.0232167 0.0223351 0.0218534 0.0215901 0.0214462 0.0213677 0.0600252 0.0654613 0.0845162 0.0938956 0.0845761 0.0920234 0.108726 0.176845 0.30552 1.590096e-02 0.712
N:14 Run:4 0.0708117 0.0688844 0.0492863 0.036978 0.0298546 0.0259622 0.0238352 0.0226737 0.0220385 0.0216913 0.0215015 0.0213979 0.0461536 0.0580928 0.0706161 0.0738343 0.0759794 0.07733 0.0767178 0.0795098 0.0928349 1.590096e-02 0.712
N:14 Run:5 0.111628 0.0935759 0.0841932 0.073223 0.0685916 0.0690321 0.0618484 0.0703213 0.0631763 0.0646434 0.0684533 0.0681034 0.0738547 0.0795411 0.0815413 0.079863 0.0856157 0.0986714 0.0990944 0.0878208 0.0784627 1.590096e-02 0.712
N:14 Run:6 0.0933079 0.0825353 0.0705315 0.0764244 0.0690431 0.0768316 0.0763037 0.0767095 0.0720051 0.0684087 0.0644816 0.0673763 0.0630999 0.0667898 0.0701204 0.072218 0.0809755 0.0809961 0.0776995 0.0810278 0.0824182 1.590096e-02 0.712
N:14 Run:7 0.0974295 0.0802516 0.0795824 0.089803 0.0899417 0.0810684 0.0774214 0.075684 0.0673381 0.0749471 0.0719581 0.073949 0.0815331 0.0683126 0.0657975 0.0641563 0.0630435 0.0640546 0.0672452 0.0640028 0.0687713 1.590096e-02 0.712
N:14 Run:8 0.11425 0.107289 0.0976259 0.0914665 0.0850607 0.0816255 0.0841301 0.0843518 0.0764552 0.0799464 0.0853941 0.102793 0.127722 0.149947 0.147441 0.139226 0.116622 0.106636 0.0965188 0.0809608 0.0726667 1.590096e-02 0.712
N:14 Run:9 0.129777 0.113858 0.100807 0.0898383 0.0809017 0.0814209 0.0767982 0.0709792 0.0718446 0.0728104 0.0738624 0.0692829 0.0625458 0.0577648 0.0640802 0.0682699 0.0722853 0.0765818 0.0739279 0.071373 0.0661029 1.590096e-02 0.712
N:15 Run:0 0.13278 0.0989877 0.0857225 0.080193 0.0727282 0.0640374 0.0751277 0.0703109 0.0664024 0.0639846 0.0661172 0.0612942 0.0705597 0.068524 0.067916 0.0739455 0.0787853 0.0675007 0.0716104 0.0686595 0.0644979 1.225783e-02 0.778
N:15 Run:1 0.0824837 0.077409 0.0655855 0.0780473 0.0765356 0.0700979 0.0620003 0.0687153 0.072844 0.0799043 0.0885159 0.117614 0.172871 0.197617 0.163828 0.135958 0.111096 0.0931055 0.0775988 0.0742758 0.073263 1.225783e-02 0.778
N:15 Run:2 0.0836953 0.0863412 0.0823735 0.0772829 0.0705988 0.0866337 0.0858009 0.0767354 0.0692113 0.0652592 0.0654848 0.0709791 0.0801718 0.0731301 0.0753154 0.0756525 0.0737385 0.0671002 0.0641244 0.0614216 0.0624312 1.225783e-02 0.778
N:15 Run:3 0.0619515 0.0601274 0.0430286 0.0331783 0.0277816 0.0248301 0.0232167 0.0223351 0.0218534 0.0215901 0.0214462 0.0213677 0.0600252 0.0654613 0.0845162 0.0938956 0.0845761 0.0920234 0.108726 0.176845 0.30552 1.225783e-02 0.778
N:15 Run:4 0.0708117 0.0688844 0.0492863 0.036978 0.0298546 0.0259622 0.0238352 0.0226737 0.0220385 0.0216913 0.0215015 0.0213979 0.0461536 0.0580928 0.0706161 0.0738343 0.0759794 0.07733 0.0767178 0.0795098 0.0928349 1.225783e-02 0.778
N:15 Run:5 0.111628 0.0935759 0.0841932 0.073223 0.0685916 0.0690321 0.0618484 0.0703213 0.0631763 0.0646434 0.0684533 0.0681034 0.0738547 0.0795411 0.0815413 0.079863 0.0856157 0.0986714 0.0990944 0.0878208 0.0784627 1.225783e-02 0.778
N:15 Run:6 0.0933079 0.0825353 0.0705315 0.0764244 0.0690431 0.0768316 0.0763037 0.0767095 0.0720051 0.0684087 0.0644816 0.0673763 0.0630999 0.0667898 0.0701204 0.072218 0.0809755 0.0809961 0.0776995 0.0810278 0.0824182 1.225783e-02 0.778
N:15 Run:7 0.0974295 0.0802516 0.0795824 0.089803 0.0899417 0.0810684 0.0774214 0.075684 0.0673381 0.0749471 0.0719581 0.073949 0.0815331 0.0683126 0.0657975 0.0641563 0.0630435 0.0640546 0.0672452 0.0640028 0.0687713 1.225783e-02 0.778
N:15 Run:8 0.11425 0.107289 0.0976259 0.0914665 0.0850607 0.0816255 0.0841301 0.0843518 0.0764552 0.0799464 0.0853941 0.102793 0.127722 0.149947 0.147441 0.139226 0.116622 0.106636 0.0965188 0.0809608 0.0726667 1.225783e-02 0.778
N:15 Run:9 0.129777 0.113858 0.100807 0.0898383 0.0809017 0.0814209 0.0767982 0.0709792 0.0718446 0.0728104 0.0738624 0.0692829 0.0625458 0.0577648 0.0640802 0.0682699 0.0722853 0.0765818 0.0739279 0.071373 0.0661029 1.225783e-02 0.778
N:16 Run:0 0.13278 0.0989877 0.0857225 0.080193 0.0727282 0.0640374 0.0751277 0.0703109 0.0664024 0.0639846 0.0661172 0.0612942 0.0705597 0.068524 0.067916 0.0739455 0.0787853 0.0675007 0.0716104 0.0686595 0.0644979 1.659060e-02 0.707
N:16 Run:1 0.0824837 0.077409 0.0655855 0.0780473 0.0765356 0.0700979 0.0620003 0.0687153 0.072844 0.0799043 0.0885159 0.117614 0.172871 0.197617 0.163828 0.135958 0.111096 0.0931055 0.0775988 0.0742758 0.073263 1.659060e-02 0.707
N:16 Run:2 0.0836953 0.0863412 0.0823735 0.0772829 0.0705988 0.0866337 0.0858009 0.0767354 0.0692113 0.0652592 0.0654848 0.0709791 0.0801718 0.0731301 0.0753154 0.0756525 0.0737385 0.0671002 0.0641244 0.0614216 0.0624312 1.659060e-02 0.707
N:16 Run:3 0.0619515 0.0601274 0.0430286 0.0331783 0.0277816 0.0248301 0.0232167 0.0223351 0.0218534 0.0215901 0.0214462 0.0213677 0.0600252 0.0654613 0.0845162 0.0938956 0.0845761 0.0920234 0.108726 0.176845 0.30552 1.659060e-02 0.707
N:16 Run:4 0.0708117 0.0688844 0.0492863 0.036978 0.0298546 0.0259622 0.0238352 0.0226737 0.0220385 0.0216913 0.0215015 0.0213979 0.0461536 0.0580928 0.0706161 0.0738343 0.0759794 0.07733 0.0767178 0.0795098 0.0928349 1.659060e-02 0.707
N:16 Run:5 0.111628 0.0935759 0.0841932 0.073223 0.0685916 0.0690321 0.0618484 0.0703213 0.0631763 0.0646434 0.0684533 0.0681034 0.0738547 0.0795411 0.0815413 0.079863 0.0856157 0.0986714 0.0990944 0.0878208 0.0784627 1.659060e-02 0.707
N:16 Run:6 0.0933079 0.0825353 0.0705315 0.0764244 0.0690431 0.0768316 0.0763037 0.0767095 0.0720051 0.0684087 0.0644816 0.0673763 0.0630999 0.0667898 0.0701204 0.072218 0.0809755 0.0809961 0.0776995 0.0810278 0.0824182 1.659060e-02 0.707
N:16 Run:7 0.0974295 0.0802516 0.0795824 0.089803 0.0899417 0.0810684 0.0774214 0.075684 0.0673381 0.0749471 0.0719581 0.073949 0.0815331 0.0683126 0.0657975 0.0641563 0.0630435 0.0640546 0.0672452 0.0640028 0.0687713 1.659060e-02 0.707
N:16 Run:8 0.11425 0.107289 0.0976259 0.0914665 0.0850607 0.0816255 0.0841301 0.0843518 0.0764552 0.0799464 0.0853941 0.102793 0.127722 0.149947 0.147441 0.139226 0.116622 0.106636 0.0965188 0.0809608 0.0726667 1.659060e-02 0.707
N:16 Run:9 0.129777 0.113858 0.100807 0.0898383 0.0809017 0.0814209 0.0767982 0.0709792 0.0718446 0.0728104 0.0738624 0.0692829 0.0625458 0.0577648 0.0640802 0.0682699 0.0722853 0.0765818 0.0739279 0.071373 0.0661029 1.659060e-02 0.707
N:17 Run:0 0.13278 0.0989877 0.0857225 0.080193 0.0727282 0.0640374 0.0751277 0.0703109 0.0664024 0.0639846 0.0661172 0.0612942 0.0705597 0.068524 0.067916 0.0739455 0.0787853 0.0675007 0.0716104 0.0686595 0.0644979 1.748593e-02 0.667
N:17 Run:1 0.0824837 0.077409 0.0655855 0.0780473 0.0765356 0.0700979 0.0620003 0.0687153 0.072844 0.0799043 0.0885159 0.117614 0.172871 0.197617 0.163828 0.135958 0.111096 0.0931055 0.0775988 0.0742758 0.073263 1.748593e-02 0.667
N:17 Run:2 0.0836953 0.0863412 0.0823735 0.0772829 0.0705988 0.0866337 0.0858009 0.0767354 0.0692113 0.0652592 0.0654848 0.0709791 0.0801718 0.0731301 0.0753154 0.0756525 0.0737385 0.0671002 0.0641244 0.0614216 0.0624312 1.748593e-02 0.667
N:17 Run:3 0.0619515 0.0601274 0.0430286 0.0331783 0.0277816 0.0248301 0.0232167 0.0223351 0.0218534 0.0215901 0.0214462 0.0213677 0.0600252 0.0654613 0.0845162 0.0938956 0.0845761 0.0920234 0.108726 0.176845 0.30552 1.748593e-02 0.667
N:17 Run:4 0.0708117 0.0688844 0.0492863 0.036978 0.0298546 0.0259622 0.0238352 0.0226737 0.0220385 0.0216913 0.0215015 0.0213979 0.0461536 0.0580928 0.0706161 0.0738343 0.0759794 0.07733 0.0767178 0.0795098 0.0928349 1.748593e-02 0.667
N:17 Run:5 0.111628 0.0935759 0.0841932 0.073223 0.0685916 0.0690321 0.0618484 0.0703213 0.0631763 0.0646434 0.0684533 0.0681034 0.0738547 0.0795411 0.0815413 0.079863 0.0856157 0.0986714 0.0990944 0.0878208 0.0784627 1.748593e-02 0.667
N:17 Run:6 0.0933079 0.0825353 0.0705315 0.0764244 0.0690431 0.0768316 0.0763037 0.0767095 0.0720051 0.0684087 0.0644816 0.0673763 0.0630999 0.0667898 0.0701204 0.072218 0.0809755 0.0809961 0.0776995 0.0810278 0.0824182 1.748593e-02 0.667
N:17 Run:7 0.0974295 0.0802516 0.0795824 0.089803 0.0899417 0.0810684 0.0774214 0.075684 0.0673381 0.0749471 0.0719581 0.073949 0.0815331 0.0683126 0.0657975 0.0641563 0.0630435 0.0640546 0.0672452 0.0640028 0.0687713 1.748593e-02 0.667
N:17 Run:8 0.11425 0.107289 0.0976259 0.0914665 0.0850607 0.0816255 0.0841301 0.0843518 0.0764552 0.0799464 0.0853941 0.102793 0.127722 0.149947 0.147441 0.139226 0.116622 0.106636 0.0965188 0.0809608 0.0726667 1.748593e-02 0.667
N:17 Run:9 0.129777 0.113858 0.100807 0.0898383 0.0809017 0.0814209 0.0767982 0.0709792 0.0718446 0.0728104 0.0738624 0.0692829 0.0625458 0.0577648 0.0640802 0.0682699 0.0722853 0.0765818 0.0739279 0.071373 0.0661029 1.748593e-02 0.667
N:18 Run:0 0.13278 0.0989877 0.0857225 0.080193 0.0727282 0.0640374 0.0751277 0.0703109 0.0664024 0.0639846 0.0661172 0.0612942 0.0705597 0.068524 0.067916 0.0739455 0.0787853 0.0675007 0.0716104 0.0686595 0.0644979 1.588628e-02 0.706
N:18 Run:1 0.0824837 0.077409 0.0655855 0.0780473 0.0765356 0.0700979 0.0620003 0.0687153 0.072844 0.0799043 0.0885159 0.117614 0.172871 0.197617 0.163828 0.135958 0.111096 0.0931055 0.0775988 0.0742758 0.073263 1.588628e-02 0.706
N:18 Run:2 0.0836953 0.0863412 0.0823735 0.0772829 0.0705988 0.0866337 0.0858009 0.0767354 0.0692113 0.0652592 0.0654848 0.0709791 0.0801718 0.0731301 0.0753154 0.0756525 0.0737385 0.0671002 0.0641244 0.0614216 0.0624312 1.588628e-02 0.706
N:18 Run:3 0.0619515 0.0601274 0.0430286 0.0331783 0.0277816 0.0248301 0.0232167 0.0223351 0.0218534 0.0215901 0.0214462 0.0213677 0.0600252 0.0654613 0.0845162 0.0938956 0.0845761 0.0920234 0.108726 0.176845 0.30552 1.588628e-02 0.706
N:18 Run:4 0.0708117 0.0688844 0.0492863 0.036978 0.0298546 0.0259622 0.0238352 0.0226737 0.0220385 0.0216913 0.0215015 0.0213979 0.0461536 0.0580928 0.0706161 0.0738343 0.0759794 0.07733 0.0767178 0.0795098 0.0928349 1.588628e-02 0.706
N:18 Run:5 0.111628 0.0935759 0.0841932 0.073223 0.0685916 0.0690321 0.0618484 0.0703213 0.0631763 0.0646434 0.0684533 0.0681034 0.0738547 0.0795411 0.0815413 0.079863 0.0856157 0.0986714 0.0990944 0.0878208 0.0784627 1.588628e-02 0.706
N:18 Run:6 0.0933079 0.0825353 0.0705315 0.0764244 0.0690431 0.0768316 0.0763037 0.0767095 0.0720051 0.0684087 0.0644816 0.0673763 0.0630999 0.0667898 0.0701204 0.072218 0.0809755 0.0809961 0.0776995 0.0810278 0.0824182 1.588628e-02 0.706
N:18 Run:7 0.0974295 0.0802516 0.0795824 0.089803 0.0899417 0.0810684 0.0774214 0.075684 0.0673381 0.0749471 0.0719581 0.073949 0.0815331 0.0683126 0.0657975 0.0641563 0.0630435 0.0640546 0.0672452 0.0640028 0.0687713 1.588628e-02 0.706
N:18 Run:8 0.11425 0.107289 0.0976259 0.0914665 0.0850607 0.0816255 0.0841301 0.0843518 0.0764552 0.0799464 0.0853941 0.102793 0.127722 0.149947 0.147441 0.139226 0.116622 0.106636 0.0965188 0.0809608 0.0726667 1.588628e-02 0.706
N:18 Run:9 0.129777 0.113858 0.100807 0.0898383 0.0809017 0.0814209 0.0767982 0.0709792 0.0718446 0.0728104 0.0738624 0.0692829 0.0625458 0.0577648 0.0640802 0.0682699 0.0722853 0.0765818 0.0739279 0.071373 0.0661029 1.588628e-02 0.706
N:19 Run:0 0.13278 0.0989877 0.0857225 0.080193 0.0727282 0.0640374 0.0751277 0.0703109 0.0664024 0.0639846 0.0661172 0.0612942 0.0705597 0.068524 0.067916 0.0739455 0.0787853 0.0675007 0.0716104 0.0686595 0.0644979 1.688579e-02 0.667
N:19 Run:1 0.0824837 0.077409 0.0655855 0.0780473 0.0765356 0.0700979 0.0620003 0.0687153 0.072844 0.0799043 0.0885159 0.117614 0.172871 0.197617 0.163828 0.135958 0.111096 0.0931055 0.0775988 0.0742758 0.073263 1.688579e-02 0.667
N:19 Run:2 0.0836953 0.0863412 0.0823735 0.0772829 0.0705988 0.0866337 0.0858009 0.0767354 0.0692113 0.0652592 0.0654848 0.0709791 0.0801718 0.0731301 0.0753154 0.0756525 0.0737385 0.0671002 0.0641244 0.0614216 0.0624312 1.688579e-02 0.667
N:19 Run:3 0.0619515 0.0601274 0.0430286 0.0331783 0.0277816 0.0248301 0.0232167 0.0223351 0.0218534 0.0215901 0.0214462 0.0213677 0.0600252 0.0654613 0.0845162 0.0938956 0.0845761 0.0920234 0.108726 0.176845 0.30552 1.688579e-02 0.667
N:19 Run:4 0.0708117 0.0688844 0.0492863 0.036978 0.0298546 0.0259622 0.0238352 0.0226737 0.0220385 0.0216913 0.0215015 0.0213979 0.0461536 0.0580928 0.0706161 0.0738343 0.0759794 0.07733 0.0767178 0.0795098 0.0928349 1.688579e-02 0.667
N:19 Run:5 0.111628 0.0935759 0.0841932 0.073223 0.0685916 0.0690321 0.0618484 0.0703213 0.0631763 0.0646434 0.0684533 0.0681034 0.0738547 0.0795411 0.0815413 0.079863 0.0856157 0.0986714 0.0990944 0.0878208 0.0784627 1.688579e-02 0.667
N:19 Run:6 0.0933079 0.0825353 0.0705315 0.0764244 0.0690431 0.0768316 0.0763037 0.0767095 0.0720051 0.0684087 0.0644816 0.0673763 0.0630999 0.0667898 0.0701204 0.072218 0.0809755 0.0809961 0.0776995 0.0810278 0.0824182 1.688579e-02 0.667
N:19 Run:7 0.0974295 0.0802516 0.0795824 0.089803 0.0899417 0.0810684 0.0774214 0.075684 0.0673381 0.0749471 0.0719581 0.073949 0.0815331 0.0683126 0.0657975 0.0641563 0.0630435 0.0640546 0.0672452 0.0640028 0.0687713 1.688579e-02 0.667
N:19 Run:8 0.11425 0.107289 0.0976259 0.0914665 0.0850607 0.0816255 0.0841301 0.0843518 0.0764552 0.0799464 0.0853941 0.102793 0.127722 0.149947 0.147441 0.139226 0.116622 0.106636 0.0965188 0.0809608 0.0726667 1.688579e-02 0.667
N:19 Run:9 0.129777 0.113858 0.100807 0.0898383 0.0809017 0.0814209 0.0767982 0.0709792 0.0718446 0.0728104 0.0738624 0.0692829 0.0625458 0.0577648 0.0640802 0.0682699 0.0722853 0.0765818 0.0739279 0.071373 0.0661029 1.688579e-02 0.667
N:20 Run:0 0.13278 0.0989877 0.0857225 0.080193 0.0727282 0.0640374 0.0751277 0.0703109 0.0664024 0.0639846 0.0661172 0.0612942 0.0705597 0.068524 0.067916 0.0739455 0.0787853 0.0675007 0.0716104 0.0686595 0.0644979 1.173603e-02 0.742
N:20 Run:1 0.0824837 0.077409 0.0655855 0.0780473 0.0765356 0.0700979 0.0620003 0.0687153 0.072844 0.0799043 0.0885159 0.117614 0.172871 0.197617 0.163828 0.135958 0.111096 0.0931055 0.0775988 0.0742758 0.073263 1.173603e-02 0.742
N:20 Run:2 0.0836953 0.0863412 0.0823735 0.0772829 0.0705988 0.0866337 0.0858009 0.0767354 0.0692113 0.0652592 0.0654848 0.0709791 0.0801718 0.0731301 0.0753154 0.0756525 0.0737385 0.0671002 0.0641244 0.0614216 0.0624312 1.173603e-02 0.742
N:20 Run:3 0.0619515 0.0601274 0.0430286 0.0331783 0.0277816 0.0248301 0.0232167 0.0223351 0.0218534 0.0215901 0.0214462 0.0213677 0.0600252 0.0654613 0.0845162 0.0938956 0.0845761 0.0920234 0.108726 0.176845 0.30552 1.173603e-02 0.742
N:20 Run:4 0.0708117 0.0688844 0.0492863 0.036978 0.0298546 0.0259622 0.0238352 0.0226737 0.0220385 0.0216913 0.0215015 0.0213979 0.0461536 0.0580928 0.0706161 0.0738343 0.0759794 0.07733 0.0767178 0.0795098 0.0928349 1.173603e-02 0.742
N:20 Run:5 0.111628 0.0935759 0.0841932 0.073223 0.0685916 0.0690321 0.0618484 0.0703213 0.0631763 0.0646434 0.0684533 0.0681034 0.0738547 0.0795411 0.0815413 0.079863 0.0856157 0.0986714 0.0990944 0.0878208 0.0784627 1.173603e-02 0.742
N:20 Run:6 0.0933079 0.0825353 0.0705315 0.0764244 0.0690431 0.0768316 0.0763037 0.0767095 0.0720051 0.0684087 0.0644816 0.0673763 0.0630999 0.0667898 0.0701204 0.072218 0.0809755 0.0809961 0.0776995 0.0810278 0.0824182 1.173603e-02 0.742
N:20 Run:7 0.0974295 0.0802516 0.0795824 0.089803 0.0899417 0.0810684 0.0774214 0.075684 0.0673381 0.0749471 0.0719581 0.073949 0.0815331 0.0683126 0.0657975 0.0641563 0.0630435 0.0640546 0.0672452 0.0640028 0.0687713 1.173603e-02 0.742
N:20 Run:8 0.11425 0.107289 0.0976259 0.0914665 0.0850607 0.0816255 0.0841301 0.0843518 0.0764552 0.0799464 0.0853941 0.102793 0.127722 0.149947 0.147441 0.139226 0.116622 0.106636 0.0965188 0.0809608 0.0726667 1.173603e-02 0.742
N:20 Run:9 0.129777 0.113858 0.100807 0.0898383 0.0809017 0.0814209 0.0767982 0.0709792 0.0718446 0.0728104 0.0738624 0.0692829 0.0625458 0.0577648 0.0640802 0.0682699 0.0722853 0.0765818 0.0739279 0.071373 0.0661029 1.173603e-02 0.742
N:21 Run:0 0.13278 0.0989877 0.0857225 0.080193 0.0727282 0.0640374 0.0751277 0.0703109 0.0664024 0.0639846 0.0661172 0.0612942 0.0705597 0.068524 0.067916 0.0739455 0.0787853 0.0675007 0.0716104 0.0686595 0.0644979 2.064288e-02 0.688
N:21 Run:1 0.0824837 0.077409 0.0655855 0.0780473 0.0765356 0.0700979 0.0620003 0.0687153 0.072844 0.0799043 0.0885159 0.117614 0.172871 0.197617 0.163828 0.135958 0.111096 0.0931055 0.0775988 0.0742758 0.073263 2.064288e-02 0.688
N:21 Run:2 0.0836953 0.0863412 0.0823735 0.0772829 0.0705988 0.0866337 0.0858009 0.0767354 0.0692113 0.0652592 0.0654848 0.0709791 0.0801718 0.0731301 0.0753154 0.0756525 0.0737385 0.0671002 0.0641244 0.0614216 0.0624312 2.064288e-02 0.688
N:21 Run:3 0.0619515 0.0601274 0.0430286 0.0331783 0.0277816 0.0248301 0.0232167 0.0223351 0.0218534 0.0215901 0.0214462 0.0213677 0.0600252 0.0654613 0.0845162 0.0938956 0.0845761 0.0920234 0.108726 0.176845 0.30552 2.064288e-02 0.688
N:21 Run:4 0.0708117 0.0688844 0.0492863 0.036978 0.0298546 0.0259622 0.0238352 0.0226737 0.0220385 0.0216913 0.0215015 0.0213979 0.0461536 0.0580928 0.0706161 0.0738343 0.0759794 0.07733 0.0767178 0.0795098 0.0928349 2.064288e-02 0.688
N:21 Run:5 0.111628 0.0935759 0.0841932 0.073223 0.0685916 0.0690321 0.0618484 0.0703213 0.0631763 0.0646434 0.0684533 0.0681034 0.0738547 0.0795411 0.0815413 0.079863 0.0856157 0.0986714 0.0990944 0.0878208 0.0784627 2.064288e-02 0.688
N:21 Run:6 0.0933079 0.0825353 0.0705315 0.0764244 0.0690431 0.0768316 0.0763037 0.0767095 0.0720051 0.0684087 0.0644816 0.0673763 0.0630999 0.0667898 0.0701204 0.072218 0.0809755 0.0809961 0.0776995 0.0810278 0.0824182 2.064288e-02 0.688
N:21 Run:7 0.0974295 0.0802516 0.0795824 0.089803 0.0899417 0.0810684 0.0774214 0.075684 0.0673381 0.0749471 0.0719581 0.073949 0.0815331 0.0683126 0.0657975 0.0641563 0.0630435 0.0640546 0.0672452 0.0640028 0.0687713 2.064288e-02 0.688
N:21 Run:8 0.11425 0.107289 0.0976259 0.0914665 0.0850607 0.0816255 0.0841301 0.0843518 0.0764552 0.0799464 0.0853941 0.102793 0.127722 0.149947 0.147441 0.139226 0.116622 0.106636 0.0965188 0.0809608 0.0726667 2.064288e-02 0.688
N:21 Run:9 0.129777 0.113858 0.100807 0.0898383 0.0809017 0.0814209 0.0767982 0.0709792 0.0718446 0.0728104 0.0738624 0.0692829 0.0625458 0.0577648 0.0640802 0.0682699 0.0722853 0.0765818 0.0739279 0.071373 0.0661029 2.064288e-02 0.688
N:22 Run:0 0.13278 0.0989877 0.0857225 0.080193 0.0727282 0.0640374 0.0751277 0.0703109 0.0664024 0.0639846 0.0661172 0.0612942 0.0705597 0.068524 0.067916 0.0739455 0.0787853 0.0675007 0.0716104 0.0686595 0.0644979 1.513735e-02 0.741
N:22 Run:1 0.0824837 0.077409 0.0655855 0.0780473 0.0765356 0.0700979 0.0620003 0.0687153 0.072844 0.0799043 0.0885159 0.117614 0.172871 0.197617 0.163828 0.135958 0.111096 0.0931055 0.0775988 0.0742758 0.073263 1.513735e-02 0.741
N:22 Run:2 0.0836953 0.0863412 0.0823735 0.0772829 0.0705988 0.0866337 0.0858009 0.0767354 0.0692113 0.0652592 0.0654848 0.0709791 0.0801718 0.0731301 0.0753154 0.0756525 0.0737385 0.0671002 0.0641244 0.0614216 0.0624312 1.513735e-02 0.741
N:22 Run:3 0.0619515 0.0601274 0.0430286 0.0331783 0.0277816 0.0248301 0.0232167 0.0223351 0.0218534 0.0215901 0.0214462 0.0213677 0.0600252 0.0654613 0.0845162 0.0938956 0.0845761 0.0920234 0.108726 0.176845 0.30552 1.513735e-02 0.741
N:22 Run:4 0.0708117 0.0688844 0.0492863 0.036978 0.0298546 0.0259622 0.0238352 0.0226737 0.0220385 0.0216913 0.0215015 0.0213979 0.0461536 0.0580928 0.0706161 0.0738343 0.0759794 0.07733 0.0767178 0.0795098 0.0928349 1.513735e-02 0.741
N:22 Run:5 0.111628 0.0935759 0.0841932 0.073223 0.0685916 0.0690321 0.0618484 0.0703213 0.0631763 0.0646434 0.0684533 0.0681034 0.0738547 0.0795411 0.0815413 0.079863 0.0856157 0.0986714 0.0990944 0.0878208 0.0784627 1.513735e-02 0.741
N:22 Run:6 0.0933079 0.0825353 0.0705315 0.0764244 0.0690431 0.0768316 0.0763037 0.0767095 0.0720051 0.0684087 0.0644816 0.0673763 0.0630999 0.0667898 0.0701204 0.072218 0.0809755 0.0809961 0.0776995 0.0810278 0.0824182 1.513735e-02 0.741
N:22 Run:7 0.0974295 0.0802516 0.0795824 0.089803 0.0899417 0.0810684 0.0774214 0.075684 0.0673381 0.0749471 0.0719581 0.073949 0.0815331 0.0683126 0.0657975 0.0641563 0.0630435 0.0640546 0.0672452 0.0640028 0.0687713 1.513735e-02 0.741
N:22 Run:8 0.11425 0.107289 0.0976259 0.0914665 0.0850607 0.0816255 0.0841301 0.0843518 0.0764552 0.0799464 0.0853941 0.102793 0.127722 0.149947 0.147441 0.139226 0.116622 0.106636 0.0965188 0.0809608 0.0726667 1.513735e-02 0.741
N:22 Run:9 0.129777 0.113858 0.100807 0.0898383 0.0809017 0.0814209 0.0767982 0.0709792 0.0718446 0.0728104 0.0738624 0.0692829 0.0625458 0.0577648 0.0640802 0.0682699 0.0722853 0.0765818 0.0739279 0.071373 0.0661029 1.513735e-02 0.741
N:23 Run:0 0.13278 0.0989877 0.0857225 0.080193 0.0727282 0.0640374 0.0751277 0.0703109 0.0664024 0.0639846 0.0661172 0.0612942 0.0705597 0.068524 0.067916 0.0739455 0.0787853 0.0675007 0.0716104 0.0686595 0.0644979 2.120615e-02 0.664
N:23 Run:1 0.0824837 0.077409 0.0655855 0.0780473 0.0765356 0.0700979 0.0620003 0.0687153 0.072844 0.0799043 0.0885159 0.117614 0.172871 0.197617 0.163828 0.135958 0.111096 0.0931055 0.0775988 0.0742758 0.073263 2.120615e-02 0.664
N:23 Run:2 0.0836953 0.0863412 0.0823735 0.0772829 0.0705988 0.0866337 0.0858009 0.0767354 0.0692113 0.0652592 0.0654848 0.0709791 0.0801718 0.0731301 0.0753154 0.0756525 0.0737385 0.0671002 0.0641244 0.0614216 0.0624312 2.120615e-02 0.664
N:23 Run:3 0.0619515 0.0601274 0.0430286 0.0331783 0.0277816 0.0248301 0.0232167 0.0223351 0.0218534 0.0215901 0.0214462 0.0213677 0.0600252 0.0654613 0.0845162 0.0938956 0.0845761 0.0920234 0.108726 0.176845 0.30552 2.120615e-02 0.664
N:23 Run:4 0.0708117 0.0688844 0.0492863 0.036978 0.0298546 0.0259622 0.0238352 0.0226737 0.0220385 0.0216913 0.0215015 0.0213979 0.0461536 0.0580928 0.0706161 0.0738343 0.0759794 0.07733 0.0767178 0.0795098 0.0928349 2.120615e-02 0.664
N:23 Run:5 0.111628 0.0935759 0.0841932 0.073223 0.0685916 0.0690321 0.0618484 0.0703213 0.0631763 0.0646434 0.0684533 0.0681034 0.0738547 0.0795411 0.0815413 0.079863 0.0856157 0.0986714 0.0990944 0.0878208 0.0784627 2.120615e-02 0.664
N:23 Run:6 0.0933079 0.0825353 0.0705315 0.0764244 0.0690431 0.0768316 0.0763037 0.0767095 0.0720051 0.0684087 0.0644816 0.0673763 0.0630999 0.0667898 0.0701204 0.072218 0.0809755 0.0809961 0.0776995 0.0810278 0.0824182 2.120615e-02 0.664
N:23 Run:7 0.0974295 0.0802516 0.0795824 0.089803 0.0899417 0.0810684 0.0774214 0.075684 0.0673381 0.0749471 0.0719581 0.073949 0.0815331 0.0683126 0.0657975 0.0641563 0.0630435 0.0640546 0.0672452 0.0640028 0.0687713 2.120615e-02 0.664
N:23 Run:8 0.11425 0.107289 0.0976259 0.0914665 0.0850607 0.0816255 0.0841301 0.0843518 0.0764552 0.0799464 0.0853941 0.102793 0.127722 0.149947 0.147441 0.139226 0.116622 0.106636 0.0965188 0.0809608 0.0726667 2.120615e-02 0.664
N:23 Run:9 0.129777 0.113858 0.100807 0.0898383 0.0809017 0.0814209 0.0767982 0.0709792 0.0718446 0.0728104 0.0738624 0.0692829 0.0625458 0.0577648 0.0640802 0.0682699 0.0722853 0.0765818 0.0739279 0.071373 0.0661029 2.120615e-02 0.664
N:24 Run:0 0.13278 0.0989877 0.0857225 0.080193 0.0727282 0.0640374 0.0751277 0.0703109 0.0664024 0.0639846 0.0661172 0.0612942 0.0705597 0.068524 0.067916 0.0739455 0.0787853 0.0675007 0.0716104 0.0686595 0.0644979 1.679037e-02 0.712
N:24 Run:1 0.0824837 0.077409 0.0655855 0.0780473 0.0765356 0.0700979 0.0620003 0.0687153 0.072844 0.0799043 0.0885159 0.117614 0.172871 0.197617 0.163828 0.135958 0.111096 0.0931055 0.0775988 0.0742758 0.073263 1.679037e-02 0.712
N:24 Run:2 0.0836953 0.0863412 0.0823735 0.0772829 0.0705988 0.0866337 0.0858009 0.0767354 0.0692113 0.0652592 0.0654848 0.0709791 0.0801718 0.0731301 0.0753154 0.0756525 0.0737385 0.0671002 0.0641244 0.0614216 0.0624312 1.679037e-02 0.712
N:24 Run:3 0.0619515 0.0601274 0.0430286 0.0331783 0.0277816 0.0248301 0.0232167 0.0223351 0.0218534 0.0215901 0.0214462 0.0213677 0.0600252 0.0654613 0.0845162 0.0938956 0.0845761 0.0920234 0.108726 0.176845 0.30552 1.679037e-02 0.712
N:24 Run:4 0.0708117 0.0688844 0.0492863 0.036978 0.0298546 0.0259622 0.0238352 0.0226737 0.0220385 0.0216913 0.0215015 0.0213979 0.0461536 0.0580928 0.0706161 0.0738343 0.0759794 0.07733 0.0767178 0.0795098 0.0928349 1.679037e-02 0.712
N:24 Run:5 0.111628 0.0935759 0.0841932 0.073223 0.0685916 0.0690321 0.0618484 0.0703213 0.0631763 0.0646434 0.0684533 0.0681034 0.0738547 0.0795411 0.0815413 0.079863 0.0856157 0.0986714 0.0990944 0.0878208 0.0784627 1.679037e-02 0.712
N:24 Run:6 0.0933079 0.0825353 0.0705315 0.0764244 0.0690431 0.0768316 0.0763037 0.0767095 0.0720051 0.0684087 0.0644816 0.0673763 0.0630999 0.0667898 0.0701204 0.072218 0.0809755 0.0809961 0.0776995 0.0810278 0.0824182 1.679037e-02 0.712
N:24 Run:7 0.0974295 0.0802516 0.0795824 0.089803 0.0899417 0.0810684 0.0774214 0.075684 0.0673381 0.0749471 0.0719581 0.073949 0.0815331 0.0683126 0.0657975 0.0641563 0.0630435 0.0640546 0.0672452 0.0640028 0.0687713 1.679037e-02 0.712
N:24 Run:8 0.11425 0.107289 0.0976259 0.0914665 0.0850607 0.0816255 0.0841301 0.0843518 0.0764552 0.0799464 0.0853941 0.102793 0.127722 0.149947 0.147441 0.139226 0.116622 0.106636 0.0965188 0.0809608 0.0726667 1.679037e-02 0.712
N:24 Run:9 0.129777 0.113858 0.100807 0.0898383 0.0809017 0.0814209 0.0767982 0.0709792 0.0718446 0.0728104 0.0738624 0.0692829 0.0625458 0.0577648 0.0640802 0.0682699 0.0722853 0.0765818 0.0739279 0.071373 0.0661029 1.679037e-02 0.712
N:25 Run:0 0.13278 0.0989877 0.0857225 0.080193 0.0727282 0.0640374 0.0751277 0.0703109 0.0664024 0.0639846 0.0661172 0.0612942 0.0705597 0.068524 0.067916 0.0739455 0.0787853 0.0675007 0.0716104 0.0686595 0.0644979 1.190552e-02 0.781
N:25 Run:1 0.0824837 0.077409 0.0655855 0.0780473 0.0765356 0.0700979 0.0620003 0.0687153 0.072844 0.0799043 0.0885159 0.117614 0.172871 0.197617 0.163828 0.135958 0.111096 0.0931055 0.0775988 0.0742758 0.073263 1.190552e-02 0.781
N:25 Run:2 0.0836953 0.0863412 0.0823735 0.0772829 0.0705988 0.0866337 0.0858009 0.0767354 0.0692113 0.0652592 0.0654848 0.0709791 0.0801718 0.0731301 0.0753154 0.0756525 0.0737385 0.0671002 0.0641244 0.0614216 0.0624312 1.190552e-02 0.781
N:25 Run:3 0.0619515 0.0601274 0.0430286 0.0331783 0.0277816 0.0248301 0.0232167 0.0223351 0.0218534 0.0215901 0.0214462 0.0213677 0.0600252 0.0654613 0.0845162 0.0938956 0.0845761 0.0920234 0.108726 0.176845 0.30552 1.190552e-02 0.781
N:25 Run:4 0.0708117 0.0688844 0.0492863 0.036978 0.0298546 0.0259622 0.0238352 0.0226737 0.0220385 0.0216913 0.0215015 0.0213979 0.0461536 0.0580928 0.0706161 0.0738343 0.0759794 0.07733 0.0767178 0.0795098 0.0928349 1.190552e-02 0.781
N:25 Run:5 0.111628 0.0935759 0.0841932 0.073223 0.0685916 0.0690321 0.0618484 0.0703213 0.0631763 0.0646434 0.0684533 0.0681034 0.0738547 0.0795411 0.0815413 0.079863 0.0856157 0.0986714 0.0990944 0.0878208 0.0784627 1.190552e-02 0.781
N:25 Run:6 0.0933079 0.0825353 0.0705315 0.0764244 0.0690431 0.0768316 0.0763037 0.0767095 0.0720051 0.0684087 0.0644816 0.0673763 0.0630999 0.0667898 0.0701204 0.072218 0.0809755 0.0809961 0.0776995 0.0810278 0.0824182 1.190552e-02 0.781
N:25 Run:7 0.0974295 0.0802516 0.0795824 0.089803 0.0899417 0.0810684 0.0774214 0.075684 0.0673381 0.0749471 0.0719581 0.073949 0.0815331 0.0683126 0.0657975 0.0641563 0.0630435 0.0640546 0.0672452 0.0640028 0.0687713 1.190552e-02 0.781
N:25 Run:8 0.11425 0.107289 0.0976259 0.0914665 0.0850607 0.0816255 0.0841301 0.0843518 0.0764552 0.0799464 0.0853941 0.102793 0.127722 0.149947 0.147441 0.139226 0.116622 0.106636 0.0965188 0.0809608 0.0726667 1.190552e-02 0.781
N:25 Run:9 0.129777 0.113858 0.100807 0.0898383 0.0809017 0.0814209 0.0767982 0.0709792 0.0718446 0.0728104 0.0738624 0.0692829 0.0625458 0.0577648 0.0640802 0.0682699 0.0722853 0.0765818 0.0739279 0.071373 0.0661029 1.190552e-02 0.781
N:26 Run:0 0.13278 0.0989877 0.0857225 0.080193 0.0727282 0.0640374 0.0751277 0.0703109 0.0664024 0.0639846 0.0661172 0.0612942 0.0705597 0.068524 0.067916 0.0739455 0.0787853 0.0675007 0.0716104 0.0686595 0.0644979 1.250193e-02 0.771
N:26 Run:1 0.0824837 0.077409 0.0655855 0.0780473 0.0765356 0.0700979 0.0620003 0.0687153 0.072844 0.0799043 0.0885159 0.117614 0.172871 0.197617 0.163828 0.135958 0.111096 0.0931055 0.0775988 0.0742758 0.073263 1.250193e-02 0.771
N:26 Run:2 0.0836953 0.0863412 0.0823735 0.0772829 0.0705988 0.0866337 0.0858009 0.0767354 0.0692113 0.0652592 0.0654848 0.0709791 0.0801718 0.0731301 0.0753154 0.0756525 0.0737385 0.0671002 0.0641244 0.0614216 0.0624312 1.250193e-02 0.771
N:26 Run:3 0.0619515 0.0601274 0.0430286 0.0331783 0.0277816 0.0248301 0.0232167 0.0223351 0.0218534 0.0215901 0.0214462 0.0213677 0.0600252 0.0654613 0.0845162 0.0938956 0.0845761 0.0920234 0.108726 0.176845 0.30552 1.250193e-02 0.771
N:26 Run:4 0.0708117 0.0688844 0.0492863 0.036978 0.0298546 0.0259622 0.0238352 0.0226737 0.0220385 0.0216913 0.0215015 0.0213979 0.0461536 0.0580928 0.0706161 0.0738343 0.0759794 0.07733 0.0767178 0.0795098 0.0928349 1.250193e-02 0.771
N:26 Run:5 0.111628 0.0935759 0.0841932 0.073223 0.0685916 0.0690321 0.0618484 0.0703213 0.0631763 0.0646434 0.0684533 0.0681034 0.0738547 0.0795411 0.0815413 0.079863 0.0856157 0.0986714 0.0990944 0.0878208 0.0784627 1.250193e-02 0.771
N:26 Run:6 0.0933079 0.0825353 0.0705315 0.0764244 0.0690431 0.0768316 0.0763037 0.0767095 0.0720051 0.0684087 0.0644816 0.0673763 0.0630999 0.0667898 0.0701204 0.072218 0.0809755 0.0809961 0.0776995 0.0810278 0.0824182 1.250193e-02 0.771
N:26 Run:7 0.0974295 0.0802516 0.0795824 0.089803 0.0899417 0.0810684 0.0774214 0.075684 0.0673381 0.0749471 0.0719581 0.073949 0.0815331 0.0683126 0.0657975 0.0641563 0.0630435 0.0640546 0.0672452 0.0640028 0.0687713 1.250193e-02 0.771
N:26 Run:8 0.11425 0.107289 0.0976259 0.0914665 0.0850607 0.0816255 0.0841301 0.0843518 0.0764552 0.0799464 0.0853941 0.102793 0.127722 0.149947 0.147441 0.139226 0.116622 0.106636 0.0965188 0.0809608 0.0726667 1.250193e-02 0.771
N:26 Run:9 0.129777 0.113858 0.100807 0.0898383 0.0809017 0.0814209 0.0767982 0.0709792 0.0718446 0.0728104 0.0738624 0.0692829 0.0625458 0.0577648 0.0640802 0.0682699 0.0722853 0.0765818 0.0739279 0.071373 0.0661029 1.250193e-02 0.771
N:27 Run:0 0.13278 0.0989877 0.0857225 0.080193 0.0727282 0.0640374 0.0751277 0.0703109 0.0664024 0.0639846 0.0661172 0.0612942 0.0705597 0.068524 0.067916 0.0739455 0.0787853 0.0675007 0.0716104 0.0686595 0.0644979 1.802607e-02 0.675
N:27 Run:1 0.0824837 0.077409 0.0655855 0.0780473 0.0765356 0.0700979 0.0620003 0.0687153 0.072844 0.0799043 0.0885159 0.117614 0.172871 0.197617 0.163828 0.135958 0.111096 0.0931055 0.0775988 0.0742758 0.073263 1.802607e-02 0.675
N:27 Run:2 0.0836953 0.0863412 0.0823735 0.0772829 0.0705988 0.0866337 0.0858009 0.0767354 0.0692113 0.0652592 0.0654848 0.0709791 0.0801718 0.0731301 0.0753154 0.0756525 0.0737385 0.0671002 0.0641244 0.0614216 0.0624312 1.802607e-02 0.675
N:27 Run:3 0.0619515 0.0601274 0.0430286 0.0331783 0.0277816 0.0248301 0.0232167 0.0223351 0.0218534 0.0215901 0.0214462 0.0213677 0.0600252 0.0654613 0.0845162 0.0938956 0.0845761 0.0920234 0.108726 0.176845 0.30552 1.802607e-02 0.675
N:27 Run:4 0.0708117 0.0688844 0.0492863 0.036978 0.0298546 0.0259622 0.0238352 0.0226737 0.0220385 0.0216913 0.0215015 0.0213979 0.0461536 0.0580928 0.0706161 0.0738343 0.0759794 0.07733 0.0767178 0.0795098 0.0928349 1.802607e-02 0.675
N:27 Run:5 0.111628 0.0935759 0.0841932 0.073223 0.0685916 0.0690321 0.0618484 0.0703213 0.0631763 0.0646434 0.0684533 0.0681034 0.0738547 0.0795411 0.0815413 0.079863 0.0856157 0.0986714 0.0990944 0.0878208 0.0784627 1.802607e-02 0.675
N:27 Run:6 0.0933079 0.0825353 0.0705315 0.0764244 0.0690431 0.0768316 0.0763037 0.0767095 0.0720051 0.0684087 0.0644816 0.0673763 0.0630999 0.0667898 0.0701204 0.072218 0.0809755 0.0809961 0.0776995 0.0810278 0.0824182 1.802607e-02 0.675
N:27 Run:7 0.0974295 0.0802516 0.0795824 0.089803 0.0899417 0.0810684 0.0774214 0.075684 0.0673381 0.0749471 0.0719581 0.073949 0.0815331 0.0683126 0.0657975 0.0641563 0.0630435 0.0640546 0.0672452 0.0640028 0.0687713 1.802607e-02 0.675
N:27 Run:8 0.11425 0.107289 0.0976259 0.0914665 0.0850607 0.0816255 0.0841301 0.0843518 0.0764552 0.0799464 0.0853941 0.102793 0.127722 0.149947 0.147441 0.139226 0.116622 0.106636 0.0965188 0.0809608 0.0726667 1.802607e-02 0.675
N:27 Run:9 0.129777 0.113858 0.100807 0.0898383 0.0809017 0.0814209 0.0767982 0.0709792 0.0718446 0.0728104 0.0738624 0.0692829 0.0625458 0.0577648 0.0640802 0.0682699 0.0722853 0.0765818 0.0739279 0.071373 0.0661029 1.802607e-02 0.675
N:28 Run:0 0.13278 0.0989877 0.0857225 0.080193 0.0727282 0.0640374 0.0751277 0.0703109 0.0664024 0.0639846 0.0661172 0.0612942 0.0705597 0.068524 0.067916 0.0739455 0.0787853 0.0675007 0.0716104 0.0686595 0.0644979 1.727800e-02 0.668
N:28 Run:1 0.0824837 0.077409 0.0655855 0.0780473 0.0765356 0.0700979 0.0620003 0.0687153 0.072844 0.0799043 0.0885159 0.117614 0.172871 0.197617 0.163828 0.135958 0.111096 0.0931055 0.0775988 0.0742758 0.073263 1.727800e-02 0.668
N:28 Run:2 0.0836953 0.0863412 0.0823735 0.0772829 0.0705988 0.0866337 0.0858009 0.0767354 0.0692113 0.0652592 0.0654848 0.0709791 0.0801718 0.0731301 0.0753154 0.0756525 0.0737385 0.0671002 0.0641244 0.0614216 0.0624312 1.727800e-02 0.668
N:28 Run:3 0.0619515 0.0601274 0.0430286 0.0331783 0.0277816 0.0248301 0.0232167 0.0223351 0.0218534 0.0215901 0.0214462 0.0213677 0.0600252 0.0654613 0.0845162 0.0938956 0.0845761 0.0920234 0.108726 0.176845 0.30552 1.727800e-02 0.668
N:28 Run:4 0.0708117 0.0688844 0.0492863 0.036978 0.0298546 0.0259622 0.0238352 0.0226737 0.0220385 0.0216913 0.0215015 0.0213979 0.0461536 0.0580928 0.0706161 0.0738343 0.0759794 0.07733 0.0767178 0.0795098 0.0928349 1.727800e-02 0.668
N:28 Run:5 0.111628 0.0935759 0.0841932 0.073223 0.0685916 0.0690321 0.0618484 0.0703213 0.0631763 0.0646434 0.0684533 0.0681034 0.0738547 0.0795411 0.0815413 0.079863 0.0856157 0.0986714 0.0990944 0.0878208 0.0784627 1.727800e-02 0.668
N:28 Run:6 0.0933079 0.0825353 0.0705315 0.0764244 0.0690431 0.0768316 0.0763037 0.0767095 0.0720051 0.0684087 0.0644816 0.0673763 0.0630999 0.0667898 0.0701204 0.072218 0.0809755 0.0809961 0.0776995 0.0810278 0.0824182 1.727800e-02 0.668
N:28 Run:7 0.0974295 0.0802516 0.0795824 0.089803 0.0899417 0.0810684 0.0774214 0.075684 0.0673381 0.0749471 0.0719581 0.073949 0.0815331 0.0683126 0.0657975 0.0641563 0.0630435 0.0640546 0.0672452 0.0640028 0.0687713 1.727800e-02 0.668
N:28 Run:8 0.11425 0.107289 0.0976259 0.0914665 0.0850607 0.0816255 0.0841301 0.0843518 0.0764552 0.0799464 0.0853941 0.102793 0.127722 0.149947 0.147441 0.139226 0.116622 0.106636 0.0965188 0.0809608 0.0726667 1.727800e-02 0.668
N:28 Run:9 0.129777 0.113858 0.100807 0.0898383 0.0809017 0.0814209 0.0767982 0.0709792 0.0718446 0.0728104 0.0738624 0.0692829 0.0625458 0.0577648 0.0640802 0.0682699 0.0722853 0.0765818 0.0739279 0.071373 0.0661029 1.727800e-02 0.668
N:29 Run:0 0.13278 0.0989877 0.0857225 0.080193 0.0727282 0.0640374 0.0751277 0.0703109 0.0664024 0.0639846 0.0661172 0.0612942 0.0705597 0.068524 0.067916 0.0739455 0.0787853 0.0675007 0.0716104 0.0686595 0.0644979 1.580266e-02 0.731
N:29 Run:1 0.0824837 0.077409 0.0655855 0.0780473 0.0765356 0.0700979 0.0620003 0.0687153 0.072844 0.0799043 0.0885159 0.117614 0.172871 0.197617 0.163828 0.135958 0.111096 0.0931055 0.0775988 0.0742758 0.073263 1.580266e-02 0.731
N:29 Run:2 0.0836953 0.0863412 0.0823735 0.0772829 0.0705988 0.0866337 0.0858009 0.0767354 0.0692113 0.0652592 0.0654848 0.0709791 0.0801718 0.0731301 0.0753154 0.0756525 0.0737385 0.0671002 0.0641244 0.0614216 0.0624312 1.580266e-02 0.731
N:29 Run:3 0.0619515 0.0601274 0.0430286 0.0331783 0.0277816 0.0248301 0.0232167 0.0223351 0.0218534 0.0215901 0.0214462 0.0213677 0.0600252 0.0654613 0.0845162 0.0938956 0.0845761 0.0920234 0.108726 0.176845 0.30552 1.580266e-02 0.731
N:29 Run:4 0.0708117 0.0688844 0.0492863 0.036978 0.0298546 0.0259622 0.0238352 0.0226737 0.0220385 0.0216913 0.0215015 0.0213979 0.0461536 0.0580928 0.0706161 0.0738343 0.0759794 0.07733 0.0767178 0.0795098 0.0928349 1.580266e-02 0.731
N:29 Run:5 0.111628 0.0935759 0.0841932 0.073223 0.0685916 0.0690321 0.0618484 0.0703213 0.0631763 0.0646434 0.0684533 0.0681034 0.0738547 0.0795411 0.0815413 0.079863 0.0856157 0.0986714 0.0990944 0.0878208 0.0784627 1.580266e-02 0.731
N:29 Run:6 0.0933079 0.0825353 0.0705315 0.0764244 0.0690431 0.0768316 0.0763037 0.0767095 0.0720051 0.0684087 0.0644816 0.0673763 0.0630999 0.0667898 0.0701204 0.072218 0.0809755 0.0809961 0.0776995 0.0810278 0.0824182 1.580266e-02 0.731
N:29 Run:7 0.0974295 0.0802516 0.0795824 0.089803 0.0899417 0.0810684 0.0774214 0.075684 0.0673381 0.0749471 0.0719581 0.073949 0.0815331 0.0683126 0.0657975 0.0641563 0.0630435 0.0640546 0.0672452 0.0640028 0.0687713 1.580266e-02 0.731
N:29 Run:8 0.11425 0.107289 0.0976259 0.0914665 0.0850607 0.0816255 0.0841301 0.0843518 0.0764552 0.0799464 0.0853941 0.102793 0.127722 0.149947 0.147441 0.139226 0.116622 0.106636 0.0965188 0.0809608 0.0726667 1.580266e-02 0.731
N:29 Run:9 0.129777 0.113858 0.100807 0.0898383 0.0809017 0.0814209 0.0767982 0.0709792 0.0718446 0.0728104 0.0738624 0.0692829 0.0625458 0.0577648 0.0640802 0.0682699 0.0722853 0.0765818 0.0739279 0.071373 0.0661029 1.580266e-02 0.731
