Seed:1578629406
N:0 Run:0 0.0115778 0.0449414 0.237004 0.35588 0.420462 0.488374 0.40027 0.398781 0.432196 0.374167 0.417333 0.439138 0.119737 0.0645308 0.0467923 0.0508052 0.0488768 0.0439901 0.0460803 0.0421929 0.0466427 6.512297e-02 0.655
N:0 Run:1 0.0219084 0.0440662 0.0430291 0.042176 0.0426407 0.0418693 0.0430544 0.0422615 0.0424529 0.0419171 0.0426841 0.0464765 0.0445359 0.0467703 0.0443438 0.0483584 0.0471394 0.0581539 0.0571805 0.0478883 0.0465686 6.512297e-02 0.655
N:0 Run:2 0.0182613 0.0454582 0.178302 0.134616 0.227534 0.168695 0.226327 0.224573 0.258239 0.167621 0.308408 0.222014 0.0774593 0.0529531 0.0516739 0.0470224 0.0428079 0.0451197 0.0432561 0.0471969 0.0458148 6.512297e-02 0.655
N:0 Run:3 0.0109644 0.0485493 0.048644 0.0432777 0.0459066 0.0434671 0.0432752 0.0441464 0.0454172 0.0429159 0.0430654 0.0424488 0.042762 0.0430384 0.0436006 0.0458896 0.0437513 0.0439449 0.0435416 0.0479631 0.052967 6.512297e-02 0.655
N:0 Run:4 0.0330075 0.044792 0.142501 0.121268 0.158285 0.134303 0.103374 0.121147 0.116863 0.144026 0.126248 0.135469 0.0550621 0.0483509 0.0528705 0.0475599 0.0699091 0.0486929 0.0487071 0.050556 0.0447283 6.512297e-02 0.655
N:0 Run:5 0.0191407 0.0425452 0.0971585 0.13767 0.180443 0.162109 0.16997 0.150944 0.20714 0.161722 0.21555 0.192481 0.0930885 0.0546741 0.0431632 0.0440005 0.0443274 0.0449642 0.0453705 0.0503931 0.0443695 6.512297e-02 0.655
N:0 Run:6 0.0238443 0.0449245 0.0480129 0.0513269 0.0480255 0.0574972 0.0538945 0.0729661 0.0649929 0.0534337 0.0804575 0.0718728 0.0529246 0.0531601 0.0525458 0.0507807 0.0448364 0.0427379 0.0453509 0.0441591 0.0454495 6.512297e-02 0.655
N:0 Run:7 0.0128992 0.0481558 0.0705472 0.0496482 0.0483672 0.0602743 0.0751131 0.089027 0.101874 0.136735 0.1202 0.135321 0.0761752 0.0643039 0.0516844 0.0475066 0.0468329 0.0425997 0.0450676 0.0452423 0.0430496 6.512297e-02 0.655
N:0 Run:8 0.0180203 0.0502742 0.0462863 0.0487864 0.0494066 0.0432426 0.0438056 0.04495 0.0461956 0.0441114 0.0444546 0.0508326 0.0426837 0.0461583 0.0459246 0.0690087 0.0465492 0.0458214 0.0501492 0.0471926 0.0461903 6.512297e-02 0.655
N:0 Run:9 0.0271172 0.0482508 0.0451933 0.042018 0.0424453 0.042813 0.0435961 0.0425379 0.0434641 0.0421503 0.0421696 0.0464569 0.0495816 0.0447794 0.0501713 0.0447851 0.0441309 0.0455391 0.0433818 0.0506805 0.0475891 6.512297e-02 0.655
N:1 Run:0 0.0115778 0.0449414 0.237004 0.35588 0.420462 0.488374 0.40027 0.398781 0.432196 0.374167 0.417333 0.439138 0.119737 0.0645308 0.0467923 0.0508052 0.0488768 0.0439901 0.0460803 0.0421929 0.0466427 7.799272e-02 0.660
N:1 Run:1 0.0219084 0.0440662 0.0430291 0.042176 0.0426407 0.0418693 0.0430544 0.0422615 0.0424529 0.0419171 0.0426841 0.0464765 0.0445359 0.0467703 0.0443438 0.0483584 0.0471394 0.0581539 0.0571805 0.0478883 0.0465686 7.799272e-02 0.660
N:1 Run:2 0.0182613 0.0454582 0.178302 0.134616 0.227534 0.168695 0.226327 0.224573 0.258239 0.167621 0.308408 0.222014 0.0774593 0.0529531 0.0516739 0.0470224 0.0428079 0.0451197 0.0432561 0.0471969 0.0458148 7.799272e-02 0.660
N:1 Run:3 0.0109644 0.0485493 0.048644 0.0432777 0.0459066 0.0434671 0.0432752 0.0441464 0.0454172 0.0429159 0.0430654 0.0424488 0.042762 0.0430384 0.0436006 0.0458896 0.0437513 0.0439449 0.0435416 0.0479631 0.052967 7.799272e-02 0.660
N:1 Run:4 0.0330075 0.044792 0.142501 0.121268 0.158285 0.134303 0.103374 0.121147 0.116863 0.144026 0.126248 0.135469 0.0550621 0.0483509 0.0528705 0.0475599 0.0699091 0.0486929 0.0487071 0.050556 0.0447283 7.799272e-02 0.660
N:1 Run:5 0.0191407 0.0425452 0.0971585 0.13767 0.180443 0.162109 0.16997 0.150944 0.20714 0.161722 0.21555 0.192481 0.0930885 0.0546741 0.0431632 0.0440005 0.0443274 0.0449642 0.0453705 0.0503931 0.0443695 7.799272e-02 0.660
N:1 Run:6 0.0238443 0.0449245 0.0480129 0.0513269 0.0480255 0.0574972 0.0538945 0.0729661 0.0649929 0.0534337 0.0804575 0.0718728 0.0529246 0.0531601 0.0525458 0.0507807 0.0448364 0.0427379 0.0453509 0.0441591 0.0454495 7.799272e-02 0.660
N:1 Run:7 0.0128992 0.0481558 0.0705472 0.0496482 0.0483672 0.0602743 0.0751131 0.089027 0.101874 0.136735 0.1202 0.135321 0.0761752 0.0643039 0.0516844 0.0475066 0.0468329 0.0425997 0.0450676 0.0452423 0.0430496 7.799272e-02 0.660
N:1 Run:8 0.0180203 0.0502742 0.0462863 0.0487864 0.0494066 0.0432426 0.0438056 0.04495 0.0461956 0.0441114 0.0444546 0.0508326 0.0426837 0.0461583 0.0459246 0.0690087 0.0465492 0.0458214 0.0501492 0.0471926 0.0461903 7.799272e-02 0.660
N:1 Run:9 0.0271172 0.0482508 0.0451933 0.042018 0.0424453 0.042813 0.0435961 0.0425379 0.0434641 0.0421503 0.0421696 0.0464569 0.0495816 0.0447794 0.0501713 0.0447851 0.0441309 0.0455391 0.0433818 0.0506805 0.0475891 7.799272e-02 0.660
N:2 Run:0 0.0115778 0.0454478 0.242224 0.368755 0.42003 0.463316 0.405655 0.404314 0.42834 0.384987 0.417899 0.433074 0.122254 0.064786 0.0472711 0.0500955 0.0489558 0.0444996 0.0466736 0.0429554 0.0464043 6.494607e-02 0.665
N:2 Run:1 0.0219084 0.0446593 0.0434537 0.0430017 0.0433622 0.04278 0.0437112 0.0430323 0.0431361 0.0428024 0.0433425 0.0466649 0.0450856 0.0471739 0.0450451 0.0488013 0.0473929 0.0573263 0.057131 0.0483045 0.0470479 6.494607e-02 0.665
N:2 Run:2 0.0182613 0.0454235 0.182812 0.136344 0.231961 0.170501 0.232967 0.225086 0.259045 0.1673 0.315611 0.220041 0.0788444 0.0533155 0.0514951 0.0475859 0.0435883 0.0455041 0.0440095 0.0475926 0.0455871 6.494607e-02 0.665
N:2 Run:3 0.0109644 0.0484642 0.0482863 0.0439965 0.0463542 0.0438619 0.0438034 0.0445067 0.0459442 0.0437817 0.0439259 0.0432051 0.0435273 0.0437282 0.0440669 0.0464207 0.044503 0.0446028 0.0442909 0.0482432 0.0537451 6.494607e-02 0.665
N:2 Run:4 0.0330075 0.0451464 0.137001 0.110578 0.154038 0.125738 0.0907478 0.110107 0.105357 0.136805 0.11614 0.126727 0.053752 0.0478443 0.0525816 0.0476202 0.0684134 0.0478695 0.0485163 0.0493921 0.0450313 6.494607e-02 0.665
N:2 Run:5 0.0191407 0.0431909 0.0965118 0.139115 0.185055 0.159636 0.173609 0.147758 0.214665 0.162706 0.223955 0.196745 0.0908812 0.0545212 0.0437788 0.0444263 0.0446692 0.0454854 0.0457433 0.050467 0.0448863 6.494607e-02 0.665
N:2 Run:6 0.0238443 0.0453811 0.048393 0.0512114 0.0478868 0.0559529 0.0531532 0.0706799 0.0625942 0.0526296 0.0806252 0.0708572 0.0517723 0.0517362 0.051226 0.0503279 0.0453464 0.0435394 0.0456597 0.0448339 0.0458729 6.494607e-02 0.665
N:2 Run:7 0.0128992 0.0479338 0.0711803 0.0505288 0.0492331 0.060607 0.0739084 0.0881231 0.101289 0.135411 0.117548 0.134152 0.0769353 0.0640087 0.0514663 0.0478395 0.0467554 0.0433373 0.0457196 0.045771 0.0436946 6.494607e-02 0.665
N:2 Run:8 0.0180203 0.0498039 0.0472452 0.0497162 0.0503155 0.0442992 0.0448191 0.045932 0.0471565 0.0451382 0.0454387 0.0516609 0.0437252 0.0467494 0.0466191 0.069459 0.0469469 0.0463305 0.0500132 0.0476656 0.0464706 6.494607e-02 0.665
N:2 Run:9 0.0271172 0.0480554 0.045382 0.0427753 0.0429968 0.0432935 0.0436508 0.0429231 0.0436647 0.0427542 0.0428138 0.0457167 0.0480824 0.0448289 0.0498866 0.0452437 0.0448207 0.0457033 0.0439509 0.0507 0.048274 6.494607e-02 0.665
N:3 Run:0 0.0115778 0.0454478 0.242224 0.368755 0.42003 0.463316 0.405655 0.404314 0.42834 0.384987 0.417899 0.433074 0.122254 0.064786 0.0472711 0.0500955 0.0489558 0.0444996 0.0466736 0.0429554 0.0464043 6.534052e-02 0.705
N:3 Run:1 0.0219084 0.0446593 0.0434537 0.0430017 0.0433622 0.04278 0.0437112 0.0430323 0.0431361 0.0428024 0.0433425 0.0466649 0.0450856 0.0471739 0.0450451 0.0488013 0.0473929 0.0573263 0.057131 0.0483045 0.0470479 6.534052e-02 0.705
N:3 Run:2 0.0182613 0.0454235 0.182812 0.136344 0.231961 0.170501 0.232967 0.225086 0.259045 0.1673 0.315611 0.220041 0.0788444 0.0533155 0.0514951 0.0475859 0.0435883 0.0455041 0.0440095 0.0475926 0.0455871 6.534052e-02 0.705
N:3 Run:3 0.0109644 0.0484642 0.0482863 0.0439965 0.0463542 0.0438619 0.0438034 0.0445067 0.0459442 0.0437817 0.0439259 0.0432051 0.0435273 0.0437282 0.0440669 0.0464207 0.044503 0.0446028 0.0442909 0.0482432 0.0537451 6.534052e-02 0.705
N:3 Run:4 0.0330075 0.0451464 0.137001 0.110578 0.154038 0.125738 0.0907478 0.110107 0.105357 0.136805 0.11614 0.126727 0.053752 0.0478443 0.0525816 0.0476202 0.0684134 0.0478695 0.0485163 0.0493921 0.0450313 6.534052e-02 0.705
N:3 Run:5 0.0191407 0.0431909 0.0965118 0.139115 0.185055 0.159636 0.173609 0.147758 0.214665 0.162706 0.223955 0.196745 0.0908812 0.0545212 0.0437788 0.0444263 0.0446692 0.0454854 0.0457433 0.050467 0.0448863 6.534052e-02 0.705
N:3 Run:6 0.0238443 0.0453811 0.048393 0.0512114 0.0478868 0.0559529 0.0531532 0.0706799 0.0625942 0.0526296 0.0806252 0.0708572 0.0517723 0.0517362 0.051226 0.0503279 0.0453464 0.0435394 0.0456597 0.0448339 0.0458729 6.534052e-02 0.705
N:3 Run:7 0.0128992 0.0479338 0.0711803 0.0505288 0.0492331 0.060607 0.0739084 0.0881231 0.101289 0.135411 0.117548 0.134152 0.0769353 0.0640087 0.0514663 0.0478395 0.0467554 0.0433373 0.0457196 0.045771 0.0436946 6.534052e-02 0.705
N:3 Run:8 0.0180203 0.0498039 0.0472452 0.0497162 0.0503155 0.0442992 0.0448191 0.045932 0.0471565 0.0451382 0.0454387 0.0516609 0.0437252 0.0467494 0.0466191 0.069459 0.0469469 0.0463305 0.0500132 0.0476656 0.0464706 6.534052e-02 0.705
N:3 Run:9 0.0271172 0.0480554 0.045382 0.0427753 0.0429968 0.0432935 0.0436508 0.0429231 0.0436647 0.0427542 0.0428138 0.0457167 0.0480824 0.0448289 0.0498866 0.0452437 0.0448207 0.0457033 0.0439509 0.0507 0.048274 6.534052e-02 0.705
N:4 Run:0 0.0115778 0.0454478 0.242224 0.368755 0.42003 0.463316 0.405655 0.404314 0.42834 0.384987 0.417899 0.433074 0.122254 0.064786 0.0472711 0.0500955 0.0489558 0.0444996 0.0466736 0.0429554 0.0464043 6.501878e-02 0.733
N:4 Run:1 0.0219084 0.0446593 0.0434537 0.0430017 0.0433622 0.04278 0.0437112 0.0430323 0.0431361 0.0428024 0.0433425 0.0466649 0.0450856 0.0471739 0.0450451 0.0488013 0.0473929 0.0573263 0.057131 0.0483045 0.0470479 6.501878e-02 0.733
N:4 Run:2 0.0182613 0.0454235 0.182812 0.136344 0.231961 0.170501 0.232967 0.225086 0.259045 0.1673 0.315611 0.220041 0.0788444 0.0533155 0.0514951 0.0475859 0.0435883 0.0455041 0.0440095 0.0475926 0.0455871 6.501878e-02 0.733
N:4 Run:3 0.0109644 0.0484642 0.0482863 0.0439965 0.0463542 0.0438619 0.0438034 0.0445067 0.0459442 0.0437817 0.0439259 0.0432051 0.0435273 0.0437282 0.0440669 0.0464207 0.044503 0.0446028 0.0442909 0.0482432 0.0537451 6.501878e-02 0.733
N:4 Run:4 0.0330075 0.0451464 0.137001 0.110578 0.154038 0.125738 0.0907478 0.110107 0.105357 0.136805 0.11614 0.126727 0.053752 0.0478443 0.0525816 0.0476202 0.0684134 0.0478695 0.0485163 0.0493921 0.0450313 6.501878e-02 0.733
N:4 Run:5 0.0191407 0.0431909 0.0965118 0.139115 0.185055 0.159636 0.173609 0.147758 0.214665 0.162706 0.223955 0.196745 0.0908812 0.0545212 0.0437788 0.0444263 0.0446692 0.0454854 0.0457433 0.050467 0.0448863 6.501878e-02 0.733
N:4 Run:6 0.0238443 0.0453811 0.048393 0.0512114 0.0478868 0.0559529 0.0531532 0.0706799 0.0625942 0.0526296 0.0806252 0.0708572 0.0517723 0.0517362 0.051226 0.0503279 0.0453464 0.0435394 0.0456597 0.0448339 0.0458729 6.501878e-02 0.733
N:4 Run:7 0.0128992 0.0479338 0.0711803 0.0505288 0.0492331 0.060607 0.0739084 0.0881231 0.101289 0.135411 0.117548 0.134152 0.0769353 0.0640087 0.0514663 0.0478395 0.0467554 0.0433373 0.0457196 0.045771 0.0436946 6.501878e-02 0.733
N:4 Run:8 0.0180203 0.0498039 0.0472452 0.0497162 0.0503155 0.0442992 0.0448191 0.045932 0.0471565 0.0451382 0.0454387 0.0516609 0.0437252 0.0467494 0.0466191 0.069459 0.0469469 0.0463305 0.0500132 0.0476656 0.0464706 6.501878e-02 0.733
N:4 Run:9 0.0271172 0.0480554 0.045382 0.0427753 0.0429968 0.0432935 0.0436508 0.0429231 0.0436647 0.0427542 0.0428138 0.0457167 0.0480824 0.0448289 0.0498866 0.0452437 0.0448207 0.0457033 0.0439509 0.0507 0.048274 6.501878e-02 0.733
N:5 Run:0 0.0115778 0.0454478 0.242224 0.368755 0.42003 0.463316 0.405655 0.404314 0.42834 0.384987 0.417899 0.433074 0.122254 0.064786 0.0472711 0.0500955 0.0489558 0.0444996 0.0466736 0.0429554 0.0464043 6.523111e-02 0.652
N:5 Run:1 0.0219084 0.0446593 0.0434537 0.0430017 0.0433622 0.04278 0.0437112 0.0430323 0.0431361 0.0428024 0.0433425 0.0466649 0.0450856 0.0471739 0.0450451 0.0488013 0.0473929 0.0573263 0.057131 0.0483045 0.0470479 6.523111e-02 0.652
N:5 Run:2 0.0182613 0.0454235 0.182812 0.136344 0.231961 0.170501 0.232967 0.225086 0.259045 0.1673 0.315611 0.220041 0.0788444 0.0533155 0.0514951 0.0475859 0.0435883 0.0455041 0.0440095 0.0475926 0.0455871 6.523111e-02 0.652
N:5 Run:3 0.0109644 0.0484642 0.0482863 0.0439965 0.0463542 0.0438619 0.0438034 0.0445067 0.0459442 0.0437817 0.0439259 0.0432051 0.0435273 0.0437282 0.0440669 0.0464207 0.044503 0.0446028 0.0442909 0.0482432 0.0537451 6.523111e-02 0.652
N:5 Run:4 0.0330075 0.0451464 0.137001 0.110578 0.154038 0.125738 0.0907478 0.110107 0.105357 0.136805 0.11614 0.126727 0.053752 0.0478443 0.0525816 0.0476202 0.0684134 0.0478695 0.0485163 0.0493921 0.0450313 6.523111e-02 0.652
N:5 Run:5 0.0191407 0.0431909 0.0965118 0.139115 0.185055 0.159636 0.173609 0.147758 0.214665 0.162706 0.223955 0.196745 0.0908812 0.0545212 0.0437788 0.0444263 0.0446692 0.0454854 0.0457433 0.050467 0.0448863 6.523111e-02 0.652
N:5 Run:6 0.0238443 0.0453811 0.048393 0.0512114 0.0478868 0.0559529 0.0531532 0.0706799 0.0625942 0.0526296 0.0806252 0.0708572 0.0517723 0.0517362 0.051226 0.0503279 0.0453464 0.0435394 0.0456597 0.0448339 0.0458729 6.523111e-02 0.652
N:5 Run:7 0.0128992 0.0479338 0.0711803 0.0505288 0.0492331 0.060607 0.0739084 0.0881231 0.101289 0.135411 0.117548 0.134152 0.0769353 0.0640087 0.0514663 0.0478395 0.0467554 0.0433373 0.0457196 0.045771 0.0436946 6.523111e-02 0.652
N:5 Run:8 0.0180203 0.0498039 0.0472452 0.0497162 0.0503155 0.0442992 0.0448191 0.045932 0.0471565 0.0451382 0.0454387 0.0516609 0.0437252 0.0467494 0.0466191 0.069459 0.0469469 0.0463305 0.0500132 0.0476656 0.0464706 6.523111e-02 0.652
N:5 Run:9 0.0271172 0.0480554 0.045382 0.0427753 0.0429968 0.0432935 0.0436508 0.0429231 0.0436647 0.0427542 0.0428138 0.0457167 0.0480824 0.0448289 0.0498866 0.0452437 0.0448207 0.0457033 0.0439509 0.0507 0.048274 6.523111e-02 0.652
N:6 Run:0 0.0115778 0.0454478 0.242224 0.368755 0.42003 0.463316 0.405655 0.404314 0.42834 0.384987 0.417899 0.433074 0.122254 0.064786 0.0472711 0.0500955 0.0489558 0.0444996 0.0466736 0.0429554 0.0464043 7.816829e-02 0.652
N:6 Run:1 0.0219084 0.0446593 0.0434537 0.0430017 0.0433622 0.04278 0.0437112 0.0430323 0.0431361 0.0428024 0.0433425 0.0466649 0.0450856 0.0471739 0.0450451 0.0488013 0.0473929 0.0573263 0.057131 0.0483045 0.0470479 7.816829e-02 0.652
N:6 Run:2 0.0182613 0.0454235 0.182812 0.136344 0.231961 0.170501 0.232967 0.225086 0.259045 0.1673 0.315611 0.220041 0.0788444 0.0533155 0.0514951 0.0475859 0.0435883 0.0455041 0.0440095 0.0475926 0.0455871 7.816829e-02 0.652
N:6 Run:3 0.0109644 0.0484642 0.0482863 0.0439965 0.0463542 0.0438619 0.0438034 0.0445067 0.0459442 0.0437817 0.0439259 0.0432051 0.0435273 0.0437282 0.0440669 0.0464207 0.044503 0.0446028 0.0442909 0.0482432 0.0537451 7.816829e-02 0.652
N:6 Run:4 0.0330075 0.0451464 0.137001 0.110578 0.154038 0.125738 0.0907478 0.110107 0.105357 0.136805 0.11614 0.126727 0.053752 0.0478443 0.0525816 0.0476202 0.0684134 0.0478695 0.0485163 0.0493921 0.0450313 7.816829e-02 0.652
N:6 Run:5 0.0191407 0.0431909 0.0965118 0.139115 0.185055 0.159636 0.173609 0.147758 0.214665 0.162706 0.223955 0.196745 0.0908812 0.0545212 0.0437788 0.0444263 0.0446692 0.0454854 0.0457433 0.050467 0.0448863 7.816829e-02 0.652
N:6 Run:6 0.0238443 0.0453811 0.048393 0.0512114 0.0478868 0.0559529 0.0531532 0.0706799 0.0625942 0.0526296 0.0806252 0.0708572 0.0517723 0.0517362 0.051226 0.0503279 0.0453464 0.0435394 0.0456597 0.0448339 0.0458729 7.816829e-02 0.652
N:6 Run:7 0.0128992 0.0479338 0.0711803 0.0505288 0.0492331 0.060607 0.0739084 0.0881231 0.101289 0.135411 0.117548 0.134152 0.0769353 0.0640087 0.0514663 0.0478395 0.0467554 0.0433373 0.0457196 0.045771 0.0436946 7.816829e-02 0.652
N:6 Run:8 0.0180203 0.0498039 0.0472452 0.0497162 0.0503155 0.0442992 0.0448191 0.045932 0.0471565 0.0451382 0.0454387 0.0516609 0.0437252 0.0467494 0.0466191 0.069459 0.0469469 0.0463305 0.0500132 0.0476656 0.0464706 7.816829e-02 0.652
N:6 Run:9 0.0271172 0.0480554 0.045382 0.0427753 0.0429968 0.0432935 0.0436508 0.0429231 0.0436647 0.0427542 0.0428138 0.0457167 0.0480824 0.0448289 0.0498866 0.0452437 0.0448207 0.0457033 0.0439509 0.0507 0.048274 7.816829e-02 0.652
N:7 Run:0 0.0115778 0.0454478 0.242224 0.368755 0.42003 0.463316 0.405655 0.404314 0.42834 0.384987 0.417899 0.433074 0.122254 0.064786 0.0472711 0.0500955 0.0489558 0.0444996 0.0466736 0.0429554 0.0464043 8.056577e-02 0.666
N:7 Run:1 0.0219084 0.0446593 0.0434537 0.0430017 0.0433622 0.04278 0.0437112 0.0430323 0.0431361 0.0428024 0.0433425 0.0466649 0.0450856 0.0471739 0.0450451 0.0488013 0.0473929 0.0573263 0.057131 0.0483045 0.0470479 8.056577e-02 0.666
N:7 Run:2 0.0182613 0.0454235 0.182812 0.136344 0.231961 0.170501 0.232967 0.225086 0.259045 0.1673 0.315611 0.220041 0.0788444 0.0533155 0.0514951 0.0475859 0.0435883 0.0455041 0.0440095 0.0475926 0.0455871 8.056577e-02 0.666
N:7 Run:3 0.0109644 0.0484642 0.0482863 0.0439965 0.0463542 0.0438619 0.0438034 0.0445067 0.0459442 0.0437817 0.0439259 0.0432051 0.0435273 0.0437282 0.0440669 0.0464207 0.044503 0.0446028 0.0442909 0.0482432 0.0537451 8.056577e-02 0.666
N:7 Run:4 0.0330075 0.0451464 0.137001 0.110578 0.154038 0.125738 0.0907478 0.110107 0.105357 0.136805 0.11614 0.126727 0.053752 0.0478443 0.0525816 0.0476202 0.0684134 0.0478695 0.0485163 0.0493921 0.0450313 8.056577e-02 0.666
N:7 Run:5 0.0191407 0.0431909 0.0965118 0.139115 0.185055 0.159636 0.173609 0.147758 0.214665 0.162706 0.223955 0.196745 0.0908812 0.0545212 0.0437788 0.0444263 0.0446692 0.0454854 0.0457433 0.050467 0.0448863 8.056577e-02 0.666
N:7 Run:6 0.0238443 0.0453811 0.048393 0.0512114 0.0478868 0.0559529 0.0531532 0.0706799 0.0625942 0.0526296 0.0806252 0.0708572 0.0517723 0.0517362 0.051226 0.0503279 0.0453464 0.0435394 0.0456597 0.0448339 0.0458729 8.056577e-02 0.666
N:7 Run:7 0.0128992 0.0479338 0.0711803 0.0505288 0.0492331 0.060607 0.0739084 0.0881231 0.101289 0.135411 0.117548 0.134152 0.0769353 0.0640087 0.0514663 0.0478395 0.0467554 0.0433373 0.0457196 0.045771 0.0436946 8.056577e-02 0.666
N:7 Run:8 0.0180203 0.0498039 0.0472452 0.0497162 0.0503155 0.0442992 0.0448191 0.045932 0.0471565 0.0451382 0.0454387 0.0516609 0.0437252 0.0467494 0.0466191 0.069459 0.0469469 0.0463305 0.0500132 0.0476656 0.0464706 8.056577e-02 0.666
N:7 Run:9 0.0271172 0.0480554 0.045382 0.0427753 0.0429968 0.0432935 0.0436508 0.0429231 0.0436647 0.0427542 0.0428138 0.0457167 0.0480824 0.0448289 0.0498866 0.0452437 0.0448207 0.0457033 0.0439509 0.0507 0.048274 8.056577e-02 0.666
N:8 Run:0 0.0115778 0.0454478 0.242224 0.368755 0.42003 0.463316 0.405655 0.404314 0.42834 0.384987 0.417899 0.433074 0.122254 0.064786 0.0472711 0.0500955 0.0489558 0.0444996 0.0466736 0.0429554 0.0464043 6.499201e-02 0.663
N:8 Run:1 0.0219084 0.0446593 0.0434537 0.0430017 0.0433622 0.04278 0.0437112 0.0430323 0.0431361 0.0428024 0.0433425 0.0466649 0.0450856 0.0471739 0.0450451 0.0488013 0.0473929 0.0573263 0.057131 0.0483045 0.0470479 6.499201e-02 0.663
N:8 Run:2 0.0182613 0.0454235 0.182812 0.136344 0.231961 0.170501 0.232967 0.225086 0.259045 0.1673 0.315611 0.220041 0.0788444 0.0533155 0.0514951 0.0475859 0.0435883 0.0455041 0.0440095 0.0475926 0.0455871 6.499201e-02 0.663
N:8 Run:3 0.0109644 0.0484642 0.0482863 0.0439965 0.0463542 0.0438619 0.0438034 0.0445067 0.0459442 0.0437817 0.0439259 0.0432051 0.0435273 0.0437282 0.0440669 0.0464207 0.044503 0.0446028 0.0442909 0.0482432 0.0537451 6.499201e-02 0.663
N:8 Run:4 0.0330075 0.0451464 0.137001 0.110578 0.154038 0.125738 0.0907478 0.110107 0.105357 0.136805 0.11614 0.126727 0.053752 0.0478443 0.0525816 0.0476202 0.0684134 0.0478695 0.0485163 0.0493921 0.0450313 6.499201e-02 0.663
N:8 Run:5 0.0191407 0.0431909 0.0965118 0.139115 0.185055 0.159636 0.173609 0.147758 0.214665 0.162706 0.223955 0.196745 0.0908812 0.0545212 0.0437788 0.0444263 0.0446692 0.0454854 0.0457433 0.050467 0.0448863 6.499201e-02 0.663
N:8 Run:6 0.0238443 0.0453811 0.048393 0.0512114 0.0478868 0.0559529 0.0531532 0.0706799 0.0625942 0.0526296 0.0806252 0.0708572 0.0517723 0.0517362 0.051226 0.0503279 0.0453464 0.0435394 0.0456597 0.0448339 0.0458729 6.499201e-02 0.663
N:8 Run:7 0.0128992 0.0479338 0.0711803 0.0505288 0.0492331 0.060607 0.0739084 0.0881231 0.101289 0.135411 0.117548 0.134152 0.0769353 0.0640087 0.0514663 0.0478395 0.0467554 0.0433373 0.0457196 0.045771 0.0436946 6.499201e-02 0.663
N:8 Run:8 0.0180203 0.0498039 0.0472452 0.0497162 0.0503155 0.0442992 0.0448191 0.045932 0.0471565 0.0451382 0.0454387 0.0516609 0.0437252 0.0467494 0.0466191 0.069459 0.0469469 0.0463305 0.0500132 0.0476656 0.0464706 6.499201e-02 0.663
N:8 Run:9 0.0271172 0.0480554 0.045382 0.0427753 0.0429968 0.0432935 0.0436508 0.0429231 0.0436647 0.0427542 0.0428138 0.0457167 0.0480824 0.0448289 0.0498866 0.0452437 0.0448207 0.0457033 0.0439509 0.0507 0.048274 6.499201e-02 0.663
N:9 Run:0 0.0115778 0.0454478 0.242224 0.368755 0.42003 0.463316 0.405655 0.404314 0.42834 0.384987 0.417899 0.433074 0.122254 0.064786 0.0472711 0.0500955 0.0489558 0.0444996 0.0466736 0.0429554 0.0464043 7.797486e-02 0.659
N:9 Run:1 0.0219084 0.0446593 0.0434537 0.0430017 0.0433622 0.04278 0.0437112 0.0430323 0.0431361 0.0428024 0.0433425 0.0466649 0.0450856 0.0471739 0.0450451 0.0488013 0.0473929 0.0573263 0.057131 0.0483045 0.0470479 7.797486e-02 0.659
N:9 Run:2 0.0182613 0.0454235 0.182812 0.136344 0.231961 0.170501 0.232967 0.225086 0.259045 0.1673 0.315611 0.220041 0.0788444 0.0533155 0.0514951 0.0475859 0.0435883 0.0455041 0.0440095 0.0475926 0.0455871 7.797486e-02 0.659
N:9 Run:3 0.0109644 0.0484642 0.0482863 0.0439965 0.0463542 0.0438619 0.0438034 0.0445067 0.0459442 0.0437817 0.0439259 0.0432051 0.0435273 0.0437282 0.0440669 0.0464207 0.044503 0.0446028 0.0442909 0.0482432 0.0537451 7.797486e-02 0.659
N:9 Run:4 0.0330075 0.0451464 0.137001 0.110578 0.154038 0.125738 0.0907478 0.110107 0.105357 0.136805 0.11614 0.126727 0.053752 0.0478443 0.0525816 0.0476202 0.0684134 0.0478695 0.0485163 0.0493921 0.0450313 7.797486e-02 0.659
N:9 Run:5 0.0191407 0.0431909 0.0965118 0.139115 0.185055 0.159636 0.173609 0.147758 0.214665 0.162706 0.223955 0.196745 0.0908812 0.0545212 0.0437788 0.0444263 0.0446692 0.0454854 0.0457433 0.050467 0.0448863 7.797486e-02 0.659
N:9 Run:6 0.0238443 0.0453811 0.048393 0.0512114 0.0478868 0.0559529 0.0531532 0.0706799 0.0625942 0.0526296 0.0806252 0.0708572 0.0517723 0.0517362 0.051226 0.0503279 0.0453464 0.0435394 0.0456597 0.0448339 0.0458729 7.797486e-02 0.659
N:9 Run:7 0.0128992 0.0479338 0.0711803 0.0505288 0.0492331 0.060607 0.0739084 0.0881231 0.101289 0.135411 0.117548 0.134152 0.0769353 0.0640087 0.0514663 0.0478395 0.0467554 0.0433373 0.0457196 0.045771 0.0436946 7.797486e-02 0.659
N:9 Run:8 0.0180203 0.0498039 0.0472452 0.0497162 0.0503155 0.0442992 0.0448191 0.045932 0.0471565 0.0451382 0.0454387 0.0516609 0.0437252 0.0467494 0.0466191 0.069459 0.0469469 0.0463305 0.0500132 0.0476656 0.0464706 7.797486e-02 0.659
N:9 Run:9 0.0271172 0.0480554 0.045382 0.0427753 0.0429968 0.0432935 0.0436508 0.0429231 0.0436647 0.0427542 0.0428138 0.0457167 0.0480824 0.0448289 0.0498866 0.0452437 0.0448207 0.0457033 0.0439509 0.0507 0.048274 7.797486e-02 0.659
N:10 Run:0 0.0115778 0.0370542 0.232167 0.489623 0.333748 0.445558 0.37373 0.312599 0.533184 0.323699 0.368879 0.344759 0.134221 0.066941 0.0465131 0.0463324 0.0476075 0.0441084 0.0420569 0.0404369 0.0410311 6.311877e-02 0.665
N:10 Run:1 0.0219084 0.0343606 0.0469709 0.0405325 0.0422314 0.0389944 0.0435984 0.040858 0.03965 0.038395 0.03832 0.0405749 0.0395756 0.040455 0.038497 0.0440947 0.0420899 0.0490759 0.0527538 0.0476664 0.0455226 6.311877e-02 0.665
N:10 Run:2 0.0182613 0.0352655 0.103161 0.150883 0.193533 0.200794 0.197882 0.249175 0.252525 0.262237 0.272113 0.230923 0.103138 0.0591448 0.0496284 0.0415717 0.0424145 0.0421887 0.0409802 0.0386675 0.0426203 6.311877e-02 0.665
N:10 Run:3 0.0109644 0.0435844 0.0593285 0.0550513 0.0520244 0.0545807 0.0474768 0.0539146 0.058756 0.0455565 0.0407214 0.0404817 0.0375795 0.0364244 0.0361311 0.0360424 0.0360392 0.0361058 0.0361197 0.0369301 0.0382413 6.311877e-02 0.665
N:10 Run:4 0.0330075 0.0470296 0.0864934 0.0962312 0.104259 0.105 0.10887 0.167166 0.251758 0.155359 0.132972 0.154819 0.0972166 0.0606397 0.0553916 0.0460044 0.0500498 0.0459139 0.0457503 0.0450871 0.0421267 6.311877e-02 0.665
N:10 Run:5 0.0191407 0.0344866 0.0669913 0.135986 0.155919 0.240776 0.16344 0.20917 0.207788 0.166316 0.30572 0.28163 0.139601 0.0712035 0.0488476 0.0417519 0.0446192 0.0431811 0.0456633 0.0455608 0.0444533 6.311877e-02 0.665
N:10 Run:6 0.0238443 0.0357886 0.0457013 0.0499512 0.0485715 0.0515968 0.0537301 0.0539987 0.0704294 0.0638308 0.0617508 0.049981 0.0476035 0.0534048 0.0632554 0.0509241 0.0471336 0.0414863 0.045942 0.0440221 0.042144 6.311877e-02 0.665
N:10 Run:7 0.0128992 0.0409947 0.0537694 0.0536966 0.0538195 0.057856 0.0666262 0.0623473 0.0801576 0.0761891 0.101095 0.160041 0.0756415 0.0563874 0.0460774 0.0442335 0.0447354 0.0431095 0.0411269 0.0419127 0.0443308 6.311877e-02 0.665
N:10 Run:8 0.0180203 0.0362655 0.0488039 0.0555678 0.0535486 0.0476404 0.050764 0.0450716 0.0425536 0.0433326 0.0440189 0.0573704 0.0423824 0.0444506 0.0444225 0.0574504 0.0535436 0.0442639 0.0455004 0.0417323 0.0409687 6.311877e-02 0.665
N:10 Run:9 0.0271172 0.0389431 0.0414668 0.0398406 0.0410739 0.0399057 0.0386649 0.0407936 0.0425116 0.040791 0.0402361 0.0455221 0.0641692 0.0478778 0.047922 0.0430676 0.0399178 0.0470156 0.0412034 0.0498536 0.045222 6.311877e-02 0.665
N:11 Run:0 0.0115778 0.0370542 0.232167 0.489623 0.333748 0.445558 0.37373 0.312599 0.533184 0.323699 0.368879 0.344759 0.134221 0.066941 0.0465131 0.0463324 0.0476075 0.0441084 0.0420569 0.0404369 0.0410311 6.532481e-02 0.662
N:11 Run:1 0.0219084 0.0343606 0.0469709 0.0405325 0.0422314 0.0389944 0.0435984 0.040858 0.03965 0.038395 0.03832 0.0405749 0.0395756 0.040455 0.038497 0.0440947 0.0420899 0.0490759 0.0527538 0.0476664 0.0455226 6.532481e-02 0.662
N:11 Run:2 0.0182613 0.0352655 0.103161 0.150883 0.193533 0.200794 0.197882 0.249175 0.252525 0.262237 0.272113 0.230923 0.103138 0.0591448 0.0496284 0.0415717 0.0424145 0.0421887 0.0409802 0.0386675 0.0426203 6.532481e-02 0.662
N:11 Run:3 0.0109644 0.0435844 0.0593285 0.0550513 0.0520244 0.0545807 0.0474768 0.0539146 0.058756 0.0455565 0.0407214 0.0404817 0.0375795 0.0364244 0.0361311 0.0360424 0.0360392 0.0361058 0.0361197 0.0369301 0.0382413 6.532481e-02 0.662
N:11 Run:4 0.0330075 0.0470296 0.0864934 0.0962312 0.104259 0.105 0.10887 0.167166 0.251758 0.155359 0.132972 0.154819 0.0972166 0.0606397 0.0553916 0.0460044 0.0500498 0.0459139 0.0457503 0.0450871 0.0421267 6.532481e-02 0.662
N:11 Run:5 0.0191407 0.0344866 0.0669913 0.135986 0.155919 0.240776 0.16344 0.20917 0.207788 0.166316 0.30572 0.28163 0.139601 0.0712035 0.0488476 0.0417519 0.0446192 0.0431811 0.0456633 0.0455608 0.0444533 6.532481e-02 0.662
N:11 Run:6 0.0238443 0.0357886 0.0457013 0.0499512 0.0485715 0.0515968 0.0537301 0.0539987 0.0704294 0.0638308 0.0617508 0.049981 0.0476035 0.0534048 0.0632554 0.0509241 0.0471336 0.0414863 0.045942 0.0440221 0.042144 6.532481e-02 0.662
N:11 Run:7 0.0128992 0.0409947 0.0537694 0.0536966 0.0538195 0.057856 0.0666262 0.0623473 0.0801576 0.0761891 0.101095 0.160041 0.0756415 0.0563874 0.0460774 0.0442335 0.0447354 0.0431095 0.0411269 0.0419127 0.0443308 6.532481e-02 0.662
N:11 Run:8 0.0180203 0.0362655 0.0488039 0.0555678 0.0535486 0.0476404 0.050764 0.0450716 0.0425536 0.0433326 0.0440189 0.0573704 0.0423824 0.0444506 0.0444225 0.0574504 0.0535436 0.0442639 0.0455004 0.0417323 0.0409687 6.532481e-02 0.662
N:11 Run:9 0.0271172 0.0389431 0.0414668 0.0398406 0.0410739 0.0399057 0.0386649 0.0407936 0.0425116 0.040791 0.0402361 0.0455221 0.0641692 0.0478778 0.047922 0.0430676 0.0399178 0.0470156 0.0412034 0.0498536 0.045222 6.532481e-02 0.662
N:12 Run:0 0.0115778 0.0370542 0.232167 0.489623 0.333748 0.445558 0.37373 0.312599 0.533184 0.323699 0.368879 0.344759 0.134221 0.066941 0.0465131 0.0463324 0.0476075 0.0441084 0.0420569 0.0404369 0.0410311 6.528777e-02 0.645
N:12 Run:1 0.0219084 0.0343606 0.0469709 0.0405325 0.0422314 0.0389944 0.0435984 0.040858 0.03965 0.038395 0.03832 0.0405749 0.0395756 0.040455 0.038497 0.0440947 0.0420899 0.0490759 0.0527538 0.0476664 0.0455226 6.528777e-02 0.645
N:12 Run:2 0.0182613 0.0352655 0.103161 0.150883 0.193533 0.200794 0.197882 0.249175 0.252525 0.262237 0.272113 0.230923 0.103138 0.0591448 0.0496284 0.0415717 0.0424145 0.0421887 0.0409802 0.0386675 0.0426203 6.528777e-02 0.645
N:12 Run:3 0.0109644 0.0435844 0.0593285 0.0550513 0.0520244 0.0545807 0.0474768 0.0539146 0.058756 0.0455565 0.0407214 0.0404817 0.0375795 0.0364244 0.0361311 0.0360424 0.0360392 0.0361058 0.0361197 0.0369301 0.0382413 6.528777e-02 0.645
N:12 Run:4 0.0330075 0.0470296 0.0864934 0.0962312 0.104259 0.105 0.10887 0.167166 0.251758 0.155359 0.132972 0.154819 0.0972166 0.0606397 0.0553916 0.0460044 0.0500498 0.0459139 0.0457503 0.0450871 0.0421267 6.528777e-02 0.645
N:12 Run:5 0.0191407 0.0344866 0.0669913 0.135986 0.155919 0.240776 0.16344 0.20917 0.207788 0.166316 0.30572 0.28163 0.139601 0.0712035 0.0488476 0.0417519 0.0446192 0.0431811 0.0456633 0.0455608 0.0444533 6.528777e-02 0.645
N:12 Run:6 0.0238443 0.0357886 0.0457013 0.0499512 0.0485715 0.0515968 0.0537301 0.0539987 0.0704294 0.0638308 0.0617508 0.049981 0.0476035 0.0534048 0.0632554 0.0509241 0.0471336 0.0414863 0.045942 0.0440221 0.042144 6.528777e-02 0.645
N:12 Run:7 0.0128992 0.0409947 0.0537694 0.0536966 0.0538195 0.057856 0.0666262 0.0623473 0.0801576 0.0761891 0.101095 0.160041 0.0756415 0.0563874 0.0460774 0.0442335 0.0447354 0.0431095 0.0411269 0.0419127 0.0443308 6.528777e-02 0.645
N:12 Run:8 0.0180203 0.0362655 0.0488039 0.0555678 0.0535486 0.0476404 0.050764 0.0450716 0.0425536 0.0433326 0.0440189 0.0573704 0.0423824 0.0444506 0.0444225 0.0574504 0.0535436 0.0442639 0.0455004 0.0417323 0.0409687 6.528777e-02 0.645
N:12 Run:9 0.0271172 0.0389431 0.0414668 0.0398406 0.0410739 0.0399057 0.0386649 0.0407936 0.0425116 0.040791 0.0402361 0.0455221 0.0641692 0.0478778 0.047922 0.0430676 0.0399178 0.0470156 0.0412034 0.0498536 0.045222 6.528777e-02 0.645
N:13 Run:0 0.0115778 0.0370542 0.232167 0.489623 0.333748 0.445558 0.37373 0.312599 0.533184 0.323699 0.368879 0.344759 0.134221 0.066941 0.0465131 0.0463324 0.0476075 0.0441084 0.0420569 0.0404369 0.0410311 7.799252e-02 0.634
N:13 Run:1 0.0219084 0.0343606 0.0469709 0.0405325 0.0422314 0.0389944 0.0435984 0.040858 0.03965 0.038395 0.03832 0.0405749 0.0395756 0.040455 0.038497 0.0440947 0.0420899 0.0490759 0.0527538 0.0476664 0.0455226 7.799252e-02 0.634
N:13 Run:2 0.0182613 0.0352655 0.103161 0.150883 0.193533 0.200794 0.197882 0.249175 0.252525 0.262237 0.272113 0.230923 0.103138 0.0591448 0.0496284 0.0415717 0.0424145 0.0421887 0.0409802 0.0386675 0.0426203 7.799252e-02 0.634
N:13 Run:3 0.0109644 0.0435844 0.0593285 0.0550513 0.0520244 0.0545807 0.0474768 0.0539146 0.058756 0.0455565 0.0407214 0.0404817 0.0375795 0.0364244 0.0361311 0.0360424 0.0360392 0.0361058 0.0361197 0.0369301 0.0382413 7.799252e-02 0.634
N:13 Run:4 0.0330075 0.0470296 0.0864934 0.0962312 0.104259 0.105 0.10887 0.167166 0.251758 0.155359 0.132972 0.154819 0.0972166 0.0606397 0.0553916 0.0460044 0.0500498 0.0459139 0.0457503 0.0450871 0.0421267 7.799252e-02 0.634
N:13 Run:5 0.0191407 0.0344866 0.0669913 0.135986 0.155919 0.240776 0.16344 0.20917 0.207788 0.166316 0.30572 0.28163 0.139601 0.0712035 0.0488476 0.0417519 0.0446192 0.0431811 0.0456633 0.0455608 0.0444533 7.799252e-02 0.634
N:13 Run:6 0.0238443 0.0357886 0.0457013 0.0499512 0.0485715 0.0515968 0.0537301 0.0539987 0.0704294 0.0638308 0.0617508 0.049981 0.0476035 0.0534048 0.0632554 0.0509241 0.0471336 0.0414863 0.045942 0.0440221 0.042144 7.799252e-02 0.634
N:13 Run:7 0.0128992 0.0409947 0.0537694 0.0536966 0.0538195 0.057856 0.0666262 0.0623473 0.0801576 0.0761891 0.101095 0.160041 0.0756415 0.0563874 0.0460774 0.0442335 0.0447354 0.0431095 0.0411269 0.0419127 0.0443308 7.799252e-02 0.634
N:13 Run:8 0.0180203 0.0362655 0.0488039 0.0555678 0.0535486 0.0476404 0.050764 0.0450716 0.0425536 0.0433326 0.0440189 0.0573704 0.0423824 0.0444506 0.0444225 0.0574504 0.0535436 0.0442639 0.0455004 0.0417323 0.0409687 7.799252e-02 0.634
N:13 Run:9 0.0271172 0.0389431 0.0414668 0.0398406 0.0410739 0.0399057 0.0386649 0.0407936 0.0425116 0.040791 0.0402361 0.0455221 0.0641692 0.0478778 0.047922 0.0430676 0.0399178 0.0470156 0.0412034 0.0498536 0.045222 7.799252e-02 0.634
N:14 Run:0 0.0115778 0.0370542 0.232167 0.489623 0.333748 0.445558 0.37373 0.312599 0.533184 0.323699 0.368879 0.344759 0.134221 0.066941 0.0465131 0.0463324 0.0476075 0.0441084 0.0420569 0.0404369 0.0410311 7.799592e-02 0.636
N:14 Run:1 0.0219084 0.0343606 0.0469709 0.0405325 0.0422314 0.0389944 0.0435984 0.040858 0.03965 0.038395 0.03832 0.0405749 0.0395756 0.040455 0.038497 0.0440947 0.0420899 0.0490759 0.0527538 0.0476664 0.0455226 7.799592e-02 0.636
N:14 Run:2 0.0182613 0.0352655 0.103161 0.150883 0.193533 0.200794 0.197882 0.249175 0.252525 0.262237 0.272113 0.230923 0.103138 0.0591448 0.0496284 0.0415717 0.0424145 0.0421887 0.0409802 0.0386675 0.0426203 7.799592e-02 0.636
N:14 Run:3 0.0109644 0.0435844 0.0593285 0.0550513 0.0520244 0.0545807 0.0474768 0.0539146 0.058756 0.0455565 0.0407214 0.0404817 0.0375795 0.0364244 0.0361311 0.0360424 0.0360392 0.0361058 0.0361197 0.0369301 0.0382413 7.799592e-02 0.636
N:14 Run:4 0.0330075 0.0470296 0.0864934 0.0962312 0.104259 0.105 0.10887 0.167166 0.251758 0.155359 0.132972 0.154819 0.0972166 0.0606397 0.0553916 0.0460044 0.0500498 0.0459139 0.0457503 0.0450871 0.0421267 7.799592e-02 0.636
N:14 Run:5 0.0191407 0.0344866 0.0669913 0.135986 0.155919 0.240776 0.16344 0.20917 0.207788 0.166316 0.30572 0.28163 0.139601 0.0712035 0.0488476 0.0417519 0.0446192 0.0431811 0.0456633 0.0455608 0.0444533 7.799592e-02 0.636
N:14 Run:6 0.0238443 0.0357886 0.0457013 0.0499512 0.0485715 0.0515968 0.0537301 0.0539987 0.0704294 0.0638308 0.0617508 0.049981 0.0476035 0.0534048 0.0632554 0.0509241 0.0471336 0.0414863 0.045942 0.0440221 0.042144 7.799592e-02 0.636
N:14 Run:7 0.0128992 0.0409947 0.0537694 0.0536966 0.0538195 0.057856 0.0666262 0.0623473 0.0801576 0.0761891 0.101095 0.160041 0.0756415 0.0563874 0.0460774 0.0442335 0.0447354 0.0431095 0.0411269 0.0419127 0.0443308 7.799592e-02 0.636
N:14 Run:8 0.0180203 0.0362655 0.0488039 0.0555678 0.0535486 0.0476404 0.050764 0.0450716 0.0425536 0.0433326 0.0440189 0.0573704 0.0423824 0.0444506 0.0444225 0.0574504 0.0535436 0.0442639 0.0455004 0.0417323 0.0409687 7.799592e-02 0.636
N:14 Run:9 0.0271172 0.0389431 0.0414668 0.0398406 0.0410739 0.0399057 0.0386649 0.0407936 0.0425116 0.040791 0.0402361 0.0455221 0.0641692 0.0478778 0.047922 0.0430676 0.0399178 0.0470156 0.0412034 0.0498536 0.045222 7.799592e-02 0.636
N:15 Run:0 0.0115778 0.0370542 0.232167 0.489623 0.333748 0.445558 0.37373 0.312599 0.533184 0.323699 0.368879 0.344759 0.134221 0.066941 0.0465131 0.0463324 0.0476075 0.0441084 0.0420569 0.0404369 0.0410311 6.510293e-02 0.661
N:15 Run:1 0.0219084 0.0343606 0.0469709 0.0405325 0.0422314 0.0389944 0.0435984 0.040858 0.03965 0.038395 0.03832 0.0405749 0.0395756 0.040455 0.038497 0.0440947 0.0420899 0.0490759 0.0527538 0.0476664 0.0455226 6.510293e-02 0.661
N:15 Run:2 0.0182613 0.0352655 0.103161 0.150883 0.193533 0.200794 0.197882 0.249175 0.252525 0.262237 0.272113 0.230923 0.103138 0.0591448 0.0496284 0.0415717 0.0424145 0.0421887 0.0409802 0.0386675 0.0426203 6.510293e-02 0.661
N:15 Run:3 0.0109644 0.0435844 0.0593285 0.0550513 0.0520244 0.0545807 0.0474768 0.0539146 0.058756 0.0455565 0.0407214 0.0404817 0.0375795 0.0364244 0.0361311 0.0360424 0.0360392 0.0361058 0.0361197 0.0369301 0.0382413 6.510293e-02 0.661
N:15 Run:4 0.0330075 0.0470296 0.0864934 0.0962312 0.104259 0.105 0.10887 0.167166 0.251758 0.155359 0.132972 0.154819 0.0972166 0.0606397 0.0553916 0.0460044 0.0500498 0.0459139 0.0457503 0.0450871 0.0421267 6.510293e-02 0.661
N:15 Run:5 0.0191407 0.0344866 0.0669913 0.135986 0.155919 0.240776 0.16344 0.20917 0.207788 0.166316 0.30572 0.28163 0.139601 0.0712035 0.0488476 0.0417519 0.0446192 0.0431811 0.0456633 0.0455608 0.0444533 6.510293e-02 0.661
N:15 Run:6 0.0238443 0.0357886 0.0457013 0.0499512 0.0485715 0.0515968 0.0537301 0.0539987 0.0704294 0.0638308 0.0617508 0.049981 0.0476035 0.0534048 0.0632554 0.0509241 0.0471336 0.0414863 0.045942 0.0440221 0.042144 6.510293e-02 0.661
N:15 Run:7 0.0128992 0.0409947 0.0537694 0.0536966 0.0538195 0.057856 0.0666262 0.0623473 0.0801576 0.0761891 0.101095 0.160041 0.0756415 0.0563874 0.0460774 0.0442335 0.0447354 0.0431095 0.0411269 0.0419127 0.0443308 6.510293e-02 0.661
N:15 Run:8 0.0180203 0.0362655 0.0488039 0.0555678 0.0535486 0.0476404 0.050764 0.0450716 0.0425536 0.0433326 0.0440189 0.0573704 0.0423824 0.0444506 0.0444225 0.0574504 0.0535436 0.0442639 0.0455004 0.0417323 0.0409687 6.510293e-02 0.661
N:15 Run:9 0.0271172 0.0389431 0.0414668 0.0398406 0.0410739 0.0399057 0.0386649 0.0407936 0.0425116 0.040791 0.0402361 0.0455221 0.0641692 0.0478778 0.047922 0.0430676 0.0399178 0.0470156 0.0412034 0.0498536 0.045222 6.510293e-02 0.661
N:16 Run:0 0.0115778 0.0370542 0.232167 0.489623 0.333748 0.445558 0.37373 0.312599 0.533184 0.323699 0.368879 0.344759 0.134221 0.066941 0.0465131 0.0463324 0.0476075 0.0441084 0.0420569 0.0404369 0.0410311 6.529429e-02 0.676
N:16 Run:1 0.0219084 0.0343606 0.0469709 0.0405325 0.0422314 0.0389944 0.0435984 0.040858 0.03965 0.038395 0.03832 0.0405749 0.0395756 0.040455 0.038497 0.0440947 0.0420899 0.0490759 0.0527538 0.0476664 0.0455226 6.529429e-02 0.676
N:16 Run:2 0.0182613 0.0352655 0.103161 0.150883 0.193533 0.200794 0.197882 0.249175 0.252525 0.262237 0.272113 0.230923 0.103138 0.0591448 0.0496284 0.0415717 0.0424145 0.0421887 0.0409802 0.0386675 0.0426203 6.529429e-02 0.676
N:16 Run:3 0.0109644 0.0435844 0.0593285 0.0550513 0.0520244 0.0545807 0.0474768 0.0539146 0.058756 0.0455565 0.0407214 0.0404817 0.0375795 0.0364244 0.0361311 0.0360424 0.0360392 0.0361058 0.0361197 0.0369301 0.0382413 6.529429e-02 0.676
N:16 Run:4 0.0330075 0.0470296 0.0864934 0.0962312 0.104259 0.105 0.10887 0.167166 0.251758 0.155359 0.132972 0.154819 0.0972166 0.0606397 0.0553916 0.0460044 0.0500498 0.0459139 0.0457503 0.0450871 0.0421267 6.529429e-02 0.676
N:16 Run:5 0.0191407 0.0344866 0.0669913 0.135986 0.155919 0.240776 0.16344 0.20917 0.207788 0.166316 0.30572 0.28163 0.139601 0.0712035 0.0488476 0.0417519 0.0446192 0.0431811 0.0456633 0.0455608 0.0444533 6.529429e-02 0.676
N:16 Run:6 0.0238443 0.0357886 0.0457013 0.0499512 0.0485715 0.0515968 0.0537301 0.0539987 0.0704294 0.0638308 0.0617508 0.049981 0.0476035 0.0534048 0.0632554 0.0509241 0.0471336 0.0414863 0.045942 0.0440221 0.042144 6.529429e-02 0.676
N:16 Run:7 0.0128992 0.0409947 0.0537694 0.0536966 0.0538195 0.057856 0.0666262 0.0623473 0.0801576 0.0761891 0.101095 0.160041 0.0756415 0.0563874 0.0460774 0.0442335 0.0447354 0.0431095 0.0411269 0.0419127 0.0443308 6.529429e-02 0.676
N:16 Run:8 0.0180203 0.0362655 0.0488039 0.0555678 0.0535486 0.0476404 0.050764 0.0450716 0.0425536 0.0433326 0.0440189 0.0573704 0.0423824 0.0444506 0.0444225 0.0574504 0.0535436 0.0442639 0.0455004 0.0417323 0.0409687 6.529429e-02 0.676
N:16 Run:9 0.0271172 0.0389431 0.0414668 0.0398406 0.0410739 0.0399057 0.0386649 0.0407936 0.0425116 0.040791 0.0402361 0.0455221 0.0641692 0.0478778 0.047922 0.0430676 0.0399178 0.0470156 0.0412034 0.0498536 0.045222 6.529429e-02 0.676
N:17 Run:0 0.0115778 0.0370542 0.232167 0.489623 0.333748 0.445558 0.37373 0.312599 0.533184 0.323699 0.368879 0.344759 0.134221 0.066941 0.0465131 0.0463324 0.0476075 0.0441084 0.0420569 0.0404369 0.0410311 6.532264e-02 0.644
N:17 Run:1 0.0219084 0.0343606 0.0469709 0.0405325 0.0422314 0.0389944 0.0435984 0.040858 0.03965 0.038395 0.03832 0.0405749 0.0395756 0.040455 0.038497 0.0440947 0.0420899 0.0490759 0.0527538 0.0476664 0.0455226 6.532264e-02 0.644
N:17 Run:2 0.0182613 0.0352655 0.103161 0.150883 0.193533 0.200794 0.197882 0.249175 0.252525 0.262237 0.272113 0.230923 0.103138 0.0591448 0.0496284 0.0415717 0.0424145 0.0421887 0.0409802 0.0386675 0.0426203 6.532264e-02 0.644
N:17 Run:3 0.0109644 0.0435844 0.0593285 0.0550513 0.0520244 0.0545807 0.0474768 0.0539146 0.058756 0.0455565 0.0407214 0.0404817 0.0375795 0.0364244 0.0361311 0.0360424 0.0360392 0.0361058 0.0361197 0.0369301 0.0382413 6.532264e-02 0.644
N:17 Run:4 0.0330075 0.0470296 0.0864934 0.0962312 0.104259 0.105 0.10887 0.167166 0.251758 0.155359 0.132972 0.154819 0.0972166 0.0606397 0.0553916 0.0460044 0.0500498 0.0459139 0.0457503 0.0450871 0.0421267 6.532264e-02 0.644
N:17 Run:5 0.0191407 0.0344866 0.0669913 0.135986 0.155919 0.240776 0.16344 0.20917 0.207788 0.166316 0.30572 0.28163 0.139601 0.0712035 0.0488476 0.0417519 0.0446192 0.0431811 0.0456633 0.0455608 0.0444533 6.532264e-02 0.644
N:17 Run:6 0.0238443 0.0357886 0.0457013 0.0499512 0.0485715 0.0515968 0.0537301 0.0539987 0.0704294 0.0638308 0.0617508 0.049981 0.0476035 0.0534048 0.0632554 0.0509241 0.0471336 0.0414863 0.045942 0.0440221 0.042144 6.532264e-02 0.644
N:17 Run:7 0.0128992 0.0409947 0.0537694 0.0536966 0.0538195 0.057856 0.0666262 0.0623473 0.0801576 0.0761891 0.101095 0.160041 0.0756415 0.0563874 0.0460774 0.0442335 0.0447354 0.0431095 0.0411269 0.0419127 0.0443308 6.532264e-02 0.644
N:17 Run:8 0.0180203 0.0362655 0.0488039 0.0555678 0.0535486 0.0476404 0.050764 0.0450716 0.0425536 0.0433326 0.0440189 0.0573704 0.0423824 0.0444506 0.0444225 0.0574504 0.0535436 0.0442639 0.0455004 0.0417323 0.0409687 6.532264e-02 0.644
N:17 Run:9 0.0271172 0.0389431 0.0414668 0.0398406 0.0410739 0.0399057 0.0386649 0.0407936 0.0425116 0.040791 0.0402361 0.0455221 0.0641692 0.0478778 0.047922 0.0430676 0.0399178 0.0470156 0.0412034 0.0498536 0.045222 6.532264e-02 0.644
N:18 Run:0 0.0115778 0.0370276 0.225442 0.501111 0.33825 0.456216 0.379756 0.313012 0.553742 0.331255 0.373146 0.346332 0.140566 0.0714155 0.0495523 0.0474011 0.048242 0.0453325 0.0434298 0.0420868 0.042256 6.280685e-02 0.676
N:18 Run:1 0.0219084 0.0351554 0.0475337 0.0422678 0.043782 0.0409653 0.0450374 0.0425854 0.0413901 0.0403279 0.0401501 0.0418619 0.0411185 0.041795 0.0402663 0.0449924 0.043261 0.0488455 0.0523616 0.0483462 0.0465279 6.280685e-02 0.676
N:18 Run:2 0.0182613 0.0355224 0.0947398 0.146386 0.186697 0.198557 0.192067 0.246966 0.249991 0.267427 0.268245 0.230238 0.10688 0.0622812 0.0511439 0.0434347 0.0440652 0.0435402 0.0425625 0.0404574 0.043527 6.280685e-02 0.676
N:18 Run:3 0.0109644 0.0426985 0.0586575 0.0564914 0.053268 0.0557683 0.0489843 0.0550326 0.0601567 0.0476631 0.0427708 0.0422613 0.0397082 0.0387165 0.0384382 0.0383538 0.0383395 0.0383721 0.0383804 0.0389035 0.0398747 6.280685e-02 0.676
N:18 Run:4 0.0330075 0.047313 0.0784018 0.0867341 0.0940641 0.0948651 0.0986104 0.153903 0.240091 0.148028 0.12383 0.143435 0.0952896 0.0616139 0.0557852 0.0471407 0.0495584 0.0462591 0.0462677 0.0454996 0.0432745 6.280685e-02 0.676
N:18 Run:5 0.0191407 0.0351504 0.0633661 0.128443 0.146233 0.227753 0.156131 0.197693 0.197274 0.157365 0.296477 0.273042 0.138982 0.0736076 0.051376 0.0438353 0.0458466 0.0444819 0.0466472 0.0462857 0.0455694 6.280685e-02 0.676
N:18 Run:6 0.0238443 0.0364416 0.0460549 0.0500092 0.0489681 0.0510912 0.0532171 0.0528054 0.0677338 0.0628715 0.060367 0.049897 0.0477062 0.0526983 0.0620229 0.0512644 0.0481836 0.0432328 0.0469335 0.0453662 0.0435083 6.280685e-02 0.676
N:18 Run:7 0.0128992 0.0402553 0.0528029 0.0546703 0.0554848 0.0587095 0.0667285 0.0619038 0.0782777 0.0736371 0.0986637 0.159249 0.0783599 0.0575695 0.0473626 0.0453618 0.0455651 0.0445325 0.0426599 0.0432316 0.045642 6.280685e-02 0.676
N:18 Run:8 0.0180203 0.0362106 0.0496418 0.0568089 0.0550535 0.0499113 0.0532358 0.0471352 0.0443803 0.0451608 0.0459144 0.0588999 0.0448232 0.0458611 0.0456944 0.0566745 0.0540561 0.0457007 0.0462365 0.0430418 0.0422937 6.280685e-02 0.676
N:18 Run:9 0.0271172 0.0391456 0.0422329 0.0413354 0.0424213 0.0414336 0.040315 0.0419957 0.0435169 0.0421694 0.0417417 0.0458952 0.06283 0.0488491 0.048426 0.0443332 0.0416052 0.0477725 0.0427961 0.0501586 0.046281 6.280685e-02 0.676
N:19 Run:0 0.0115778 0.0370276 0.225442 0.501111 0.33825 0.456216 0.379756 0.313012 0.553742 0.331255 0.373146 0.346332 0.140566 0.0714155 0.0495523 0.0474011 0.048242 0.0453325 0.0434298 0.0420868 0.042256 6.529058e-02 0.707
N:19 Run:1 0.0219084 0.0351554 0.0475337 0.0422678 0.043782 0.0409653 0.0450374 0.0425854 0.0413901 0.0403279 0.0401501 0.0418619 0.0411185 0.041795 0.0402663 0.0449924 0.043261 0.0488455 0.0523616 0.0483462 0.0465279 6.529058e-02 0.707
N:19 Run:2 0.0182613 0.0355224 0.0947398 0.146386 0.186697 0.198557 0.192067 0.246966 0.249991 0.267427 0.268245 0.230238 0.10688 0.0622812 0.0511439 0.0434347 0.0440652 0.0435402 0.0425625 0.0404574 0.043527 6.529058e-02 0.707
N:19 Run:3 0.0109644 0.0426985 0.0586575 0.0564914 0.053268 0.0557683 0.0489843 0.0550326 0.0601567 0.0476631 0.0427708 0.0422613 0.0397082 0.0387165 0.0384382 0.0383538 0.0383395 0.0383721 0.0383804 0.0389035 0.0398747 6.529058e-02 0.707
N:19 Run:4 0.0330075 0.047313 0.0784018 0.0867341 0.0940641 0.0948651 0.0986104 0.153903 0.240091 0.148028 0.12383 0.143435 0.0952896 0.0616139 0.0557852 0.0471407 0.0495584 0.0462591 0.0462677 0.0454996 0.0432745 6.529058e-02 0.707
N:19 Run:5 0.0191407 0.0351504 0.0633661 0.128443 0.146233 0.227753 0.156131 0.197693 0.197274 0.157365 0.296477 0.273042 0.138982 0.0736076 0.051376 0.0438353 0.0458466 0.0444819 0.0466472 0.0462857 0.0455694 6.529058e-02 0.707
N:19 Run:6 0.0238443 0.0364416 0.0460549 0.0500092 0.0489681 0.0510912 0.0532171 0.0528054 0.0677338 0.0628715 0.060367 0.049897 0.0477062 0.0526983 0.0620229 0.0512644 0.0481836 0.0432328 0.0469335 0.0453662 0.0435083 6.529058e-02 0.707
N:19 Run:7 0.0128992 0.0402553 0.0528029 0.0546703 0.0554848 0.0587095 0.0667285 0.0619038 0.0782777 0.0736371 0.0986637 0.159249 0.0783599 0.0575695 0.0473626 0.0453618 0.0455651 0.0445325 0.0426599 0.0432316 0.045642 6.529058e-02 0.707
N:19 Run:8 0.0180203 0.0362106 0.0496418 0.0568089 0.0550535 0.0499113 0.0532358 0.0471352 0.0443803 0.0451608 0.0459144 0.0588999 0.0448232 0.0458611 0.0456944 0.0566745 0.0540561 0.0457007 0.0462365 0.0430418 0.0422937 6.529058e-02 0.707
N:19 Run:9 0.0271172 0.0391456 0.0422329 0.0413354 0.0424213 0.0414336 0.040315 0.0419957 0.0435169 0.0421694 0.0417417 0.0458952 0.06283 0.0488491 0.048426 0.0443332 0.0416052 0.0477725 0.0427961 0.0501586 0.046281 6.529058e-02 0.707
N:20 Run:0 0.0115778 0.0370276 0.225442 0.501111 0.33825 0.456216 0.379756 0.313012 0.553742 0.331255 0.373146 0.346332 0.140566 0.0714155 0.0495523 0.0474011 0.048242 0.0453325 0.0434298 0.0420868 0.042256 7.897854e-02 0.644
N:20 Run:1 0.0219084 0.0351554 0.0475337 0.0422678 0.043782 0.0409653 0.0450374 0.0425854 0.0413901 0.0403279 0.0401501 0.0418619 0.0411185 0.041795 0.0402663 0.0449924 0.043261 0.0488455 0.0523616 0.0483462 0.0465279 7.897854e-02 0.644
N:20 Run:2 0.0182613 0.0355224 0.0947398 0.146386 0.186697 0.198557 0.192067 0.246966 0.249991 0.267427 0.268245 0.230238 0.10688 0.0622812 0.0511439 0.0434347 0.0440652 0.0435402 0.0425625 0.0404574 0.043527 7.897854e-02 0.644
N:20 Run:3 0.0109644 0.0426985 0.0586575 0.0564914 0.053268 0.0557683 0.0489843 0.0550326 0.0601567 0.0476631 0.0427708 0.0422613 0.0397082 0.0387165 0.0384382 0.0383538 0.0383395 0.0383721 0.0383804 0.0389035 0.0398747 7.897854e-02 0.644
N:20 Run:4 0.0330075 0.047313 0.0784018 0.0867341 0.0940641 0.0948651 0.0986104 0.153903 0.240091 0.148028 0.12383 0.143435 0.0952896 0.0616139 0.0557852 0.0471407 0.0495584 0.0462591 0.0462677 0.0454996 0.0432745 7.897854e-02 0.644
N:20 Run:5 0.0191407 0.0351504 0.0633661 0.128443 0.146233 0.227753 0.156131 0.197693 0.197274 0.157365 0.296477 0.273042 0.138982 0.0736076 0.051376 0.0438353 0.0458466 0.0444819 0.0466472 0.0462857 0.0455694 7.897854e-02 0.644
N:20 Run:6 0.0238443 0.0364416 0.0460549 0.0500092 0.0489681 0.0510912 0.0532171 0.0528054 0.0677338 0.0628715 0.060367 0.049897 0.0477062 0.0526983 0.0620229 0.0512644 0.0481836 0.0432328 0.0469335 0.0453662 0.0435083 7.897854e-02 0.644
N:20 Run:7 0.0128992 0.0402553 0.0528029 0.0546703 0.0554848 0.0587095 0.0667285 0.0619038 0.0782777 0.0736371 0.0986637 0.159249 0.0783599 0.0575695 0.0473626 0.0453618 0.0455651 0.0445325 0.0426599 0.0432316 0.045642 7.897854e-02 0.644
N:20 Run:8 0.0180203 0.0362106 0.0496418 0.0568089 0.0550535 0.0499113 0.0532358 0.0471352 0.0443803 0.0451608 0.0459144 0.0588999 0.0448232 0.0458611 0.0456944 0.0566745 0.0540561 0.0457007 0.0462365 0.0430418 0.0422937 7.897854e-02 0.644
N:20 Run:9 0.0271172 0.0391456 0.0422329 0.0413354 0.0424213 0.0414336 0.040315 0.0419957 0.0435169 0.0421694 0.0417417 0.0458952 0.06283 0.0488491 0.048426 0.0443332 0.0416052 0.0477725 0.0427961 0.0501586 0.046281 7.897854e-02 0.644
N:21 Run:0 0.0115778 0.0370276 0.225442 0.501111 0.33825 0.456216 0.379756 0.313012 0.553742 0.331255 0.373146 0.346332 0.140566 0.0714155 0.0495523 0.0474011 0.048242 0.0453325 0.0434298 0.0420868 0.042256 8.042080e-02 0.644
N:21 Run:1 0.0219084 0.0351554 0.0475337 0.0422678 0.043782 0.0409653 0.0450374 0.0425854 0.0413901 0.0403279 0.0401501 0.0418619 0.0411185 0.041795 0.0402663 0.0449924 0.043261 0.0488455 0.0523616 0.0483462 0.0465279 8.042080e-02 0.644
N:21 Run:2 0.0182613 0.0355224 0.0947398 0.146386 0.186697 0.198557 0.192067 0.246966 0.249991 0.267427 0.268245 0.230238 0.10688 0.0622812 0.0511439 0.0434347 0.0440652 0.0435402 0.0425625 0.0404574 0.043527 8.042080e-02 0.644
N:21 Run:3 0.0109644 0.0426985 0.0586575 0.0564914 0.053268 0.0557683 0.0489843 0.0550326 0.0601567 0.0476631 0.0427708 0.0422613 0.0397082 0.0387165 0.0384382 0.0383538 0.0383395 0.0383721 0.0383804 0.0389035 0.0398747 8.042080e-02 0.644
N:21 Run:4 0.0330075 0.047313 0.0784018 0.0867341 0.0940641 0.0948651 0.0986104 0.153903 0.240091 0.148028 0.12383 0.143435 0.0952896 0.0616139 0.0557852 0.0471407 0.0495584 0.0462591 0.0462677 0.0454996 0.0432745 8.042080e-02 0.644
N:21 Run:5 0.0191407 0.0351504 0.0633661 0.128443 0.146233 0.227753 0.156131 0.197693 0.197274 0.157365 0.296477 0.273042 0.138982 0.0736076 0.051376 0.0438353 0.0458466 0.0444819 0.0466472 0.0462857 0.0455694 8.042080e-02 0.644
N:21 Run:6 0.0238443 0.0364416 0.0460549 0.0500092 0.0489681 0.0510912 0.0532171 0.0528054 0.0677338 0.0628715 0.060367 0.049897 0.0477062 0.0526983 0.0620229 0.0512644 0.0481836 0.0432328 0.0469335 0.0453662 0.0435083 8.042080e-02 0.644
N:21 Run:7 0.0128992 0.0402553 0.0528029 0.0546703 0.0554848 0.0587095 0.0667285 0.0619038 0.0782777 0.0736371 0.0986637 0.159249 0.0783599 0.0575695 0.0473626 0.0453618 0.0455651 0.0445325 0.0426599 0.0432316 0.045642 8.042080e-02 0.644
N:21 Run:8 0.0180203 0.0362106 0.0496418 0.0568089 0.0550535 0.0499113 0.0532358 0.0471352 0.0443803 0.0451608 0.0459144 0.0588999 0.0448232 0.0458611 0.0456944 0.0566745 0.0540561 0.0457007 0.0462365 0.0430418 0.0422937 8.042080e-02 0.644
N:21 Run:9 0.0271172 0.0391456 0.0422329 0.0413354 0.0424213 0.0414336 0.040315 0.0419957 0.0435169 0.0421694 0.0417417 0.0458952 0.06283 0.0488491 0.048426 0.0443332 0.0416052 0.0477725 0.0427961 0.0501586 0.046281 8.042080e-02 0.644
N:22 Run:0 0.0115778 0.0370276 0.225442 0.501111 0.33825 0.456216 0.379756 0.313012 0.553742 0.331255 0.373146 0.346332 0.140566 0.0714155 0.0495523 0.0474011 0.048242 0.0453325 0.0434298 0.0420868 0.042256 6.504959e-02 0.661
N:22 Run:1 0.0219084 0.0351554 0.0475337 0.0422678 0.043782 0.0409653 0.0450374 0.0425854 0.0413901 0.0403279 0.0401501 0.0418619 0.0411185 0.041795 0.0402663 0.0449924 0.043261 0.0488455 0.0523616 0.0483462 0.0465279 6.504959e-02 0.661
N:22 Run:2 0.0182613 0.0355224 0.0947398 0.146386 0.186697 0.198557 0.192067 0.246966 0.249991 0.267427 0.268245 0.230238 0.10688 0.0622812 0.0511439 0.0434347 0.0440652 0.0435402 0.0425625 0.0404574 0.043527 6.504959e-02 0.661
N:22 Run:3 0.0109644 0.0426985 0.0586575 0.0564914 0.053268 0.0557683 0.0489843 0.0550326 0.0601567 0.0476631 0.0427708 0.0422613 0.0397082 0.0387165 0.0384382 0.0383538 0.0383395 0.0383721 0.0383804 0.0389035 0.0398747 6.504959e-02 0.661
N:22 Run:4 0.0330075 0.047313 0.0784018 0.0867341 0.0940641 0.0948651 0.0986104 0.153903 0.240091 0.148028 0.12383 0.143435 0.0952896 0.0616139 0.0557852 0.0471407 0.0495584 0.0462591 0.0462677 0.0454996 0.0432745 6.504959e-02 0.661
N:22 Run:5 0.0191407 0.0351504 0.0633661 0.128443 0.146233 0.227753 0.156131 0.197693 0.197274 0.157365 0.296477 0.273042 0.138982 0.0736076 0.051376 0.0438353 0.0458466 0.0444819 0.0466472 0.0462857 0.0455694 6.504959e-02 0.661
N:22 Run:6 0.0238443 0.0364416 0.0460549 0.0500092 0.0489681 0.0510912 0.0532171 0.0528054 0.0677338 0.0628715 0.060367 0.049897 0.0477062 0.0526983 0.0620229 0.0512644 0.0481836 0.0432328 0.0469335 0.0453662 0.0435083 6.504959e-02 0.661
N:22 Run:7 0.0128992 0.0402553 0.0528029 0.0546703 0.0554848 0.0587095 0.0667285 0.0619038 0.0782777 0.0736371 0.0986637 0.159249 0.0783599 0.0575695 0.0473626 0.0453618 0.0455651 0.0445325 0.0426599 0.0432316 0.045642 6.504959e-02 0.661
N:22 Run:8 0.0180203 0.0362106 0.0496418 0.0568089 0.0550535 0.0499113 0.0532358 0.0471352 0.0443803 0.0451608 0.0459144 0.0588999 0.0448232 0.0458611 0.0456944 0.0566745 0.0540561 0.0457007 0.0462365 0.0430418 0.0422937 6.504959e-02 0.661
N:22 Run:9 0.0271172 0.0391456 0.0422329 0.0413354 0.0424213 0.0414336 0.040315 0.0419957 0.0435169 0.0421694 0.0417417 0.0458952 0.06283 0.0488491 0.048426 0.0443332 0.0416052 0.0477725 0.0427961 0.0501586 0.046281 6.504959e-02 0.661
N:23 Run:0 0.0115778 0.0370276 0.225442 0.501111 0.33825 0.456216 0.379756 0.313012 0.553742 0.331255 0.373146 0.346332 0.140566 0.0714155 0.0495523 0.0474011 0.048242 0.0453325 0.0434298 0.0420868 0.042256 7.796996e-02 0.648
N:23 Run:1 0.0219084 0.0351554 0.0475337 0.0422678 0.043782 0.0409653 0.0450374 0.0425854 0.0413901 0.0403279 0.0401501 0.0418619 0.0411185 0.041795 0.0402663 0.0449924 0.043261 0.0488455 0.0523616 0.0483462 0.0465279 7.796996e-02 0.648
N:23 Run:2 0.0182613 0.0355224 0.0947398 0.146386 0.186697 0.198557 0.192067 0.246966 0.249991 0.267427 0.268245 0.230238 0.10688 0.0622812 0.0511439 0.0434347 0.0440652 0.0435402 0.0425625 0.0404574 0.043527 7.796996e-02 0.648
N:23 Run:3 0.0109644 0.0426985 0.0586575 0.0564914 0.053268 0.0557683 0.0489843 0.0550326 0.0601567 0.0476631 0.0427708 0.0422613 0.0397082 0.0387165 0.0384382 0.0383538 0.0383395 0.0383721 0.0383804 0.0389035 0.0398747 7.796996e-02 0.648
N:23 Run:4 0.0330075 0.047313 0.0784018 0.0867341 0.0940641 0.0948651 0.0986104 0.153903 0.240091 0.148028 0.12383 0.143435 0.0952896 0.0616139 0.0557852 0.0471407 0.0495584 0.0462591 0.0462677 0.0454996 0.0432745 7.796996e-02 0.648
N:23 Run:5 0.0191407 0.0351504 0.0633661 0.128443 0.146233 0.227753 0.156131 0.197693 0.197274 0.157365 0.296477 0.273042 0.138982 0.0736076 0.051376 0.0438353 0.0458466 0.0444819 0.0466472 0.0462857 0.0455694 7.796996e-02 0.648
N:23 Run:6 0.0238443 0.0364416 0.0460549 0.0500092 0.0489681 0.0510912 0.0532171 0.0528054 0.0677338 0.0628715 0.060367 0.049897 0.0477062 0.0526983 0.0620229 0.0512644 0.0481836 0.0432328 0.0469335 0.0453662 0.0435083 7.796996e-02 0.648
N:23 Run:7 0.0128992 0.0402553 0.0528029 0.0546703 0.0554848 0.0587095 0.0667285 0.0619038 0.0782777 0.0736371 0.0986637 0.159249 0.0783599 0.0575695 0.0473626 0.0453618 0.0455651 0.0445325 0.0426599 0.0432316 0.045642 7.796996e-02 0.648
N:23 Run:8 0.0180203 0.0362106 0.0496418 0.0568089 0.0550535 0.0499113 0.0532358 0.0471352 0.0443803 0.0451608 0.0459144 0.0588999 0.0448232 0.0458611 0.0456944 0.0566745 0.0540561 0.0457007 0.0462365 0.0430418 0.0422937 7.796996e-02 0.648
N:23 Run:9 0.0271172 0.0391456 0.0422329 0.0413354 0.0424213 0.0414336 0.040315 0.0419957 0.0435169 0.0421694 0.0417417 0.0458952 0.06283 0.0488491 0.048426 0.0443332 0.0416052 0.0477725 0.0427961 0.0501586 0.046281 7.796996e-02 0.648
N:24 Run:0 0.0115778 0.0370276 0.225442 0.501111 0.33825 0.456216 0.379756 0.313012 0.553742 0.331255 0.373146 0.346332 0.140566 0.0714155 0.0495523 0.0474011 0.048242 0.0453325 0.0434298 0.0420868 0.042256 7.805852e-02 0.649
N:24 Run:1 0.0219084 0.0351554 0.0475337 0.0422678 0.043782 0.0409653 0.0450374 0.0425854 0.0413901 0.0403279 0.0401501 0.0418619 0.0411185 0.041795 0.0402663 0.0449924 0.043261 0.0488455 0.0523616 0.0483462 0.0465279 7.805852e-02 0.649
N:24 Run:2 0.0182613 0.0355224 0.0947398 0.146386 0.186697 0.198557 0.192067 0.246966 0.249991 0.267427 0.268245 0.230238 0.10688 0.0622812 0.0511439 0.0434347 0.0440652 0.0435402 0.0425625 0.0404574 0.043527 7.805852e-02 0.649
N:24 Run:3 0.0109644 0.0426985 0.0586575 0.0564914 0.053268 0.0557683 0.0489843 0.0550326 0.0601567 0.0476631 0.0427708 0.0422613 0.0397082 0.0387165 0.0384382 0.0383538 0.0383395 0.0383721 0.0383804 0.0389035 0.0398747 7.805852e-02 0.649
N:24 Run:4 0.0330075 0.047313 0.0784018 0.0867341 0.0940641 0.0948651 0.0986104 0.153903 0.240091 0.148028 0.12383 0.143435 0.0952896 0.0616139 0.0557852 0.0471407 0.0495584 0.0462591 0.0462677 0.0454996 0.0432745 7.805852e-02 0.649
N:24 Run:5 0.0191407 0.0351504 0.0633661 0.128443 0.146233 0.227753 0.156131 0.197693 0.197274 0.157365 0.296477 0.273042 0.138982 0.0736076 0.051376 0.0438353 0.0458466 0.0444819 0.0466472 0.0462857 0.0455694 7.805852e-02 0.649
N:24 Run:6 0.0238443 0.0364416 0.0460549 0.0500092 0.0489681 0.0510912 0.0532171 0.0528054 0.0677338 0.0628715 0.060367 0.049897 0.0477062 0.0526983 0.0620229 0.0512644 0.0481836 0.0432328 0.0469335 0.0453662 0.0435083 7.805852e-02 0.649
N:24 Run:7 0.0128992 0.0402553 0.0528029 0.0546703 0.0554848 0.0587095 0.0667285 0.0619038 0.0782777 0.0736371 0.0986637 0.159249 0.0783599 0.0575695 0.0473626 0.0453618 0.0455651 0.0445325 0.0426599 0.0432316 0.045642 7.805852e-02 0.649
N:24 Run:8 0.0180203 0.0362106 0.0496418 0.0568089 0.0550535 0.0499113 0.0532358 0.0471352 0.0443803 0.0451608 0.0459144 0.0588999 0.0448232 0.0458611 0.0456944 0.0566745 0.0540561 0.0457007 0.0462365 0.0430418 0.0422937 7.805852e-02 0.649
N:24 Run:9 0.0271172 0.0391456 0.0422329 0.0413354 0.0424213 0.0414336 0.040315 0.0419957 0.0435169 0.0421694 0.0417417 0.0458952 0.06283 0.0488491 0.048426 0.0443332 0.0416052 0.0477725 0.0427961 0.0501586 0.046281 7.805852e-02 0.649
N:25 Run:0 0.0115778 0.0370276 0.225442 0.501111 0.33825 0.456216 0.379756 0.313012 0.553742 0.331255 0.373146 0.346332 0.140566 0.0714155 0.0495523 0.0474011 0.048242 0.0453325 0.0434298 0.0420868 0.042256 6.498414e-02 0.670
N:25 Run:1 0.0219084 0.0351554 0.0475337 0.0422678 0.043782 0.0409653 0.0450374 0.0425854 0.0413901 0.0403279 0.0401501 0.0418619 0.0411185 0.041795 0.0402663 0.0449924 0.043261 0.0488455 0.0523616 0.0483462 0.0465279 6.498414e-02 0.670
N:25 Run:2 0.0182613 0.0355224 0.0947398 0.146386 0.186697 0.198557 0.192067 0.246966 0.249991 0.267427 0.268245 0.230238 0.10688 0.0622812 0.0511439 0.0434347 0.0440652 0.0435402 0.0425625 0.0404574 0.043527 6.498414e-02 0.670
N:25 Run:3 0.0109644 0.0426985 0.0586575 0.0564914 0.053268 0.0557683 0.0489843 0.0550326 0.0601567 0.0476631 0.0427708 0.0422613 0.0397082 0.0387165 0.0384382 0.0383538 0.0383395 0.0383721 0.0383804 0.0389035 0.0398747 6.498414e-02 0.670
N:25 Run:4 0.0330075 0.047313 0.0784018 0.0867341 0.0940641 0.0948651 0.0986104 0.153903 0.240091 0.148028 0.12383 0.143435 0.0952896 0.0616139 0.0557852 0.0471407 0.0495584 0.0462591 0.0462677 0.0454996 0.0432745 6.498414e-02 0.670
N:25 Run:5 0.0191407 0.0351504 0.0633661 0.128443 0.146233 0.227753 0.156131 0.197693 0.197274 0.157365 0.296477 0.273042 0.138982 0.0736076 0.051376 0.0438353 0.0458466 0.0444819 0.0466472 0.0462857 0.0455694 6.498414e-02 0.670
N:25 Run:6 0.0238443 0.0364416 0.0460549 0.0500092 0.0489681 0.0510912 0.0532171 0.0528054 0.0677338 0.0628715 0.060367 0.049897 0.0477062 0.0526983 0.0620229 0.0512644 0.0481836 0.0432328 0.0469335 0.0453662 0.0435083 6.498414e-02 0.670
N:25 Run:7 0.0128992 0.0402553 0.0528029 0.0546703 0.0554848 0.0587095 0.0667285 0.0619038 0.0782777 0.0736371 0.0986637 0.159249 0.0783599 0.0575695 0.0473626 0.0453618 0.0455651 0.0445325 0.0426599 0.0432316 0.045642 6.498414e-02 0.670
N:25 Run:8 0.0180203 0.0362106 0.0496418 0.0568089 0.0550535 0.0499113 0.0532358 0.0471352 0.0443803 0.0451608 0.0459144 0.0588999 0.0448232 0.0458611 0.0456944 0.0566745 0.0540561 0.0457007 0.0462365 0.0430418 0.0422937 6.498414e-02 0.670
N:25 Run:9 0.0271172 0.0391456 0.0422329 0.0413354 0.0424213 0.0414336 0.040315 0.0419957 0.0435169 0.0421694 0.0417417 0.0458952 0.06283 0.0488491 0.048426 0.0443332 0.0416052 0.0477725 0.0427961 0.0501586 0.046281 6.498414e-02 0.670
N:26 Run:0 0.0115778 0.0370276 0.225442 0.501111 0.33825 0.456216 0.379756 0.313012 0.553742 0.331255 0.373146 0.346332 0.140566 0.0714155 0.0495523 0.0474011 0.048242 0.0453325 0.0434298 0.0420868 0.042256 7.280697e-02 0.648
N:26 Run:1 0.0219084 0.0351554 0.0475337 0.0422678 0.043782 0.0409653 0.0450374 0.0425854 0.0413901 0.0403279 0.0401501 0.0418619 0.0411185 0.041795 0.0402663 0.0449924 0.043261 0.0488455 0.0523616 0.0483462 0.0465279 7.280697e-02 0.648
N:26 Run:2 0.0182613 0.0355224 0.0947398 0.146386 0.186697 0.198557 0.192067 0.246966 0.249991 0.267427 0.268245 0.230238 0.10688 0.0622812 0.0511439 0.0434347 0.0440652 0.0435402 0.0425625 0.0404574 0.043527 7.280697e-02 0.648
N:26 Run:3 0.0109644 0.0426985 0.0586575 0.0564914 0.053268 0.0557683 0.0489843 0.0550326 0.0601567 0.0476631 0.0427708 0.0422613 0.0397082 0.0387165 0.0384382 0.0383538 0.0383395 0.0383721 0.0383804 0.0389035 0.0398747 7.280697e-02 0.648
N:26 Run:4 0.0330075 0.047313 0.0784018 0.0867341 0.0940641 0.0948651 0.0986104 0.153903 0.240091 0.148028 0.12383 0.143435 0.0952896 0.0616139 0.0557852 0.0471407 0.0495584 0.0462591 0.0462677 0.0454996 0.0432745 7.280697e-02 0.648
N:26 Run:5 0.0191407 0.0351504 0.0633661 0.128443 0.146233 0.227753 0.156131 0.197693 0.197274 0.157365 0.296477 0.273042 0.138982 0.0736076 0.051376 0.0438353 0.0458466 0.0444819 0.0466472 0.0462857 0.0455694 7.280697e-02 0.648
N:26 Run:6 0.0238443 0.0364416 0.0460549 0.0500092 0.0489681 0.0510912 0.0532171 0.0528054 0.0677338 0.0628715 0.060367 0.049897 0.0477062 0.0526983 0.0620229 0.0512644 0.0481836 0.0432328 0.0469335 0.0453662 0.0435083 7.280697e-02 0.648
N:26 Run:7 0.0128992 0.0402553 0.0528029 0.0546703 0.0554848 0.0587095 0.0667285 0.0619038 0.0782777 0.0736371 0.0986637 0.159249 0.0783599 0.0575695 0.0473626 0.0453618 0.0455651 0.0445325 0.0426599 0.0432316 0.045642 7.280697e-02 0.648
N:26 Run:8 0.0180203 0.0362106 0.0496418 0.0568089 0.0550535 0.0499113 0.0532358 0.0471352 0.0443803 0.0451608 0.0459144 0.0588999 0.0448232 0.0458611 0.0456944 0.0566745 0.0540561 0.0457007 0.0462365 0.0430418 0.0422937 7.280697e-02 0.648
N:26 Run:9 0.0271172 0.0391456 0.0422329 0.0413354 0.0424213 0.0414336 0.040315 0.0419957 0.0435169 0.0421694 0.0417417 0.0458952 0.06283 0.0488491 0.048426 0.0443332 0.0416052 0.0477725 0.0427961 0.0501586 0.046281 7.280697e-02 0.648
N:27 Run:0 0.0115778 0.0370276 0.225442 0.501111 0.33825 0.456216 0.379756 0.313012 0.553742 0.331255 0.373146 0.346332 0.140566 0.0714155 0.0495523 0.0474011 0.048242 0.0453325 0.0434298 0.0420868 0.042256 6.522883e-02 0.657
N:27 Run:1 0.0219084 0.0351554 0.0475337 0.0422678 0.043782 0.0409653 0.0450374 0.0425854 0.0413901 0.0403279 0.0401501 0.0418619 0.0411185 0.041795 0.0402663 0.0449924 0.043261 0.0488455 0.0523616 0.0483462 0.0465279 6.522883e-02 0.657
N:27 Run:2 0.0182613 0.0355224 0.0947398 0.146386 0.186697 0.198557 0.192067 0.246966 0.249991 0.267427 0.268245 0.230238 0.10688 0.0622812 0.0511439 0.0434347 0.0440652 0.0435402 0.0425625 0.0404574 0.043527 6.522883e-02 0.657
N:27 Run:3 0.0109644 0.0426985 0.0586575 0.0564914 0.053268 0.0557683 0.0489843 0.0550326 0.0601567 0.0476631 0.0427708 0.0422613 0.0397082 0.0387165 0.0384382 0.0383538 0.0383395 0.0383721 0.0383804 0.0389035 0.0398747 6.522883e-02 0.657
N:27 Run:4 0.0330075 0.047313 0.0784018 0.0867341 0.0940641 0.0948651 0.0986104 0.153903 0.240091 0.148028 0.12383 0.143435 0.0952896 0.0616139 0.0557852 0.0471407 0.0495584 0.0462591 0.0462677 0.0454996 0.0432745 6.522883e-02 0.657
N:27 Run:5 0.0191407 0.0351504 0.0633661 0.128443 0.146233 0.227753 0.156131 0.197693 0.197274 0.157365 0.296477 0.273042 0.138982 0.0736076 0.051376 0.0438353 0.0458466 0.0444819 0.0466472 0.0462857 0.0455694 6.522883e-02 0.657
N:27 Run:6 0.0238443 0.0364416 0.0460549 0.0500092 0.0489681 0.0510912 0.0532171 0.0528054 0.0677338 0.0628715 0.060367 0.049897 0.0477062 0.0526983 0.0620229 0.0512644 0.0481836 0.0432328 0.0469335 0.0453662 0.0435083 6.522883e-02 0.657
N:27 Run:7 0.0128992 0.0402553 0.0528029 0.0546703 0.0554848 0.0587095 0.0667285 0.0619038 0.0782777 0.0736371 0.0986637 0.159249 0.0783599 0.0575695 0.0473626 0.0453618 0.0455651 0.0445325 0.0426599 0.0432316 0.045642 6.522883e-02 0.657
N:27 Run:8 0.0180203 0.0362106 0.0496418 0.0568089 0.0550535 0.0499113 0.0532358 0.0471352 0.0443803 0.0451608 0.0459144 0.0588999 0.0448232 0.0458611 0.0456944 0.0566745 0.0540561 0.0457007 0.0462365 0.0430418 0.0422937 6.522883e-02 0.657
N:27 Run:9 0.0271172 0.0391456 0.0422329 0.0413354 0.0424213 0.0414336 0.040315 0.0419957 0.0435169 0.0421694 0.0417417 0.0458952 0.06283 0.0488491 0.048426 0.0443332 0.0416052 0.0477725 0.0427961 0.0501586 0.046281 6.522883e-02 0.657
N:28 Run:0 0.0115778 0.0370276 0.225442 0.501111 0.33825 0.456216 0.379756 0.313012 0.553742 0.331255 0.373146 0.346332 0.140566 0.0714155 0.0495523 0.0474011 0.048242 0.0453325 0.0434298 0.0420868 0.042256 8.014052e-02 0.651
N:28 Run:1 0.0219084 0.0351554 0.0475337 0.0422678 0.043782 0.0409653 0.0450374 0.0425854 0.0413901 0.0403279 0.0401501 0.0418619 0.0411185 0.041795 0.0402663 0.0449924 0.043261 0.0488455 0.0523616 0.0483462 0.0465279 8.014052e-02 0.651
N:28 Run:2 0.0182613 0.0355224 0.0947398 0.146386 0.186697 0.198557 0.192067 0.246966 0.249991 0.267427 0.268245 0.230238 0.10688 0.0622812 0.0511439 0.0434347 0.0440652 0.0435402 0.0425625 0.0404574 0.043527 8.014052e-02 0.651
N:28 Run:3 0.0109644 0.0426985 0.0586575 0.0564914 0.053268 0.0557683 0.0489843 0.0550326 0.0601567 0.0476631 0.0427708 0.0422613 0.0397082 0.0387165 0.0384382 0.0383538 0.0383395 0.0383721 0.0383804 0.0389035 0.0398747 8.014052e-02 0.651
N:28 Run:4 0.0330075 0.047313 0.0784018 0.0867341 0.0940641 0.0948651 0.0986104 0.153903 0.240091 0.148028 0.12383 0.143435 0.0952896 0.0616139 0.0557852 0.0471407 0.0495584 0.0462591 0.0462677 0.0454996 0.0432745 8.014052e-02 0.651
N:28 Run:5 0.0191407 0.0351504 0.0633661 0.128443 0.146233 0.227753 0.156131 0.197693 0.197274 0.157365 0.296477 0.273042 0.138982 0.0736076 0.051376 0.0438353 0.0458466 0.0444819 0.0466472 0.0462857 0.0455694 8.014052e-02 0.651
N:28 Run:6 0.0238443 0.0364416 0.0460549 0.0500092 0.0489681 0.0510912 0.0532171 0.0528054 0.0677338 0.0628715 0.060367 0.049897 0.0477062 0.0526983 0.0620229 0.0512644 0.0481836 0.0432328 0.0469335 0.0453662 0.0435083 8.014052e-02 0.651
N:28 Run:7 0.0128992 0.0402553 0.0528029 0.0546703 0.0554848 0.0587095 0.0667285 0.0619038 0.0782777 0.0736371 0.0986637 0.159249 0.0783599 0.0575695 0.0473626 0.0453618 0.0455651 0.0445325 0.0426599 0.0432316 0.045642 8.014052e-02 0.651
N:28 Run:8 0.0180203 0.0362106 0.0496418 0.0568089 0.0550535 0.0499113 0.0532358 0.0471352 0.0443803 0.0451608 0.0459144 0.0588999 0.0448232 0.0458611 0.0456944 0.0566745 0.0540561 0.0457007 0.0462365 0.0430418 0.0422937 8.014052e-02 0.651
N:28 Run:9 0.0271172 0.0391456 0.0422329 0.0413354 0.0424213 0.0414336 0.040315 0.0419957 0.0435169 0.0421694 0.0417417 0.0458952 0.06283 0.0488491 0.048426 0.0443332 0.0416052 0.0477725 0.0427961 0.0501586 0.046281 8.014052e-02 0.651
N:29 Run:0 0.0115778 0.0370276 0.225442 0.501111 0.33825 0.456216 0.379756 0.313012 0.553742 0.331255 0.373146 0.346332 0.140566 0.0714155 0.0495523 0.0474011 0.048242 0.0453325 0.0434298 0.0420868 0.042256 6.495003e-02 0.683
N:29 Run:1 0.0219084 0.0351554 0.0475337 0.0422678 0.043782 0.0409653 0.0450374 0.0425854 0.0413901 0.0403279 0.0401501 0.0418619 0.0411185 0.041795 0.0402663 0.0449924 0.043261 0.0488455 0.0523616 0.0483462 0.0465279 6.495003e-02 0.683
N:29 Run:2 0.0182613 0.0355224 0.0947398 0.146386 0.186697 0.198557 0.192067 0.246966 0.249991 0.267427 0.268245 0.230238 0.10688 0.0622812 0.0511439 0.0434347 0.0440652 0.0435402 0.0425625 0.0404574 0.043527 6.495003e-02 0.683
N:29 Run:3 0.0109644 0.0426985 0.0586575 0.0564914 0.053268 0.0557683 0.0489843 0.0550326 0.0601567 0.0476631 0.0427708 0.0422613 0.0397082 0.0387165 0.0384382 0.0383538 0.0383395 0.0383721 0.0383804 0.0389035 0.0398747 6.495003e-02 0.683
N:29 Run:4 0.0330075 0.047313 0.0784018 0.0867341 0.0940641 0.0948651 0.0986104 0.153903 0.240091 0.148028 0.12383 0.143435 0.0952896 0.0616139 0.0557852 0.0471407 0.0495584 0.0462591 0.0462677 0.0454996 0.0432745 6.495003e-02 0.683
N:29 Run:5 0.0191407 0.0351504 0.0633661 0.128443 0.146233 0.227753 0.156131 0.197693 0.197274 0.157365 0.296477 0.273042 0.138982 0.0736076 0.051376 0.0438353 0.0458466 0.0444819 0.0466472 0.0462857 0.0455694 6.495003e-02 0.683
N:29 Run:6 0.0238443 0.0364416 0.0460549 0.0500092 0.0489681 0.0510912 0.0532171 0.0528054 0.0677338 0.0628715 0.060367 0.049897 0.0477062 0.0526983 0.0620229 0.0512644 0.0481836 0.0432328 0.0469335 0.0453662 0.0435083 6.495003e-02 0.683
N:29 Run:7 0.0128992 0.0402553 0.0528029 0.0546703 0.0554848 0.0587095 0.0667285 0.0619038 0.0782777 0.0736371 0.0986637 0.159249 0.0783599 0.0575695 0.0473626 0.0453618 0.0455651 0.0445325 0.0426599 0.0432316 0.045642 6.495003e-02 0.683
N:29 Run:8 0.0180203 0.0362106 0.0496418 0.0568089 0.0550535 0.0499113 0.0532358 0.0471352 0.0443803 0.0451608 0.0459144 0.0588999 0.0448232 0.0458611 0.0456944 0.0566745 0.0540561 0.0457007 0.0462365 0.0430418 0.0422937 6.495003e-02 0.683
N:29 Run:9 0.0271172 0.0391456 0.0422329 0.0413354 0.0424213 0.0414336 0.040315 0.0419957 0.0435169 0.0421694 0.0417417 0.0458952 0.06283 0.0488491 0.048426 0.0443332 0.0416052 0.0477725 0.0427961 0.0501586 0.046281 6.495003e-02 0.683
