Seed:1578645640
N:0 Run:0 0.0749602 0.058371 0.0549147 0.0547986 0.0509981 0.0463795 0.0583289 0.052906 0.0493961 0.0475502 0.0495429 0.0456937 0.0538294 0.0514093 0.0509216 0.0560476 0.0598434 0.0499373 0.0536711 0.0510074 0.0477679 1.221541e-02 0.419
N:0 Run:1 0.038129 0.0461571 0.0428609 0.0574485 0.0564101 0.0512506 0.0454122 0.0516732 0.0551623 0.0612246 0.068594 0.0992846 0.166685 0.189869 0.139488 0.106174 0.0814705 0.0662176 0.0545744 0.0533691 0.0538611 1.221541e-02 0.419
N:0 Run:2 0.0317323 0.0506913 0.0544543 0.0536661 0.0500955 0.0666231 0.065228 0.0574538 0.0509563 0.0480693 0.0486773 0.0535541 0.0615485 0.0544436 0.0563054 0.056402 0.0546337 0.0492725 0.0473172 0.0456143 0.0467336 1.221541e-02 0.419
N:0 Run:3 0.0583031 0.0505812 0.05246 0.0663288 0.058923 0.0626489 0.0571197 0.054138 0.0608159 0.0563986 0.0579825 0.053174 0.0685484 0.0604518 0.0723165 0.0797112 0.0667621 0.0720143 0.0880646 0.174804 0.365321 1.221541e-02 0.419
N:0 Run:4 0.0458247 0.0479035 0.0513561 0.04972 0.0477279 0.0465177 0.0431957 0.0446971 0.0413054 0.0400827 0.0444965 0.0426186 0.0501184 0.0521248 0.0584609 0.0581457 0.0583151 0.0586088 0.0574366 0.0597344 0.0725703 1.221541e-02 0.419
N:0 Run:5 0.0767648 0.0641811 0.0587908 0.0515123 0.0492166 0.0505859 0.0454468 0.0532515 0.0471096 0.0485248 0.0517099 0.0510719 0.0559221 0.0605004 0.0616741 0.0595947 0.0648769 0.0775511 0.0764567 0.0649771 0.0569684 1.221541e-02 0.419
N:0 Run:6 0.083396 0.0664038 0.0540724 0.0585146 0.0514263 0.0583622 0.0571941 0.057271 0.0531282 0.0504437 0.0476079 0.050344 0.0470265 0.0502306 0.0528646 0.0542988 0.0619679 0.0610351 0.0576627 0.0607711 0.0617603 1.221541e-02 0.419
N:0 Run:7 0.0423525 0.0437881 0.0517559 0.0657577 0.0667303 0.0590369 0.0565017 0.0556607 0.0498155 0.0567194 0.0536193 0.0558744 0.0623222 0.0505655 0.0486988 0.0476211 0.0470035 0.0479598 0.050644 0.0481919 0.0520852 1.221541e-02 0.419
N:0 Run:8 0.0603587 0.0681139 0.0659451 0.064134 0.0606126 0.0591311 0.0623493 0.0627121 0.0562736 0.0597526 0.0647022 0.0828666 0.108767 0.131942 0.124278 0.112413 0.0878583 0.078922 0.0702396 0.0576264 0.0519307 1.221541e-02 0.419
N:0 Run:9 0.0287749 0.0516557 0.057976 0.057415 0.0546061 0.0580906 0.0553318 0.0514231 0.0529292 0.0540416 0.0550059 0.0513722 0.0461862 0.0430861 0.0485826 0.0517852 0.054787 0.0581285 0.0553086 0.0530397 0.0487689 1.221541e-02 0.419
N:1 Run:0 0.0749602 0.058371 0.0549147 0.0547986 0.0509981 0.0463795 0.0583289 0.052906 0.0493961 0.0475502 0.0495429 0.0456937 0.0538294 0.0514093 0.0509216 0.0560476 0.0598434 0.0499373 0.0536711 0.0510074 0.0477679 1.230425e-02 0.419
N:1 Run:1 0.038129 0.0461571 0.0428609 0.0574485 0.0564101 0.0512506 0.0454122 0.0516732 0.0551623 0.0612246 0.068594 0.0992846 0.166685 0.189869 0.139488 0.106174 0.0814705 0.0662176 0.0545744 0.0533691 0.0538611 1.230425e-02 0.419
N:1 Run:2 0.0317323 0.0506913 0.0544543 0.0536661 0.0500955 0.0666231 0.065228 0.0574538 0.0509563 0.0480693 0.0486773 0.0535541 0.0615485 0.0544436 0.0563054 0.056402 0.0546337 0.0492725 0.0473172 0.0456143 0.0467336 1.230425e-02 0.419
N:1 Run:3 0.0583031 0.0505812 0.05246 0.0663288 0.058923 0.0626489 0.0571197 0.054138 0.0608159 0.0563986 0.0579825 0.053174 0.0685484 0.0604518 0.0723165 0.0797112 0.0667621 0.0720143 0.0880646 0.174804 0.365321 1.230425e-02 0.419
N:1 Run:4 0.0458247 0.0479035 0.0513561 0.04972 0.0477279 0.0465177 0.0431957 0.0446971 0.0413054 0.0400827 0.0444965 0.0426186 0.0501184 0.0521248 0.0584609 0.0581457 0.0583151 0.0586088 0.0574366 0.0597344 0.0725703 1.230425e-02 0.419
N:1 Run:5 0.0767648 0.0641811 0.0587908 0.0515123 0.0492166 0.0505859 0.0454468 0.0532515 0.0471096 0.0485248 0.0517099 0.0510719 0.0559221 0.0605004 0.0616741 0.0595947 0.0648769 0.0775511 0.0764567 0.0649771 0.0569684 1.230425e-02 0.419
N:1 Run:6 0.083396 0.0664038 0.0540724 0.0585146 0.0514263 0.0583622 0.0571941 0.057271 0.0531282 0.0504437 0.0476079 0.050344 0.0470265 0.0502306 0.0528646 0.0542988 0.0619679 0.0610351 0.0576627 0.0607711 0.0617603 1.230425e-02 0.419
N:1 Run:7 0.0423525 0.0437881 0.0517559 0.0657577 0.0667303 0.0590369 0.0565017 0.0556607 0.0498155 0.0567194 0.0536193 0.0558744 0.0623222 0.0505655 0.0486988 0.0476211 0.0470035 0.0479598 0.050644 0.0481919 0.0520852 1.230425e-02 0.419
N:1 Run:8 0.0603587 0.0681139 0.0659451 0.064134 0.0606126 0.0591311 0.0623493 0.0627121 0.0562736 0.0597526 0.0647022 0.0828666 0.108767 0.131942 0.124278 0.112413 0.0878583 0.078922 0.0702396 0.0576264 0.0519307 1.230425e-02 0.419
N:1 Run:9 0.0287749 0.0516557 0.057976 0.057415 0.0546061 0.0580906 0.0553318 0.0514231 0.0529292 0.0540416 0.0550059 0.0513722 0.0461862 0.0430861 0.0485826 0.0517852 0.054787 0.0581285 0.0553086 0.0530397 0.0487689 1.230425e-02 0.419
N:2 Run:0 0.0749602 0.0596504 0.0555547 0.054834 0.0511941 0.0470536 0.0577126 0.0528661 0.049604 0.0477896 0.0493032 0.046099 0.053167 0.0510922 0.0506002 0.055229 0.0589063 0.0504982 0.0533799 0.0509172 0.0480154 1.200231e-02 0.419
N:2 Run:1 0.038129 0.0453329 0.0431517 0.0565068 0.0557113 0.0512209 0.0462395 0.0513381 0.0544392 0.0602546 0.0677448 0.101056 0.175277 0.204149 0.15174 0.114903 0.0872469 0.0698968 0.0573144 0.0545714 0.0541404 1.200231e-02 0.419
N:2 Run:2 0.0317323 0.0491974 0.0531339 0.0527991 0.0498603 0.0658285 0.0646834 0.0575179 0.0514831 0.0485625 0.0487309 0.0529281 0.0605538 0.054328 0.0558052 0.0558371 0.0542092 0.0495218 0.0476042 0.0459991 0.0467631 1.200231e-02 0.419
N:2 Run:3 0.0583031 0.0512559 0.0523825 0.0656469 0.0588449 0.0621479 0.0570055 0.0540595 0.0601279 0.0561083 0.0574184 0.0530837 0.0679648 0.0604518 0.0720713 0.079895 0.0674543 0.0722247 0.0891318 0.182607 0.340534 1.200231e-02 0.419
N:2 Run:4 0.0458247 0.0475899 0.0506721 0.0493797 0.0477009 0.0466247 0.0439217 0.0449607 0.0423227 0.0412532 0.0446613 0.0432096 0.0495811 0.0514375 0.0574276 0.0573395 0.057589 0.0579152 0.0568639 0.0590022 0.0719628 1.200231e-02 0.419
N:2 Run:5 0.0767648 0.0647874 0.0591847 0.0522651 0.0496897 0.0504922 0.0461331 0.0527446 0.0475877 0.048494 0.0511839 0.0506561 0.0550725 0.0595202 0.060832 0.059007 0.0641258 0.0772837 0.0765793 0.0655415 0.0576248 1.200231e-02 0.419
N:2 Run:6 0.083396 0.0673524 0.055575 0.0586773 0.0520457 0.0579478 0.056762 0.0567381 0.0529865 0.0504549 0.047866 0.0500251 0.0472195 0.0498404 0.0521891 0.0535603 0.0609445 0.0602871 0.0572317 0.0600816 0.0610749 1.200231e-02 0.419
N:2 Run:7 0.0423525 0.043753 0.0508708 0.064638 0.0659518 0.0589338 0.0563401 0.0553437 0.0501436 0.0561295 0.0533296 0.05526 0.0614229 0.0513636 0.0491722 0.0478987 0.0471633 0.0478399 0.0501346 0.0481086 0.0514717 1.200231e-02 0.419
N:2 Run:8 0.0603587 0.0677143 0.0656527 0.0638417 0.0604 0.0588158 0.0617465 0.0621208 0.0562223 0.059214 0.0639824 0.0830289 0.111912 0.138819 0.131808 0.119118 0.0927419 0.081965 0.0720943 0.059391 0.0531559 1.200231e-02 0.419
N:2 Run:9 0.0287749 0.0500422 0.0564717 0.0563929 0.0540466 0.0572743 0.0548541 0.0513552 0.052505 0.0534567 0.0543427 0.0511842 0.0467658 0.0440245 0.0483981 0.05118 0.0539637 0.0571896 0.0547756 0.0527164 0.0489646 1.200231e-02 0.419
N:3 Run:0 0.0749602 0.0596504 0.0555547 0.054834 0.0511941 0.0470536 0.0577126 0.0528661 0.049604 0.0477896 0.0493032 0.046099 0.053167 0.0510922 0.0506002 0.055229 0.0589063 0.0504982 0.0533799 0.0509172 0.0480154 1.203954e-02 0.419
N:3 Run:1 0.038129 0.0453329 0.0431517 0.0565068 0.0557113 0.0512209 0.0462395 0.0513381 0.0544392 0.0602546 0.0677448 0.101056 0.175277 0.204149 0.15174 0.114903 0.0872469 0.0698968 0.0573144 0.0545714 0.0541404 1.203954e-02 0.419
N:3 Run:2 0.0317323 0.0491974 0.0531339 0.0527991 0.0498603 0.0658285 0.0646834 0.0575179 0.0514831 0.0485625 0.0487309 0.0529281 0.0605538 0.054328 0.0558052 0.0558371 0.0542092 0.0495218 0.0476042 0.0459991 0.0467631 1.203954e-02 0.419
N:3 Run:3 0.0583031 0.0512559 0.0523825 0.0656469 0.0588449 0.0621479 0.0570055 0.0540595 0.0601279 0.0561083 0.0574184 0.0530837 0.0679648 0.0604518 0.0720713 0.079895 0.0674543 0.0722247 0.0891318 0.182607 0.340534 1.203954e-02 0.419
N:3 Run:4 0.0458247 0.0475899 0.0506721 0.0493797 0.0477009 0.0466247 0.0439217 0.0449607 0.0423227 0.0412532 0.0446613 0.0432096 0.0495811 0.0514375 0.0574276 0.0573395 0.057589 0.0579152 0.0568639 0.0590022 0.0719628 1.203954e-02 0.419
N:3 Run:5 0.0767648 0.0647874 0.0591847 0.0522651 0.0496897 0.0504922 0.0461331 0.0527446 0.0475877 0.048494 0.0511839 0.0506561 0.0550725 0.0595202 0.060832 0.059007 0.0641258 0.0772837 0.0765793 0.0655415 0.0576248 1.203954e-02 0.419
N:3 Run:6 0.083396 0.0673524 0.055575 0.0586773 0.0520457 0.0579478 0.056762 0.0567381 0.0529865 0.0504549 0.047866 0.0500251 0.0472195 0.0498404 0.0521891 0.0535603 0.0609445 0.0602871 0.0572317 0.0600816 0.0610749 1.203954e-02 0.419
N:3 Run:7 0.0423525 0.043753 0.0508708 0.064638 0.0659518 0.0589338 0.0563401 0.0553437 0.0501436 0.0561295 0.0533296 0.05526 0.0614229 0.0513636 0.0491722 0.0478987 0.0471633 0.0478399 0.0501346 0.0481086 0.0514717 1.203954e-02 0.419
N:3 Run:8 0.0603587 0.0677143 0.0656527 0.0638417 0.0604 0.0588158 0.0617465 0.0621208 0.0562223 0.059214 0.0639824 0.0830289 0.111912 0.138819 0.131808 0.119118 0.0927419 0.081965 0.0720943 0.059391 0.0531559 1.203954e-02 0.419
N:3 Run:9 0.0287749 0.0500422 0.0564717 0.0563929 0.0540466 0.0572743 0.0548541 0.0513552 0.052505 0.0534567 0.0543427 0.0511842 0.0467658 0.0440245 0.0483981 0.05118 0.0539637 0.0571896 0.0547756 0.0527164 0.0489646 1.203954e-02 0.419
N:4 Run:0 0.0749602 0.0596504 0.0555547 0.054834 0.0511941 0.0470536 0.0577126 0.0528661 0.049604 0.0477896 0.0493032 0.046099 0.053167 0.0510922 0.0506002 0.055229 0.0589063 0.0504982 0.0533799 0.0509172 0.0480154 1.228506e-02 0.419
N:4 Run:1 0.038129 0.0453329 0.0431517 0.0565068 0.0557113 0.0512209 0.0462395 0.0513381 0.0544392 0.0602546 0.0677448 0.101056 0.175277 0.204149 0.15174 0.114903 0.0872469 0.0698968 0.0573144 0.0545714 0.0541404 1.228506e-02 0.419
N:4 Run:2 0.0317323 0.0491974 0.0531339 0.0527991 0.0498603 0.0658285 0.0646834 0.0575179 0.0514831 0.0485625 0.0487309 0.0529281 0.0605538 0.054328 0.0558052 0.0558371 0.0542092 0.0495218 0.0476042 0.0459991 0.0467631 1.228506e-02 0.419
N:4 Run:3 0.0583031 0.0512559 0.0523825 0.0656469 0.0588449 0.0621479 0.0570055 0.0540595 0.0601279 0.0561083 0.0574184 0.0530837 0.0679648 0.0604518 0.0720713 0.079895 0.0674543 0.0722247 0.0891318 0.182607 0.340534 1.228506e-02 0.419
N:4 Run:4 0.0458247 0.0475899 0.0506721 0.0493797 0.0477009 0.0466247 0.0439217 0.0449607 0.0423227 0.0412532 0.0446613 0.0432096 0.0495811 0.0514375 0.0574276 0.0573395 0.057589 0.0579152 0.0568639 0.0590022 0.0719628 1.228506e-02 0.419
N:4 Run:5 0.0767648 0.0647874 0.0591847 0.0522651 0.0496897 0.0504922 0.0461331 0.0527446 0.0475877 0.048494 0.0511839 0.0506561 0.0550725 0.0595202 0.060832 0.059007 0.0641258 0.0772837 0.0765793 0.0655415 0.0576248 1.228506e-02 0.419
N:4 Run:6 0.083396 0.0673524 0.055575 0.0586773 0.0520457 0.0579478 0.056762 0.0567381 0.0529865 0.0504549 0.047866 0.0500251 0.0472195 0.0498404 0.0521891 0.0535603 0.0609445 0.0602871 0.0572317 0.0600816 0.0610749 1.228506e-02 0.419
N:4 Run:7 0.0423525 0.043753 0.0508708 0.064638 0.0659518 0.0589338 0.0563401 0.0553437 0.0501436 0.0561295 0.0533296 0.05526 0.0614229 0.0513636 0.0491722 0.0478987 0.0471633 0.0478399 0.0501346 0.0481086 0.0514717 1.228506e-02 0.419
N:4 Run:8 0.0603587 0.0677143 0.0656527 0.0638417 0.0604 0.0588158 0.0617465 0.0621208 0.0562223 0.059214 0.0639824 0.0830289 0.111912 0.138819 0.131808 0.119118 0.0927419 0.081965 0.0720943 0.059391 0.0531559 1.228506e-02 0.419
N:4 Run:9 0.0287749 0.0500422 0.0564717 0.0563929 0.0540466 0.0572743 0.0548541 0.0513552 0.052505 0.0534567 0.0543427 0.0511842 0.0467658 0.0440245 0.0483981 0.05118 0.0539637 0.0571896 0.0547756 0.0527164 0.0489646 1.228506e-02 0.419
N:5 Run:0 0.0749602 0.0596504 0.0555547 0.054834 0.0511941 0.0470536 0.0577126 0.0528661 0.049604 0.0477896 0.0493032 0.046099 0.053167 0.0510922 0.0506002 0.055229 0.0589063 0.0504982 0.0533799 0.0509172 0.0480154 1.227381e-02 0.419
N:5 Run:1 0.038129 0.0453329 0.0431517 0.0565068 0.0557113 0.0512209 0.0462395 0.0513381 0.0544392 0.0602546 0.0677448 0.101056 0.175277 0.204149 0.15174 0.114903 0.0872469 0.0698968 0.0573144 0.0545714 0.0541404 1.227381e-02 0.419
N:5 Run:2 0.0317323 0.0491974 0.0531339 0.0527991 0.0498603 0.0658285 0.0646834 0.0575179 0.0514831 0.0485625 0.0487309 0.0529281 0.0605538 0.054328 0.0558052 0.0558371 0.0542092 0.0495218 0.0476042 0.0459991 0.0467631 1.227381e-02 0.419
N:5 Run:3 0.0583031 0.0512559 0.0523825 0.0656469 0.0588449 0.0621479 0.0570055 0.0540595 0.0601279 0.0561083 0.0574184 0.0530837 0.0679648 0.0604518 0.0720713 0.079895 0.0674543 0.0722247 0.0891318 0.182607 0.340534 1.227381e-02 0.419
N:5 Run:4 0.0458247 0.0475899 0.0506721 0.0493797 0.0477009 0.0466247 0.0439217 0.0449607 0.0423227 0.0412532 0.0446613 0.0432096 0.0495811 0.0514375 0.0574276 0.0573395 0.057589 0.0579152 0.0568639 0.0590022 0.0719628 1.227381e-02 0.419
N:5 Run:5 0.0767648 0.0647874 0.0591847 0.0522651 0.0496897 0.0504922 0.0461331 0.0527446 0.0475877 0.048494 0.0511839 0.0506561 0.0550725 0.0595202 0.060832 0.059007 0.0641258 0.0772837 0.0765793 0.0655415 0.0576248 1.227381e-02 0.419
N:5 Run:6 0.083396 0.0673524 0.055575 0.0586773 0.0520457 0.0579478 0.056762 0.0567381 0.0529865 0.0504549 0.047866 0.0500251 0.0472195 0.0498404 0.0521891 0.0535603 0.0609445 0.0602871 0.0572317 0.0600816 0.0610749 1.227381e-02 0.419
N:5 Run:7 0.0423525 0.043753 0.0508708 0.064638 0.0659518 0.0589338 0.0563401 0.0553437 0.0501436 0.0561295 0.0533296 0.05526 0.0614229 0.0513636 0.0491722 0.0478987 0.0471633 0.0478399 0.0501346 0.0481086 0.0514717 1.227381e-02 0.419
N:5 Run:8 0.0603587 0.0677143 0.0656527 0.0638417 0.0604 0.0588158 0.0617465 0.0621208 0.0562223 0.059214 0.0639824 0.0830289 0.111912 0.138819 0.131808 0.119118 0.0927419 0.081965 0.0720943 0.059391 0.0531559 1.227381e-02 0.419
N:5 Run:9 0.0287749 0.0500422 0.0564717 0.0563929 0.0540466 0.0572743 0.0548541 0.0513552 0.052505 0.0534567 0.0543427 0.0511842 0.0467658 0.0440245 0.0483981 0.05118 0.0539637 0.0571896 0.0547756 0.0527164 0.0489646 1.227381e-02 0.419
N:6 Run:0 0.0749602 0.0596504 0.0555547 0.054834 0.0511941 0.0470536 0.0577126 0.0528661 0.049604 0.0477896 0.0493032 0.046099 0.053167 0.0510922 0.0506002 0.055229 0.0589063 0.0504982 0.0533799 0.0509172 0.0480154 1.213240e-02 0.419
N:6 Run:1 0.038129 0.0453329 0.0431517 0.0565068 0.0557113 0.0512209 0.0462395 0.0513381 0.0544392 0.0602546 0.0677448 0.101056 0.175277 0.204149 0.15174 0.114903 0.0872469 0.0698968 0.0573144 0.0545714 0.0541404 1.213240e-02 0.419
N:6 Run:2 0.0317323 0.0491974 0.0531339 0.0527991 0.0498603 0.0658285 0.0646834 0.0575179 0.0514831 0.0485625 0.0487309 0.0529281 0.0605538 0.054328 0.0558052 0.0558371 0.0542092 0.0495218 0.0476042 0.0459991 0.0467631 1.213240e-02 0.419
N:6 Run:3 0.0583031 0.0512559 0.0523825 0.0656469 0.0588449 0.0621479 0.0570055 0.0540595 0.0601279 0.0561083 0.0574184 0.0530837 0.0679648 0.0604518 0.0720713 0.079895 0.0674543 0.0722247 0.0891318 0.182607 0.340534 1.213240e-02 0.419
N:6 Run:4 0.0458247 0.0475899 0.0506721 0.0493797 0.0477009 0.0466247 0.0439217 0.0449607 0.0423227 0.0412532 0.0446613 0.0432096 0.0495811 0.0514375 0.0574276 0.0573395 0.057589 0.0579152 0.0568639 0.0590022 0.0719628 1.213240e-02 0.419
N:6 Run:5 0.0767648 0.0647874 0.0591847 0.0522651 0.0496897 0.0504922 0.0461331 0.0527446 0.0475877 0.048494 0.0511839 0.0506561 0.0550725 0.0595202 0.060832 0.059007 0.0641258 0.0772837 0.0765793 0.0655415 0.0576248 1.213240e-02 0.419
N:6 Run:6 0.083396 0.0673524 0.055575 0.0586773 0.0520457 0.0579478 0.056762 0.0567381 0.0529865 0.0504549 0.047866 0.0500251 0.0472195 0.0498404 0.0521891 0.0535603 0.0609445 0.0602871 0.0572317 0.0600816 0.0610749 1.213240e-02 0.419
N:6 Run:7 0.0423525 0.043753 0.0508708 0.064638 0.0659518 0.0589338 0.0563401 0.0553437 0.0501436 0.0561295 0.0533296 0.05526 0.0614229 0.0513636 0.0491722 0.0478987 0.0471633 0.0478399 0.0501346 0.0481086 0.0514717 1.213240e-02 0.419
N:6 Run:8 0.0603587 0.0677143 0.0656527 0.0638417 0.0604 0.0588158 0.0617465 0.0621208 0.0562223 0.059214 0.0639824 0.0830289 0.111912 0.138819 0.131808 0.119118 0.0927419 0.081965 0.0720943 0.059391 0.0531559 1.213240e-02 0.419
N:6 Run:9 0.0287749 0.0500422 0.0564717 0.0563929 0.0540466 0.0572743 0.0548541 0.0513552 0.052505 0.0534567 0.0543427 0.0511842 0.0467658 0.0440245 0.0483981 0.05118 0.0539637 0.0571896 0.0547756 0.0527164 0.0489646 1.213240e-02 0.419
N:7 Run:0 0.0749602 0.0596504 0.0555547 0.054834 0.0511941 0.0470536 0.0577126 0.0528661 0.049604 0.0477896 0.0493032 0.046099 0.053167 0.0510922 0.0506002 0.055229 0.0589063 0.0504982 0.0533799 0.0509172 0.0480154 1.220158e-02 0.419
N:7 Run:1 0.038129 0.0453329 0.0431517 0.0565068 0.0557113 0.0512209 0.0462395 0.0513381 0.0544392 0.0602546 0.0677448 0.101056 0.175277 0.204149 0.15174 0.114903 0.0872469 0.0698968 0.0573144 0.0545714 0.0541404 1.220158e-02 0.419
N:7 Run:2 0.0317323 0.0491974 0.0531339 0.0527991 0.0498603 0.0658285 0.0646834 0.0575179 0.0514831 0.0485625 0.0487309 0.0529281 0.0605538 0.054328 0.0558052 0.0558371 0.0542092 0.0495218 0.0476042 0.0459991 0.0467631 1.220158e-02 0.419
N:7 Run:3 0.0583031 0.0512559 0.0523825 0.0656469 0.0588449 0.0621479 0.0570055 0.0540595 0.0601279 0.0561083 0.0574184 0.0530837 0.0679648 0.0604518 0.0720713 0.079895 0.0674543 0.0722247 0.0891318 0.182607 0.340534 1.220158e-02 0.419
N:7 Run:4 0.0458247 0.0475899 0.0506721 0.0493797 0.0477009 0.0466247 0.0439217 0.0449607 0.0423227 0.0412532 0.0446613 0.0432096 0.0495811 0.0514375 0.0574276 0.0573395 0.057589 0.0579152 0.0568639 0.0590022 0.0719628 1.220158e-02 0.419
N:7 Run:5 0.0767648 0.0647874 0.0591847 0.0522651 0.0496897 0.0504922 0.0461331 0.0527446 0.0475877 0.048494 0.0511839 0.0506561 0.0550725 0.0595202 0.060832 0.059007 0.0641258 0.0772837 0.0765793 0.0655415 0.0576248 1.220158e-02 0.419
N:7 Run:6 0.083396 0.0673524 0.055575 0.0586773 0.0520457 0.0579478 0.056762 0.0567381 0.0529865 0.0504549 0.047866 0.0500251 0.0472195 0.0498404 0.0521891 0.0535603 0.0609445 0.0602871 0.0572317 0.0600816 0.0610749 1.220158e-02 0.419
N:7 Run:7 0.0423525 0.043753 0.0508708 0.064638 0.0659518 0.0589338 0.0563401 0.0553437 0.0501436 0.0561295 0.0533296 0.05526 0.0614229 0.0513636 0.0491722 0.0478987 0.0471633 0.0478399 0.0501346 0.0481086 0.0514717 1.220158e-02 0.419
N:7 Run:8 0.0603587 0.0677143 0.0656527 0.0638417 0.0604 0.0588158 0.0617465 0.0621208 0.0562223 0.059214 0.0639824 0.0830289 0.111912 0.138819 0.131808 0.119118 0.0927419 0.081965 0.0720943 0.059391 0.0531559 1.220158e-02 0.419
N:7 Run:9 0.0287749 0.0500422 0.0564717 0.0563929 0.0540466 0.0572743 0.0548541 0.0513552 0.052505 0.0534567 0.0543427 0.0511842 0.0467658 0.0440245 0.0483981 0.05118 0.0539637 0.0571896 0.0547756 0.0527164 0.0489646 1.220158e-02 0.419
N:8 Run:0 0.0749602 0.0596504 0.0555547 0.054834 0.0511941 0.0470536 0.0577126 0.0528661 0.049604 0.0477896 0.0493032 0.046099 0.053167 0.0510922 0.0506002 0.055229 0.0589063 0.0504982 0.0533799 0.0509172 0.0480154 1.230189e-02 0.419
N:8 Run:1 0.038129 0.0453329 0.0431517 0.0565068 0.0557113 0.0512209 0.0462395 0.0513381 0.0544392 0.0602546 0.0677448 0.101056 0.175277 0.204149 0.15174 0.114903 0.0872469 0.0698968 0.0573144 0.0545714 0.0541404 1.230189e-02 0.419
N:8 Run:2 0.0317323 0.0491974 0.0531339 0.0527991 0.0498603 0.0658285 0.0646834 0.0575179 0.0514831 0.0485625 0.0487309 0.0529281 0.0605538 0.054328 0.0558052 0.0558371 0.0542092 0.0495218 0.0476042 0.0459991 0.0467631 1.230189e-02 0.419
N:8 Run:3 0.0583031 0.0512559 0.0523825 0.0656469 0.0588449 0.0621479 0.0570055 0.0540595 0.0601279 0.0561083 0.0574184 0.0530837 0.0679648 0.0604518 0.0720713 0.079895 0.0674543 0.0722247 0.0891318 0.182607 0.340534 1.230189e-02 0.419
N:8 Run:4 0.0458247 0.0475899 0.0506721 0.0493797 0.0477009 0.0466247 0.0439217 0.0449607 0.0423227 0.0412532 0.0446613 0.0432096 0.0495811 0.0514375 0.0574276 0.0573395 0.057589 0.0579152 0.0568639 0.0590022 0.0719628 1.230189e-02 0.419
N:8 Run:5 0.0767648 0.0647874 0.0591847 0.0522651 0.0496897 0.0504922 0.0461331 0.0527446 0.0475877 0.048494 0.0511839 0.0506561 0.0550725 0.0595202 0.060832 0.059007 0.0641258 0.0772837 0.0765793 0.0655415 0.0576248 1.230189e-02 0.419
N:8 Run:6 0.083396 0.0673524 0.055575 0.0586773 0.0520457 0.0579478 0.056762 0.0567381 0.0529865 0.0504549 0.047866 0.0500251 0.0472195 0.0498404 0.0521891 0.0535603 0.0609445 0.0602871 0.0572317 0.0600816 0.0610749 1.230189e-02 0.419
N:8 Run:7 0.0423525 0.043753 0.0508708 0.064638 0.0659518 0.0589338 0.0563401 0.0553437 0.0501436 0.0561295 0.0533296 0.05526 0.0614229 0.0513636 0.0491722 0.0478987 0.0471633 0.0478399 0.0501346 0.0481086 0.0514717 1.230189e-02 0.419
N:8 Run:8 0.0603587 0.0677143 0.0656527 0.0638417 0.0604 0.0588158 0.0617465 0.0621208 0.0562223 0.059214 0.0639824 0.0830289 0.111912 0.138819 0.131808 0.119118 0.0927419 0.081965 0.0720943 0.059391 0.0531559 1.230189e-02 0.419
N:8 Run:9 0.0287749 0.0500422 0.0564717 0.0563929 0.0540466 0.0572743 0.0548541 0.0513552 0.052505 0.0534567 0.0543427 0.0511842 0.0467658 0.0440245 0.0483981 0.05118 0.0539637 0.0571896 0.0547756 0.0527164 0.0489646 1.230189e-02 0.419
N:9 Run:0 0.0749602 0.0596504 0.0555547 0.054834 0.0511941 0.0470536 0.0577126 0.0528661 0.049604 0.0477896 0.0493032 0.046099 0.053167 0.0510922 0.0506002 0.055229 0.0589063 0.0504982 0.0533799 0.0509172 0.0480154 1.231167e-02 0.419
N:9 Run:1 0.038129 0.0453329 0.0431517 0.0565068 0.0557113 0.0512209 0.0462395 0.0513381 0.0544392 0.0602546 0.0677448 0.101056 0.175277 0.204149 0.15174 0.114903 0.0872469 0.0698968 0.0573144 0.0545714 0.0541404 1.231167e-02 0.419
N:9 Run:2 0.0317323 0.0491974 0.0531339 0.0527991 0.0498603 0.0658285 0.0646834 0.0575179 0.0514831 0.0485625 0.0487309 0.0529281 0.0605538 0.054328 0.0558052 0.0558371 0.0542092 0.0495218 0.0476042 0.0459991 0.0467631 1.231167e-02 0.419
N:9 Run:3 0.0583031 0.0512559 0.0523825 0.0656469 0.0588449 0.0621479 0.0570055 0.0540595 0.0601279 0.0561083 0.0574184 0.0530837 0.0679648 0.0604518 0.0720713 0.079895 0.0674543 0.0722247 0.0891318 0.182607 0.340534 1.231167e-02 0.419
N:9 Run:4 0.0458247 0.0475899 0.0506721 0.0493797 0.0477009 0.0466247 0.0439217 0.0449607 0.0423227 0.0412532 0.0446613 0.0432096 0.0495811 0.0514375 0.0574276 0.0573395 0.057589 0.0579152 0.0568639 0.0590022 0.0719628 1.231167e-02 0.419
N:9 Run:5 0.0767648 0.0647874 0.0591847 0.0522651 0.0496897 0.0504922 0.0461331 0.0527446 0.0475877 0.048494 0.0511839 0.0506561 0.0550725 0.0595202 0.060832 0.059007 0.0641258 0.0772837 0.0765793 0.0655415 0.0576248 1.231167e-02 0.419
N:9 Run:6 0.083396 0.0673524 0.055575 0.0586773 0.0520457 0.0579478 0.056762 0.0567381 0.0529865 0.0504549 0.047866 0.0500251 0.0472195 0.0498404 0.0521891 0.0535603 0.0609445 0.0602871 0.0572317 0.0600816 0.0610749 1.231167e-02 0.419
N:9 Run:7 0.0423525 0.043753 0.0508708 0.064638 0.0659518 0.0589338 0.0563401 0.0553437 0.0501436 0.0561295 0.0533296 0.05526 0.0614229 0.0513636 0.0491722 0.0478987 0.0471633 0.0478399 0.0501346 0.0481086 0.0514717 1.231167e-02 0.419
N:9 Run:8 0.0603587 0.0677143 0.0656527 0.0638417 0.0604 0.0588158 0.0617465 0.0621208 0.0562223 0.059214 0.0639824 0.0830289 0.111912 0.138819 0.131808 0.119118 0.0927419 0.081965 0.0720943 0.059391 0.0531559 1.231167e-02 0.419
N:9 Run:9 0.0287749 0.0500422 0.0564717 0.0563929 0.0540466 0.0572743 0.0548541 0.0513552 0.052505 0.0534567 0.0543427 0.0511842 0.0467658 0.0440245 0.0483981 0.05118 0.0539637 0.0571896 0.0547756 0.0527164 0.0489646 1.231167e-02 0.419
N:10 Run:0 0.0749602 0.0596504 0.0555547 0.054834 0.0511941 0.0470536 0.0577126 0.0528661 0.049604 0.0477896 0.0493032 0.046099 0.053167 0.0510922 0.0506002 0.055229 0.0589063 0.0504982 0.0533799 0.0509172 0.0480154 1.220083e-02 0.419
N:10 Run:1 0.038129 0.0453329 0.0431517 0.0565068 0.0557113 0.0512209 0.0462395 0.0513381 0.0544392 0.0602546 0.0677448 0.101056 0.175277 0.204149 0.15174 0.114903 0.0872469 0.0698968 0.0573144 0.0545714 0.0541404 1.220083e-02 0.419
N:10 Run:2 0.0317323 0.0491974 0.0531339 0.0527991 0.0498603 0.0658285 0.0646834 0.0575179 0.0514831 0.0485625 0.0487309 0.0529281 0.0605538 0.054328 0.0558052 0.0558371 0.0542092 0.0495218 0.0476042 0.0459991 0.0467631 1.220083e-02 0.419
N:10 Run:3 0.0583031 0.0512559 0.0523825 0.0656469 0.0588449 0.0621479 0.0570055 0.0540595 0.0601279 0.0561083 0.0574184 0.0530837 0.0679648 0.0604518 0.0720713 0.079895 0.0674543 0.0722247 0.0891318 0.182607 0.340534 1.220083e-02 0.419
N:10 Run:4 0.0458247 0.0475899 0.0506721 0.0493797 0.0477009 0.0466247 0.0439217 0.0449607 0.0423227 0.0412532 0.0446613 0.0432096 0.0495811 0.0514375 0.0574276 0.0573395 0.057589 0.0579152 0.0568639 0.0590022 0.0719628 1.220083e-02 0.419
N:10 Run:5 0.0767648 0.0647874 0.0591847 0.0522651 0.0496897 0.0504922 0.0461331 0.0527446 0.0475877 0.048494 0.0511839 0.0506561 0.0550725 0.0595202 0.060832 0.059007 0.0641258 0.0772837 0.0765793 0.0655415 0.0576248 1.220083e-02 0.419
N:10 Run:6 0.083396 0.0673524 0.055575 0.0586773 0.0520457 0.0579478 0.056762 0.0567381 0.0529865 0.0504549 0.047866 0.0500251 0.0472195 0.0498404 0.0521891 0.0535603 0.0609445 0.0602871 0.0572317 0.0600816 0.0610749 1.220083e-02 0.419
N:10 Run:7 0.0423525 0.043753 0.0508708 0.064638 0.0659518 0.0589338 0.0563401 0.0553437 0.0501436 0.0561295 0.0533296 0.05526 0.0614229 0.0513636 0.0491722 0.0478987 0.0471633 0.0478399 0.0501346 0.0481086 0.0514717 1.220083e-02 0.419
N:10 Run:8 0.0603587 0.0677143 0.0656527 0.0638417 0.0604 0.0588158 0.0617465 0.0621208 0.0562223 0.059214 0.0639824 0.0830289 0.111912 0.138819 0.131808 0.119118 0.0927419 0.081965 0.0720943 0.059391 0.0531559 1.220083e-02 0.419
N:10 Run:9 0.0287749 0.0500422 0.0564717 0.0563929 0.0540466 0.0572743 0.0548541 0.0513552 0.052505 0.0534567 0.0543427 0.0511842 0.0467658 0.0440245 0.0483981 0.05118 0.0539637 0.0571896 0.0547756 0.0527164 0.0489646 1.220083e-02 0.419
N:11 Run:0 0.0749602 0.0596504 0.0555547 0.054834 0.0511941 0.0470536 0.0577126 0.0528661 0.049604 0.0477896 0.0493032 0.046099 0.053167 0.0510922 0.0506002 0.055229 0.0589063 0.0504982 0.0533799 0.0509172 0.0480154 1.200245e-02 0.419
N:11 Run:1 0.038129 0.0453329 0.0431517 0.0565068 0.0557113 0.0512209 0.0462395 0.0513381 0.0544392 0.0602546 0.0677448 0.101056 0.175277 0.204149 0.15174 0.114903 0.0872469 0.0698968 0.0573144 0.0545714 0.0541404 1.200245e-02 0.419
N:11 Run:2 0.0317323 0.0491974 0.0531339 0.0527991 0.0498603 0.0658285 0.0646834 0.0575179 0.0514831 0.0485625 0.0487309 0.0529281 0.0605538 0.054328 0.0558052 0.0558371 0.0542092 0.0495218 0.0476042 0.0459991 0.0467631 1.200245e-02 0.419
N:11 Run:3 0.0583031 0.0512559 0.0523825 0.0656469 0.0588449 0.0621479 0.0570055 0.0540595 0.0601279 0.0561083 0.0574184 0.0530837 0.0679648 0.0604518 0.0720713 0.079895 0.0674543 0.0722247 0.0891318 0.182607 0.340534 1.200245e-02 0.419
N:11 Run:4 0.0458247 0.0475899 0.0506721 0.0493797 0.0477009 0.0466247 0.0439217 0.0449607 0.0423227 0.0412532 0.0446613 0.0432096 0.0495811 0.0514375 0.0574276 0.0573395 0.057589 0.0579152 0.0568639 0.0590022 0.0719628 1.200245e-02 0.419
N:11 Run:5 0.0767648 0.0647874 0.0591847 0.0522651 0.0496897 0.0504922 0.0461331 0.0527446 0.0475877 0.048494 0.0511839 0.0506561 0.0550725 0.0595202 0.060832 0.059007 0.0641258 0.0772837 0.0765793 0.0655415 0.0576248 1.200245e-02 0.419
N:11 Run:6 0.083396 0.0673524 0.055575 0.0586773 0.0520457 0.0579478 0.056762 0.0567381 0.0529865 0.0504549 0.047866 0.0500251 0.0472195 0.0498404 0.0521891 0.0535603 0.0609445 0.0602871 0.0572317 0.0600816 0.0610749 1.200245e-02 0.419
N:11 Run:7 0.0423525 0.043753 0.0508708 0.064638 0.0659518 0.0589338 0.0563401 0.0553437 0.0501436 0.0561295 0.0533296 0.05526 0.0614229 0.0513636 0.0491722 0.0478987 0.0471633 0.0478399 0.0501346 0.0481086 0.0514717 1.200245e-02 0.419
N:11 Run:8 0.0603587 0.0677143 0.0656527 0.0638417 0.0604 0.0588158 0.0617465 0.0621208 0.0562223 0.059214 0.0639824 0.0830289 0.111912 0.138819 0.131808 0.119118 0.0927419 0.081965 0.0720943 0.059391 0.0531559 1.200245e-02 0.419
N:11 Run:9 0.0287749 0.0500422 0.0564717 0.0563929 0.0540466 0.0572743 0.0548541 0.0513552 0.052505 0.0534567 0.0543427 0.0511842 0.0467658 0.0440245 0.0483981 0.05118 0.0539637 0.0571896 0.0547756 0.0527164 0.0489646 1.200245e-02 0.419
N:12 Run:0 0.0749602 0.0596504 0.0555547 0.054834 0.0511941 0.0470536 0.0577126 0.0528661 0.049604 0.0477896 0.0493032 0.046099 0.053167 0.0510922 0.0506002 0.055229 0.0589063 0.0504982 0.0533799 0.0509172 0.0480154 1.218923e-02 0.419
N:12 Run:1 0.038129 0.0453329 0.0431517 0.0565068 0.0557113 0.0512209 0.0462395 0.0513381 0.0544392 0.0602546 0.0677448 0.101056 0.175277 0.204149 0.15174 0.114903 0.0872469 0.0698968 0.0573144 0.0545714 0.0541404 1.218923e-02 0.419
N:12 Run:2 0.0317323 0.0491974 0.0531339 0.0527991 0.0498603 0.0658285 0.0646834 0.0575179 0.0514831 0.0485625 0.0487309 0.0529281 0.0605538 0.054328 0.0558052 0.0558371 0.0542092 0.0495218 0.0476042 0.0459991 0.0467631 1.218923e-02 0.419
N:12 Run:3 0.0583031 0.0512559 0.0523825 0.0656469 0.0588449 0.0621479 0.0570055 0.0540595 0.0601279 0.0561083 0.0574184 0.0530837 0.0679648 0.0604518 0.0720713 0.079895 0.0674543 0.0722247 0.0891318 0.182607 0.340534 1.218923e-02 0.419
N:12 Run:4 0.0458247 0.0475899 0.0506721 0.0493797 0.0477009 0.0466247 0.0439217 0.0449607 0.0423227 0.0412532 0.0446613 0.0432096 0.0495811 0.0514375 0.0574276 0.0573395 0.057589 0.0579152 0.0568639 0.0590022 0.0719628 1.218923e-02 0.419
N:12 Run:5 0.0767648 0.0647874 0.0591847 0.0522651 0.0496897 0.0504922 0.0461331 0.0527446 0.0475877 0.048494 0.0511839 0.0506561 0.0550725 0.0595202 0.060832 0.059007 0.0641258 0.0772837 0.0765793 0.0655415 0.0576248 1.218923e-02 0.419
N:12 Run:6 0.083396 0.0673524 0.055575 0.0586773 0.0520457 0.0579478 0.056762 0.0567381 0.0529865 0.0504549 0.047866 0.0500251 0.0472195 0.0498404 0.0521891 0.0535603 0.0609445 0.0602871 0.0572317 0.0600816 0.0610749 1.218923e-02 0.419
N:12 Run:7 0.0423525 0.043753 0.0508708 0.064638 0.0659518 0.0589338 0.0563401 0.0553437 0.0501436 0.0561295 0.0533296 0.05526 0.0614229 0.0513636 0.0491722 0.0478987 0.0471633 0.0478399 0.0501346 0.0481086 0.0514717 1.218923e-02 0.419
N:12 Run:8 0.0603587 0.0677143 0.0656527 0.0638417 0.0604 0.0588158 0.0617465 0.0621208 0.0562223 0.059214 0.0639824 0.0830289 0.111912 0.138819 0.131808 0.119118 0.0927419 0.081965 0.0720943 0.059391 0.0531559 1.218923e-02 0.419
N:12 Run:9 0.0287749 0.0500422 0.0564717 0.0563929 0.0540466 0.0572743 0.0548541 0.0513552 0.052505 0.0534567 0.0543427 0.0511842 0.0467658 0.0440245 0.0483981 0.05118 0.0539637 0.0571896 0.0547756 0.0527164 0.0489646 1.218923e-02 0.419
N:13 Run:0 0.0749602 0.0596504 0.0555547 0.054834 0.0511941 0.0470536 0.0577126 0.0528661 0.049604 0.0477896 0.0493032 0.046099 0.053167 0.0510922 0.0506002 0.055229 0.0589063 0.0504982 0.0533799 0.0509172 0.0480154 1.219928e-02 0.419
N:13 Run:1 0.038129 0.0453329 0.0431517 0.0565068 0.0557113 0.0512209 0.0462395 0.0513381 0.0544392 0.0602546 0.0677448 0.101056 0.175277 0.204149 0.15174 0.114903 0.0872469 0.0698968 0.0573144 0.0545714 0.0541404 1.219928e-02 0.419
N:13 Run:2 0.0317323 0.0491974 0.0531339 0.0527991 0.0498603 0.0658285 0.0646834 0.0575179 0.0514831 0.0485625 0.0487309 0.0529281 0.0605538 0.054328 0.0558052 0.0558371 0.0542092 0.0495218 0.0476042 0.0459991 0.0467631 1.219928e-02 0.419
N:13 Run:3 0.0583031 0.0512559 0.0523825 0.0656469 0.0588449 0.0621479 0.0570055 0.0540595 0.0601279 0.0561083 0.0574184 0.0530837 0.0679648 0.0604518 0.0720713 0.079895 0.0674543 0.0722247 0.0891318 0.182607 0.340534 1.219928e-02 0.419
N:13 Run:4 0.0458247 0.0475899 0.0506721 0.0493797 0.0477009 0.0466247 0.0439217 0.0449607 0.0423227 0.0412532 0.0446613 0.0432096 0.0495811 0.0514375 0.0574276 0.0573395 0.057589 0.0579152 0.0568639 0.0590022 0.0719628 1.219928e-02 0.419
N:13 Run:5 0.0767648 0.0647874 0.0591847 0.0522651 0.0496897 0.0504922 0.0461331 0.0527446 0.0475877 0.048494 0.0511839 0.0506561 0.0550725 0.0595202 0.060832 0.059007 0.0641258 0.0772837 0.0765793 0.0655415 0.0576248 1.219928e-02 0.419
N:13 Run:6 0.083396 0.0673524 0.055575 0.0586773 0.0520457 0.0579478 0.056762 0.0567381 0.0529865 0.0504549 0.047866 0.0500251 0.0472195 0.0498404 0.0521891 0.0535603 0.0609445 0.0602871 0.0572317 0.0600816 0.0610749 1.219928e-02 0.419
N:13 Run:7 0.0423525 0.043753 0.0508708 0.064638 0.0659518 0.0589338 0.0563401 0.0553437 0.0501436 0.0561295 0.0533296 0.05526 0.0614229 0.0513636 0.0491722 0.0478987 0.0471633 0.0478399 0.0501346 0.0481086 0.0514717 1.219928e-02 0.419
N:13 Run:8 0.0603587 0.0677143 0.0656527 0.0638417 0.0604 0.0588158 0.0617465 0.0621208 0.0562223 0.059214 0.0639824 0.0830289 0.111912 0.138819 0.131808 0.119118 0.0927419 0.081965 0.0720943 0.059391 0.0531559 1.219928e-02 0.419
N:13 Run:9 0.0287749 0.0500422 0.0564717 0.0563929 0.0540466 0.0572743 0.0548541 0.0513552 0.052505 0.0534567 0.0543427 0.0511842 0.0467658 0.0440245 0.0483981 0.05118 0.0539637 0.0571896 0.0547756 0.0527164 0.0489646 1.219928e-02 0.419
N:14 Run:0 0.0749602 0.0596504 0.0555547 0.054834 0.0511941 0.0470536 0.0577126 0.0528661 0.049604 0.0477896 0.0493032 0.046099 0.053167 0.0510922 0.0506002 0.055229 0.0589063 0.0504982 0.0533799 0.0509172 0.0480154 1.221238e-02 0.419
N:14 Run:1 0.038129 0.0453329 0.0431517 0.0565068 0.0557113 0.0512209 0.0462395 0.0513381 0.0544392 0.0602546 0.0677448 0.101056 0.175277 0.204149 0.15174 0.114903 0.0872469 0.0698968 0.0573144 0.0545714 0.0541404 1.221238e-02 0.419
N:14 Run:2 0.0317323 0.0491974 0.0531339 0.0527991 0.0498603 0.0658285 0.0646834 0.0575179 0.0514831 0.0485625 0.0487309 0.0529281 0.0605538 0.054328 0.0558052 0.0558371 0.0542092 0.0495218 0.0476042 0.0459991 0.0467631 1.221238e-02 0.419
N:14 Run:3 0.0583031 0.0512559 0.0523825 0.0656469 0.0588449 0.0621479 0.0570055 0.0540595 0.0601279 0.0561083 0.0574184 0.0530837 0.0679648 0.0604518 0.0720713 0.079895 0.0674543 0.0722247 0.0891318 0.182607 0.340534 1.221238e-02 0.419
N:14 Run:4 0.0458247 0.0475899 0.0506721 0.0493797 0.0477009 0.0466247 0.0439217 0.0449607 0.0423227 0.0412532 0.0446613 0.0432096 0.0495811 0.0514375 0.0574276 0.0573395 0.057589 0.0579152 0.0568639 0.0590022 0.0719628 1.221238e-02 0.419
N:14 Run:5 0.0767648 0.0647874 0.0591847 0.0522651 0.0496897 0.0504922 0.0461331 0.0527446 0.0475877 0.048494 0.0511839 0.0506561 0.0550725 0.0595202 0.060832 0.059007 0.0641258 0.0772837 0.0765793 0.0655415 0.0576248 1.221238e-02 0.419
N:14 Run:6 0.083396 0.0673524 0.055575 0.0586773 0.0520457 0.0579478 0.056762 0.0567381 0.0529865 0.0504549 0.047866 0.0500251 0.0472195 0.0498404 0.0521891 0.0535603 0.0609445 0.0602871 0.0572317 0.0600816 0.0610749 1.221238e-02 0.419
N:14 Run:7 0.0423525 0.043753 0.0508708 0.064638 0.0659518 0.0589338 0.0563401 0.0553437 0.0501436 0.0561295 0.0533296 0.05526 0.0614229 0.0513636 0.0491722 0.0478987 0.0471633 0.0478399 0.0501346 0.0481086 0.0514717 1.221238e-02 0.419
N:14 Run:8 0.0603587 0.0677143 0.0656527 0.0638417 0.0604 0.0588158 0.0617465 0.0621208 0.0562223 0.059214 0.0639824 0.0830289 0.111912 0.138819 0.131808 0.119118 0.0927419 0.081965 0.0720943 0.059391 0.0531559 1.221238e-02 0.419
N:14 Run:9 0.0287749 0.0500422 0.0564717 0.0563929 0.0540466 0.0572743 0.0548541 0.0513552 0.052505 0.0534567 0.0543427 0.0511842 0.0467658 0.0440245 0.0483981 0.05118 0.0539637 0.0571896 0.0547756 0.0527164 0.0489646 1.221238e-02 0.419
N:15 Run:0 0.0749602 0.0596504 0.0555547 0.054834 0.0511941 0.0470536 0.0577126 0.0528661 0.049604 0.0477896 0.0493032 0.046099 0.053167 0.0510922 0.0506002 0.055229 0.0589063 0.0504982 0.0533799 0.0509172 0.0480154 1.232164e-02 0.419
N:15 Run:1 0.038129 0.0453329 0.0431517 0.0565068 0.0557113 0.0512209 0.0462395 0.0513381 0.0544392 0.0602546 0.0677448 0.101056 0.175277 0.204149 0.15174 0.114903 0.0872469 0.0698968 0.0573144 0.0545714 0.0541404 1.232164e-02 0.419
N:15 Run:2 0.0317323 0.0491974 0.0531339 0.0527991 0.0498603 0.0658285 0.0646834 0.0575179 0.0514831 0.0485625 0.0487309 0.0529281 0.0605538 0.054328 0.0558052 0.0558371 0.0542092 0.0495218 0.0476042 0.0459991 0.0467631 1.232164e-02 0.419
N:15 Run:3 0.0583031 0.0512559 0.0523825 0.0656469 0.0588449 0.0621479 0.0570055 0.0540595 0.0601279 0.0561083 0.0574184 0.0530837 0.0679648 0.0604518 0.0720713 0.079895 0.0674543 0.0722247 0.0891318 0.182607 0.340534 1.232164e-02 0.419
N:15 Run:4 0.0458247 0.0475899 0.0506721 0.0493797 0.0477009 0.0466247 0.0439217 0.0449607 0.0423227 0.0412532 0.0446613 0.0432096 0.0495811 0.0514375 0.0574276 0.0573395 0.057589 0.0579152 0.0568639 0.0590022 0.0719628 1.232164e-02 0.419
N:15 Run:5 0.0767648 0.0647874 0.0591847 0.0522651 0.0496897 0.0504922 0.0461331 0.0527446 0.0475877 0.048494 0.0511839 0.0506561 0.0550725 0.0595202 0.060832 0.059007 0.0641258 0.0772837 0.0765793 0.0655415 0.0576248 1.232164e-02 0.419
N:15 Run:6 0.083396 0.0673524 0.055575 0.0586773 0.0520457 0.0579478 0.056762 0.0567381 0.0529865 0.0504549 0.047866 0.0500251 0.0472195 0.0498404 0.0521891 0.0535603 0.0609445 0.0602871 0.0572317 0.0600816 0.0610749 1.232164e-02 0.419
N:15 Run:7 0.0423525 0.043753 0.0508708 0.064638 0.0659518 0.0589338 0.0563401 0.0553437 0.0501436 0.0561295 0.0533296 0.05526 0.0614229 0.0513636 0.0491722 0.0478987 0.0471633 0.0478399 0.0501346 0.0481086 0.0514717 1.232164e-02 0.419
N:15 Run:8 0.0603587 0.0677143 0.0656527 0.0638417 0.0604 0.0588158 0.0617465 0.0621208 0.0562223 0.059214 0.0639824 0.0830289 0.111912 0.138819 0.131808 0.119118 0.0927419 0.081965 0.0720943 0.059391 0.0531559 1.232164e-02 0.419
N:15 Run:9 0.0287749 0.0500422 0.0564717 0.0563929 0.0540466 0.0572743 0.0548541 0.0513552 0.052505 0.0534567 0.0543427 0.0511842 0.0467658 0.0440245 0.0483981 0.05118 0.0539637 0.0571896 0.0547756 0.0527164 0.0489646 1.232164e-02 0.419
N:16 Run:0 0.0749602 0.0596504 0.0555547 0.054834 0.0511941 0.0470536 0.0577126 0.0528661 0.049604 0.0477896 0.0493032 0.046099 0.053167 0.0510922 0.0506002 0.055229 0.0589063 0.0504982 0.0533799 0.0509172 0.0480154 1.207355e-02 0.419
N:16 Run:1 0.038129 0.0453329 0.0431517 0.0565068 0.0557113 0.0512209 0.0462395 0.0513381 0.0544392 0.0602546 0.0677448 0.101056 0.175277 0.204149 0.15174 0.114903 0.0872469 0.0698968 0.0573144 0.0545714 0.0541404 1.207355e-02 0.419
N:16 Run:2 0.0317323 0.0491974 0.0531339 0.0527991 0.0498603 0.0658285 0.0646834 0.0575179 0.0514831 0.0485625 0.0487309 0.0529281 0.0605538 0.054328 0.0558052 0.0558371 0.0542092 0.0495218 0.0476042 0.0459991 0.0467631 1.207355e-02 0.419
N:16 Run:3 0.0583031 0.0512559 0.0523825 0.0656469 0.0588449 0.0621479 0.0570055 0.0540595 0.0601279 0.0561083 0.0574184 0.0530837 0.0679648 0.0604518 0.0720713 0.079895 0.0674543 0.0722247 0.0891318 0.182607 0.340534 1.207355e-02 0.419
N:16 Run:4 0.0458247 0.0475899 0.0506721 0.0493797 0.0477009 0.0466247 0.0439217 0.0449607 0.0423227 0.0412532 0.0446613 0.0432096 0.0495811 0.0514375 0.0574276 0.0573395 0.057589 0.0579152 0.0568639 0.0590022 0.0719628 1.207355e-02 0.419
N:16 Run:5 0.0767648 0.0647874 0.0591847 0.0522651 0.0496897 0.0504922 0.0461331 0.0527446 0.0475877 0.048494 0.0511839 0.0506561 0.0550725 0.0595202 0.060832 0.059007 0.0641258 0.0772837 0.0765793 0.0655415 0.0576248 1.207355e-02 0.419
N:16 Run:6 0.083396 0.0673524 0.055575 0.0586773 0.0520457 0.0579478 0.056762 0.0567381 0.0529865 0.0504549 0.047866 0.0500251 0.0472195 0.0498404 0.0521891 0.0535603 0.0609445 0.0602871 0.0572317 0.0600816 0.0610749 1.207355e-02 0.419
N:16 Run:7 0.0423525 0.043753 0.0508708 0.064638 0.0659518 0.0589338 0.0563401 0.0553437 0.0501436 0.0561295 0.0533296 0.05526 0.0614229 0.0513636 0.0491722 0.0478987 0.0471633 0.0478399 0.0501346 0.0481086 0.0514717 1.207355e-02 0.419
N:16 Run:8 0.0603587 0.0677143 0.0656527 0.0638417 0.0604 0.0588158 0.0617465 0.0621208 0.0562223 0.059214 0.0639824 0.0830289 0.111912 0.138819 0.131808 0.119118 0.0927419 0.081965 0.0720943 0.059391 0.0531559 1.207355e-02 0.419
N:16 Run:9 0.0287749 0.0500422 0.0564717 0.0563929 0.0540466 0.0572743 0.0548541 0.0513552 0.052505 0.0534567 0.0543427 0.0511842 0.0467658 0.0440245 0.0483981 0.05118 0.0539637 0.0571896 0.0547756 0.0527164 0.0489646 1.207355e-02 0.419
N:17 Run:0 0.0749602 0.0596504 0.0555547 0.054834 0.0511941 0.0470536 0.0577126 0.0528661 0.049604 0.0477896 0.0493032 0.046099 0.053167 0.0510922 0.0506002 0.055229 0.0589063 0.0504982 0.0533799 0.0509172 0.0480154 1.214092e-02 0.419
N:17 Run:1 0.038129 0.0453329 0.0431517 0.0565068 0.0557113 0.0512209 0.0462395 0.0513381 0.0544392 0.0602546 0.0677448 0.101056 0.175277 0.204149 0.15174 0.114903 0.0872469 0.0698968 0.0573144 0.0545714 0.0541404 1.214092e-02 0.419
N:17 Run:2 0.0317323 0.0491974 0.0531339 0.0527991 0.0498603 0.0658285 0.0646834 0.0575179 0.0514831 0.0485625 0.0487309 0.0529281 0.0605538 0.054328 0.0558052 0.0558371 0.0542092 0.0495218 0.0476042 0.0459991 0.0467631 1.214092e-02 0.419
N:17 Run:3 0.0583031 0.0512559 0.0523825 0.0656469 0.0588449 0.0621479 0.0570055 0.0540595 0.0601279 0.0561083 0.0574184 0.0530837 0.0679648 0.0604518 0.0720713 0.079895 0.0674543 0.0722247 0.0891318 0.182607 0.340534 1.214092e-02 0.419
N:17 Run:4 0.0458247 0.0475899 0.0506721 0.0493797 0.0477009 0.0466247 0.0439217 0.0449607 0.0423227 0.0412532 0.0446613 0.0432096 0.0495811 0.0514375 0.0574276 0.0573395 0.057589 0.0579152 0.0568639 0.0590022 0.0719628 1.214092e-02 0.419
N:17 Run:5 0.0767648 0.0647874 0.0591847 0.0522651 0.0496897 0.0504922 0.0461331 0.0527446 0.0475877 0.048494 0.0511839 0.0506561 0.0550725 0.0595202 0.060832 0.059007 0.0641258 0.0772837 0.0765793 0.0655415 0.0576248 1.214092e-02 0.419
N:17 Run:6 0.083396 0.0673524 0.055575 0.0586773 0.0520457 0.0579478 0.056762 0.0567381 0.0529865 0.0504549 0.047866 0.0500251 0.0472195 0.0498404 0.0521891 0.0535603 0.0609445 0.0602871 0.0572317 0.0600816 0.0610749 1.214092e-02 0.419
N:17 Run:7 0.0423525 0.043753 0.0508708 0.064638 0.0659518 0.0589338 0.0563401 0.0553437 0.0501436 0.0561295 0.0533296 0.05526 0.0614229 0.0513636 0.0491722 0.0478987 0.0471633 0.0478399 0.0501346 0.0481086 0.0514717 1.214092e-02 0.419
N:17 Run:8 0.0603587 0.0677143 0.0656527 0.0638417 0.0604 0.0588158 0.0617465 0.0621208 0.0562223 0.059214 0.0639824 0.0830289 0.111912 0.138819 0.131808 0.119118 0.0927419 0.081965 0.0720943 0.059391 0.0531559 1.214092e-02 0.419
N:17 Run:9 0.0287749 0.0500422 0.0564717 0.0563929 0.0540466 0.0572743 0.0548541 0.0513552 0.052505 0.0534567 0.0543427 0.0511842 0.0467658 0.0440245 0.0483981 0.05118 0.0539637 0.0571896 0.0547756 0.0527164 0.0489646 1.214092e-02 0.419
N:18 Run:0 0.0749602 0.0596504 0.0555547 0.054834 0.0511941 0.0470536 0.0577126 0.0528661 0.049604 0.0477896 0.0493032 0.046099 0.053167 0.0510922 0.0506002 0.055229 0.0589063 0.0504982 0.0533799 0.0509172 0.0480154 1.201295e-02 0.419
N:18 Run:1 0.038129 0.0453329 0.0431517 0.0565068 0.0557113 0.0512209 0.0462395 0.0513381 0.0544392 0.0602546 0.0677448 0.101056 0.175277 0.204149 0.15174 0.114903 0.0872469 0.0698968 0.0573144 0.0545714 0.0541404 1.201295e-02 0.419
N:18 Run:2 0.0317323 0.0491974 0.0531339 0.0527991 0.0498603 0.0658285 0.0646834 0.0575179 0.0514831 0.0485625 0.0487309 0.0529281 0.0605538 0.054328 0.0558052 0.0558371 0.0542092 0.0495218 0.0476042 0.0459991 0.0467631 1.201295e-02 0.419
N:18 Run:3 0.0583031 0.0512559 0.0523825 0.0656469 0.0588449 0.0621479 0.0570055 0.0540595 0.0601279 0.0561083 0.0574184 0.0530837 0.0679648 0.0604518 0.0720713 0.079895 0.0674543 0.0722247 0.0891318 0.182607 0.340534 1.201295e-02 0.419
N:18 Run:4 0.0458247 0.0475899 0.0506721 0.0493797 0.0477009 0.0466247 0.0439217 0.0449607 0.0423227 0.0412532 0.0446613 0.0432096 0.0495811 0.0514375 0.0574276 0.0573395 0.057589 0.0579152 0.0568639 0.0590022 0.0719628 1.201295e-02 0.419
N:18 Run:5 0.0767648 0.0647874 0.0591847 0.0522651 0.0496897 0.0504922 0.0461331 0.0527446 0.0475877 0.048494 0.0511839 0.0506561 0.0550725 0.0595202 0.060832 0.059007 0.0641258 0.0772837 0.0765793 0.0655415 0.0576248 1.201295e-02 0.419
N:18 Run:6 0.083396 0.0673524 0.055575 0.0586773 0.0520457 0.0579478 0.056762 0.0567381 0.0529865 0.0504549 0.047866 0.0500251 0.0472195 0.0498404 0.0521891 0.0535603 0.0609445 0.0602871 0.0572317 0.0600816 0.0610749 1.201295e-02 0.419
N:18 Run:7 0.0423525 0.043753 0.0508708 0.064638 0.0659518 0.0589338 0.0563401 0.0553437 0.0501436 0.0561295 0.0533296 0.05526 0.0614229 0.0513636 0.0491722 0.0478987 0.0471633 0.0478399 0.0501346 0.0481086 0.0514717 1.201295e-02 0.419
N:18 Run:8 0.0603587 0.0677143 0.0656527 0.0638417 0.0604 0.0588158 0.0617465 0.0621208 0.0562223 0.059214 0.0639824 0.0830289 0.111912 0.138819 0.131808 0.119118 0.0927419 0.081965 0.0720943 0.059391 0.0531559 1.201295e-02 0.419
N:18 Run:9 0.0287749 0.0500422 0.0564717 0.0563929 0.0540466 0.0572743 0.0548541 0.0513552 0.052505 0.0534567 0.0543427 0.0511842 0.0467658 0.0440245 0.0483981 0.05118 0.0539637 0.0571896 0.0547756 0.0527164 0.0489646 1.201295e-02 0.419
N:19 Run:0 0.0749602 0.0596504 0.0555547 0.054834 0.0511941 0.0470536 0.0577126 0.0528661 0.049604 0.0477896 0.0493032 0.046099 0.053167 0.0510922 0.0506002 0.055229 0.0589063 0.0504982 0.0533799 0.0509172 0.0480154 1.246257e-02 0.419
N:19 Run:1 0.038129 0.0453329 0.0431517 0.0565068 0.0557113 0.0512209 0.0462395 0.0513381 0.0544392 0.0602546 0.0677448 0.101056 0.175277 0.204149 0.15174 0.114903 0.0872469 0.0698968 0.0573144 0.0545714 0.0541404 1.246257e-02 0.419
N:19 Run:2 0.0317323 0.0491974 0.0531339 0.0527991 0.0498603 0.0658285 0.0646834 0.0575179 0.0514831 0.0485625 0.0487309 0.0529281 0.0605538 0.054328 0.0558052 0.0558371 0.0542092 0.0495218 0.0476042 0.0459991 0.0467631 1.246257e-02 0.419
N:19 Run:3 0.0583031 0.0512559 0.0523825 0.0656469 0.0588449 0.0621479 0.0570055 0.0540595 0.0601279 0.0561083 0.0574184 0.0530837 0.0679648 0.0604518 0.0720713 0.079895 0.0674543 0.0722247 0.0891318 0.182607 0.340534 1.246257e-02 0.419
N:19 Run:4 0.0458247 0.0475899 0.0506721 0.0493797 0.0477009 0.0466247 0.0439217 0.0449607 0.0423227 0.0412532 0.0446613 0.0432096 0.0495811 0.0514375 0.0574276 0.0573395 0.057589 0.0579152 0.0568639 0.0590022 0.0719628 1.246257e-02 0.419
N:19 Run:5 0.0767648 0.0647874 0.0591847 0.0522651 0.0496897 0.0504922 0.0461331 0.0527446 0.0475877 0.048494 0.0511839 0.0506561 0.0550725 0.0595202 0.060832 0.059007 0.0641258 0.0772837 0.0765793 0.0655415 0.0576248 1.246257e-02 0.419
N:19 Run:6 0.083396 0.0673524 0.055575 0.0586773 0.0520457 0.0579478 0.056762 0.0567381 0.0529865 0.0504549 0.047866 0.0500251 0.0472195 0.0498404 0.0521891 0.0535603 0.0609445 0.0602871 0.0572317 0.0600816 0.0610749 1.246257e-02 0.419
N:19 Run:7 0.0423525 0.043753 0.0508708 0.064638 0.0659518 0.0589338 0.0563401 0.0553437 0.0501436 0.0561295 0.0533296 0.05526 0.0614229 0.0513636 0.0491722 0.0478987 0.0471633 0.0478399 0.0501346 0.0481086 0.0514717 1.246257e-02 0.419
N:19 Run:8 0.0603587 0.0677143 0.0656527 0.0638417 0.0604 0.0588158 0.0617465 0.0621208 0.0562223 0.059214 0.0639824 0.0830289 0.111912 0.138819 0.131808 0.119118 0.0927419 0.081965 0.0720943 0.059391 0.0531559 1.246257e-02 0.419
N:19 Run:9 0.0287749 0.0500422 0.0564717 0.0563929 0.0540466 0.0572743 0.0548541 0.0513552 0.052505 0.0534567 0.0543427 0.0511842 0.0467658 0.0440245 0.0483981 0.05118 0.0539637 0.0571896 0.0547756 0.0527164 0.0489646 1.246257e-02 0.419
N:20 Run:0 0.0749602 0.0596504 0.0555547 0.054834 0.0511941 0.0470536 0.0577126 0.0528661 0.049604 0.0477896 0.0493032 0.046099 0.053167 0.0510922 0.0506002 0.055229 0.0589063 0.0504982 0.0533799 0.0509172 0.0480154 1.223160e-02 0.419
N:20 Run:1 0.038129 0.0453329 0.0431517 0.0565068 0.0557113 0.0512209 0.0462395 0.0513381 0.0544392 0.0602546 0.0677448 0.101056 0.175277 0.204149 0.15174 0.114903 0.0872469 0.0698968 0.0573144 0.0545714 0.0541404 1.223160e-02 0.419
N:20 Run:2 0.0317323 0.0491974 0.0531339 0.0527991 0.0498603 0.0658285 0.0646834 0.0575179 0.0514831 0.0485625 0.0487309 0.0529281 0.0605538 0.054328 0.0558052 0.0558371 0.0542092 0.0495218 0.0476042 0.0459991 0.0467631 1.223160e-02 0.419
N:20 Run:3 0.0583031 0.0512559 0.0523825 0.0656469 0.0588449 0.0621479 0.0570055 0.0540595 0.0601279 0.0561083 0.0574184 0.0530837 0.0679648 0.0604518 0.0720713 0.079895 0.0674543 0.0722247 0.0891318 0.182607 0.340534 1.223160e-02 0.419
N:20 Run:4 0.0458247 0.0475899 0.0506721 0.0493797 0.0477009 0.0466247 0.0439217 0.0449607 0.0423227 0.0412532 0.0446613 0.0432096 0.0495811 0.0514375 0.0574276 0.0573395 0.057589 0.0579152 0.0568639 0.0590022 0.0719628 1.223160e-02 0.419
N:20 Run:5 0.0767648 0.0647874 0.0591847 0.0522651 0.0496897 0.0504922 0.0461331 0.0527446 0.0475877 0.048494 0.0511839 0.0506561 0.0550725 0.0595202 0.060832 0.059007 0.0641258 0.0772837 0.0765793 0.0655415 0.0576248 1.223160e-02 0.419
N:20 Run:6 0.083396 0.0673524 0.055575 0.0586773 0.0520457 0.0579478 0.056762 0.0567381 0.0529865 0.0504549 0.047866 0.0500251 0.0472195 0.0498404 0.0521891 0.0535603 0.0609445 0.0602871 0.0572317 0.0600816 0.0610749 1.223160e-02 0.419
N:20 Run:7 0.0423525 0.043753 0.0508708 0.064638 0.0659518 0.0589338 0.0563401 0.0553437 0.0501436 0.0561295 0.0533296 0.05526 0.0614229 0.0513636 0.0491722 0.0478987 0.0471633 0.0478399 0.0501346 0.0481086 0.0514717 1.223160e-02 0.419
N:20 Run:8 0.0603587 0.0677143 0.0656527 0.0638417 0.0604 0.0588158 0.0617465 0.0621208 0.0562223 0.059214 0.0639824 0.0830289 0.111912 0.138819 0.131808 0.119118 0.0927419 0.081965 0.0720943 0.059391 0.0531559 1.223160e-02 0.419
N:20 Run:9 0.0287749 0.0500422 0.0564717 0.0563929 0.0540466 0.0572743 0.0548541 0.0513552 0.052505 0.0534567 0.0543427 0.0511842 0.0467658 0.0440245 0.0483981 0.05118 0.0539637 0.0571896 0.0547756 0.0527164 0.0489646 1.223160e-02 0.419
N:21 Run:0 0.0749602 0.0596504 0.0555547 0.054834 0.0511941 0.0470536 0.0577126 0.0528661 0.049604 0.0477896 0.0493032 0.046099 0.053167 0.0510922 0.0506002 0.055229 0.0589063 0.0504982 0.0533799 0.0509172 0.0480154 1.216825e-02 0.419
N:21 Run:1 0.038129 0.0453329 0.0431517 0.0565068 0.0557113 0.0512209 0.0462395 0.0513381 0.0544392 0.0602546 0.0677448 0.101056 0.175277 0.204149 0.15174 0.114903 0.0872469 0.0698968 0.0573144 0.0545714 0.0541404 1.216825e-02 0.419
N:21 Run:2 0.0317323 0.0491974 0.0531339 0.0527991 0.0498603 0.0658285 0.0646834 0.0575179 0.0514831 0.0485625 0.0487309 0.0529281 0.0605538 0.054328 0.0558052 0.0558371 0.0542092 0.0495218 0.0476042 0.0459991 0.0467631 1.216825e-02 0.419
N:21 Run:3 0.0583031 0.0512559 0.0523825 0.0656469 0.0588449 0.0621479 0.0570055 0.0540595 0.0601279 0.0561083 0.0574184 0.0530837 0.0679648 0.0604518 0.0720713 0.079895 0.0674543 0.0722247 0.0891318 0.182607 0.340534 1.216825e-02 0.419
N:21 Run:4 0.0458247 0.0475899 0.0506721 0.0493797 0.0477009 0.0466247 0.0439217 0.0449607 0.0423227 0.0412532 0.0446613 0.0432096 0.0495811 0.0514375 0.0574276 0.0573395 0.057589 0.0579152 0.0568639 0.0590022 0.0719628 1.216825e-02 0.419
N:21 Run:5 0.0767648 0.0647874 0.0591847 0.0522651 0.0496897 0.0504922 0.0461331 0.0527446 0.0475877 0.048494 0.0511839 0.0506561 0.0550725 0.0595202 0.060832 0.059007 0.0641258 0.0772837 0.0765793 0.0655415 0.0576248 1.216825e-02 0.419
N:21 Run:6 0.083396 0.0673524 0.055575 0.0586773 0.0520457 0.0579478 0.056762 0.0567381 0.0529865 0.0504549 0.047866 0.0500251 0.0472195 0.0498404 0.0521891 0.0535603 0.0609445 0.0602871 0.0572317 0.0600816 0.0610749 1.216825e-02 0.419
N:21 Run:7 0.0423525 0.043753 0.0508708 0.064638 0.0659518 0.0589338 0.0563401 0.0553437 0.0501436 0.0561295 0.0533296 0.05526 0.0614229 0.0513636 0.0491722 0.0478987 0.0471633 0.0478399 0.0501346 0.0481086 0.0514717 1.216825e-02 0.419
N:21 Run:8 0.0603587 0.0677143 0.0656527 0.0638417 0.0604 0.0588158 0.0617465 0.0621208 0.0562223 0.059214 0.0639824 0.0830289 0.111912 0.138819 0.131808 0.119118 0.0927419 0.081965 0.0720943 0.059391 0.0531559 1.216825e-02 0.419
N:21 Run:9 0.0287749 0.0500422 0.0564717 0.0563929 0.0540466 0.0572743 0.0548541 0.0513552 0.052505 0.0534567 0.0543427 0.0511842 0.0467658 0.0440245 0.0483981 0.05118 0.0539637 0.0571896 0.0547756 0.0527164 0.0489646 1.216825e-02 0.419
N:22 Run:0 0.0749602 0.0596504 0.0555547 0.054834 0.0511941 0.0470536 0.0577126 0.0528661 0.049604 0.0477896 0.0493032 0.046099 0.053167 0.0510922 0.0506002 0.055229 0.0589063 0.0504982 0.0533799 0.0509172 0.0480154 1.204407e-02 0.419
N:22 Run:1 0.038129 0.0453329 0.0431517 0.0565068 0.0557113 0.0512209 0.0462395 0.0513381 0.0544392 0.0602546 0.0677448 0.101056 0.175277 0.204149 0.15174 0.114903 0.0872469 0.0698968 0.0573144 0.0545714 0.0541404 1.204407e-02 0.419
N:22 Run:2 0.0317323 0.0491974 0.0531339 0.0527991 0.0498603 0.0658285 0.0646834 0.0575179 0.0514831 0.0485625 0.0487309 0.0529281 0.0605538 0.054328 0.0558052 0.0558371 0.0542092 0.0495218 0.0476042 0.0459991 0.0467631 1.204407e-02 0.419
N:22 Run:3 0.0583031 0.0512559 0.0523825 0.0656469 0.0588449 0.0621479 0.0570055 0.0540595 0.0601279 0.0561083 0.0574184 0.0530837 0.0679648 0.0604518 0.0720713 0.079895 0.0674543 0.0722247 0.0891318 0.182607 0.340534 1.204407e-02 0.419
N:22 Run:4 0.0458247 0.0475899 0.0506721 0.0493797 0.0477009 0.0466247 0.0439217 0.0449607 0.0423227 0.0412532 0.0446613 0.0432096 0.0495811 0.0514375 0.0574276 0.0573395 0.057589 0.0579152 0.0568639 0.0590022 0.0719628 1.204407e-02 0.419
N:22 Run:5 0.0767648 0.0647874 0.0591847 0.0522651 0.0496897 0.0504922 0.0461331 0.0527446 0.0475877 0.048494 0.0511839 0.0506561 0.0550725 0.0595202 0.060832 0.059007 0.0641258 0.0772837 0.0765793 0.0655415 0.0576248 1.204407e-02 0.419
N:22 Run:6 0.083396 0.0673524 0.055575 0.0586773 0.0520457 0.0579478 0.056762 0.0567381 0.0529865 0.0504549 0.047866 0.0500251 0.0472195 0.0498404 0.0521891 0.0535603 0.0609445 0.0602871 0.0572317 0.0600816 0.0610749 1.204407e-02 0.419
N:22 Run:7 0.0423525 0.043753 0.0508708 0.064638 0.0659518 0.0589338 0.0563401 0.0553437 0.0501436 0.0561295 0.0533296 0.05526 0.0614229 0.0513636 0.0491722 0.0478987 0.0471633 0.0478399 0.0501346 0.0481086 0.0514717 1.204407e-02 0.419
N:22 Run:8 0.0603587 0.0677143 0.0656527 0.0638417 0.0604 0.0588158 0.0617465 0.0621208 0.0562223 0.059214 0.0639824 0.0830289 0.111912 0.138819 0.131808 0.119118 0.0927419 0.081965 0.0720943 0.059391 0.0531559 1.204407e-02 0.419
N:22 Run:9 0.0287749 0.0500422 0.0564717 0.0563929 0.0540466 0.0572743 0.0548541 0.0513552 0.052505 0.0534567 0.0543427 0.0511842 0.0467658 0.0440245 0.0483981 0.05118 0.0539637 0.0571896 0.0547756 0.0527164 0.0489646 1.204407e-02 0.419
N:23 Run:0 0.0749602 0.0596504 0.0555547 0.054834 0.0511941 0.0470536 0.0577126 0.0528661 0.049604 0.0477896 0.0493032 0.046099 0.053167 0.0510922 0.0506002 0.055229 0.0589063 0.0504982 0.0533799 0.0509172 0.0480154 1.227123e-02 0.419
N:23 Run:1 0.038129 0.0453329 0.0431517 0.0565068 0.0557113 0.0512209 0.0462395 0.0513381 0.0544392 0.0602546 0.0677448 0.101056 0.175277 0.204149 0.15174 0.114903 0.0872469 0.0698968 0.0573144 0.0545714 0.0541404 1.227123e-02 0.419
N:23 Run:2 0.0317323 0.0491974 0.0531339 0.0527991 0.0498603 0.0658285 0.0646834 0.0575179 0.0514831 0.0485625 0.0487309 0.0529281 0.0605538 0.054328 0.0558052 0.0558371 0.0542092 0.0495218 0.0476042 0.0459991 0.0467631 1.227123e-02 0.419
N:23 Run:3 0.0583031 0.0512559 0.0523825 0.0656469 0.0588449 0.0621479 0.0570055 0.0540595 0.0601279 0.0561083 0.0574184 0.0530837 0.0679648 0.0604518 0.0720713 0.079895 0.0674543 0.0722247 0.0891318 0.182607 0.340534 1.227123e-02 0.419
N:23 Run:4 0.0458247 0.0475899 0.0506721 0.0493797 0.0477009 0.0466247 0.0439217 0.0449607 0.0423227 0.0412532 0.0446613 0.0432096 0.0495811 0.0514375 0.0574276 0.0573395 0.057589 0.0579152 0.0568639 0.0590022 0.0719628 1.227123e-02 0.419
N:23 Run:5 0.0767648 0.0647874 0.0591847 0.0522651 0.0496897 0.0504922 0.0461331 0.0527446 0.0475877 0.048494 0.0511839 0.0506561 0.0550725 0.0595202 0.060832 0.059007 0.0641258 0.0772837 0.0765793 0.0655415 0.0576248 1.227123e-02 0.419
N:23 Run:6 0.083396 0.0673524 0.055575 0.0586773 0.0520457 0.0579478 0.056762 0.0567381 0.0529865 0.0504549 0.047866 0.0500251 0.0472195 0.0498404 0.0521891 0.0535603 0.0609445 0.0602871 0.0572317 0.0600816 0.0610749 1.227123e-02 0.419
N:23 Run:7 0.0423525 0.043753 0.0508708 0.064638 0.0659518 0.0589338 0.0563401 0.0553437 0.0501436 0.0561295 0.0533296 0.05526 0.0614229 0.0513636 0.0491722 0.0478987 0.0471633 0.0478399 0.0501346 0.0481086 0.0514717 1.227123e-02 0.419
N:23 Run:8 0.0603587 0.0677143 0.0656527 0.0638417 0.0604 0.0588158 0.0617465 0.0621208 0.0562223 0.059214 0.0639824 0.0830289 0.111912 0.138819 0.131808 0.119118 0.0927419 0.081965 0.0720943 0.059391 0.0531559 1.227123e-02 0.419
N:23 Run:9 0.0287749 0.0500422 0.0564717 0.0563929 0.0540466 0.0572743 0.0548541 0.0513552 0.052505 0.0534567 0.0543427 0.0511842 0.0467658 0.0440245 0.0483981 0.05118 0.0539637 0.0571896 0.0547756 0.0527164 0.0489646 1.227123e-02 0.419
N:24 Run:0 0.0749602 0.0596504 0.0555547 0.054834 0.0511941 0.0470536 0.0577126 0.0528661 0.049604 0.0477896 0.0493032 0.046099 0.053167 0.0510922 0.0506002 0.055229 0.0589063 0.0504982 0.0533799 0.0509172 0.0480154 1.212461e-02 0.419
N:24 Run:1 0.038129 0.0453329 0.0431517 0.0565068 0.0557113 0.0512209 0.0462395 0.0513381 0.0544392 0.0602546 0.0677448 0.101056 0.175277 0.204149 0.15174 0.114903 0.0872469 0.0698968 0.0573144 0.0545714 0.0541404 1.212461e-02 0.419
N:24 Run:2 0.0317323 0.0491974 0.0531339 0.0527991 0.0498603 0.0658285 0.0646834 0.0575179 0.0514831 0.0485625 0.0487309 0.0529281 0.0605538 0.054328 0.0558052 0.0558371 0.0542092 0.0495218 0.0476042 0.0459991 0.0467631 1.212461e-02 0.419
N:24 Run:3 0.0583031 0.0512559 0.0523825 0.0656469 0.0588449 0.0621479 0.0570055 0.0540595 0.0601279 0.0561083 0.0574184 0.0530837 0.0679648 0.0604518 0.0720713 0.079895 0.0674543 0.0722247 0.0891318 0.182607 0.340534 1.212461e-02 0.419
N:24 Run:4 0.0458247 0.0475899 0.0506721 0.0493797 0.0477009 0.0466247 0.0439217 0.0449607 0.0423227 0.0412532 0.0446613 0.0432096 0.0495811 0.0514375 0.0574276 0.0573395 0.057589 0.0579152 0.0568639 0.0590022 0.0719628 1.212461e-02 0.419
N:24 Run:5 0.0767648 0.0647874 0.0591847 0.0522651 0.0496897 0.0504922 0.0461331 0.0527446 0.0475877 0.048494 0.0511839 0.0506561 0.0550725 0.0595202 0.060832 0.059007 0.0641258 0.0772837 0.0765793 0.0655415 0.0576248 1.212461e-02 0.419
N:24 Run:6 0.083396 0.0673524 0.055575 0.0586773 0.0520457 0.0579478 0.056762 0.0567381 0.0529865 0.0504549 0.047866 0.0500251 0.0472195 0.0498404 0.0521891 0.0535603 0.0609445 0.0602871 0.0572317 0.0600816 0.0610749 1.212461e-02 0.419
N:24 Run:7 0.0423525 0.043753 0.0508708 0.064638 0.0659518 0.0589338 0.0563401 0.0553437 0.0501436 0.0561295 0.0533296 0.05526 0.0614229 0.0513636 0.0491722 0.0478987 0.0471633 0.0478399 0.0501346 0.0481086 0.0514717 1.212461e-02 0.419
N:24 Run:8 0.0603587 0.0677143 0.0656527 0.0638417 0.0604 0.0588158 0.0617465 0.0621208 0.0562223 0.059214 0.0639824 0.0830289 0.111912 0.138819 0.131808 0.119118 0.0927419 0.081965 0.0720943 0.059391 0.0531559 1.212461e-02 0.419
N:24 Run:9 0.0287749 0.0500422 0.0564717 0.0563929 0.0540466 0.0572743 0.0548541 0.0513552 0.052505 0.0534567 0.0543427 0.0511842 0.0467658 0.0440245 0.0483981 0.05118 0.0539637 0.0571896 0.0547756 0.0527164 0.0489646 1.212461e-02 0.419
N:25 Run:0 0.0749602 0.0596504 0.0555547 0.054834 0.0511941 0.0470536 0.0577126 0.0528661 0.049604 0.0477896 0.0493032 0.046099 0.053167 0.0510922 0.0506002 0.055229 0.0589063 0.0504982 0.0533799 0.0509172 0.0480154 1.220002e-02 0.419
N:25 Run:1 0.038129 0.0453329 0.0431517 0.0565068 0.0557113 0.0512209 0.0462395 0.0513381 0.0544392 0.0602546 0.0677448 0.101056 0.175277 0.204149 0.15174 0.114903 0.0872469 0.0698968 0.0573144 0.0545714 0.0541404 1.220002e-02 0.419
N:25 Run:2 0.0317323 0.0491974 0.0531339 0.0527991 0.0498603 0.0658285 0.0646834 0.0575179 0.0514831 0.0485625 0.0487309 0.0529281 0.0605538 0.054328 0.0558052 0.0558371 0.0542092 0.0495218 0.0476042 0.0459991 0.0467631 1.220002e-02 0.419
N:25 Run:3 0.0583031 0.0512559 0.0523825 0.0656469 0.0588449 0.0621479 0.0570055 0.0540595 0.0601279 0.0561083 0.0574184 0.0530837 0.0679648 0.0604518 0.0720713 0.079895 0.0674543 0.0722247 0.0891318 0.182607 0.340534 1.220002e-02 0.419
N:25 Run:4 0.0458247 0.0475899 0.0506721 0.0493797 0.0477009 0.0466247 0.0439217 0.0449607 0.0423227 0.0412532 0.0446613 0.0432096 0.0495811 0.0514375 0.0574276 0.0573395 0.057589 0.0579152 0.0568639 0.0590022 0.0719628 1.220002e-02 0.419
N:25 Run:5 0.0767648 0.0647874 0.0591847 0.0522651 0.0496897 0.0504922 0.0461331 0.0527446 0.0475877 0.048494 0.0511839 0.0506561 0.0550725 0.0595202 0.060832 0.059007 0.0641258 0.0772837 0.0765793 0.0655415 0.0576248 1.220002e-02 0.419
N:25 Run:6 0.083396 0.0673524 0.055575 0.0586773 0.0520457 0.0579478 0.056762 0.0567381 0.0529865 0.0504549 0.047866 0.0500251 0.0472195 0.0498404 0.0521891 0.0535603 0.0609445 0.0602871 0.0572317 0.0600816 0.0610749 1.220002e-02 0.419
N:25 Run:7 0.0423525 0.043753 0.0508708 0.064638 0.0659518 0.0589338 0.0563401 0.0553437 0.0501436 0.0561295 0.0533296 0.05526 0.0614229 0.0513636 0.0491722 0.0478987 0.0471633 0.0478399 0.0501346 0.0481086 0.0514717 1.220002e-02 0.419
N:25 Run:8 0.0603587 0.0677143 0.0656527 0.0638417 0.0604 0.0588158 0.0617465 0.0621208 0.0562223 0.059214 0.0639824 0.0830289 0.111912 0.138819 0.131808 0.119118 0.0927419 0.081965 0.0720943 0.059391 0.0531559 1.220002e-02 0.419
N:25 Run:9 0.0287749 0.0500422 0.0564717 0.0563929 0.0540466 0.0572743 0.0548541 0.0513552 0.052505 0.0534567 0.0543427 0.0511842 0.0467658 0.0440245 0.0483981 0.05118 0.0539637 0.0571896 0.0547756 0.0527164 0.0489646 1.220002e-02 0.419
N:26 Run:0 0.0749602 0.0596504 0.0555547 0.054834 0.0511941 0.0470536 0.0577126 0.0528661 0.049604 0.0477896 0.0493032 0.046099 0.053167 0.0510922 0.0506002 0.055229 0.0589063 0.0504982 0.0533799 0.0509172 0.0480154 1.224646e-02 0.419
N:26 Run:1 0.038129 0.0453329 0.0431517 0.0565068 0.0557113 0.0512209 0.0462395 0.0513381 0.0544392 0.0602546 0.0677448 0.101056 0.175277 0.204149 0.15174 0.114903 0.0872469 0.0698968 0.0573144 0.0545714 0.0541404 1.224646e-02 0.419
N:26 Run:2 0.0317323 0.0491974 0.0531339 0.0527991 0.0498603 0.0658285 0.0646834 0.0575179 0.0514831 0.0485625 0.0487309 0.0529281 0.0605538 0.054328 0.0558052 0.0558371 0.0542092 0.0495218 0.0476042 0.0459991 0.0467631 1.224646e-02 0.419
N:26 Run:3 0.0583031 0.0512559 0.0523825 0.0656469 0.0588449 0.0621479 0.0570055 0.0540595 0.0601279 0.0561083 0.0574184 0.0530837 0.0679648 0.0604518 0.0720713 0.079895 0.0674543 0.0722247 0.0891318 0.182607 0.340534 1.224646e-02 0.419
N:26 Run:4 0.0458247 0.0475899 0.0506721 0.0493797 0.0477009 0.0466247 0.0439217 0.0449607 0.0423227 0.0412532 0.0446613 0.0432096 0.0495811 0.0514375 0.0574276 0.0573395 0.057589 0.0579152 0.0568639 0.0590022 0.0719628 1.224646e-02 0.419
N:26 Run:5 0.0767648 0.0647874 0.0591847 0.0522651 0.0496897 0.0504922 0.0461331 0.0527446 0.0475877 0.048494 0.0511839 0.0506561 0.0550725 0.0595202 0.060832 0.059007 0.0641258 0.0772837 0.0765793 0.0655415 0.0576248 1.224646e-02 0.419
N:26 Run:6 0.083396 0.0673524 0.055575 0.0586773 0.0520457 0.0579478 0.056762 0.0567381 0.0529865 0.0504549 0.047866 0.0500251 0.0472195 0.0498404 0.0521891 0.0535603 0.0609445 0.0602871 0.0572317 0.0600816 0.0610749 1.224646e-02 0.419
N:26 Run:7 0.0423525 0.043753 0.0508708 0.064638 0.0659518 0.0589338 0.0563401 0.0553437 0.0501436 0.0561295 0.0533296 0.05526 0.0614229 0.0513636 0.0491722 0.0478987 0.0471633 0.0478399 0.0501346 0.0481086 0.0514717 1.224646e-02 0.419
N:26 Run:8 0.0603587 0.0677143 0.0656527 0.0638417 0.0604 0.0588158 0.0617465 0.0621208 0.0562223 0.059214 0.0639824 0.0830289 0.111912 0.138819 0.131808 0.119118 0.0927419 0.081965 0.0720943 0.059391 0.0531559 1.224646e-02 0.419
N:26 Run:9 0.0287749 0.0500422 0.0564717 0.0563929 0.0540466 0.0572743 0.0548541 0.0513552 0.052505 0.0534567 0.0543427 0.0511842 0.0467658 0.0440245 0.0483981 0.05118 0.0539637 0.0571896 0.0547756 0.0527164 0.0489646 1.224646e-02 0.419
N:27 Run:0 0.0749602 0.0596504 0.0555547 0.054834 0.0511941 0.0470536 0.0577126 0.0528661 0.049604 0.0477896 0.0493032 0.046099 0.053167 0.0510922 0.0506002 0.055229 0.0589063 0.0504982 0.0533799 0.0509172 0.0480154 1.211242e-02 0.419
N:27 Run:1 0.038129 0.0453329 0.0431517 0.0565068 0.0557113 0.0512209 0.0462395 0.0513381 0.0544392 0.0602546 0.0677448 0.101056 0.175277 0.204149 0.15174 0.114903 0.0872469 0.0698968 0.0573144 0.0545714 0.0541404 1.211242e-02 0.419
N:27 Run:2 0.0317323 0.0491974 0.0531339 0.0527991 0.0498603 0.0658285 0.0646834 0.0575179 0.0514831 0.0485625 0.0487309 0.0529281 0.0605538 0.054328 0.0558052 0.0558371 0.0542092 0.0495218 0.0476042 0.0459991 0.0467631 1.211242e-02 0.419
N:27 Run:3 0.0583031 0.0512559 0.0523825 0.0656469 0.0588449 0.0621479 0.0570055 0.0540595 0.0601279 0.0561083 0.0574184 0.0530837 0.0679648 0.0604518 0.0720713 0.079895 0.0674543 0.0722247 0.0891318 0.182607 0.340534 1.211242e-02 0.419
N:27 Run:4 0.0458247 0.0475899 0.0506721 0.0493797 0.0477009 0.0466247 0.0439217 0.0449607 0.0423227 0.0412532 0.0446613 0.0432096 0.0495811 0.0514375 0.0574276 0.0573395 0.057589 0.0579152 0.0568639 0.0590022 0.0719628 1.211242e-02 0.419
N:27 Run:5 0.0767648 0.0647874 0.0591847 0.0522651 0.0496897 0.0504922 0.0461331 0.0527446 0.0475877 0.048494 0.0511839 0.0506561 0.0550725 0.0595202 0.060832 0.059007 0.0641258 0.0772837 0.0765793 0.0655415 0.0576248 1.211242e-02 0.419
N:27 Run:6 0.083396 0.0673524 0.055575 0.0586773 0.0520457 0.0579478 0.056762 0.0567381 0.0529865 0.0504549 0.047866 0.0500251 0.0472195 0.0498404 0.0521891 0.0535603 0.0609445 0.0602871 0.0572317 0.0600816 0.0610749 1.211242e-02 0.419
N:27 Run:7 0.0423525 0.043753 0.0508708 0.064638 0.0659518 0.0589338 0.0563401 0.0553437 0.0501436 0.0561295 0.0533296 0.05526 0.0614229 0.0513636 0.0491722 0.0478987 0.0471633 0.0478399 0.0501346 0.0481086 0.0514717 1.211242e-02 0.419
N:27 Run:8 0.0603587 0.0677143 0.0656527 0.0638417 0.0604 0.0588158 0.0617465 0.0621208 0.0562223 0.059214 0.0639824 0.0830289 0.111912 0.138819 0.131808 0.119118 0.0927419 0.081965 0.0720943 0.059391 0.0531559 1.211242e-02 0.419
N:27 Run:9 0.0287749 0.0500422 0.0564717 0.0563929 0.0540466 0.0572743 0.0548541 0.0513552 0.052505 0.0534567 0.0543427 0.0511842 0.0467658 0.0440245 0.0483981 0.05118 0.0539637 0.0571896 0.0547756 0.0527164 0.0489646 1.211242e-02 0.419
N:28 Run:0 0.0749602 0.0596504 0.0555547 0.054834 0.0511941 0.0470536 0.0577126 0.0528661 0.049604 0.0477896 0.0493032 0.046099 0.053167 0.0510922 0.0506002 0.055229 0.0589063 0.0504982 0.0533799 0.0509172 0.0480154 1.200630e-02 0.419
N:28 Run:1 0.038129 0.0453329 0.0431517 0.0565068 0.0557113 0.0512209 0.0462395 0.0513381 0.0544392 0.0602546 0.0677448 0.101056 0.175277 0.204149 0.15174 0.114903 0.0872469 0.0698968 0.0573144 0.0545714 0.0541404 1.200630e-02 0.419
N:28 Run:2 0.0317323 0.0491974 0.0531339 0.0527991 0.0498603 0.0658285 0.0646834 0.0575179 0.0514831 0.0485625 0.0487309 0.0529281 0.0605538 0.054328 0.0558052 0.0558371 0.0542092 0.0495218 0.0476042 0.0459991 0.0467631 1.200630e-02 0.419
N:28 Run:3 0.0583031 0.0512559 0.0523825 0.0656469 0.0588449 0.0621479 0.0570055 0.0540595 0.0601279 0.0561083 0.0574184 0.0530837 0.0679648 0.0604518 0.0720713 0.079895 0.0674543 0.0722247 0.0891318 0.182607 0.340534 1.200630e-02 0.419
N:28 Run:4 0.0458247 0.0475899 0.0506721 0.0493797 0.0477009 0.0466247 0.0439217 0.0449607 0.0423227 0.0412532 0.0446613 0.0432096 0.0495811 0.0514375 0.0574276 0.0573395 0.057589 0.0579152 0.0568639 0.0590022 0.0719628 1.200630e-02 0.419
N:28 Run:5 0.0767648 0.0647874 0.0591847 0.0522651 0.0496897 0.0504922 0.0461331 0.0527446 0.0475877 0.048494 0.0511839 0.0506561 0.0550725 0.0595202 0.060832 0.059007 0.0641258 0.0772837 0.0765793 0.0655415 0.0576248 1.200630e-02 0.419
N:28 Run:6 0.083396 0.0673524 0.055575 0.0586773 0.0520457 0.0579478 0.056762 0.0567381 0.0529865 0.0504549 0.047866 0.0500251 0.0472195 0.0498404 0.0521891 0.0535603 0.0609445 0.0602871 0.0572317 0.0600816 0.0610749 1.200630e-02 0.419
N:28 Run:7 0.0423525 0.043753 0.0508708 0.064638 0.0659518 0.0589338 0.0563401 0.0553437 0.0501436 0.0561295 0.0533296 0.05526 0.0614229 0.0513636 0.0491722 0.0478987 0.0471633 0.0478399 0.0501346 0.0481086 0.0514717 1.200630e-02 0.419
N:28 Run:8 0.0603587 0.0677143 0.0656527 0.0638417 0.0604 0.0588158 0.0617465 0.0621208 0.0562223 0.059214 0.0639824 0.0830289 0.111912 0.138819 0.131808 0.119118 0.0927419 0.081965 0.0720943 0.059391 0.0531559 1.200630e-02 0.419
N:28 Run:9 0.0287749 0.0500422 0.0564717 0.0563929 0.0540466 0.0572743 0.0548541 0.0513552 0.052505 0.0534567 0.0543427 0.0511842 0.0467658 0.0440245 0.0483981 0.05118 0.0539637 0.0571896 0.0547756 0.0527164 0.0489646 1.200630e-02 0.419
N:29 Run:0 0.0749602 0.0596504 0.0555547 0.054834 0.0511941 0.0470536 0.0577126 0.0528661 0.049604 0.0477896 0.0493032 0.046099 0.053167 0.0510922 0.0506002 0.055229 0.0589063 0.0504982 0.0533799 0.0509172 0.0480154 1.210026e-02 0.419
N:29 Run:1 0.038129 0.0453329 0.0431517 0.0565068 0.0557113 0.0512209 0.0462395 0.0513381 0.0544392 0.0602546 0.0677448 0.101056 0.175277 0.204149 0.15174 0.114903 0.0872469 0.0698968 0.0573144 0.0545714 0.0541404 1.210026e-02 0.419
N:29 Run:2 0.0317323 0.0491974 0.0531339 0.0527991 0.0498603 0.0658285 0.0646834 0.0575179 0.0514831 0.0485625 0.0487309 0.0529281 0.0605538 0.054328 0.0558052 0.0558371 0.0542092 0.0495218 0.0476042 0.0459991 0.0467631 1.210026e-02 0.419
N:29 Run:3 0.0583031 0.0512559 0.0523825 0.0656469 0.0588449 0.0621479 0.0570055 0.0540595 0.0601279 0.0561083 0.0574184 0.0530837 0.0679648 0.0604518 0.0720713 0.079895 0.0674543 0.0722247 0.0891318 0.182607 0.340534 1.210026e-02 0.419
N:29 Run:4 0.0458247 0.0475899 0.0506721 0.0493797 0.0477009 0.0466247 0.0439217 0.0449607 0.0423227 0.0412532 0.0446613 0.0432096 0.0495811 0.0514375 0.0574276 0.0573395 0.057589 0.0579152 0.0568639 0.0590022 0.0719628 1.210026e-02 0.419
N:29 Run:5 0.0767648 0.0647874 0.0591847 0.0522651 0.0496897 0.0504922 0.0461331 0.0527446 0.0475877 0.048494 0.0511839 0.0506561 0.0550725 0.0595202 0.060832 0.059007 0.0641258 0.0772837 0.0765793 0.0655415 0.0576248 1.210026e-02 0.419
N:29 Run:6 0.083396 0.0673524 0.055575 0.0586773 0.0520457 0.0579478 0.056762 0.0567381 0.0529865 0.0504549 0.047866 0.0500251 0.0472195 0.0498404 0.0521891 0.0535603 0.0609445 0.0602871 0.0572317 0.0600816 0.0610749 1.210026e-02 0.419
N:29 Run:7 0.0423525 0.043753 0.0508708 0.064638 0.0659518 0.0589338 0.0563401 0.0553437 0.0501436 0.0561295 0.0533296 0.05526 0.0614229 0.0513636 0.0491722 0.0478987 0.0471633 0.0478399 0.0501346 0.0481086 0.0514717 1.210026e-02 0.419
N:29 Run:8 0.0603587 0.0677143 0.0656527 0.0638417 0.0604 0.0588158 0.0617465 0.0621208 0.0562223 0.059214 0.0639824 0.0830289 0.111912 0.138819 0.131808 0.119118 0.0927419 0.081965 0.0720943 0.059391 0.0531559 1.210026e-02 0.419
N:29 Run:9 0.0287749 0.0500422 0.0564717 0.0563929 0.0540466 0.0572743 0.0548541 0.0513552 0.052505 0.0534567 0.0543427 0.0511842 0.0467658 0.0440245 0.0483981 0.05118 0.0539637 0.0571896 0.0547756 0.0527164 0.0489646 1.210026e-02 0.419
