Seed:1578645640
N:0 Run:0 0.439671 0.452793 0.377245 0.328105 0.321537 0.289381 0.31929 0.273687 0.274685 0.27482 0.264856 0.275122 0.294996 0.28292 0.358423 0.409888 0.393927 0.429824 0.462973 0.461839 0.430886 1.637965e-01 0.872
N:0 Run:1 0.49117 0.502845 0.458236 0.512264 0.546083 0.596438 0.567495 0.572711 0.545547 0.559531 0.558965 0.606358 0.579415 0.584107 0.519558 0.598189 0.571754 0.50175 0.454197 0.438706 0.450556 1.637965e-01 0.872
N:0 Run:2 0.67479 0.489822 0.394215 0.340074 0.318462 0.308033 0.30913 0.336046 0.354586 0.347391 0.327354 0.312548 0.347882 0.313037 0.376778 0.465317 0.494839 0.503248 0.504655 0.443186 0.443435 1.637965e-01 0.872
N:0 Run:3 0.386992 0.393463 0.401016 0.476465 0.437877 0.517261 0.49902 0.457544 0.500971 0.452961 0.47431 0.527708 0.556925 0.569763 0.598661 0.61818 0.57421 0.520479 0.604106 0.625153 0.605479 1.637965e-01 0.872
N:0 Run:4 0.488581 0.362425 0.478269 0.448716 0.432064 0.409144 0.35044 0.339213 0.353702 0.328615 0.307354 0.332468 0.309824 0.349747 0.312783 0.386457 0.398917 0.399914 0.364711 0.381448 0.425806 1.637965e-01 0.872
N:0 Run:5 0.447153 0.397582 0.392386 0.320325 0.306174 0.337071 0.286148 0.257905 0.267757 0.286266 0.311379 0.294001 0.382228 0.439958 0.43448 0.441321 0.480714 0.461459 0.389583 0.462608 0.421268 1.637965e-01 0.872
N:0 Run:6 0.438932 0.506563 0.440813 0.359875 0.336748 0.316068 0.298221 0.285504 0.273851 0.268396 0.277198 0.269201 0.314413 0.314796 0.374303 0.342817 0.370096 0.436344 0.389316 0.388816 0.420926 1.637965e-01 0.872
N:0 Run:7 0.562647 0.513387 0.4707 0.409873 0.357879 0.312165 0.338932 0.289836 0.289649 0.303022 0.277268 0.290779 0.302175 0.326552 0.355586 0.392971 0.401603 0.399268 0.389913 0.45923 0.429386 1.637965e-01 0.872
N:0 Run:8 0.545227 0.437299 0.305246 0.292108 0.270454 0.267758 0.249314 0.217593 0.223114 0.230682 0.220348 0.234807 0.501164 0.571442 0.563948 0.493016 0.492746 0.446595 0.478495 0.448061 0.538267 1.637965e-01 0.872
N:0 Run:9 0.52096 0.435587 0.4411 0.363226 0.330113 0.27751 0.240659 0.245226 0.258383 0.253165 0.257041 0.2358 0.343928 0.380083 0.392625 0.362004 0.379176 0.420597 0.416279 0.462282 0.462526 1.637965e-01 0.872
N:1 Run:0 0.439671 0.461185 0.414055 0.381622 0.373851 0.339662 0.358731 0.31313 0.306026 0.313964 0.298395 0.298766 0.294502 0.276366 0.348927 0.406776 0.41267 0.440326 0.427205 0.454815 0.438789 1.504049e-01 0.871
N:1 Run:1 0.49117 0.504406 0.528137 0.534505 0.60163 0.604632 0.580457 0.553726 0.541308 0.570271 0.614341 0.615207 0.617176 0.592303 0.530305 0.570997 0.548427 0.491185 0.439963 0.439603 0.459878 1.504049e-01 0.871
N:1 Run:2 0.67479 0.480388 0.402882 0.334851 0.307771 0.299946 0.307203 0.344528 0.362139 0.346675 0.330951 0.312623 0.33487 0.307094 0.366836 0.448843 0.495771 0.519132 0.492863 0.439747 0.438942 1.504049e-01 0.871
N:1 Run:3 0.386992 0.416129 0.410153 0.464895 0.41383 0.479904 0.483921 0.44204 0.463484 0.451654 0.451266 0.493916 0.531154 0.522392 0.556558 0.60234 0.578706 0.54094 0.579831 0.642597 0.632419 1.504049e-01 0.871
N:1 Run:4 0.488581 0.385339 0.456386 0.441593 0.414686 0.413114 0.349824 0.332972 0.339687 0.311843 0.307608 0.323429 0.300393 0.335979 0.307122 0.363928 0.393153 0.39951 0.373955 0.370806 0.402042 1.504049e-01 0.871
N:1 Run:5 0.447153 0.414325 0.412348 0.33235 0.332293 0.347523 0.29704 0.271546 0.288288 0.313336 0.340375 0.323537 0.421402 0.445221 0.437625 0.448666 0.499544 0.476176 0.393417 0.449169 0.406534 1.504049e-01 0.871
N:1 Run:6 0.438932 0.484993 0.429492 0.355712 0.337615 0.311822 0.29635 0.28458 0.272124 0.260704 0.274187 0.257338 0.290762 0.312389 0.355721 0.344016 0.378731 0.422233 0.394283 0.384428 0.423929 1.504049e-01 0.871
N:1 Run:7 0.562647 0.508509 0.46654 0.39703 0.340368 0.31226 0.327146 0.275838 0.270893 0.290077 0.258903 0.268384 0.283708 0.310865 0.343132 0.386698 0.386752 0.409881 0.395409 0.436951 0.419399 1.504049e-01 0.871
N:1 Run:8 0.545227 0.461689 0.357799 0.225326 0.154497 0.120112 0.0945715 0.0844257 0.0837966 0.0844347 0.0831322 0.0859367 0.546705 0.587011 0.550959 0.477697 0.491461 0.44741 0.487443 0.450363 0.533648 1.504049e-01 0.871
N:1 Run:9 0.52096 0.413453 0.513669 0.449329 0.390281 0.326357 0.260603 0.272083 0.285175 0.282599 0.293149 0.225381 0.353452 0.380775 0.393438 0.381535 0.376183 0.414697 0.42607 0.448199 0.446377 1.504049e-01 0.871
N:2 Run:0 0.439671 0.461185 0.414055 0.381622 0.373851 0.339662 0.358731 0.31313 0.306026 0.313964 0.298395 0.298766 0.294502 0.276366 0.348927 0.406776 0.41267 0.440326 0.427205 0.454815 0.438789 1.536395e-01 0.870
N:2 Run:1 0.49117 0.504406 0.528137 0.534505 0.60163 0.604632 0.580457 0.553726 0.541308 0.570271 0.614341 0.615207 0.617176 0.592303 0.530305 0.570997 0.548427 0.491185 0.439963 0.439603 0.459878 1.536395e-01 0.870
N:2 Run:2 0.67479 0.480388 0.402882 0.334851 0.307771 0.299946 0.307203 0.344528 0.362139 0.346675 0.330951 0.312623 0.33487 0.307094 0.366836 0.448843 0.495771 0.519132 0.492863 0.439747 0.438942 1.536395e-01 0.870
N:2 Run:3 0.386992 0.416129 0.410153 0.464895 0.41383 0.479904 0.483921 0.44204 0.463484 0.451654 0.451266 0.493916 0.531154 0.522392 0.556558 0.60234 0.578706 0.54094 0.579831 0.642597 0.632419 1.536395e-01 0.870
N:2 Run:4 0.488581 0.385339 0.456386 0.441593 0.414686 0.413114 0.349824 0.332972 0.339687 0.311843 0.307608 0.323429 0.300393 0.335979 0.307122 0.363928 0.393153 0.39951 0.373955 0.370806 0.402042 1.536395e-01 0.870
N:2 Run:5 0.447153 0.414325 0.412348 0.33235 0.332293 0.347523 0.29704 0.271546 0.288288 0.313336 0.340375 0.323537 0.421402 0.445221 0.437625 0.448666 0.499544 0.476176 0.393417 0.449169 0.406534 1.536395e-01 0.870
N:2 Run:6 0.438932 0.484993 0.429492 0.355712 0.337615 0.311822 0.29635 0.28458 0.272124 0.260704 0.274187 0.257338 0.290762 0.312389 0.355721 0.344016 0.378731 0.422233 0.394283 0.384428 0.423929 1.536395e-01 0.870
N:2 Run:7 0.562647 0.508509 0.46654 0.39703 0.340368 0.31226 0.327146 0.275838 0.270893 0.290077 0.258903 0.268384 0.283708 0.310865 0.343132 0.386698 0.386752 0.409881 0.395409 0.436951 0.419399 1.536395e-01 0.870
N:2 Run:8 0.545227 0.461689 0.357799 0.225326 0.154497 0.120112 0.0945715 0.0844257 0.0837966 0.0844347 0.0831322 0.0859367 0.546705 0.587011 0.550959 0.477697 0.491461 0.44741 0.487443 0.450363 0.533648 1.536395e-01 0.870
N:2 Run:9 0.52096 0.413453 0.513669 0.449329 0.390281 0.326357 0.260603 0.272083 0.285175 0.282599 0.293149 0.225381 0.353452 0.380775 0.393438 0.381535 0.376183 0.414697 0.42607 0.448199 0.446377 1.536395e-01 0.870
N:3 Run:0 0.439671 0.461668 0.410291 0.373992 0.365448 0.331603 0.350983 0.309209 0.303163 0.308638 0.296213 0.297284 0.294519 0.2805 0.34331 0.401733 0.408122 0.438156 0.424951 0.454519 0.437378 1.477478e-01 0.873
N:3 Run:1 0.49117 0.50875 0.530125 0.540566 0.600887 0.607218 0.586857 0.562013 0.549204 0.576565 0.612384 0.615899 0.616907 0.597543 0.537643 0.577448 0.556586 0.496299 0.439986 0.43834 0.460025 1.477478e-01 0.873
N:3 Run:2 0.67479 0.483718 0.400274 0.332497 0.30682 0.299444 0.305183 0.338566 0.355768 0.341403 0.326687 0.31036 0.329864 0.305797 0.360691 0.44732 0.498972 0.524478 0.497603 0.439593 0.437688 1.477478e-01 0.873
N:3 Run:3 0.386992 0.412327 0.40603 0.465258 0.411283 0.482004 0.487186 0.441897 0.464652 0.451684 0.451316 0.497682 0.537582 0.529593 0.563848 0.604801 0.585298 0.548415 0.58567 0.632759 0.628185 1.477478e-01 0.873
N:3 Run:4 0.488581 0.381938 0.45613 0.440623 0.41173 0.409284 0.346099 0.328944 0.334589 0.31 0.30574 0.319385 0.299995 0.330856 0.305845 0.357863 0.387502 0.394453 0.368538 0.365131 0.397076 1.477478e-01 0.873
N:3 Run:5 0.447153 0.411108 0.408173 0.330204 0.327364 0.341568 0.297869 0.276807 0.288783 0.3094 0.333938 0.319006 0.416161 0.443529 0.435955 0.447804 0.502714 0.47864 0.390564 0.448285 0.403248 1.477478e-01 0.873
N:3 Run:6 0.438932 0.487929 0.428339 0.352446 0.333335 0.309974 0.296514 0.286812 0.277129 0.268685 0.278333 0.266345 0.291452 0.30945 0.349576 0.338739 0.372395 0.418471 0.389612 0.379178 0.420279 1.477478e-01 0.873
N:3 Run:7 0.562647 0.513722 0.468802 0.394172 0.337248 0.310576 0.322905 0.281229 0.276353 0.290882 0.267881 0.274168 0.285785 0.308206 0.337451 0.380662 0.381287 0.405104 0.390483 0.434744 0.416412 1.477478e-01 0.873
N:3 Run:8 0.545227 0.462258 0.348941 0.257305 0.220021 0.205414 0.195606 0.191748 0.191422 0.191629 0.191173 0.192149 0.550547 0.590903 0.558909 0.481661 0.495459 0.447696 0.490201 0.450672 0.538594 1.477478e-01 0.873
N:3 Run:9 0.52096 0.411402 0.511627 0.430338 0.369122 0.317211 0.265384 0.27174 0.280414 0.27889 0.287736 0.244147 0.348888 0.374856 0.387964 0.375697 0.370496 0.410393 0.422785 0.447291 0.44577 1.477478e-01 0.873
N:4 Run:0 0.439671 0.461668 0.410291 0.373992 0.365448 0.331603 0.350983 0.309209 0.303163 0.308638 0.296213 0.297284 0.294519 0.2805 0.34331 0.401733 0.408122 0.438156 0.424951 0.454519 0.437378 1.545359e-01 0.872
N:4 Run:1 0.49117 0.50875 0.530125 0.540566 0.600887 0.607218 0.586857 0.562013 0.549204 0.576565 0.612384 0.615899 0.616907 0.597543 0.537643 0.577448 0.556586 0.496299 0.439986 0.43834 0.460025 1.545359e-01 0.872
N:4 Run:2 0.67479 0.483718 0.400274 0.332497 0.30682 0.299444 0.305183 0.338566 0.355768 0.341403 0.326687 0.31036 0.329864 0.305797 0.360691 0.44732 0.498972 0.524478 0.497603 0.439593 0.437688 1.545359e-01 0.872
N:4 Run:3 0.386992 0.412327 0.40603 0.465258 0.411283 0.482004 0.487186 0.441897 0.464652 0.451684 0.451316 0.497682 0.537582 0.529593 0.563848 0.604801 0.585298 0.548415 0.58567 0.632759 0.628185 1.545359e-01 0.872
N:4 Run:4 0.488581 0.381938 0.45613 0.440623 0.41173 0.409284 0.346099 0.328944 0.334589 0.31 0.30574 0.319385 0.299995 0.330856 0.305845 0.357863 0.387502 0.394453 0.368538 0.365131 0.397076 1.545359e-01 0.872
N:4 Run:5 0.447153 0.411108 0.408173 0.330204 0.327364 0.341568 0.297869 0.276807 0.288783 0.3094 0.333938 0.319006 0.416161 0.443529 0.435955 0.447804 0.502714 0.47864 0.390564 0.448285 0.403248 1.545359e-01 0.872
N:4 Run:6 0.438932 0.487929 0.428339 0.352446 0.333335 0.309974 0.296514 0.286812 0.277129 0.268685 0.278333 0.266345 0.291452 0.30945 0.349576 0.338739 0.372395 0.418471 0.389612 0.379178 0.420279 1.545359e-01 0.872
N:4 Run:7 0.562647 0.513722 0.468802 0.394172 0.337248 0.310576 0.322905 0.281229 0.276353 0.290882 0.267881 0.274168 0.285785 0.308206 0.337451 0.380662 0.381287 0.405104 0.390483 0.434744 0.416412 1.545359e-01 0.872
N:4 Run:8 0.545227 0.462258 0.348941 0.257305 0.220021 0.205414 0.195606 0.191748 0.191422 0.191629 0.191173 0.192149 0.550547 0.590903 0.558909 0.481661 0.495459 0.447696 0.490201 0.450672 0.538594 1.545359e-01 0.872
N:4 Run:9 0.52096 0.411402 0.511627 0.430338 0.369122 0.317211 0.265384 0.27174 0.280414 0.27889 0.287736 0.244147 0.348888 0.374856 0.387964 0.375697 0.370496 0.410393 0.422785 0.447291 0.44577 1.545359e-01 0.872
N:5 Run:0 0.439671 0.460276 0.407463 0.375688 0.369818 0.335583 0.357306 0.311012 0.306823 0.314787 0.299626 0.301076 0.297285 0.280675 0.352137 0.40781 0.409928 0.439089 0.423128 0.453836 0.434594 1.474579e-01 0.871
N:5 Run:1 0.49117 0.504619 0.529782 0.535815 0.610348 0.609709 0.582119 0.5536 0.541431 0.575043 0.622012 0.620363 0.622088 0.594477 0.526238 0.576422 0.548664 0.485583 0.432967 0.436016 0.458526 1.474579e-01 0.871
N:5 Run:2 0.67479 0.464447 0.393282 0.329575 0.307404 0.301758 0.30926 0.345593 0.361153 0.344305 0.32945 0.31256 0.335478 0.307257 0.368265 0.452138 0.498408 0.521024 0.489786 0.432817 0.435334 1.474579e-01 0.871
N:5 Run:3 0.386992 0.414867 0.406466 0.46627 0.407387 0.482492 0.482795 0.436112 0.462198 0.447985 0.448243 0.495655 0.534744 0.522193 0.561104 0.610145 0.580579 0.539209 0.585733 0.651873 0.637172 1.474579e-01 0.871
N:5 Run:4 0.488581 0.375912 0.458188 0.4378 0.409402 0.409368 0.344271 0.331011 0.338944 0.311448 0.308829 0.324564 0.301528 0.337387 0.307297 0.365276 0.392182 0.396756 0.369544 0.367793 0.400779 1.474579e-01 0.871
N:5 Run:5 0.447153 0.408896 0.40852 0.327079 0.331173 0.346861 0.296961 0.275776 0.292763 0.315826 0.340969 0.322607 0.424779 0.444366 0.434032 0.446354 0.50212 0.472683 0.384793 0.449696 0.400629 1.474579e-01 0.871
N:5 Run:6 0.438932 0.486843 0.422758 0.348946 0.335146 0.31137 0.298135 0.288065 0.277293 0.26767 0.280582 0.264685 0.296283 0.315066 0.356747 0.34218 0.378053 0.42206 0.389416 0.380549 0.423183 1.474579e-01 0.871
N:5 Run:7 0.562647 0.503839 0.460801 0.38899 0.335463 0.311418 0.327784 0.27854 0.27653 0.2948 0.265273 0.275327 0.289072 0.31398 0.344114 0.386723 0.383892 0.407995 0.391254 0.43657 0.415028 1.474579e-01 0.871
N:5 Run:8 0.545227 0.453161 0.34757 0.238327 0.18867 0.167444 0.150761 0.144659 0.144732 0.14528 0.144317 0.146376 0.587181 0.596903 0.550675 0.470409 0.490498 0.441401 0.488363 0.445064 0.540258 1.474579e-01 0.871
N:5 Run:9 0.52096 0.403169 0.519305 0.440244 0.381272 0.320861 0.262693 0.276715 0.28843 0.285293 0.295471 0.235139 0.360331 0.380361 0.391216 0.377746 0.372905 0.413881 0.42364 0.446817 0.443331 1.474579e-01 0.871
N:6 Run:0 0.439671 0.462071 0.412008 0.378967 0.371852 0.337321 0.357874 0.31205 0.306283 0.313923 0.298863 0.29985 0.296008 0.278923 0.350351 0.407808 0.412219 0.440846 0.426542 0.455685 0.438199 1.474220e-01 0.872
N:6 Run:1 0.49117 0.506199 0.530062 0.536967 0.60528 0.607471 0.58275 0.555776 0.543462 0.573804 0.617236 0.617617 0.61926 0.594491 0.530781 0.574758 0.550688 0.490875 0.438326 0.439188 0.460641 1.474220e-01 0.872
N:6 Run:2 0.67479 0.475538 0.39949 0.332875 0.307845 0.300981 0.308235 0.344971 0.361845 0.345808 0.330401 0.312771 0.335146 0.307456 0.367564 0.451355 0.498632 0.521855 0.49358 0.438153 0.438529 1.474220e-01 0.872
N:6 Run:3 0.386992 0.416203 0.409305 0.466817 0.412111 0.48249 0.485269 0.440911 0.464399 0.451484 0.451349 0.496398 0.534625 0.524519 0.5603 0.606181 0.581162 0.542314 0.583628 0.6443 0.633634 1.474220e-01 0.872
N:6 Run:4 0.488581 0.381865 0.458269 0.441266 0.413339 0.412246 0.347803 0.332223 0.339412 0.311925 0.308296 0.323962 0.301223 0.336592 0.307506 0.364618 0.393191 0.398906 0.372411 0.369762 0.402036 1.474220e-01 0.872
N:6 Run:5 0.447153 0.412743 0.411367 0.330486 0.331714 0.347236 0.297475 0.27411 0.290451 0.314329 0.340505 0.32312 0.423266 0.446056 0.437272 0.448913 0.502254 0.476446 0.390544 0.450478 0.404885 1.474220e-01 0.872
N:6 Run:6 0.438932 0.487313 0.427876 0.353247 0.336635 0.311836 0.297442 0.286577 0.275115 0.264784 0.277606 0.261726 0.2935 0.313661 0.356254 0.343373 0.378645 0.422961 0.392825 0.383177 0.424379 1.474220e-01 0.872
N:6 Run:7 0.562647 0.508459 0.465752 0.394388 0.338544 0.31209 0.327443 0.2779 0.274111 0.292474 0.262894 0.272208 0.286513 0.312338 0.343605 0.387048 0.385994 0.409682 0.394195 0.437792 0.418492 1.474220e-01 0.872
N:6 Run:8 0.545227 0.45946 0.352415 0.234581 0.179413 0.155057 0.137035 0.130143 0.129899 0.130402 0.129455 0.131494 0.564667 0.592692 0.55311 0.47657 0.492801 0.446288 0.48941 0.449578 0.537993 1.474220e-01 0.872
N:6 Run:9 0.52096 0.410008 0.516493 0.442921 0.382676 0.322746 0.261345 0.273388 0.285165 0.282669 0.293122 0.231202 0.356484 0.380994 0.392977 0.380247 0.375079 0.415014 0.425936 0.448852 0.446394 1.474220e-01 0.872
N:7 Run:0 0.439671 0.462071 0.412008 0.378967 0.371852 0.337321 0.357874 0.31205 0.306283 0.313923 0.298863 0.29985 0.296008 0.278923 0.350351 0.407808 0.412219 0.440846 0.426542 0.455685 0.438199 1.625134e-01 0.871
N:7 Run:1 0.49117 0.506199 0.530062 0.536967 0.60528 0.607471 0.58275 0.555776 0.543462 0.573804 0.617236 0.617617 0.61926 0.594491 0.530781 0.574758 0.550688 0.490875 0.438326 0.439188 0.460641 1.625134e-01 0.871
N:7 Run:2 0.67479 0.475538 0.39949 0.332875 0.307845 0.300981 0.308235 0.344971 0.361845 0.345808 0.330401 0.312771 0.335146 0.307456 0.367564 0.451355 0.498632 0.521855 0.49358 0.438153 0.438529 1.625134e-01 0.871
N:7 Run:3 0.386992 0.416203 0.409305 0.466817 0.412111 0.48249 0.485269 0.440911 0.464399 0.451484 0.451349 0.496398 0.534625 0.524519 0.5603 0.606181 0.581162 0.542314 0.583628 0.6443 0.633634 1.625134e-01 0.871
N:7 Run:4 0.488581 0.381865 0.458269 0.441266 0.413339 0.412246 0.347803 0.332223 0.339412 0.311925 0.308296 0.323962 0.301223 0.336592 0.307506 0.364618 0.393191 0.398906 0.372411 0.369762 0.402036 1.625134e-01 0.871
N:7 Run:5 0.447153 0.412743 0.411367 0.330486 0.331714 0.347236 0.297475 0.27411 0.290451 0.314329 0.340505 0.32312 0.423266 0.446056 0.437272 0.448913 0.502254 0.476446 0.390544 0.450478 0.404885 1.625134e-01 0.871
N:7 Run:6 0.438932 0.487313 0.427876 0.353247 0.336635 0.311836 0.297442 0.286577 0.275115 0.264784 0.277606 0.261726 0.2935 0.313661 0.356254 0.343373 0.378645 0.422961 0.392825 0.383177 0.424379 1.625134e-01 0.871
N:7 Run:7 0.562647 0.508459 0.465752 0.394388 0.338544 0.31209 0.327443 0.2779 0.274111 0.292474 0.262894 0.272208 0.286513 0.312338 0.343605 0.387048 0.385994 0.409682 0.394195 0.437792 0.418492 1.625134e-01 0.871
N:7 Run:8 0.545227 0.45946 0.352415 0.234581 0.179413 0.155057 0.137035 0.130143 0.129899 0.130402 0.129455 0.131494 0.564667 0.592692 0.55311 0.47657 0.492801 0.446288 0.48941 0.449578 0.537993 1.625134e-01 0.871
N:7 Run:9 0.52096 0.410008 0.516493 0.442921 0.382676 0.322746 0.261345 0.273388 0.285165 0.282669 0.293122 0.231202 0.356484 0.380994 0.392977 0.380247 0.375079 0.415014 0.425936 0.448852 0.446394 1.625134e-01 0.871
N:8 Run:0 0.439671 0.461285 0.408384 0.376603 0.370686 0.336253 0.357915 0.311171 0.306767 0.31505 0.299585 0.300868 0.296904 0.280096 0.352528 0.408782 0.410903 0.440207 0.424103 0.454943 0.435643 1.473139e-01 0.871
N:8 Run:1 0.49117 0.505247 0.529957 0.535855 0.606905 0.606456 0.580378 0.553041 0.541289 0.573694 0.617802 0.616382 0.617943 0.592096 0.526334 0.575006 0.548276 0.486361 0.433909 0.437081 0.459633 1.473139e-01 0.871
N:8 Run:2 0.67479 0.465177 0.393929 0.329485 0.307089 0.301404 0.309024 0.345885 0.361616 0.344493 0.32945 0.312336 0.335582 0.306951 0.368835 0.453262 0.499216 0.521436 0.490613 0.433764 0.43639 1.473139e-01 0.871
N:8 Run:3 0.386992 0.415844 0.40737 0.467351 0.408182 0.483449 0.483741 0.437089 0.463267 0.449056 0.449315 0.496487 0.534831 0.52254 0.560348 0.606878 0.578912 0.539061 0.58388 0.645084 0.631811 1.473139e-01 0.871
N:8 Run:4 0.488581 0.376263 0.45927 0.438841 0.410271 0.410299 0.344385 0.331012 0.339074 0.311181 0.308578 0.324522 0.301155 0.337533 0.306991 0.365797 0.39299 0.397586 0.370053 0.368283 0.401651 1.473139e-01 0.871
N:8 Run:5 0.447153 0.409696 0.409462 0.326973 0.331312 0.347147 0.296554 0.275232 0.292472 0.315843 0.341288 0.322655 0.425967 0.445486 0.435086 0.447461 0.502878 0.47367 0.385329 0.450802 0.401395 1.473139e-01 0.871
N:8 Run:6 0.438932 0.487685 0.423638 0.349089 0.335208 0.311115 0.297741 0.287571 0.276699 0.266994 0.280044 0.263981 0.295909 0.314923 0.357151 0.342352 0.378736 0.423103 0.390132 0.381184 0.424242 1.473139e-01 0.871
N:8 Run:7 0.562647 0.504481 0.46179 0.38959 0.335455 0.311169 0.327779 0.277907 0.275915 0.294398 0.264556 0.274717 0.288599 0.313812 0.344347 0.387487 0.38457 0.408957 0.39201 0.437662 0.415959 1.473139e-01 0.871
N:8 Run:8 0.545227 0.454073 0.348914 0.241243 0.191661 0.170294 0.153529 0.147428 0.14751 0.148054 0.147091 0.149158 0.583503 0.594295 0.550155 0.471234 0.491373 0.442396 0.489285 0.446079 0.540127 1.473139e-01 0.871
N:8 Run:9 0.52096 0.403716 0.519613 0.442026 0.383808 0.32178 0.263786 0.277643 0.290083 0.286532 0.296389 0.237045 0.361188 0.381076 0.392004 0.378399 0.373463 0.414874 0.424687 0.447919 0.444401 1.473139e-01 0.871
N:9 Run:0 0.439671 0.461285 0.408384 0.376603 0.370686 0.336253 0.357915 0.311171 0.306767 0.31505 0.299585 0.300868 0.296904 0.280096 0.352528 0.408782 0.410903 0.440207 0.424103 0.454943 0.435643 1.551039e-01 0.870
N:9 Run:1 0.49117 0.505247 0.529957 0.535855 0.606905 0.606456 0.580378 0.553041 0.541289 0.573694 0.617802 0.616382 0.617943 0.592096 0.526334 0.575006 0.548276 0.486361 0.433909 0.437081 0.459633 1.551039e-01 0.870
N:9 Run:2 0.67479 0.465177 0.393929 0.329485 0.307089 0.301404 0.309024 0.345885 0.361616 0.344493 0.32945 0.312336 0.335582 0.306951 0.368835 0.453262 0.499216 0.521436 0.490613 0.433764 0.43639 1.551039e-01 0.870
N:9 Run:3 0.386992 0.415844 0.40737 0.467351 0.408182 0.483449 0.483741 0.437089 0.463267 0.449056 0.449315 0.496487 0.534831 0.52254 0.560348 0.606878 0.578912 0.539061 0.58388 0.645084 0.631811 1.551039e-01 0.870
N:9 Run:4 0.488581 0.376263 0.45927 0.438841 0.410271 0.410299 0.344385 0.331012 0.339074 0.311181 0.308578 0.324522 0.301155 0.337533 0.306991 0.365797 0.39299 0.397586 0.370053 0.368283 0.401651 1.551039e-01 0.870
N:9 Run:5 0.447153 0.409696 0.409462 0.326973 0.331312 0.347147 0.296554 0.275232 0.292472 0.315843 0.341288 0.322655 0.425967 0.445486 0.435086 0.447461 0.502878 0.47367 0.385329 0.450802 0.401395 1.551039e-01 0.870
N:9 Run:6 0.438932 0.487685 0.423638 0.349089 0.335208 0.311115 0.297741 0.287571 0.276699 0.266994 0.280044 0.263981 0.295909 0.314923 0.357151 0.342352 0.378736 0.423103 0.390132 0.381184 0.424242 1.551039e-01 0.870
N:9 Run:7 0.562647 0.504481 0.46179 0.38959 0.335455 0.311169 0.327779 0.277907 0.275915 0.294398 0.264556 0.274717 0.288599 0.313812 0.344347 0.387487 0.38457 0.408957 0.39201 0.437662 0.415959 1.551039e-01 0.870
N:9 Run:8 0.545227 0.454073 0.348914 0.241243 0.191661 0.170294 0.153529 0.147428 0.14751 0.148054 0.147091 0.149158 0.583503 0.594295 0.550155 0.471234 0.491373 0.442396 0.489285 0.446079 0.540127 1.551039e-01 0.870
N:9 Run:9 0.52096 0.403716 0.519613 0.442026 0.383808 0.32178 0.263786 0.277643 0.290083 0.286532 0.296389 0.237045 0.361188 0.381076 0.392004 0.378399 0.373463 0.414874 0.424687 0.447919 0.444401 1.551039e-01 0.870
N:10 Run:0 0.439671 0.461285 0.408384 0.376603 0.370686 0.336253 0.357915 0.311171 0.306767 0.31505 0.299585 0.300868 0.296904 0.280096 0.352528 0.408782 0.410903 0.440207 0.424103 0.454943 0.435643 1.656521e-01 0.871
N:10 Run:1 0.49117 0.505247 0.529957 0.535855 0.606905 0.606456 0.580378 0.553041 0.541289 0.573694 0.617802 0.616382 0.617943 0.592096 0.526334 0.575006 0.548276 0.486361 0.433909 0.437081 0.459633 1.656521e-01 0.871
N:10 Run:2 0.67479 0.465177 0.393929 0.329485 0.307089 0.301404 0.309024 0.345885 0.361616 0.344493 0.32945 0.312336 0.335582 0.306951 0.368835 0.453262 0.499216 0.521436 0.490613 0.433764 0.43639 1.656521e-01 0.871
N:10 Run:3 0.386992 0.415844 0.40737 0.467351 0.408182 0.483449 0.483741 0.437089 0.463267 0.449056 0.449315 0.496487 0.534831 0.52254 0.560348 0.606878 0.578912 0.539061 0.58388 0.645084 0.631811 1.656521e-01 0.871
N:10 Run:4 0.488581 0.376263 0.45927 0.438841 0.410271 0.410299 0.344385 0.331012 0.339074 0.311181 0.308578 0.324522 0.301155 0.337533 0.306991 0.365797 0.39299 0.397586 0.370053 0.368283 0.401651 1.656521e-01 0.871
N:10 Run:5 0.447153 0.409696 0.409462 0.326973 0.331312 0.347147 0.296554 0.275232 0.292472 0.315843 0.341288 0.322655 0.425967 0.445486 0.435086 0.447461 0.502878 0.47367 0.385329 0.450802 0.401395 1.656521e-01 0.871
N:10 Run:6 0.438932 0.487685 0.423638 0.349089 0.335208 0.311115 0.297741 0.287571 0.276699 0.266994 0.280044 0.263981 0.295909 0.314923 0.357151 0.342352 0.378736 0.423103 0.390132 0.381184 0.424242 1.656521e-01 0.871
N:10 Run:7 0.562647 0.504481 0.46179 0.38959 0.335455 0.311169 0.327779 0.277907 0.275915 0.294398 0.264556 0.274717 0.288599 0.313812 0.344347 0.387487 0.38457 0.408957 0.39201 0.437662 0.415959 1.656521e-01 0.871
N:10 Run:8 0.545227 0.454073 0.348914 0.241243 0.191661 0.170294 0.153529 0.147428 0.14751 0.148054 0.147091 0.149158 0.583503 0.594295 0.550155 0.471234 0.491373 0.442396 0.489285 0.446079 0.540127 1.656521e-01 0.871
N:10 Run:9 0.52096 0.403716 0.519613 0.442026 0.383808 0.32178 0.263786 0.277643 0.290083 0.286532 0.296389 0.237045 0.361188 0.381076 0.392004 0.378399 0.373463 0.414874 0.424687 0.447919 0.444401 1.656521e-01 0.871
N:11 Run:0 0.439671 0.461285 0.408384 0.376603 0.370686 0.336253 0.357915 0.311171 0.306767 0.31505 0.299585 0.300868 0.296904 0.280096 0.352528 0.408782 0.410903 0.440207 0.424103 0.454943 0.435643 1.559538e-01 0.869
N:11 Run:1 0.49117 0.505247 0.529957 0.535855 0.606905 0.606456 0.580378 0.553041 0.541289 0.573694 0.617802 0.616382 0.617943 0.592096 0.526334 0.575006 0.548276 0.486361 0.433909 0.437081 0.459633 1.559538e-01 0.869
N:11 Run:2 0.67479 0.465177 0.393929 0.329485 0.307089 0.301404 0.309024 0.345885 0.361616 0.344493 0.32945 0.312336 0.335582 0.306951 0.368835 0.453262 0.499216 0.521436 0.490613 0.433764 0.43639 1.559538e-01 0.869
N:11 Run:3 0.386992 0.415844 0.40737 0.467351 0.408182 0.483449 0.483741 0.437089 0.463267 0.449056 0.449315 0.496487 0.534831 0.52254 0.560348 0.606878 0.578912 0.539061 0.58388 0.645084 0.631811 1.559538e-01 0.869
N:11 Run:4 0.488581 0.376263 0.45927 0.438841 0.410271 0.410299 0.344385 0.331012 0.339074 0.311181 0.308578 0.324522 0.301155 0.337533 0.306991 0.365797 0.39299 0.397586 0.370053 0.368283 0.401651 1.559538e-01 0.869
N:11 Run:5 0.447153 0.409696 0.409462 0.326973 0.331312 0.347147 0.296554 0.275232 0.292472 0.315843 0.341288 0.322655 0.425967 0.445486 0.435086 0.447461 0.502878 0.47367 0.385329 0.450802 0.401395 1.559538e-01 0.869
N:11 Run:6 0.438932 0.487685 0.423638 0.349089 0.335208 0.311115 0.297741 0.287571 0.276699 0.266994 0.280044 0.263981 0.295909 0.314923 0.357151 0.342352 0.378736 0.423103 0.390132 0.381184 0.424242 1.559538e-01 0.869
N:11 Run:7 0.562647 0.504481 0.46179 0.38959 0.335455 0.311169 0.327779 0.277907 0.275915 0.294398 0.264556 0.274717 0.288599 0.313812 0.344347 0.387487 0.38457 0.408957 0.39201 0.437662 0.415959 1.559538e-01 0.869
N:11 Run:8 0.545227 0.454073 0.348914 0.241243 0.191661 0.170294 0.153529 0.147428 0.14751 0.148054 0.147091 0.149158 0.583503 0.594295 0.550155 0.471234 0.491373 0.442396 0.489285 0.446079 0.540127 1.559538e-01 0.869
N:11 Run:9 0.52096 0.403716 0.519613 0.442026 0.383808 0.32178 0.263786 0.277643 0.290083 0.286532 0.296389 0.237045 0.361188 0.381076 0.392004 0.378399 0.373463 0.414874 0.424687 0.447919 0.444401 1.559538e-01 0.869
N:12 Run:0 0.439671 0.461285 0.408384 0.376603 0.370686 0.336253 0.357915 0.311171 0.306767 0.31505 0.299585 0.300868 0.296904 0.280096 0.352528 0.408782 0.410903 0.440207 0.424103 0.454943 0.435643 1.568071e-01 0.868
N:12 Run:1 0.49117 0.505247 0.529957 0.535855 0.606905 0.606456 0.580378 0.553041 0.541289 0.573694 0.617802 0.616382 0.617943 0.592096 0.526334 0.575006 0.548276 0.486361 0.433909 0.437081 0.459633 1.568071e-01 0.868
N:12 Run:2 0.67479 0.465177 0.393929 0.329485 0.307089 0.301404 0.309024 0.345885 0.361616 0.344493 0.32945 0.312336 0.335582 0.306951 0.368835 0.453262 0.499216 0.521436 0.490613 0.433764 0.43639 1.568071e-01 0.868
N:12 Run:3 0.386992 0.415844 0.40737 0.467351 0.408182 0.483449 0.483741 0.437089 0.463267 0.449056 0.449315 0.496487 0.534831 0.52254 0.560348 0.606878 0.578912 0.539061 0.58388 0.645084 0.631811 1.568071e-01 0.868
N:12 Run:4 0.488581 0.376263 0.45927 0.438841 0.410271 0.410299 0.344385 0.331012 0.339074 0.311181 0.308578 0.324522 0.301155 0.337533 0.306991 0.365797 0.39299 0.397586 0.370053 0.368283 0.401651 1.568071e-01 0.868
N:12 Run:5 0.447153 0.409696 0.409462 0.326973 0.331312 0.347147 0.296554 0.275232 0.292472 0.315843 0.341288 0.322655 0.425967 0.445486 0.435086 0.447461 0.502878 0.47367 0.385329 0.450802 0.401395 1.568071e-01 0.868
N:12 Run:6 0.438932 0.487685 0.423638 0.349089 0.335208 0.311115 0.297741 0.287571 0.276699 0.266994 0.280044 0.263981 0.295909 0.314923 0.357151 0.342352 0.378736 0.423103 0.390132 0.381184 0.424242 1.568071e-01 0.868
N:12 Run:7 0.562647 0.504481 0.46179 0.38959 0.335455 0.311169 0.327779 0.277907 0.275915 0.294398 0.264556 0.274717 0.288599 0.313812 0.344347 0.387487 0.38457 0.408957 0.39201 0.437662 0.415959 1.568071e-01 0.868
N:12 Run:8 0.545227 0.454073 0.348914 0.241243 0.191661 0.170294 0.153529 0.147428 0.14751 0.148054 0.147091 0.149158 0.583503 0.594295 0.550155 0.471234 0.491373 0.442396 0.489285 0.446079 0.540127 1.568071e-01 0.868
N:12 Run:9 0.52096 0.403716 0.519613 0.442026 0.383808 0.32178 0.263786 0.277643 0.290083 0.286532 0.296389 0.237045 0.361188 0.381076 0.392004 0.378399 0.373463 0.414874 0.424687 0.447919 0.444401 1.568071e-01 0.868
N:13 Run:0 0.439671 0.461285 0.408384 0.376603 0.370686 0.336253 0.357915 0.311171 0.306767 0.31505 0.299585 0.300868 0.296904 0.280096 0.352528 0.408782 0.410903 0.440207 0.424103 0.454943 0.435643 1.656690e-01 0.873
N:13 Run:1 0.49117 0.505247 0.529957 0.535855 0.606905 0.606456 0.580378 0.553041 0.541289 0.573694 0.617802 0.616382 0.617943 0.592096 0.526334 0.575006 0.548276 0.486361 0.433909 0.437081 0.459633 1.656690e-01 0.873
N:13 Run:2 0.67479 0.465177 0.393929 0.329485 0.307089 0.301404 0.309024 0.345885 0.361616 0.344493 0.32945 0.312336 0.335582 0.306951 0.368835 0.453262 0.499216 0.521436 0.490613 0.433764 0.43639 1.656690e-01 0.873
N:13 Run:3 0.386992 0.415844 0.40737 0.467351 0.408182 0.483449 0.483741 0.437089 0.463267 0.449056 0.449315 0.496487 0.534831 0.52254 0.560348 0.606878 0.578912 0.539061 0.58388 0.645084 0.631811 1.656690e-01 0.873
N:13 Run:4 0.488581 0.376263 0.45927 0.438841 0.410271 0.410299 0.344385 0.331012 0.339074 0.311181 0.308578 0.324522 0.301155 0.337533 0.306991 0.365797 0.39299 0.397586 0.370053 0.368283 0.401651 1.656690e-01 0.873
N:13 Run:5 0.447153 0.409696 0.409462 0.326973 0.331312 0.347147 0.296554 0.275232 0.292472 0.315843 0.341288 0.322655 0.425967 0.445486 0.435086 0.447461 0.502878 0.47367 0.385329 0.450802 0.401395 1.656690e-01 0.873
N:13 Run:6 0.438932 0.487685 0.423638 0.349089 0.335208 0.311115 0.297741 0.287571 0.276699 0.266994 0.280044 0.263981 0.295909 0.314923 0.357151 0.342352 0.378736 0.423103 0.390132 0.381184 0.424242 1.656690e-01 0.873
N:13 Run:7 0.562647 0.504481 0.46179 0.38959 0.335455 0.311169 0.327779 0.277907 0.275915 0.294398 0.264556 0.274717 0.288599 0.313812 0.344347 0.387487 0.38457 0.408957 0.39201 0.437662 0.415959 1.656690e-01 0.873
N:13 Run:8 0.545227 0.454073 0.348914 0.241243 0.191661 0.170294 0.153529 0.147428 0.14751 0.148054 0.147091 0.149158 0.583503 0.594295 0.550155 0.471234 0.491373 0.442396 0.489285 0.446079 0.540127 1.656690e-01 0.873
N:13 Run:9 0.52096 0.403716 0.519613 0.442026 0.383808 0.32178 0.263786 0.277643 0.290083 0.286532 0.296389 0.237045 0.361188 0.381076 0.392004 0.378399 0.373463 0.414874 0.424687 0.447919 0.444401 1.656690e-01 0.873
N:14 Run:0 0.439671 0.461285 0.408384 0.376603 0.370686 0.336253 0.357915 0.311171 0.306767 0.31505 0.299585 0.300868 0.296904 0.280096 0.352528 0.408782 0.410903 0.440207 0.424103 0.454943 0.435643 1.475093e-01 0.870
N:14 Run:1 0.49117 0.505247 0.529957 0.535855 0.606905 0.606456 0.580378 0.553041 0.541289 0.573694 0.617802 0.616382 0.617943 0.592096 0.526334 0.575006 0.548276 0.486361 0.433909 0.437081 0.459633 1.475093e-01 0.870
N:14 Run:2 0.67479 0.465177 0.393929 0.329485 0.307089 0.301404 0.309024 0.345885 0.361616 0.344493 0.32945 0.312336 0.335582 0.306951 0.368835 0.453262 0.499216 0.521436 0.490613 0.433764 0.43639 1.475093e-01 0.870
N:14 Run:3 0.386992 0.415844 0.40737 0.467351 0.408182 0.483449 0.483741 0.437089 0.463267 0.449056 0.449315 0.496487 0.534831 0.52254 0.560348 0.606878 0.578912 0.539061 0.58388 0.645084 0.631811 1.475093e-01 0.870
N:14 Run:4 0.488581 0.376263 0.45927 0.438841 0.410271 0.410299 0.344385 0.331012 0.339074 0.311181 0.308578 0.324522 0.301155 0.337533 0.306991 0.365797 0.39299 0.397586 0.370053 0.368283 0.401651 1.475093e-01 0.870
N:14 Run:5 0.447153 0.409696 0.409462 0.326973 0.331312 0.347147 0.296554 0.275232 0.292472 0.315843 0.341288 0.322655 0.425967 0.445486 0.435086 0.447461 0.502878 0.47367 0.385329 0.450802 0.401395 1.475093e-01 0.870
N:14 Run:6 0.438932 0.487685 0.423638 0.349089 0.335208 0.311115 0.297741 0.287571 0.276699 0.266994 0.280044 0.263981 0.295909 0.314923 0.357151 0.342352 0.378736 0.423103 0.390132 0.381184 0.424242 1.475093e-01 0.870
N:14 Run:7 0.562647 0.504481 0.46179 0.38959 0.335455 0.311169 0.327779 0.277907 0.275915 0.294398 0.264556 0.274717 0.288599 0.313812 0.344347 0.387487 0.38457 0.408957 0.39201 0.437662 0.415959 1.475093e-01 0.870
N:14 Run:8 0.545227 0.454073 0.348914 0.241243 0.191661 0.170294 0.153529 0.147428 0.14751 0.148054 0.147091 0.149158 0.583503 0.594295 0.550155 0.471234 0.491373 0.442396 0.489285 0.446079 0.540127 1.475093e-01 0.870
N:14 Run:9 0.52096 0.403716 0.519613 0.442026 0.383808 0.32178 0.263786 0.277643 0.290083 0.286532 0.296389 0.237045 0.361188 0.381076 0.392004 0.378399 0.373463 0.414874 0.424687 0.447919 0.444401 1.475093e-01 0.870
N:15 Run:0 0.439671 0.461285 0.408384 0.376603 0.370686 0.336253 0.357915 0.311171 0.306767 0.31505 0.299585 0.300868 0.296904 0.280096 0.352528 0.408782 0.410903 0.440207 0.424103 0.454943 0.435643 1.547357e-01 0.871
N:15 Run:1 0.49117 0.505247 0.529957 0.535855 0.606905 0.606456 0.580378 0.553041 0.541289 0.573694 0.617802 0.616382 0.617943 0.592096 0.526334 0.575006 0.548276 0.486361 0.433909 0.437081 0.459633 1.547357e-01 0.871
N:15 Run:2 0.67479 0.465177 0.393929 0.329485 0.307089 0.301404 0.309024 0.345885 0.361616 0.344493 0.32945 0.312336 0.335582 0.306951 0.368835 0.453262 0.499216 0.521436 0.490613 0.433764 0.43639 1.547357e-01 0.871
N:15 Run:3 0.386992 0.415844 0.40737 0.467351 0.408182 0.483449 0.483741 0.437089 0.463267 0.449056 0.449315 0.496487 0.534831 0.52254 0.560348 0.606878 0.578912 0.539061 0.58388 0.645084 0.631811 1.547357e-01 0.871
N:15 Run:4 0.488581 0.376263 0.45927 0.438841 0.410271 0.410299 0.344385 0.331012 0.339074 0.311181 0.308578 0.324522 0.301155 0.337533 0.306991 0.365797 0.39299 0.397586 0.370053 0.368283 0.401651 1.547357e-01 0.871
N:15 Run:5 0.447153 0.409696 0.409462 0.326973 0.331312 0.347147 0.296554 0.275232 0.292472 0.315843 0.341288 0.322655 0.425967 0.445486 0.435086 0.447461 0.502878 0.47367 0.385329 0.450802 0.401395 1.547357e-01 0.871
N:15 Run:6 0.438932 0.487685 0.423638 0.349089 0.335208 0.311115 0.297741 0.287571 0.276699 0.266994 0.280044 0.263981 0.295909 0.314923 0.357151 0.342352 0.378736 0.423103 0.390132 0.381184 0.424242 1.547357e-01 0.871
N:15 Run:7 0.562647 0.504481 0.46179 0.38959 0.335455 0.311169 0.327779 0.277907 0.275915 0.294398 0.264556 0.274717 0.288599 0.313812 0.344347 0.387487 0.38457 0.408957 0.39201 0.437662 0.415959 1.547357e-01 0.871
N:15 Run:8 0.545227 0.454073 0.348914 0.241243 0.191661 0.170294 0.153529 0.147428 0.14751 0.148054 0.147091 0.149158 0.583503 0.594295 0.550155 0.471234 0.491373 0.442396 0.489285 0.446079 0.540127 1.547357e-01 0.871
N:15 Run:9 0.52096 0.403716 0.519613 0.442026 0.383808 0.32178 0.263786 0.277643 0.290083 0.286532 0.296389 0.237045 0.361188 0.381076 0.392004 0.378399 0.373463 0.414874 0.424687 0.447919 0.444401 1.547357e-01 0.871
N:16 Run:0 0.439671 0.461285 0.408384 0.376603 0.370686 0.336253 0.357915 0.311171 0.306767 0.31505 0.299585 0.300868 0.296904 0.280096 0.352528 0.408782 0.410903 0.440207 0.424103 0.454943 0.435643 1.653255e-01 0.872
N:16 Run:1 0.49117 0.505247 0.529957 0.535855 0.606905 0.606456 0.580378 0.553041 0.541289 0.573694 0.617802 0.616382 0.617943 0.592096 0.526334 0.575006 0.548276 0.486361 0.433909 0.437081 0.459633 1.653255e-01 0.872
N:16 Run:2 0.67479 0.465177 0.393929 0.329485 0.307089 0.301404 0.309024 0.345885 0.361616 0.344493 0.32945 0.312336 0.335582 0.306951 0.368835 0.453262 0.499216 0.521436 0.490613 0.433764 0.43639 1.653255e-01 0.872
N:16 Run:3 0.386992 0.415844 0.40737 0.467351 0.408182 0.483449 0.483741 0.437089 0.463267 0.449056 0.449315 0.496487 0.534831 0.52254 0.560348 0.606878 0.578912 0.539061 0.58388 0.645084 0.631811 1.653255e-01 0.872
N:16 Run:4 0.488581 0.376263 0.45927 0.438841 0.410271 0.410299 0.344385 0.331012 0.339074 0.311181 0.308578 0.324522 0.301155 0.337533 0.306991 0.365797 0.39299 0.397586 0.370053 0.368283 0.401651 1.653255e-01 0.872
N:16 Run:5 0.447153 0.409696 0.409462 0.326973 0.331312 0.347147 0.296554 0.275232 0.292472 0.315843 0.341288 0.322655 0.425967 0.445486 0.435086 0.447461 0.502878 0.47367 0.385329 0.450802 0.401395 1.653255e-01 0.872
N:16 Run:6 0.438932 0.487685 0.423638 0.349089 0.335208 0.311115 0.297741 0.287571 0.276699 0.266994 0.280044 0.263981 0.295909 0.314923 0.357151 0.342352 0.378736 0.423103 0.390132 0.381184 0.424242 1.653255e-01 0.872
N:16 Run:7 0.562647 0.504481 0.46179 0.38959 0.335455 0.311169 0.327779 0.277907 0.275915 0.294398 0.264556 0.274717 0.288599 0.313812 0.344347 0.387487 0.38457 0.408957 0.39201 0.437662 0.415959 1.653255e-01 0.872
N:16 Run:8 0.545227 0.454073 0.348914 0.241243 0.191661 0.170294 0.153529 0.147428 0.14751 0.148054 0.147091 0.149158 0.583503 0.594295 0.550155 0.471234 0.491373 0.442396 0.489285 0.446079 0.540127 1.653255e-01 0.872
N:16 Run:9 0.52096 0.403716 0.519613 0.442026 0.383808 0.32178 0.263786 0.277643 0.290083 0.286532 0.296389 0.237045 0.361188 0.381076 0.392004 0.378399 0.373463 0.414874 0.424687 0.447919 0.444401 1.653255e-01 0.872
N:17 Run:0 0.439671 0.461285 0.408384 0.376603 0.370686 0.336253 0.357915 0.311171 0.306767 0.31505 0.299585 0.300868 0.296904 0.280096 0.352528 0.408782 0.410903 0.440207 0.424103 0.454943 0.435643 1.479079e-01 0.872
N:17 Run:1 0.49117 0.505247 0.529957 0.535855 0.606905 0.606456 0.580378 0.553041 0.541289 0.573694 0.617802 0.616382 0.617943 0.592096 0.526334 0.575006 0.548276 0.486361 0.433909 0.437081 0.459633 1.479079e-01 0.872
N:17 Run:2 0.67479 0.465177 0.393929 0.329485 0.307089 0.301404 0.309024 0.345885 0.361616 0.344493 0.32945 0.312336 0.335582 0.306951 0.368835 0.453262 0.499216 0.521436 0.490613 0.433764 0.43639 1.479079e-01 0.872
N:17 Run:3 0.386992 0.415844 0.40737 0.467351 0.408182 0.483449 0.483741 0.437089 0.463267 0.449056 0.449315 0.496487 0.534831 0.52254 0.560348 0.606878 0.578912 0.539061 0.58388 0.645084 0.631811 1.479079e-01 0.872
N:17 Run:4 0.488581 0.376263 0.45927 0.438841 0.410271 0.410299 0.344385 0.331012 0.339074 0.311181 0.308578 0.324522 0.301155 0.337533 0.306991 0.365797 0.39299 0.397586 0.370053 0.368283 0.401651 1.479079e-01 0.872
N:17 Run:5 0.447153 0.409696 0.409462 0.326973 0.331312 0.347147 0.296554 0.275232 0.292472 0.315843 0.341288 0.322655 0.425967 0.445486 0.435086 0.447461 0.502878 0.47367 0.385329 0.450802 0.401395 1.479079e-01 0.872
N:17 Run:6 0.438932 0.487685 0.423638 0.349089 0.335208 0.311115 0.297741 0.287571 0.276699 0.266994 0.280044 0.263981 0.295909 0.314923 0.357151 0.342352 0.378736 0.423103 0.390132 0.381184 0.424242 1.479079e-01 0.872
N:17 Run:7 0.562647 0.504481 0.46179 0.38959 0.335455 0.311169 0.327779 0.277907 0.275915 0.294398 0.264556 0.274717 0.288599 0.313812 0.344347 0.387487 0.38457 0.408957 0.39201 0.437662 0.415959 1.479079e-01 0.872
N:17 Run:8 0.545227 0.454073 0.348914 0.241243 0.191661 0.170294 0.153529 0.147428 0.14751 0.148054 0.147091 0.149158 0.583503 0.594295 0.550155 0.471234 0.491373 0.442396 0.489285 0.446079 0.540127 1.479079e-01 0.872
N:17 Run:9 0.52096 0.403716 0.519613 0.442026 0.383808 0.32178 0.263786 0.277643 0.290083 0.286532 0.296389 0.237045 0.361188 0.381076 0.392004 0.378399 0.373463 0.414874 0.424687 0.447919 0.444401 1.479079e-01 0.872
N:18 Run:0 0.439671 0.461285 0.408384 0.376603 0.370686 0.336253 0.357915 0.311171 0.306767 0.31505 0.299585 0.300868 0.296904 0.280096 0.352528 0.408782 0.410903 0.440207 0.424103 0.454943 0.435643 1.621512e-01 0.871
N:18 Run:1 0.49117 0.505247 0.529957 0.535855 0.606905 0.606456 0.580378 0.553041 0.541289 0.573694 0.617802 0.616382 0.617943 0.592096 0.526334 0.575006 0.548276 0.486361 0.433909 0.437081 0.459633 1.621512e-01 0.871
N:18 Run:2 0.67479 0.465177 0.393929 0.329485 0.307089 0.301404 0.309024 0.345885 0.361616 0.344493 0.32945 0.312336 0.335582 0.306951 0.368835 0.453262 0.499216 0.521436 0.490613 0.433764 0.43639 1.621512e-01 0.871
N:18 Run:3 0.386992 0.415844 0.40737 0.467351 0.408182 0.483449 0.483741 0.437089 0.463267 0.449056 0.449315 0.496487 0.534831 0.52254 0.560348 0.606878 0.578912 0.539061 0.58388 0.645084 0.631811 1.621512e-01 0.871
N:18 Run:4 0.488581 0.376263 0.45927 0.438841 0.410271 0.410299 0.344385 0.331012 0.339074 0.311181 0.308578 0.324522 0.301155 0.337533 0.306991 0.365797 0.39299 0.397586 0.370053 0.368283 0.401651 1.621512e-01 0.871
N:18 Run:5 0.447153 0.409696 0.409462 0.326973 0.331312 0.347147 0.296554 0.275232 0.292472 0.315843 0.341288 0.322655 0.425967 0.445486 0.435086 0.447461 0.502878 0.47367 0.385329 0.450802 0.401395 1.621512e-01 0.871
N:18 Run:6 0.438932 0.487685 0.423638 0.349089 0.335208 0.311115 0.297741 0.287571 0.276699 0.266994 0.280044 0.263981 0.295909 0.314923 0.357151 0.342352 0.378736 0.423103 0.390132 0.381184 0.424242 1.621512e-01 0.871
N:18 Run:7 0.562647 0.504481 0.46179 0.38959 0.335455 0.311169 0.327779 0.277907 0.275915 0.294398 0.264556 0.274717 0.288599 0.313812 0.344347 0.387487 0.38457 0.408957 0.39201 0.437662 0.415959 1.621512e-01 0.871
N:18 Run:8 0.545227 0.454073 0.348914 0.241243 0.191661 0.170294 0.153529 0.147428 0.14751 0.148054 0.147091 0.149158 0.583503 0.594295 0.550155 0.471234 0.491373 0.442396 0.489285 0.446079 0.540127 1.621512e-01 0.871
N:18 Run:9 0.52096 0.403716 0.519613 0.442026 0.383808 0.32178 0.263786 0.277643 0.290083 0.286532 0.296389 0.237045 0.361188 0.381076 0.392004 0.378399 0.373463 0.414874 0.424687 0.447919 0.444401 1.621512e-01 0.871
N:19 Run:0 0.439671 0.461285 0.408384 0.376603 0.370686 0.336253 0.357915 0.311171 0.306767 0.31505 0.299585 0.300868 0.296904 0.280096 0.352528 0.408782 0.410903 0.440207 0.424103 0.454943 0.435643 1.526138e-01 0.872
N:19 Run:1 0.49117 0.505247 0.529957 0.535855 0.606905 0.606456 0.580378 0.553041 0.541289 0.573694 0.617802 0.616382 0.617943 0.592096 0.526334 0.575006 0.548276 0.486361 0.433909 0.437081 0.459633 1.526138e-01 0.872
N:19 Run:2 0.67479 0.465177 0.393929 0.329485 0.307089 0.301404 0.309024 0.345885 0.361616 0.344493 0.32945 0.312336 0.335582 0.306951 0.368835 0.453262 0.499216 0.521436 0.490613 0.433764 0.43639 1.526138e-01 0.872
N:19 Run:3 0.386992 0.415844 0.40737 0.467351 0.408182 0.483449 0.483741 0.437089 0.463267 0.449056 0.449315 0.496487 0.534831 0.52254 0.560348 0.606878 0.578912 0.539061 0.58388 0.645084 0.631811 1.526138e-01 0.872
N:19 Run:4 0.488581 0.376263 0.45927 0.438841 0.410271 0.410299 0.344385 0.331012 0.339074 0.311181 0.308578 0.324522 0.301155 0.337533 0.306991 0.365797 0.39299 0.397586 0.370053 0.368283 0.401651 1.526138e-01 0.872
N:19 Run:5 0.447153 0.409696 0.409462 0.326973 0.331312 0.347147 0.296554 0.275232 0.292472 0.315843 0.341288 0.322655 0.425967 0.445486 0.435086 0.447461 0.502878 0.47367 0.385329 0.450802 0.401395 1.526138e-01 0.872
N:19 Run:6 0.438932 0.487685 0.423638 0.349089 0.335208 0.311115 0.297741 0.287571 0.276699 0.266994 0.280044 0.263981 0.295909 0.314923 0.357151 0.342352 0.378736 0.423103 0.390132 0.381184 0.424242 1.526138e-01 0.872
N:19 Run:7 0.562647 0.504481 0.46179 0.38959 0.335455 0.311169 0.327779 0.277907 0.275915 0.294398 0.264556 0.274717 0.288599 0.313812 0.344347 0.387487 0.38457 0.408957 0.39201 0.437662 0.415959 1.526138e-01 0.872
N:19 Run:8 0.545227 0.454073 0.348914 0.241243 0.191661 0.170294 0.153529 0.147428 0.14751 0.148054 0.147091 0.149158 0.583503 0.594295 0.550155 0.471234 0.491373 0.442396 0.489285 0.446079 0.540127 1.526138e-01 0.872
N:19 Run:9 0.52096 0.403716 0.519613 0.442026 0.383808 0.32178 0.263786 0.277643 0.290083 0.286532 0.296389 0.237045 0.361188 0.381076 0.392004 0.378399 0.373463 0.414874 0.424687 0.447919 0.444401 1.526138e-01 0.872
N:20 Run:0 0.439671 0.461285 0.408384 0.376603 0.370686 0.336253 0.357915 0.311171 0.306767 0.31505 0.299585 0.300868 0.296904 0.280096 0.352528 0.408782 0.410903 0.440207 0.424103 0.454943 0.435643 1.480522e-01 0.873
N:20 Run:1 0.49117 0.505247 0.529957 0.535855 0.606905 0.606456 0.580378 0.553041 0.541289 0.573694 0.617802 0.616382 0.617943 0.592096 0.526334 0.575006 0.548276 0.486361 0.433909 0.437081 0.459633 1.480522e-01 0.873
N:20 Run:2 0.67479 0.465177 0.393929 0.329485 0.307089 0.301404 0.309024 0.345885 0.361616 0.344493 0.32945 0.312336 0.335582 0.306951 0.368835 0.453262 0.499216 0.521436 0.490613 0.433764 0.43639 1.480522e-01 0.873
N:20 Run:3 0.386992 0.415844 0.40737 0.467351 0.408182 0.483449 0.483741 0.437089 0.463267 0.449056 0.449315 0.496487 0.534831 0.52254 0.560348 0.606878 0.578912 0.539061 0.58388 0.645084 0.631811 1.480522e-01 0.873
N:20 Run:4 0.488581 0.376263 0.45927 0.438841 0.410271 0.410299 0.344385 0.331012 0.339074 0.311181 0.308578 0.324522 0.301155 0.337533 0.306991 0.365797 0.39299 0.397586 0.370053 0.368283 0.401651 1.480522e-01 0.873
N:20 Run:5 0.447153 0.409696 0.409462 0.326973 0.331312 0.347147 0.296554 0.275232 0.292472 0.315843 0.341288 0.322655 0.425967 0.445486 0.435086 0.447461 0.502878 0.47367 0.385329 0.450802 0.401395 1.480522e-01 0.873
N:20 Run:6 0.438932 0.487685 0.423638 0.349089 0.335208 0.311115 0.297741 0.287571 0.276699 0.266994 0.280044 0.263981 0.295909 0.314923 0.357151 0.342352 0.378736 0.423103 0.390132 0.381184 0.424242 1.480522e-01 0.873
N:20 Run:7 0.562647 0.504481 0.46179 0.38959 0.335455 0.311169 0.327779 0.277907 0.275915 0.294398 0.264556 0.274717 0.288599 0.313812 0.344347 0.387487 0.38457 0.408957 0.39201 0.437662 0.415959 1.480522e-01 0.873
N:20 Run:8 0.545227 0.454073 0.348914 0.241243 0.191661 0.170294 0.153529 0.147428 0.14751 0.148054 0.147091 0.149158 0.583503 0.594295 0.550155 0.471234 0.491373 0.442396 0.489285 0.446079 0.540127 1.480522e-01 0.873
N:20 Run:9 0.52096 0.403716 0.519613 0.442026 0.383808 0.32178 0.263786 0.277643 0.290083 0.286532 0.296389 0.237045 0.361188 0.381076 0.392004 0.378399 0.373463 0.414874 0.424687 0.447919 0.444401 1.480522e-01 0.873
N:21 Run:0 0.439671 0.461285 0.408384 0.376603 0.370686 0.336253 0.357915 0.311171 0.306767 0.31505 0.299585 0.300868 0.296904 0.280096 0.352528 0.408782 0.410903 0.440207 0.424103 0.454943 0.435643 1.629564e-01 0.872
N:21 Run:1 0.49117 0.505247 0.529957 0.535855 0.606905 0.606456 0.580378 0.553041 0.541289 0.573694 0.617802 0.616382 0.617943 0.592096 0.526334 0.575006 0.548276 0.486361 0.433909 0.437081 0.459633 1.629564e-01 0.872
N:21 Run:2 0.67479 0.465177 0.393929 0.329485 0.307089 0.301404 0.309024 0.345885 0.361616 0.344493 0.32945 0.312336 0.335582 0.306951 0.368835 0.453262 0.499216 0.521436 0.490613 0.433764 0.43639 1.629564e-01 0.872
N:21 Run:3 0.386992 0.415844 0.40737 0.467351 0.408182 0.483449 0.483741 0.437089 0.463267 0.449056 0.449315 0.496487 0.534831 0.52254 0.560348 0.606878 0.578912 0.539061 0.58388 0.645084 0.631811 1.629564e-01 0.872
N:21 Run:4 0.488581 0.376263 0.45927 0.438841 0.410271 0.410299 0.344385 0.331012 0.339074 0.311181 0.308578 0.324522 0.301155 0.337533 0.306991 0.365797 0.39299 0.397586 0.370053 0.368283 0.401651 1.629564e-01 0.872
N:21 Run:5 0.447153 0.409696 0.409462 0.326973 0.331312 0.347147 0.296554 0.275232 0.292472 0.315843 0.341288 0.322655 0.425967 0.445486 0.435086 0.447461 0.502878 0.47367 0.385329 0.450802 0.401395 1.629564e-01 0.872
N:21 Run:6 0.438932 0.487685 0.423638 0.349089 0.335208 0.311115 0.297741 0.287571 0.276699 0.266994 0.280044 0.263981 0.295909 0.314923 0.357151 0.342352 0.378736 0.423103 0.390132 0.381184 0.424242 1.629564e-01 0.872
N:21 Run:7 0.562647 0.504481 0.46179 0.38959 0.335455 0.311169 0.327779 0.277907 0.275915 0.294398 0.264556 0.274717 0.288599 0.313812 0.344347 0.387487 0.38457 0.408957 0.39201 0.437662 0.415959 1.629564e-01 0.872
N:21 Run:8 0.545227 0.454073 0.348914 0.241243 0.191661 0.170294 0.153529 0.147428 0.14751 0.148054 0.147091 0.149158 0.583503 0.594295 0.550155 0.471234 0.491373 0.442396 0.489285 0.446079 0.540127 1.629564e-01 0.872
N:21 Run:9 0.52096 0.403716 0.519613 0.442026 0.383808 0.32178 0.263786 0.277643 0.290083 0.286532 0.296389 0.237045 0.361188 0.381076 0.392004 0.378399 0.373463 0.414874 0.424687 0.447919 0.444401 1.629564e-01 0.872
N:22 Run:0 0.439671 0.461285 0.408384 0.376603 0.370686 0.336253 0.357915 0.311171 0.306767 0.31505 0.299585 0.300868 0.296904 0.280096 0.352528 0.408782 0.410903 0.440207 0.424103 0.454943 0.435643 1.480243e-01 0.873
N:22 Run:1 0.49117 0.505247 0.529957 0.535855 0.606905 0.606456 0.580378 0.553041 0.541289 0.573694 0.617802 0.616382 0.617943 0.592096 0.526334 0.575006 0.548276 0.486361 0.433909 0.437081 0.459633 1.480243e-01 0.873
N:22 Run:2 0.67479 0.465177 0.393929 0.329485 0.307089 0.301404 0.309024 0.345885 0.361616 0.344493 0.32945 0.312336 0.335582 0.306951 0.368835 0.453262 0.499216 0.521436 0.490613 0.433764 0.43639 1.480243e-01 0.873
N:22 Run:3 0.386992 0.415844 0.40737 0.467351 0.408182 0.483449 0.483741 0.437089 0.463267 0.449056 0.449315 0.496487 0.534831 0.52254 0.560348 0.606878 0.578912 0.539061 0.58388 0.645084 0.631811 1.480243e-01 0.873
N:22 Run:4 0.488581 0.376263 0.45927 0.438841 0.410271 0.410299 0.344385 0.331012 0.339074 0.311181 0.308578 0.324522 0.301155 0.337533 0.306991 0.365797 0.39299 0.397586 0.370053 0.368283 0.401651 1.480243e-01 0.873
N:22 Run:5 0.447153 0.409696 0.409462 0.326973 0.331312 0.347147 0.296554 0.275232 0.292472 0.315843 0.341288 0.322655 0.425967 0.445486 0.435086 0.447461 0.502878 0.47367 0.385329 0.450802 0.401395 1.480243e-01 0.873
N:22 Run:6 0.438932 0.487685 0.423638 0.349089 0.335208 0.311115 0.297741 0.287571 0.276699 0.266994 0.280044 0.263981 0.295909 0.314923 0.357151 0.342352 0.378736 0.423103 0.390132 0.381184 0.424242 1.480243e-01 0.873
N:22 Run:7 0.562647 0.504481 0.46179 0.38959 0.335455 0.311169 0.327779 0.277907 0.275915 0.294398 0.264556 0.274717 0.288599 0.313812 0.344347 0.387487 0.38457 0.408957 0.39201 0.437662 0.415959 1.480243e-01 0.873
N:22 Run:8 0.545227 0.454073 0.348914 0.241243 0.191661 0.170294 0.153529 0.147428 0.14751 0.148054 0.147091 0.149158 0.583503 0.594295 0.550155 0.471234 0.491373 0.442396 0.489285 0.446079 0.540127 1.480243e-01 0.873
N:22 Run:9 0.52096 0.403716 0.519613 0.442026 0.383808 0.32178 0.263786 0.277643 0.290083 0.286532 0.296389 0.237045 0.361188 0.381076 0.392004 0.378399 0.373463 0.414874 0.424687 0.447919 0.444401 1.480243e-01 0.873
N:23 Run:0 0.439671 0.461285 0.408384 0.376603 0.370686 0.336253 0.357915 0.311171 0.306767 0.31505 0.299585 0.300868 0.296904 0.280096 0.352528 0.408782 0.410903 0.440207 0.424103 0.454943 0.435643 1.587874e-01 0.870
N:23 Run:1 0.49117 0.505247 0.529957 0.535855 0.606905 0.606456 0.580378 0.553041 0.541289 0.573694 0.617802 0.616382 0.617943 0.592096 0.526334 0.575006 0.548276 0.486361 0.433909 0.437081 0.459633 1.587874e-01 0.870
N:23 Run:2 0.67479 0.465177 0.393929 0.329485 0.307089 0.301404 0.309024 0.345885 0.361616 0.344493 0.32945 0.312336 0.335582 0.306951 0.368835 0.453262 0.499216 0.521436 0.490613 0.433764 0.43639 1.587874e-01 0.870
N:23 Run:3 0.386992 0.415844 0.40737 0.467351 0.408182 0.483449 0.483741 0.437089 0.463267 0.449056 0.449315 0.496487 0.534831 0.52254 0.560348 0.606878 0.578912 0.539061 0.58388 0.645084 0.631811 1.587874e-01 0.870
N:23 Run:4 0.488581 0.376263 0.45927 0.438841 0.410271 0.410299 0.344385 0.331012 0.339074 0.311181 0.308578 0.324522 0.301155 0.337533 0.306991 0.365797 0.39299 0.397586 0.370053 0.368283 0.401651 1.587874e-01 0.870
N:23 Run:5 0.447153 0.409696 0.409462 0.326973 0.331312 0.347147 0.296554 0.275232 0.292472 0.315843 0.341288 0.322655 0.425967 0.445486 0.435086 0.447461 0.502878 0.47367 0.385329 0.450802 0.401395 1.587874e-01 0.870
N:23 Run:6 0.438932 0.487685 0.423638 0.349089 0.335208 0.311115 0.297741 0.287571 0.276699 0.266994 0.280044 0.263981 0.295909 0.314923 0.357151 0.342352 0.378736 0.423103 0.390132 0.381184 0.424242 1.587874e-01 0.870
N:23 Run:7 0.562647 0.504481 0.46179 0.38959 0.335455 0.311169 0.327779 0.277907 0.275915 0.294398 0.264556 0.274717 0.288599 0.313812 0.344347 0.387487 0.38457 0.408957 0.39201 0.437662 0.415959 1.587874e-01 0.870
N:23 Run:8 0.545227 0.454073 0.348914 0.241243 0.191661 0.170294 0.153529 0.147428 0.14751 0.148054 0.147091 0.149158 0.583503 0.594295 0.550155 0.471234 0.491373 0.442396 0.489285 0.446079 0.540127 1.587874e-01 0.870
N:23 Run:9 0.52096 0.403716 0.519613 0.442026 0.383808 0.32178 0.263786 0.277643 0.290083 0.286532 0.296389 0.237045 0.361188 0.381076 0.392004 0.378399 0.373463 0.414874 0.424687 0.447919 0.444401 1.587874e-01 0.870
N:24 Run:0 0.439671 0.461285 0.408384 0.376603 0.370686 0.336253 0.357915 0.311171 0.306767 0.31505 0.299585 0.300868 0.296904 0.280096 0.352528 0.408782 0.410903 0.440207 0.424103 0.454943 0.435643 1.480503e-01 0.872
N:24 Run:1 0.49117 0.505247 0.529957 0.535855 0.606905 0.606456 0.580378 0.553041 0.541289 0.573694 0.617802 0.616382 0.617943 0.592096 0.526334 0.575006 0.548276 0.486361 0.433909 0.437081 0.459633 1.480503e-01 0.872
N:24 Run:2 0.67479 0.465177 0.393929 0.329485 0.307089 0.301404 0.309024 0.345885 0.361616 0.344493 0.32945 0.312336 0.335582 0.306951 0.368835 0.453262 0.499216 0.521436 0.490613 0.433764 0.43639 1.480503e-01 0.872
N:24 Run:3 0.386992 0.415844 0.40737 0.467351 0.408182 0.483449 0.483741 0.437089 0.463267 0.449056 0.449315 0.496487 0.534831 0.52254 0.560348 0.606878 0.578912 0.539061 0.58388 0.645084 0.631811 1.480503e-01 0.872
N:24 Run:4 0.488581 0.376263 0.45927 0.438841 0.410271 0.410299 0.344385 0.331012 0.339074 0.311181 0.308578 0.324522 0.301155 0.337533 0.306991 0.365797 0.39299 0.397586 0.370053 0.368283 0.401651 1.480503e-01 0.872
N:24 Run:5 0.447153 0.409696 0.409462 0.326973 0.331312 0.347147 0.296554 0.275232 0.292472 0.315843 0.341288 0.322655 0.425967 0.445486 0.435086 0.447461 0.502878 0.47367 0.385329 0.450802 0.401395 1.480503e-01 0.872
N:24 Run:6 0.438932 0.487685 0.423638 0.349089 0.335208 0.311115 0.297741 0.287571 0.276699 0.266994 0.280044 0.263981 0.295909 0.314923 0.357151 0.342352 0.378736 0.423103 0.390132 0.381184 0.424242 1.480503e-01 0.872
N:24 Run:7 0.562647 0.504481 0.46179 0.38959 0.335455 0.311169 0.327779 0.277907 0.275915 0.294398 0.264556 0.274717 0.288599 0.313812 0.344347 0.387487 0.38457 0.408957 0.39201 0.437662 0.415959 1.480503e-01 0.872
N:24 Run:8 0.545227 0.454073 0.348914 0.241243 0.191661 0.170294 0.153529 0.147428 0.14751 0.148054 0.147091 0.149158 0.583503 0.594295 0.550155 0.471234 0.491373 0.442396 0.489285 0.446079 0.540127 1.480503e-01 0.872
N:24 Run:9 0.52096 0.403716 0.519613 0.442026 0.383808 0.32178 0.263786 0.277643 0.290083 0.286532 0.296389 0.237045 0.361188 0.381076 0.392004 0.378399 0.373463 0.414874 0.424687 0.447919 0.444401 1.480503e-01 0.872
N:25 Run:0 0.439671 0.461285 0.408384 0.376603 0.370686 0.336253 0.357915 0.311171 0.306767 0.31505 0.299585 0.300868 0.296904 0.280096 0.352528 0.408782 0.410903 0.440207 0.424103 0.454943 0.435643 1.540708e-01 0.868
N:25 Run:1 0.49117 0.505247 0.529957 0.535855 0.606905 0.606456 0.580378 0.553041 0.541289 0.573694 0.617802 0.616382 0.617943 0.592096 0.526334 0.575006 0.548276 0.486361 0.433909 0.437081 0.459633 1.540708e-01 0.868
N:25 Run:2 0.67479 0.465177 0.393929 0.329485 0.307089 0.301404 0.309024 0.345885 0.361616 0.344493 0.32945 0.312336 0.335582 0.306951 0.368835 0.453262 0.499216 0.521436 0.490613 0.433764 0.43639 1.540708e-01 0.868
N:25 Run:3 0.386992 0.415844 0.40737 0.467351 0.408182 0.483449 0.483741 0.437089 0.463267 0.449056 0.449315 0.496487 0.534831 0.52254 0.560348 0.606878 0.578912 0.539061 0.58388 0.645084 0.631811 1.540708e-01 0.868
N:25 Run:4 0.488581 0.376263 0.45927 0.438841 0.410271 0.410299 0.344385 0.331012 0.339074 0.311181 0.308578 0.324522 0.301155 0.337533 0.306991 0.365797 0.39299 0.397586 0.370053 0.368283 0.401651 1.540708e-01 0.868
N:25 Run:5 0.447153 0.409696 0.409462 0.326973 0.331312 0.347147 0.296554 0.275232 0.292472 0.315843 0.341288 0.322655 0.425967 0.445486 0.435086 0.447461 0.502878 0.47367 0.385329 0.450802 0.401395 1.540708e-01 0.868
N:25 Run:6 0.438932 0.487685 0.423638 0.349089 0.335208 0.311115 0.297741 0.287571 0.276699 0.266994 0.280044 0.263981 0.295909 0.314923 0.357151 0.342352 0.378736 0.423103 0.390132 0.381184 0.424242 1.540708e-01 0.868
N:25 Run:7 0.562647 0.504481 0.46179 0.38959 0.335455 0.311169 0.327779 0.277907 0.275915 0.294398 0.264556 0.274717 0.288599 0.313812 0.344347 0.387487 0.38457 0.408957 0.39201 0.437662 0.415959 1.540708e-01 0.868
N:25 Run:8 0.545227 0.454073 0.348914 0.241243 0.191661 0.170294 0.153529 0.147428 0.14751 0.148054 0.147091 0.149158 0.583503 0.594295 0.550155 0.471234 0.491373 0.442396 0.489285 0.446079 0.540127 1.540708e-01 0.868
N:25 Run:9 0.52096 0.403716 0.519613 0.442026 0.383808 0.32178 0.263786 0.277643 0.290083 0.286532 0.296389 0.237045 0.361188 0.381076 0.392004 0.378399 0.373463 0.414874 0.424687 0.447919 0.444401 1.540708e-01 0.868
N:26 Run:0 0.439671 0.461285 0.408384 0.376603 0.370686 0.336253 0.357915 0.311171 0.306767 0.31505 0.299585 0.300868 0.296904 0.280096 0.352528 0.408782 0.410903 0.440207 0.424103 0.454943 0.435643 1.503796e-01 0.871
N:26 Run:1 0.49117 0.505247 0.529957 0.535855 0.606905 0.606456 0.580378 0.553041 0.541289 0.573694 0.617802 0.616382 0.617943 0.592096 0.526334 0.575006 0.548276 0.486361 0.433909 0.437081 0.459633 1.503796e-01 0.871
N:26 Run:2 0.67479 0.465177 0.393929 0.329485 0.307089 0.301404 0.309024 0.345885 0.361616 0.344493 0.32945 0.312336 0.335582 0.306951 0.368835 0.453262 0.499216 0.521436 0.490613 0.433764 0.43639 1.503796e-01 0.871
N:26 Run:3 0.386992 0.415844 0.40737 0.467351 0.408182 0.483449 0.483741 0.437089 0.463267 0.449056 0.449315 0.496487 0.534831 0.52254 0.560348 0.606878 0.578912 0.539061 0.58388 0.645084 0.631811 1.503796e-01 0.871
N:26 Run:4 0.488581 0.376263 0.45927 0.438841 0.410271 0.410299 0.344385 0.331012 0.339074 0.311181 0.308578 0.324522 0.301155 0.337533 0.306991 0.365797 0.39299 0.397586 0.370053 0.368283 0.401651 1.503796e-01 0.871
N:26 Run:5 0.447153 0.409696 0.409462 0.326973 0.331312 0.347147 0.296554 0.275232 0.292472 0.315843 0.341288 0.322655 0.425967 0.445486 0.435086 0.447461 0.502878 0.47367 0.385329 0.450802 0.401395 1.503796e-01 0.871
N:26 Run:6 0.438932 0.487685 0.423638 0.349089 0.335208 0.311115 0.297741 0.287571 0.276699 0.266994 0.280044 0.263981 0.295909 0.314923 0.357151 0.342352 0.378736 0.423103 0.390132 0.381184 0.424242 1.503796e-01 0.871
N:26 Run:7 0.562647 0.504481 0.46179 0.38959 0.335455 0.311169 0.327779 0.277907 0.275915 0.294398 0.264556 0.274717 0.288599 0.313812 0.344347 0.387487 0.38457 0.408957 0.39201 0.437662 0.415959 1.503796e-01 0.871
N:26 Run:8 0.545227 0.454073 0.348914 0.241243 0.191661 0.170294 0.153529 0.147428 0.14751 0.148054 0.147091 0.149158 0.583503 0.594295 0.550155 0.471234 0.491373 0.442396 0.489285 0.446079 0.540127 1.503796e-01 0.871
N:26 Run:9 0.52096 0.403716 0.519613 0.442026 0.383808 0.32178 0.263786 0.277643 0.290083 0.286532 0.296389 0.237045 0.361188 0.381076 0.392004 0.378399 0.373463 0.414874 0.424687 0.447919 0.444401 1.503796e-01 0.871
N:27 Run:0 0.439671 0.461285 0.408384 0.376603 0.370686 0.336253 0.357915 0.311171 0.306767 0.31505 0.299585 0.300868 0.296904 0.280096 0.352528 0.408782 0.410903 0.440207 0.424103 0.454943 0.435643 1.480729e-01 0.873
N:27 Run:1 0.49117 0.505247 0.529957 0.535855 0.606905 0.606456 0.580378 0.553041 0.541289 0.573694 0.617802 0.616382 0.617943 0.592096 0.526334 0.575006 0.548276 0.486361 0.433909 0.437081 0.459633 1.480729e-01 0.873
N:27 Run:2 0.67479 0.465177 0.393929 0.329485 0.307089 0.301404 0.309024 0.345885 0.361616 0.344493 0.32945 0.312336 0.335582 0.306951 0.368835 0.453262 0.499216 0.521436 0.490613 0.433764 0.43639 1.480729e-01 0.873
N:27 Run:3 0.386992 0.415844 0.40737 0.467351 0.408182 0.483449 0.483741 0.437089 0.463267 0.449056 0.449315 0.496487 0.534831 0.52254 0.560348 0.606878 0.578912 0.539061 0.58388 0.645084 0.631811 1.480729e-01 0.873
N:27 Run:4 0.488581 0.376263 0.45927 0.438841 0.410271 0.410299 0.344385 0.331012 0.339074 0.311181 0.308578 0.324522 0.301155 0.337533 0.306991 0.365797 0.39299 0.397586 0.370053 0.368283 0.401651 1.480729e-01 0.873
N:27 Run:5 0.447153 0.409696 0.409462 0.326973 0.331312 0.347147 0.296554 0.275232 0.292472 0.315843 0.341288 0.322655 0.425967 0.445486 0.435086 0.447461 0.502878 0.47367 0.385329 0.450802 0.401395 1.480729e-01 0.873
N:27 Run:6 0.438932 0.487685 0.423638 0.349089 0.335208 0.311115 0.297741 0.287571 0.276699 0.266994 0.280044 0.263981 0.295909 0.314923 0.357151 0.342352 0.378736 0.423103 0.390132 0.381184 0.424242 1.480729e-01 0.873
N:27 Run:7 0.562647 0.504481 0.46179 0.38959 0.335455 0.311169 0.327779 0.277907 0.275915 0.294398 0.264556 0.274717 0.288599 0.313812 0.344347 0.387487 0.38457 0.408957 0.39201 0.437662 0.415959 1.480729e-01 0.873
N:27 Run:8 0.545227 0.454073 0.348914 0.241243 0.191661 0.170294 0.153529 0.147428 0.14751 0.148054 0.147091 0.149158 0.583503 0.594295 0.550155 0.471234 0.491373 0.442396 0.489285 0.446079 0.540127 1.480729e-01 0.873
N:27 Run:9 0.52096 0.403716 0.519613 0.442026 0.383808 0.32178 0.263786 0.277643 0.290083 0.286532 0.296389 0.237045 0.361188 0.381076 0.392004 0.378399 0.373463 0.414874 0.424687 0.447919 0.444401 1.480729e-01 0.873
N:28 Run:0 0.439671 0.461285 0.408384 0.376603 0.370686 0.336253 0.357915 0.311171 0.306767 0.31505 0.299585 0.300868 0.296904 0.280096 0.352528 0.408782 0.410903 0.440207 0.424103 0.454943 0.435643 1.535192e-01 0.870
N:28 Run:1 0.49117 0.505247 0.529957 0.535855 0.606905 0.606456 0.580378 0.553041 0.541289 0.573694 0.617802 0.616382 0.617943 0.592096 0.526334 0.575006 0.548276 0.486361 0.433909 0.437081 0.459633 1.535192e-01 0.870
N:28 Run:2 0.67479 0.465177 0.393929 0.329485 0.307089 0.301404 0.309024 0.345885 0.361616 0.344493 0.32945 0.312336 0.335582 0.306951 0.368835 0.453262 0.499216 0.521436 0.490613 0.433764 0.43639 1.535192e-01 0.870
N:28 Run:3 0.386992 0.415844 0.40737 0.467351 0.408182 0.483449 0.483741 0.437089 0.463267 0.449056 0.449315 0.496487 0.534831 0.52254 0.560348 0.606878 0.578912 0.539061 0.58388 0.645084 0.631811 1.535192e-01 0.870
N:28 Run:4 0.488581 0.376263 0.45927 0.438841 0.410271 0.410299 0.344385 0.331012 0.339074 0.311181 0.308578 0.324522 0.301155 0.337533 0.306991 0.365797 0.39299 0.397586 0.370053 0.368283 0.401651 1.535192e-01 0.870
N:28 Run:5 0.447153 0.409696 0.409462 0.326973 0.331312 0.347147 0.296554 0.275232 0.292472 0.315843 0.341288 0.322655 0.425967 0.445486 0.435086 0.447461 0.502878 0.47367 0.385329 0.450802 0.401395 1.535192e-01 0.870
N:28 Run:6 0.438932 0.487685 0.423638 0.349089 0.335208 0.311115 0.297741 0.287571 0.276699 0.266994 0.280044 0.263981 0.295909 0.314923 0.357151 0.342352 0.378736 0.423103 0.390132 0.381184 0.424242 1.535192e-01 0.870
N:28 Run:7 0.562647 0.504481 0.46179 0.38959 0.335455 0.311169 0.327779 0.277907 0.275915 0.294398 0.264556 0.274717 0.288599 0.313812 0.344347 0.387487 0.38457 0.408957 0.39201 0.437662 0.415959 1.535192e-01 0.870
N:28 Run:8 0.545227 0.454073 0.348914 0.241243 0.191661 0.170294 0.153529 0.147428 0.14751 0.148054 0.147091 0.149158 0.583503 0.594295 0.550155 0.471234 0.491373 0.442396 0.489285 0.446079 0.540127 1.535192e-01 0.870
N:28 Run:9 0.52096 0.403716 0.519613 0.442026 0.383808 0.32178 0.263786 0.277643 0.290083 0.286532 0.296389 0.237045 0.361188 0.381076 0.392004 0.378399 0.373463 0.414874 0.424687 0.447919 0.444401 1.535192e-01 0.870
N:29 Run:0 0.439671 0.461285 0.408384 0.376603 0.370686 0.336253 0.357915 0.311171 0.306767 0.31505 0.299585 0.300868 0.296904 0.280096 0.352528 0.408782 0.410903 0.440207 0.424103 0.454943 0.435643 1.576111e-01 0.871
N:29 Run:1 0.49117 0.505247 0.529957 0.535855 0.606905 0.606456 0.580378 0.553041 0.541289 0.573694 0.617802 0.616382 0.617943 0.592096 0.526334 0.575006 0.548276 0.486361 0.433909 0.437081 0.459633 1.576111e-01 0.871
N:29 Run:2 0.67479 0.465177 0.393929 0.329485 0.307089 0.301404 0.309024 0.345885 0.361616 0.344493 0.32945 0.312336 0.335582 0.306951 0.368835 0.453262 0.499216 0.521436 0.490613 0.433764 0.43639 1.576111e-01 0.871
N:29 Run:3 0.386992 0.415844 0.40737 0.467351 0.408182 0.483449 0.483741 0.437089 0.463267 0.449056 0.449315 0.496487 0.534831 0.52254 0.560348 0.606878 0.578912 0.539061 0.58388 0.645084 0.631811 1.576111e-01 0.871
N:29 Run:4 0.488581 0.376263 0.45927 0.438841 0.410271 0.410299 0.344385 0.331012 0.339074 0.311181 0.308578 0.324522 0.301155 0.337533 0.306991 0.365797 0.39299 0.397586 0.370053 0.368283 0.401651 1.576111e-01 0.871
N:29 Run:5 0.447153 0.409696 0.409462 0.326973 0.331312 0.347147 0.296554 0.275232 0.292472 0.315843 0.341288 0.322655 0.425967 0.445486 0.435086 0.447461 0.502878 0.47367 0.385329 0.450802 0.401395 1.576111e-01 0.871
N:29 Run:6 0.438932 0.487685 0.423638 0.349089 0.335208 0.311115 0.297741 0.287571 0.276699 0.266994 0.280044 0.263981 0.295909 0.314923 0.357151 0.342352 0.378736 0.423103 0.390132 0.381184 0.424242 1.576111e-01 0.871
N:29 Run:7 0.562647 0.504481 0.46179 0.38959 0.335455 0.311169 0.327779 0.277907 0.275915 0.294398 0.264556 0.274717 0.288599 0.313812 0.344347 0.387487 0.38457 0.408957 0.39201 0.437662 0.415959 1.576111e-01 0.871
N:29 Run:8 0.545227 0.454073 0.348914 0.241243 0.191661 0.170294 0.153529 0.147428 0.14751 0.148054 0.147091 0.149158 0.583503 0.594295 0.550155 0.471234 0.491373 0.442396 0.489285 0.446079 0.540127 1.576111e-01 0.871
N:29 Run:9 0.52096 0.403716 0.519613 0.442026 0.383808 0.32178 0.263786 0.277643 0.290083 0.286532 0.296389 0.237045 0.361188 0.381076 0.392004 0.378399 0.373463 0.414874 0.424687 0.447919 0.444401 1.576111e-01 0.871
