Seed:1578641067
N:0 Run:0 0.335605 0.326728 0.337491 0.332857 0.344532 0.345832 0.360637 0.379662 0.36953 0.375232 0.356804 0.364375 0.397972 0.385588 0.392744 0.370937 0.357306 0.344625 0.3299 0.326476 0.32505 8.329623e-02 0.634
N:0 Run:1 0.327033 0.321013 0.317197 0.327394 0.316557 0.275943 0.293898 0.276803 0.280199 0.270604 0.285828 0.295029 0.296354 0.305951 0.305022 0.308244 0.296943 0.30828 0.300374 0.31447 0.313467 8.329623e-02 0.634
N:0 Run:2 0.324719 0.290067 0.221118 0.190268 0.166799 0.152651 0.154513 0.147378 0.166145 0.210925 0.223293 0.171674 0.306396 0.359529 0.373835 0.362412 0.348216 0.336564 0.321527 0.29749 0.308842 8.329623e-02 0.634
N:0 Run:3 0.323673 0.347474 0.350462 0.315004 0.329352 0.318087 0.306608 0.31269 0.325737 0.29505 0.301712 0.315686 0.316968 0.332212 0.319794 0.315258 0.298644 0.306406 0.297786 0.306285 0.29411 8.329623e-02 0.634
N:0 Run:4 0.278301 0.306971 0.408576 0.427755 0.436731 0.464026 0.507231 0.500114 0.523225 0.482599 0.462046 0.499476 0.403889 0.408474 0.360526 0.378797 0.385932 0.379617 0.360732 0.346048 0.357611 8.329623e-02 0.634
N:0 Run:5 0.339402 0.329001 0.215134 0.186444 0.160651 0.145403 0.133294 0.126041 0.143965 0.168206 0.171391 0.151595 0.294527 0.340228 0.346651 0.318035 0.322335 0.321663 0.316628 0.340604 0.331861 8.329623e-02 0.634
N:0 Run:6 0.411662 0.3617 0.309813 0.317255 0.331785 0.356628 0.354724 0.343408 0.352246 0.35622 0.344185 0.372862 0.392655 0.402257 0.39753 0.384185 0.370198 0.365401 0.337099 0.34111 0.341418 8.329623e-02 0.634
N:0 Run:7 0.380814 0.323396 0.316788 0.320637 0.320486 0.327661 0.342475 0.37645 0.365815 0.352027 0.382068 0.377297 0.410588 0.423774 0.414506 0.37333 0.364996 0.337394 0.355523 0.338382 0.3427 8.329623e-02 0.634
N:0 Run:8 0.369817 0.321329 0.304244 0.259338 0.283554 0.253171 0.249593 0.226739 0.24306 0.259191 0.29486 0.285864 0.307172 0.302741 0.293649 0.295928 0.29566 0.28804 0.307458 0.316567 0.288476 8.329623e-02 0.634
N:0 Run:9 0.262922 0.294018 0.309623 0.307571 0.321203 0.324708 0.356921 0.366292 0.354824 0.364795 0.394377 0.381293 0.384017 0.36478 0.380999 0.369484 0.343162 0.350007 0.343448 0.347935 0.326284 8.329623e-02 0.634
N:1 Run:0 0.335605 0.311261 0.337047 0.358451 0.386238 0.383448 0.392318 0.414074 0.401405 0.410811 0.389991 0.397809 0.393348 0.370891 0.376816 0.355653 0.346481 0.333935 0.333178 0.32983 0.325908 7.797214e-02 0.637
N:1 Run:1 0.327033 0.32477 0.316829 0.340799 0.331413 0.293497 0.304375 0.284939 0.286442 0.284899 0.301056 0.306846 0.298885 0.329986 0.32704 0.322514 0.300018 0.313856 0.306083 0.32038 0.307606 7.797214e-02 0.637
N:1 Run:2 0.324719 0.285762 0.214865 0.188363 0.171641 0.162094 0.162218 0.158127 0.169058 0.196582 0.205149 0.172415 0.300083 0.351162 0.355453 0.360521 0.331072 0.322317 0.327086 0.308975 0.30874 7.797214e-02 0.637
N:1 Run:3 0.323673 0.34918 0.345591 0.321012 0.326207 0.320387 0.321019 0.311209 0.333453 0.303182 0.312568 0.311517 0.316154 0.319471 0.314139 0.304691 0.295486 0.316448 0.305151 0.307515 0.295027 7.797214e-02 0.637
N:1 Run:4 0.278301 0.308056 0.445496 0.47537 0.494893 0.523869 0.575004 0.553195 0.583618 0.527389 0.510119 0.561534 0.423137 0.415656 0.361824 0.355742 0.371811 0.357883 0.344388 0.350322 0.347038 7.797214e-02 0.637
N:1 Run:5 0.339402 0.314186 0.219411 0.198881 0.184162 0.171622 0.161881 0.156667 0.171521 0.18761 0.191629 0.175735 0.306103 0.338514 0.342655 0.316667 0.312047 0.320193 0.306336 0.328954 0.336787 7.797214e-02 0.637
N:1 Run:6 0.411662 0.371553 0.303768 0.304241 0.314275 0.330063 0.317684 0.308279 0.323371 0.319823 0.308001 0.3433 0.363979 0.381026 0.37491 0.368906 0.344859 0.347543 0.324257 0.337189 0.34139 7.797214e-02 0.637
N:1 Run:7 0.380814 0.318516 0.311286 0.315669 0.313638 0.301229 0.324812 0.347356 0.334513 0.333703 0.350077 0.355439 0.405723 0.40733 0.37596 0.366948 0.361467 0.33794 0.346257 0.33409 0.345049 7.797214e-02 0.637
N:1 Run:8 0.369817 0.316978 0.274389 0.237772 0.248965 0.230236 0.231378 0.216157 0.22602 0.238359 0.252462 0.242582 0.293957 0.312759 0.29947 0.302062 0.302188 0.30592 0.306908 0.324874 0.299585 7.797214e-02 0.637
N:1 Run:9 0.262922 0.299248 0.306724 0.308152 0.315128 0.330294 0.339116 0.342786 0.347357 0.349556 0.371234 0.362797 0.381489 0.356788 0.374534 0.355627 0.334953 0.340812 0.337249 0.3477 0.336712 7.797214e-02 0.637
N:2 Run:0 0.335605 0.311261 0.337047 0.358451 0.386238 0.383448 0.392318 0.414074 0.401405 0.410811 0.389991 0.397809 0.393348 0.370891 0.376816 0.355653 0.346481 0.333935 0.333178 0.32983 0.325908 7.912027e-02 0.637
N:2 Run:1 0.327033 0.32477 0.316829 0.340799 0.331413 0.293497 0.304375 0.284939 0.286442 0.284899 0.301056 0.306846 0.298885 0.329986 0.32704 0.322514 0.300018 0.313856 0.306083 0.32038 0.307606 7.912027e-02 0.637
N:2 Run:2 0.324719 0.285762 0.214865 0.188363 0.171641 0.162094 0.162218 0.158127 0.169058 0.196582 0.205149 0.172415 0.300083 0.351162 0.355453 0.360521 0.331072 0.322317 0.327086 0.308975 0.30874 7.912027e-02 0.637
N:2 Run:3 0.323673 0.34918 0.345591 0.321012 0.326207 0.320387 0.321019 0.311209 0.333453 0.303182 0.312568 0.311517 0.316154 0.319471 0.314139 0.304691 0.295486 0.316448 0.305151 0.307515 0.295027 7.912027e-02 0.637
N:2 Run:4 0.278301 0.308056 0.445496 0.47537 0.494893 0.523869 0.575004 0.553195 0.583618 0.527389 0.510119 0.561534 0.423137 0.415656 0.361824 0.355742 0.371811 0.357883 0.344388 0.350322 0.347038 7.912027e-02 0.637
N:2 Run:5 0.339402 0.314186 0.219411 0.198881 0.184162 0.171622 0.161881 0.156667 0.171521 0.18761 0.191629 0.175735 0.306103 0.338514 0.342655 0.316667 0.312047 0.320193 0.306336 0.328954 0.336787 7.912027e-02 0.637
N:2 Run:6 0.411662 0.371553 0.303768 0.304241 0.314275 0.330063 0.317684 0.308279 0.323371 0.319823 0.308001 0.3433 0.363979 0.381026 0.37491 0.368906 0.344859 0.347543 0.324257 0.337189 0.34139 7.912027e-02 0.637
N:2 Run:7 0.380814 0.318516 0.311286 0.315669 0.313638 0.301229 0.324812 0.347356 0.334513 0.333703 0.350077 0.355439 0.405723 0.40733 0.37596 0.366948 0.361467 0.33794 0.346257 0.33409 0.345049 7.912027e-02 0.637
N:2 Run:8 0.369817 0.316978 0.274389 0.237772 0.248965 0.230236 0.231378 0.216157 0.22602 0.238359 0.252462 0.242582 0.293957 0.312759 0.29947 0.302062 0.302188 0.30592 0.306908 0.324874 0.299585 7.912027e-02 0.637
N:2 Run:9 0.262922 0.299248 0.306724 0.308152 0.315128 0.330294 0.339116 0.342786 0.347357 0.349556 0.371234 0.362797 0.381489 0.356788 0.374534 0.355627 0.334953 0.340812 0.337249 0.3477 0.336712 7.912027e-02 0.637
N:3 Run:0 0.335605 0.311261 0.337047 0.358451 0.386238 0.383448 0.392318 0.414074 0.401405 0.410811 0.389991 0.397809 0.393348 0.370891 0.376816 0.355653 0.346481 0.333935 0.333178 0.32983 0.325908 8.732897e-02 0.632
N:3 Run:1 0.327033 0.32477 0.316829 0.340799 0.331413 0.293497 0.304375 0.284939 0.286442 0.284899 0.301056 0.306846 0.298885 0.329986 0.32704 0.322514 0.300018 0.313856 0.306083 0.32038 0.307606 8.732897e-02 0.632
N:3 Run:2 0.324719 0.285762 0.214865 0.188363 0.171641 0.162094 0.162218 0.158127 0.169058 0.196582 0.205149 0.172415 0.300083 0.351162 0.355453 0.360521 0.331072 0.322317 0.327086 0.308975 0.30874 8.732897e-02 0.632
N:3 Run:3 0.323673 0.34918 0.345591 0.321012 0.326207 0.320387 0.321019 0.311209 0.333453 0.303182 0.312568 0.311517 0.316154 0.319471 0.314139 0.304691 0.295486 0.316448 0.305151 0.307515 0.295027 8.732897e-02 0.632
N:3 Run:4 0.278301 0.308056 0.445496 0.47537 0.494893 0.523869 0.575004 0.553195 0.583618 0.527389 0.510119 0.561534 0.423137 0.415656 0.361824 0.355742 0.371811 0.357883 0.344388 0.350322 0.347038 8.732897e-02 0.632
N:3 Run:5 0.339402 0.314186 0.219411 0.198881 0.184162 0.171622 0.161881 0.156667 0.171521 0.18761 0.191629 0.175735 0.306103 0.338514 0.342655 0.316667 0.312047 0.320193 0.306336 0.328954 0.336787 8.732897e-02 0.632
N:3 Run:6 0.411662 0.371553 0.303768 0.304241 0.314275 0.330063 0.317684 0.308279 0.323371 0.319823 0.308001 0.3433 0.363979 0.381026 0.37491 0.368906 0.344859 0.347543 0.324257 0.337189 0.34139 8.732897e-02 0.632
N:3 Run:7 0.380814 0.318516 0.311286 0.315669 0.313638 0.301229 0.324812 0.347356 0.334513 0.333703 0.350077 0.355439 0.405723 0.40733 0.37596 0.366948 0.361467 0.33794 0.346257 0.33409 0.345049 8.732897e-02 0.632
N:3 Run:8 0.369817 0.316978 0.274389 0.237772 0.248965 0.230236 0.231378 0.216157 0.22602 0.238359 0.252462 0.242582 0.293957 0.312759 0.29947 0.302062 0.302188 0.30592 0.306908 0.324874 0.299585 8.732897e-02 0.632
N:3 Run:9 0.262922 0.299248 0.306724 0.308152 0.315128 0.330294 0.339116 0.342786 0.347357 0.349556 0.371234 0.362797 0.381489 0.356788 0.374534 0.355627 0.334953 0.340812 0.337249 0.3477 0.336712 8.732897e-02 0.632
N:4 Run:0 0.335605 0.311261 0.337047 0.358451 0.386238 0.383448 0.392318 0.414074 0.401405 0.410811 0.389991 0.397809 0.393348 0.370891 0.376816 0.355653 0.346481 0.333935 0.333178 0.32983 0.325908 8.367640e-02 0.635
N:4 Run:1 0.327033 0.32477 0.316829 0.340799 0.331413 0.293497 0.304375 0.284939 0.286442 0.284899 0.301056 0.306846 0.298885 0.329986 0.32704 0.322514 0.300018 0.313856 0.306083 0.32038 0.307606 8.367640e-02 0.635
N:4 Run:2 0.324719 0.285762 0.214865 0.188363 0.171641 0.162094 0.162218 0.158127 0.169058 0.196582 0.205149 0.172415 0.300083 0.351162 0.355453 0.360521 0.331072 0.322317 0.327086 0.308975 0.30874 8.367640e-02 0.635
N:4 Run:3 0.323673 0.34918 0.345591 0.321012 0.326207 0.320387 0.321019 0.311209 0.333453 0.303182 0.312568 0.311517 0.316154 0.319471 0.314139 0.304691 0.295486 0.316448 0.305151 0.307515 0.295027 8.367640e-02 0.635
N:4 Run:4 0.278301 0.308056 0.445496 0.47537 0.494893 0.523869 0.575004 0.553195 0.583618 0.527389 0.510119 0.561534 0.423137 0.415656 0.361824 0.355742 0.371811 0.357883 0.344388 0.350322 0.347038 8.367640e-02 0.635
N:4 Run:5 0.339402 0.314186 0.219411 0.198881 0.184162 0.171622 0.161881 0.156667 0.171521 0.18761 0.191629 0.175735 0.306103 0.338514 0.342655 0.316667 0.312047 0.320193 0.306336 0.328954 0.336787 8.367640e-02 0.635
N:4 Run:6 0.411662 0.371553 0.303768 0.304241 0.314275 0.330063 0.317684 0.308279 0.323371 0.319823 0.308001 0.3433 0.363979 0.381026 0.37491 0.368906 0.344859 0.347543 0.324257 0.337189 0.34139 8.367640e-02 0.635
N:4 Run:7 0.380814 0.318516 0.311286 0.315669 0.313638 0.301229 0.324812 0.347356 0.334513 0.333703 0.350077 0.355439 0.405723 0.40733 0.37596 0.366948 0.361467 0.33794 0.346257 0.33409 0.345049 8.367640e-02 0.635
N:4 Run:8 0.369817 0.316978 0.274389 0.237772 0.248965 0.230236 0.231378 0.216157 0.22602 0.238359 0.252462 0.242582 0.293957 0.312759 0.29947 0.302062 0.302188 0.30592 0.306908 0.324874 0.299585 8.367640e-02 0.635
N:4 Run:9 0.262922 0.299248 0.306724 0.308152 0.315128 0.330294 0.339116 0.342786 0.347357 0.349556 0.371234 0.362797 0.381489 0.356788 0.374534 0.355627 0.334953 0.340812 0.337249 0.3477 0.336712 8.367640e-02 0.635
N:5 Run:0 0.335605 0.311261 0.337047 0.358451 0.386238 0.383448 0.392318 0.414074 0.401405 0.410811 0.389991 0.397809 0.393348 0.370891 0.376816 0.355653 0.346481 0.333935 0.333178 0.32983 0.325908 8.371888e-02 0.626
N:5 Run:1 0.327033 0.32477 0.316829 0.340799 0.331413 0.293497 0.304375 0.284939 0.286442 0.284899 0.301056 0.306846 0.298885 0.329986 0.32704 0.322514 0.300018 0.313856 0.306083 0.32038 0.307606 8.371888e-02 0.626
N:5 Run:2 0.324719 0.285762 0.214865 0.188363 0.171641 0.162094 0.162218 0.158127 0.169058 0.196582 0.205149 0.172415 0.300083 0.351162 0.355453 0.360521 0.331072 0.322317 0.327086 0.308975 0.30874 8.371888e-02 0.626
N:5 Run:3 0.323673 0.34918 0.345591 0.321012 0.326207 0.320387 0.321019 0.311209 0.333453 0.303182 0.312568 0.311517 0.316154 0.319471 0.314139 0.304691 0.295486 0.316448 0.305151 0.307515 0.295027 8.371888e-02 0.626
N:5 Run:4 0.278301 0.308056 0.445496 0.47537 0.494893 0.523869 0.575004 0.553195 0.583618 0.527389 0.510119 0.561534 0.423137 0.415656 0.361824 0.355742 0.371811 0.357883 0.344388 0.350322 0.347038 8.371888e-02 0.626
N:5 Run:5 0.339402 0.314186 0.219411 0.198881 0.184162 0.171622 0.161881 0.156667 0.171521 0.18761 0.191629 0.175735 0.306103 0.338514 0.342655 0.316667 0.312047 0.320193 0.306336 0.328954 0.336787 8.371888e-02 0.626
N:5 Run:6 0.411662 0.371553 0.303768 0.304241 0.314275 0.330063 0.317684 0.308279 0.323371 0.319823 0.308001 0.3433 0.363979 0.381026 0.37491 0.368906 0.344859 0.347543 0.324257 0.337189 0.34139 8.371888e-02 0.626
N:5 Run:7 0.380814 0.318516 0.311286 0.315669 0.313638 0.301229 0.324812 0.347356 0.334513 0.333703 0.350077 0.355439 0.405723 0.40733 0.37596 0.366948 0.361467 0.33794 0.346257 0.33409 0.345049 8.371888e-02 0.626
N:5 Run:8 0.369817 0.316978 0.274389 0.237772 0.248965 0.230236 0.231378 0.216157 0.22602 0.238359 0.252462 0.242582 0.293957 0.312759 0.29947 0.302062 0.302188 0.30592 0.306908 0.324874 0.299585 8.371888e-02 0.626
N:5 Run:9 0.262922 0.299248 0.306724 0.308152 0.315128 0.330294 0.339116 0.342786 0.347357 0.349556 0.371234 0.362797 0.381489 0.356788 0.374534 0.355627 0.334953 0.340812 0.337249 0.3477 0.336712 8.371888e-02 0.626
N:6 Run:0 0.335605 0.311261 0.337047 0.358451 0.386238 0.383448 0.392318 0.414074 0.401405 0.410811 0.389991 0.397809 0.393348 0.370891 0.376816 0.355653 0.346481 0.333935 0.333178 0.32983 0.325908 8.052541e-02 0.635
N:6 Run:1 0.327033 0.32477 0.316829 0.340799 0.331413 0.293497 0.304375 0.284939 0.286442 0.284899 0.301056 0.306846 0.298885 0.329986 0.32704 0.322514 0.300018 0.313856 0.306083 0.32038 0.307606 8.052541e-02 0.635
N:6 Run:2 0.324719 0.285762 0.214865 0.188363 0.171641 0.162094 0.162218 0.158127 0.169058 0.196582 0.205149 0.172415 0.300083 0.351162 0.355453 0.360521 0.331072 0.322317 0.327086 0.308975 0.30874 8.052541e-02 0.635
N:6 Run:3 0.323673 0.34918 0.345591 0.321012 0.326207 0.320387 0.321019 0.311209 0.333453 0.303182 0.312568 0.311517 0.316154 0.319471 0.314139 0.304691 0.295486 0.316448 0.305151 0.307515 0.295027 8.052541e-02 0.635
N:6 Run:4 0.278301 0.308056 0.445496 0.47537 0.494893 0.523869 0.575004 0.553195 0.583618 0.527389 0.510119 0.561534 0.423137 0.415656 0.361824 0.355742 0.371811 0.357883 0.344388 0.350322 0.347038 8.052541e-02 0.635
N:6 Run:5 0.339402 0.314186 0.219411 0.198881 0.184162 0.171622 0.161881 0.156667 0.171521 0.18761 0.191629 0.175735 0.306103 0.338514 0.342655 0.316667 0.312047 0.320193 0.306336 0.328954 0.336787 8.052541e-02 0.635
N:6 Run:6 0.411662 0.371553 0.303768 0.304241 0.314275 0.330063 0.317684 0.308279 0.323371 0.319823 0.308001 0.3433 0.363979 0.381026 0.37491 0.368906 0.344859 0.347543 0.324257 0.337189 0.34139 8.052541e-02 0.635
N:6 Run:7 0.380814 0.318516 0.311286 0.315669 0.313638 0.301229 0.324812 0.347356 0.334513 0.333703 0.350077 0.355439 0.405723 0.40733 0.37596 0.366948 0.361467 0.33794 0.346257 0.33409 0.345049 8.052541e-02 0.635
N:6 Run:8 0.369817 0.316978 0.274389 0.237772 0.248965 0.230236 0.231378 0.216157 0.22602 0.238359 0.252462 0.242582 0.293957 0.312759 0.29947 0.302062 0.302188 0.30592 0.306908 0.324874 0.299585 8.052541e-02 0.635
N:6 Run:9 0.262922 0.299248 0.306724 0.308152 0.315128 0.330294 0.339116 0.342786 0.347357 0.349556 0.371234 0.362797 0.381489 0.356788 0.374534 0.355627 0.334953 0.340812 0.337249 0.3477 0.336712 8.052541e-02 0.635
N:7 Run:0 0.335605 0.311261 0.337047 0.358451 0.386238 0.383448 0.392318 0.414074 0.401405 0.410811 0.389991 0.397809 0.393348 0.370891 0.376816 0.355653 0.346481 0.333935 0.333178 0.32983 0.325908 8.275948e-02 0.629
N:7 Run:1 0.327033 0.32477 0.316829 0.340799 0.331413 0.293497 0.304375 0.284939 0.286442 0.284899 0.301056 0.306846 0.298885 0.329986 0.32704 0.322514 0.300018 0.313856 0.306083 0.32038 0.307606 8.275948e-02 0.629
N:7 Run:2 0.324719 0.285762 0.214865 0.188363 0.171641 0.162094 0.162218 0.158127 0.169058 0.196582 0.205149 0.172415 0.300083 0.351162 0.355453 0.360521 0.331072 0.322317 0.327086 0.308975 0.30874 8.275948e-02 0.629
N:7 Run:3 0.323673 0.34918 0.345591 0.321012 0.326207 0.320387 0.321019 0.311209 0.333453 0.303182 0.312568 0.311517 0.316154 0.319471 0.314139 0.304691 0.295486 0.316448 0.305151 0.307515 0.295027 8.275948e-02 0.629
N:7 Run:4 0.278301 0.308056 0.445496 0.47537 0.494893 0.523869 0.575004 0.553195 0.583618 0.527389 0.510119 0.561534 0.423137 0.415656 0.361824 0.355742 0.371811 0.357883 0.344388 0.350322 0.347038 8.275948e-02 0.629
N:7 Run:5 0.339402 0.314186 0.219411 0.198881 0.184162 0.171622 0.161881 0.156667 0.171521 0.18761 0.191629 0.175735 0.306103 0.338514 0.342655 0.316667 0.312047 0.320193 0.306336 0.328954 0.336787 8.275948e-02 0.629
N:7 Run:6 0.411662 0.371553 0.303768 0.304241 0.314275 0.330063 0.317684 0.308279 0.323371 0.319823 0.308001 0.3433 0.363979 0.381026 0.37491 0.368906 0.344859 0.347543 0.324257 0.337189 0.34139 8.275948e-02 0.629
N:7 Run:7 0.380814 0.318516 0.311286 0.315669 0.313638 0.301229 0.324812 0.347356 0.334513 0.333703 0.350077 0.355439 0.405723 0.40733 0.37596 0.366948 0.361467 0.33794 0.346257 0.33409 0.345049 8.275948e-02 0.629
N:7 Run:8 0.369817 0.316978 0.274389 0.237772 0.248965 0.230236 0.231378 0.216157 0.22602 0.238359 0.252462 0.242582 0.293957 0.312759 0.29947 0.302062 0.302188 0.30592 0.306908 0.324874 0.299585 8.275948e-02 0.629
N:7 Run:9 0.262922 0.299248 0.306724 0.308152 0.315128 0.330294 0.339116 0.342786 0.347357 0.349556 0.371234 0.362797 0.381489 0.356788 0.374534 0.355627 0.334953 0.340812 0.337249 0.3477 0.336712 8.275948e-02 0.629
N:8 Run:0 0.335605 0.311261 0.337047 0.358451 0.386238 0.383448 0.392318 0.414074 0.401405 0.410811 0.389991 0.397809 0.393348 0.370891 0.376816 0.355653 0.346481 0.333935 0.333178 0.32983 0.325908 7.957649e-02 0.631
N:8 Run:1 0.327033 0.32477 0.316829 0.340799 0.331413 0.293497 0.304375 0.284939 0.286442 0.284899 0.301056 0.306846 0.298885 0.329986 0.32704 0.322514 0.300018 0.313856 0.306083 0.32038 0.307606 7.957649e-02 0.631
N:8 Run:2 0.324719 0.285762 0.214865 0.188363 0.171641 0.162094 0.162218 0.158127 0.169058 0.196582 0.205149 0.172415 0.300083 0.351162 0.355453 0.360521 0.331072 0.322317 0.327086 0.308975 0.30874 7.957649e-02 0.631
N:8 Run:3 0.323673 0.34918 0.345591 0.321012 0.326207 0.320387 0.321019 0.311209 0.333453 0.303182 0.312568 0.311517 0.316154 0.319471 0.314139 0.304691 0.295486 0.316448 0.305151 0.307515 0.295027 7.957649e-02 0.631
N:8 Run:4 0.278301 0.308056 0.445496 0.47537 0.494893 0.523869 0.575004 0.553195 0.583618 0.527389 0.510119 0.561534 0.423137 0.415656 0.361824 0.355742 0.371811 0.357883 0.344388 0.350322 0.347038 7.957649e-02 0.631
N:8 Run:5 0.339402 0.314186 0.219411 0.198881 0.184162 0.171622 0.161881 0.156667 0.171521 0.18761 0.191629 0.175735 0.306103 0.338514 0.342655 0.316667 0.312047 0.320193 0.306336 0.328954 0.336787 7.957649e-02 0.631
N:8 Run:6 0.411662 0.371553 0.303768 0.304241 0.314275 0.330063 0.317684 0.308279 0.323371 0.319823 0.308001 0.3433 0.363979 0.381026 0.37491 0.368906 0.344859 0.347543 0.324257 0.337189 0.34139 7.957649e-02 0.631
N:8 Run:7 0.380814 0.318516 0.311286 0.315669 0.313638 0.301229 0.324812 0.347356 0.334513 0.333703 0.350077 0.355439 0.405723 0.40733 0.37596 0.366948 0.361467 0.33794 0.346257 0.33409 0.345049 7.957649e-02 0.631
N:8 Run:8 0.369817 0.316978 0.274389 0.237772 0.248965 0.230236 0.231378 0.216157 0.22602 0.238359 0.252462 0.242582 0.293957 0.312759 0.29947 0.302062 0.302188 0.30592 0.306908 0.324874 0.299585 7.957649e-02 0.631
N:8 Run:9 0.262922 0.299248 0.306724 0.308152 0.315128 0.330294 0.339116 0.342786 0.347357 0.349556 0.371234 0.362797 0.381489 0.356788 0.374534 0.355627 0.334953 0.340812 0.337249 0.3477 0.336712 7.957649e-02 0.631
N:9 Run:0 0.335605 0.311261 0.337047 0.358451 0.386238 0.383448 0.392318 0.414074 0.401405 0.410811 0.389991 0.397809 0.393348 0.370891 0.376816 0.355653 0.346481 0.333935 0.333178 0.32983 0.325908 8.525597e-02 0.635
N:9 Run:1 0.327033 0.32477 0.316829 0.340799 0.331413 0.293497 0.304375 0.284939 0.286442 0.284899 0.301056 0.306846 0.298885 0.329986 0.32704 0.322514 0.300018 0.313856 0.306083 0.32038 0.307606 8.525597e-02 0.635
N:9 Run:2 0.324719 0.285762 0.214865 0.188363 0.171641 0.162094 0.162218 0.158127 0.169058 0.196582 0.205149 0.172415 0.300083 0.351162 0.355453 0.360521 0.331072 0.322317 0.327086 0.308975 0.30874 8.525597e-02 0.635
N:9 Run:3 0.323673 0.34918 0.345591 0.321012 0.326207 0.320387 0.321019 0.311209 0.333453 0.303182 0.312568 0.311517 0.316154 0.319471 0.314139 0.304691 0.295486 0.316448 0.305151 0.307515 0.295027 8.525597e-02 0.635
N:9 Run:4 0.278301 0.308056 0.445496 0.47537 0.494893 0.523869 0.575004 0.553195 0.583618 0.527389 0.510119 0.561534 0.423137 0.415656 0.361824 0.355742 0.371811 0.357883 0.344388 0.350322 0.347038 8.525597e-02 0.635
N:9 Run:5 0.339402 0.314186 0.219411 0.198881 0.184162 0.171622 0.161881 0.156667 0.171521 0.18761 0.191629 0.175735 0.306103 0.338514 0.342655 0.316667 0.312047 0.320193 0.306336 0.328954 0.336787 8.525597e-02 0.635
N:9 Run:6 0.411662 0.371553 0.303768 0.304241 0.314275 0.330063 0.317684 0.308279 0.323371 0.319823 0.308001 0.3433 0.363979 0.381026 0.37491 0.368906 0.344859 0.347543 0.324257 0.337189 0.34139 8.525597e-02 0.635
N:9 Run:7 0.380814 0.318516 0.311286 0.315669 0.313638 0.301229 0.324812 0.347356 0.334513 0.333703 0.350077 0.355439 0.405723 0.40733 0.37596 0.366948 0.361467 0.33794 0.346257 0.33409 0.345049 8.525597e-02 0.635
N:9 Run:8 0.369817 0.316978 0.274389 0.237772 0.248965 0.230236 0.231378 0.216157 0.22602 0.238359 0.252462 0.242582 0.293957 0.312759 0.29947 0.302062 0.302188 0.30592 0.306908 0.324874 0.299585 8.525597e-02 0.635
N:9 Run:9 0.262922 0.299248 0.306724 0.308152 0.315128 0.330294 0.339116 0.342786 0.347357 0.349556 0.371234 0.362797 0.381489 0.356788 0.374534 0.355627 0.334953 0.340812 0.337249 0.3477 0.336712 8.525597e-02 0.635
N:10 Run:0 0.335605 0.311261 0.337047 0.358451 0.386238 0.383448 0.392318 0.414074 0.401405 0.410811 0.389991 0.397809 0.393348 0.370891 0.376816 0.355653 0.346481 0.333935 0.333178 0.32983 0.325908 8.082328e-02 0.634
N:10 Run:1 0.327033 0.32477 0.316829 0.340799 0.331413 0.293497 0.304375 0.284939 0.286442 0.284899 0.301056 0.306846 0.298885 0.329986 0.32704 0.322514 0.300018 0.313856 0.306083 0.32038 0.307606 8.082328e-02 0.634
N:10 Run:2 0.324719 0.285762 0.214865 0.188363 0.171641 0.162094 0.162218 0.158127 0.169058 0.196582 0.205149 0.172415 0.300083 0.351162 0.355453 0.360521 0.331072 0.322317 0.327086 0.308975 0.30874 8.082328e-02 0.634
N:10 Run:3 0.323673 0.34918 0.345591 0.321012 0.326207 0.320387 0.321019 0.311209 0.333453 0.303182 0.312568 0.311517 0.316154 0.319471 0.314139 0.304691 0.295486 0.316448 0.305151 0.307515 0.295027 8.082328e-02 0.634
N:10 Run:4 0.278301 0.308056 0.445496 0.47537 0.494893 0.523869 0.575004 0.553195 0.583618 0.527389 0.510119 0.561534 0.423137 0.415656 0.361824 0.355742 0.371811 0.357883 0.344388 0.350322 0.347038 8.082328e-02 0.634
N:10 Run:5 0.339402 0.314186 0.219411 0.198881 0.184162 0.171622 0.161881 0.156667 0.171521 0.18761 0.191629 0.175735 0.306103 0.338514 0.342655 0.316667 0.312047 0.320193 0.306336 0.328954 0.336787 8.082328e-02 0.634
N:10 Run:6 0.411662 0.371553 0.303768 0.304241 0.314275 0.330063 0.317684 0.308279 0.323371 0.319823 0.308001 0.3433 0.363979 0.381026 0.37491 0.368906 0.344859 0.347543 0.324257 0.337189 0.34139 8.082328e-02 0.634
N:10 Run:7 0.380814 0.318516 0.311286 0.315669 0.313638 0.301229 0.324812 0.347356 0.334513 0.333703 0.350077 0.355439 0.405723 0.40733 0.37596 0.366948 0.361467 0.33794 0.346257 0.33409 0.345049 8.082328e-02 0.634
N:10 Run:8 0.369817 0.316978 0.274389 0.237772 0.248965 0.230236 0.231378 0.216157 0.22602 0.238359 0.252462 0.242582 0.293957 0.312759 0.29947 0.302062 0.302188 0.30592 0.306908 0.324874 0.299585 8.082328e-02 0.634
N:10 Run:9 0.262922 0.299248 0.306724 0.308152 0.315128 0.330294 0.339116 0.342786 0.347357 0.349556 0.371234 0.362797 0.381489 0.356788 0.374534 0.355627 0.334953 0.340812 0.337249 0.3477 0.336712 8.082328e-02 0.634
N:11 Run:0 0.335605 0.311261 0.337047 0.358451 0.386238 0.383448 0.392318 0.414074 0.401405 0.410811 0.389991 0.397809 0.393348 0.370891 0.376816 0.355653 0.346481 0.333935 0.333178 0.32983 0.325908 8.112905e-02 0.635
N:11 Run:1 0.327033 0.32477 0.316829 0.340799 0.331413 0.293497 0.304375 0.284939 0.286442 0.284899 0.301056 0.306846 0.298885 0.329986 0.32704 0.322514 0.300018 0.313856 0.306083 0.32038 0.307606 8.112905e-02 0.635
N:11 Run:2 0.324719 0.285762 0.214865 0.188363 0.171641 0.162094 0.162218 0.158127 0.169058 0.196582 0.205149 0.172415 0.300083 0.351162 0.355453 0.360521 0.331072 0.322317 0.327086 0.308975 0.30874 8.112905e-02 0.635
N:11 Run:3 0.323673 0.34918 0.345591 0.321012 0.326207 0.320387 0.321019 0.311209 0.333453 0.303182 0.312568 0.311517 0.316154 0.319471 0.314139 0.304691 0.295486 0.316448 0.305151 0.307515 0.295027 8.112905e-02 0.635
N:11 Run:4 0.278301 0.308056 0.445496 0.47537 0.494893 0.523869 0.575004 0.553195 0.583618 0.527389 0.510119 0.561534 0.423137 0.415656 0.361824 0.355742 0.371811 0.357883 0.344388 0.350322 0.347038 8.112905e-02 0.635
N:11 Run:5 0.339402 0.314186 0.219411 0.198881 0.184162 0.171622 0.161881 0.156667 0.171521 0.18761 0.191629 0.175735 0.306103 0.338514 0.342655 0.316667 0.312047 0.320193 0.306336 0.328954 0.336787 8.112905e-02 0.635
N:11 Run:6 0.411662 0.371553 0.303768 0.304241 0.314275 0.330063 0.317684 0.308279 0.323371 0.319823 0.308001 0.3433 0.363979 0.381026 0.37491 0.368906 0.344859 0.347543 0.324257 0.337189 0.34139 8.112905e-02 0.635
N:11 Run:7 0.380814 0.318516 0.311286 0.315669 0.313638 0.301229 0.324812 0.347356 0.334513 0.333703 0.350077 0.355439 0.405723 0.40733 0.37596 0.366948 0.361467 0.33794 0.346257 0.33409 0.345049 8.112905e-02 0.635
N:11 Run:8 0.369817 0.316978 0.274389 0.237772 0.248965 0.230236 0.231378 0.216157 0.22602 0.238359 0.252462 0.242582 0.293957 0.312759 0.29947 0.302062 0.302188 0.30592 0.306908 0.324874 0.299585 8.112905e-02 0.635
N:11 Run:9 0.262922 0.299248 0.306724 0.308152 0.315128 0.330294 0.339116 0.342786 0.347357 0.349556 0.371234 0.362797 0.381489 0.356788 0.374534 0.355627 0.334953 0.340812 0.337249 0.3477 0.336712 8.112905e-02 0.635
N:12 Run:0 0.335605 0.311261 0.337047 0.358451 0.386238 0.383448 0.392318 0.414074 0.401405 0.410811 0.389991 0.397809 0.393348 0.370891 0.376816 0.355653 0.346481 0.333935 0.333178 0.32983 0.325908 8.077164e-02 0.634
N:12 Run:1 0.327033 0.32477 0.316829 0.340799 0.331413 0.293497 0.304375 0.284939 0.286442 0.284899 0.301056 0.306846 0.298885 0.329986 0.32704 0.322514 0.300018 0.313856 0.306083 0.32038 0.307606 8.077164e-02 0.634
N:12 Run:2 0.324719 0.285762 0.214865 0.188363 0.171641 0.162094 0.162218 0.158127 0.169058 0.196582 0.205149 0.172415 0.300083 0.351162 0.355453 0.360521 0.331072 0.322317 0.327086 0.308975 0.30874 8.077164e-02 0.634
N:12 Run:3 0.323673 0.34918 0.345591 0.321012 0.326207 0.320387 0.321019 0.311209 0.333453 0.303182 0.312568 0.311517 0.316154 0.319471 0.314139 0.304691 0.295486 0.316448 0.305151 0.307515 0.295027 8.077164e-02 0.634
N:12 Run:4 0.278301 0.308056 0.445496 0.47537 0.494893 0.523869 0.575004 0.553195 0.583618 0.527389 0.510119 0.561534 0.423137 0.415656 0.361824 0.355742 0.371811 0.357883 0.344388 0.350322 0.347038 8.077164e-02 0.634
N:12 Run:5 0.339402 0.314186 0.219411 0.198881 0.184162 0.171622 0.161881 0.156667 0.171521 0.18761 0.191629 0.175735 0.306103 0.338514 0.342655 0.316667 0.312047 0.320193 0.306336 0.328954 0.336787 8.077164e-02 0.634
N:12 Run:6 0.411662 0.371553 0.303768 0.304241 0.314275 0.330063 0.317684 0.308279 0.323371 0.319823 0.308001 0.3433 0.363979 0.381026 0.37491 0.368906 0.344859 0.347543 0.324257 0.337189 0.34139 8.077164e-02 0.634
N:12 Run:7 0.380814 0.318516 0.311286 0.315669 0.313638 0.301229 0.324812 0.347356 0.334513 0.333703 0.350077 0.355439 0.405723 0.40733 0.37596 0.366948 0.361467 0.33794 0.346257 0.33409 0.345049 8.077164e-02 0.634
N:12 Run:8 0.369817 0.316978 0.274389 0.237772 0.248965 0.230236 0.231378 0.216157 0.22602 0.238359 0.252462 0.242582 0.293957 0.312759 0.29947 0.302062 0.302188 0.30592 0.306908 0.324874 0.299585 8.077164e-02 0.634
N:12 Run:9 0.262922 0.299248 0.306724 0.308152 0.315128 0.330294 0.339116 0.342786 0.347357 0.349556 0.371234 0.362797 0.381489 0.356788 0.374534 0.355627 0.334953 0.340812 0.337249 0.3477 0.336712 8.077164e-02 0.634
N:13 Run:0 0.335605 0.311261 0.337047 0.358451 0.386238 0.383448 0.392318 0.414074 0.401405 0.410811 0.389991 0.397809 0.393348 0.370891 0.376816 0.355653 0.346481 0.333935 0.333178 0.32983 0.325908 8.678779e-02 0.634
N:13 Run:1 0.327033 0.32477 0.316829 0.340799 0.331413 0.293497 0.304375 0.284939 0.286442 0.284899 0.301056 0.306846 0.298885 0.329986 0.32704 0.322514 0.300018 0.313856 0.306083 0.32038 0.307606 8.678779e-02 0.634
N:13 Run:2 0.324719 0.285762 0.214865 0.188363 0.171641 0.162094 0.162218 0.158127 0.169058 0.196582 0.205149 0.172415 0.300083 0.351162 0.355453 0.360521 0.331072 0.322317 0.327086 0.308975 0.30874 8.678779e-02 0.634
N:13 Run:3 0.323673 0.34918 0.345591 0.321012 0.326207 0.320387 0.321019 0.311209 0.333453 0.303182 0.312568 0.311517 0.316154 0.319471 0.314139 0.304691 0.295486 0.316448 0.305151 0.307515 0.295027 8.678779e-02 0.634
N:13 Run:4 0.278301 0.308056 0.445496 0.47537 0.494893 0.523869 0.575004 0.553195 0.583618 0.527389 0.510119 0.561534 0.423137 0.415656 0.361824 0.355742 0.371811 0.357883 0.344388 0.350322 0.347038 8.678779e-02 0.634
N:13 Run:5 0.339402 0.314186 0.219411 0.198881 0.184162 0.171622 0.161881 0.156667 0.171521 0.18761 0.191629 0.175735 0.306103 0.338514 0.342655 0.316667 0.312047 0.320193 0.306336 0.328954 0.336787 8.678779e-02 0.634
N:13 Run:6 0.411662 0.371553 0.303768 0.304241 0.314275 0.330063 0.317684 0.308279 0.323371 0.319823 0.308001 0.3433 0.363979 0.381026 0.37491 0.368906 0.344859 0.347543 0.324257 0.337189 0.34139 8.678779e-02 0.634
N:13 Run:7 0.380814 0.318516 0.311286 0.315669 0.313638 0.301229 0.324812 0.347356 0.334513 0.333703 0.350077 0.355439 0.405723 0.40733 0.37596 0.366948 0.361467 0.33794 0.346257 0.33409 0.345049 8.678779e-02 0.634
N:13 Run:8 0.369817 0.316978 0.274389 0.237772 0.248965 0.230236 0.231378 0.216157 0.22602 0.238359 0.252462 0.242582 0.293957 0.312759 0.29947 0.302062 0.302188 0.30592 0.306908 0.324874 0.299585 8.678779e-02 0.634
N:13 Run:9 0.262922 0.299248 0.306724 0.308152 0.315128 0.330294 0.339116 0.342786 0.347357 0.349556 0.371234 0.362797 0.381489 0.356788 0.374534 0.355627 0.334953 0.340812 0.337249 0.3477 0.336712 8.678779e-02 0.634
N:14 Run:0 0.335605 0.311261 0.337047 0.358451 0.386238 0.383448 0.392318 0.414074 0.401405 0.410811 0.389991 0.397809 0.393348 0.370891 0.376816 0.355653 0.346481 0.333935 0.333178 0.32983 0.325908 8.686227e-02 0.632
N:14 Run:1 0.327033 0.32477 0.316829 0.340799 0.331413 0.293497 0.304375 0.284939 0.286442 0.284899 0.301056 0.306846 0.298885 0.329986 0.32704 0.322514 0.300018 0.313856 0.306083 0.32038 0.307606 8.686227e-02 0.632
N:14 Run:2 0.324719 0.285762 0.214865 0.188363 0.171641 0.162094 0.162218 0.158127 0.169058 0.196582 0.205149 0.172415 0.300083 0.351162 0.355453 0.360521 0.331072 0.322317 0.327086 0.308975 0.30874 8.686227e-02 0.632
N:14 Run:3 0.323673 0.34918 0.345591 0.321012 0.326207 0.320387 0.321019 0.311209 0.333453 0.303182 0.312568 0.311517 0.316154 0.319471 0.314139 0.304691 0.295486 0.316448 0.305151 0.307515 0.295027 8.686227e-02 0.632
N:14 Run:4 0.278301 0.308056 0.445496 0.47537 0.494893 0.523869 0.575004 0.553195 0.583618 0.527389 0.510119 0.561534 0.423137 0.415656 0.361824 0.355742 0.371811 0.357883 0.344388 0.350322 0.347038 8.686227e-02 0.632
N:14 Run:5 0.339402 0.314186 0.219411 0.198881 0.184162 0.171622 0.161881 0.156667 0.171521 0.18761 0.191629 0.175735 0.306103 0.338514 0.342655 0.316667 0.312047 0.320193 0.306336 0.328954 0.336787 8.686227e-02 0.632
N:14 Run:6 0.411662 0.371553 0.303768 0.304241 0.314275 0.330063 0.317684 0.308279 0.323371 0.319823 0.308001 0.3433 0.363979 0.381026 0.37491 0.368906 0.344859 0.347543 0.324257 0.337189 0.34139 8.686227e-02 0.632
N:14 Run:7 0.380814 0.318516 0.311286 0.315669 0.313638 0.301229 0.324812 0.347356 0.334513 0.333703 0.350077 0.355439 0.405723 0.40733 0.37596 0.366948 0.361467 0.33794 0.346257 0.33409 0.345049 8.686227e-02 0.632
N:14 Run:8 0.369817 0.316978 0.274389 0.237772 0.248965 0.230236 0.231378 0.216157 0.22602 0.238359 0.252462 0.242582 0.293957 0.312759 0.29947 0.302062 0.302188 0.30592 0.306908 0.324874 0.299585 8.686227e-02 0.632
N:14 Run:9 0.262922 0.299248 0.306724 0.308152 0.315128 0.330294 0.339116 0.342786 0.347357 0.349556 0.371234 0.362797 0.381489 0.356788 0.374534 0.355627 0.334953 0.340812 0.337249 0.3477 0.336712 8.686227e-02 0.632
N:15 Run:0 0.335605 0.311261 0.337047 0.358451 0.386238 0.383448 0.392318 0.414074 0.401405 0.410811 0.389991 0.397809 0.393348 0.370891 0.376816 0.355653 0.346481 0.333935 0.333178 0.32983 0.325908 7.994968e-02 0.638
N:15 Run:1 0.327033 0.32477 0.316829 0.340799 0.331413 0.293497 0.304375 0.284939 0.286442 0.284899 0.301056 0.306846 0.298885 0.329986 0.32704 0.322514 0.300018 0.313856 0.306083 0.32038 0.307606 7.994968e-02 0.638
N:15 Run:2 0.324719 0.285762 0.214865 0.188363 0.171641 0.162094 0.162218 0.158127 0.169058 0.196582 0.205149 0.172415 0.300083 0.351162 0.355453 0.360521 0.331072 0.322317 0.327086 0.308975 0.30874 7.994968e-02 0.638
N:15 Run:3 0.323673 0.34918 0.345591 0.321012 0.326207 0.320387 0.321019 0.311209 0.333453 0.303182 0.312568 0.311517 0.316154 0.319471 0.314139 0.304691 0.295486 0.316448 0.305151 0.307515 0.295027 7.994968e-02 0.638
N:15 Run:4 0.278301 0.308056 0.445496 0.47537 0.494893 0.523869 0.575004 0.553195 0.583618 0.527389 0.510119 0.561534 0.423137 0.415656 0.361824 0.355742 0.371811 0.357883 0.344388 0.350322 0.347038 7.994968e-02 0.638
N:15 Run:5 0.339402 0.314186 0.219411 0.198881 0.184162 0.171622 0.161881 0.156667 0.171521 0.18761 0.191629 0.175735 0.306103 0.338514 0.342655 0.316667 0.312047 0.320193 0.306336 0.328954 0.336787 7.994968e-02 0.638
N:15 Run:6 0.411662 0.371553 0.303768 0.304241 0.314275 0.330063 0.317684 0.308279 0.323371 0.319823 0.308001 0.3433 0.363979 0.381026 0.37491 0.368906 0.344859 0.347543 0.324257 0.337189 0.34139 7.994968e-02 0.638
N:15 Run:7 0.380814 0.318516 0.311286 0.315669 0.313638 0.301229 0.324812 0.347356 0.334513 0.333703 0.350077 0.355439 0.405723 0.40733 0.37596 0.366948 0.361467 0.33794 0.346257 0.33409 0.345049 7.994968e-02 0.638
N:15 Run:8 0.369817 0.316978 0.274389 0.237772 0.248965 0.230236 0.231378 0.216157 0.22602 0.238359 0.252462 0.242582 0.293957 0.312759 0.29947 0.302062 0.302188 0.30592 0.306908 0.324874 0.299585 7.994968e-02 0.638
N:15 Run:9 0.262922 0.299248 0.306724 0.308152 0.315128 0.330294 0.339116 0.342786 0.347357 0.349556 0.371234 0.362797 0.381489 0.356788 0.374534 0.355627 0.334953 0.340812 0.337249 0.3477 0.336712 7.994968e-02 0.638
N:16 Run:0 0.335605 0.311261 0.337047 0.358451 0.386238 0.383448 0.392318 0.414074 0.401405 0.410811 0.389991 0.397809 0.393348 0.370891 0.376816 0.355653 0.346481 0.333935 0.333178 0.32983 0.325908 7.989098e-02 0.635
N:16 Run:1 0.327033 0.32477 0.316829 0.340799 0.331413 0.293497 0.304375 0.284939 0.286442 0.284899 0.301056 0.306846 0.298885 0.329986 0.32704 0.322514 0.300018 0.313856 0.306083 0.32038 0.307606 7.989098e-02 0.635
N:16 Run:2 0.324719 0.285762 0.214865 0.188363 0.171641 0.162094 0.162218 0.158127 0.169058 0.196582 0.205149 0.172415 0.300083 0.351162 0.355453 0.360521 0.331072 0.322317 0.327086 0.308975 0.30874 7.989098e-02 0.635
N:16 Run:3 0.323673 0.34918 0.345591 0.321012 0.326207 0.320387 0.321019 0.311209 0.333453 0.303182 0.312568 0.311517 0.316154 0.319471 0.314139 0.304691 0.295486 0.316448 0.305151 0.307515 0.295027 7.989098e-02 0.635
N:16 Run:4 0.278301 0.308056 0.445496 0.47537 0.494893 0.523869 0.575004 0.553195 0.583618 0.527389 0.510119 0.561534 0.423137 0.415656 0.361824 0.355742 0.371811 0.357883 0.344388 0.350322 0.347038 7.989098e-02 0.635
N:16 Run:5 0.339402 0.314186 0.219411 0.198881 0.184162 0.171622 0.161881 0.156667 0.171521 0.18761 0.191629 0.175735 0.306103 0.338514 0.342655 0.316667 0.312047 0.320193 0.306336 0.328954 0.336787 7.989098e-02 0.635
N:16 Run:6 0.411662 0.371553 0.303768 0.304241 0.314275 0.330063 0.317684 0.308279 0.323371 0.319823 0.308001 0.3433 0.363979 0.381026 0.37491 0.368906 0.344859 0.347543 0.324257 0.337189 0.34139 7.989098e-02 0.635
N:16 Run:7 0.380814 0.318516 0.311286 0.315669 0.313638 0.301229 0.324812 0.347356 0.334513 0.333703 0.350077 0.355439 0.405723 0.40733 0.37596 0.366948 0.361467 0.33794 0.346257 0.33409 0.345049 7.989098e-02 0.635
N:16 Run:8 0.369817 0.316978 0.274389 0.237772 0.248965 0.230236 0.231378 0.216157 0.22602 0.238359 0.252462 0.242582 0.293957 0.312759 0.29947 0.302062 0.302188 0.30592 0.306908 0.324874 0.299585 7.989098e-02 0.635
N:16 Run:9 0.262922 0.299248 0.306724 0.308152 0.315128 0.330294 0.339116 0.342786 0.347357 0.349556 0.371234 0.362797 0.381489 0.356788 0.374534 0.355627 0.334953 0.340812 0.337249 0.3477 0.336712 7.989098e-02 0.635
N:17 Run:0 0.335605 0.311261 0.337047 0.358451 0.386238 0.383448 0.392318 0.414074 0.401405 0.410811 0.389991 0.397809 0.393348 0.370891 0.376816 0.355653 0.346481 0.333935 0.333178 0.32983 0.325908 8.585359e-02 0.636
N:17 Run:1 0.327033 0.32477 0.316829 0.340799 0.331413 0.293497 0.304375 0.284939 0.286442 0.284899 0.301056 0.306846 0.298885 0.329986 0.32704 0.322514 0.300018 0.313856 0.306083 0.32038 0.307606 8.585359e-02 0.636
N:17 Run:2 0.324719 0.285762 0.214865 0.188363 0.171641 0.162094 0.162218 0.158127 0.169058 0.196582 0.205149 0.172415 0.300083 0.351162 0.355453 0.360521 0.331072 0.322317 0.327086 0.308975 0.30874 8.585359e-02 0.636
N:17 Run:3 0.323673 0.34918 0.345591 0.321012 0.326207 0.320387 0.321019 0.311209 0.333453 0.303182 0.312568 0.311517 0.316154 0.319471 0.314139 0.304691 0.295486 0.316448 0.305151 0.307515 0.295027 8.585359e-02 0.636
N:17 Run:4 0.278301 0.308056 0.445496 0.47537 0.494893 0.523869 0.575004 0.553195 0.583618 0.527389 0.510119 0.561534 0.423137 0.415656 0.361824 0.355742 0.371811 0.357883 0.344388 0.350322 0.347038 8.585359e-02 0.636
N:17 Run:5 0.339402 0.314186 0.219411 0.198881 0.184162 0.171622 0.161881 0.156667 0.171521 0.18761 0.191629 0.175735 0.306103 0.338514 0.342655 0.316667 0.312047 0.320193 0.306336 0.328954 0.336787 8.585359e-02 0.636
N:17 Run:6 0.411662 0.371553 0.303768 0.304241 0.314275 0.330063 0.317684 0.308279 0.323371 0.319823 0.308001 0.3433 0.363979 0.381026 0.37491 0.368906 0.344859 0.347543 0.324257 0.337189 0.34139 8.585359e-02 0.636
N:17 Run:7 0.380814 0.318516 0.311286 0.315669 0.313638 0.301229 0.324812 0.347356 0.334513 0.333703 0.350077 0.355439 0.405723 0.40733 0.37596 0.366948 0.361467 0.33794 0.346257 0.33409 0.345049 8.585359e-02 0.636
N:17 Run:8 0.369817 0.316978 0.274389 0.237772 0.248965 0.230236 0.231378 0.216157 0.22602 0.238359 0.252462 0.242582 0.293957 0.312759 0.29947 0.302062 0.302188 0.30592 0.306908 0.324874 0.299585 8.585359e-02 0.636
N:17 Run:9 0.262922 0.299248 0.306724 0.308152 0.315128 0.330294 0.339116 0.342786 0.347357 0.349556 0.371234 0.362797 0.381489 0.356788 0.374534 0.355627 0.334953 0.340812 0.337249 0.3477 0.336712 8.585359e-02 0.636
N:18 Run:0 0.335605 0.311261 0.337047 0.358451 0.386238 0.383448 0.392318 0.414074 0.401405 0.410811 0.389991 0.397809 0.393348 0.370891 0.376816 0.355653 0.346481 0.333935 0.333178 0.32983 0.325908 8.338322e-02 0.633
N:18 Run:1 0.327033 0.32477 0.316829 0.340799 0.331413 0.293497 0.304375 0.284939 0.286442 0.284899 0.301056 0.306846 0.298885 0.329986 0.32704 0.322514 0.300018 0.313856 0.306083 0.32038 0.307606 8.338322e-02 0.633
N:18 Run:2 0.324719 0.285762 0.214865 0.188363 0.171641 0.162094 0.162218 0.158127 0.169058 0.196582 0.205149 0.172415 0.300083 0.351162 0.355453 0.360521 0.331072 0.322317 0.327086 0.308975 0.30874 8.338322e-02 0.633
N:18 Run:3 0.323673 0.34918 0.345591 0.321012 0.326207 0.320387 0.321019 0.311209 0.333453 0.303182 0.312568 0.311517 0.316154 0.319471 0.314139 0.304691 0.295486 0.316448 0.305151 0.307515 0.295027 8.338322e-02 0.633
N:18 Run:4 0.278301 0.308056 0.445496 0.47537 0.494893 0.523869 0.575004 0.553195 0.583618 0.527389 0.510119 0.561534 0.423137 0.415656 0.361824 0.355742 0.371811 0.357883 0.344388 0.350322 0.347038 8.338322e-02 0.633
N:18 Run:5 0.339402 0.314186 0.219411 0.198881 0.184162 0.171622 0.161881 0.156667 0.171521 0.18761 0.191629 0.175735 0.306103 0.338514 0.342655 0.316667 0.312047 0.320193 0.306336 0.328954 0.336787 8.338322e-02 0.633
N:18 Run:6 0.411662 0.371553 0.303768 0.304241 0.314275 0.330063 0.317684 0.308279 0.323371 0.319823 0.308001 0.3433 0.363979 0.381026 0.37491 0.368906 0.344859 0.347543 0.324257 0.337189 0.34139 8.338322e-02 0.633
N:18 Run:7 0.380814 0.318516 0.311286 0.315669 0.313638 0.301229 0.324812 0.347356 0.334513 0.333703 0.350077 0.355439 0.405723 0.40733 0.37596 0.366948 0.361467 0.33794 0.346257 0.33409 0.345049 8.338322e-02 0.633
N:18 Run:8 0.369817 0.316978 0.274389 0.237772 0.248965 0.230236 0.231378 0.216157 0.22602 0.238359 0.252462 0.242582 0.293957 0.312759 0.29947 0.302062 0.302188 0.30592 0.306908 0.324874 0.299585 8.338322e-02 0.633
N:18 Run:9 0.262922 0.299248 0.306724 0.308152 0.315128 0.330294 0.339116 0.342786 0.347357 0.349556 0.371234 0.362797 0.381489 0.356788 0.374534 0.355627 0.334953 0.340812 0.337249 0.3477 0.336712 8.338322e-02 0.633
N:19 Run:0 0.335605 0.311261 0.337047 0.358451 0.386238 0.383448 0.392318 0.414074 0.401405 0.410811 0.389991 0.397809 0.393348 0.370891 0.376816 0.355653 0.346481 0.333935 0.333178 0.32983 0.325908 8.326844e-02 0.632
N:19 Run:1 0.327033 0.32477 0.316829 0.340799 0.331413 0.293497 0.304375 0.284939 0.286442 0.284899 0.301056 0.306846 0.298885 0.329986 0.32704 0.322514 0.300018 0.313856 0.306083 0.32038 0.307606 8.326844e-02 0.632
N:19 Run:2 0.324719 0.285762 0.214865 0.188363 0.171641 0.162094 0.162218 0.158127 0.169058 0.196582 0.205149 0.172415 0.300083 0.351162 0.355453 0.360521 0.331072 0.322317 0.327086 0.308975 0.30874 8.326844e-02 0.632
N:19 Run:3 0.323673 0.34918 0.345591 0.321012 0.326207 0.320387 0.321019 0.311209 0.333453 0.303182 0.312568 0.311517 0.316154 0.319471 0.314139 0.304691 0.295486 0.316448 0.305151 0.307515 0.295027 8.326844e-02 0.632
N:19 Run:4 0.278301 0.308056 0.445496 0.47537 0.494893 0.523869 0.575004 0.553195 0.583618 0.527389 0.510119 0.561534 0.423137 0.415656 0.361824 0.355742 0.371811 0.357883 0.344388 0.350322 0.347038 8.326844e-02 0.632
N:19 Run:5 0.339402 0.314186 0.219411 0.198881 0.184162 0.171622 0.161881 0.156667 0.171521 0.18761 0.191629 0.175735 0.306103 0.338514 0.342655 0.316667 0.312047 0.320193 0.306336 0.328954 0.336787 8.326844e-02 0.632
N:19 Run:6 0.411662 0.371553 0.303768 0.304241 0.314275 0.330063 0.317684 0.308279 0.323371 0.319823 0.308001 0.3433 0.363979 0.381026 0.37491 0.368906 0.344859 0.347543 0.324257 0.337189 0.34139 8.326844e-02 0.632
N:19 Run:7 0.380814 0.318516 0.311286 0.315669 0.313638 0.301229 0.324812 0.347356 0.334513 0.333703 0.350077 0.355439 0.405723 0.40733 0.37596 0.366948 0.361467 0.33794 0.346257 0.33409 0.345049 8.326844e-02 0.632
N:19 Run:8 0.369817 0.316978 0.274389 0.237772 0.248965 0.230236 0.231378 0.216157 0.22602 0.238359 0.252462 0.242582 0.293957 0.312759 0.29947 0.302062 0.302188 0.30592 0.306908 0.324874 0.299585 8.326844e-02 0.632
N:19 Run:9 0.262922 0.299248 0.306724 0.308152 0.315128 0.330294 0.339116 0.342786 0.347357 0.349556 0.371234 0.362797 0.381489 0.356788 0.374534 0.355627 0.334953 0.340812 0.337249 0.3477 0.336712 8.326844e-02 0.632
N:20 Run:0 0.335605 0.311261 0.337047 0.358451 0.386238 0.383448 0.392318 0.414074 0.401405 0.410811 0.389991 0.397809 0.393348 0.370891 0.376816 0.355653 0.346481 0.333935 0.333178 0.32983 0.325908 8.308543e-02 0.631
N:20 Run:1 0.327033 0.32477 0.316829 0.340799 0.331413 0.293497 0.304375 0.284939 0.286442 0.284899 0.301056 0.306846 0.298885 0.329986 0.32704 0.322514 0.300018 0.313856 0.306083 0.32038 0.307606 8.308543e-02 0.631
N:20 Run:2 0.324719 0.285762 0.214865 0.188363 0.171641 0.162094 0.162218 0.158127 0.169058 0.196582 0.205149 0.172415 0.300083 0.351162 0.355453 0.360521 0.331072 0.322317 0.327086 0.308975 0.30874 8.308543e-02 0.631
N:20 Run:3 0.323673 0.34918 0.345591 0.321012 0.326207 0.320387 0.321019 0.311209 0.333453 0.303182 0.312568 0.311517 0.316154 0.319471 0.314139 0.304691 0.295486 0.316448 0.305151 0.307515 0.295027 8.308543e-02 0.631
N:20 Run:4 0.278301 0.308056 0.445496 0.47537 0.494893 0.523869 0.575004 0.553195 0.583618 0.527389 0.510119 0.561534 0.423137 0.415656 0.361824 0.355742 0.371811 0.357883 0.344388 0.350322 0.347038 8.308543e-02 0.631
N:20 Run:5 0.339402 0.314186 0.219411 0.198881 0.184162 0.171622 0.161881 0.156667 0.171521 0.18761 0.191629 0.175735 0.306103 0.338514 0.342655 0.316667 0.312047 0.320193 0.306336 0.328954 0.336787 8.308543e-02 0.631
N:20 Run:6 0.411662 0.371553 0.303768 0.304241 0.314275 0.330063 0.317684 0.308279 0.323371 0.319823 0.308001 0.3433 0.363979 0.381026 0.37491 0.368906 0.344859 0.347543 0.324257 0.337189 0.34139 8.308543e-02 0.631
N:20 Run:7 0.380814 0.318516 0.311286 0.315669 0.313638 0.301229 0.324812 0.347356 0.334513 0.333703 0.350077 0.355439 0.405723 0.40733 0.37596 0.366948 0.361467 0.33794 0.346257 0.33409 0.345049 8.308543e-02 0.631
N:20 Run:8 0.369817 0.316978 0.274389 0.237772 0.248965 0.230236 0.231378 0.216157 0.22602 0.238359 0.252462 0.242582 0.293957 0.312759 0.29947 0.302062 0.302188 0.30592 0.306908 0.324874 0.299585 8.308543e-02 0.631
N:20 Run:9 0.262922 0.299248 0.306724 0.308152 0.315128 0.330294 0.339116 0.342786 0.347357 0.349556 0.371234 0.362797 0.381489 0.356788 0.374534 0.355627 0.334953 0.340812 0.337249 0.3477 0.336712 8.308543e-02 0.631
N:21 Run:0 0.335605 0.311261 0.337047 0.358451 0.386238 0.383448 0.392318 0.414074 0.401405 0.410811 0.389991 0.397809 0.393348 0.370891 0.376816 0.355653 0.346481 0.333935 0.333178 0.32983 0.325908 8.418411e-02 0.634
N:21 Run:1 0.327033 0.32477 0.316829 0.340799 0.331413 0.293497 0.304375 0.284939 0.286442 0.284899 0.301056 0.306846 0.298885 0.329986 0.32704 0.322514 0.300018 0.313856 0.306083 0.32038 0.307606 8.418411e-02 0.634
N:21 Run:2 0.324719 0.285762 0.214865 0.188363 0.171641 0.162094 0.162218 0.158127 0.169058 0.196582 0.205149 0.172415 0.300083 0.351162 0.355453 0.360521 0.331072 0.322317 0.327086 0.308975 0.30874 8.418411e-02 0.634
N:21 Run:3 0.323673 0.34918 0.345591 0.321012 0.326207 0.320387 0.321019 0.311209 0.333453 0.303182 0.312568 0.311517 0.316154 0.319471 0.314139 0.304691 0.295486 0.316448 0.305151 0.307515 0.295027 8.418411e-02 0.634
N:21 Run:4 0.278301 0.308056 0.445496 0.47537 0.494893 0.523869 0.575004 0.553195 0.583618 0.527389 0.510119 0.561534 0.423137 0.415656 0.361824 0.355742 0.371811 0.357883 0.344388 0.350322 0.347038 8.418411e-02 0.634
N:21 Run:5 0.339402 0.314186 0.219411 0.198881 0.184162 0.171622 0.161881 0.156667 0.171521 0.18761 0.191629 0.175735 0.306103 0.338514 0.342655 0.316667 0.312047 0.320193 0.306336 0.328954 0.336787 8.418411e-02 0.634
N:21 Run:6 0.411662 0.371553 0.303768 0.304241 0.314275 0.330063 0.317684 0.308279 0.323371 0.319823 0.308001 0.3433 0.363979 0.381026 0.37491 0.368906 0.344859 0.347543 0.324257 0.337189 0.34139 8.418411e-02 0.634
N:21 Run:7 0.380814 0.318516 0.311286 0.315669 0.313638 0.301229 0.324812 0.347356 0.334513 0.333703 0.350077 0.355439 0.405723 0.40733 0.37596 0.366948 0.361467 0.33794 0.346257 0.33409 0.345049 8.418411e-02 0.634
N:21 Run:8 0.369817 0.316978 0.274389 0.237772 0.248965 0.230236 0.231378 0.216157 0.22602 0.238359 0.252462 0.242582 0.293957 0.312759 0.29947 0.302062 0.302188 0.30592 0.306908 0.324874 0.299585 8.418411e-02 0.634
N:21 Run:9 0.262922 0.299248 0.306724 0.308152 0.315128 0.330294 0.339116 0.342786 0.347357 0.349556 0.371234 0.362797 0.381489 0.356788 0.374534 0.355627 0.334953 0.340812 0.337249 0.3477 0.336712 8.418411e-02 0.634
N:22 Run:0 0.335605 0.311261 0.337047 0.358451 0.386238 0.383448 0.392318 0.414074 0.401405 0.410811 0.389991 0.397809 0.393348 0.370891 0.376816 0.355653 0.346481 0.333935 0.333178 0.32983 0.325908 8.020930e-02 0.634
N:22 Run:1 0.327033 0.32477 0.316829 0.340799 0.331413 0.293497 0.304375 0.284939 0.286442 0.284899 0.301056 0.306846 0.298885 0.329986 0.32704 0.322514 0.300018 0.313856 0.306083 0.32038 0.307606 8.020930e-02 0.634
N:22 Run:2 0.324719 0.285762 0.214865 0.188363 0.171641 0.162094 0.162218 0.158127 0.169058 0.196582 0.205149 0.172415 0.300083 0.351162 0.355453 0.360521 0.331072 0.322317 0.327086 0.308975 0.30874 8.020930e-02 0.634
N:22 Run:3 0.323673 0.34918 0.345591 0.321012 0.326207 0.320387 0.321019 0.311209 0.333453 0.303182 0.312568 0.311517 0.316154 0.319471 0.314139 0.304691 0.295486 0.316448 0.305151 0.307515 0.295027 8.020930e-02 0.634
N:22 Run:4 0.278301 0.308056 0.445496 0.47537 0.494893 0.523869 0.575004 0.553195 0.583618 0.527389 0.510119 0.561534 0.423137 0.415656 0.361824 0.355742 0.371811 0.357883 0.344388 0.350322 0.347038 8.020930e-02 0.634
N:22 Run:5 0.339402 0.314186 0.219411 0.198881 0.184162 0.171622 0.161881 0.156667 0.171521 0.18761 0.191629 0.175735 0.306103 0.338514 0.342655 0.316667 0.312047 0.320193 0.306336 0.328954 0.336787 8.020930e-02 0.634
N:22 Run:6 0.411662 0.371553 0.303768 0.304241 0.314275 0.330063 0.317684 0.308279 0.323371 0.319823 0.308001 0.3433 0.363979 0.381026 0.37491 0.368906 0.344859 0.347543 0.324257 0.337189 0.34139 8.020930e-02 0.634
N:22 Run:7 0.380814 0.318516 0.311286 0.315669 0.313638 0.301229 0.324812 0.347356 0.334513 0.333703 0.350077 0.355439 0.405723 0.40733 0.37596 0.366948 0.361467 0.33794 0.346257 0.33409 0.345049 8.020930e-02 0.634
N:22 Run:8 0.369817 0.316978 0.274389 0.237772 0.248965 0.230236 0.231378 0.216157 0.22602 0.238359 0.252462 0.242582 0.293957 0.312759 0.29947 0.302062 0.302188 0.30592 0.306908 0.324874 0.299585 8.020930e-02 0.634
N:22 Run:9 0.262922 0.299248 0.306724 0.308152 0.315128 0.330294 0.339116 0.342786 0.347357 0.349556 0.371234 0.362797 0.381489 0.356788 0.374534 0.355627 0.334953 0.340812 0.337249 0.3477 0.336712 8.020930e-02 0.634
N:23 Run:0 0.335605 0.311261 0.337047 0.358451 0.386238 0.383448 0.392318 0.414074 0.401405 0.410811 0.389991 0.397809 0.393348 0.370891 0.376816 0.355653 0.346481 0.333935 0.333178 0.32983 0.325908 8.424590e-02 0.622
N:23 Run:1 0.327033 0.32477 0.316829 0.340799 0.331413 0.293497 0.304375 0.284939 0.286442 0.284899 0.301056 0.306846 0.298885 0.329986 0.32704 0.322514 0.300018 0.313856 0.306083 0.32038 0.307606 8.424590e-02 0.622
N:23 Run:2 0.324719 0.285762 0.214865 0.188363 0.171641 0.162094 0.162218 0.158127 0.169058 0.196582 0.205149 0.172415 0.300083 0.351162 0.355453 0.360521 0.331072 0.322317 0.327086 0.308975 0.30874 8.424590e-02 0.622
N:23 Run:3 0.323673 0.34918 0.345591 0.321012 0.326207 0.320387 0.321019 0.311209 0.333453 0.303182 0.312568 0.311517 0.316154 0.319471 0.314139 0.304691 0.295486 0.316448 0.305151 0.307515 0.295027 8.424590e-02 0.622
N:23 Run:4 0.278301 0.308056 0.445496 0.47537 0.494893 0.523869 0.575004 0.553195 0.583618 0.527389 0.510119 0.561534 0.423137 0.415656 0.361824 0.355742 0.371811 0.357883 0.344388 0.350322 0.347038 8.424590e-02 0.622
N:23 Run:5 0.339402 0.314186 0.219411 0.198881 0.184162 0.171622 0.161881 0.156667 0.171521 0.18761 0.191629 0.175735 0.306103 0.338514 0.342655 0.316667 0.312047 0.320193 0.306336 0.328954 0.336787 8.424590e-02 0.622
N:23 Run:6 0.411662 0.371553 0.303768 0.304241 0.314275 0.330063 0.317684 0.308279 0.323371 0.319823 0.308001 0.3433 0.363979 0.381026 0.37491 0.368906 0.344859 0.347543 0.324257 0.337189 0.34139 8.424590e-02 0.622
N:23 Run:7 0.380814 0.318516 0.311286 0.315669 0.313638 0.301229 0.324812 0.347356 0.334513 0.333703 0.350077 0.355439 0.405723 0.40733 0.37596 0.366948 0.361467 0.33794 0.346257 0.33409 0.345049 8.424590e-02 0.622
N:23 Run:8 0.369817 0.316978 0.274389 0.237772 0.248965 0.230236 0.231378 0.216157 0.22602 0.238359 0.252462 0.242582 0.293957 0.312759 0.29947 0.302062 0.302188 0.30592 0.306908 0.324874 0.299585 8.424590e-02 0.622
N:23 Run:9 0.262922 0.299248 0.306724 0.308152 0.315128 0.330294 0.339116 0.342786 0.347357 0.349556 0.371234 0.362797 0.381489 0.356788 0.374534 0.355627 0.334953 0.340812 0.337249 0.3477 0.336712 8.424590e-02 0.622
N:24 Run:0 0.335605 0.311261 0.337047 0.358451 0.386238 0.383448 0.392318 0.414074 0.401405 0.410811 0.389991 0.397809 0.393348 0.370891 0.376816 0.355653 0.346481 0.333935 0.333178 0.32983 0.325908 8.765752e-02 0.636
N:24 Run:1 0.327033 0.32477 0.316829 0.340799 0.331413 0.293497 0.304375 0.284939 0.286442 0.284899 0.301056 0.306846 0.298885 0.329986 0.32704 0.322514 0.300018 0.313856 0.306083 0.32038 0.307606 8.765752e-02 0.636
N:24 Run:2 0.324719 0.285762 0.214865 0.188363 0.171641 0.162094 0.162218 0.158127 0.169058 0.196582 0.205149 0.172415 0.300083 0.351162 0.355453 0.360521 0.331072 0.322317 0.327086 0.308975 0.30874 8.765752e-02 0.636
N:24 Run:3 0.323673 0.34918 0.345591 0.321012 0.326207 0.320387 0.321019 0.311209 0.333453 0.303182 0.312568 0.311517 0.316154 0.319471 0.314139 0.304691 0.295486 0.316448 0.305151 0.307515 0.295027 8.765752e-02 0.636
N:24 Run:4 0.278301 0.308056 0.445496 0.47537 0.494893 0.523869 0.575004 0.553195 0.583618 0.527389 0.510119 0.561534 0.423137 0.415656 0.361824 0.355742 0.371811 0.357883 0.344388 0.350322 0.347038 8.765752e-02 0.636
N:24 Run:5 0.339402 0.314186 0.219411 0.198881 0.184162 0.171622 0.161881 0.156667 0.171521 0.18761 0.191629 0.175735 0.306103 0.338514 0.342655 0.316667 0.312047 0.320193 0.306336 0.328954 0.336787 8.765752e-02 0.636
N:24 Run:6 0.411662 0.371553 0.303768 0.304241 0.314275 0.330063 0.317684 0.308279 0.323371 0.319823 0.308001 0.3433 0.363979 0.381026 0.37491 0.368906 0.344859 0.347543 0.324257 0.337189 0.34139 8.765752e-02 0.636
N:24 Run:7 0.380814 0.318516 0.311286 0.315669 0.313638 0.301229 0.324812 0.347356 0.334513 0.333703 0.350077 0.355439 0.405723 0.40733 0.37596 0.366948 0.361467 0.33794 0.346257 0.33409 0.345049 8.765752e-02 0.636
N:24 Run:8 0.369817 0.316978 0.274389 0.237772 0.248965 0.230236 0.231378 0.216157 0.22602 0.238359 0.252462 0.242582 0.293957 0.312759 0.29947 0.302062 0.302188 0.30592 0.306908 0.324874 0.299585 8.765752e-02 0.636
N:24 Run:9 0.262922 0.299248 0.306724 0.308152 0.315128 0.330294 0.339116 0.342786 0.347357 0.349556 0.371234 0.362797 0.381489 0.356788 0.374534 0.355627 0.334953 0.340812 0.337249 0.3477 0.336712 8.765752e-02 0.636
N:25 Run:0 0.335605 0.311261 0.337047 0.358451 0.386238 0.383448 0.392318 0.414074 0.401405 0.410811 0.389991 0.397809 0.393348 0.370891 0.376816 0.355653 0.346481 0.333935 0.333178 0.32983 0.325908 8.598750e-02 0.633
N:25 Run:1 0.327033 0.32477 0.316829 0.340799 0.331413 0.293497 0.304375 0.284939 0.286442 0.284899 0.301056 0.306846 0.298885 0.329986 0.32704 0.322514 0.300018 0.313856 0.306083 0.32038 0.307606 8.598750e-02 0.633
N:25 Run:2 0.324719 0.285762 0.214865 0.188363 0.171641 0.162094 0.162218 0.158127 0.169058 0.196582 0.205149 0.172415 0.300083 0.351162 0.355453 0.360521 0.331072 0.322317 0.327086 0.308975 0.30874 8.598750e-02 0.633
N:25 Run:3 0.323673 0.34918 0.345591 0.321012 0.326207 0.320387 0.321019 0.311209 0.333453 0.303182 0.312568 0.311517 0.316154 0.319471 0.314139 0.304691 0.295486 0.316448 0.305151 0.307515 0.295027 8.598750e-02 0.633
N:25 Run:4 0.278301 0.308056 0.445496 0.47537 0.494893 0.523869 0.575004 0.553195 0.583618 0.527389 0.510119 0.561534 0.423137 0.415656 0.361824 0.355742 0.371811 0.357883 0.344388 0.350322 0.347038 8.598750e-02 0.633
N:25 Run:5 0.339402 0.314186 0.219411 0.198881 0.184162 0.171622 0.161881 0.156667 0.171521 0.18761 0.191629 0.175735 0.306103 0.338514 0.342655 0.316667 0.312047 0.320193 0.306336 0.328954 0.336787 8.598750e-02 0.633
N:25 Run:6 0.411662 0.371553 0.303768 0.304241 0.314275 0.330063 0.317684 0.308279 0.323371 0.319823 0.308001 0.3433 0.363979 0.381026 0.37491 0.368906 0.344859 0.347543 0.324257 0.337189 0.34139 8.598750e-02 0.633
N:25 Run:7 0.380814 0.318516 0.311286 0.315669 0.313638 0.301229 0.324812 0.347356 0.334513 0.333703 0.350077 0.355439 0.405723 0.40733 0.37596 0.366948 0.361467 0.33794 0.346257 0.33409 0.345049 8.598750e-02 0.633
N:25 Run:8 0.369817 0.316978 0.274389 0.237772 0.248965 0.230236 0.231378 0.216157 0.22602 0.238359 0.252462 0.242582 0.293957 0.312759 0.29947 0.302062 0.302188 0.30592 0.306908 0.324874 0.299585 8.598750e-02 0.633
N:25 Run:9 0.262922 0.299248 0.306724 0.308152 0.315128 0.330294 0.339116 0.342786 0.347357 0.349556 0.371234 0.362797 0.381489 0.356788 0.374534 0.355627 0.334953 0.340812 0.337249 0.3477 0.336712 8.598750e-02 0.633
N:26 Run:0 0.335605 0.311261 0.337047 0.358451 0.386238 0.383448 0.392318 0.414074 0.401405 0.410811 0.389991 0.397809 0.393348 0.370891 0.376816 0.355653 0.346481 0.333935 0.333178 0.32983 0.325908 8.661222e-02 0.635
N:26 Run:1 0.327033 0.32477 0.316829 0.340799 0.331413 0.293497 0.304375 0.284939 0.286442 0.284899 0.301056 0.306846 0.298885 0.329986 0.32704 0.322514 0.300018 0.313856 0.306083 0.32038 0.307606 8.661222e-02 0.635
N:26 Run:2 0.324719 0.285762 0.214865 0.188363 0.171641 0.162094 0.162218 0.158127 0.169058 0.196582 0.205149 0.172415 0.300083 0.351162 0.355453 0.360521 0.331072 0.322317 0.327086 0.308975 0.30874 8.661222e-02 0.635
N:26 Run:3 0.323673 0.34918 0.345591 0.321012 0.326207 0.320387 0.321019 0.311209 0.333453 0.303182 0.312568 0.311517 0.316154 0.319471 0.314139 0.304691 0.295486 0.316448 0.305151 0.307515 0.295027 8.661222e-02 0.635
N:26 Run:4 0.278301 0.308056 0.445496 0.47537 0.494893 0.523869 0.575004 0.553195 0.583618 0.527389 0.510119 0.561534 0.423137 0.415656 0.361824 0.355742 0.371811 0.357883 0.344388 0.350322 0.347038 8.661222e-02 0.635
N:26 Run:5 0.339402 0.314186 0.219411 0.198881 0.184162 0.171622 0.161881 0.156667 0.171521 0.18761 0.191629 0.175735 0.306103 0.338514 0.342655 0.316667 0.312047 0.320193 0.306336 0.328954 0.336787 8.661222e-02 0.635
N:26 Run:6 0.411662 0.371553 0.303768 0.304241 0.314275 0.330063 0.317684 0.308279 0.323371 0.319823 0.308001 0.3433 0.363979 0.381026 0.37491 0.368906 0.344859 0.347543 0.324257 0.337189 0.34139 8.661222e-02 0.635
N:26 Run:7 0.380814 0.318516 0.311286 0.315669 0.313638 0.301229 0.324812 0.347356 0.334513 0.333703 0.350077 0.355439 0.405723 0.40733 0.37596 0.366948 0.361467 0.33794 0.346257 0.33409 0.345049 8.661222e-02 0.635
N:26 Run:8 0.369817 0.316978 0.274389 0.237772 0.248965 0.230236 0.231378 0.216157 0.22602 0.238359 0.252462 0.242582 0.293957 0.312759 0.29947 0.302062 0.302188 0.30592 0.306908 0.324874 0.299585 8.661222e-02 0.635
N:26 Run:9 0.262922 0.299248 0.306724 0.308152 0.315128 0.330294 0.339116 0.342786 0.347357 0.349556 0.371234 0.362797 0.381489 0.356788 0.374534 0.355627 0.334953 0.340812 0.337249 0.3477 0.336712 8.661222e-02 0.635
N:27 Run:0 0.335605 0.311261 0.337047 0.358451 0.386238 0.383448 0.392318 0.414074 0.401405 0.410811 0.389991 0.397809 0.393348 0.370891 0.376816 0.355653 0.346481 0.333935 0.333178 0.32983 0.325908 8.441159e-02 0.630
N:27 Run:1 0.327033 0.32477 0.316829 0.340799 0.331413 0.293497 0.304375 0.284939 0.286442 0.284899 0.301056 0.306846 0.298885 0.329986 0.32704 0.322514 0.300018 0.313856 0.306083 0.32038 0.307606 8.441159e-02 0.630
N:27 Run:2 0.324719 0.285762 0.214865 0.188363 0.171641 0.162094 0.162218 0.158127 0.169058 0.196582 0.205149 0.172415 0.300083 0.351162 0.355453 0.360521 0.331072 0.322317 0.327086 0.308975 0.30874 8.441159e-02 0.630
N:27 Run:3 0.323673 0.34918 0.345591 0.321012 0.326207 0.320387 0.321019 0.311209 0.333453 0.303182 0.312568 0.311517 0.316154 0.319471 0.314139 0.304691 0.295486 0.316448 0.305151 0.307515 0.295027 8.441159e-02 0.630
N:27 Run:4 0.278301 0.308056 0.445496 0.47537 0.494893 0.523869 0.575004 0.553195 0.583618 0.527389 0.510119 0.561534 0.423137 0.415656 0.361824 0.355742 0.371811 0.357883 0.344388 0.350322 0.347038 8.441159e-02 0.630
N:27 Run:5 0.339402 0.314186 0.219411 0.198881 0.184162 0.171622 0.161881 0.156667 0.171521 0.18761 0.191629 0.175735 0.306103 0.338514 0.342655 0.316667 0.312047 0.320193 0.306336 0.328954 0.336787 8.441159e-02 0.630
N:27 Run:6 0.411662 0.371553 0.303768 0.304241 0.314275 0.330063 0.317684 0.308279 0.323371 0.319823 0.308001 0.3433 0.363979 0.381026 0.37491 0.368906 0.344859 0.347543 0.324257 0.337189 0.34139 8.441159e-02 0.630
N:27 Run:7 0.380814 0.318516 0.311286 0.315669 0.313638 0.301229 0.324812 0.347356 0.334513 0.333703 0.350077 0.355439 0.405723 0.40733 0.37596 0.366948 0.361467 0.33794 0.346257 0.33409 0.345049 8.441159e-02 0.630
N:27 Run:8 0.369817 0.316978 0.274389 0.237772 0.248965 0.230236 0.231378 0.216157 0.22602 0.238359 0.252462 0.242582 0.293957 0.312759 0.29947 0.302062 0.302188 0.30592 0.306908 0.324874 0.299585 8.441159e-02 0.630
N:27 Run:9 0.262922 0.299248 0.306724 0.308152 0.315128 0.330294 0.339116 0.342786 0.347357 0.349556 0.371234 0.362797 0.381489 0.356788 0.374534 0.355627 0.334953 0.340812 0.337249 0.3477 0.336712 8.441159e-02 0.630
N:28 Run:0 0.335605 0.311261 0.337047 0.358451 0.386238 0.383448 0.392318 0.414074 0.401405 0.410811 0.389991 0.397809 0.393348 0.370891 0.376816 0.355653 0.346481 0.333935 0.333178 0.32983 0.325908 8.538708e-02 0.629
N:28 Run:1 0.327033 0.32477 0.316829 0.340799 0.331413 0.293497 0.304375 0.284939 0.286442 0.284899 0.301056 0.306846 0.298885 0.329986 0.32704 0.322514 0.300018 0.313856 0.306083 0.32038 0.307606 8.538708e-02 0.629
N:28 Run:2 0.324719 0.285762 0.214865 0.188363 0.171641 0.162094 0.162218 0.158127 0.169058 0.196582 0.205149 0.172415 0.300083 0.351162 0.355453 0.360521 0.331072 0.322317 0.327086 0.308975 0.30874 8.538708e-02 0.629
N:28 Run:3 0.323673 0.34918 0.345591 0.321012 0.326207 0.320387 0.321019 0.311209 0.333453 0.303182 0.312568 0.311517 0.316154 0.319471 0.314139 0.304691 0.295486 0.316448 0.305151 0.307515 0.295027 8.538708e-02 0.629
N:28 Run:4 0.278301 0.308056 0.445496 0.47537 0.494893 0.523869 0.575004 0.553195 0.583618 0.527389 0.510119 0.561534 0.423137 0.415656 0.361824 0.355742 0.371811 0.357883 0.344388 0.350322 0.347038 8.538708e-02 0.629
N:28 Run:5 0.339402 0.314186 0.219411 0.198881 0.184162 0.171622 0.161881 0.156667 0.171521 0.18761 0.191629 0.175735 0.306103 0.338514 0.342655 0.316667 0.312047 0.320193 0.306336 0.328954 0.336787 8.538708e-02 0.629
N:28 Run:6 0.411662 0.371553 0.303768 0.304241 0.314275 0.330063 0.317684 0.308279 0.323371 0.319823 0.308001 0.3433 0.363979 0.381026 0.37491 0.368906 0.344859 0.347543 0.324257 0.337189 0.34139 8.538708e-02 0.629
N:28 Run:7 0.380814 0.318516 0.311286 0.315669 0.313638 0.301229 0.324812 0.347356 0.334513 0.333703 0.350077 0.355439 0.405723 0.40733 0.37596 0.366948 0.361467 0.33794 0.346257 0.33409 0.345049 8.538708e-02 0.629
N:28 Run:8 0.369817 0.316978 0.274389 0.237772 0.248965 0.230236 0.231378 0.216157 0.22602 0.238359 0.252462 0.242582 0.293957 0.312759 0.29947 0.302062 0.302188 0.30592 0.306908 0.324874 0.299585 8.538708e-02 0.629
N:28 Run:9 0.262922 0.299248 0.306724 0.308152 0.315128 0.330294 0.339116 0.342786 0.347357 0.349556 0.371234 0.362797 0.381489 0.356788 0.374534 0.355627 0.334953 0.340812 0.337249 0.3477 0.336712 8.538708e-02 0.629
N:29 Run:0 0.335605 0.311261 0.337047 0.358451 0.386238 0.383448 0.392318 0.414074 0.401405 0.410811 0.389991 0.397809 0.393348 0.370891 0.376816 0.355653 0.346481 0.333935 0.333178 0.32983 0.325908 8.117881e-02 0.636
N:29 Run:1 0.327033 0.32477 0.316829 0.340799 0.331413 0.293497 0.304375 0.284939 0.286442 0.284899 0.301056 0.306846 0.298885 0.329986 0.32704 0.322514 0.300018 0.313856 0.306083 0.32038 0.307606 8.117881e-02 0.636
N:29 Run:2 0.324719 0.285762 0.214865 0.188363 0.171641 0.162094 0.162218 0.158127 0.169058 0.196582 0.205149 0.172415 0.300083 0.351162 0.355453 0.360521 0.331072 0.322317 0.327086 0.308975 0.30874 8.117881e-02 0.636
N:29 Run:3 0.323673 0.34918 0.345591 0.321012 0.326207 0.320387 0.321019 0.311209 0.333453 0.303182 0.312568 0.311517 0.316154 0.319471 0.314139 0.304691 0.295486 0.316448 0.305151 0.307515 0.295027 8.117881e-02 0.636
N:29 Run:4 0.278301 0.308056 0.445496 0.47537 0.494893 0.523869 0.575004 0.553195 0.583618 0.527389 0.510119 0.561534 0.423137 0.415656 0.361824 0.355742 0.371811 0.357883 0.344388 0.350322 0.347038 8.117881e-02 0.636
N:29 Run:5 0.339402 0.314186 0.219411 0.198881 0.184162 0.171622 0.161881 0.156667 0.171521 0.18761 0.191629 0.175735 0.306103 0.338514 0.342655 0.316667 0.312047 0.320193 0.306336 0.328954 0.336787 8.117881e-02 0.636
N:29 Run:6 0.411662 0.371553 0.303768 0.304241 0.314275 0.330063 0.317684 0.308279 0.323371 0.319823 0.308001 0.3433 0.363979 0.381026 0.37491 0.368906 0.344859 0.347543 0.324257 0.337189 0.34139 8.117881e-02 0.636
N:29 Run:7 0.380814 0.318516 0.311286 0.315669 0.313638 0.301229 0.324812 0.347356 0.334513 0.333703 0.350077 0.355439 0.405723 0.40733 0.37596 0.366948 0.361467 0.33794 0.346257 0.33409 0.345049 8.117881e-02 0.636
N:29 Run:8 0.369817 0.316978 0.274389 0.237772 0.248965 0.230236 0.231378 0.216157 0.22602 0.238359 0.252462 0.242582 0.293957 0.312759 0.29947 0.302062 0.302188 0.30592 0.306908 0.324874 0.299585 8.117881e-02 0.636
N:29 Run:9 0.262922 0.299248 0.306724 0.308152 0.315128 0.330294 0.339116 0.342786 0.347357 0.349556 0.371234 0.362797 0.381489 0.356788 0.374534 0.355627 0.334953 0.340812 0.337249 0.3477 0.336712 8.117881e-02 0.636
