Seed:1578641066
N:0 Run:0 0.0588062 0.105837 0.11102 0.1049 0.155145 0.351794 0.321155 0.302408 0.308817 0.336348 0.357069 0.367651 0.306987 0.438855 0.35728 0.394842 0.316405 0.353817 0.281979 0.212457 0.184105 1.515101e-01 0.918
N:0 Run:1 0.107362 0.156106 0.139818 0.197296 0.156875 0.144106 0.13122 0.136296 0.106367 0.164104 0.134884 0.11546 0.0880276 0.0844224 0.0935294 0.1053 0.0927264 0.138194 0.162026 0.14153 0.173592 1.515101e-01 0.918
N:0 Run:2 0.147589 0.166317 0.16193 0.136143 0.175858 0.142796 0.130343 0.146959 0.105289 0.0956926 0.106979 0.114562 0.105887 0.170459 0.141134 0.131077 0.118142 0.143188 0.170962 0.147649 0.129631 1.515101e-01 0.918
N:0 Run:3 0.101332 0.209037 0.16659 0.162104 0.119651 0.0870717 0.0627494 0.047315 0.0379862 0.0327223 0.0303654 0.0299931 0.028346 0.0295182 0.0413135 0.0472771 0.0477863 0.0437547 0.0485016 0.0445734 0.0571212 1.515101e-01 0.918
N:0 Run:4 0.235957 0.250737 0.249737 0.277686 0.409538 0.429233 0.391133 0.396492 0.39073 0.424357 0.352359 0.369177 0.348234 0.289268 0.206556 0.156712 0.179269 0.175702 0.190371 0.186859 0.18055 1.515101e-01 0.918
N:0 Run:5 0.187487 0.182817 0.170643 0.195376 0.186204 0.167892 0.169852 0.156757 0.204217 0.194386 0.208011 0.179404 0.212777 0.193799 0.197342 0.199284 0.180509 0.148667 0.138378 0.171878 0.160361 1.515101e-01 0.918
N:0 Run:6 0.18445 0.240124 0.254437 0.247525 0.206062 0.164037 0.142894 0.15451 0.14147 0.128492 0.11875 0.138097 0.157598 0.250386 0.206864 0.254017 0.22819 0.203827 0.165369 0.185767 0.25891 1.515101e-01 0.918
N:0 Run:7 0.0858601 0.0843189 0.150482 0.193102 0.357443 0.309411 0.265911 0.244203 0.325476 0.404938 0.466593 0.384358 0.294828 0.244743 0.23503 0.172051 0.144884 0.163156 0.144053 0.12781 0.144206 1.515101e-01 0.918
N:0 Run:8 0.115624 0.0980926 0.148048 0.207017 0.240166 0.291131 0.403788 0.327551 0.345883 0.247513 0.202251 0.227475 0.234434 0.180429 0.139039 0.114467 0.117368 0.143894 0.177614 0.198874 0.176032 1.515101e-01 0.918
N:0 Run:9 0.208935 0.163903 0.168602 0.209 0.266018 0.275446 0.291942 0.300036 0.298014 0.426131 0.43555 0.302292 0.255331 0.192831 0.144596 0.145607 0.12531 0.147073 0.135749 0.163535 0.160411 1.515101e-01 0.918
N:1 Run:0 0.0588062 0.106504 0.109127 0.100668 0.154133 0.367317 0.325918 0.299424 0.305084 0.336813 0.352617 0.362663 0.299147 0.445071 0.353571 0.40028 0.313429 0.358256 0.278625 0.204299 0.175745 1.491694e-01 0.905
N:1 Run:1 0.107362 0.157825 0.137658 0.197958 0.152554 0.138788 0.125325 0.131488 0.099341 0.163058 0.129563 0.108385 0.078336 0.0753646 0.0865539 0.0994381 0.0858325 0.135315 0.160344 0.137201 0.171721 1.491694e-01 0.905
N:1 Run:2 0.147589 0.165216 0.158611 0.130068 0.173821 0.136568 0.12387 0.142227 0.0974534 0.0885109 0.100474 0.109274 0.0994104 0.170085 0.136103 0.125173 0.111538 0.1394 0.169219 0.142721 0.123293 1.491694e-01 0.905
N:1 Run:3 0.101332 0.215793 0.165047 0.159034 0.111842 0.0777707 0.0530242 0.0381438 0.0297098 0.0251403 0.0231797 0.0228588 0.0215615 0.0224557 0.0326818 0.0377399 0.0375835 0.0339851 0.038441 0.034887 0.0482837 1.491694e-01 0.905
N:1 Run:4 0.235957 0.251573 0.248214 0.278468 0.426156 0.441478 0.391319 0.399634 0.389719 0.420626 0.343823 0.363307 0.345883 0.283442 0.195694 0.145035 0.171727 0.16975 0.186654 0.183043 0.176371 1.491694e-01 0.905
N:1 Run:5 0.187487 0.180844 0.16665 0.193791 0.18308 0.162528 0.164765 0.151186 0.204001 0.191732 0.206278 0.174555 0.211931 0.190223 0.193756 0.196084 0.175706 0.14201 0.131993 0.1692 0.156241 1.491694e-01 0.905
N:1 Run:6 0.18445 0.244779 0.258119 0.248346 0.201895 0.157075 0.135552 0.14903 0.134454 0.120224 0.111096 0.132541 0.154086 0.257249 0.205722 0.256736 0.226657 0.199857 0.158747 0.182235 0.26252 1.491694e-01 0.905
N:1 Run:7 0.0858601 0.080463 0.149455 0.193489 0.3634 0.305335 0.257772 0.23477 0.320602 0.395073 0.460168 0.370995 0.279545 0.231833 0.226633 0.16085 0.135158 0.157405 0.13762 0.12049 0.139246 1.491694e-01 0.905
N:1 Run:8 0.115624 0.0942485 0.147706 0.210963 0.245266 0.308074 0.467424 0.364035 0.387022 0.263993 0.210417 0.247659 0.25265 0.181908 0.13389 0.107598 0.111328 0.139296 0.176067 0.198267 0.172395 1.491694e-01 0.905
N:1 Run:9 0.208935 0.158795 0.164452 0.208423 0.269719 0.27643 0.29197 0.296964 0.294425 0.430858 0.429264 0.28846 0.243837 0.180476 0.131477 0.136504 0.116363 0.141857 0.129561 0.160134 0.156465 1.491694e-01 0.905
N:2 Run:0 0.0588062 0.106504 0.109127 0.100668 0.154133 0.367317 0.325918 0.299424 0.305084 0.336813 0.352617 0.362663 0.299147 0.445071 0.353571 0.40028 0.313429 0.358256 0.278625 0.204299 0.175745 1.886907e-01 0.911
N:2 Run:1 0.107362 0.157825 0.137658 0.197958 0.152554 0.138788 0.125325 0.131488 0.099341 0.163058 0.129563 0.108385 0.078336 0.0753646 0.0865539 0.0994381 0.0858325 0.135315 0.160344 0.137201 0.171721 1.886907e-01 0.911
N:2 Run:2 0.147589 0.165216 0.158611 0.130068 0.173821 0.136568 0.12387 0.142227 0.0974534 0.0885109 0.100474 0.109274 0.0994104 0.170085 0.136103 0.125173 0.111538 0.1394 0.169219 0.142721 0.123293 1.886907e-01 0.911
N:2 Run:3 0.101332 0.215793 0.165047 0.159034 0.111842 0.0777707 0.0530242 0.0381438 0.0297098 0.0251403 0.0231797 0.0228588 0.0215615 0.0224557 0.0326818 0.0377399 0.0375835 0.0339851 0.038441 0.034887 0.0482837 1.886907e-01 0.911
N:2 Run:4 0.235957 0.251573 0.248214 0.278468 0.426156 0.441478 0.391319 0.399634 0.389719 0.420626 0.343823 0.363307 0.345883 0.283442 0.195694 0.145035 0.171727 0.16975 0.186654 0.183043 0.176371 1.886907e-01 0.911
N:2 Run:5 0.187487 0.180844 0.16665 0.193791 0.18308 0.162528 0.164765 0.151186 0.204001 0.191732 0.206278 0.174555 0.211931 0.190223 0.193756 0.196084 0.175706 0.14201 0.131993 0.1692 0.156241 1.886907e-01 0.911
N:2 Run:6 0.18445 0.244779 0.258119 0.248346 0.201895 0.157075 0.135552 0.14903 0.134454 0.120224 0.111096 0.132541 0.154086 0.257249 0.205722 0.256736 0.226657 0.199857 0.158747 0.182235 0.26252 1.886907e-01 0.911
N:2 Run:7 0.0858601 0.080463 0.149455 0.193489 0.3634 0.305335 0.257772 0.23477 0.320602 0.395073 0.460168 0.370995 0.279545 0.231833 0.226633 0.16085 0.135158 0.157405 0.13762 0.12049 0.139246 1.886907e-01 0.911
N:2 Run:8 0.115624 0.0942485 0.147706 0.210963 0.245266 0.308074 0.467424 0.364035 0.387022 0.263993 0.210417 0.247659 0.25265 0.181908 0.13389 0.107598 0.111328 0.139296 0.176067 0.198267 0.172395 1.886907e-01 0.911
N:2 Run:9 0.208935 0.158795 0.164452 0.208423 0.269719 0.27643 0.29197 0.296964 0.294425 0.430858 0.429264 0.28846 0.243837 0.180476 0.131477 0.136504 0.116363 0.141857 0.129561 0.160134 0.156465 1.886907e-01 0.911
N:3 Run:0 0.0588062 0.10473 0.107527 0.0991566 0.152852 0.362697 0.327151 0.30383 0.310063 0.340863 0.357956 0.368595 0.30633 0.447744 0.360481 0.40454 0.32005 0.362179 0.284285 0.209785 0.179463 1.479607e-01 0.940
N:3 Run:1 0.107362 0.156435 0.137765 0.197895 0.153738 0.140418 0.12633 0.132102 0.0995444 0.161563 0.128925 0.107648 0.0767659 0.0730311 0.0841058 0.0968975 0.0836157 0.13357 0.159309 0.137206 0.17032 1.479607e-01 0.940
N:3 Run:2 0.147589 0.164111 0.157849 0.129849 0.171993 0.135831 0.123443 0.141046 0.0967206 0.0875557 0.0984883 0.107599 0.0977187 0.16795 0.135162 0.124446 0.110832 0.138358 0.168479 0.142678 0.123253 1.479607e-01 0.940
N:3 Run:3 0.101332 0.213904 0.165228 0.159477 0.112016 0.0770639 0.0510448 0.0350283 0.0257353 0.020543 0.0181656 0.0175623 0.0161258 0.016869 0.0265364 0.031607 0.0315414 0.0282827 0.0326274 0.0293338 0.0427916 1.479607e-01 0.940
N:3 Run:4 0.235957 0.252134 0.250597 0.280705 0.425144 0.443382 0.39741 0.404995 0.396271 0.427176 0.352423 0.370607 0.351499 0.289219 0.2011 0.148757 0.174528 0.171828 0.188277 0.184517 0.177721 1.479607e-01 0.940
N:3 Run:5 0.187487 0.181709 0.167459 0.193792 0.183839 0.163179 0.164637 0.151596 0.203195 0.191635 0.205631 0.175172 0.211615 0.190811 0.193542 0.196769 0.176902 0.143534 0.132952 0.169368 0.156921 1.479607e-01 0.940
N:3 Run:6 0.18445 0.243641 0.257487 0.249325 0.204005 0.159474 0.137191 0.149143 0.134035 0.119205 0.110122 0.130675 0.152567 0.254119 0.206722 0.257177 0.22852 0.202345 0.161295 0.183557 0.262417 1.479607e-01 0.940
N:3 Run:7 0.0858601 0.0790903 0.148268 0.193037 0.361428 0.30887 0.263383 0.240756 0.324591 0.399263 0.464521 0.379493 0.289023 0.239811 0.23199 0.16505 0.138096 0.159102 0.138984 0.120956 0.138806 1.479607e-01 0.940
N:3 Run:8 0.115624 0.0938107 0.146199 0.208311 0.241757 0.302244 0.459433 0.361324 0.383472 0.264291 0.210386 0.245024 0.248858 0.180522 0.133485 0.1073 0.110493 0.136877 0.173786 0.197216 0.17326 1.479607e-01 0.940
N:3 Run:9 0.208935 0.160046 0.16545 0.208914 0.269863 0.278523 0.295047 0.301369 0.299354 0.432886 0.434746 0.297349 0.251008 0.186063 0.134755 0.137959 0.116927 0.1416 0.1292 0.158697 0.155984 1.479607e-01 0.940
N:4 Run:0 0.0588062 0.10473 0.107527 0.0991566 0.152852 0.362697 0.327151 0.30383 0.310063 0.340863 0.357956 0.368595 0.30633 0.447744 0.360481 0.40454 0.32005 0.362179 0.284285 0.209785 0.179463 1.481919e-01 0.914
N:4 Run:1 0.107362 0.156435 0.137765 0.197895 0.153738 0.140418 0.12633 0.132102 0.0995444 0.161563 0.128925 0.107648 0.0767659 0.0730311 0.0841058 0.0968975 0.0836157 0.13357 0.159309 0.137206 0.17032 1.481919e-01 0.914
N:4 Run:2 0.147589 0.164111 0.157849 0.129849 0.171993 0.135831 0.123443 0.141046 0.0967206 0.0875557 0.0984883 0.107599 0.0977187 0.16795 0.135162 0.124446 0.110832 0.138358 0.168479 0.142678 0.123253 1.481919e-01 0.914
N:4 Run:3 0.101332 0.213904 0.165228 0.159477 0.112016 0.0770639 0.0510448 0.0350283 0.0257353 0.020543 0.0181656 0.0175623 0.0161258 0.016869 0.0265364 0.031607 0.0315414 0.0282827 0.0326274 0.0293338 0.0427916 1.481919e-01 0.914
N:4 Run:4 0.235957 0.252134 0.250597 0.280705 0.425144 0.443382 0.39741 0.404995 0.396271 0.427176 0.352423 0.370607 0.351499 0.289219 0.2011 0.148757 0.174528 0.171828 0.188277 0.184517 0.177721 1.481919e-01 0.914
N:4 Run:5 0.187487 0.181709 0.167459 0.193792 0.183839 0.163179 0.164637 0.151596 0.203195 0.191635 0.205631 0.175172 0.211615 0.190811 0.193542 0.196769 0.176902 0.143534 0.132952 0.169368 0.156921 1.481919e-01 0.914
N:4 Run:6 0.18445 0.243641 0.257487 0.249325 0.204005 0.159474 0.137191 0.149143 0.134035 0.119205 0.110122 0.130675 0.152567 0.254119 0.206722 0.257177 0.22852 0.202345 0.161295 0.183557 0.262417 1.481919e-01 0.914
N:4 Run:7 0.0858601 0.0790903 0.148268 0.193037 0.361428 0.30887 0.263383 0.240756 0.324591 0.399263 0.464521 0.379493 0.289023 0.239811 0.23199 0.16505 0.138096 0.159102 0.138984 0.120956 0.138806 1.481919e-01 0.914
N:4 Run:8 0.115624 0.0938107 0.146199 0.208311 0.241757 0.302244 0.459433 0.361324 0.383472 0.264291 0.210386 0.245024 0.248858 0.180522 0.133485 0.1073 0.110493 0.136877 0.173786 0.197216 0.17326 1.481919e-01 0.914
N:4 Run:9 0.208935 0.160046 0.16545 0.208914 0.269863 0.278523 0.295047 0.301369 0.299354 0.432886 0.434746 0.297349 0.251008 0.186063 0.134755 0.137959 0.116927 0.1416 0.1292 0.158697 0.155984 1.481919e-01 0.914
N:5 Run:0 0.0588062 0.10473 0.107527 0.0991566 0.152852 0.362697 0.327151 0.30383 0.310063 0.340863 0.357956 0.368595 0.30633 0.447744 0.360481 0.40454 0.32005 0.362179 0.284285 0.209785 0.179463 1.849615e-01 0.935
N:5 Run:1 0.107362 0.156435 0.137765 0.197895 0.153738 0.140418 0.12633 0.132102 0.0995444 0.161563 0.128925 0.107648 0.0767659 0.0730311 0.0841058 0.0968975 0.0836157 0.13357 0.159309 0.137206 0.17032 1.849615e-01 0.935
N:5 Run:2 0.147589 0.164111 0.157849 0.129849 0.171993 0.135831 0.123443 0.141046 0.0967206 0.0875557 0.0984883 0.107599 0.0977187 0.16795 0.135162 0.124446 0.110832 0.138358 0.168479 0.142678 0.123253 1.849615e-01 0.935
N:5 Run:3 0.101332 0.213904 0.165228 0.159477 0.112016 0.0770639 0.0510448 0.0350283 0.0257353 0.020543 0.0181656 0.0175623 0.0161258 0.016869 0.0265364 0.031607 0.0315414 0.0282827 0.0326274 0.0293338 0.0427916 1.849615e-01 0.935
N:5 Run:4 0.235957 0.252134 0.250597 0.280705 0.425144 0.443382 0.39741 0.404995 0.396271 0.427176 0.352423 0.370607 0.351499 0.289219 0.2011 0.148757 0.174528 0.171828 0.188277 0.184517 0.177721 1.849615e-01 0.935
N:5 Run:5 0.187487 0.181709 0.167459 0.193792 0.183839 0.163179 0.164637 0.151596 0.203195 0.191635 0.205631 0.175172 0.211615 0.190811 0.193542 0.196769 0.176902 0.143534 0.132952 0.169368 0.156921 1.849615e-01 0.935
N:5 Run:6 0.18445 0.243641 0.257487 0.249325 0.204005 0.159474 0.137191 0.149143 0.134035 0.119205 0.110122 0.130675 0.152567 0.254119 0.206722 0.257177 0.22852 0.202345 0.161295 0.183557 0.262417 1.849615e-01 0.935
N:5 Run:7 0.0858601 0.0790903 0.148268 0.193037 0.361428 0.30887 0.263383 0.240756 0.324591 0.399263 0.464521 0.379493 0.289023 0.239811 0.23199 0.16505 0.138096 0.159102 0.138984 0.120956 0.138806 1.849615e-01 0.935
N:5 Run:8 0.115624 0.0938107 0.146199 0.208311 0.241757 0.302244 0.459433 0.361324 0.383472 0.264291 0.210386 0.245024 0.248858 0.180522 0.133485 0.1073 0.110493 0.136877 0.173786 0.197216 0.17326 1.849615e-01 0.935
N:5 Run:9 0.208935 0.160046 0.16545 0.208914 0.269863 0.278523 0.295047 0.301369 0.299354 0.432886 0.434746 0.297349 0.251008 0.186063 0.134755 0.137959 0.116927 0.1416 0.1292 0.158697 0.155984 1.849615e-01 0.935
N:6 Run:0 0.0588062 0.10473 0.107527 0.0991566 0.152852 0.362697 0.327151 0.30383 0.310063 0.340863 0.357956 0.368595 0.30633 0.447744 0.360481 0.40454 0.32005 0.362179 0.284285 0.209785 0.179463 1.560840e-01 0.912
N:6 Run:1 0.107362 0.156435 0.137765 0.197895 0.153738 0.140418 0.12633 0.132102 0.0995444 0.161563 0.128925 0.107648 0.0767659 0.0730311 0.0841058 0.0968975 0.0836157 0.13357 0.159309 0.137206 0.17032 1.560840e-01 0.912
N:6 Run:2 0.147589 0.164111 0.157849 0.129849 0.171993 0.135831 0.123443 0.141046 0.0967206 0.0875557 0.0984883 0.107599 0.0977187 0.16795 0.135162 0.124446 0.110832 0.138358 0.168479 0.142678 0.123253 1.560840e-01 0.912
N:6 Run:3 0.101332 0.213904 0.165228 0.159477 0.112016 0.0770639 0.0510448 0.0350283 0.0257353 0.020543 0.0181656 0.0175623 0.0161258 0.016869 0.0265364 0.031607 0.0315414 0.0282827 0.0326274 0.0293338 0.0427916 1.560840e-01 0.912
N:6 Run:4 0.235957 0.252134 0.250597 0.280705 0.425144 0.443382 0.39741 0.404995 0.396271 0.427176 0.352423 0.370607 0.351499 0.289219 0.2011 0.148757 0.174528 0.171828 0.188277 0.184517 0.177721 1.560840e-01 0.912
N:6 Run:5 0.187487 0.181709 0.167459 0.193792 0.183839 0.163179 0.164637 0.151596 0.203195 0.191635 0.205631 0.175172 0.211615 0.190811 0.193542 0.196769 0.176902 0.143534 0.132952 0.169368 0.156921 1.560840e-01 0.912
N:6 Run:6 0.18445 0.243641 0.257487 0.249325 0.204005 0.159474 0.137191 0.149143 0.134035 0.119205 0.110122 0.130675 0.152567 0.254119 0.206722 0.257177 0.22852 0.202345 0.161295 0.183557 0.262417 1.560840e-01 0.912
N:6 Run:7 0.0858601 0.0790903 0.148268 0.193037 0.361428 0.30887 0.263383 0.240756 0.324591 0.399263 0.464521 0.379493 0.289023 0.239811 0.23199 0.16505 0.138096 0.159102 0.138984 0.120956 0.138806 1.560840e-01 0.912
N:6 Run:8 0.115624 0.0938107 0.146199 0.208311 0.241757 0.302244 0.459433 0.361324 0.383472 0.264291 0.210386 0.245024 0.248858 0.180522 0.133485 0.1073 0.110493 0.136877 0.173786 0.197216 0.17326 1.560840e-01 0.912
N:6 Run:9 0.208935 0.160046 0.16545 0.208914 0.269863 0.278523 0.295047 0.301369 0.299354 0.432886 0.434746 0.297349 0.251008 0.186063 0.134755 0.137959 0.116927 0.1416 0.1292 0.158697 0.155984 1.560840e-01 0.912
N:7 Run:0 0.0588062 0.10473 0.107527 0.0991566 0.152852 0.362697 0.327151 0.30383 0.310063 0.340863 0.357956 0.368595 0.30633 0.447744 0.360481 0.40454 0.32005 0.362179 0.284285 0.209785 0.179463 1.596157e-01 0.913
N:7 Run:1 0.107362 0.156435 0.137765 0.197895 0.153738 0.140418 0.12633 0.132102 0.0995444 0.161563 0.128925 0.107648 0.0767659 0.0730311 0.0841058 0.0968975 0.0836157 0.13357 0.159309 0.137206 0.17032 1.596157e-01 0.913
N:7 Run:2 0.147589 0.164111 0.157849 0.129849 0.171993 0.135831 0.123443 0.141046 0.0967206 0.0875557 0.0984883 0.107599 0.0977187 0.16795 0.135162 0.124446 0.110832 0.138358 0.168479 0.142678 0.123253 1.596157e-01 0.913
N:7 Run:3 0.101332 0.213904 0.165228 0.159477 0.112016 0.0770639 0.0510448 0.0350283 0.0257353 0.020543 0.0181656 0.0175623 0.0161258 0.016869 0.0265364 0.031607 0.0315414 0.0282827 0.0326274 0.0293338 0.0427916 1.596157e-01 0.913
N:7 Run:4 0.235957 0.252134 0.250597 0.280705 0.425144 0.443382 0.39741 0.404995 0.396271 0.427176 0.352423 0.370607 0.351499 0.289219 0.2011 0.148757 0.174528 0.171828 0.188277 0.184517 0.177721 1.596157e-01 0.913
N:7 Run:5 0.187487 0.181709 0.167459 0.193792 0.183839 0.163179 0.164637 0.151596 0.203195 0.191635 0.205631 0.175172 0.211615 0.190811 0.193542 0.196769 0.176902 0.143534 0.132952 0.169368 0.156921 1.596157e-01 0.913
N:7 Run:6 0.18445 0.243641 0.257487 0.249325 0.204005 0.159474 0.137191 0.149143 0.134035 0.119205 0.110122 0.130675 0.152567 0.254119 0.206722 0.257177 0.22852 0.202345 0.161295 0.183557 0.262417 1.596157e-01 0.913
N:7 Run:7 0.0858601 0.0790903 0.148268 0.193037 0.361428 0.30887 0.263383 0.240756 0.324591 0.399263 0.464521 0.379493 0.289023 0.239811 0.23199 0.16505 0.138096 0.159102 0.138984 0.120956 0.138806 1.596157e-01 0.913
N:7 Run:8 0.115624 0.0938107 0.146199 0.208311 0.241757 0.302244 0.459433 0.361324 0.383472 0.264291 0.210386 0.245024 0.248858 0.180522 0.133485 0.1073 0.110493 0.136877 0.173786 0.197216 0.17326 1.596157e-01 0.913
N:7 Run:9 0.208935 0.160046 0.16545 0.208914 0.269863 0.278523 0.295047 0.301369 0.299354 0.432886 0.434746 0.297349 0.251008 0.186063 0.134755 0.137959 0.116927 0.1416 0.1292 0.158697 0.155984 1.596157e-01 0.913
N:8 Run:0 0.0588062 0.10473 0.107527 0.0991566 0.152852 0.362697 0.327151 0.30383 0.310063 0.340863 0.357956 0.368595 0.30633 0.447744 0.360481 0.40454 0.32005 0.362179 0.284285 0.209785 0.179463 1.579286e-01 0.916
N:8 Run:1 0.107362 0.156435 0.137765 0.197895 0.153738 0.140418 0.12633 0.132102 0.0995444 0.161563 0.128925 0.107648 0.0767659 0.0730311 0.0841058 0.0968975 0.0836157 0.13357 0.159309 0.137206 0.17032 1.579286e-01 0.916
N:8 Run:2 0.147589 0.164111 0.157849 0.129849 0.171993 0.135831 0.123443 0.141046 0.0967206 0.0875557 0.0984883 0.107599 0.0977187 0.16795 0.135162 0.124446 0.110832 0.138358 0.168479 0.142678 0.123253 1.579286e-01 0.916
N:8 Run:3 0.101332 0.213904 0.165228 0.159477 0.112016 0.0770639 0.0510448 0.0350283 0.0257353 0.020543 0.0181656 0.0175623 0.0161258 0.016869 0.0265364 0.031607 0.0315414 0.0282827 0.0326274 0.0293338 0.0427916 1.579286e-01 0.916
N:8 Run:4 0.235957 0.252134 0.250597 0.280705 0.425144 0.443382 0.39741 0.404995 0.396271 0.427176 0.352423 0.370607 0.351499 0.289219 0.2011 0.148757 0.174528 0.171828 0.188277 0.184517 0.177721 1.579286e-01 0.916
N:8 Run:5 0.187487 0.181709 0.167459 0.193792 0.183839 0.163179 0.164637 0.151596 0.203195 0.191635 0.205631 0.175172 0.211615 0.190811 0.193542 0.196769 0.176902 0.143534 0.132952 0.169368 0.156921 1.579286e-01 0.916
N:8 Run:6 0.18445 0.243641 0.257487 0.249325 0.204005 0.159474 0.137191 0.149143 0.134035 0.119205 0.110122 0.130675 0.152567 0.254119 0.206722 0.257177 0.22852 0.202345 0.161295 0.183557 0.262417 1.579286e-01 0.916
N:8 Run:7 0.0858601 0.0790903 0.148268 0.193037 0.361428 0.30887 0.263383 0.240756 0.324591 0.399263 0.464521 0.379493 0.289023 0.239811 0.23199 0.16505 0.138096 0.159102 0.138984 0.120956 0.138806 1.579286e-01 0.916
N:8 Run:8 0.115624 0.0938107 0.146199 0.208311 0.241757 0.302244 0.459433 0.361324 0.383472 0.264291 0.210386 0.245024 0.248858 0.180522 0.133485 0.1073 0.110493 0.136877 0.173786 0.197216 0.17326 1.579286e-01 0.916
N:8 Run:9 0.208935 0.160046 0.16545 0.208914 0.269863 0.278523 0.295047 0.301369 0.299354 0.432886 0.434746 0.297349 0.251008 0.186063 0.134755 0.137959 0.116927 0.1416 0.1292 0.158697 0.155984 1.579286e-01 0.916
N:9 Run:0 0.0588062 0.10473 0.107527 0.0991566 0.152852 0.362697 0.327151 0.30383 0.310063 0.340863 0.357956 0.368595 0.30633 0.447744 0.360481 0.40454 0.32005 0.362179 0.284285 0.209785 0.179463 1.500798e-01 0.922
N:9 Run:1 0.107362 0.156435 0.137765 0.197895 0.153738 0.140418 0.12633 0.132102 0.0995444 0.161563 0.128925 0.107648 0.0767659 0.0730311 0.0841058 0.0968975 0.0836157 0.13357 0.159309 0.137206 0.17032 1.500798e-01 0.922
N:9 Run:2 0.147589 0.164111 0.157849 0.129849 0.171993 0.135831 0.123443 0.141046 0.0967206 0.0875557 0.0984883 0.107599 0.0977187 0.16795 0.135162 0.124446 0.110832 0.138358 0.168479 0.142678 0.123253 1.500798e-01 0.922
N:9 Run:3 0.101332 0.213904 0.165228 0.159477 0.112016 0.0770639 0.0510448 0.0350283 0.0257353 0.020543 0.0181656 0.0175623 0.0161258 0.016869 0.0265364 0.031607 0.0315414 0.0282827 0.0326274 0.0293338 0.0427916 1.500798e-01 0.922
N:9 Run:4 0.235957 0.252134 0.250597 0.280705 0.425144 0.443382 0.39741 0.404995 0.396271 0.427176 0.352423 0.370607 0.351499 0.289219 0.2011 0.148757 0.174528 0.171828 0.188277 0.184517 0.177721 1.500798e-01 0.922
N:9 Run:5 0.187487 0.181709 0.167459 0.193792 0.183839 0.163179 0.164637 0.151596 0.203195 0.191635 0.205631 0.175172 0.211615 0.190811 0.193542 0.196769 0.176902 0.143534 0.132952 0.169368 0.156921 1.500798e-01 0.922
N:9 Run:6 0.18445 0.243641 0.257487 0.249325 0.204005 0.159474 0.137191 0.149143 0.134035 0.119205 0.110122 0.130675 0.152567 0.254119 0.206722 0.257177 0.22852 0.202345 0.161295 0.183557 0.262417 1.500798e-01 0.922
N:9 Run:7 0.0858601 0.0790903 0.148268 0.193037 0.361428 0.30887 0.263383 0.240756 0.324591 0.399263 0.464521 0.379493 0.289023 0.239811 0.23199 0.16505 0.138096 0.159102 0.138984 0.120956 0.138806 1.500798e-01 0.922
N:9 Run:8 0.115624 0.0938107 0.146199 0.208311 0.241757 0.302244 0.459433 0.361324 0.383472 0.264291 0.210386 0.245024 0.248858 0.180522 0.133485 0.1073 0.110493 0.136877 0.173786 0.197216 0.17326 1.500798e-01 0.922
N:9 Run:9 0.208935 0.160046 0.16545 0.208914 0.269863 0.278523 0.295047 0.301369 0.299354 0.432886 0.434746 0.297349 0.251008 0.186063 0.134755 0.137959 0.116927 0.1416 0.1292 0.158697 0.155984 1.500798e-01 0.922
N:10 Run:0 0.0588062 0.10473 0.107527 0.0991566 0.152852 0.362697 0.327151 0.30383 0.310063 0.340863 0.357956 0.368595 0.30633 0.447744 0.360481 0.40454 0.32005 0.362179 0.284285 0.209785 0.179463 1.537756e-01 0.924
N:10 Run:1 0.107362 0.156435 0.137765 0.197895 0.153738 0.140418 0.12633 0.132102 0.0995444 0.161563 0.128925 0.107648 0.0767659 0.0730311 0.0841058 0.0968975 0.0836157 0.13357 0.159309 0.137206 0.17032 1.537756e-01 0.924
N:10 Run:2 0.147589 0.164111 0.157849 0.129849 0.171993 0.135831 0.123443 0.141046 0.0967206 0.0875557 0.0984883 0.107599 0.0977187 0.16795 0.135162 0.124446 0.110832 0.138358 0.168479 0.142678 0.123253 1.537756e-01 0.924
N:10 Run:3 0.101332 0.213904 0.165228 0.159477 0.112016 0.0770639 0.0510448 0.0350283 0.0257353 0.020543 0.0181656 0.0175623 0.0161258 0.016869 0.0265364 0.031607 0.0315414 0.0282827 0.0326274 0.0293338 0.0427916 1.537756e-01 0.924
N:10 Run:4 0.235957 0.252134 0.250597 0.280705 0.425144 0.443382 0.39741 0.404995 0.396271 0.427176 0.352423 0.370607 0.351499 0.289219 0.2011 0.148757 0.174528 0.171828 0.188277 0.184517 0.177721 1.537756e-01 0.924
N:10 Run:5 0.187487 0.181709 0.167459 0.193792 0.183839 0.163179 0.164637 0.151596 0.203195 0.191635 0.205631 0.175172 0.211615 0.190811 0.193542 0.196769 0.176902 0.143534 0.132952 0.169368 0.156921 1.537756e-01 0.924
N:10 Run:6 0.18445 0.243641 0.257487 0.249325 0.204005 0.159474 0.137191 0.149143 0.134035 0.119205 0.110122 0.130675 0.152567 0.254119 0.206722 0.257177 0.22852 0.202345 0.161295 0.183557 0.262417 1.537756e-01 0.924
N:10 Run:7 0.0858601 0.0790903 0.148268 0.193037 0.361428 0.30887 0.263383 0.240756 0.324591 0.399263 0.464521 0.379493 0.289023 0.239811 0.23199 0.16505 0.138096 0.159102 0.138984 0.120956 0.138806 1.537756e-01 0.924
N:10 Run:8 0.115624 0.0938107 0.146199 0.208311 0.241757 0.302244 0.459433 0.361324 0.383472 0.264291 0.210386 0.245024 0.248858 0.180522 0.133485 0.1073 0.110493 0.136877 0.173786 0.197216 0.17326 1.537756e-01 0.924
N:10 Run:9 0.208935 0.160046 0.16545 0.208914 0.269863 0.278523 0.295047 0.301369 0.299354 0.432886 0.434746 0.297349 0.251008 0.186063 0.134755 0.137959 0.116927 0.1416 0.1292 0.158697 0.155984 1.537756e-01 0.924
N:11 Run:0 0.0588062 0.10473 0.107527 0.0991566 0.152852 0.362697 0.327151 0.30383 0.310063 0.340863 0.357956 0.368595 0.30633 0.447744 0.360481 0.40454 0.32005 0.362179 0.284285 0.209785 0.179463 1.899841e-01 0.920
N:11 Run:1 0.107362 0.156435 0.137765 0.197895 0.153738 0.140418 0.12633 0.132102 0.0995444 0.161563 0.128925 0.107648 0.0767659 0.0730311 0.0841058 0.0968975 0.0836157 0.13357 0.159309 0.137206 0.17032 1.899841e-01 0.920
N:11 Run:2 0.147589 0.164111 0.157849 0.129849 0.171993 0.135831 0.123443 0.141046 0.0967206 0.0875557 0.0984883 0.107599 0.0977187 0.16795 0.135162 0.124446 0.110832 0.138358 0.168479 0.142678 0.123253 1.899841e-01 0.920
N:11 Run:3 0.101332 0.213904 0.165228 0.159477 0.112016 0.0770639 0.0510448 0.0350283 0.0257353 0.020543 0.0181656 0.0175623 0.0161258 0.016869 0.0265364 0.031607 0.0315414 0.0282827 0.0326274 0.0293338 0.0427916 1.899841e-01 0.920
N:11 Run:4 0.235957 0.252134 0.250597 0.280705 0.425144 0.443382 0.39741 0.404995 0.396271 0.427176 0.352423 0.370607 0.351499 0.289219 0.2011 0.148757 0.174528 0.171828 0.188277 0.184517 0.177721 1.899841e-01 0.920
N:11 Run:5 0.187487 0.181709 0.167459 0.193792 0.183839 0.163179 0.164637 0.151596 0.203195 0.191635 0.205631 0.175172 0.211615 0.190811 0.193542 0.196769 0.176902 0.143534 0.132952 0.169368 0.156921 1.899841e-01 0.920
N:11 Run:6 0.18445 0.243641 0.257487 0.249325 0.204005 0.159474 0.137191 0.149143 0.134035 0.119205 0.110122 0.130675 0.152567 0.254119 0.206722 0.257177 0.22852 0.202345 0.161295 0.183557 0.262417 1.899841e-01 0.920
N:11 Run:7 0.0858601 0.0790903 0.148268 0.193037 0.361428 0.30887 0.263383 0.240756 0.324591 0.399263 0.464521 0.379493 0.289023 0.239811 0.23199 0.16505 0.138096 0.159102 0.138984 0.120956 0.138806 1.899841e-01 0.920
N:11 Run:8 0.115624 0.0938107 0.146199 0.208311 0.241757 0.302244 0.459433 0.361324 0.383472 0.264291 0.210386 0.245024 0.248858 0.180522 0.133485 0.1073 0.110493 0.136877 0.173786 0.197216 0.17326 1.899841e-01 0.920
N:11 Run:9 0.208935 0.160046 0.16545 0.208914 0.269863 0.278523 0.295047 0.301369 0.299354 0.432886 0.434746 0.297349 0.251008 0.186063 0.134755 0.137959 0.116927 0.1416 0.1292 0.158697 0.155984 1.899841e-01 0.920
N:12 Run:0 0.0588062 0.10473 0.107527 0.0991566 0.152852 0.362697 0.327151 0.30383 0.310063 0.340863 0.357956 0.368595 0.30633 0.447744 0.360481 0.40454 0.32005 0.362179 0.284285 0.209785 0.179463 1.586872e-01 0.913
N:12 Run:1 0.107362 0.156435 0.137765 0.197895 0.153738 0.140418 0.12633 0.132102 0.0995444 0.161563 0.128925 0.107648 0.0767659 0.0730311 0.0841058 0.0968975 0.0836157 0.13357 0.159309 0.137206 0.17032 1.586872e-01 0.913
N:12 Run:2 0.147589 0.164111 0.157849 0.129849 0.171993 0.135831 0.123443 0.141046 0.0967206 0.0875557 0.0984883 0.107599 0.0977187 0.16795 0.135162 0.124446 0.110832 0.138358 0.168479 0.142678 0.123253 1.586872e-01 0.913
N:12 Run:3 0.101332 0.213904 0.165228 0.159477 0.112016 0.0770639 0.0510448 0.0350283 0.0257353 0.020543 0.0181656 0.0175623 0.0161258 0.016869 0.0265364 0.031607 0.0315414 0.0282827 0.0326274 0.0293338 0.0427916 1.586872e-01 0.913
N:12 Run:4 0.235957 0.252134 0.250597 0.280705 0.425144 0.443382 0.39741 0.404995 0.396271 0.427176 0.352423 0.370607 0.351499 0.289219 0.2011 0.148757 0.174528 0.171828 0.188277 0.184517 0.177721 1.586872e-01 0.913
N:12 Run:5 0.187487 0.181709 0.167459 0.193792 0.183839 0.163179 0.164637 0.151596 0.203195 0.191635 0.205631 0.175172 0.211615 0.190811 0.193542 0.196769 0.176902 0.143534 0.132952 0.169368 0.156921 1.586872e-01 0.913
N:12 Run:6 0.18445 0.243641 0.257487 0.249325 0.204005 0.159474 0.137191 0.149143 0.134035 0.119205 0.110122 0.130675 0.152567 0.254119 0.206722 0.257177 0.22852 0.202345 0.161295 0.183557 0.262417 1.586872e-01 0.913
N:12 Run:7 0.0858601 0.0790903 0.148268 0.193037 0.361428 0.30887 0.263383 0.240756 0.324591 0.399263 0.464521 0.379493 0.289023 0.239811 0.23199 0.16505 0.138096 0.159102 0.138984 0.120956 0.138806 1.586872e-01 0.913
N:12 Run:8 0.115624 0.0938107 0.146199 0.208311 0.241757 0.302244 0.459433 0.361324 0.383472 0.264291 0.210386 0.245024 0.248858 0.180522 0.133485 0.1073 0.110493 0.136877 0.173786 0.197216 0.17326 1.586872e-01 0.913
N:12 Run:9 0.208935 0.160046 0.16545 0.208914 0.269863 0.278523 0.295047 0.301369 0.299354 0.432886 0.434746 0.297349 0.251008 0.186063 0.134755 0.137959 0.116927 0.1416 0.1292 0.158697 0.155984 1.586872e-01 0.913
N:13 Run:0 0.0588062 0.10473 0.107527 0.0991566 0.152852 0.362697 0.327151 0.30383 0.310063 0.340863 0.357956 0.368595 0.30633 0.447744 0.360481 0.40454 0.32005 0.362179 0.284285 0.209785 0.179463 1.592285e-01 0.917
N:13 Run:1 0.107362 0.156435 0.137765 0.197895 0.153738 0.140418 0.12633 0.132102 0.0995444 0.161563 0.128925 0.107648 0.0767659 0.0730311 0.0841058 0.0968975 0.0836157 0.13357 0.159309 0.137206 0.17032 1.592285e-01 0.917
N:13 Run:2 0.147589 0.164111 0.157849 0.129849 0.171993 0.135831 0.123443 0.141046 0.0967206 0.0875557 0.0984883 0.107599 0.0977187 0.16795 0.135162 0.124446 0.110832 0.138358 0.168479 0.142678 0.123253 1.592285e-01 0.917
N:13 Run:3 0.101332 0.213904 0.165228 0.159477 0.112016 0.0770639 0.0510448 0.0350283 0.0257353 0.020543 0.0181656 0.0175623 0.0161258 0.016869 0.0265364 0.031607 0.0315414 0.0282827 0.0326274 0.0293338 0.0427916 1.592285e-01 0.917
N:13 Run:4 0.235957 0.252134 0.250597 0.280705 0.425144 0.443382 0.39741 0.404995 0.396271 0.427176 0.352423 0.370607 0.351499 0.289219 0.2011 0.148757 0.174528 0.171828 0.188277 0.184517 0.177721 1.592285e-01 0.917
N:13 Run:5 0.187487 0.181709 0.167459 0.193792 0.183839 0.163179 0.164637 0.151596 0.203195 0.191635 0.205631 0.175172 0.211615 0.190811 0.193542 0.196769 0.176902 0.143534 0.132952 0.169368 0.156921 1.592285e-01 0.917
N:13 Run:6 0.18445 0.243641 0.257487 0.249325 0.204005 0.159474 0.137191 0.149143 0.134035 0.119205 0.110122 0.130675 0.152567 0.254119 0.206722 0.257177 0.22852 0.202345 0.161295 0.183557 0.262417 1.592285e-01 0.917
N:13 Run:7 0.0858601 0.0790903 0.148268 0.193037 0.361428 0.30887 0.263383 0.240756 0.324591 0.399263 0.464521 0.379493 0.289023 0.239811 0.23199 0.16505 0.138096 0.159102 0.138984 0.120956 0.138806 1.592285e-01 0.917
N:13 Run:8 0.115624 0.0938107 0.146199 0.208311 0.241757 0.302244 0.459433 0.361324 0.383472 0.264291 0.210386 0.245024 0.248858 0.180522 0.133485 0.1073 0.110493 0.136877 0.173786 0.197216 0.17326 1.592285e-01 0.917
N:13 Run:9 0.208935 0.160046 0.16545 0.208914 0.269863 0.278523 0.295047 0.301369 0.299354 0.432886 0.434746 0.297349 0.251008 0.186063 0.134755 0.137959 0.116927 0.1416 0.1292 0.158697 0.155984 1.592285e-01 0.917
N:14 Run:0 0.0588062 0.10473 0.107527 0.0991566 0.152852 0.362697 0.327151 0.30383 0.310063 0.340863 0.357956 0.368595 0.30633 0.447744 0.360481 0.40454 0.32005 0.362179 0.284285 0.209785 0.179463 1.569842e-01 0.915
N:14 Run:1 0.107362 0.156435 0.137765 0.197895 0.153738 0.140418 0.12633 0.132102 0.0995444 0.161563 0.128925 0.107648 0.0767659 0.0730311 0.0841058 0.0968975 0.0836157 0.13357 0.159309 0.137206 0.17032 1.569842e-01 0.915
N:14 Run:2 0.147589 0.164111 0.157849 0.129849 0.171993 0.135831 0.123443 0.141046 0.0967206 0.0875557 0.0984883 0.107599 0.0977187 0.16795 0.135162 0.124446 0.110832 0.138358 0.168479 0.142678 0.123253 1.569842e-01 0.915
N:14 Run:3 0.101332 0.213904 0.165228 0.159477 0.112016 0.0770639 0.0510448 0.0350283 0.0257353 0.020543 0.0181656 0.0175623 0.0161258 0.016869 0.0265364 0.031607 0.0315414 0.0282827 0.0326274 0.0293338 0.0427916 1.569842e-01 0.915
N:14 Run:4 0.235957 0.252134 0.250597 0.280705 0.425144 0.443382 0.39741 0.404995 0.396271 0.427176 0.352423 0.370607 0.351499 0.289219 0.2011 0.148757 0.174528 0.171828 0.188277 0.184517 0.177721 1.569842e-01 0.915
N:14 Run:5 0.187487 0.181709 0.167459 0.193792 0.183839 0.163179 0.164637 0.151596 0.203195 0.191635 0.205631 0.175172 0.211615 0.190811 0.193542 0.196769 0.176902 0.143534 0.132952 0.169368 0.156921 1.569842e-01 0.915
N:14 Run:6 0.18445 0.243641 0.257487 0.249325 0.204005 0.159474 0.137191 0.149143 0.134035 0.119205 0.110122 0.130675 0.152567 0.254119 0.206722 0.257177 0.22852 0.202345 0.161295 0.183557 0.262417 1.569842e-01 0.915
N:14 Run:7 0.0858601 0.0790903 0.148268 0.193037 0.361428 0.30887 0.263383 0.240756 0.324591 0.399263 0.464521 0.379493 0.289023 0.239811 0.23199 0.16505 0.138096 0.159102 0.138984 0.120956 0.138806 1.569842e-01 0.915
N:14 Run:8 0.115624 0.0938107 0.146199 0.208311 0.241757 0.302244 0.459433 0.361324 0.383472 0.264291 0.210386 0.245024 0.248858 0.180522 0.133485 0.1073 0.110493 0.136877 0.173786 0.197216 0.17326 1.569842e-01 0.915
N:14 Run:9 0.208935 0.160046 0.16545 0.208914 0.269863 0.278523 0.295047 0.301369 0.299354 0.432886 0.434746 0.297349 0.251008 0.186063 0.134755 0.137959 0.116927 0.1416 0.1292 0.158697 0.155984 1.569842e-01 0.915
N:15 Run:0 0.0588062 0.10473 0.107527 0.0991566 0.152852 0.362697 0.327151 0.30383 0.310063 0.340863 0.357956 0.368595 0.30633 0.447744 0.360481 0.40454 0.32005 0.362179 0.284285 0.209785 0.179463 1.919293e-01 0.934
N:15 Run:1 0.107362 0.156435 0.137765 0.197895 0.153738 0.140418 0.12633 0.132102 0.0995444 0.161563 0.128925 0.107648 0.0767659 0.0730311 0.0841058 0.0968975 0.0836157 0.13357 0.159309 0.137206 0.17032 1.919293e-01 0.934
N:15 Run:2 0.147589 0.164111 0.157849 0.129849 0.171993 0.135831 0.123443 0.141046 0.0967206 0.0875557 0.0984883 0.107599 0.0977187 0.16795 0.135162 0.124446 0.110832 0.138358 0.168479 0.142678 0.123253 1.919293e-01 0.934
N:15 Run:3 0.101332 0.213904 0.165228 0.159477 0.112016 0.0770639 0.0510448 0.0350283 0.0257353 0.020543 0.0181656 0.0175623 0.0161258 0.016869 0.0265364 0.031607 0.0315414 0.0282827 0.0326274 0.0293338 0.0427916 1.919293e-01 0.934
N:15 Run:4 0.235957 0.252134 0.250597 0.280705 0.425144 0.443382 0.39741 0.404995 0.396271 0.427176 0.352423 0.370607 0.351499 0.289219 0.2011 0.148757 0.174528 0.171828 0.188277 0.184517 0.177721 1.919293e-01 0.934
N:15 Run:5 0.187487 0.181709 0.167459 0.193792 0.183839 0.163179 0.164637 0.151596 0.203195 0.191635 0.205631 0.175172 0.211615 0.190811 0.193542 0.196769 0.176902 0.143534 0.132952 0.169368 0.156921 1.919293e-01 0.934
N:15 Run:6 0.18445 0.243641 0.257487 0.249325 0.204005 0.159474 0.137191 0.149143 0.134035 0.119205 0.110122 0.130675 0.152567 0.254119 0.206722 0.257177 0.22852 0.202345 0.161295 0.183557 0.262417 1.919293e-01 0.934
N:15 Run:7 0.0858601 0.0790903 0.148268 0.193037 0.361428 0.30887 0.263383 0.240756 0.324591 0.399263 0.464521 0.379493 0.289023 0.239811 0.23199 0.16505 0.138096 0.159102 0.138984 0.120956 0.138806 1.919293e-01 0.934
N:15 Run:8 0.115624 0.0938107 0.146199 0.208311 0.241757 0.302244 0.459433 0.361324 0.383472 0.264291 0.210386 0.245024 0.248858 0.180522 0.133485 0.1073 0.110493 0.136877 0.173786 0.197216 0.17326 1.919293e-01 0.934
N:15 Run:9 0.208935 0.160046 0.16545 0.208914 0.269863 0.278523 0.295047 0.301369 0.299354 0.432886 0.434746 0.297349 0.251008 0.186063 0.134755 0.137959 0.116927 0.1416 0.1292 0.158697 0.155984 1.919293e-01 0.934
N:16 Run:0 0.0588062 0.10473 0.107527 0.0991566 0.152852 0.362697 0.327151 0.30383 0.310063 0.340863 0.357956 0.368595 0.30633 0.447744 0.360481 0.40454 0.32005 0.362179 0.284285 0.209785 0.179463 1.502851e-01 0.909
N:16 Run:1 0.107362 0.156435 0.137765 0.197895 0.153738 0.140418 0.12633 0.132102 0.0995444 0.161563 0.128925 0.107648 0.0767659 0.0730311 0.0841058 0.0968975 0.0836157 0.13357 0.159309 0.137206 0.17032 1.502851e-01 0.909
N:16 Run:2 0.147589 0.164111 0.157849 0.129849 0.171993 0.135831 0.123443 0.141046 0.0967206 0.0875557 0.0984883 0.107599 0.0977187 0.16795 0.135162 0.124446 0.110832 0.138358 0.168479 0.142678 0.123253 1.502851e-01 0.909
N:16 Run:3 0.101332 0.213904 0.165228 0.159477 0.112016 0.0770639 0.0510448 0.0350283 0.0257353 0.020543 0.0181656 0.0175623 0.0161258 0.016869 0.0265364 0.031607 0.0315414 0.0282827 0.0326274 0.0293338 0.0427916 1.502851e-01 0.909
N:16 Run:4 0.235957 0.252134 0.250597 0.280705 0.425144 0.443382 0.39741 0.404995 0.396271 0.427176 0.352423 0.370607 0.351499 0.289219 0.2011 0.148757 0.174528 0.171828 0.188277 0.184517 0.177721 1.502851e-01 0.909
N:16 Run:5 0.187487 0.181709 0.167459 0.193792 0.183839 0.163179 0.164637 0.151596 0.203195 0.191635 0.205631 0.175172 0.211615 0.190811 0.193542 0.196769 0.176902 0.143534 0.132952 0.169368 0.156921 1.502851e-01 0.909
N:16 Run:6 0.18445 0.243641 0.257487 0.249325 0.204005 0.159474 0.137191 0.149143 0.134035 0.119205 0.110122 0.130675 0.152567 0.254119 0.206722 0.257177 0.22852 0.202345 0.161295 0.183557 0.262417 1.502851e-01 0.909
N:16 Run:7 0.0858601 0.0790903 0.148268 0.193037 0.361428 0.30887 0.263383 0.240756 0.324591 0.399263 0.464521 0.379493 0.289023 0.239811 0.23199 0.16505 0.138096 0.159102 0.138984 0.120956 0.138806 1.502851e-01 0.909
N:16 Run:8 0.115624 0.0938107 0.146199 0.208311 0.241757 0.302244 0.459433 0.361324 0.383472 0.264291 0.210386 0.245024 0.248858 0.180522 0.133485 0.1073 0.110493 0.136877 0.173786 0.197216 0.17326 1.502851e-01 0.909
N:16 Run:9 0.208935 0.160046 0.16545 0.208914 0.269863 0.278523 0.295047 0.301369 0.299354 0.432886 0.434746 0.297349 0.251008 0.186063 0.134755 0.137959 0.116927 0.1416 0.1292 0.158697 0.155984 1.502851e-01 0.909
N:17 Run:0 0.0588062 0.10473 0.107527 0.0991566 0.152852 0.362697 0.327151 0.30383 0.310063 0.340863 0.357956 0.368595 0.30633 0.447744 0.360481 0.40454 0.32005 0.362179 0.284285 0.209785 0.179463 1.579532e-01 0.926
N:17 Run:1 0.107362 0.156435 0.137765 0.197895 0.153738 0.140418 0.12633 0.132102 0.0995444 0.161563 0.128925 0.107648 0.0767659 0.0730311 0.0841058 0.0968975 0.0836157 0.13357 0.159309 0.137206 0.17032 1.579532e-01 0.926
N:17 Run:2 0.147589 0.164111 0.157849 0.129849 0.171993 0.135831 0.123443 0.141046 0.0967206 0.0875557 0.0984883 0.107599 0.0977187 0.16795 0.135162 0.124446 0.110832 0.138358 0.168479 0.142678 0.123253 1.579532e-01 0.926
N:17 Run:3 0.101332 0.213904 0.165228 0.159477 0.112016 0.0770639 0.0510448 0.0350283 0.0257353 0.020543 0.0181656 0.0175623 0.0161258 0.016869 0.0265364 0.031607 0.0315414 0.0282827 0.0326274 0.0293338 0.0427916 1.579532e-01 0.926
N:17 Run:4 0.235957 0.252134 0.250597 0.280705 0.425144 0.443382 0.39741 0.404995 0.396271 0.427176 0.352423 0.370607 0.351499 0.289219 0.2011 0.148757 0.174528 0.171828 0.188277 0.184517 0.177721 1.579532e-01 0.926
N:17 Run:5 0.187487 0.181709 0.167459 0.193792 0.183839 0.163179 0.164637 0.151596 0.203195 0.191635 0.205631 0.175172 0.211615 0.190811 0.193542 0.196769 0.176902 0.143534 0.132952 0.169368 0.156921 1.579532e-01 0.926
N:17 Run:6 0.18445 0.243641 0.257487 0.249325 0.204005 0.159474 0.137191 0.149143 0.134035 0.119205 0.110122 0.130675 0.152567 0.254119 0.206722 0.257177 0.22852 0.202345 0.161295 0.183557 0.262417 1.579532e-01 0.926
N:17 Run:7 0.0858601 0.0790903 0.148268 0.193037 0.361428 0.30887 0.263383 0.240756 0.324591 0.399263 0.464521 0.379493 0.289023 0.239811 0.23199 0.16505 0.138096 0.159102 0.138984 0.120956 0.138806 1.579532e-01 0.926
N:17 Run:8 0.115624 0.0938107 0.146199 0.208311 0.241757 0.302244 0.459433 0.361324 0.383472 0.264291 0.210386 0.245024 0.248858 0.180522 0.133485 0.1073 0.110493 0.136877 0.173786 0.197216 0.17326 1.579532e-01 0.926
N:17 Run:9 0.208935 0.160046 0.16545 0.208914 0.269863 0.278523 0.295047 0.301369 0.299354 0.432886 0.434746 0.297349 0.251008 0.186063 0.134755 0.137959 0.116927 0.1416 0.1292 0.158697 0.155984 1.579532e-01 0.926
N:18 Run:0 0.0588062 0.10473 0.107527 0.0991566 0.152852 0.362697 0.327151 0.30383 0.310063 0.340863 0.357956 0.368595 0.30633 0.447744 0.360481 0.40454 0.32005 0.362179 0.284285 0.209785 0.179463 1.581641e-01 0.933
N:18 Run:1 0.107362 0.156435 0.137765 0.197895 0.153738 0.140418 0.12633 0.132102 0.0995444 0.161563 0.128925 0.107648 0.0767659 0.0730311 0.0841058 0.0968975 0.0836157 0.13357 0.159309 0.137206 0.17032 1.581641e-01 0.933
N:18 Run:2 0.147589 0.164111 0.157849 0.129849 0.171993 0.135831 0.123443 0.141046 0.0967206 0.0875557 0.0984883 0.107599 0.0977187 0.16795 0.135162 0.124446 0.110832 0.138358 0.168479 0.142678 0.123253 1.581641e-01 0.933
N:18 Run:3 0.101332 0.213904 0.165228 0.159477 0.112016 0.0770639 0.0510448 0.0350283 0.0257353 0.020543 0.0181656 0.0175623 0.0161258 0.016869 0.0265364 0.031607 0.0315414 0.0282827 0.0326274 0.0293338 0.0427916 1.581641e-01 0.933
N:18 Run:4 0.235957 0.252134 0.250597 0.280705 0.425144 0.443382 0.39741 0.404995 0.396271 0.427176 0.352423 0.370607 0.351499 0.289219 0.2011 0.148757 0.174528 0.171828 0.188277 0.184517 0.177721 1.581641e-01 0.933
N:18 Run:5 0.187487 0.181709 0.167459 0.193792 0.183839 0.163179 0.164637 0.151596 0.203195 0.191635 0.205631 0.175172 0.211615 0.190811 0.193542 0.196769 0.176902 0.143534 0.132952 0.169368 0.156921 1.581641e-01 0.933
N:18 Run:6 0.18445 0.243641 0.257487 0.249325 0.204005 0.159474 0.137191 0.149143 0.134035 0.119205 0.110122 0.130675 0.152567 0.254119 0.206722 0.257177 0.22852 0.202345 0.161295 0.183557 0.262417 1.581641e-01 0.933
N:18 Run:7 0.0858601 0.0790903 0.148268 0.193037 0.361428 0.30887 0.263383 0.240756 0.324591 0.399263 0.464521 0.379493 0.289023 0.239811 0.23199 0.16505 0.138096 0.159102 0.138984 0.120956 0.138806 1.581641e-01 0.933
N:18 Run:8 0.115624 0.0938107 0.146199 0.208311 0.241757 0.302244 0.459433 0.361324 0.383472 0.264291 0.210386 0.245024 0.248858 0.180522 0.133485 0.1073 0.110493 0.136877 0.173786 0.197216 0.17326 1.581641e-01 0.933
N:18 Run:9 0.208935 0.160046 0.16545 0.208914 0.269863 0.278523 0.295047 0.301369 0.299354 0.432886 0.434746 0.297349 0.251008 0.186063 0.134755 0.137959 0.116927 0.1416 0.1292 0.158697 0.155984 1.581641e-01 0.933
N:19 Run:0 0.0588062 0.10473 0.107527 0.0991566 0.152852 0.362697 0.327151 0.30383 0.310063 0.340863 0.357956 0.368595 0.30633 0.447744 0.360481 0.40454 0.32005 0.362179 0.284285 0.209785 0.179463 1.918020e-01 0.937
N:19 Run:1 0.107362 0.156435 0.137765 0.197895 0.153738 0.140418 0.12633 0.132102 0.0995444 0.161563 0.128925 0.107648 0.0767659 0.0730311 0.0841058 0.0968975 0.0836157 0.13357 0.159309 0.137206 0.17032 1.918020e-01 0.937
N:19 Run:2 0.147589 0.164111 0.157849 0.129849 0.171993 0.135831 0.123443 0.141046 0.0967206 0.0875557 0.0984883 0.107599 0.0977187 0.16795 0.135162 0.124446 0.110832 0.138358 0.168479 0.142678 0.123253 1.918020e-01 0.937
N:19 Run:3 0.101332 0.213904 0.165228 0.159477 0.112016 0.0770639 0.0510448 0.0350283 0.0257353 0.020543 0.0181656 0.0175623 0.0161258 0.016869 0.0265364 0.031607 0.0315414 0.0282827 0.0326274 0.0293338 0.0427916 1.918020e-01 0.937
N:19 Run:4 0.235957 0.252134 0.250597 0.280705 0.425144 0.443382 0.39741 0.404995 0.396271 0.427176 0.352423 0.370607 0.351499 0.289219 0.2011 0.148757 0.174528 0.171828 0.188277 0.184517 0.177721 1.918020e-01 0.937
N:19 Run:5 0.187487 0.181709 0.167459 0.193792 0.183839 0.163179 0.164637 0.151596 0.203195 0.191635 0.205631 0.175172 0.211615 0.190811 0.193542 0.196769 0.176902 0.143534 0.132952 0.169368 0.156921 1.918020e-01 0.937
N:19 Run:6 0.18445 0.243641 0.257487 0.249325 0.204005 0.159474 0.137191 0.149143 0.134035 0.119205 0.110122 0.130675 0.152567 0.254119 0.206722 0.257177 0.22852 0.202345 0.161295 0.183557 0.262417 1.918020e-01 0.937
N:19 Run:7 0.0858601 0.0790903 0.148268 0.193037 0.361428 0.30887 0.263383 0.240756 0.324591 0.399263 0.464521 0.379493 0.289023 0.239811 0.23199 0.16505 0.138096 0.159102 0.138984 0.120956 0.138806 1.918020e-01 0.937
N:19 Run:8 0.115624 0.0938107 0.146199 0.208311 0.241757 0.302244 0.459433 0.361324 0.383472 0.264291 0.210386 0.245024 0.248858 0.180522 0.133485 0.1073 0.110493 0.136877 0.173786 0.197216 0.17326 1.918020e-01 0.937
N:19 Run:9 0.208935 0.160046 0.16545 0.208914 0.269863 0.278523 0.295047 0.301369 0.299354 0.432886 0.434746 0.297349 0.251008 0.186063 0.134755 0.137959 0.116927 0.1416 0.1292 0.158697 0.155984 1.918020e-01 0.937
N:20 Run:0 0.0588062 0.10473 0.107527 0.0991566 0.152852 0.362697 0.327151 0.30383 0.310063 0.340863 0.357956 0.368595 0.30633 0.447744 0.360481 0.40454 0.32005 0.362179 0.284285 0.209785 0.179463 1.483939e-01 0.907
N:20 Run:1 0.107362 0.156435 0.137765 0.197895 0.153738 0.140418 0.12633 0.132102 0.0995444 0.161563 0.128925 0.107648 0.0767659 0.0730311 0.0841058 0.0968975 0.0836157 0.13357 0.159309 0.137206 0.17032 1.483939e-01 0.907
N:20 Run:2 0.147589 0.164111 0.157849 0.129849 0.171993 0.135831 0.123443 0.141046 0.0967206 0.0875557 0.0984883 0.107599 0.0977187 0.16795 0.135162 0.124446 0.110832 0.138358 0.168479 0.142678 0.123253 1.483939e-01 0.907
N:20 Run:3 0.101332 0.213904 0.165228 0.159477 0.112016 0.0770639 0.0510448 0.0350283 0.0257353 0.020543 0.0181656 0.0175623 0.0161258 0.016869 0.0265364 0.031607 0.0315414 0.0282827 0.0326274 0.0293338 0.0427916 1.483939e-01 0.907
N:20 Run:4 0.235957 0.252134 0.250597 0.280705 0.425144 0.443382 0.39741 0.404995 0.396271 0.427176 0.352423 0.370607 0.351499 0.289219 0.2011 0.148757 0.174528 0.171828 0.188277 0.184517 0.177721 1.483939e-01 0.907
N:20 Run:5 0.187487 0.181709 0.167459 0.193792 0.183839 0.163179 0.164637 0.151596 0.203195 0.191635 0.205631 0.175172 0.211615 0.190811 0.193542 0.196769 0.176902 0.143534 0.132952 0.169368 0.156921 1.483939e-01 0.907
N:20 Run:6 0.18445 0.243641 0.257487 0.249325 0.204005 0.159474 0.137191 0.149143 0.134035 0.119205 0.110122 0.130675 0.152567 0.254119 0.206722 0.257177 0.22852 0.202345 0.161295 0.183557 0.262417 1.483939e-01 0.907
N:20 Run:7 0.0858601 0.0790903 0.148268 0.193037 0.361428 0.30887 0.263383 0.240756 0.324591 0.399263 0.464521 0.379493 0.289023 0.239811 0.23199 0.16505 0.138096 0.159102 0.138984 0.120956 0.138806 1.483939e-01 0.907
N:20 Run:8 0.115624 0.0938107 0.146199 0.208311 0.241757 0.302244 0.459433 0.361324 0.383472 0.264291 0.210386 0.245024 0.248858 0.180522 0.133485 0.1073 0.110493 0.136877 0.173786 0.197216 0.17326 1.483939e-01 0.907
N:20 Run:9 0.208935 0.160046 0.16545 0.208914 0.269863 0.278523 0.295047 0.301369 0.299354 0.432886 0.434746 0.297349 0.251008 0.186063 0.134755 0.137959 0.116927 0.1416 0.1292 0.158697 0.155984 1.483939e-01 0.907
N:21 Run:0 0.0588062 0.10473 0.107527 0.0991566 0.152852 0.362697 0.327151 0.30383 0.310063 0.340863 0.357956 0.368595 0.30633 0.447744 0.360481 0.40454 0.32005 0.362179 0.284285 0.209785 0.179463 1.588996e-01 0.935
N:21 Run:1 0.107362 0.156435 0.137765 0.197895 0.153738 0.140418 0.12633 0.132102 0.0995444 0.161563 0.128925 0.107648 0.0767659 0.0730311 0.0841058 0.0968975 0.0836157 0.13357 0.159309 0.137206 0.17032 1.588996e-01 0.935
N:21 Run:2 0.147589 0.164111 0.157849 0.129849 0.171993 0.135831 0.123443 0.141046 0.0967206 0.0875557 0.0984883 0.107599 0.0977187 0.16795 0.135162 0.124446 0.110832 0.138358 0.168479 0.142678 0.123253 1.588996e-01 0.935
N:21 Run:3 0.101332 0.213904 0.165228 0.159477 0.112016 0.0770639 0.0510448 0.0350283 0.0257353 0.020543 0.0181656 0.0175623 0.0161258 0.016869 0.0265364 0.031607 0.0315414 0.0282827 0.0326274 0.0293338 0.0427916 1.588996e-01 0.935
N:21 Run:4 0.235957 0.252134 0.250597 0.280705 0.425144 0.443382 0.39741 0.404995 0.396271 0.427176 0.352423 0.370607 0.351499 0.289219 0.2011 0.148757 0.174528 0.171828 0.188277 0.184517 0.177721 1.588996e-01 0.935
N:21 Run:5 0.187487 0.181709 0.167459 0.193792 0.183839 0.163179 0.164637 0.151596 0.203195 0.191635 0.205631 0.175172 0.211615 0.190811 0.193542 0.196769 0.176902 0.143534 0.132952 0.169368 0.156921 1.588996e-01 0.935
N:21 Run:6 0.18445 0.243641 0.257487 0.249325 0.204005 0.159474 0.137191 0.149143 0.134035 0.119205 0.110122 0.130675 0.152567 0.254119 0.206722 0.257177 0.22852 0.202345 0.161295 0.183557 0.262417 1.588996e-01 0.935
N:21 Run:7 0.0858601 0.0790903 0.148268 0.193037 0.361428 0.30887 0.263383 0.240756 0.324591 0.399263 0.464521 0.379493 0.289023 0.239811 0.23199 0.16505 0.138096 0.159102 0.138984 0.120956 0.138806 1.588996e-01 0.935
N:21 Run:8 0.115624 0.0938107 0.146199 0.208311 0.241757 0.302244 0.459433 0.361324 0.383472 0.264291 0.210386 0.245024 0.248858 0.180522 0.133485 0.1073 0.110493 0.136877 0.173786 0.197216 0.17326 1.588996e-01 0.935
N:21 Run:9 0.208935 0.160046 0.16545 0.208914 0.269863 0.278523 0.295047 0.301369 0.299354 0.432886 0.434746 0.297349 0.251008 0.186063 0.134755 0.137959 0.116927 0.1416 0.1292 0.158697 0.155984 1.588996e-01 0.935
N:22 Run:0 0.0588062 0.10473 0.107527 0.0991566 0.152852 0.362697 0.327151 0.30383 0.310063 0.340863 0.357956 0.368595 0.30633 0.447744 0.360481 0.40454 0.32005 0.362179 0.284285 0.209785 0.179463 1.955578e-01 0.911
N:22 Run:1 0.107362 0.156435 0.137765 0.197895 0.153738 0.140418 0.12633 0.132102 0.0995444 0.161563 0.128925 0.107648 0.0767659 0.0730311 0.0841058 0.0968975 0.0836157 0.13357 0.159309 0.137206 0.17032 1.955578e-01 0.911
N:22 Run:2 0.147589 0.164111 0.157849 0.129849 0.171993 0.135831 0.123443 0.141046 0.0967206 0.0875557 0.0984883 0.107599 0.0977187 0.16795 0.135162 0.124446 0.110832 0.138358 0.168479 0.142678 0.123253 1.955578e-01 0.911
N:22 Run:3 0.101332 0.213904 0.165228 0.159477 0.112016 0.0770639 0.0510448 0.0350283 0.0257353 0.020543 0.0181656 0.0175623 0.0161258 0.016869 0.0265364 0.031607 0.0315414 0.0282827 0.0326274 0.0293338 0.0427916 1.955578e-01 0.911
N:22 Run:4 0.235957 0.252134 0.250597 0.280705 0.425144 0.443382 0.39741 0.404995 0.396271 0.427176 0.352423 0.370607 0.351499 0.289219 0.2011 0.148757 0.174528 0.171828 0.188277 0.184517 0.177721 1.955578e-01 0.911
N:22 Run:5 0.187487 0.181709 0.167459 0.193792 0.183839 0.163179 0.164637 0.151596 0.203195 0.191635 0.205631 0.175172 0.211615 0.190811 0.193542 0.196769 0.176902 0.143534 0.132952 0.169368 0.156921 1.955578e-01 0.911
N:22 Run:6 0.18445 0.243641 0.257487 0.249325 0.204005 0.159474 0.137191 0.149143 0.134035 0.119205 0.110122 0.130675 0.152567 0.254119 0.206722 0.257177 0.22852 0.202345 0.161295 0.183557 0.262417 1.955578e-01 0.911
N:22 Run:7 0.0858601 0.0790903 0.148268 0.193037 0.361428 0.30887 0.263383 0.240756 0.324591 0.399263 0.464521 0.379493 0.289023 0.239811 0.23199 0.16505 0.138096 0.159102 0.138984 0.120956 0.138806 1.955578e-01 0.911
N:22 Run:8 0.115624 0.0938107 0.146199 0.208311 0.241757 0.302244 0.459433 0.361324 0.383472 0.264291 0.210386 0.245024 0.248858 0.180522 0.133485 0.1073 0.110493 0.136877 0.173786 0.197216 0.17326 1.955578e-01 0.911
N:22 Run:9 0.208935 0.160046 0.16545 0.208914 0.269863 0.278523 0.295047 0.301369 0.299354 0.432886 0.434746 0.297349 0.251008 0.186063 0.134755 0.137959 0.116927 0.1416 0.1292 0.158697 0.155984 1.955578e-01 0.911
N:23 Run:0 0.0588062 0.10473 0.107527 0.0991566 0.152852 0.362697 0.327151 0.30383 0.310063 0.340863 0.357956 0.368595 0.30633 0.447744 0.360481 0.40454 0.32005 0.362179 0.284285 0.209785 0.179463 1.902352e-01 0.934
N:23 Run:1 0.107362 0.156435 0.137765 0.197895 0.153738 0.140418 0.12633 0.132102 0.0995444 0.161563 0.128925 0.107648 0.0767659 0.0730311 0.0841058 0.0968975 0.0836157 0.13357 0.159309 0.137206 0.17032 1.902352e-01 0.934
N:23 Run:2 0.147589 0.164111 0.157849 0.129849 0.171993 0.135831 0.123443 0.141046 0.0967206 0.0875557 0.0984883 0.107599 0.0977187 0.16795 0.135162 0.124446 0.110832 0.138358 0.168479 0.142678 0.123253 1.902352e-01 0.934
N:23 Run:3 0.101332 0.213904 0.165228 0.159477 0.112016 0.0770639 0.0510448 0.0350283 0.0257353 0.020543 0.0181656 0.0175623 0.0161258 0.016869 0.0265364 0.031607 0.0315414 0.0282827 0.0326274 0.0293338 0.0427916 1.902352e-01 0.934
N:23 Run:4 0.235957 0.252134 0.250597 0.280705 0.425144 0.443382 0.39741 0.404995 0.396271 0.427176 0.352423 0.370607 0.351499 0.289219 0.2011 0.148757 0.174528 0.171828 0.188277 0.184517 0.177721 1.902352e-01 0.934
N:23 Run:5 0.187487 0.181709 0.167459 0.193792 0.183839 0.163179 0.164637 0.151596 0.203195 0.191635 0.205631 0.175172 0.211615 0.190811 0.193542 0.196769 0.176902 0.143534 0.132952 0.169368 0.156921 1.902352e-01 0.934
N:23 Run:6 0.18445 0.243641 0.257487 0.249325 0.204005 0.159474 0.137191 0.149143 0.134035 0.119205 0.110122 0.130675 0.152567 0.254119 0.206722 0.257177 0.22852 0.202345 0.161295 0.183557 0.262417 1.902352e-01 0.934
N:23 Run:7 0.0858601 0.0790903 0.148268 0.193037 0.361428 0.30887 0.263383 0.240756 0.324591 0.399263 0.464521 0.379493 0.289023 0.239811 0.23199 0.16505 0.138096 0.159102 0.138984 0.120956 0.138806 1.902352e-01 0.934
N:23 Run:8 0.115624 0.0938107 0.146199 0.208311 0.241757 0.302244 0.459433 0.361324 0.383472 0.264291 0.210386 0.245024 0.248858 0.180522 0.133485 0.1073 0.110493 0.136877 0.173786 0.197216 0.17326 1.902352e-01 0.934
N:23 Run:9 0.208935 0.160046 0.16545 0.208914 0.269863 0.278523 0.295047 0.301369 0.299354 0.432886 0.434746 0.297349 0.251008 0.186063 0.134755 0.137959 0.116927 0.1416 0.1292 0.158697 0.155984 1.902352e-01 0.934
N:24 Run:0 0.0588062 0.10473 0.107527 0.0991566 0.152852 0.362697 0.327151 0.30383 0.310063 0.340863 0.357956 0.368595 0.30633 0.447744 0.360481 0.40454 0.32005 0.362179 0.284285 0.209785 0.179463 1.583725e-01 0.920
N:24 Run:1 0.107362 0.156435 0.137765 0.197895 0.153738 0.140418 0.12633 0.132102 0.0995444 0.161563 0.128925 0.107648 0.0767659 0.0730311 0.0841058 0.0968975 0.0836157 0.13357 0.159309 0.137206 0.17032 1.583725e-01 0.920
N:24 Run:2 0.147589 0.164111 0.157849 0.129849 0.171993 0.135831 0.123443 0.141046 0.0967206 0.0875557 0.0984883 0.107599 0.0977187 0.16795 0.135162 0.124446 0.110832 0.138358 0.168479 0.142678 0.123253 1.583725e-01 0.920
N:24 Run:3 0.101332 0.213904 0.165228 0.159477 0.112016 0.0770639 0.0510448 0.0350283 0.0257353 0.020543 0.0181656 0.0175623 0.0161258 0.016869 0.0265364 0.031607 0.0315414 0.0282827 0.0326274 0.0293338 0.0427916 1.583725e-01 0.920
N:24 Run:4 0.235957 0.252134 0.250597 0.280705 0.425144 0.443382 0.39741 0.404995 0.396271 0.427176 0.352423 0.370607 0.351499 0.289219 0.2011 0.148757 0.174528 0.171828 0.188277 0.184517 0.177721 1.583725e-01 0.920
N:24 Run:5 0.187487 0.181709 0.167459 0.193792 0.183839 0.163179 0.164637 0.151596 0.203195 0.191635 0.205631 0.175172 0.211615 0.190811 0.193542 0.196769 0.176902 0.143534 0.132952 0.169368 0.156921 1.583725e-01 0.920
N:24 Run:6 0.18445 0.243641 0.257487 0.249325 0.204005 0.159474 0.137191 0.149143 0.134035 0.119205 0.110122 0.130675 0.152567 0.254119 0.206722 0.257177 0.22852 0.202345 0.161295 0.183557 0.262417 1.583725e-01 0.920
N:24 Run:7 0.0858601 0.0790903 0.148268 0.193037 0.361428 0.30887 0.263383 0.240756 0.324591 0.399263 0.464521 0.379493 0.289023 0.239811 0.23199 0.16505 0.138096 0.159102 0.138984 0.120956 0.138806 1.583725e-01 0.920
N:24 Run:8 0.115624 0.0938107 0.146199 0.208311 0.241757 0.302244 0.459433 0.361324 0.383472 0.264291 0.210386 0.245024 0.248858 0.180522 0.133485 0.1073 0.110493 0.136877 0.173786 0.197216 0.17326 1.583725e-01 0.920
N:24 Run:9 0.208935 0.160046 0.16545 0.208914 0.269863 0.278523 0.295047 0.301369 0.299354 0.432886 0.434746 0.297349 0.251008 0.186063 0.134755 0.137959 0.116927 0.1416 0.1292 0.158697 0.155984 1.583725e-01 0.920
N:25 Run:0 0.0588062 0.10473 0.107527 0.0991566 0.152852 0.362697 0.327151 0.30383 0.310063 0.340863 0.357956 0.368595 0.30633 0.447744 0.360481 0.40454 0.32005 0.362179 0.284285 0.209785 0.179463 1.908027e-01 0.930
N:25 Run:1 0.107362 0.156435 0.137765 0.197895 0.153738 0.140418 0.12633 0.132102 0.0995444 0.161563 0.128925 0.107648 0.0767659 0.0730311 0.0841058 0.0968975 0.0836157 0.13357 0.159309 0.137206 0.17032 1.908027e-01 0.930
N:25 Run:2 0.147589 0.164111 0.157849 0.129849 0.171993 0.135831 0.123443 0.141046 0.0967206 0.0875557 0.0984883 0.107599 0.0977187 0.16795 0.135162 0.124446 0.110832 0.138358 0.168479 0.142678 0.123253 1.908027e-01 0.930
N:25 Run:3 0.101332 0.213904 0.165228 0.159477 0.112016 0.0770639 0.0510448 0.0350283 0.0257353 0.020543 0.0181656 0.0175623 0.0161258 0.016869 0.0265364 0.031607 0.0315414 0.0282827 0.0326274 0.0293338 0.0427916 1.908027e-01 0.930
N:25 Run:4 0.235957 0.252134 0.250597 0.280705 0.425144 0.443382 0.39741 0.404995 0.396271 0.427176 0.352423 0.370607 0.351499 0.289219 0.2011 0.148757 0.174528 0.171828 0.188277 0.184517 0.177721 1.908027e-01 0.930
N:25 Run:5 0.187487 0.181709 0.167459 0.193792 0.183839 0.163179 0.164637 0.151596 0.203195 0.191635 0.205631 0.175172 0.211615 0.190811 0.193542 0.196769 0.176902 0.143534 0.132952 0.169368 0.156921 1.908027e-01 0.930
N:25 Run:6 0.18445 0.243641 0.257487 0.249325 0.204005 0.159474 0.137191 0.149143 0.134035 0.119205 0.110122 0.130675 0.152567 0.254119 0.206722 0.257177 0.22852 0.202345 0.161295 0.183557 0.262417 1.908027e-01 0.930
N:25 Run:7 0.0858601 0.0790903 0.148268 0.193037 0.361428 0.30887 0.263383 0.240756 0.324591 0.399263 0.464521 0.379493 0.289023 0.239811 0.23199 0.16505 0.138096 0.159102 0.138984 0.120956 0.138806 1.908027e-01 0.930
N:25 Run:8 0.115624 0.0938107 0.146199 0.208311 0.241757 0.302244 0.459433 0.361324 0.383472 0.264291 0.210386 0.245024 0.248858 0.180522 0.133485 0.1073 0.110493 0.136877 0.173786 0.197216 0.17326 1.908027e-01 0.930
N:25 Run:9 0.208935 0.160046 0.16545 0.208914 0.269863 0.278523 0.295047 0.301369 0.299354 0.432886 0.434746 0.297349 0.251008 0.186063 0.134755 0.137959 0.116927 0.1416 0.1292 0.158697 0.155984 1.908027e-01 0.930
N:26 Run:0 0.0588062 0.10473 0.107527 0.0991566 0.152852 0.362697 0.327151 0.30383 0.310063 0.340863 0.357956 0.368595 0.30633 0.447744 0.360481 0.40454 0.32005 0.362179 0.284285 0.209785 0.179463 1.564399e-01 0.915
N:26 Run:1 0.107362 0.156435 0.137765 0.197895 0.153738 0.140418 0.12633 0.132102 0.0995444 0.161563 0.128925 0.107648 0.0767659 0.0730311 0.0841058 0.0968975 0.0836157 0.13357 0.159309 0.137206 0.17032 1.564399e-01 0.915
N:26 Run:2 0.147589 0.164111 0.157849 0.129849 0.171993 0.135831 0.123443 0.141046 0.0967206 0.0875557 0.0984883 0.107599 0.0977187 0.16795 0.135162 0.124446 0.110832 0.138358 0.168479 0.142678 0.123253 1.564399e-01 0.915
N:26 Run:3 0.101332 0.213904 0.165228 0.159477 0.112016 0.0770639 0.0510448 0.0350283 0.0257353 0.020543 0.0181656 0.0175623 0.0161258 0.016869 0.0265364 0.031607 0.0315414 0.0282827 0.0326274 0.0293338 0.0427916 1.564399e-01 0.915
N:26 Run:4 0.235957 0.252134 0.250597 0.280705 0.425144 0.443382 0.39741 0.404995 0.396271 0.427176 0.352423 0.370607 0.351499 0.289219 0.2011 0.148757 0.174528 0.171828 0.188277 0.184517 0.177721 1.564399e-01 0.915
N:26 Run:5 0.187487 0.181709 0.167459 0.193792 0.183839 0.163179 0.164637 0.151596 0.203195 0.191635 0.205631 0.175172 0.211615 0.190811 0.193542 0.196769 0.176902 0.143534 0.132952 0.169368 0.156921 1.564399e-01 0.915
N:26 Run:6 0.18445 0.243641 0.257487 0.249325 0.204005 0.159474 0.137191 0.149143 0.134035 0.119205 0.110122 0.130675 0.152567 0.254119 0.206722 0.257177 0.22852 0.202345 0.161295 0.183557 0.262417 1.564399e-01 0.915
N:26 Run:7 0.0858601 0.0790903 0.148268 0.193037 0.361428 0.30887 0.263383 0.240756 0.324591 0.399263 0.464521 0.379493 0.289023 0.239811 0.23199 0.16505 0.138096 0.159102 0.138984 0.120956 0.138806 1.564399e-01 0.915
N:26 Run:8 0.115624 0.0938107 0.146199 0.208311 0.241757 0.302244 0.459433 0.361324 0.383472 0.264291 0.210386 0.245024 0.248858 0.180522 0.133485 0.1073 0.110493 0.136877 0.173786 0.197216 0.17326 1.564399e-01 0.915
N:26 Run:9 0.208935 0.160046 0.16545 0.208914 0.269863 0.278523 0.295047 0.301369 0.299354 0.432886 0.434746 0.297349 0.251008 0.186063 0.134755 0.137959 0.116927 0.1416 0.1292 0.158697 0.155984 1.564399e-01 0.915
N:27 Run:0 0.0588062 0.10473 0.107527 0.0991566 0.152852 0.362697 0.327151 0.30383 0.310063 0.340863 0.357956 0.368595 0.30633 0.447744 0.360481 0.40454 0.32005 0.362179 0.284285 0.209785 0.179463 1.921930e-01 0.930
N:27 Run:1 0.107362 0.156435 0.137765 0.197895 0.153738 0.140418 0.12633 0.132102 0.0995444 0.161563 0.128925 0.107648 0.0767659 0.0730311 0.0841058 0.0968975 0.0836157 0.13357 0.159309 0.137206 0.17032 1.921930e-01 0.930
N:27 Run:2 0.147589 0.164111 0.157849 0.129849 0.171993 0.135831 0.123443 0.141046 0.0967206 0.0875557 0.0984883 0.107599 0.0977187 0.16795 0.135162 0.124446 0.110832 0.138358 0.168479 0.142678 0.123253 1.921930e-01 0.930
N:27 Run:3 0.101332 0.213904 0.165228 0.159477 0.112016 0.0770639 0.0510448 0.0350283 0.0257353 0.020543 0.0181656 0.0175623 0.0161258 0.016869 0.0265364 0.031607 0.0315414 0.0282827 0.0326274 0.0293338 0.0427916 1.921930e-01 0.930
N:27 Run:4 0.235957 0.252134 0.250597 0.280705 0.425144 0.443382 0.39741 0.404995 0.396271 0.427176 0.352423 0.370607 0.351499 0.289219 0.2011 0.148757 0.174528 0.171828 0.188277 0.184517 0.177721 1.921930e-01 0.930
N:27 Run:5 0.187487 0.181709 0.167459 0.193792 0.183839 0.163179 0.164637 0.151596 0.203195 0.191635 0.205631 0.175172 0.211615 0.190811 0.193542 0.196769 0.176902 0.143534 0.132952 0.169368 0.156921 1.921930e-01 0.930
N:27 Run:6 0.18445 0.243641 0.257487 0.249325 0.204005 0.159474 0.137191 0.149143 0.134035 0.119205 0.110122 0.130675 0.152567 0.254119 0.206722 0.257177 0.22852 0.202345 0.161295 0.183557 0.262417 1.921930e-01 0.930
N:27 Run:7 0.0858601 0.0790903 0.148268 0.193037 0.361428 0.30887 0.263383 0.240756 0.324591 0.399263 0.464521 0.379493 0.289023 0.239811 0.23199 0.16505 0.138096 0.159102 0.138984 0.120956 0.138806 1.921930e-01 0.930
N:27 Run:8 0.115624 0.0938107 0.146199 0.208311 0.241757 0.302244 0.459433 0.361324 0.383472 0.264291 0.210386 0.245024 0.248858 0.180522 0.133485 0.1073 0.110493 0.136877 0.173786 0.197216 0.17326 1.921930e-01 0.930
N:27 Run:9 0.208935 0.160046 0.16545 0.208914 0.269863 0.278523 0.295047 0.301369 0.299354 0.432886 0.434746 0.297349 0.251008 0.186063 0.134755 0.137959 0.116927 0.1416 0.1292 0.158697 0.155984 1.921930e-01 0.930
N:28 Run:0 0.0588062 0.10473 0.107527 0.0991566 0.152852 0.362697 0.327151 0.30383 0.310063 0.340863 0.357956 0.368595 0.30633 0.447744 0.360481 0.40454 0.32005 0.362179 0.284285 0.209785 0.179463 1.611450e-01 0.923
N:28 Run:1 0.107362 0.156435 0.137765 0.197895 0.153738 0.140418 0.12633 0.132102 0.0995444 0.161563 0.128925 0.107648 0.0767659 0.0730311 0.0841058 0.0968975 0.0836157 0.13357 0.159309 0.137206 0.17032 1.611450e-01 0.923
N:28 Run:2 0.147589 0.164111 0.157849 0.129849 0.171993 0.135831 0.123443 0.141046 0.0967206 0.0875557 0.0984883 0.107599 0.0977187 0.16795 0.135162 0.124446 0.110832 0.138358 0.168479 0.142678 0.123253 1.611450e-01 0.923
N:28 Run:3 0.101332 0.213904 0.165228 0.159477 0.112016 0.0770639 0.0510448 0.0350283 0.0257353 0.020543 0.0181656 0.0175623 0.0161258 0.016869 0.0265364 0.031607 0.0315414 0.0282827 0.0326274 0.0293338 0.0427916 1.611450e-01 0.923
N:28 Run:4 0.235957 0.252134 0.250597 0.280705 0.425144 0.443382 0.39741 0.404995 0.396271 0.427176 0.352423 0.370607 0.351499 0.289219 0.2011 0.148757 0.174528 0.171828 0.188277 0.184517 0.177721 1.611450e-01 0.923
N:28 Run:5 0.187487 0.181709 0.167459 0.193792 0.183839 0.163179 0.164637 0.151596 0.203195 0.191635 0.205631 0.175172 0.211615 0.190811 0.193542 0.196769 0.176902 0.143534 0.132952 0.169368 0.156921 1.611450e-01 0.923
N:28 Run:6 0.18445 0.243641 0.257487 0.249325 0.204005 0.159474 0.137191 0.149143 0.134035 0.119205 0.110122 0.130675 0.152567 0.254119 0.206722 0.257177 0.22852 0.202345 0.161295 0.183557 0.262417 1.611450e-01 0.923
N:28 Run:7 0.0858601 0.0790903 0.148268 0.193037 0.361428 0.30887 0.263383 0.240756 0.324591 0.399263 0.464521 0.379493 0.289023 0.239811 0.23199 0.16505 0.138096 0.159102 0.138984 0.120956 0.138806 1.611450e-01 0.923
N:28 Run:8 0.115624 0.0938107 0.146199 0.208311 0.241757 0.302244 0.459433 0.361324 0.383472 0.264291 0.210386 0.245024 0.248858 0.180522 0.133485 0.1073 0.110493 0.136877 0.173786 0.197216 0.17326 1.611450e-01 0.923
N:28 Run:9 0.208935 0.160046 0.16545 0.208914 0.269863 0.278523 0.295047 0.301369 0.299354 0.432886 0.434746 0.297349 0.251008 0.186063 0.134755 0.137959 0.116927 0.1416 0.1292 0.158697 0.155984 1.611450e-01 0.923
N:29 Run:0 0.0588062 0.10473 0.107527 0.0991566 0.152852 0.362697 0.327151 0.30383 0.310063 0.340863 0.357956 0.368595 0.30633 0.447744 0.360481 0.40454 0.32005 0.362179 0.284285 0.209785 0.179463 1.636617e-01 0.916
N:29 Run:1 0.107362 0.156435 0.137765 0.197895 0.153738 0.140418 0.12633 0.132102 0.0995444 0.161563 0.128925 0.107648 0.0767659 0.0730311 0.0841058 0.0968975 0.0836157 0.13357 0.159309 0.137206 0.17032 1.636617e-01 0.916
N:29 Run:2 0.147589 0.164111 0.157849 0.129849 0.171993 0.135831 0.123443 0.141046 0.0967206 0.0875557 0.0984883 0.107599 0.0977187 0.16795 0.135162 0.124446 0.110832 0.138358 0.168479 0.142678 0.123253 1.636617e-01 0.916
N:29 Run:3 0.101332 0.213904 0.165228 0.159477 0.112016 0.0770639 0.0510448 0.0350283 0.0257353 0.020543 0.0181656 0.0175623 0.0161258 0.016869 0.0265364 0.031607 0.0315414 0.0282827 0.0326274 0.0293338 0.0427916 1.636617e-01 0.916
N:29 Run:4 0.235957 0.252134 0.250597 0.280705 0.425144 0.443382 0.39741 0.404995 0.396271 0.427176 0.352423 0.370607 0.351499 0.289219 0.2011 0.148757 0.174528 0.171828 0.188277 0.184517 0.177721 1.636617e-01 0.916
N:29 Run:5 0.187487 0.181709 0.167459 0.193792 0.183839 0.163179 0.164637 0.151596 0.203195 0.191635 0.205631 0.175172 0.211615 0.190811 0.193542 0.196769 0.176902 0.143534 0.132952 0.169368 0.156921 1.636617e-01 0.916
N:29 Run:6 0.18445 0.243641 0.257487 0.249325 0.204005 0.159474 0.137191 0.149143 0.134035 0.119205 0.110122 0.130675 0.152567 0.254119 0.206722 0.257177 0.22852 0.202345 0.161295 0.183557 0.262417 1.636617e-01 0.916
N:29 Run:7 0.0858601 0.0790903 0.148268 0.193037 0.361428 0.30887 0.263383 0.240756 0.324591 0.399263 0.464521 0.379493 0.289023 0.239811 0.23199 0.16505 0.138096 0.159102 0.138984 0.120956 0.138806 1.636617e-01 0.916
N:29 Run:8 0.115624 0.0938107 0.146199 0.208311 0.241757 0.302244 0.459433 0.361324 0.383472 0.264291 0.210386 0.245024 0.248858 0.180522 0.133485 0.1073 0.110493 0.136877 0.173786 0.197216 0.17326 1.636617e-01 0.916
N:29 Run:9 0.208935 0.160046 0.16545 0.208914 0.269863 0.278523 0.295047 0.301369 0.299354 0.432886 0.434746 0.297349 0.251008 0.186063 0.134755 0.137959 0.116927 0.1416 0.1292 0.158697 0.155984 1.636617e-01 0.916
