   0    0    0   1540 1.434852e-01 0.618
   0    1  100 155540 1.197954e-01 0.765
   0   14  200 309540 9.324263e-02 0.765
   0   16  300 463540 8.735483e-02 0.765
   0   21  400 617540 8.729456e-02 0.765
   0   11  500 771540 8.716241e-02 0.765
   0    1  600 925540 8.481969e-02 0.765
   0    5  700 1079540 8.387704e-02 0.765
   0    4  800 1233540 8.288594e-02 0.765
   0    1  900 1387540 8.252363e-02 0.765
   0    1 1000 1541540 8.021818e-02 0.765
   1    0    0   1540 1.518358e-01 0.586
   1   13  100 155540 1.079771e-01 0.768
   1   25  200 309540 1.079257e-01 0.768
   1    7  300 463540 1.071990e-01 0.833
   1   24  400 617540 1.071642e-01 0.833
   1   13  500 771540 1.071577e-01 0.833
   1   31  600 925540 1.071526e-01 0.833
   1   10  700 1079540 1.071443e-01 0.833
   1   19  800 1233540 1.068766e-01 0.833
   1    9  900 1387540 1.068706e-01 0.833
   1    0 1000 1541540 1.061640e-01 0.833
   2    0    0   1540 1.454072e-01 0.674
   2    2  100 155540 9.992177e-02 0.706
   2    3  200 309540 9.826144e-02 0.706
   2    1  300 463540 8.174029e-02 0.756
   2   23  400 617540 8.170655e-02 0.777
   2  123  500 771540 8.170655e-02 0.777
   2    0  600 925540 8.119603e-02 0.777
   2    0  700 1079540 7.689077e-02 0.777
   2    1  800 1233540 7.584228e-02 0.777
   2   47  900 1387540 7.583168e-02 0.777
   2   11 1000 1541540 7.580806e-02 0.777
   3    0    0   1540 1.589420e-01 0.628
   3   10  100 155540 1.064314e-01 0.757
   3    6  200 309540 8.348517e-02 0.757
   3    1  300 463540 8.314455e-02 0.757
   3    4  400 617540 8.132476e-02 0.757
   3    3  500 771540 8.117852e-02 0.757
   3   11  600 925540 8.086058e-02 0.757
   3   13  700 1079540 8.086007e-02 0.757
   3    0  800 1233540 8.080888e-02 0.758
   3   12  900 1387540 8.080655e-02 0.758
   3    1 1000 1541540 8.076096e-02 0.758
   4    0    0   1540 1.499609e-01 0.608
   4    0  100 155540 1.196917e-01 0.753
   4    0  200 309540 1.025389e-01 0.753
   4   18  300 463540 1.015973e-01 0.753
   4    1  400 617540 1.014721e-01 0.753
   4   25  500 771540 1.014487e-01 0.753
   4   20  600 925540 1.014383e-01 0.753
   4   24  700 1079540 1.014150e-01 0.753
   4    1  800 1233540 1.014058e-01 0.753
   4    1  900 1387540 9.730491e-02 0.753
   4    2 1000 1541540 9.718122e-02 0.753
   5    0    0   1540 1.622766e-01 0.627
   5    0  100 155540 1.260025e-01 0.735
   5    0  200 309540 1.084692e-01 0.735
   5    2  300 463540 8.510861e-02 0.735
   5    1  400 617540 8.188754e-02 0.742
   5    1  500 771540 8.185822e-02 0.742
   5    6  600 925540 8.162196e-02 0.742
   5   16  700 1079540 8.156891e-02 0.744
   5    0  800 1233540 8.155017e-02 0.744
   5    0  900 1387540 8.151058e-02 0.744
   5    0 1000 1541540 8.137691e-02 0.791
   6    0    0   1540 1.457863e-01 0.565
   6    0  100 155540 1.191050e-01 0.712
   6    6  200 309540 9.487209e-02 0.782
   6    7  300 463540 8.829009e-02 0.782
   6   11  400 617540 8.630777e-02 0.782
   6   16  500 771540 8.508328e-02 0.782
   6   48  600 925540 8.507505e-02 0.782
   6    0  700 1079540 8.460921e-02 0.782
   6    1  800 1233540 7.825425e-02 0.782
   6    4  900 1387540 7.646017e-02 0.782
   6   11 1000 1541540 7.594308e-02 0.782
   7    0    0   1540 1.490771e-01 0.605
   7    0  100 155540 1.199863e-01 0.729
   7    6  200 309540 9.757935e-02 0.729
   7    2  300 463540 9.185979e-02 0.729
   7   20  400 617540 9.173679e-02 0.777
   7    2  500 771540 9.113606e-02 0.777
   7    4  600 925540 7.840542e-02 0.777
   7    3  700 1079540 7.754880e-02 0.777
   7   21  800 1233540 7.654906e-02 0.777
   7   11  900 1387540 7.642066e-02 0.777
   7   34 1000 1541540 7.589239e-02 0.777
   8    0    0   1540 1.462081e-01 0.618
   8    3  100 155540 1.115265e-01 0.712
   8    4  200 309540 1.103156e-01 0.714
   8   42  300 463540 1.090273e-01 0.717
   8    1  400 617540 1.059944e-01 0.717
   8    0  500 771540 1.016181e-01 0.717
   8    0  600 925540 8.497217e-02 0.717
   8    4  700 1079540 8.156565e-02 0.748
   8   10  800 1233540 8.154185e-02 0.748
   8    5  900 1387540 8.133538e-02 0.788
   8    1 1000 1541540 8.132855e-02 0.788
   9    0    0   1540 1.557966e-01 0.666
   9    7  100 155540 1.199582e-01 0.724
   9   17  200 309540 1.170915e-01 0.746
   9   13  300 463540 1.169526e-01 0.763
   9    1  400 617540 9.366399e-02 0.763
   9    5  500 771540 9.244530e-02 0.763
   9   13  600 925540 8.786546e-02 0.763
   9    6  700 1079540 8.715780e-02 0.763
   9    1  800 1233540 8.664657e-02 0.763
   9    2  900 1387540 8.661555e-02 0.763
   9    1 1000 1541540 8.611566e-02 0.763
  10    0    0   1540 1.222856e-01 0.582
  10    0  100 155540 9.122795e-02 0.758
  10   20  200 309540 9.025627e-02 0.767
  10   30  300 463540 9.019440e-02 0.773
  10    0  400 617540 8.862290e-02 0.773
  10    0  500 771540 8.727499e-02 0.773
  10    7  600 925540 8.387171e-02 0.786
  10    5  700 1079540 8.381303e-02 0.786
  10    2  800 1233540 8.164945e-02 0.786
  10   11  900 1387540 8.149359e-02 0.786
  10    0 1000 1541540 8.109100e-02 0.786
  11    0    0   1540 1.430811e-01 0.636
  11    4  100 155540 1.224439e-01 0.763
  11    0  200 309540 1.222308e-01 0.794
  11    0  300 463540 1.222074e-01 0.794
  11   10  400 617540 1.221097e-01 0.808
  11    0  500 771540 1.207189e-01 0.808
  11    0  600 925540 1.199136e-01 0.808
  11    2  700 1079540 1.142144e-01 0.808
  11    2  800 1233540 1.135387e-01 0.808
  11    7  900 1387540 1.120474e-01 0.808
  11    5 1000 1541540 1.049671e-01 0.808
  12    0    0   1540 1.494857e-01 0.696
  12   15  100 155540 1.191651e-01 0.771
  12    4  200 309540 1.113523e-01 0.788
  12    2  300 463540 1.056169e-01 0.788
  12    0  400 617540 9.889485e-02 0.788
  12    8  500 771540 9.707316e-02 0.788
  12    2  600 925540 9.626558e-02 0.788
  12    1  700 1079540 9.102441e-02 0.788
  12    3  800 1233540 8.952618e-02 0.788
  12    6  900 1387540 8.896236e-02 0.788
  12   15 1000 1541540 8.893439e-02 0.788
  13    0    0   1540 1.417456e-01 0.684
  13    5  100 155540 1.126829e-01 0.775
  13  105  200 309540 1.126829e-01 0.775
  13   29  300 463540 1.125174e-01 0.775
  13    9  400 617540 1.125142e-01 0.779
  13   32  500 771540 1.124572e-01 0.785
  13    4  600 925540 1.122326e-01 0.785
  13    3  700 1079540 1.086780e-01 0.785
  13    3  800 1233540 1.084963e-01 0.785
  13   17  900 1387540 1.083989e-01 0.785
  13    2 1000 1541540 1.079252e-01 0.788
  14    0    0   1540 1.536629e-01 0.588
  14   11  100 155540 1.151116e-01 0.774
  14    0  200 309540 1.120339e-01 0.784
  14    7  300 463540 1.111317e-01 0.784
  14   44  400 617540 1.111063e-01 0.784
  14   10  500 771540 1.110621e-01 0.784
  14    1  600 925540 1.011073e-01 0.784
  14   24  700 1079540 8.125096e-02 0.784
  14   18  800 1233540 8.120187e-02 0.784
  14    7  900 1387540 8.120105e-02 0.784
  14    2 1000 1541540 8.119867e-02 0.784
  15    0    0   1540 1.417147e-01 0.600
  15    0  100 155540 1.041094e-01 0.744
  15    1  200 309540 1.029590e-01 0.755
  15   16  300 463540 1.022073e-01 0.755
  15    1  400 617540 1.021877e-01 0.755
  15    1  500 771540 1.002780e-01 0.755
  15   12  600 925540 1.001276e-01 0.755
  15    1  700 1079540 9.977618e-02 0.755
  15   26  800 1233540 9.946852e-02 0.755
  15    4  900 1387540 9.902270e-02 0.755
  15    6 1000 1541540 9.887872e-02 0.755
  16    0    0   1540 1.566595e-01 0.597
  16   15  100 155540 1.243439e-01 0.701
  16    2  200 309540 1.102727e-01 0.725
  16    6  300 463540 1.083561e-01 0.757
  16    3  400 617540 9.650461e-02 0.757
  16    2  500 771540 8.540582e-02 0.757
  16    1  600 925540 7.715811e-02 0.772
  16    1  700 1079540 7.671130e-02 0.772
  16    2  800 1233540 7.653071e-02 0.772
  16    2  900 1387540 7.638799e-02 0.773
  16   19 1000 1541540 7.627423e-02 0.773
  17    0    0   1540 1.549041e-01 0.680
  17    1  100 155540 1.028653e-01 0.727
  17    3  200 309540 1.024261e-01 0.731
  17    1  300 463540 1.016927e-01 0.731
  17    3  400 617540 1.007298e-01 0.731
  17    3  500 771540 1.002934e-01 0.731
  17    0  600 925540 9.163869e-02 0.749
  17    9  700 1079540 8.747223e-02 0.749
  17    0  800 1233540 8.594606e-02 0.749
  17    0  900 1387540 8.556370e-02 0.749
  17    0 1000 1541540 8.508391e-02 0.749
  18    0    0   1540 1.454501e-01 0.631
  18    5  100 155540 9.664389e-02 0.730
  18    3  200 309540 9.629524e-02 0.730
  18    0  300 463540 9.219019e-02 0.730
  18   42  400 617540 9.101318e-02 0.788
  18   32  500 771540 9.094852e-02 0.788
  18    1  600 925540 9.071577e-02 0.788
  18    2  700 1079540 9.049917e-02 0.788
  18    2  800 1233540 8.736218e-02 0.788
  18    2  900 1387540 8.668173e-02 0.788
  18    9 1000 1541540 8.637383e-02 0.788
  19    0    0   1540 1.665144e-01 0.727
  19    0  100 155540 1.244479e-01 0.758
  19    2  200 309540 1.126498e-01 0.784
  19    1  300 463540 9.955777e-02 0.784
  19    0  400 617540 9.489679e-02 0.784
  19    1  500 771540 8.927794e-02 0.784
  19    7  600 925540 8.878328e-02 0.784
  19    1  700 1079540 8.725110e-02 0.784
  19    5  800 1233540 8.689807e-02 0.784
  19   12  900 1387540 8.666114e-02 0.784
  19    5 1000 1541540 8.482655e-02 0.784
  20    0    0   1540 1.290915e-01 0.692
  20   12  100 155540 1.057250e-01 0.729
  20    2  200 309540 9.964937e-02 0.752
  20    0  300 463540 8.699036e-02 0.752
  20   16  400 617540 8.227016e-02 0.758
  20    8  500 771540 7.636094e-02 0.758
  20    8  600 925540 7.606738e-02 0.758
  20   21  700 1079540 7.601893e-02 0.758
  20   50  800 1233540 7.601886e-02 0.758
  20    5  900 1387540 7.598575e-02 0.758
  20    7 1000 1541540 7.596843e-02 0.758
  21    0    0   1540 1.721006e-01 0.650
  21    1  100 155540 1.039088e-01 0.762
  21    1  200 309540 1.035178e-01 0.762
  21    2  300 463540 8.770851e-02 0.776
  21    1  400 617540 8.726508e-02 0.776
  21   25  500 771540 8.714505e-02 0.776
  21    0  600 925540 8.709596e-02 0.799
  21    6  700 1079540 8.682562e-02 0.799
  21    0  800 1233540 8.557145e-02 0.799
  21    2  900 1387540 8.424598e-02 0.799
  21    1 1000 1541540 8.337313e-02 0.799
  22    0    0   1540 1.532077e-01 0.643
  22   17  100 155540 1.068268e-01 0.732
  22   22  200 309540 1.064451e-01 0.757
  22    6  300 463540 1.064399e-01 0.757
  22  106  400 617540 1.064399e-01 0.784
  22   23  500 771540 1.064396e-01 0.784
  22    4  600 925540 1.064143e-01 0.784
  22   19  700 1079540 1.060682e-01 0.784
  22    3  800 1233540 1.059586e-01 0.795
  22   11  900 1387540 1.059578e-01 0.795
  22   13 1000 1541540 1.054545e-01 0.795
  23    0    0   1540 1.601279e-01 0.595
  23    5  100 155540 1.303340e-01 0.783
  23    4  200 309540 1.133350e-01 0.783
  23    6  300 463540 1.098703e-01 0.783
  23    4  400 617540 1.095269e-01 0.783
  23    2  500 771540 8.716696e-02 0.783
  23    3  600 925540 8.581476e-02 0.783
  23   12  700 1079540 8.111408e-02 0.783
  23   17  800 1233540 8.101080e-02 0.783
  23    6  900 1387540 8.100860e-02 0.783
  23   17 1000 1541540 8.099807e-02 0.783
  24    0    0   1540 1.482289e-01 0.626
  24    3  100 155540 1.054898e-01 0.775
  24    4  200 309540 1.053796e-01 0.790
  24    5  300 463540 1.043282e-01 0.797
  24    3  400 617540 1.038788e-01 0.797
  24   22  500 771540 1.038341e-01 0.801
  24    1  600 925540 1.033225e-01 0.812
  24    4  700 1079540 1.021272e-01 0.827
  24    1  800 1233540 1.009579e-01 0.827
  24    1  900 1387540 9.944636e-02 0.827
  24   14 1000 1541540 9.938048e-02 0.827
  25    0    0   1540 1.555925e-01 0.650
  25    4  100 155540 9.277555e-02 0.736
  25    1  200 309540 8.739226e-02 0.749
  25    3  300 463540 8.327890e-02 0.803
  25    1  400 617540 8.195199e-02 0.803
  25   18  500 771540 8.001698e-02 0.803
  25    2  600 925540 7.954665e-02 0.803
  25    0  700 1079540 7.721013e-02 0.803
  25    4  800 1233540 7.700603e-02 0.803
  25    0  900 1387540 7.693636e-02 0.803
  25    0 1000 1541540 7.634344e-02 0.803
  26    0    0   1540 1.580075e-01 0.608
  26    0  100 155540 1.158518e-01 0.729
  26    2  200 309540 1.131311e-01 0.838
  26    9  300 463540 1.126335e-01 0.838
  26   21  400 617540 1.122651e-01 0.838
  26    1  500 771540 9.647067e-02 0.838
  26    6  600 925540 8.687468e-02 0.838
  26    3  700 1079540 8.619753e-02 0.838
  26   14  800 1233540 8.618775e-02 0.838
  26    2  900 1387540 8.604942e-02 0.838
  26    8 1000 1541540 8.535574e-02 0.838
  27    0    0   1540 1.464365e-01 0.604
  27   16  100 155540 8.801328e-02 0.701
  27   74  200 309540 8.798527e-02 0.701
  27    5  300 463540 8.751779e-02 0.711
  27    7  400 617540 8.749660e-02 0.711
  27   18  500 771540 8.744779e-02 0.711
  27    2  600 925540 8.732078e-02 0.721
  27   24  700 1079540 8.610592e-02 0.721
  27    1  800 1233540 8.610520e-02 0.739
  27    9  900 1387540 8.610460e-02 0.739
  27    1 1000 1541540 8.608624e-02 0.739
  28    0    0   1540 1.499138e-01 0.647
  28   51  100 155540 1.012981e-01 0.723
  28    4  200 309540 1.005496e-01 0.723
  28    8  300 463540 8.944690e-02 0.723
  28    5  400 617540 8.197921e-02 0.723
  28   10  500 771540 8.167139e-02 0.723
  28    6  600 925540 8.165824e-02 0.775
  28   25  700 1079540 8.164967e-02 0.775
  28   21  800 1233540 8.164890e-02 0.775
  28    2  900 1387540 8.136688e-02 0.775
  28    2 1000 1541540 8.020426e-02 0.775
  29    0    0   1540 1.472982e-01 0.633
  29    2  100 155540 1.072343e-01 0.781
  29    7  200 309540 1.069171e-01 0.781
  29    5  300 463540 1.066836e-01 0.781
  29    1  400 617540 1.053422e-01 0.792
  29    5  500 771540 1.051202e-01 0.792
  29    0  600 925540 1.022920e-01 0.792
  29   42  700 1079540 9.976599e-02 0.792
  29    0  800 1233540 9.650557e-02 0.792
  29    0  900 1387540 8.189598e-02 0.792
  29    3 1000 1541540 8.152129e-02 0.792
