   0    0    0    420 2.351014e-01 0.330
   0   12  100  42420 1.520803e-01 0.374
   0   11  200  84420 1.505193e-01 0.374
   0   12  300 126420 1.486860e-01 0.384
   0    1  400 168420 1.372422e-01 0.384
   0    1  500 210420 1.338886e-01 0.409
   0    3  600 252420 1.337934e-01 0.409
   0   27  700 294420 1.331580e-01 0.409
   0   45  800 336420 1.331507e-01 0.409
   0    6  900 378420 1.329068e-01 0.409
   0   24 1000 420420 1.328551e-01 0.409
   1    0    0    420 1.905893e-01 0.324
   1   20  100  42420 1.532400e-01 0.369
   1    8  200  84420 1.351521e-01 0.377
   1    2  300 126420 1.339716e-01 0.377
   1   16  400 168420 1.334591e-01 0.377
   1   22  500 210420 1.333306e-01 0.385
   1   31  600 252420 1.333218e-01 0.387
   1   46  700 294420 1.333076e-01 0.387
   1   20  800 336420 1.332745e-01 0.387
   1    8  900 378420 1.332591e-01 0.387
   1    1 1000 420420 1.330425e-01 0.387
   2    0    0    420 2.220646e-01 0.360
   2    3  100  42420 1.491433e-01 0.375
   2    3  200  84420 1.454608e-01 0.377
   2   14  300 126420 1.446209e-01 0.377
   2   28  400 168420 1.446201e-01 0.377
   2    1  500 210420 1.445915e-01 0.377
   2   52  600 252420 1.445722e-01 0.377
   2   35  700 294420 1.445713e-01 0.377
   2    3  800 336420 1.435788e-01 0.385
   2    0  900 378420 1.335686e-01 0.385
   2    4 1000 420420 1.326179e-01 0.385
   3    0    0    420 2.148893e-01 0.329
   3    7  100  42420 1.484225e-01 0.378
   3    1  200  84420 1.453464e-01 0.378
   3    0  300 126420 1.453016e-01 0.378
   3    0  400 168420 1.450974e-01 0.378
   3    6  500 210420 1.444767e-01 0.378
   3   14  600 252420 1.444718e-01 0.378
   3    2  700 294420 1.443931e-01 0.378
   3   10  800 336420 1.443234e-01 0.378
   3    8  900 378420 1.441698e-01 0.378
   3    2 1000 420420 1.441105e-01 0.379
   4    0    0    420 2.304407e-01 0.348
   4    0  100  42420 1.506202e-01 0.379
   4   15  200  84420 1.489736e-01 0.379
   4    7  300 126420 1.463806e-01 0.384
   4    2  400 168420 1.462706e-01 0.384
   4    0  500 210420 1.460781e-01 0.384
   4   56  600 252420 1.459497e-01 0.384
   4    0  700 294420 1.455358e-01 0.384
   4    0  800 336420 1.450976e-01 0.384
   4    6  900 378420 1.449017e-01 0.384
   4    8 1000 420420 1.444446e-01 0.384
   5    0    0    420 1.995174e-01 0.317
   5    0  100  42420 1.381564e-01 0.378
   5    2  200  84420 1.349659e-01 0.378
   5    1  300 126420 1.342862e-01 0.378
   5    3  400 168420 1.342404e-01 0.378
   5   12  500 210420 1.342230e-01 0.378
   5    2  600 252420 1.339490e-01 0.378
   5   12  700 294420 1.336622e-01 0.378
   5    2  800 336420 1.336108e-01 0.378
   5    4  900 378420 1.326577e-01 0.378
   5    6 1000 420420 1.325863e-01 0.378
   6    0    0    420 1.788795e-01 0.328
   6   39  100  42420 1.517319e-01 0.376
   6    3  200  84420 1.454934e-01 0.376
   6   26  300 126420 1.450623e-01 0.376
   6    0  400 168420 1.338908e-01 0.407
   6   66  500 210420 1.330332e-01 0.407
   6    7  600 252420 1.327122e-01 0.407
   6   18  700 294420 1.326644e-01 0.407
   6    0  800 336420 1.316611e-01 0.407
   6   11  900 378420 1.315490e-01 0.407
   6   14 1000 420420 1.314982e-01 0.407
   7    0    0    420 1.833856e-01 0.347
   7    2  100  42420 1.436315e-01 0.372
   7    7  200  84420 1.436063e-01 0.376
   7   17  300 126420 1.434929e-01 0.377
   7   32  400 168420 1.434711e-01 0.378
   7   10  500 210420 1.431755e-01 0.378
   7   11  600 252420 1.431389e-01 0.378
   7   52  700 294420 1.431135e-01 0.378
   7    6  800 336420 1.417964e-01 0.378
   7    2  900 378420 1.413013e-01 0.378
   7   11 1000 420420 1.411154e-01 0.378
   8    0    0    420 2.240521e-01 0.311
   8    7  100  42420 1.420396e-01 0.373
   8    6  200  84420 1.389689e-01 0.376
   8    5  300 126420 1.388988e-01 0.376
   8    1  400 168420 1.324917e-01 0.376
   8   13  500 210420 1.322452e-01 0.376
   8   27  600 252420 1.320168e-01 0.376
   8   33  700 294420 1.320077e-01 0.376
   8    0  800 336420 1.319891e-01 0.383
   8    7  900 378420 1.319772e-01 0.383
   8    7 1000 420420 1.319667e-01 0.383
   9    0    0    420 1.919011e-01 0.301
   9    1  100  42420 1.497401e-01 0.383
   9    7  200  84420 1.464807e-01 0.383
   9   38  300 126420 1.463397e-01 0.383
   9   33  400 168420 1.457818e-01 0.383
   9    1  500 210420 1.428234e-01 0.383
   9    1  600 252420 1.344146e-01 0.383
   9    0  700 294420 1.328229e-01 0.383
   9    3  800 336420 1.323478e-01 0.383
   9    9  900 378420 1.322932e-01 0.383
   9   18 1000 420420 1.322912e-01 0.383
  10    0    0    420 2.228766e-01 0.329
  10    1  100  42420 1.384628e-01 0.360
  10   17  200  84420 1.361515e-01 0.373
  10   16  300 126420 1.360128e-01 0.382
  10   28  400 168420 1.358890e-01 0.382
  10   30  500 210420 1.358848e-01 0.382
  10    0  600 252420 1.348393e-01 0.382
  10    1  700 294420 1.334884e-01 0.382
  10    2  800 336420 1.334444e-01 0.382
  10   17  900 378420 1.333919e-01 0.382
  10    0 1000 420420 1.333752e-01 0.382
  11    0    0    420 2.140922e-01 0.358
  11    2  100  42420 1.346035e-01 0.385
  11   26  200  84420 1.345705e-01 0.385
  11   18  300 126420 1.344725e-01 0.385
  11   18  400 168420 1.344537e-01 0.385
  11   41  500 210420 1.343317e-01 0.385
  11    5  600 252420 1.342543e-01 0.385
  11    2  700 294420 1.331048e-01 0.385
  11   45  800 336420 1.329446e-01 0.385
  11   11  900 378420 1.329331e-01 0.385
  11   17 1000 420420 1.326260e-01 0.385
  12    0    0    420 2.370113e-01 0.303
  12    1  100  42420 1.518155e-01 0.376
  12   12  200  84420 1.515454e-01 0.376
  12    0  300 126420 1.496949e-01 0.384
  12    7  400 168420 1.481102e-01 0.384
  12   31  500 210420 1.451834e-01 0.384
  12   24  600 252420 1.450916e-01 0.384
  12    0  700 294420 1.448651e-01 0.384
  12    1  800 336420 1.426377e-01 0.384
  12    0  900 378420 1.322378e-01 0.384
  12   16 1000 420420 1.322311e-01 0.384
  13    0    0    420 1.633942e-01 0.341
  13   11  100  42420 1.423671e-01 0.382
  13    6  200  84420 1.416509e-01 0.382
  13    4  300 126420 1.416039e-01 0.382
  13    2  400 168420 1.416022e-01 0.382
  13   31  500 210420 1.415479e-01 0.382
  13  131  600 252420 1.415479e-01 0.382
  13   11  700 294420 1.410042e-01 0.382
  13   12  800 336420 1.409797e-01 0.382
  13    0  900 378420 1.408308e-01 0.382
  13    4 1000 420420 1.408132e-01 0.382
  14    0    0    420 1.721499e-01 0.319
  14   14  100  42420 1.458435e-01 0.377
  14    3  200  84420 1.458245e-01 0.377
  14    3  300 126420 1.455255e-01 0.377
  14    9  400 168420 1.454911e-01 0.377
  14    3  500 210420 1.454717e-01 0.377
  14    2  600 252420 1.452940e-01 0.377
  14    8  700 294420 1.450237e-01 0.377
  14    1  800 336420 1.449323e-01 0.377
  14    9  900 378420 1.445307e-01 0.377
  14    2 1000 420420 1.444325e-01 0.377
  15    0    0    420 2.223174e-01 0.352
  15    2  100  42420 1.386869e-01 0.377
  15    1  200  84420 1.352247e-01 0.386
  15    3  300 126420 1.340550e-01 0.394
  15    5  400 168420 1.338552e-01 0.394
  15   15  500 210420 1.332554e-01 0.394
  15   44  600 252420 1.331216e-01 0.394
  15   14  700 294420 1.330638e-01 0.394
  15    1  800 336420 1.329766e-01 0.394
  15   11  900 378420 1.327874e-01 0.394
  15    2 1000 420420 1.323890e-01 0.394
  16    0    0    420 1.648620e-01 0.305
  16    1  100  42420 1.397890e-01 0.379
  16   13  200  84420 1.393680e-01 0.383
  16   11  300 126420 1.350474e-01 0.383
  16    1  400 168420 1.340790e-01 0.383
  16   18  500 210420 1.329423e-01 0.394
  16    7  600 252420 1.327762e-01 0.394
  16    4  700 294420 1.327608e-01 0.394
  16    2  800 336420 1.323753e-01 0.394
  16   39  900 378420 1.323483e-01 0.394
  16    0 1000 420420 1.323096e-01 0.394
  17    0    0    420 1.940137e-01 0.328
  17    0  100  42420 1.429049e-01 0.382
  17   10  200  84420 1.420362e-01 0.382
  17    1  300 126420 1.417553e-01 0.382
  17    3  400 168420 1.416233e-01 0.382
  17    2  500 210420 1.412971e-01 0.382
  17    9  600 252420 1.411795e-01 0.382
  17   15  700 294420 1.411676e-01 0.382
  17    2  800 336420 1.410975e-01 0.382
  17    2  900 378420 1.410958e-01 0.382
  17    0 1000 420420 1.409829e-01 0.382
  18    0    0    420 2.057986e-01 0.307
  18    2  100  42420 1.459757e-01 0.353
  18   10  200  84420 1.458941e-01 0.355
  18    4  300 126420 1.457296e-01 0.355
  18   12  400 168420 1.452984e-01 0.356
  18   10  500 210420 1.451217e-01 0.356
  18    0  600 252420 1.450739e-01 0.362
  18   17  700 294420 1.444876e-01 0.366
  18   19  800 336420 1.443950e-01 0.366
  18   45  900 378420 1.442857e-01 0.367
  18    2 1000 420420 1.438548e-01 0.367
  19    0    0    420 2.007256e-01 0.378
  19    0  100  42420 1.347068e-01 0.378
  19    5  200  84420 1.343494e-01 0.386
  19   37  300 126420 1.343172e-01 0.386
  19   42  400 168420 1.341545e-01 0.386
  19   52  500 210420 1.341542e-01 0.386
  19    3  600 252420 1.330801e-01 0.386
  19    7  700 294420 1.329619e-01 0.386
  19   10  800 336420 1.327396e-01 0.386
  19    1  900 378420 1.325399e-01 0.386
  19   12 1000 420420 1.324982e-01 0.386
  20    0    0    420 2.663854e-01 0.306
  20    3  100  42420 1.470142e-01 0.371
  20    0  200  84420 1.389931e-01 0.376
  20    1  300 126420 1.362465e-01 0.378
  20    0  400 168420 1.355816e-01 0.379
  20   29  500 210420 1.355372e-01 0.379
  20   21  600 252420 1.335905e-01 0.379
  20    3  700 294420 1.332522e-01 0.379
  20    6  800 336420 1.332369e-01 0.379
  20    5  900 378420 1.329677e-01 0.379
  20    7 1000 420420 1.326377e-01 0.379
  21    0    0    420 2.062007e-01 0.331
  21   23  100  42420 1.458703e-01 0.367
  21    6  200  84420 1.456190e-01 0.379
  21    5  300 126420 1.454291e-01 0.379
  21   10  400 168420 1.451544e-01 0.379
  21    3  500 210420 1.446620e-01 0.379
  21    9  600 252420 1.446285e-01 0.379
  21    0  700 294420 1.440502e-01 0.379
  21    4  800 336420 1.328121e-01 0.379
  21    3  900 378420 1.325876e-01 0.379
  21   14 1000 420420 1.325770e-01 0.379
  22    0    0    420 1.839197e-01 0.360
  22    3  100  42420 1.425252e-01 0.379
  22   35  200  84420 1.359364e-01 0.379
  22   12  300 126420 1.359097e-01 0.384
  22   67  400 168420 1.359007e-01 0.384
  22   19  500 210420 1.329911e-01 0.384
  22   12  600 252420 1.328096e-01 0.384
  22    5  700 294420 1.323069e-01 0.384
  22    9  800 336420 1.322657e-01 0.384
  22   10  900 378420 1.322632e-01 0.384
  22    3 1000 420420 1.322563e-01 0.384
  23    0    0    420 2.270417e-01 0.313
  23    4  100  42420 1.512543e-01 0.374
  23   22  200  84420 1.485803e-01 0.382
  23   21  300 126420 1.485661e-01 0.382
  23   14  400 168420 1.473614e-01 0.382
  23    1  500 210420 1.467119e-01 0.382
  23   13  600 252420 1.455554e-01 0.382
  23    0  700 294420 1.448339e-01 0.382
  23    3  800 336420 1.446063e-01 0.382
  23    4  900 378420 1.440570e-01 0.382
  23    8 1000 420420 1.439435e-01 0.382
  24    0    0    420 1.941569e-01 0.303
  24    3  100  42420 1.433085e-01 0.378
  24    6  200  84420 1.393401e-01 0.378
  24    3  300 126420 1.393200e-01 0.378
  24   20  400 168420 1.392950e-01 0.408
  24    1  500 210420 1.374497e-01 0.408
  24    0  600 252420 1.356129e-01 0.408
  24   18  700 294420 1.337099e-01 0.408
  24    8  800 336420 1.331056e-01 0.408
  24   43  900 378420 1.330902e-01 0.408
  24    8 1000 420420 1.326270e-01 0.408
  25    0    0    420 1.970607e-01 0.386
  25    5  100  42420 1.472280e-01 0.386
  25    1  200  84420 1.425781e-01 0.386
  25    4  300 126420 1.371516e-01 0.386
  25    3  400 168420 1.356747e-01 0.386
  25    8  500 210420 1.346792e-01 0.386
  25    4  600 252420 1.334690e-01 0.386
  25    0  700 294420 1.331904e-01 0.386
  25    0  800 336420 1.325265e-01 0.386
  25    8  900 378420 1.324296e-01 0.386
  25   26 1000 420420 1.323777e-01 0.386
  26    0    0    420 2.063718e-01 0.333
  26    1  100  42420 1.468158e-01 0.390
  26    5  200  84420 1.465960e-01 0.390
  26   40  300 126420 1.465543e-01 0.390
  26    7  400 168420 1.461521e-01 0.390
  26   25  500 210420 1.460281e-01 0.390
  26    2  600 252420 1.452347e-01 0.390
  26    3  700 294420 1.447201e-01 0.390
  26   10  800 336420 1.438676e-01 0.390
  26    0  900 378420 1.437546e-01 0.390
  26    3 1000 420420 1.325494e-01 0.390
  27    0    0    420 2.074026e-01 0.372
  27    2  100  42420 1.407037e-01 0.384
  27   28  200  84420 1.401672e-01 0.384
  27    4  300 126420 1.347236e-01 0.384
  27   22  400 168420 1.342186e-01 0.384
  27    4  500 210420 1.337996e-01 0.384
  27    8  600 252420 1.332050e-01 0.384
  27   49  700 294420 1.331996e-01 0.384
  27   10  800 336420 1.327478e-01 0.384
  27    9  900 378420 1.325049e-01 0.384
  27    7 1000 420420 1.324659e-01 0.384
  28    0    0    420 2.147218e-01 0.299
  28   15  100  42420 1.373610e-01 0.380
  28    9  200  84420 1.365364e-01 0.380
  28    6  300 126420 1.361997e-01 0.382
  28   31  400 168420 1.361930e-01 0.386
  28    1  500 210420 1.358415e-01 0.386
  28    9  600 252420 1.358243e-01 0.386
  28   32  700 294420 1.358091e-01 0.386
  28    6  800 336420 1.348277e-01 0.386
  28    0  900 378420 1.342389e-01 0.386
  28    1 1000 420420 1.324547e-01 0.386
  29    0    0    420 2.351247e-01 0.355
  29    1  100  42420 1.454001e-01 0.379
  29    3  200  84420 1.443543e-01 0.379
  29    2  300 126420 1.350436e-01 0.379
  29    8  400 168420 1.339047e-01 0.379
  29   16  500 210420 1.338450e-01 0.379
  29   33  600 252420 1.338157e-01 0.383
  29   21  700 294420 1.338041e-01 0.383
  29    7  800 336420 1.337815e-01 0.383
  29    0  900 378420 1.325532e-01 0.383
  29   23 1000 420420 1.325233e-01 0.383
