   0    0    0    420 2.856877e-01 0.937
   0   48  100  42420 3.613378e-02 0.952
   0    1  200  84420 1.732231e-02 0.954
   0    1  300 126420 1.569041e-02 0.958
   0    8  400 168420 1.568242e-02 0.959
   0    8  500 210420 1.565364e-02 0.959
   0  108  600 252420 1.565364e-02 0.959
   0  208  700 294420 1.565364e-02 0.959
   0    9  800 336420 1.559890e-02 0.960
   0    1  900 378420 1.479435e-02 0.960
   0   19 1000 420420 1.466746e-02 0.960
   1    0    0    420 1.618947e-01 0.932
   1    1  100  42420 1.904326e-02 0.958
   1   15  200  84420 1.813227e-02 0.960
   1   50  300 126420 1.813215e-02 0.960
   1    3  400 168420 1.543006e-02 0.960
   1    5  500 210420 1.525538e-02 0.960
   1   12  600 252420 1.495816e-02 0.960
   1   70  700 294420 1.488573e-02 0.961
   1   11  800 336420 1.457226e-02 0.961
   1    8  900 378420 1.456099e-02 0.961
   1   12 1000 420420 1.454787e-02 0.961
   2    0    0    420 8.398376e-02 0.892
   2    1  100  42420 2.337871e-02 0.952
   2   29  200  84420 2.304651e-02 0.956
   2    0  300 126420 2.276522e-02 0.956
   2    0  400 168420 2.197891e-02 0.956
   2    0  500 210420 2.172031e-02 0.956
   2   26  600 252420 2.169663e-02 0.957
   2    5  700 294420 2.085410e-02 0.958
   2   15  800 336420 1.964782e-02 0.959
   2    8  900 378420 1.870612e-02 0.959
   2    9 1000 420420 1.822502e-02 0.960
   3    0    0    420 1.486211e-01 0.935
   3    3  100  42420 2.030537e-02 0.958
   3   73  200  84420 1.891948e-02 0.961
   3    2  300 126420 1.839113e-02 0.961
   3    8  400 168420 1.835267e-02 0.961
   3    0  500 210420 1.544174e-02 0.962
   3   13  600 252420 1.523090e-02 0.962
   3   61  700 294420 1.511968e-02 0.962
   3    6  800 336420 1.496000e-02 0.962
   3    0  900 378420 1.454282e-02 0.962
   3   45 1000 420420 1.454170e-02 0.962
   4    0    0    420 2.396323e-01 0.533
   4   24  100  42420 3.230419e-02 0.956
   4    6  200  84420 2.193163e-02 0.961
   4    2  300 126420 1.925025e-02 0.961
   4   63  400 168420 1.543846e-02 0.961
   4   26  500 210420 1.536042e-02 0.961
   4    0  600 252420 1.480538e-02 0.962
   4   68  700 294420 1.478581e-02 0.962
   4   96  800 336420 1.478569e-02 0.962
   4   50  900 378420 1.478541e-02 0.962
   4    8 1000 420420 1.460849e-02 0.962
   5    0    0    420 1.094781e-01 0.786
   5    1  100  42420 1.900034e-02 0.956
   5    8  200  84420 1.863403e-02 0.961
   5   10  300 126420 1.689367e-02 0.961
   5   35  400 168420 1.565744e-02 0.961
   5   30  500 210420 1.564619e-02 0.961
   5    0  600 252420 1.528563e-02 0.962
   5   12  700 294420 1.522892e-02 0.962
   5    7  800 336420 1.517995e-02 0.962
   5    1  900 378420 1.500223e-02 0.962
   5    1 1000 420420 1.482300e-02 0.962
   6    0    0    420 4.240118e-01 0.457
   6    6  100  42420 2.204865e-02 0.957
   6    5  200  84420 2.073125e-02 0.959
   6    1  300 126420 1.979797e-02 0.959
   6   26  400 168420 1.944146e-02 0.960
   6    5  500 210420 1.813058e-02 0.961
   6    4  600 252420 1.793426e-02 0.961
   6    3  700 294420 1.684755e-02 0.961
   6    7  800 336420 1.660241e-02 0.961
   6    6  900 378420 1.625225e-02 0.961
   6    9 1000 420420 1.503767e-02 0.962
   7    0    0    420 7.210686e-02 0.914
   7   13  100  42420 2.219198e-02 0.956
   7    2  200  84420 2.130638e-02 0.956
   7    2  300 126420 2.124599e-02 0.956
   7   26  400 168420 2.095810e-02 0.957
   7   31  500 210420 2.091266e-02 0.957
   7  131  600 252420 2.091266e-02 0.957
   7    2  700 294420 1.830645e-02 0.957
   7    1  800 336420 1.816429e-02 0.957
   7    3  900 378420 1.797338e-02 0.957
   7   44 1000 420420 1.797070e-02 0.957
   8    0    0    420 9.679995e-02 0.885
   8   14  100  42420 2.448233e-02 0.957
   8   20  200  84420 2.363834e-02 0.957
   8    0  300 126420 2.067967e-02 0.957
   8    2  400 168420 1.941734e-02 0.957
   8    1  500 210420 1.937395e-02 0.957
   8    5  600 252420 1.816486e-02 0.957
   8    0  700 294420 1.803202e-02 0.957
   8    1  800 336420 1.787031e-02 0.959
   8    0  900 378420 1.680733e-02 0.961
   8    2 1000 420420 1.627705e-02 0.962
   9    0    0    420 1.440176e-01 0.749
   9    3  100  42420 2.369435e-02 0.953
   9    0  200  84420 2.006513e-02 0.957
   9    3  300 126420 1.834373e-02 0.957
   9   27  400 168420 1.821511e-02 0.957
   9   35  500 210420 1.774991e-02 0.957
   9    0  600 252420 1.768656e-02 0.957
   9   47  700 294420 1.767878e-02 0.957
   9    3  800 336420 1.764279e-02 0.957
   9    0  900 378420 1.609691e-02 0.960
   9    1 1000 420420 1.502729e-02 0.960
  10    0    0    420 9.657047e-02 0.866
  10    1  100  42420 1.845212e-02 0.955
  10    1  200  84420 1.694443e-02 0.956
  10   14  300 126420 1.692973e-02 0.959
  10    9  400 168420 1.681794e-02 0.959
  10    2  500 210420 1.619651e-02 0.959
  10    8  600 252420 1.547115e-02 0.959
  10    0  700 294420 1.525400e-02 0.960
  10   24  800 336420 1.525281e-02 0.960
  10    4  900 378420 1.516216e-02 0.960
  10    0 1000 420420 1.504531e-02 0.960
  11    0    0    420 8.775538e-02 0.915
  11    4  100  42420 2.326875e-02 0.953
  11    3  200  84420 2.254847e-02 0.954
  11    0  300 126420 2.146651e-02 0.956
  11   53  400 168420 2.108595e-02 0.957
  11   20  500 210420 1.813214e-02 0.961
  11    2  600 252420 1.739836e-02 0.961
  11    0  700 294420 1.734761e-02 0.961
  11    3  800 336420 1.507578e-02 0.961
  11   16  900 378420 1.459431e-02 0.961
  11    7 1000 420420 1.453258e-02 0.961
  12    0    0    420 1.020793e-01 0.950
  12   47  100  42420 2.828555e-02 0.960
  12    0  200  84420 2.282515e-02 0.960
  12    1  300 126420 2.235577e-02 0.960
  12   55  400 168420 2.234246e-02 0.960
  12   11  500 210420 2.202988e-02 0.960
  12   73  600 252420 2.201210e-02 0.960
  12    2  700 294420 2.178398e-02 0.960
  12  102  800 336420 2.178398e-02 0.960
  12   46  900 378420 2.112170e-02 0.960
  12    3 1000 420420 1.605838e-02 0.960
  13    0    0    420 1.887289e-01 0.861
  13    4  100  42420 1.578891e-02 0.960
  13   20  200  84420 1.514524e-02 0.960
  13   80  300 126420 1.514513e-02 0.960
  13  180  400 168420 1.514513e-02 0.961
  13  280  500 210420 1.514513e-02 0.962
  13    0  600 252420 1.497863e-02 0.962
  13    1  700 294420 1.480724e-02 0.962
  13   49  800 336420 1.478051e-02 0.962
  13    8  900 378420 1.475351e-02 0.962
  13   12 1000 420420 1.472099e-02 0.962
  14    0    0    420 7.285289e-01 0.346
  14   31  100  42420 2.699868e-02 0.958
  14   26  200  84420 2.698038e-02 0.958
  14    6  300 126420 2.111848e-02 0.959
  14   15  400 168420 1.922273e-02 0.959
  14    0  500 210420 1.795760e-02 0.959
  14   25  600 252420 1.718047e-02 0.961
  14    0  700 294420 1.575593e-02 0.961
  14    1  800 336420 1.523303e-02 0.961
  14    5  900 378420 1.482921e-02 0.961
  14    1 1000 420420 1.474289e-02 0.961
  15    0    0    420 1.554803e-01 0.945
  15    0  100  42420 1.742682e-02 0.961
  15   40  200  84420 1.728755e-02 0.961
  15   44  300 126420 1.698819e-02 0.961
  15   55  400 168420 1.698816e-02 0.961
  15    2  500 210420 1.586920e-02 0.961
  15   10  600 252420 1.575299e-02 0.961
  15   16  700 294420 1.551947e-02 0.961
  15   16  800 336420 1.529303e-02 0.961
  15   15  900 378420 1.528197e-02 0.961
  15   23 1000 420420 1.526901e-02 0.961
  16    0    0    420 5.081045e-01 0.220
  16    3  100  42420 2.415963e-02 0.952
  16    1  200  84420 1.867979e-02 0.959
  16    3  300 126420 1.701719e-02 0.959
  16   46  400 168420 1.697911e-02 0.960
  16    1  500 210420 1.697462e-02 0.960
  16   21  600 252420 1.591692e-02 0.960
  16    6  700 294420 1.582879e-02 0.960
  16    2  800 336420 1.578637e-02 0.960
  16   19  900 378420 1.574618e-02 0.961
  16   13 1000 420420 1.567120e-02 0.961
  17    0    0    420 1.524868e-01 0.923
  17    2  100  42420 2.246736e-02 0.950
  17   46  200  84420 2.180715e-02 0.952
  17   84  300 126420 2.180129e-02 0.954
  17    5  400 168420 2.109502e-02 0.959
  17    2  500 210420 1.958920e-02 0.959
  17   73  600 252420 1.958798e-02 0.959
  17   90  700 294420 1.832509e-02 0.959
  17   19  800 336420 1.781446e-02 0.959
  17    2  900 378420 1.772260e-02 0.959
  17   83 1000 420420 1.772209e-02 0.959
  18    0    0    420 1.237194e-01 0.893
  18   14  100  42420 3.005115e-02 0.951
  18   30  200  84420 2.968188e-02 0.951
  18   14  300 126420 2.869812e-02 0.957
  18   15  400 168420 2.518968e-02 0.957
  18   67  500 210420 2.518968e-02 0.957
  18    3  600 252420 2.179188e-02 0.959
  18    4  700 294420 2.083718e-02 0.960
  18    3  800 336420 1.947145e-02 0.960
  18    5  900 378420 1.815404e-02 0.961
  18    3 1000 420420 1.792314e-02 0.961
  19    0    0    420 1.003453e-01 0.868
  19   19  100  42420 1.858417e-02 0.959
  19    3  200  84420 1.779287e-02 0.960
  19   49  300 126420 1.775306e-02 0.961
  19    4  400 168420 1.765178e-02 0.961
  19   32  500 210420 1.704707e-02 0.961
  19    1  600 252420 1.678309e-02 0.961
  19    9  700 294420 1.544171e-02 0.962
  19    0  800 336420 1.542333e-02 0.962
  19   10  900 378420 1.533143e-02 0.962
  19   22 1000 420420 1.505609e-02 0.962
  20    0    0    420 3.325311e-01 0.543
  20   19  100  42420 2.703286e-02 0.957
  20    6  200  84420 2.382182e-02 0.957
  20   17  300 126420 2.175909e-02 0.958
  20    0  400 168420 1.539160e-02 0.958
  20    2  500 210420 1.491203e-02 0.958
  20   19  600 252420 1.484346e-02 0.960
  20   66  700 294420 1.484194e-02 0.961
  20    6  800 336420 1.482395e-02 0.961
  20    2  900 378420 1.482100e-02 0.961
  20    5 1000 420420 1.475748e-02 0.961
  21    0    0    420 1.114531e-01 0.892
  21    7  100  42420 1.961074e-02 0.958
  21    4  200  84420 1.875461e-02 0.958
  21    1  300 126420 1.782903e-02 0.961
  21   22  400 168420 1.533373e-02 0.961
  21    4  500 210420 1.521855e-02 0.961
  21   12  600 252420 1.502051e-02 0.962
  21    3  700 294420 1.493671e-02 0.962
  21    4  800 336420 1.493205e-02 0.962
  21    0  900 378420 1.480005e-02 0.962
  21   25 1000 420420 1.478090e-02 0.962
  22    0    0    420 6.661225e-02 0.864
  22    3  100  42420 2.093589e-02 0.959
  22   57  200  84420 2.071022e-02 0.959
  22   13  300 126420 1.659463e-02 0.959
  22    5  400 168420 1.653260e-02 0.960
  22   18  500 210420 1.572295e-02 0.960
  22   17  600 252420 1.538834e-02 0.960
  22    2  700 294420 1.497577e-02 0.960
  22   98  800 336420 1.497576e-02 0.961
  22  198  900 378420 1.497576e-02 0.961
  22    4 1000 420420 1.494576e-02 0.962
  23    0    0    420 1.677671e-01 0.719
  23   27  100  42420 2.336924e-02 0.953
  23    1  200  84420 1.725836e-02 0.956
  23   19  300 126420 1.651161e-02 0.960
  23    3  400 168420 1.649403e-02 0.960
  23   14  500 210420 1.559983e-02 0.960
  23   87  600 252420 1.550821e-02 0.960
  23   60  700 294420 1.550731e-02 0.960
  23   10  800 336420 1.550195e-02 0.960
  23    1  900 378420 1.512712e-02 0.960
  23   36 1000 420420 1.511406e-02 0.960
  24    0    0    420 4.433936e-02 0.936
  24    3  100  42420 2.084598e-02 0.960
  24   28  200  84420 2.041633e-02 0.960
  24    1  300 126420 1.921171e-02 0.960
  24   16  400 168420 1.919508e-02 0.960
  24    3  500 210420 1.633855e-02 0.960
  24   13  600 252420 1.594136e-02 0.960
  24    3  700 294420 1.505770e-02 0.960
  24    2  800 336420 1.486740e-02 0.960
  24   48  900 378420 1.485695e-02 0.962
  24   10 1000 420420 1.474371e-02 0.962
  25    0    0    420 1.488041e-01 0.924
  25    5  100  42420 2.253359e-02 0.957
  25   26  200  84420 1.978638e-02 0.961
  25    9  300 126420 1.616657e-02 0.961
  25   10  400 168420 1.582154e-02 0.961
  25   15  500 210420 1.544290e-02 0.961
  25   10  600 252420 1.459969e-02 0.961
  25   32  700 294420 1.455945e-02 0.961
  25   78  800 336420 1.455849e-02 0.961
  25   86  900 378420 1.455837e-02 0.961
  25   54 1000 420420 1.451367e-02 0.962
  26    0    0    420 9.727258e-02 0.949
  26    0  100  42420 2.107519e-02 0.961
  26    8  200  84420 1.993845e-02 0.961
  26   51  300 126420 1.993845e-02 0.961
  26    6  400 168420 1.923246e-02 0.961
  26    7  500 210420 1.874865e-02 0.961
  26    1  600 252420 1.872861e-02 0.961
  26    4  700 294420 1.872661e-02 0.961
  26   12  800 336420 1.871897e-02 0.961
  26    0  900 378420 1.824833e-02 0.961
  26   17 1000 420420 1.824002e-02 0.961
  27    0    0    420 9.114878e-02 0.952
  27    6  100  42420 1.986299e-02 0.956
  27   22  200  84420 1.852015e-02 0.959
  27   43  300 126420 1.850946e-02 0.960
  27    0  400 168420 1.617170e-02 0.961
  27    6  500 210420 1.546407e-02 0.961
  27   10  600 252420 1.479103e-02 0.961
  27    9  700 294420 1.451881e-02 0.961
  27    3  800 336420 1.451180e-02 0.961
  27    7  900 378420 1.423185e-02 0.961
  27    9 1000 420420 1.397953e-02 0.962
  28    0    0    420 6.322938e-02 0.891
  28   13  100  42420 1.999894e-02 0.954
  28   27  200  84420 1.966312e-02 0.954
  28    8  300 126420 1.559917e-02 0.958
  28   47  400 168420 1.559858e-02 0.958
  28   33  500 210420 1.514026e-02 0.961
  28   36  600 252420 1.513497e-02 0.961
  28    2  700 294420 1.489458e-02 0.961
  28    2  800 336420 1.453340e-02 0.961
  28    0  900 378420 1.417150e-02 0.962
  28    0 1000 420420 1.406237e-02 0.962
  29    0    0    420 8.453210e-02 0.929
  29    2  100  42420 2.587234e-02 0.955
  29    2  200  84420 1.957128e-02 0.961
  29   14  300 126420 1.855337e-02 0.961
  29   15  400 168420 1.770521e-02 0.961
  29   22  500 210420 1.761508e-02 0.961
  29    1  600 252420 1.505307e-02 0.961
  29   44  700 294420 1.483057e-02 0.961
  29   23  800 336420 1.477731e-02 0.961
  29   32  900 378420 1.477643e-02 0.961
  29    1 1000 420420 1.476400e-02 0.961
