   0    0    0   1540 9.081012e-02 0.926
   0   19  100 155540 4.695333e-02 0.950
   0   19  200 309540 4.692556e-02 0.950
   0   10  300 463540 4.692108e-02 0.950
   0   26  400 617540 4.691647e-02 0.951
   0    3  500 771540 4.690586e-02 0.952
   0    0  600 925540 2.159619e-02 0.957
   0    5  700 1079540 2.115368e-02 0.961
   0   32  800 1233540 2.115344e-02 0.963
   0    0  900 1387540 2.100796e-02 0.963
   0   11 1000 1541540 2.099717e-02 0.963
   1    0    0   1540 1.194742e-01 0.932
   1    3  100 155540 2.821220e-02 0.959
   1    4  200 309540 2.207993e-02 0.959
   1    4  300 463540 2.163899e-02 0.960
   1    0  400 617540 2.140487e-02 0.960
   1   21  500 771540 2.128894e-02 0.960
   1   31  600 925540 2.106271e-02 0.960
   1   41  700 1079540 2.086845e-02 0.960
   1   13  800 1233540 2.086077e-02 0.960
   1    0  900 1387540 2.083428e-02 0.961
   1   44 1000 1541540 2.082092e-02 0.964
   2    0    0   1540 1.888239e-01 0.910
   2    0  100 155540 2.121711e-02 0.962
   2    4  200 309540 1.895530e-02 0.969
   2   44  300 463540 1.881450e-02 0.969
   2   11  400 617540 1.852434e-02 0.971
   2   12  500 771540 1.799921e-02 0.971
   2    0  600 925540 1.656291e-02 0.971
   2    6  700 1079540 1.622042e-02 0.971
   2    8  800 1233540 1.621324e-02 0.971
   2    7  900 1387540 1.620775e-02 0.971
   2   15 1000 1541540 1.611006e-02 0.971
   3    0    0   1540 1.889966e-01 0.903
   3   21  100 155540 2.138183e-02 0.965
   3   46  200 309540 2.136394e-02 0.965
   3   13  300 463540 1.930043e-02 0.965
   3   12  400 617540 1.886983e-02 0.965
   3    0  500 771540 1.883881e-02 0.965
   3   10  600 925540 1.868604e-02 0.965
   3   40  700 1079540 1.867542e-02 0.965
   3   11  800 1233540 1.867321e-02 0.965
   3    3  900 1387540 1.865152e-02 0.965
   3   21 1000 1541540 1.858522e-02 0.965
   4    0    0   1540 1.550146e-01 0.931
   4    6  100 155540 2.668921e-02 0.974
   4    0  200 309540 2.458349e-02 0.974
   4    9  300 463540 2.436507e-02 0.974
   4    2  400 617540 2.431877e-02 0.974
   4    1  500 771540 2.424964e-02 0.974
   4    0  600 925540 2.070568e-02 0.974
   4    6  700 1079540 1.951221e-02 0.974
   4    2  800 1233540 1.910359e-02 0.974
   4   23  900 1387540 1.898549e-02 0.974
   4    4 1000 1541540 1.888687e-02 0.974
   5    0    0   1540 1.801760e-01 0.948
   5    7  100 155540 4.528036e-02 0.955
   5   19  200 309540 4.471502e-02 0.955
   5   17  300 463540 4.423267e-02 0.955
   5    4  400 617540 4.399778e-02 0.959
   5    9  500 771540 4.395398e-02 0.959
   5    0  600 925540 4.385471e-02 0.959
   5    0  700 1079540 4.370467e-02 0.959
   5    1  800 1233540 4.360124e-02 0.959
   5    7  900 1387540 4.343400e-02 0.962
   5    0 1000 1541540 4.341539e-02 0.962
   6    0    0   1540 1.760438e-01 0.927
   6    8  100 155540 4.552670e-02 0.959
   6   10  200 309540 4.447922e-02 0.959
   6    1  300 463540 2.371759e-02 0.959
   6   12  400 617540 2.190824e-02 0.962
   6    7  500 771540 2.141924e-02 0.964
   6    5  600 925540 2.093283e-02 0.964
   6    3  700 1079540 2.088865e-02 0.964
   6   17  800 1233540 2.088773e-02 0.964
   6    3  900 1387540 2.086204e-02 0.964
   6   48 1000 1541540 2.085822e-02 0.964
   7    0    0   1540 1.881040e-01 0.936
   7    1  100 155540 2.184309e-02 0.962
   7    2  200 309540 2.140691e-02 0.962
   7   17  300 463540 2.077917e-02 0.962
   7    4  400 617540 2.025794e-02 0.962
   7    1  500 771540 1.985779e-02 0.962
   7    5  600 925540 1.970050e-02 0.962
   7   29  700 1079540 1.967059e-02 0.964
   7    7  800 1233540 1.966966e-02 0.964
   7    3  900 1387540 1.963855e-02 0.964
   7    5 1000 1541540 1.958117e-02 0.964
   8    0    0   1540 1.819192e-01 0.898
   8    5  100 155540 3.883839e-02 0.962
   8   17  200 309540 3.616902e-02 0.962
   8    2  300 463540 3.294852e-02 0.962
   8    1  400 617540 2.446096e-02 0.962
   8   25  500 771540 2.015003e-02 0.962
   8    7  600 925540 1.931384e-02 0.962
   8   12  700 1079540 1.889248e-02 0.962
   8    2  800 1233540 1.875956e-02 0.962
   8   10  900 1387540 1.835038e-02 0.963
   8    8 1000 1541540 1.808601e-02 0.968
   9    0    0   1540 1.776514e-01 0.941
   9    4  100 155540 4.116326e-02 0.955
   9   25  200 309540 3.903693e-02 0.955
   9    7  300 463540 3.870016e-02 0.955
   9    0  400 617540 3.824206e-02 0.955
   9    0  500 771540 2.594287e-02 0.956
   9    1  600 925540 2.132165e-02 0.965
   9    8  700 1079540 2.122356e-02 0.965
   9    7  800 1233540 1.987523e-02 0.965
   9    4  900 1387540 1.970390e-02 0.965
   9    1 1000 1541540 1.949687e-02 0.966
  10    0    0   1540 1.758121e-01 0.916
  10    3  100 155540 4.588396e-02 0.951
  10    5  200 309540 4.584314e-02 0.951
  10    4  300 463540 4.582409e-02 0.951
  10   30  400 617540 4.581376e-02 0.951
  10    2  500 771540 4.580744e-02 0.954
  10   30  600 925540 4.579566e-02 0.957
  10   13  700 1079540 4.579342e-02 0.957
  10    7  800 1233540 4.569569e-02 0.957
  10    2  900 1387540 4.568014e-02 0.957
  10   18 1000 1541540 4.566933e-02 0.957
  11    0    0   1540 1.673746e-01 0.947
  11    9  100 155540 2.040574e-02 0.958
  11    9  200 309540 1.945668e-02 0.964
  11    0  300 463540 1.933284e-02 0.964
  11   18  400 617540 1.896928e-02 0.965
  11    2  500 771540 1.893505e-02 0.966
  11    2  600 925540 1.870987e-02 0.966
  11    0  700 1079540 1.859869e-02 0.966
  11    1  800 1233540 1.851328e-02 0.966
  11    7  900 1387540 1.849575e-02 0.966
  11   17 1000 1541540 1.849462e-02 0.966
  12    0    0   1540 1.744657e-01 0.757
  12    3  100 155540 2.655478e-02 0.962
  12    1  200 309540 2.451237e-02 0.963
  12    8  300 463540 2.395992e-02 0.963
  12    2  400 617540 2.234618e-02 0.967
  12    4  500 771540 2.085918e-02 0.967
  12    3  600 925540 2.081732e-02 0.967
  12    5  700 1079540 2.072340e-02 0.967
  12    3  800 1233540 2.061640e-02 0.967
  12    0  900 1387540 2.057329e-02 0.967
  12    7 1000 1541540 2.051907e-02 0.967
  13    0    0   1540 1.413290e-01 0.955
  13    2  100 155540 2.093423e-02 0.964
  13    5  200 309540 1.921625e-02 0.964
  13   34  300 463540 1.848811e-02 0.964
  13   70  400 617540 1.834551e-02 0.965
  13    2  500 771540 1.826234e-02 0.965
  13    6  600 925540 1.823283e-02 0.965
  13    7  700 1079540 1.818093e-02 0.965
  13    0  800 1233540 1.818064e-02 0.965
  13    8  900 1387540 1.817461e-02 0.965
  13   26 1000 1541540 1.817434e-02 0.965
  14    0    0   1540 1.113593e-01 0.925
  14    1  100 155540 1.996493e-02 0.958
  14    0  200 309540 1.934723e-02 0.958
  14    0  300 463540 1.896689e-02 0.958
  14   15  400 617540 1.853488e-02 0.965
  14   22  500 771540 1.850734e-02 0.965
  14    4  600 925540 1.834734e-02 0.965
  14   40  700 1079540 1.833921e-02 0.965
  14   18  800 1233540 1.832563e-02 0.965
  14    1  900 1387540 1.830448e-02 0.965
  14    6 1000 1541540 1.830249e-02 0.965
  15    0    0   1540 2.069009e-01 0.940
  15    2  100 155540 2.200478e-02 0.961
  15    3  200 309540 2.156010e-02 0.961
  15    0  300 463540 2.151091e-02 0.961
  15   14  400 617540 2.144265e-02 0.964
  15    1  500 771540 2.139372e-02 0.964
  15    9  600 925540 2.132958e-02 0.964
  15    0  700 1079540 2.124270e-02 0.964
  15    9  800 1233540 2.121121e-02 0.964
  15    3  900 1387540 2.112539e-02 0.964
  15    8 1000 1541540 2.105856e-02 0.964
  16    0    0   1540 1.547813e-01 0.848
  16    8  100 155540 1.960903e-02 0.965
  16    0  200 309540 1.939697e-02 0.965
  16   75  300 463540 1.931523e-02 0.965
  16    6  400 617540 1.896149e-02 0.965
  16    2  500 771540 1.820807e-02 0.965
  16    2  600 925540 1.819582e-02 0.965
  16    6  700 1079540 1.819305e-02 0.965
  16    3  800 1233540 1.819290e-02 0.965
  16   71  900 1387540 1.819288e-02 0.965
  16    4 1000 1541540 1.816856e-02 0.965
  17    0    0   1540 1.725754e-01 0.932
  17    0  100 155540 4.723658e-02 0.946
  17    1  200 309540 4.061065e-02 0.952
  17   22  300 463540 3.015062e-02 0.961
  17    1  400 617540 2.376577e-02 0.961
  17    3  500 771540 2.249041e-02 0.961
  17    0  600 925540 2.215934e-02 0.961
  17    0  700 1079540 2.161293e-02 0.961
  17    0  800 1233540 2.146406e-02 0.961
  17    1  900 1387540 2.109467e-02 0.961
  17   10 1000 1541540 2.081233e-02 0.961
  18    0    0   1540 1.425485e-01 0.947
  18    7  100 155540 4.415063e-02 0.952
  18    5  200 309540 4.376902e-02 0.955
  18    1  300 463540 2.181461e-02 0.963
  18    3  400 617540 2.101272e-02 0.965
  18   10  500 771540 2.086319e-02 0.965
  18    6  600 925540 2.080554e-02 0.965
  18   18  700 1079540 2.079018e-02 0.965
  18    0  800 1233540 2.076807e-02 0.965
  18   10  900 1387540 2.075266e-02 0.965
  18    3 1000 1541540 2.075093e-02 0.965
  19    0    0   1540 1.975774e-01 0.909
  19    3  100 155540 4.103171e-02 0.954
  19   21  200 309540 4.080060e-02 0.956
  19    4  300 463540 2.622915e-02 0.956
  19   25  400 617540 2.115958e-02 0.961
  19    5  500 771540 2.098361e-02 0.961
  19    2  600 925540 2.093594e-02 0.964
  19   21  700 1079540 2.093317e-02 0.964
  19    0  800 1233540 2.092250e-02 0.964
  19    2  900 1387540 2.086856e-02 0.967
  19   17 1000 1541540 2.083510e-02 0.967
  20    0    0   1540 1.824690e-01 0.950
  20   17  100 155540 2.736164e-02 0.959
  20   11  200 309540 2.445881e-02 0.959
  20   28  300 463540 2.365516e-02 0.959
  20    8  400 617540 2.289535e-02 0.959
  20   11  500 771540 2.283888e-02 0.959
  20    1  600 925540 2.262007e-02 0.959
  20   40  700 1079540 2.225882e-02 0.959
  20    5  800 1233540 2.110911e-02 0.961
  20    3  900 1387540 1.965117e-02 0.961
  20    7 1000 1541540 1.938995e-02 0.961
  21    0    0   1540 1.894716e-01 0.797
  21    4  100 155540 3.449023e-02 0.947
  21    6  200 309540 3.318197e-02 0.957
  21    3  300 463540 1.834280e-02 0.959
  21    7  400 617540 1.786857e-02 0.971
  21    5  500 771540 1.780083e-02 0.971
  21   25  600 925540 1.776440e-02 0.971
  21   15  700 1079540 1.772919e-02 0.971
  21    2  800 1233540 1.771989e-02 0.971
  21    7  900 1387540 1.771505e-02 0.971
  21    4 1000 1541540 1.757388e-02 0.971
  22    0    0   1540 1.182827e-01 0.949
  22    6  100 155540 2.946631e-02 0.952
  22    0  200 309540 2.716432e-02 0.952
  22    9  300 463540 2.401578e-02 0.956
  22    1  400 617540 2.322379e-02 0.956
  22    0  500 771540 2.184248e-02 0.960
  22    3  600 925540 2.071865e-02 0.960
  22   11  700 1079540 2.064694e-02 0.963
  22   16  800 1233540 2.061385e-02 0.963
  22    4  900 1387540 2.043901e-02 0.963
  22    6 1000 1541540 2.043696e-02 0.963
  23    0    0   1540 8.513704e-02 0.905
  23   10  100 155540 2.122701e-02 0.954
  23   81  200 309540 2.116029e-02 0.959
  23    3  300 463540 2.104346e-02 0.962
  23   31  400 617540 2.104261e-02 0.966
  23    6  500 771540 2.101416e-02 0.966
  23   58  600 925540 2.086718e-02 0.966
  23    3  700 1079540 2.083576e-02 0.966
  23    0  800 1233540 2.081755e-02 0.966
  23   43  900 1387540 2.081684e-02 0.966
  23   36 1000 1541540 2.081534e-02 0.966
  24    0    0   1540 1.906067e-01 0.804
  24   14  100 155540 4.296752e-02 0.956
  24    3  200 309540 4.287431e-02 0.956
  24    2  300 463540 4.266910e-02 0.956
  24   20  400 617540 4.260208e-02 0.956
  24    1  500 771540 4.256115e-02 0.956
  24    8  600 925540 4.255690e-02 0.956
  24    0  700 1079540 4.255208e-02 0.956
  24   27  800 1233540 4.248786e-02 0.956
  24    0  900 1387540 4.247566e-02 0.956
  24    0 1000 1541540 2.178020e-02 0.960
  25    0    0   1540 1.903732e-01 0.800
  25    4  100 155540 1.887688e-02 0.964
  25   92  200 309540 1.887551e-02 0.964
  25    2  300 463540 1.886383e-02 0.964
  25    2  400 617540 1.884734e-02 0.964
  25    1  500 771540 1.884434e-02 0.964
  25    8  600 925540 1.878123e-02 0.964
  25   10  700 1079540 1.874033e-02 0.964
  25   22  800 1233540 1.874032e-02 0.964
  25   11  900 1387540 1.865750e-02 0.964
  25   35 1000 1541540 1.865653e-02 0.964
  26    0    0   1540 1.798790e-01 0.944
  26    1  100 155540 4.438306e-02 0.948
  26   64  200 309540 4.426615e-02 0.949
  26    3  300 463540 4.390696e-02 0.958
  26   21  400 617540 4.352405e-02 0.958
  26    8  500 771540 4.347366e-02 0.958
  26    0  600 925540 4.333072e-02 0.958
  26   13  700 1079540 4.331575e-02 0.958
  26    9  800 1233540 4.325294e-02 0.959
  26    0  900 1387540 4.315130e-02 0.959
  26   31 1000 1541540 4.313543e-02 0.959
  27    0    0   1540 1.281858e-01 0.942
  27    2  100 155540 2.006449e-02 0.956
  27    2  200 309540 1.923456e-02 0.956
  27    8  300 463540 1.893084e-02 0.956
  27    2  400 617540 1.803442e-02 0.956
  27   15  500 771540 1.787629e-02 0.956
  27   13  600 925540 1.787165e-02 0.956
  27    9  700 1079540 1.787162e-02 0.956
  27   17  800 1233540 1.780461e-02 0.959
  27    1  900 1387540 1.779881e-02 0.959
  27   57 1000 1541540 1.772198e-02 0.959
  28    0    0   1540 1.648688e-01 0.909
  28    1  100 155540 2.022890e-02 0.963
  28    0  200 309540 1.634872e-02 0.963
  28    9  300 463540 1.556109e-02 0.963
  28   18  400 617540 1.532913e-02 0.963
  28   10  500 771540 1.501560e-02 0.964
  28    6  600 925540 1.491061e-02 0.965
  28   15  700 1079540 1.489641e-02 0.965
  28    1  800 1233540 1.489063e-02 0.965
  28   39  900 1387540 1.483886e-02 0.965
  28    8 1000 1541540 1.481692e-02 0.965
  29    0    0   1540 3.230432e-01 0.733
  29   11  100 155540 2.304026e-02 0.965
  29    1  200 309540 2.189399e-02 0.965
  29    3  300 463540 2.186092e-02 0.965
  29   15  400 617540 2.185838e-02 0.965
  29   19  500 771540 2.156618e-02 0.965
  29    4  600 925540 2.137504e-02 0.965
  29    9  700 1079540 2.114712e-02 0.965
  29   14  800 1233540 2.114196e-02 0.965
  29   10  900 1387540 2.108006e-02 0.965
  29    4 1000 1541540 2.101000e-02 0.965
