   0    0    0   1540 1.362828e-01 0.883
   0    3  100 155540 6.169360e-02 0.967
   0    5  200 309540 4.466879e-02 0.969
   0   27  300 463540 4.340771e-02 0.969
   0    4  400 617540 4.336885e-02 0.969
   0    8  500 771540 4.333947e-02 0.969
   0    2  600 925540 4.332131e-02 0.969
   0    2  700 1079540 4.327830e-02 0.969
   0    1  800 1233540 4.319736e-02 0.971
   0    1  900 1387540 4.278603e-02 0.971
   0   11 1000 1541540 4.254846e-02 0.971
   1    0    0   1540 1.724209e-01 0.897
   1    0  100 155540 6.529895e-02 0.974
   1    0  200 309540 4.512917e-02 0.974
   1   52  300 463540 4.511465e-02 0.974
   1    7  400 617540 4.506861e-02 0.976
   1    0  500 771540 4.494243e-02 0.976
   1   19  600 925540 4.490517e-02 0.976
   1   14  700 1079540 4.486248e-02 0.976
   1    4  800 1233540 4.466453e-02 0.976
   1    1  900 1387540 4.442925e-02 0.976
   1    1 1000 1541540 4.416579e-02 0.976
   2    0    0   1540 1.558231e-01 0.855
   2    4  100 155540 4.125506e-02 0.970
   2    0  200 309540 3.609787e-02 0.970
   2   13  300 463540 3.602864e-02 0.977
   2   34  400 617540 3.602858e-02 0.977
   2    1  500 771540 3.601614e-02 0.978
   2   23  600 925540 3.582509e-02 0.978
   2    0  700 1079540 3.525381e-02 0.978
   2   30  800 1233540 3.517959e-02 0.978
   2   11  900 1387540 3.513468e-02 0.978
   2    7 1000 1541540 3.510508e-02 0.978
   3    0    0   1540 1.319239e-01 0.835
   3    0  100 155540 6.582895e-02 0.960
   3    3  200 309540 6.449151e-02 0.962
   3   13  300 463540 6.416692e-02 0.962
   3   57  400 617540 6.416131e-02 0.962
   3    1  500 771540 6.401352e-02 0.962
   3    0  600 925540 6.393030e-02 0.962
   3    8  700 1079540 6.370221e-02 0.962
   3   21  800 1233540 6.358104e-02 0.964
   3    0  900 1387540 6.346437e-02 0.964
   3   15 1000 1541540 6.338213e-02 0.964
   4    0    0   1540 1.168114e-01 0.923
   4   13  100 155540 5.792684e-02 0.961
   4   26  200 309540 5.785481e-02 0.961
   4    4  300 463540 5.697146e-02 0.968
   4    6  400 617540 5.692546e-02 0.968
   4   25  500 771540 5.659890e-02 0.969
   4   10  600 925540 5.657250e-02 0.969
   4    0  700 1079540 5.650013e-02 0.973
   4    0  800 1233540 3.166072e-02 0.973
   4    3  900 1387540 2.959676e-02 0.986
   4    5 1000 1541540 2.956151e-02 0.986
   5    0    0   1540 1.204034e-01 0.912
   5    1  100 155540 4.024386e-02 0.984
   5    5  200 309540 3.535486e-02 0.984
   5    0  300 463540 3.288568e-02 0.984
   5    3  400 617540 3.095144e-02 0.984
   5   12  500 771540 3.076662e-02 0.986
   5    2  600 925540 3.067674e-02 0.986
   5    1  700 1079540 3.039233e-02 0.986
   5    7  800 1233540 3.017702e-02 0.986
   5    5  900 1387540 3.001138e-02 0.986
   5   12 1000 1541540 2.968984e-02 0.986
   6    0    0   1540 1.655696e-01 0.827
   6    4  100 155540 3.573938e-02 0.974
   6    2  200 309540 3.530255e-02 0.974
   6    7  300 463540 3.512542e-02 0.974
   6   58  400 617540 3.511772e-02 0.974
   6    0  500 771540 3.509944e-02 0.974
   6    9  600 925540 3.509444e-02 0.974
   6   16  700 1079540 3.509035e-02 0.974
   6   12  800 1233540 3.506883e-02 0.974
   6    1  900 1387540 3.506357e-02 0.974
   6    8 1000 1541540 3.506219e-02 0.975
   7    0    0   1540 1.797347e-01 0.762
   7    9  100 155540 6.958028e-02 0.951
   7    0  200 309540 3.424774e-02 0.966
   7    0  300 463540 3.023385e-02 0.982
   7    1  400 617540 3.020982e-02 0.985
   7   21  500 771540 3.019583e-02 0.985
   7    4  600 925540 3.007130e-02 0.985
   7    9  700 1079540 2.991482e-02 0.985
   7    1  800 1233540 2.972931e-02 0.985
   7    1  900 1387540 2.969328e-02 0.985
   7    8 1000 1541540 2.964963e-02 0.985
   8    0    0   1540 1.459905e-01 0.744
   8    4  100 155540 3.757182e-02 0.966
   8    3  200 309540 3.562655e-02 0.975
   8    1  300 463540 3.549494e-02 0.975
   8   22  400 617540 3.537421e-02 0.975
   8    0  500 771540 3.044997e-02 0.984
   8   20  600 925540 3.011971e-02 0.985
   8   20  700 1079540 3.011343e-02 0.985
   8    0  800 1233540 2.978990e-02 0.986
   8    9  900 1387540 2.977861e-02 0.986
   8    2 1000 1541540 2.976503e-02 0.986
   9    0    0   1540 1.313589e-01 0.840
   9    4  100 155540 9.546524e-02 0.956
   9   13  200 309540 6.164766e-02 0.971
   9    0  300 463540 5.216897e-02 0.972
   9    0  400 617540 5.139820e-02 0.972
   9    1  500 771540 5.022072e-02 0.972
   9   18  600 925540 4.965231e-02 0.972
   9    1  700 1079540 4.938091e-02 0.972
   9    5  800 1233540 4.926144e-02 0.972
   9    0  900 1387540 4.920803e-02 0.972
   9    3 1000 1541540 4.916376e-02 0.972
  10    0    0   1540 1.617425e-01 0.852
  10    6  100 155540 3.644402e-02 0.972
  10   10  200 309540 3.595597e-02 0.972
  10   20  300 463540 3.553825e-02 0.972
  10    8  400 617540 3.543892e-02 0.972
  10   30  500 771540 3.537345e-02 0.972
  10    4  600 925540 3.511421e-02 0.974
  10   22  700 1079540 3.508645e-02 0.979
  10   23  800 1233540 3.507708e-02 0.979
  10    2  900 1387540 3.506896e-02 0.979
  10    6 1000 1541540 3.503403e-02 0.979
  11    0    0   1540 1.549651e-01 0.872
  11    4  100 155540 5.494264e-02 0.976
  11    8  200 309540 5.482432e-02 0.977
  11    2  300 463540 3.648688e-02 0.977
  11   10  400 617540 3.581032e-02 0.977
  11    3  500 771540 3.570577e-02 0.977
  11   10  600 925540 3.547692e-02 0.977
  11    8  700 1079540 3.535954e-02 0.978
  11   21  800 1233540 3.532625e-02 0.978
  11    7  900 1387540 3.526925e-02 0.978
  11    7 1000 1541540 3.524907e-02 0.978
  12    0    0   1540 1.197780e-01 0.917
  12    3  100 155540 3.884164e-02 0.976
  12    8  200 309540 3.598700e-02 0.976
  12    9  300 463540 3.571278e-02 0.976
  12   14  400 617540 3.563975e-02 0.977
  12    5  500 771540 3.535224e-02 0.977
  12   14  600 925540 3.531033e-02 0.977
  12    0  700 1079540 3.527319e-02 0.977
  12   19  800 1233540 3.527078e-02 0.977
  12    2  900 1387540 3.526484e-02 0.977
  12   20 1000 1541540 3.526167e-02 0.977
  13    0    0   1540 1.214719e-01 0.911
  13    5  100 155540 3.685584e-02 0.980
  13   12  200 309540 3.591323e-02 0.980
  13   34  300 463540 3.578931e-02 0.980
  13   40  400 617540 3.551570e-02 0.980
  13   11  500 771540 3.548872e-02 0.980
  13   11  600 925540 3.545563e-02 0.980
  13    0  700 1079540 3.542821e-02 0.980
  13    3  800 1233540 3.539201e-02 0.980
  13    4  900 1387540 3.536546e-02 0.980
  13   27 1000 1541540 3.536034e-02 0.980
  14    0    0   1540 1.588654e-01 0.737
  14    2  100 155540 3.320200e-02 0.975
  14    4  200 309540 3.214651e-02 0.983
  14   28  300 463540 3.181070e-02 0.985
  14   28  400 617540 3.180960e-02 0.985
  14    4  500 771540 3.150338e-02 0.985
  14    8  600 925540 3.139480e-02 0.985
  14    5  700 1079540 3.084305e-02 0.985
  14   11  800 1233540 3.072315e-02 0.985
  14   11  900 1387540 3.040547e-02 0.985
  14    8 1000 1541540 3.021989e-02 0.985
  15    0    0   1540 1.397135e-01 0.890
  15    0  100 155540 5.564310e-02 0.970
  15    3  200 309540 5.078539e-02 0.970
  15    0  300 463540 4.392095e-02 0.970
  15    2  400 617540 3.884382e-02 0.970
  15    1  500 771540 3.642973e-02 0.975
  15    1  600 925540 2.995830e-02 0.978
  15    3  700 1079540 2.956416e-02 0.985
  15    2  800 1233540 2.951040e-02 0.985
  15    3  900 1387540 2.949471e-02 0.985
  15   31 1000 1541540 2.948761e-02 0.985
  16    0    0   1540 1.605199e-01 0.884
  16    7  100 155540 6.081311e-02 0.966
  16    1  200 309540 4.839758e-02 0.966
  16    0  300 463540 4.517631e-02 0.967
  16    1  400 617540 4.498184e-02 0.971
  16   20  500 771540 4.482074e-02 0.971
  16  120  600 925540 4.482074e-02 0.971
  16    7  700 1079540 4.480252e-02 0.971
  16    0  800 1233540 4.479109e-02 0.971
  16    5  900 1387540 4.448689e-02 0.971
  16    9 1000 1541540 4.444631e-02 0.971
  17    0    0   1540 1.243170e-01 0.922
  17    4  100 155540 5.984869e-02 0.952
  17   25  200 309540 5.945085e-02 0.952
  17    8  300 463540 5.938055e-02 0.952
  17    1  400 617540 5.931161e-02 0.952
  17   45  500 771540 5.930950e-02 0.952
  17    5  600 925540 5.930633e-02 0.952
  17   39  700 1079540 5.930605e-02 0.952
  17   10  800 1233540 5.930301e-02 0.952
  17    3  900 1387540 5.930193e-02 0.967
  17   35 1000 1541540 5.930180e-02 0.967
  18    0    0   1540 1.501541e-01 0.867
  18    8  100 155540 3.669253e-02 0.969
  18    4  200 309540 3.646989e-02 0.970
  18    6  300 463540 3.646026e-02 0.971
  18   10  400 617540 3.638922e-02 0.971
  18    1  500 771540 3.628247e-02 0.971
  18    7  600 925540 3.592993e-02 0.971
  18   19  700 1079540 3.585712e-02 0.975
  18    1  800 1233540 3.577005e-02 0.975
  18    3  900 1387540 3.564381e-02 0.975
  18    3 1000 1541540 3.556407e-02 0.975
  19    0    0   1540 1.764847e-01 0.851
  19   20  100 155540 5.126753e-02 0.970
  19    0  200 309540 3.090227e-02 0.976
  19    0  300 463540 3.062027e-02 0.985
  19    8  400 617540 3.024812e-02 0.985
  19    0  500 771540 2.993946e-02 0.985
  19   18  600 925540 2.985385e-02 0.985
  19    6  700 1079540 2.984029e-02 0.985
  19   19  800 1233540 2.981211e-02 0.985
  19    2  900 1387540 2.979493e-02 0.985
  19    6 1000 1541540 2.961349e-02 0.985
  20    0    0   1540 1.576958e-01 0.951
  20    0  100 155540 8.670133e-02 0.951
  20    5  200 309540 5.816431e-02 0.954
  20    8  300 463540 5.149138e-02 0.954
  20   15  400 617540 5.115760e-02 0.954
  20    1  500 771540 4.985705e-02 0.961
  20    6  600 925540 4.789792e-02 0.961
  20    5  700 1079540 4.695168e-02 0.961
  20    1  800 1233540 4.655043e-02 0.961
  20    0  900 1387540 4.601626e-02 0.961
  20    7 1000 1541540 4.535428e-02 0.961
  21    0    0   1540 1.272366e-01 0.621
  21    4  100 155540 6.773524e-02 0.937
  21    0  200 309540 5.923155e-02 0.965
  21    3  300 463540 5.567109e-02 0.966
  21    2  400 617540 5.379833e-02 0.966
  21    2  500 771540 5.306178e-02 0.966
  21   12  600 925540 5.279506e-02 0.968
  21    4  700 1079540 4.648466e-02 0.968
  21    3  800 1233540 4.531648e-02 0.975
  21    1  900 1387540 4.501170e-02 0.975
  21    2 1000 1541540 4.485058e-02 0.975
  22    0    0   1540 1.211326e-01 0.835
  22    3  100 155540 5.776807e-02 0.965
  22   24  200 309540 5.774358e-02 0.970
  22    0  300 463540 5.769898e-02 0.970
  22   73  400 617540 5.760032e-02 0.970
  22    1  500 771540 5.744645e-02 0.970
  22    8  600 925540 5.739094e-02 0.970
  22   21  700 1079540 5.736640e-02 0.971
  22    6  800 1233540 5.733346e-02 0.971
  22    0  900 1387540 5.729616e-02 0.971
  22    1 1000 1541540 5.726055e-02 0.971
  23    0    0   1540 1.521764e-01 0.914
  23    0  100 155540 4.576051e-02 0.972
  23    5  200 309540 4.494574e-02 0.972
  23    0  300 463540 3.743917e-02 0.975
  23   22  400 617540 3.616048e-02 0.975
  23   10  500 771540 3.611144e-02 0.977
  23    3  600 925540 3.562703e-02 0.977
  23    4  700 1079540 3.544033e-02 0.982
  23   21  800 1233540 3.537774e-02 0.982
  23    4  900 1387540 3.526402e-02 0.982
  23    2 1000 1541540 3.524531e-02 0.982
  24    0    0   1540 1.730925e-01 0.704
  24    2  100 155540 7.903400e-02 0.961
  24   28  200 309540 7.734334e-02 0.961
  24    0  300 463540 6.874565e-02 0.961
  24    4  400 617540 3.768525e-02 0.974
  24    7  500 771540 3.610620e-02 0.974
  24    5  600 925540 3.573430e-02 0.980
  24    8  700 1079540 3.556652e-02 0.980
  24    2  800 1233540 3.538873e-02 0.980
  24   52  900 1387540 3.535111e-02 0.980
  24    1 1000 1541540 3.524980e-02 0.980
  25    0    0   1540 1.572807e-01 0.884
  25    2  100 155540 5.196472e-02 0.961
  25    3  200 309540 5.147259e-02 0.961
  25   11  300 463540 5.120832e-02 0.967
  25    7  400 617540 5.096965e-02 0.967
  25    0  500 771540 5.059888e-02 0.967
  25    2  600 925540 5.053868e-02 0.969
  25    1  700 1079540 5.009425e-02 0.969
  25    2  800 1233540 4.999534e-02 0.969
  25    0  900 1387540 4.966452e-02 0.969
  25    2 1000 1541540 4.942087e-02 0.969
  26    0    0   1540 1.370925e-01 0.926
  26    2  100 155540 4.544756e-02 0.970
  26    3  200 309540 3.081076e-02 0.981
  26   11  300 463540 3.047134e-02 0.982
  26   11  400 617540 3.020242e-02 0.982
  26   17  500 771540 3.011255e-02 0.982
  26    2  600 925540 3.007202e-02 0.983
  26    5  700 1079540 2.989526e-02 0.984
  26    2  800 1233540 2.986881e-02 0.984
  26    9  900 1387540 2.977785e-02 0.984
  26    9 1000 1541540 2.960649e-02 0.984
  27    0    0   1540 1.800314e-01 0.934
  27    0  100 155540 3.970967e-02 0.969
  27    5  200 309540 3.816323e-02 0.970
  27    2  300 463540 3.701936e-02 0.970
  27   10  400 617540 3.644655e-02 0.974
  27   16  500 771540 3.624788e-02 0.975
  27   14  600 925540 3.614939e-02 0.975
  27    0  700 1079540 3.581681e-02 0.975
  27   27  800 1233540 3.564204e-02 0.975
  27   11  900 1387540 3.555903e-02 0.977
  27    5 1000 1541540 3.536425e-02 0.977
  28    0    0   1540 1.769568e-01 0.839
  28   13  100 155540 3.548521e-02 0.981
  28    3  200 309540 3.282724e-02 0.985
  28   12  300 463540 3.212047e-02 0.985
  28    8  400 617540 3.202240e-02 0.985
  28   32  500 771540 3.198978e-02 0.986
  28    1  600 925540 3.145367e-02 0.986
  28   14  700 1079540 3.143723e-02 0.986
  28    4  800 1233540 3.027285e-02 0.986
  28    0  900 1387540 3.021442e-02 0.986
  28    0 1000 1541540 2.999954e-02 0.986
  29    0    0   1540 1.584174e-01 0.894
  29    1  100 155540 3.721235e-02 0.981
  29    3  200 309540 3.606496e-02 0.981
  29    5  300 463540 3.577753e-02 0.981
  29    0  400 617540 3.545332e-02 0.981
  29    4  500 771540 3.532684e-02 0.981
  29    8  600 925540 3.527972e-02 0.981
  29    8  700 1079540 3.523272e-02 0.981
  29    1  800 1233540 3.522377e-02 0.981
  29    7  900 1387540 3.518345e-02 0.981
  29    6 1000 1541540 3.516374e-02 0.981
