   0    0    0    420 1.577597e-01 0.490
   0    0  100  42420 1.051614e-01 0.500
   0   37  200  84420 1.049025e-01 0.504
   0    7  300 126420 1.044320e-01 0.512
   0    1  400 168420 9.556380e-02 0.514
   0    5  500 210420 9.353803e-02 0.514
   0   21  600 252420 9.313637e-02 0.514
   0    0  700 294420 9.151929e-02 0.514
   0    2  800 336420 9.006765e-02 0.514
   0    5  900 378420 9.005674e-02 0.514
   0   57 1000 420420 8.999901e-02 0.514
   1    0    0    420 1.366430e-01 0.484
   1    3  100  42420 9.749194e-02 0.496
   1   29  200  84420 9.611175e-02 0.496
   1   78  300 126420 9.577696e-02 0.519
   1   63  400 168420 9.577053e-02 0.519
   1   23  500 210420 9.568555e-02 0.519
   1   17  600 252420 9.526745e-02 0.519
   1    1  700 294420 9.482757e-02 0.519
   1    0  800 336420 8.430864e-02 0.519
   1    2  900 378420 8.352917e-02 0.519
   1    3 1000 420420 8.342444e-02 0.519
   2    0    0    420 1.340506e-01 0.488
   2    0  100  42420 1.046069e-01 0.497
   2    4  200  84420 1.007293e-01 0.498
   2   62  300 126420 9.709006e-02 0.519
   2    5  400 168420 9.670074e-02 0.519
   2    2  500 210420 9.388575e-02 0.519
   2    3  600 252420 8.971399e-02 0.519
   2    1  700 294420 8.803517e-02 0.519
   2    0  800 336420 8.530448e-02 0.519
   2    0  900 378420 8.371752e-02 0.519
   2    1 1000 420420 8.354303e-02 0.519
   3    0    0    420 1.380846e-01 0.494
   3    7  100  42420 1.015248e-01 0.497
   3    8  200  84420 9.767699e-02 0.497
   3   56  300 126420 9.765176e-02 0.497
   3   45  400 168420 9.588847e-02 0.506
   3   18  500 210420 9.249131e-02 0.506
   3   21  600 252420 9.152734e-02 0.506
   3    5  700 294420 9.045734e-02 0.506
   3    4  800 336420 8.993640e-02 0.506
   3    0  900 378420 8.906916e-02 0.506
   3    5 1000 420420 8.900478e-02 0.506
   4    0    0    420 1.700515e-01 0.493
   4    4  100  42420 9.606384e-02 0.499
   4   10  200  84420 9.561868e-02 0.504
   4    4  300 126420 9.502535e-02 0.504
   4    0  400 168420 9.490035e-02 0.504
   4    9  500 210420 9.476440e-02 0.504
   4    0  600 252420 9.346807e-02 0.504
   4    3  700 294420 9.341398e-02 0.504
   4   50  800 336420 9.295101e-02 0.504
   4    1  900 378420 9.178229e-02 0.504
   4    7 1000 420420 9.165541e-02 0.504
   5    0    0    420 1.243890e-01 0.478
   5    3  100  42420 9.655779e-02 0.496
   5   54  200  84420 9.273743e-02 0.496
   5   55  300 126420 9.273607e-02 0.496
   5    4  400 168420 8.983596e-02 0.496
   5   74  500 210420 8.979482e-02 0.497
   5    1  600 252420 8.979054e-02 0.497
   5   11  700 294420 8.978378e-02 0.497
   5   12  800 336420 8.978182e-02 0.497
   5    0  900 378420 8.661956e-02 0.497
   5    1 1000 420420 8.477954e-02 0.497
   6    0    0    420 1.548825e-01 0.483
   6    8  100  42420 1.059047e-01 0.499
   6    7  200  84420 9.978277e-02 0.499
   6    8  300 126420 9.902368e-02 0.499
   6    7  400 168420 9.313669e-02 0.499
   6    0  500 210420 9.307973e-02 0.507
   6   21  600 252420 8.740017e-02 0.507
   6    1  700 294420 8.539242e-02 0.507
   6    3  800 336420 8.358852e-02 0.507
   6    2  900 378420 8.357365e-02 0.507
   6    1 1000 420420 8.357318e-02 0.507
   7    0    0    420 1.434597e-01 0.497
   7   25  100  42420 9.926806e-02 0.502
   7   32  200  84420 9.274370e-02 0.502
   7    7  300 126420 9.272723e-02 0.502
   7   41  400 168420 9.252751e-02 0.510
   7    6  500 210420 8.551288e-02 0.510
   7   22  600 252420 8.529047e-02 0.510
   7    0  700 294420 8.460914e-02 0.510
   7   18  800 336420 8.455253e-02 0.510
   7   36  900 378420 8.393132e-02 0.510
   7   10 1000 420420 8.354398e-02 0.510
   8    0    0    420 1.594087e-01 0.490
   8    0  100  42420 1.034125e-01 0.497
   8    3  200  84420 1.029859e-01 0.501
   8    5  300 126420 9.330417e-02 0.501
   8   32  400 168420 9.306789e-02 0.501
   8   68  500 210420 9.306467e-02 0.501
   8   54  600 252420 9.306409e-02 0.501
   8    5  700 294420 9.287920e-02 0.501
   8    1  800 336420 9.231801e-02 0.501
   8    1  900 378420 8.941858e-02 0.501
   8    1 1000 420420 8.516007e-02 0.501
   9    0    0    420 1.296718e-01 0.490
   9    5  100  42420 9.766695e-02 0.496
   9   66  200  84420 9.740099e-02 0.496
   9    5  300 126420 9.516578e-02 0.496
   9   40  400 168420 9.321867e-02 0.517
   9  140  500 210420 9.321867e-02 0.517
   9    7  600 252420 9.253964e-02 0.517
   9   42  700 294420 9.184017e-02 0.517
   9    5  800 336420 9.164921e-02 0.517
   9   33  900 378420 9.145083e-02 0.517
   9    3 1000 420420 9.142941e-02 0.517
  10    0    0    420 1.239933e-01 0.483
  10    0  100  42420 9.662244e-02 0.498
  10    1  200  84420 9.458533e-02 0.498
  10    0  300 126420 9.318661e-02 0.498
  10   48  400 168420 9.298532e-02 0.498
  10   14  500 210420 9.296988e-02 0.499
  10    3  600 252420 9.274612e-02 0.499
  10    0  700 294420 9.202786e-02 0.499
  10   11  800 336420 8.966860e-02 0.499
  10    5  900 378420 8.744409e-02 0.499
  10    6 1000 420420 8.539107e-02 0.499
  11    0    0    420 1.527066e-01 0.492
  11   16  100  42420 1.000531e-01 0.496
  11    1  200  84420 9.594092e-02 0.513
  11   17  300 126420 9.526894e-02 0.513
  11    9  400 168420 9.188154e-02 0.513
  11    7  500 210420 8.758290e-02 0.513
  11   21  600 252420 8.733978e-02 0.513
  11    1  700 294420 8.733610e-02 0.513
  11   10  800 336420 8.501974e-02 0.513
  11    0  900 378420 8.432541e-02 0.513
  11    1 1000 420420 8.423987e-02 0.513
  12    0    0    420 1.471459e-01 0.497
  12    5  100  42420 9.480702e-02 0.509
  12    3  200  84420 9.470727e-02 0.509
  12   63  300 126420 9.458824e-02 0.509
  12   28  400 168420 9.362966e-02 0.509
  12   37  500 210420 9.343591e-02 0.509
  12  137  600 252420 9.343591e-02 0.509
  12    0  700 294420 9.262729e-02 0.509
  12    2  800 336420 9.260566e-02 0.509
  12    0  900 378420 9.241670e-02 0.509
  12    3 1000 420420 9.236659e-02 0.509
  13    0    0    420 1.245286e-01 0.489
  13    2  100  42420 1.079890e-01 0.515
  13    5  200  84420 9.093388e-02 0.515
  13   27  300 126420 9.085914e-02 0.515
  13    5  400 168420 9.082702e-02 0.515
  13    0  500 210420 8.914136e-02 0.515
  13    7  600 252420 8.615958e-02 0.515
  13   16  700 294420 8.588012e-02 0.515
  13    9  800 336420 8.582531e-02 0.515
  13    1  900 378420 8.522998e-02 0.515
  13    8 1000 420420 8.517879e-02 0.515
  14    0    0    420 1.125715e-01 0.493
  14   16  100  42420 9.704777e-02 0.496
  14    1  200  84420 9.539562e-02 0.496
  14    0  300 126420 8.722232e-02 0.500
  14    1  400 168420 8.698682e-02 0.500
  14   26  500 210420 8.544931e-02 0.508
  14   40  600 252420 8.530097e-02 0.508
  14    5  700 294420 8.493124e-02 0.508
  14    4  800 336420 8.397267e-02 0.508
  14    5  900 378420 8.387162e-02 0.508
  14    8 1000 420420 8.374107e-02 0.508
  15    0    0    420 1.125473e-01 0.488
  15    7  100  42420 9.748117e-02 0.496
  15    2  200  84420 9.497957e-02 0.496
  15    4  300 126420 9.458093e-02 0.500
  15   23  400 168420 9.453394e-02 0.500
  15    5  500 210420 9.318116e-02 0.500
  15    8  600 252420 9.197502e-02 0.500
  15    4  700 294420 9.138003e-02 0.500
  15   33  800 336420 9.137517e-02 0.500
  15   15  900 378420 9.137516e-02 0.500
  15  115 1000 420420 9.137516e-02 0.500
  16    0    0    420 1.260448e-01 0.491
  16    9  100  42420 1.017421e-01 0.500
  16    7  200  84420 9.709875e-02 0.500
  16   27  300 126420 9.695658e-02 0.500
  16   12  400 168420 9.559852e-02 0.500
  16    7  500 210420 9.464721e-02 0.500
  16   43  600 252420 9.463694e-02 0.516
  16   15  700 294420 9.462470e-02 0.516
  16    2  800 336420 9.314683e-02 0.516
  16    9  900 378420 9.311105e-02 0.516
  16    6 1000 420420 9.309822e-02 0.516
  17    0    0    420 1.150107e-01 0.491
  17    5  100  42420 9.402032e-02 0.495
  17   26  200  84420 9.261527e-02 0.495
  17   15  300 126420 9.242827e-02 0.504
  17    0  400 168420 9.232714e-02 0.504
  17   11  500 210420 9.232616e-02 0.504
  17  111  600 252420 9.232616e-02 0.504
  17  211  700 294420 9.232616e-02 0.504
  17   13  800 336420 9.094139e-02 0.504
  17    0  900 378420 9.091429e-02 0.504
  17    6 1000 420420 9.036981e-02 0.504
  18    0    0    420 1.345494e-01 0.491
  18   18  100  42420 9.784991e-02 0.500
  18    4  200  84420 9.759137e-02 0.500
  18   38  300 126420 9.743584e-02 0.500
  18    2  400 168420 9.213417e-02 0.501
  18   17  500 210420 9.212496e-02 0.501
  18    9  600 252420 8.914196e-02 0.501
  18   55  700 294420 8.880760e-02 0.501
  18    2  800 336420 8.878768e-02 0.501
  18    2  900 378420 8.854221e-02 0.501
  18    1 1000 420420 8.851077e-02 0.501
  19    0    0    420 1.054324e-01 0.501
  19    3  100  42420 9.315399e-02 0.501
  19   35  200  84420 9.315230e-02 0.501
  19   56  300 126420 9.315215e-02 0.506
  19    0  400 168420 9.246324e-02 0.507
  19   30  500 210420 9.230425e-02 0.507
  19   61  600 252420 9.230392e-02 0.507
  19    0  700 294420 9.219095e-02 0.507
  19   10  800 336420 9.200969e-02 0.507
  19   24  900 378420 9.200476e-02 0.507
  19    0 1000 420420 9.187293e-02 0.507
  20    0    0    420 1.405232e-01 0.485
  20   49  100  42420 1.015007e-01 0.497
  20   32  200  84420 9.468251e-02 0.497
  20   20  300 126420 9.310626e-02 0.498
  20    3  400 168420 9.283645e-02 0.498
  20    6  500 210420 9.123244e-02 0.498
  20    0  600 252420 9.012609e-02 0.498
  20   17  700 294420 8.634590e-02 0.498
  20    6  800 336420 8.581248e-02 0.498
  20    6  900 378420 8.377068e-02 0.498
  20    0 1000 420420 8.375538e-02 0.499
  21    0    0    420 1.250825e-01 0.491
  21    6  100  42420 9.709013e-02 0.495
  21   27  200  84420 9.603132e-02 0.496
  21    0  300 126420 9.559599e-02 0.497
  21   25  400 168420 9.340459e-02 0.500
  21    3  500 210420 9.303397e-02 0.500
  21   12  600 252420 9.244088e-02 0.500
  21    9  700 294420 9.242425e-02 0.500
  21    8  800 336420 9.229688e-02 0.500
  21   44  900 378420 9.221155e-02 0.500
  21    6 1000 420420 9.207666e-02 0.500
  22    0    0    420 1.409852e-01 0.491
  22    8  100  42420 9.742184e-02 0.506
  22    1  200  84420 9.540177e-02 0.515
  22   11  300 126420 9.402997e-02 0.515
  22   51  400 168420 9.402598e-02 0.515
  22   77  500 210420 9.402388e-02 0.515
  22   28  600 252420 9.400226e-02 0.515
  22   13  700 294420 9.353035e-02 0.515
  22   39  800 336420 9.327040e-02 0.515
  22    2  900 378420 9.305784e-02 0.515
  22    7 1000 420420 9.300616e-02 0.515
  23    0    0    420 1.209898e-01 0.487
  23    1  100  42420 9.534224e-02 0.494
  23  101  200  84420 9.534224e-02 0.497
  23    4  300 126420 9.529878e-02 0.508
  23   86  400 168420 9.528676e-02 0.508
  23   11  500 210420 9.513111e-02 0.509
  23   69  600 252420 9.513034e-02 0.513
  23   10  700 294420 9.375138e-02 0.513
  23    5  800 336420 9.291946e-02 0.513
  23   22  900 378420 9.140331e-02 0.513
  23   10 1000 420420 9.129436e-02 0.513
  24    0    0    420 1.807840e-01 0.490
  24    4  100  42420 1.034283e-01 0.496
  24    7  200  84420 9.709186e-02 0.498
  24   52  300 126420 9.630313e-02 0.498
  24  152  400 168420 9.630313e-02 0.498
  24    1  500 210420 9.201221e-02 0.498
  24   21  600 252420 9.198924e-02 0.498
  24   14  700 294420 9.178457e-02 0.498
  24    2  800 336420 9.053462e-02 0.498
  24    0  900 378420 8.921820e-02 0.498
  24    1 1000 420420 8.477573e-02 0.498
  25    0    0    420 1.317670e-01 0.493
  25    0  100  42420 9.966128e-02 0.498
  25    3  200  84420 9.614271e-02 0.498
  25    1  300 126420 9.447283e-02 0.498
  25    1  400 168420 9.274984e-02 0.498
  25   13  500 210420 9.219685e-02 0.498
  25    4  600 252420 8.768902e-02 0.498
  25    1  700 294420 8.572113e-02 0.498
  25    0  800 336420 8.539208e-02 0.498
  25    8  900 378420 8.381372e-02 0.499
  25    1 1000 420420 8.349745e-02 0.499
  26    0    0    420 1.129606e-01 0.489
  26   60  100  42420 9.511895e-02 0.496
  26   47  200  84420 9.511626e-02 0.496
  26  147  300 126420 9.511626e-02 0.497
  26   30  400 168420 9.293364e-02 0.509
  26   37  500 210420 9.201937e-02 0.509
  26    8  600 252420 8.781346e-02 0.509
  26    0  700 294420 8.722353e-02 0.509
  26    3  800 336420 8.413843e-02 0.509
  26    1  900 378420 8.349942e-02 0.517
  26   11 1000 420420 8.346863e-02 0.517
  27    0    0    420 1.759585e-01 0.484
  27    0  100  42420 9.521059e-02 0.495
  27   41  200  84420 9.501166e-02 0.497
  27    2  300 126420 9.423148e-02 0.497
  27   13  400 168420 9.394694e-02 0.510
  27   24  500 210420 9.394458e-02 0.510
  27   61  600 252420 9.393177e-02 0.513
  27   57  700 294420 9.392926e-02 0.513
  27    6  800 336420 9.355398e-02 0.513
  27    4  900 378420 9.329566e-02 0.513
  27   42 1000 420420 9.329466e-02 0.513
  28    0    0    420 1.195930e-01 0.493
  28    1  100  42420 8.926204e-02 0.500
  28    0  200  84420 8.924701e-02 0.512
  28   26  300 126420 8.899863e-02 0.512
  28    4  400 168420 8.857647e-02 0.512
  28    0  500 210420 8.850672e-02 0.512
  28   15  600 252420 8.575806e-02 0.512
  28    3  700 294420 8.526908e-02 0.512
  28   11  800 336420 8.518297e-02 0.512
  28   20  900 378420 8.435160e-02 0.512
  28   25 1000 420420 8.412301e-02 0.512
  29    0    0    420 1.349186e-01 0.487
  29    8  100  42420 9.733056e-02 0.507
  29   17  200  84420 9.622679e-02 0.515
  29    0  300 126420 9.416652e-02 0.518
  29   43  400 168420 9.368958e-02 0.518
  29    3  500 210420 9.366139e-02 0.518
  29    2  600 252420 9.363469e-02 0.518
  29    2  700 294420 9.157409e-02 0.519
  29    2  800 336420 9.104967e-02 0.519
  29    1  900 378420 9.101658e-02 0.519
  29   11 1000 420420 9.101530e-02 0.519
