   0    0    0   1540 1.092249e-01 0.477
   0    9  100 155540 7.490502e-02 0.671
   0    8  200 309540 7.078150e-02 0.671
   0   57  300 463540 7.077071e-02 0.671
   0    1  400 617540 7.047419e-02 0.671
   0    6  500 771540 7.046258e-02 0.671
   0   10  600 925540 7.043408e-02 0.713
   0    3  700 1079540 7.041104e-02 0.713
   0    4  800 1233540 6.977076e-02 0.713
   0   13  900 1387540 6.974188e-02 0.713
   0    2 1000 1541540 6.968500e-02 0.713
   1    0    0   1540 1.110187e-01 0.347
   1    4  100 155540 7.869376e-02 0.660
   1   17  200 309540 7.840440e-02 0.660
   1   10  300 463540 7.839260e-02 0.676
   1   47  400 617540 7.839258e-02 0.678
   1   26  500 771540 7.827944e-02 0.678
   1   17  600 925540 7.822898e-02 0.715
   1    6  700 1079540 7.815640e-02 0.715
   1    7  800 1233540 7.814251e-02 0.715
   1   17  900 1387540 7.814142e-02 0.715
   1   21 1000 1541540 7.814086e-02 0.715
   2    0    0   1540 1.044660e-01 0.501
   2    7  100 155540 8.194860e-02 0.661
   2    0  200 309540 7.110269e-02 0.661
   2    3  300 463540 6.730254e-02 0.683
   2    8  400 617540 6.641449e-02 0.690
   2    3  500 771540 6.624793e-02 0.693
   2    0  600 925540 6.614102e-02 0.707
   2    3  700 1079540 6.587174e-02 0.707
   2    7  800 1233540 6.570913e-02 0.707
   2    2  900 1387540 6.114446e-02 0.707
   2   12 1000 1541540 6.079916e-02 0.707
   3    0    0   1540 1.183761e-01 0.527
   3    4  100 155540 8.050556e-02 0.750
   3    8  200 309540 8.048186e-02 0.750
   3   12  300 463540 8.017500e-02 0.750
   3    3  400 617540 8.011069e-02 0.750
   3    7  500 771540 7.963320e-02 0.750
   3    0  600 925540 7.411016e-02 0.750
   3    4  700 1079540 7.399276e-02 0.750
   3    2  800 1233540 7.395429e-02 0.750
   3    2  900 1387540 7.364370e-02 0.750
   3    1 1000 1541540 7.334373e-02 0.750
   4    0    0   1540 1.060910e-01 0.365
   4    4  100 155540 7.171530e-02 0.661
   4    3  200 309540 7.101996e-02 0.681
   4    3  300 463540 7.075458e-02 0.681
   4    2  400 617540 7.061856e-02 0.681
   4    3  500 771540 7.029941e-02 0.681
   4    2  600 925540 6.929309e-02 0.681
   4    0  700 1079540 6.914379e-02 0.683
   4    7  800 1233540 6.905367e-02 0.683
   4   20  900 1387540 6.903099e-02 0.683
   4    1 1000 1541540 6.901465e-02 0.683
   5    0    0   1540 1.108554e-01 0.533
   5    6  100 155540 7.005355e-02 0.724
   5   13  200 309540 6.962799e-02 0.724
   5    9  300 463540 6.899629e-02 0.724
   5   10  400 617540 6.679888e-02 0.724
   5    5  500 771540 5.939716e-02 0.724
   5   13  600 925540 5.851720e-02 0.724
   5   50  700 1079540 5.851342e-02 0.724
   5    7  800 1233540 5.850703e-02 0.724
   5    0  900 1387540 5.796391e-02 0.724
   5   16 1000 1541540 5.784475e-02 0.724
   6    0    0   1540 1.150772e-01 0.425
   6    0  100 155540 8.590222e-02 0.672
   6    7  200 309540 8.081433e-02 0.672
   6   21  300 463540 8.053759e-02 0.672
   6   13  400 617540 7.631763e-02 0.678
   6   23  500 771540 7.429260e-02 0.681
   6    3  600 925540 7.200054e-02 0.683
   6    5  700 1079540 7.155567e-02 0.703
   6    3  800 1233540 7.140116e-02 0.703
   6    1  900 1387540 7.130608e-02 0.703
   6    5 1000 1541540 7.125913e-02 0.703
   7    0    0   1540 1.110007e-01 0.570
   7    2  100 155540 8.073982e-02 0.740
   7    0  200 309540 8.062589e-02 0.748
   7    5  300 463540 7.444337e-02 0.748
   7   12  400 617540 7.429111e-02 0.748
   7    1  500 771540 7.428507e-02 0.748
   7    1  600 925540 7.423814e-02 0.748
   7   17  700 1079540 7.415225e-02 0.748
   7    3  800 1233540 7.379214e-02 0.748
   7    3  900 1387540 7.370542e-02 0.748
   7    4 1000 1541540 7.352636e-02 0.748
   8    0    0   1540 9.137466e-02 0.572
   8    0  100 155540 7.339475e-02 0.638
   8   11  200 309540 7.148531e-02 0.672
   8    2  300 463540 6.878985e-02 0.672
   8    0  400 617540 6.796570e-02 0.672
   8   40  500 771540 6.786928e-02 0.705
   8    9  600 925540 6.784088e-02 0.705
   8   11  700 1079540 6.631389e-02 0.705
   8   17  800 1233540 6.589016e-02 0.705
   8    5  900 1387540 6.571852e-02 0.705
   8    0 1000 1541540 6.155000e-02 0.705
   9    0    0   1540 1.000189e-01 0.503
   9    8  100 155540 6.144484e-02 0.621
   9    0  200 309540 6.061318e-02 0.688
   9   19  300 463540 5.988006e-02 0.688
   9    3  400 617540 5.965447e-02 0.688
   9    6  500 771540 5.945642e-02 0.688
   9   12  600 925540 5.935650e-02 0.688
   9    3  700 1079540 5.877350e-02 0.688
   9    1  800 1233540 5.872562e-02 0.688
   9    0  900 1387540 5.851094e-02 0.688
   9   10 1000 1541540 5.844387e-02 0.688
  10    0    0   1540 1.077268e-01 0.445
  10   13  100 155540 7.390644e-02 0.665
  10   20  200 309540 7.362252e-02 0.685
  10   33  300 463540 7.356445e-02 0.685
  10   15  400 617540 7.353896e-02 0.685
  10   12  500 771540 7.322028e-02 0.685
  10   11  600 925540 7.287782e-02 0.685
  10    0  700 1079540 7.283091e-02 0.685
  10    1  800 1233540 7.247267e-02 0.685
  10    8  900 1387540 7.229470e-02 0.685
  10    3 1000 1541540 7.203402e-02 0.685
  11    0    0   1540 1.041612e-01 0.420
  11    0  100 155540 8.211701e-02 0.669
  11    0  200 309540 8.211455e-02 0.676
  11   20  300 463540 8.211096e-02 0.676
  11   14  400 617540 8.211066e-02 0.676
  11   12  500 771540 8.211018e-02 0.676
  11   12  600 925540 7.911551e-02 0.681
  11    5  700 1079540 7.898687e-02 0.681
  11   10  800 1233540 7.890374e-02 0.698
  11    9  900 1387540 7.887626e-02 0.702
  11    1 1000 1541540 7.886730e-02 0.719
  12    0    0   1540 1.072605e-01 0.355
  12    4  100 155540 7.998724e-02 0.664
  12    3  200 309540 7.874781e-02 0.666
  12   14  300 463540 7.872196e-02 0.666
  12    7  400 617540 7.871400e-02 0.666
  12   10  500 771540 7.869132e-02 0.666
  12    1  600 925540 7.832505e-02 0.674
  12   25  700 1079540 7.832373e-02 0.674
  12   25  800 1233540 7.831506e-02 0.687
  12    5  900 1387540 7.818987e-02 0.687
  12    8 1000 1541540 7.816696e-02 0.687
  13    0    0   1540 9.913294e-02 0.387
  13    1  100 155540 7.860064e-02 0.669
  13    6  200 309540 7.390322e-02 0.669
  13    0  300 463540 7.356451e-02 0.669
  13   63  400 617540 7.351522e-02 0.669
  13    2  500 771540 7.348030e-02 0.669
  13   71  600 925540 7.345004e-02 0.669
  13    1  700 1079540 7.334670e-02 0.680
  13    3  800 1233540 7.333247e-02 0.680
  13    0  900 1387540 7.326376e-02 0.680
  13    8 1000 1541540 7.325211e-02 0.680
  14    0    0   1540 1.087968e-01 0.485
  14    4  100 155540 8.058540e-02 0.720
  14    3  200 309540 8.041141e-02 0.720
  14    6  300 463540 8.014127e-02 0.720
  14    3  400 617540 7.949644e-02 0.722
  14    1  500 771540 7.930607e-02 0.722
  14   16  600 925540 7.929375e-02 0.732
  14    0  700 1079540 7.925883e-02 0.732
  14    1  800 1233540 7.917563e-02 0.732
  14   57  900 1387540 7.916971e-02 0.732
  14    0 1000 1541540 7.913895e-02 0.732
  15    0    0   1540 1.307862e-01 0.656
  15   24  100 155540 7.584199e-02 0.696
  15    5  200 309540 7.531745e-02 0.696
  15    5  300 463540 7.531236e-02 0.696
  15   26  400 617540 7.463168e-02 0.696
  15    2  500 771540 7.447423e-02 0.700
  15    4  600 925540 7.439326e-02 0.700
  15    2  700 1079540 6.877866e-02 0.705
  15    1  800 1233540 6.721981e-02 0.705
  15   20  900 1387540 6.721653e-02 0.705
  15    4 1000 1541540 6.719315e-02 0.705
  16    0    0   1540 1.254444e-01 0.483
  16    8  100 155540 7.404221e-02 0.656
  16   24  200 309540 7.403703e-02 0.656
  16    4  300 463540 7.366257e-02 0.667
  16   25  400 617540 7.338244e-02 0.677
  16    3  500 771540 7.337877e-02 0.677
  16   16  600 925540 7.325941e-02 0.677
  16    1  700 1079540 7.323173e-02 0.677
  16   24  800 1233540 7.321559e-02 0.686
  16    5  900 1387540 7.320299e-02 0.686
  16    2 1000 1541540 7.320073e-02 0.686
  17    0    0   1540 1.131431e-01 0.434
  17    1  100 155540 8.088737e-02 0.668
  17    8  200 309540 8.087541e-02 0.668
  17   23  300 463540 7.630304e-02 0.668
  17    1  400 617540 7.243298e-02 0.668
  17    1  500 771540 7.134845e-02 0.668
  17   18  600 925540 7.097459e-02 0.668
  17    0  700 1079540 7.032213e-02 0.679
  17    1  800 1233540 6.968909e-02 0.679
  17    0  900 1387540 6.962957e-02 0.679
  17    3 1000 1541540 6.950802e-02 0.679
  18    0    0   1540 1.165998e-01 0.514
  18   14  100 155540 8.012261e-02 0.666
  18   21  200 309540 7.979300e-02 0.693
  18    5  300 463540 7.968403e-02 0.693
  18    2  400 617540 7.946667e-02 0.693
  18    3  500 771540 7.919072e-02 0.709
  18    1  600 925540 7.916824e-02 0.709
  18    0  700 1079540 7.903884e-02 0.709
  18    0  800 1233540 7.896087e-02 0.709
  18   10  900 1387540 7.883964e-02 0.709
  18   10 1000 1541540 7.880946e-02 0.736
  19    0    0   1540 1.137279e-01 0.487
  19    1  100 155540 8.169489e-02 0.663
  19    9  200 309540 8.140961e-02 0.667
  19    8  300 463540 8.127488e-02 0.700
  19   10  400 617540 8.123743e-02 0.706
  19    6  500 771540 8.123677e-02 0.706
  19   17  600 925540 8.123456e-02 0.706
  19    9  700 1079540 8.123187e-02 0.706
  19   41  800 1233540 8.122549e-02 0.706
  19    0  900 1387540 7.938744e-02 0.706
  19    0 1000 1541540 7.906660e-02 0.706
  20    0    0   1540 1.001864e-01 0.650
  20    3  100 155540 7.624657e-02 0.651
  20    2  200 309540 7.406492e-02 0.651
  20    5  300 463540 7.328693e-02 0.688
  20    9  400 617540 7.221306e-02 0.688
  20    0  500 771540 7.114463e-02 0.688
  20    8  600 925540 7.109541e-02 0.688
  20   18  700 1079540 7.099162e-02 0.688
  20   63  800 1233540 7.099094e-02 0.688
  20   18  900 1387540 7.098999e-02 0.688
  20    5 1000 1541540 7.095206e-02 0.688
  21    0    0   1540 1.006377e-01 0.463
  21    3  100 155540 7.530171e-02 0.780
  21    1  200 309540 6.849680e-02 0.780
  21    1  300 463540 6.089760e-02 0.780
  21    0  400 617540 5.753359e-02 0.780
  21    9  500 771540 5.661442e-02 0.780
  21    0  600 925540 5.525254e-02 0.780
  21    0  700 1079540 5.509348e-02 0.780
  21    6  800 1233540 5.500362e-02 0.780
  21    8  900 1387540 5.500134e-02 0.780
  21    2 1000 1541540 5.495706e-02 0.780
  22    0    0   1540 1.105943e-01 0.485
  22    1  100 155540 7.005116e-02 0.655
  22    5  200 309540 6.974910e-02 0.655
  22   17  300 463540 6.967998e-02 0.669
  22    1  400 617540 6.960355e-02 0.669
  22    1  500 771540 6.958787e-02 0.669
  22   12  600 925540 6.958613e-02 0.674
  22   22  700 1079540 6.955762e-02 0.690
  22   15  800 1233540 6.951738e-02 0.690
  22   13  900 1387540 6.950364e-02 0.690
  22    0 1000 1541540 6.939781e-02 0.690
  23    0    0   1540 1.042661e-01 0.449
  23    1  100 155540 7.373334e-02 0.662
  23    4  200 309540 7.246879e-02 0.670
  23    2  300 463540 7.193474e-02 0.676
  23    2  400 617540 7.128583e-02 0.676
  23   15  500 771540 7.124053e-02 0.676
  23    0  600 925540 7.121769e-02 0.676
  23   14  700 1079540 7.092277e-02 0.676
  23    5  800 1233540 6.993911e-02 0.676
  23    1  900 1387540 6.976535e-02 0.676
  23    3 1000 1541540 6.932548e-02 0.676
  24    0    0   1540 1.139451e-01 0.466
  24    0  100 155540 8.206049e-02 0.671
  24    1  200 309540 7.844612e-02 0.673
  24   28  300 463540 7.620977e-02 0.673
  24    8  400 617540 7.584142e-02 0.675
  24    2  500 771540 6.767032e-02 0.675
  24    2  600 925540 5.785315e-02 0.675
  24    6  700 1079540 5.536515e-02 0.675
  24   12  800 1233540 5.533318e-02 0.675
  24    0  900 1387540 5.505547e-02 0.698
  24    0 1000 1541540 5.490430e-02 0.698
  25    0    0   1540 9.028051e-02 0.485
  25    5  100 155540 7.669968e-02 0.668
  25    8  200 309540 7.642814e-02 0.668
  25   33  300 463540 7.639940e-02 0.675
  25    6  400 617540 7.596708e-02 0.676
  25    1  500 771540 7.588469e-02 0.676
  25   22  600 925540 7.586411e-02 0.703
  25    0  700 1079540 7.554032e-02 0.703
  25    0  800 1233540 7.076423e-02 0.703
  25   13  900 1387540 7.002425e-02 0.703
  25    1 1000 1541540 6.949788e-02 0.703
  26    0    0   1540 1.065926e-01 0.567
  26    7  100 155540 7.330480e-02 0.648
  26   34  200 309540 7.289637e-02 0.658
  26    1  300 463540 7.256812e-02 0.676
  26    0  400 617540 7.233670e-02 0.679
  26    6  500 771540 7.215849e-02 0.679
  26   53  600 925540 7.153189e-02 0.679
  26    1  700 1079540 7.109274e-02 0.679
  26    2  800 1233540 7.077766e-02 0.692
  26    6  900 1387540 7.075210e-02 0.692
  26    6 1000 1541540 7.056097e-02 0.692
  27    0    0   1540 1.169122e-01 0.449
  27    7  100 155540 8.341211e-02 0.719
  27    6  200 309540 7.530353e-02 0.719
  27    7  300 463540 7.426288e-02 0.719
  27    4  400 617540 7.390725e-02 0.719
  27    1  500 771540 7.377924e-02 0.719
  27    0  600 925540 7.359055e-02 0.719
  27    6  700 1079540 7.318447e-02 0.719
  27    5  800 1233540 7.312198e-02 0.719
  27    6  900 1387540 7.309658e-02 0.719
  27    3 1000 1541540 7.309021e-02 0.719
  28    0    0   1540 9.952758e-02 0.450
  28    0  100 155540 7.027221e-02 0.680
  28    6  200 309540 6.988392e-02 0.680
  28   48  300 463540 6.987300e-02 0.680
  28    0  400 617540 6.975083e-02 0.698
  28    7  500 771540 6.946353e-02 0.698
  28    1  600 925540 6.943431e-02 0.698
  28   12  700 1079540 6.924784e-02 0.698
  28    2  800 1233540 6.923990e-02 0.698
  28    1  900 1387540 6.922822e-02 0.698
  28    1 1000 1541540 6.922787e-02 0.698
  29    0    0   1540 1.011975e-01 0.337
  29    0  100 155540 7.952698e-02 0.764
  29    8  200 309540 7.952647e-02 0.764
  29   56  300 463540 7.950233e-02 0.764
  29    1  400 617540 7.947162e-02 0.764
  29   31  500 771540 7.934540e-02 0.764
  29   25  600 925540 7.933244e-02 0.764
  29    2  700 1079540 7.719605e-02 0.764
  29    0  800 1233540 7.576334e-02 0.764
  29    1  900 1387540 7.470425e-02 0.764
  29    4 1000 1541540 7.331837e-02 0.764
