   0    0    0    420 4.941176e-01 0.609
   0    2  100  42420 1.895797e-01 0.609
   0    0  200  84420 1.811381e-01 0.617
   0    1  300 126420 1.756599e-01 0.617
   0    0  400 168420 1.749654e-01 0.630
   0   28  500 210420 1.737928e-01 0.647
   0    7  600 252420 1.733778e-01 0.662
   0   13  700 294420 1.733250e-01 0.662
   0    0  800 336420 1.732014e-01 0.662
   0   38  900 378420 1.730639e-01 0.672
   0    8 1000 420420 1.730588e-01 0.672
   1    0    0    420 4.634013e-01 0.601
   1    9  100  42420 1.939207e-01 0.616
   1    0  200  84420 1.856889e-01 0.641
   1   21  300 126420 1.790752e-01 0.641
   1   10  400 168420 1.778647e-01 0.641
   1    3  500 210420 1.776325e-01 0.664
   1   16  600 252420 1.744757e-01 0.664
   1   26  700 294420 1.742258e-01 0.664
   1   36  800 336420 1.741975e-01 0.664
   1    0  900 378420 1.738718e-01 0.664
   1    3 1000 420420 1.736651e-01 0.664
   2    0    0    420 4.574237e-01 0.604
   2    2  100  42420 1.937698e-01 0.606
   2   18  200  84420 1.890672e-01 0.641
   2    1  300 126420 1.845239e-01 0.641
   2   13  400 168420 1.841933e-01 0.662
   2    3  500 210420 1.815029e-01 0.662
   2    1  600 252420 1.757297e-01 0.662
   2    3  700 294420 1.744854e-01 0.698
   2    2  800 336420 1.740139e-01 0.698
   2    0  900 378420 1.734162e-01 0.698
   2    6 1000 420420 1.733169e-01 0.698
   3    0    0    420 5.447276e-01 0.604
   3    3  100  42420 1.836131e-01 0.670
   3    8  200  84420 1.800262e-01 0.670
   3    8  300 126420 1.770181e-01 0.670
   3    7  400 168420 1.766596e-01 0.684
   3   22  500 210420 1.766447e-01 0.684
   3    9  600 252420 1.762711e-01 0.684
   3    4  700 294420 1.762458e-01 0.684
   3   13  800 336420 1.758480e-01 0.684
   3    0  900 378420 1.737229e-01 0.684
   3   14 1000 420420 1.731463e-01 0.684
   4    0    0    420 4.463250e-01 0.602
   4   13  100  42420 2.572431e-01 0.603
   4   29  200  84420 1.749271e-01 0.605
   4   21  300 126420 1.747814e-01 0.638
   4    5  400 168420 1.745407e-01 0.638
   4   66  500 210420 1.744654e-01 0.690
   4    5  600 252420 1.741320e-01 0.690
   4    0  700 294420 1.740927e-01 0.690
   4   12  800 336420 1.731042e-01 0.690
   4    3  900 378420 1.730709e-01 0.690
   4   18 1000 420420 1.730137e-01 0.695
   5    0    0    420 3.541573e-01 0.594
   5   51  100  42420 1.767155e-01 0.671
   5    4  200  84420 1.758438e-01 0.671
   5    1  300 126420 1.752581e-01 0.671
   5    0  400 168420 1.742485e-01 0.671
   5    7  500 210420 1.741823e-01 0.671
   5    4  600 252420 1.732985e-01 0.671
   5   13  700 294420 1.731440e-01 0.732
   5   43  800 336420 1.731411e-01 0.732
   5   10  900 378420 1.731149e-01 0.732
   5   22 1000 420420 1.731097e-01 0.732
   6    0    0    420 4.412837e-01 0.605
   6    1  100  42420 2.031730e-01 0.606
   6    3  200  84420 1.835695e-01 0.610
   6   12  300 126420 1.823626e-01 0.622
   6    1  400 168420 1.767966e-01 0.636
   6   35  500 210420 1.755552e-01 0.636
   6    0  600 252420 1.752956e-01 0.637
   6   23  700 294420 1.748153e-01 0.643
   6    9  800 336420 1.741432e-01 0.643
   6   10  900 378420 1.741079e-01 0.643
   6    0 1000 420420 1.733078e-01 0.643
   7    0    0    420 4.807300e-01 0.605
   7    2  100  42420 2.631501e-01 0.605
   7    0  200  84420 2.119842e-01 0.605
   7   17  300 126420 1.768557e-01 0.642
   7   46  400 168420 1.733543e-01 0.657
   7    9  500 210420 1.732593e-01 0.657
   7   34  600 252420 1.732188e-01 0.695
   7   14  700 294420 1.730723e-01 0.695
   7   29  800 336420 1.729887e-01 0.695
   7    9  900 378420 1.729644e-01 0.695
   7   28 1000 420420 1.729317e-01 0.695
   8    0    0    420 5.446015e-01 0.590
   8    0  100  42420 1.852244e-01 0.605
   8   57  200  84420 1.820478e-01 0.611
   8    5  300 126420 1.817557e-01 0.635
   8   18  400 168420 1.797288e-01 0.635
   8    4  500 210420 1.791438e-01 0.699
   8    1  600 252420 1.758447e-01 0.699
   8    0  700 294420 1.751763e-01 0.699
   8    1  800 336420 1.730559e-01 0.699
   8    2  900 378420 1.730000e-01 0.699
   8   12 1000 420420 1.729395e-01 0.699
   9    0    0    420 5.015599e-01 0.603
   9   26  100  42420 2.205746e-01 0.606
   9    8  200  84420 2.191455e-01 0.606
   9    1  300 126420 1.784189e-01 0.610
   9    2  400 168420 1.740138e-01 0.616
   9   49  500 210420 1.734431e-01 0.616
   9   53  600 252420 1.734159e-01 0.648
   9    8  700 294420 1.733085e-01 0.648
   9    8  800 336420 1.733016e-01 0.648
   9   14  900 378420 1.731397e-01 0.648
   9   13 1000 420420 1.730987e-01 0.648
  10    0    0    420 4.839103e-01 0.594
  10    1  100  42420 1.906215e-01 0.605
  10    0  200  84420 1.814920e-01 0.606
  10   10  300 126420 1.761829e-01 0.628
  10    1  400 168420 1.755309e-01 0.685
  10    5  500 210420 1.751369e-01 0.685
  10    8  600 252420 1.743269e-01 0.685
  10    7  700 294420 1.740279e-01 0.685
  10    5  800 336420 1.734073e-01 0.685
  10   14  900 378420 1.732510e-01 0.694
  10    3 1000 420420 1.731807e-01 0.694
  11    0    0    420 3.275252e-01 0.605
  11    4  100  42420 1.939350e-01 0.624
  11   19  200  84420 1.731975e-01 0.627
  11   35  300 126420 1.731160e-01 0.687
  11   64  400 168420 1.731013e-01 0.687
  11   32  500 210420 1.730888e-01 0.687
  11   16  600 252420 1.730829e-01 0.692
  11   62  700 294420 1.730819e-01 0.692
  11   15  800 336420 1.729897e-01 0.692
  11  115  900 378420 1.729897e-01 0.692
  11   17 1000 420420 1.729839e-01 0.692
  12    0    0    420 4.443621e-01 0.602
  12    0  100  42420 2.009187e-01 0.644
  12    3  200  84420 1.957541e-01 0.644
  12    1  300 126420 1.908629e-01 0.644
  12    1  400 168420 1.846338e-01 0.644
  12    1  500 210420 1.832565e-01 0.661
  12    0  600 252420 1.738851e-01 0.664
  12   58  700 294420 1.735075e-01 0.664
  12    3  800 336420 1.733829e-01 0.664
  12    0  900 378420 1.732775e-01 0.683
  12    4 1000 420420 1.730373e-01 0.683
  13    0    0    420 3.740894e-01 0.604
  13    1  100  42420 1.983053e-01 0.607
  13   40  200  84420 1.789671e-01 0.648
  13   13  300 126420 1.740042e-01 0.679
  13   22  400 168420 1.739450e-01 0.679
  13   18  500 210420 1.738795e-01 0.679
  13   45  600 252420 1.732138e-01 0.679
  13   12  700 294420 1.731409e-01 0.704
  13   11  800 336420 1.731329e-01 0.704
  13    2  900 378420 1.731109e-01 0.704
  13    6 1000 420420 1.730886e-01 0.704
  14    0    0    420 3.870441e-01 0.602
  14    1  100  42420 1.942375e-01 0.605
  14    8  200  84420 1.877268e-01 0.662
  14   16  300 126420 1.869312e-01 0.662
  14    3  400 168420 1.773065e-01 0.662
  14   12  500 210420 1.772018e-01 0.662
  14    1  600 252420 1.735362e-01 0.662
  14    2  700 294420 1.735053e-01 0.662
  14    1  800 336420 1.730321e-01 0.671
  14    9  900 378420 1.729509e-01 0.671
  14    4 1000 420420 1.729260e-01 0.671
  15    0    0    420 4.357357e-01 0.606
  15    4  100  42420 1.937548e-01 0.606
  15   11  200  84420 1.764058e-01 0.647
  15   12  300 126420 1.747246e-01 0.647
  15    1  400 168420 1.744346e-01 0.651
  15   54  500 210420 1.744081e-01 0.651
  15   46  600 252420 1.743558e-01 0.651
  15   18  700 294420 1.742771e-01 0.651
  15   11  800 336420 1.741592e-01 0.651
  15    2  900 378420 1.730394e-01 0.658
  15   16 1000 420420 1.730306e-01 0.658
  16    0    0    420 5.286438e-01 0.590
  16    7  100  42420 2.048657e-01 0.605
  16    4  200  84420 1.762909e-01 0.658
  16   31  300 126420 1.755026e-01 0.658
  16    0  400 168420 1.744080e-01 0.658
  16   49  500 210420 1.735926e-01 0.697
  16   24  600 252420 1.734491e-01 0.697
  16    3  700 294420 1.731477e-01 0.697
  16    5  800 336420 1.730981e-01 0.697
  16    9  900 378420 1.729950e-01 0.697
  16   15 1000 420420 1.729732e-01 0.697
  17    0    0    420 4.459782e-01 0.571
  17   40  100  42420 1.773387e-01 0.606
  17   39  200  84420 1.769528e-01 0.614
  17   37  300 126420 1.769359e-01 0.614
  17   18  400 168420 1.756247e-01 0.614
  17   10  500 210420 1.753353e-01 0.662
  17   34  600 252420 1.751066e-01 0.662
  17    8  700 294420 1.747305e-01 0.662
  17   18  800 336420 1.747302e-01 0.662
  17    1  900 378420 1.741880e-01 0.662
  17   31 1000 420420 1.732002e-01 0.662
  18    0    0    420 4.727215e-01 0.607
  18    9  100  42420 1.792102e-01 0.619
  18   44  200  84420 1.790538e-01 0.619
  18   42  300 126420 1.743680e-01 0.638
  18   14  400 168420 1.729755e-01 0.649
  18    8  500 210420 1.729545e-01 0.649
  18   49  600 252420 1.729501e-01 0.649
  18   26  700 294420 1.729397e-01 0.649
  18   26  800 336420 1.729368e-01 0.649
  18   84  900 378420 1.729361e-01 0.660
  18    3 1000 420420 1.729119e-01 0.660
  19    0    0    420 4.167877e-01 0.601
  19    1  100  42420 1.819215e-01 0.610
  19    5  200  84420 1.806902e-01 0.610
  19    2  300 126420 1.787482e-01 0.612
  19   11  400 168420 1.751827e-01 0.613
  19   18  500 210420 1.746455e-01 0.616
  19    8  600 252420 1.744470e-01 0.637
  19    6  700 294420 1.742789e-01 0.637
  19    5  800 336420 1.740085e-01 0.637
  19   14  900 378420 1.732979e-01 0.681
  19    2 1000 420420 1.730193e-01 0.681
  20    0    0    420 4.104590e-01 0.601
  20    0  100  42420 1.765971e-01 0.619
  20    1  200  84420 1.746553e-01 0.619
  20    2  300 126420 1.742711e-01 0.623
  20   12  400 168420 1.738851e-01 0.623
  20    3  500 210420 1.738607e-01 0.645
  20   15  600 252420 1.734513e-01 0.645
  20    2  700 294420 1.734063e-01 0.651
  20    5  800 336420 1.732818e-01 0.651
  20   34  900 378420 1.732464e-01 0.651
  20    5 1000 420420 1.731196e-01 0.651
  21    0    0    420 4.693487e-01 0.606
  21    6  100  42420 2.444205e-01 0.607
  21    3  200  84420 1.791595e-01 0.632
  21   11  300 126420 1.789447e-01 0.670
  21    3  400 168420 1.773908e-01 0.670
  21    4  500 210420 1.736190e-01 0.670
  21    5  600 252420 1.735080e-01 0.670
  21   38  700 294420 1.735011e-01 0.670
  21    2  800 336420 1.731013e-01 0.705
  21    5  900 378420 1.730664e-01 0.705
  21    3 1000 420420 1.730508e-01 0.705
  22    0    0    420 5.204510e-01 0.605
  22    7  100  42420 1.822707e-01 0.605
  22   10  200  84420 1.768629e-01 0.677
  22   89  300 126420 1.768195e-01 0.677
  22   16  400 168420 1.756108e-01 0.677
  22    7  500 210420 1.753817e-01 0.677
  22    9  600 252420 1.753105e-01 0.677
  22   32  700 294420 1.733525e-01 0.679
  22   62  800 336420 1.733099e-01 0.679
  22    5  900 378420 1.732541e-01 0.679
  22    0 1000 420420 1.731741e-01 0.694
  23    0    0    420 3.409248e-01 0.599
  23    3  100  42420 1.864522e-01 0.630
  23   22  200  84420 1.864337e-01 0.630
  23    0  300 126420 1.801836e-01 0.668
  23   14  400 168420 1.755757e-01 0.668
  23    2  500 210420 1.753574e-01 0.668
  23   33  600 252420 1.731793e-01 0.668
  23   13  700 294420 1.731475e-01 0.678
  23    7  800 336420 1.731416e-01 0.678
  23   15  900 378420 1.731362e-01 0.678
  23   20 1000 420420 1.729730e-01 0.678
  24    0    0    420 4.976502e-01 0.594
  24    6  100  42420 2.231574e-01 0.607
  24    4  200  84420 1.825622e-01 0.607
  24   37  300 126420 1.750765e-01 0.607
  24    0  400 168420 1.750765e-01 0.614
  24   29  500 210420 1.747484e-01 0.614
  24    2  600 252420 1.744963e-01 0.635
  24   47  700 294420 1.736380e-01 0.650
  24    6  800 336420 1.733830e-01 0.665
  24   11  900 378420 1.732957e-01 0.665
  24   16 1000 420420 1.731667e-01 0.665
  25    0    0    420 4.691912e-01 0.590
  25    1  100  42420 1.816561e-01 0.624
  25   22  200  84420 1.783446e-01 0.636
  25    1  300 126420 1.778938e-01 0.636
  25   18  400 168420 1.768826e-01 0.636
  25   14  500 210420 1.766772e-01 0.636
  25   15  600 252420 1.766388e-01 0.690
  25    3  700 294420 1.738856e-01 0.690
  25    0  800 336420 1.732091e-01 0.690
  25    1  900 378420 1.731202e-01 0.690
  25    8 1000 420420 1.730808e-01 0.690
  26    0    0    420 4.876093e-01 0.604
  26    0  100  42420 1.979353e-01 0.604
  26    0  200  84420 1.739004e-01 0.637
  26   16  300 126420 1.731043e-01 0.637
  26    4  400 168420 1.730779e-01 0.637
  26   27  500 210420 1.730527e-01 0.637
  26   42  600 252420 1.730501e-01 0.638
  26    4  700 294420 1.729566e-01 0.638
  26    5  800 336420 1.729529e-01 0.676
  26   24  900 378420 1.729487e-01 0.676
  26   84 1000 420420 1.729473e-01 0.676
  27    0    0    420 4.284349e-01 0.603
  27    0  100  42420 2.148592e-01 0.605
  27   23  200  84420 1.766298e-01 0.636
  27   20  300 126420 1.764330e-01 0.636
  27    4  400 168420 1.763589e-01 0.639
  27   42  500 210420 1.747832e-01 0.657
  27   93  600 252420 1.747816e-01 0.660
  27    1  700 294420 1.743715e-01 0.660
  27    1  800 336420 1.743658e-01 0.660
  27   42  900 378420 1.741574e-01 0.683
  27    0 1000 420420 1.739827e-01 0.683
  28    0    0    420 4.656209e-01 0.605
  28    2  100  42420 1.882084e-01 0.638
  28   10  200  84420 1.856653e-01 0.638
  28    5  300 126420 1.772784e-01 0.638
  28    9  400 168420 1.765407e-01 0.638
  28   31  500 210420 1.765329e-01 0.639
  28   33  600 252420 1.763857e-01 0.644
  28   19  700 294420 1.763016e-01 0.645
  28    2  800 336420 1.761289e-01 0.645
  28   17  900 378420 1.759644e-01 0.645
  28    0 1000 420420 1.756228e-01 0.645
  29    0    0    420 5.130603e-01 0.604
  29    9  100  42420 1.941217e-01 0.605
  29   15  200  84420 1.900453e-01 0.632
  29    4  300 126420 1.777584e-01 0.644
  29   20  400 168420 1.777200e-01 0.644
  29    5  500 210420 1.769328e-01 0.644
  29    8  600 252420 1.769256e-01 0.644
  29   24  700 294420 1.768997e-01 0.644
  29   18  800 336420 1.766166e-01 0.644
  29    6  900 378420 1.761370e-01 0.644
  29    4 1000 420420 1.761077e-01 0.644
