   0    0    0   1540 2.158627e-01 0.233
   0    3  100 155540 1.218546e-01 0.691
   0   17  200 309540 1.123116e-01 0.691
   0   14  300 463540 1.117052e-01 0.691
   0   11  400 617540 1.110306e-01 0.691
   0   26  500 771540 1.110284e-01 0.691
   0  126  600 925540 1.110284e-01 0.691
   0    8  700 1079540 1.106241e-01 0.691
   0   29  800 1233540 1.105150e-01 0.691
   0    3  900 1387540 1.105009e-01 0.691
   0    3 1000 1541540 1.102657e-01 0.691
   1    0    0   1540 2.263505e-01 0.296
   1    4  100 155540 1.182427e-01 0.588
   1    0  200 309540 1.135947e-01 0.593
   1    3  300 463540 1.124788e-01 0.593
   1   21  400 617540 1.123869e-01 0.593
   1   10  500 771540 1.116698e-01 0.593
   1    0  600 925540 1.108474e-01 0.593
   1    0  700 1079540 1.100754e-01 0.593
   1    1  800 1233540 1.099870e-01 0.593
   1    4  900 1387540 1.096801e-01 0.593
   1    2 1000 1541540 1.095522e-01 0.599
   2    0    0   1540 2.157440e-01 0.310
   2   10  100 155540 1.567160e-01 0.612
   2   16  200 309540 1.262290e-01 0.612
   2   76  300 463540 1.254536e-01 0.612
   2   37  400 617540 1.236254e-01 0.612
   2   27  500 771540 1.230021e-01 0.612
   2    2  600 925540 1.229454e-01 0.612
   2   12  700 1079540 1.227942e-01 0.612
   2   38  800 1233540 1.227210e-01 0.612
   2   10  900 1387540 1.226986e-01 0.612
   2    6 1000 1541540 1.226317e-01 0.612
   3    0    0   1540 2.174517e-01 0.319
   3    9  100 155540 1.426159e-01 0.628
   3    3  200 309540 1.424944e-01 0.628
   3    2  300 463540 1.424518e-01 0.628
   3   52  400 617540 1.423042e-01 0.661
   3   55  500 771540 1.423010e-01 0.661
   3    5  600 925540 1.422807e-01 0.661
   3    7  700 1079540 1.422787e-01 0.661
   3   21  800 1233540 1.419661e-01 0.661
   3   10  900 1387540 1.419211e-01 0.674
   3    3 1000 1541540 1.419131e-01 0.674
   4    0    0   1540 2.253304e-01 0.319
   4    1  100 155540 1.258603e-01 0.610
   4    7  200 309540 1.127791e-01 0.618
   4   18  300 463540 1.116137e-01 0.618
   4    0  400 617540 1.100820e-01 0.627
   4    0  500 771540 1.094190e-01 0.627
   4    3  600 925540 1.090751e-01 0.627
   4   12  700 1079540 1.079744e-01 0.631
   4   10  800 1233540 1.078532e-01 0.631
   4   12  900 1387540 1.077957e-01 0.631
   4    1 1000 1541540 1.076763e-01 0.635
   5    0    0   1540 2.039870e-01 0.318
   5    2  100 155540 1.246807e-01 0.622
   5    0  200 309540 1.240350e-01 0.622
   5    4  300 463540 1.137023e-01 0.622
   5    8  400 617540 1.092835e-01 0.622
   5   11  500 771540 1.085360e-01 0.622
   5    3  600 925540 1.084448e-01 0.622
   5    4  700 1079540 1.076210e-01 0.633
   5   16  800 1233540 1.075998e-01 0.633
   5    5  900 1387540 1.075920e-01 0.633
   5    3 1000 1541540 1.075886e-01 0.633
   6    0    0   1540 2.272612e-01 0.280
   6   11  100 155540 1.507825e-01 0.530
   6    1  200 309540 1.434333e-01 0.530
   6    3  300 463540 1.433585e-01 0.630
   6   57  400 617540 1.429024e-01 0.630
   6    3  500 771540 1.415404e-01 0.630
   6   18  600 925540 1.413106e-01 0.630
   6    1  700 1079540 1.362463e-01 0.630
   6    2  800 1233540 1.350953e-01 0.630
   6   13  900 1387540 1.349954e-01 0.663
   6    1 1000 1541540 1.349895e-01 0.663
   7    0    0   1540 2.483110e-01 0.416
   7   10  100 155540 1.942102e-01 0.614
   7    2  200 309540 1.285354e-01 0.614
   7    0  300 463540 1.261250e-01 0.614
   7    6  400 617540 1.233842e-01 0.614
   7   15  500 771540 1.233635e-01 0.614
   7    9  600 925540 1.231754e-01 0.614
   7    0  700 1079540 1.223924e-01 0.639
   7    1  800 1233540 1.213340e-01 0.648
   7    5  900 1387540 1.211724e-01 0.648
   7    0 1000 1541540 1.202986e-01 0.648
   8    0    0   1540 2.302011e-01 0.450
   8   14  100 155540 1.466525e-01 0.616
   8   28  200 309540 1.462155e-01 0.616
   8   35  300 463540 1.457947e-01 0.653
   8   26  400 617540 1.457362e-01 0.653
   8    5  500 771540 1.454382e-01 0.653
   8    1  600 925540 1.433679e-01 0.653
   8    0  700 1079540 1.426280e-01 0.653
   8    5  800 1233540 1.407847e-01 0.653
   8    1  900 1387540 1.305252e-01 0.653
   8    0 1000 1541540 1.248326e-01 0.653
   9    0    0   1540 2.382952e-01 0.388
   9   15  100 155540 1.340844e-01 0.635
   9   13  200 309540 1.319282e-01 0.635
   9   12  300 463540 1.314435e-01 0.635
   9    8  400 617540 1.287828e-01 0.635
   9    3  500 771540 1.280212e-01 0.635
   9    0  600 925540 1.269535e-01 0.635
   9    2  700 1079540 1.245447e-01 0.635
   9    3  800 1233540 1.243867e-01 0.635
   9    9  900 1387540 1.243444e-01 0.635
   9   17 1000 1541540 1.240305e-01 0.635
  10    0    0   1540 2.240793e-01 0.356
  10    4  100 155540 1.257094e-01 0.594
  10    0  200 309540 1.253110e-01 0.594
  10    3  300 463540 1.251770e-01 0.598
  10   16  400 617540 1.250399e-01 0.608
  10   58  500 771540 1.250129e-01 0.608
  10   10  600 925540 1.238012e-01 0.608
  10    6  700 1079540 1.237876e-01 0.608
  10   13  800 1233540 1.237097e-01 0.608
  10    2  900 1387540 1.236926e-01 0.608
  10    3 1000 1541540 1.234557e-01 0.608
  11    0    0   1540 2.302994e-01 0.493
  11    2  100 155540 1.219563e-01 0.550
  11   14  200 309540 1.197394e-01 0.607
  11   37  300 463540 1.197237e-01 0.607
  11    9  400 617540 1.187037e-01 0.607
  11    2  500 771540 1.108455e-01 0.607
  11   21  600 925540 1.093187e-01 0.607
  11   25  700 1079540 1.091499e-01 0.607
  11    2  800 1233540 1.090651e-01 0.607
  11    0  900 1387540 1.084776e-01 0.607
  11   21 1000 1541540 1.084566e-01 0.607
  12    0    0   1540 2.299310e-01 0.446
  12    7  100 155540 1.580947e-01 0.587
  12    1  200 309540 1.473325e-01 0.632
  12    3  300 463540 1.451448e-01 0.661
  12    6  400 617540 1.376485e-01 0.661
  12    0  500 771540 1.359468e-01 0.661
  12    2  600 925540 1.351729e-01 0.661
  12    1  700 1079540 1.338968e-01 0.661
  12    0  800 1233540 1.315005e-01 0.661
  12    0  900 1387540 1.293495e-01 0.678
  12    5 1000 1541540 1.279043e-01 0.678
  13    0    0   1540 2.614262e-01 0.289
  13    1  100 155540 1.510003e-01 0.615
  13    5  200 309540 1.491502e-01 0.638
  13    1  300 463540 1.490585e-01 0.638
  13    0  400 617540 1.245820e-01 0.638
  13    0  500 771540 1.238186e-01 0.641
  13    0  600 925540 1.219698e-01 0.641
  13   48  700 1079540 1.206766e-01 0.641
  13    0  800 1233540 1.203674e-01 0.641
  13    5  900 1387540 1.203098e-01 0.641
  13    0 1000 1541540 1.201856e-01 0.641
  14    0    0   1540 2.201241e-01 0.238
  14    1  100 155540 1.507126e-01 0.600
  14   14  200 309540 1.464187e-01 0.600
  14    5  300 463540 1.417569e-01 0.603
  14   11  400 617540 1.407419e-01 0.603
  14   41  500 771540 1.405209e-01 0.603
  14    0  600 925540 1.405162e-01 0.644
  14   42  700 1079540 1.405007e-01 0.644
  14    1  800 1233540 1.404843e-01 0.644
  14    9  900 1387540 1.385854e-01 0.644
  14    5 1000 1541540 1.385394e-01 0.644
  15    0    0   1540 2.368626e-01 0.530
  15    2  100 155540 1.320465e-01 0.593
  15    1  200 309540 1.253035e-01 0.624
  15    2  300 463540 1.154700e-01 0.624
  15    3  400 617540 1.133399e-01 0.624
  15   15  500 771540 1.109686e-01 0.624
  15    5  600 925540 1.108967e-01 0.624
  15   24  700 1079540 1.108159e-01 0.624
  15    0  800 1233540 1.105980e-01 0.624
  15    1  900 1387540 1.105453e-01 0.624
  15    1 1000 1541540 1.103537e-01 0.624
  16    0    0   1540 2.467597e-01 0.363
  16    1  100 155540 1.328121e-01 0.626
  16    0  200 309540 1.301271e-01 0.628
  16    6  300 463540 1.271216e-01 0.628
  16    3  400 617540 1.269562e-01 0.628
  16    3  500 771540 1.267473e-01 0.628
  16   13  600 925540 1.264564e-01 0.628
  16    5  700 1079540 1.237056e-01 0.632
  16    1  800 1233540 1.219943e-01 0.632
  16    5  900 1387540 1.201514e-01 0.632
  16    6 1000 1541540 1.195893e-01 0.632
  17    0    0   1540 2.257110e-01 0.429
  17    3  100 155540 1.491581e-01 0.658
  17    6  200 309540 1.484310e-01 0.658
  17   17  300 463540 1.446002e-01 0.658
  17    3  400 617540 1.443660e-01 0.658
  17    4  500 771540 1.440616e-01 0.658
  17   23  600 925540 1.440391e-01 0.658
  17   21  700 1079540 1.438939e-01 0.658
  17    0  800 1233540 1.437533e-01 0.658
  17    2  900 1387540 1.435699e-01 0.658
  17    1 1000 1541540 1.397330e-01 0.658
  18    0    0   1540 2.050576e-01 0.283
  18    2  100 155540 1.328974e-01 0.644
  18    2  200 309540 1.274531e-01 0.644
  18   22  300 463540 1.239127e-01 0.644
  18    4  400 617540 1.221479e-01 0.644
  18   15  500 771540 1.202581e-01 0.644
  18   21  600 925540 1.199053e-01 0.644
  18    0  700 1079540 1.190261e-01 0.644
  18    1  800 1233540 1.179595e-01 0.644
  18    0  900 1387540 1.087290e-01 0.644
  18   37 1000 1541540 1.085027e-01 0.644
  19    0    0   1540 2.802544e-01 0.386
  19    9  100 155540 1.877715e-01 0.645
  19    0  200 309540 1.396920e-01 0.689
  19    0  300 463540 1.373903e-01 0.689
  19   28  400 617540 1.088077e-01 0.689
  19    7  500 771540 1.086588e-01 0.689
  19    3  600 925540 1.086227e-01 0.689
  19   43  700 1079540 1.086081e-01 0.689
  19    9  800 1233540 1.084566e-01 0.689
  19    3  900 1387540 1.083510e-01 0.689
  19    1 1000 1541540 1.083000e-01 0.689
  20    0    0   1540 2.235441e-01 0.339
  20    0  100 155540 1.336933e-01 0.627
  20   16  200 309540 1.331300e-01 0.627
  20   17  300 463540 1.321106e-01 0.627
  20   10  400 617540 1.311955e-01 0.629
  20    4  500 771540 1.310037e-01 0.639
  20    0  600 925540 1.302631e-01 0.639
  20    1  700 1079540 1.278753e-01 0.639
  20    0  800 1233540 1.269540e-01 0.649
  20    0  900 1387540 1.268736e-01 0.649
  20    3 1000 1541540 1.267933e-01 0.668
  21    0    0   1540 2.260191e-01 0.286
  21    1  100 155540 1.566412e-01 0.626
  21    4  200 309540 1.187028e-01 0.630
  21    8  300 463540 1.167491e-01 0.630
  21   53  400 617540 1.159036e-01 0.630
  21    5  500 771540 1.140181e-01 0.630
  21    6  600 925540 1.135662e-01 0.630
  21    1  700 1079540 1.135137e-01 0.630
  21    0  800 1233540 1.133808e-01 0.630
  21   26  900 1387540 1.133213e-01 0.630
  21    2 1000 1541540 1.128586e-01 0.630
  22    0    0   1540 2.192689e-01 0.375
  22    0  100 155540 1.366108e-01 0.589
  22    2  200 309540 1.258462e-01 0.593
  22   10  300 463540 1.256498e-01 0.593
  22   22  400 617540 1.241227e-01 0.593
  22   13  500 771540 1.214796e-01 0.593
  22   16  600 925540 1.201188e-01 0.593
  22    2  700 1079540 1.200367e-01 0.593
  22   18  800 1233540 1.200251e-01 0.593
  22    1  900 1387540 1.192892e-01 0.593
  22    0 1000 1541540 1.187811e-01 0.593
  23    0    0   1540 2.315259e-01 0.172
  23    9  100 155540 1.153997e-01 0.634
  23    1  200 309540 1.142076e-01 0.634
  23    3  300 463540 1.136298e-01 0.634
  23    0  400 617540 1.131211e-01 0.634
  23    6  500 771540 1.118402e-01 0.634
  23    1  600 925540 1.108047e-01 0.661
  23    0  700 1079540 1.093946e-01 0.661
  23   11  800 1233540 1.093467e-01 0.661
  23   61  900 1387540 1.093261e-01 0.661
  23    0 1000 1541540 1.090060e-01 0.661
  24    0    0   1540 1.695588e-01 0.215
  24   19  100 155540 1.398540e-01 0.651
  24    0  200 309540 1.395698e-01 0.651
  24    6  300 463540 1.317907e-01 0.651
  24    6  400 617540 1.315479e-01 0.651
  24    4  500 771540 1.308122e-01 0.664
  24    2  600 925540 1.307429e-01 0.667
  24    7  700 1079540 1.306356e-01 0.667
  24    1  800 1233540 1.304148e-01 0.667
  24    5  900 1387540 1.303836e-01 0.667
  24    2 1000 1541540 1.303587e-01 0.667
  25    0    0   1540 2.282055e-01 0.275
  25    2  100 155540 1.423140e-01 0.608
  25    1  200 309540 1.421855e-01 0.640
  25   21  300 463540 1.420689e-01 0.640
  25    4  400 617540 1.416091e-01 0.640
  25    5  500 771540 1.415285e-01 0.641
  25   44  600 925540 1.415217e-01 0.641
  25   11  700 1079540 1.389782e-01 0.641
  25    1  800 1233540 1.386735e-01 0.641
  25   20  900 1387540 1.385432e-01 0.641
  25    5 1000 1541540 1.385238e-01 0.641
  26    0    0   1540 2.164421e-01 0.381
  26    0  100 155540 1.440795e-01 0.661
  26    1  200 309540 1.327522e-01 0.661
  26    3  300 463540 1.310077e-01 0.661
  26    6  400 617540 1.296959e-01 0.661
  26   13  500 771540 1.285044e-01 0.661
  26    2  600 925540 1.273408e-01 0.661
  26   18  700 1079540 1.271702e-01 0.661
  26   15  800 1233540 1.269545e-01 0.661
  26    2  900 1387540 1.264560e-01 0.661
  26    5 1000 1541540 1.255223e-01 0.661
  27    0    0   1540 2.276982e-01 0.447
  27    2  100 155540 1.295542e-01 0.573
  27    1  200 309540 1.277167e-01 0.626
  27    4  300 463540 1.273684e-01 0.626
  27    5  400 617540 1.265499e-01 0.626
  27    9  500 771540 1.263745e-01 0.626
  27   13  600 925540 1.252354e-01 0.626
  27    3  700 1079540 1.246738e-01 0.626
  27    5  800 1233540 1.197589e-01 0.626
  27    8  900 1387540 1.196505e-01 0.652
  27   11 1000 1541540 1.095444e-01 0.652
  28    0    0   1540 2.433287e-01 0.288
  28    1  100 155540 1.258839e-01 0.651
  28    1  200 309540 1.194463e-01 0.651
  28   17  300 463540 1.193795e-01 0.651
  28   23  400 617540 1.170845e-01 0.651
  28   35  500 771540 1.170794e-01 0.651
  28   38  600 925540 1.170774e-01 0.651
  28   42  700 1079540 1.170718e-01 0.651
  28   10  800 1233540 1.170687e-01 0.651
  28    1  900 1387540 1.167360e-01 0.651
  28    7 1000 1541540 1.164989e-01 0.651
  29    0    0   1540 2.248612e-01 0.373
  29    2  100 155540 1.353934e-01 0.650
  29    0  200 309540 1.219852e-01 0.650
  29    6  300 463540 1.141132e-01 0.650
  29   45  400 617540 1.127748e-01 0.650
  29    3  500 771540 1.126329e-01 0.650
  29    0  600 925540 1.124996e-01 0.650
  29    0  700 1079540 1.117618e-01 0.650
  29   39  800 1233540 1.116848e-01 0.650
  29    5  900 1387540 1.110756e-01 0.650
  29   19 1000 1541540 1.110477e-01 0.650
