   0    0    0    420 2.067778e-01 0.760
   0    1  100  42420 1.194126e-01 0.896
   0    1  200  84420 1.138223e-01 0.911
   0    1  300 126420 1.105473e-01 0.911
   0    9  400 168420 1.096441e-01 0.916
   0   51  500 210420 1.095298e-01 0.917
   0   12  600 252420 1.093235e-01 0.920
   0    5  700 294420 1.076178e-01 0.920
   0    0  800 336420 1.070199e-01 0.920
   0   11  900 378420 1.069114e-01 0.920
   0   13 1000 420420 1.067733e-01 0.920
   1    0    0    420 2.021488e-01 0.757
   1   14  100  42420 1.214706e-01 0.900
   1    0  200  84420 1.167516e-01 0.900
   1    5  300 126420 1.126668e-01 0.918
   1   60  400 168420 1.126287e-01 0.918
   1    0  500 210420 1.097062e-01 0.918
   1    1  600 252420 1.096268e-01 0.918
   1   11  700 294420 1.093726e-01 0.918
   1   10  800 336420 1.087661e-01 0.918
   1    5  900 378420 1.074942e-01 0.918
   1    0 1000 420420 1.069949e-01 0.918
   2    0    0    420 2.092503e-01 0.782
   2    0  100  42420 1.140449e-01 0.914
   2    1  200  84420 1.113914e-01 0.914
   2    1  300 126420 1.090795e-01 0.914
   2    7  400 168420 1.073352e-01 0.914
   2    8  500 210420 1.072650e-01 0.914
   2   10  600 252420 1.071099e-01 0.914
   2    9  700 294420 1.071045e-01 0.914
   2   21  800 336420 1.071012e-01 0.914
   2   60  900 378420 1.070660e-01 0.914
   2    0 1000 420420 1.064781e-01 0.914
   3    0    0    420 2.043329e-01 0.645
   3    4  100  42420 1.338500e-01 0.914
   3    3  200  84420 1.299467e-01 0.914
   3    9  300 126420 1.173748e-01 0.914
   3    2  400 168420 1.100651e-01 0.919
   3    2  500 210420 1.086960e-01 0.919
   3    6  600 252420 1.074467e-01 0.919
   3   11  700 294420 1.074040e-01 0.919
   3    0  800 336420 1.072242e-01 0.919
   3    1  900 378420 1.066433e-01 0.919
   3   18 1000 420420 1.066294e-01 0.919
   4    0    0    420 2.086345e-01 0.803
   4    0  100  42420 1.281107e-01 0.915
   4    1  200  84420 1.087160e-01 0.915
   4   15  300 126420 1.083026e-01 0.915
   4    4  400 168420 1.079412e-01 0.915
   4   39  500 210420 1.076642e-01 0.915
   4    0  600 252420 1.070831e-01 0.915
   4    0  700 294420 1.069823e-01 0.915
   4    1  800 336420 1.067120e-01 0.915
   4    3  900 378420 1.066844e-01 0.915
   4    1 1000 420420 1.064052e-01 0.915
   5    0    0    420 2.022160e-01 0.743
   5    9  100  42420 1.277700e-01 0.905
   5    0  200  84420 1.264491e-01 0.905
   5    6  300 126420 1.247550e-01 0.905
   5    6  400 168420 1.119843e-01 0.913
   5   11  500 210420 1.095138e-01 0.913
   5   44  600 252420 1.095112e-01 0.913
   5   10  700 294420 1.078516e-01 0.913
   5   33  800 336420 1.077089e-01 0.913
   5   35  900 378420 1.076716e-01 0.913
   5    4 1000 420420 1.072770e-01 0.913
   6    0    0    420 2.367096e-01 0.635
   6    0  100  42420 1.187039e-01 0.910
   6    0  200  84420 1.160669e-01 0.910
   6   12  300 126420 1.147548e-01 0.910
   6    0  400 168420 1.087948e-01 0.913
   6    0  500 210420 1.074295e-01 0.913
   6    7  600 252420 1.074180e-01 0.913
   6   40  700 294420 1.074090e-01 0.913
   6   14  800 336420 1.073851e-01 0.913
   6    4  900 378420 1.070292e-01 0.913
   6    3 1000 420420 1.070073e-01 0.913
   7    0    0    420 2.063767e-01 0.900
   7    4  100  42420 1.092984e-01 0.905
   7   48  200  84420 1.092775e-01 0.905
   7   15  300 126420 1.092201e-01 0.907
   7    7  400 168420 1.087671e-01 0.916
   7   57  500 210420 1.085763e-01 0.916
   7    3  600 252420 1.078633e-01 0.916
   7   23  700 294420 1.077982e-01 0.916
   7    2  800 336420 1.073442e-01 0.916
   7    3  900 378420 1.069860e-01 0.916
   7   10 1000 420420 1.067849e-01 0.916
   8    0    0    420 2.164484e-01 0.644
   8    4  100  42420 1.233626e-01 0.903
   8    3  200  84420 1.161498e-01 0.903
   8    1  300 126420 1.132747e-01 0.909
   8   20  400 168420 1.132545e-01 0.914
   8    2  500 210420 1.127362e-01 0.914
   8    0  600 252420 1.096183e-01 0.914
   8    2  700 294420 1.074654e-01 0.919
   8    2  800 336420 1.067354e-01 0.919
   8    3  900 378420 1.065026e-01 0.919
   8    5 1000 420420 1.064674e-01 0.919
   9    0    0    420 2.167756e-01 0.600
   9    0  100  42420 1.278830e-01 0.899
   9    3  200  84420 1.159234e-01 0.911
   9   10  300 126420 1.157497e-01 0.911
   9    0  400 168420 1.134723e-01 0.911
   9    6  500 210420 1.093898e-01 0.914
   9   15  600 252420 1.086427e-01 0.914
   9    3  700 294420 1.069583e-01 0.914
   9   14  800 336420 1.065518e-01 0.917
   9    0  900 378420 1.065227e-01 0.917
   9    1 1000 420420 1.065147e-01 0.917
  10    0    0    420 1.760443e-01 0.852
  10    8  100  42420 1.259017e-01 0.916
  10    5  200  84420 1.141883e-01 0.916
  10    7  300 126420 1.132017e-01 0.916
  10   12  400 168420 1.131901e-01 0.917
  10   13  500 210420 1.131781e-01 0.917
  10    0  600 252420 1.126882e-01 0.917
  10   16  700 294420 1.126098e-01 0.917
  10    0  800 336420 1.068148e-01 0.917
  10    7  900 378420 1.065234e-01 0.917
  10   34 1000 420420 1.064793e-01 0.917
  11    0    0    420 1.526364e-01 0.707
  11    1  100  42420 1.259342e-01 0.892
  11   34  200  84420 1.223000e-01 0.903
  11    1  300 126420 1.206421e-01 0.903
  11   11  400 168420 1.184281e-01 0.903
  11    0  500 210420 1.104751e-01 0.904
  11    8  600 252420 1.100318e-01 0.904
  11    2  700 294420 1.077933e-01 0.905
  11    1  800 336420 1.077734e-01 0.906
  11    7  900 378420 1.068850e-01 0.906
  11   13 1000 420420 1.068770e-01 0.906
  12    0    0    420 2.177369e-01 0.847
  12    2  100  42420 1.301570e-01 0.891
  12   11  200  84420 1.201009e-01 0.895
  12   10  300 126420 1.148901e-01 0.900
  12    0  400 168420 1.145647e-01 0.900
  12    2  500 210420 1.117764e-01 0.904
  12    1  600 252420 1.071592e-01 0.917
  12   55  700 294420 1.071138e-01 0.919
  12    9  800 336420 1.070876e-01 0.919
  12   10  900 378420 1.070155e-01 0.919
  12   22 1000 420420 1.069887e-01 0.919
  13    0    0    420 1.598500e-01 0.873
  13    1  100  42420 1.197798e-01 0.901
  13    3  200  84420 1.150190e-01 0.914
  13    2  300 126420 1.095763e-01 0.918
  13   13  400 168420 1.091584e-01 0.918
  13   22  500 210420 1.085457e-01 0.918
  13    0  600 252420 1.077560e-01 0.918
  13   22  700 294420 1.073698e-01 0.919
  13    2  800 336420 1.073187e-01 0.920
  13   17  900 378420 1.070808e-01 0.920
  13    1 1000 420420 1.068568e-01 0.920
  14    0    0    420 2.341872e-01 0.687
  14    9  100  42420 1.186428e-01 0.890
  14   19  200  84420 1.173845e-01 0.905
  14   22  300 126420 1.169966e-01 0.906
  14    7  400 168420 1.134648e-01 0.909
  14    6  500 210420 1.134223e-01 0.909
  14    2  600 252420 1.097837e-01 0.909
  14    1  700 294420 1.090285e-01 0.909
  14    2  800 336420 1.085612e-01 0.912
  14   16  900 378420 1.069796e-01 0.912
  14   11 1000 420420 1.066326e-01 0.918
  15    0    0    420 2.176139e-01 0.737
  15    7  100  42420 1.303072e-01 0.907
  15   33  200  84420 1.302966e-01 0.907
  15    6  300 126420 1.263171e-01 0.907
  15    0  400 168420 1.235047e-01 0.907
  15    1  500 210420 1.083377e-01 0.915
  15    5  600 252420 1.077394e-01 0.915
  15    2  700 294420 1.074051e-01 0.915
  15    1  800 336420 1.065674e-01 0.918
  15   43  900 378420 1.064417e-01 0.918
  15   17 1000 420420 1.064402e-01 0.918
  16    0    0    420 2.486657e-01 0.870
  16    6  100  42420 1.301774e-01 0.908
  16    3  200  84420 1.078527e-01 0.909
  16    4  300 126420 1.074657e-01 0.909
  16   22  400 168420 1.073131e-01 0.909
  16    6  500 210420 1.073082e-01 0.919
  16   12  600 252420 1.072957e-01 0.919
  16   46  700 294420 1.072950e-01 0.919
  16    6  800 336420 1.072379e-01 0.919
  16    1  900 378420 1.066171e-01 0.919
  16   17 1000 420420 1.066140e-01 0.919
  17    0    0    420 1.507924e-01 0.790
  17   45  100  42420 1.274128e-01 0.913
  17  145  200  84420 1.274128e-01 0.913
  17    9  300 126420 1.273147e-01 0.913
  17    8  400 168420 1.222217e-01 0.913
  17   21  500 210420 1.220552e-01 0.913
  17   12  600 252420 1.219288e-01 0.913
  17   15  700 294420 1.219180e-01 0.913
  17   11  800 336420 1.216749e-01 0.913
  17    0  900 378420 1.204859e-01 0.913
  17    1 1000 420420 1.069831e-01 0.913
  18    0    0    420 1.929184e-01 0.782
  18    4  100  42420 1.232979e-01 0.904
  18    9  200  84420 1.227259e-01 0.904
  18    3  300 126420 1.219935e-01 0.911
  18   31  400 168420 1.218991e-01 0.911
  18    3  500 210420 1.097056e-01 0.911
  18   19  600 252420 1.086319e-01 0.911
  18   15  700 294420 1.085443e-01 0.911
  18    0  800 336420 1.072216e-01 0.911
  18    3  900 378420 1.070803e-01 0.911
  18    0 1000 420420 1.068920e-01 0.911
  19    0    0    420 2.208857e-01 0.822
  19    3  100  42420 1.147458e-01 0.916
  19    0  200  84420 1.114707e-01 0.916
  19    0  300 126420 1.094290e-01 0.916
  19   25  400 168420 1.094144e-01 0.916
  19    1  500 210420 1.091326e-01 0.916
  19    6  600 252420 1.076728e-01 0.916
  19   39  700 294420 1.076648e-01 0.916
  19   12  800 336420 1.072618e-01 0.916
  19    9  900 378420 1.071704e-01 0.916
  19    1 1000 420420 1.071013e-01 0.916
  20    0    0    420 1.754288e-01 0.742
  20    0  100  42420 1.309922e-01 0.906
  20    0  200  84420 1.220781e-01 0.912
  20    7  300 126420 1.158702e-01 0.913
  20   16  400 168420 1.108102e-01 0.913
  20   14  500 210420 1.105352e-01 0.913
  20    3  600 252420 1.080292e-01 0.914
  20    0  700 294420 1.073606e-01 0.915
  20   32  800 336420 1.068526e-01 0.918
  20    2  900 378420 1.068365e-01 0.919
  20    3 1000 420420 1.068217e-01 0.919
  21    0    0    420 2.059710e-01 0.818
  21    5  100  42420 1.284340e-01 0.906
  21    5  200  84420 1.155509e-01 0.909
  21    2  300 126420 1.130362e-01 0.909
  21    2  400 168420 1.091891e-01 0.909
  21    3  500 210420 1.085554e-01 0.909
  21   18  600 252420 1.076797e-01 0.909
  21    9  700 294420 1.075190e-01 0.912
  21    1  800 336420 1.070817e-01 0.912
  21    8  900 378420 1.064391e-01 0.915
  21   22 1000 420420 1.064075e-01 0.915
  22    0    0    420 2.292212e-01 0.716
  22    2  100  42420 1.384853e-01 0.898
  22    3  200  84420 1.248122e-01 0.900
  22   10  300 126420 1.135435e-01 0.900
  22   19  400 168420 1.134375e-01 0.909
  22    0  500 210420 1.098065e-01 0.909
  22    9  600 252420 1.075139e-01 0.910
  22    5  700 294420 1.074538e-01 0.912
  22    8  800 336420 1.073789e-01 0.916
  22    1  900 378420 1.065408e-01 0.918
  22   12 1000 420420 1.064502e-01 0.918
  23    0    0    420 1.905263e-01 0.842
  23   16  100  42420 1.278637e-01 0.903
  23    0  200  84420 1.272753e-01 0.903
  23   11  300 126420 1.268154e-01 0.903
  23   49  400 168420 1.267603e-01 0.905
  23    2  500 210420 1.258293e-01 0.917
  23    2  600 252420 1.253624e-01 0.917
  23    0  700 294420 1.246149e-01 0.917
  23    9  800 336420 1.232923e-01 0.917
  23    1  900 378420 1.110139e-01 0.917
  23    2 1000 420420 1.067637e-01 0.917
  24    0    0    420 2.023945e-01 0.782
  24    8  100  42420 1.107914e-01 0.903
  24   17  200  84420 1.093185e-01 0.903
  24    2  300 126420 1.079603e-01 0.903
  24    8  400 168420 1.074761e-01 0.907
  24    3  500 210420 1.074542e-01 0.910
  24   14  600 252420 1.073700e-01 0.910
  24    5  700 294420 1.073444e-01 0.910
  24   10  800 336420 1.069724e-01 0.910
  24    1  900 378420 1.068799e-01 0.910
  24    0 1000 420420 1.065032e-01 0.910
  25    0    0    420 2.260339e-01 0.756
  25    9  100  42420 1.198443e-01 0.905
  25    5  200  84420 1.178860e-01 0.906
  25    0  300 126420 1.124539e-01 0.911
  25    0  400 168420 1.081132e-01 0.911
  25    7  500 210420 1.064567e-01 0.911
  25   30  600 252420 1.064331e-01 0.911
  25    6  700 294420 1.064313e-01 0.911
  25    8  800 336420 1.064124e-01 0.911
  25   13  900 378420 1.063810e-01 0.917
  25   14 1000 420420 1.063772e-01 0.917
  26    0    0    420 2.184404e-01 0.744
  26    0  100  42420 1.248823e-01 0.911
  26    8  200  84420 1.235751e-01 0.913
  26    3  300 126420 1.224901e-01 0.913
  26    2  400 168420 1.110975e-01 0.913
  26    0  500 210420 1.081942e-01 0.913
  26   11  600 252420 1.081549e-01 0.915
  26    1  700 294420 1.077628e-01 0.915
  26    0  800 336420 1.070538e-01 0.915
  26   12  900 378420 1.070472e-01 0.915
  26    1 1000 420420 1.064934e-01 0.915
  27    0    0    420 1.920052e-01 0.843
  27    8  100  42420 1.303184e-01 0.903
  27   41  200  84420 1.301426e-01 0.906
  27    2  300 126420 1.191233e-01 0.907
  27    2  400 168420 1.168942e-01 0.909
  27   21  500 210420 1.139775e-01 0.913
  27    4  600 252420 1.070836e-01 0.913
  27   37  700 294420 1.070414e-01 0.917
  27    0  800 336420 1.068266e-01 0.917
  27    2  900 378420 1.067183e-01 0.918
  27   27 1000 420420 1.067138e-01 0.918
  28    0    0    420 1.790725e-01 0.727
  28    2  100  42420 1.212057e-01 0.897
  28    2  200  84420 1.155978e-01 0.908
  28    3  300 126420 1.139506e-01 0.909
  28    1  400 168420 1.128037e-01 0.912
  28   12  500 210420 1.126124e-01 0.912
  28   16  600 252420 1.124078e-01 0.912
  28    1  700 294420 1.097531e-01 0.912
  28    5  800 336420 1.073941e-01 0.913
  28   35  900 378420 1.069468e-01 0.918
  28    2 1000 420420 1.068753e-01 0.918
  29    0    0    420 2.112945e-01 0.669
  29    1  100  42420 1.295453e-01 0.892
  29   40  200  84420 1.262969e-01 0.910
  29   18  300 126420 1.242132e-01 0.910
  29   19  400 168420 1.240561e-01 0.912
  29   53  500 210420 1.239888e-01 0.912
  29    3  600 252420 1.237466e-01 0.912
  29   21  700 294420 1.230392e-01 0.912
  29   16  800 336420 1.226969e-01 0.912
  29    1  900 378420 1.112852e-01 0.916
  29    0 1000 420420 1.065533e-01 0.916
