   0    0    0   1540 4.330107e-01 0.807
   0    0  100 155540 3.086715e-01 0.947
   0    3  200 309540 3.036015e-01 0.948
   0    4  300 463540 2.968928e-01 0.948
   0    2  400 617540 2.737081e-01 0.948
   0   44  500 771540 2.734480e-01 0.948
   0    4  600 925540 2.732868e-01 0.948
   0   13  700 1079540 2.725582e-01 0.948
   0   22  800 1233540 2.722738e-01 0.949
   0   12  900 1387540 2.721620e-01 0.949
   0    3 1000 1541540 2.715369e-01 0.949
   1    0    0   1540 5.104554e-01 0.880
   1    2  100 155540 3.362309e-01 0.945
   1    5  200 309540 3.311777e-01 0.947
   1    5  300 463540 3.231203e-01 0.947
   1    2  400 617540 3.204376e-01 0.947
   1   11  500 771540 2.075649e-01 0.947
   1   31  600 925540 2.071308e-01 0.947
   1    6  700 1079540 2.066918e-01 0.947
   1   12  800 1233540 2.066018e-01 0.947
   1    6  900 1387540 2.064992e-01 0.947
   1    1 1000 1541540 2.059796e-01 0.947
   2    0    0   1540 4.951688e-01 0.904
   2    1  100 155540 2.981542e-01 0.953
   2    6  200 309540 2.589760e-01 0.953
   2   26  300 463540 2.588006e-01 0.953
   2    6  400 617540 2.587433e-01 0.953
   2    0  500 771540 2.585621e-01 0.953
   2    4  600 925540 2.584201e-01 0.953
   2    3  700 1079540 2.582918e-01 0.953
   2    9  800 1233540 2.581707e-01 0.953
   2    2  900 1387540 2.580915e-01 0.953
   2    1 1000 1541540 2.580135e-01 0.953
   3    0    0   1540 4.573564e-01 0.880
   3    1  100 155540 2.899335e-01 0.945
   3   11  200 309540 2.368543e-01 0.946
   3    4  300 463540 2.355666e-01 0.946
   3    0  400 617540 2.260097e-01 0.946
   3    4  500 771540 2.231608e-01 0.946
   3    8  600 925540 2.214887e-01 0.946
   3    4  700 1079540 2.175982e-01 0.950
   3   11  800 1233540 2.160532e-01 0.950
   3    0  900 1387540 2.124615e-01 0.950
   3    0 1000 1541540 2.116235e-01 0.950
   4    0    0   1540 5.067354e-01 0.767
   4    0  100 155540 3.022346e-01 0.948
   4    0  200 309540 2.984444e-01 0.948
   4   25  300 463540 2.686687e-01 0.948
   4    7  400 617540 2.630238e-01 0.948
   4    7  500 771540 2.625886e-01 0.948
   4   49  600 925540 2.624203e-01 0.950
   4   41  700 1079540 2.619969e-01 0.950
   4    0  800 1233540 2.618056e-01 0.950
   4   18  900 1387540 2.616304e-01 0.950
   4    1 1000 1541540 2.614697e-01 0.950
   5    0    0   1540 4.606311e-01 0.868
   5   10  100 155540 2.887008e-01 0.942
   5    9  200 309540 2.882126e-01 0.946
   5   23  300 463540 2.866563e-01 0.946
   5   20  400 617540 2.859344e-01 0.946
   5    5  500 771540 2.696737e-01 0.946
   5    2  600 925540 2.684666e-01 0.946
   5    5  700 1079540 2.664419e-01 0.947
   5    5  800 1233540 2.663517e-01 0.947
   5   10  900 1387540 2.662736e-01 0.947
   5    2 1000 1541540 2.651793e-01 0.947
   6    0    0   1540 3.956083e-01 0.900
   6    3  100 155540 2.344173e-01 0.947
   6    4  200 309540 2.172607e-01 0.947
   6    3  300 463540 2.145357e-01 0.947
   6    0  400 617540 2.138628e-01 0.947
   6    2  500 771540 2.119702e-01 0.947
   6    3  600 925540 2.118217e-01 0.947
   6    8  700 1079540 2.115917e-01 0.947
   6    7  800 1233540 2.108088e-01 0.947
   6    4  900 1387540 2.104753e-01 0.947
   6    1 1000 1541540 2.094137e-01 0.947
   7    0    0   1540 4.628304e-01 0.827
   7    1  100 155540 2.935508e-01 0.939
   7   16  200 309540 2.893716e-01 0.941
   7   14  300 463540 2.883833e-01 0.948
   7    2  400 617540 2.873181e-01 0.948
   7    0  500 771540 2.839271e-01 0.948
   7   18  600 925540 2.725860e-01 0.948
   7    4  700 1079540 2.695576e-01 0.948
   7   17  800 1233540 2.692626e-01 0.948
   7    3  900 1387540 2.670041e-01 0.948
   7    3 1000 1541540 2.665848e-01 0.948
   8    0    0   1540 3.210668e-01 0.903
   8    3  100 155540 2.847367e-01 0.939
   8   10  200 309540 2.846391e-01 0.959
   8   20  300 463540 2.846041e-01 0.959
   8    2  400 617540 2.836790e-01 0.959
   8    5  500 771540 2.697858e-01 0.959
   8    6  600 925540 2.687887e-01 0.959
   8    1  700 1079540 2.682364e-01 0.959
   8   55  800 1233540 2.679180e-01 0.959
   8    5  900 1387540 2.676309e-01 0.959
   8   17 1000 1541540 2.673056e-01 0.959
   9    0    0   1540 4.813561e-01 0.931
   9    1  100 155540 2.895378e-01 0.944
   9   26  200 309540 2.870723e-01 0.947
   9  126  300 463540 2.870723e-01 0.947
   9    3  400 617540 2.868946e-01 0.947
   9   21  500 771540 2.868741e-01 0.947
   9   16  600 925540 2.868488e-01 0.947
   9   13  700 1079540 2.867760e-01 0.949
   9    0  800 1233540 2.712070e-01 0.949
   9    3  900 1387540 2.697754e-01 0.949
   9    3 1000 1541540 2.680995e-01 0.949
  10    0    0   1540 4.314102e-01 0.924
  10    1  100 155540 3.039060e-01 0.943
  10    2  200 309540 2.990798e-01 0.943
  10    1  300 463540 2.963161e-01 0.946
  10    1  400 617540 2.937177e-01 0.946
  10    0  500 771540 2.885006e-01 0.946
  10    2  600 925540 2.881563e-01 0.946
  10    6  700 1079540 2.874121e-01 0.946
  10    0  800 1233540 2.859859e-01 0.946
  10    0  900 1387540 2.855087e-01 0.946
  10    2 1000 1541540 2.850936e-01 0.946
  11    0    0   1540 4.316643e-01 0.886
  11    0  100 155540 3.323899e-01 0.945
  11    8  200 309540 3.229845e-01 0.945
  11    9  300 463540 3.225315e-01 0.945
  11    4  400 617540 3.024732e-01 0.948
  11    3  500 771540 2.685871e-01 0.948
  11   15  600 925540 2.675647e-01 0.948
  11    3  700 1079540 2.670852e-01 0.948
  11    5  800 1233540 2.662823e-01 0.948
  11    0  900 1387540 2.661034e-01 0.948
  11    0 1000 1541540 2.657679e-01 0.948
  12    0    0   1540 4.465810e-01 0.912
  12    1  100 155540 3.579751e-01 0.945
  12    0  200 309540 3.530160e-01 0.945
  12    3  300 463540 3.528200e-01 0.945
  12   16  400 617540 3.524936e-01 0.945
  12    3  500 771540 3.171603e-01 0.946
  12    0  600 925540 3.146533e-01 0.946
  12    2  700 1079540 3.142959e-01 0.947
  12    3  800 1233540 3.137738e-01 0.947
  12   20  900 1387540 3.135496e-01 0.947
  12    0 1000 1541540 3.056549e-01 0.953
  13    0    0   1540 4.625593e-01 0.938
  13    0  100 155540 3.103318e-01 0.944
  13    1  200 309540 2.804435e-01 0.944
  13   11  300 463540 2.755037e-01 0.944
  13    1  400 617540 2.737455e-01 0.944
  13    2  500 771540 2.735116e-01 0.947
  13    3  600 925540 2.732170e-01 0.947
  13    3  700 1079540 2.730353e-01 0.947
  13   11  800 1233540 2.728916e-01 0.947
  13    0  900 1387540 2.724113e-01 0.947
  13    2 1000 1541540 2.723518e-01 0.947
  14    0    0   1540 4.332315e-01 0.882
  14    5  100 155540 2.714311e-01 0.947
  14    2  200 309540 2.681318e-01 0.947
  14   23  300 463540 2.674564e-01 0.947
  14    5  400 617540 2.671489e-01 0.947
  14    1  500 771540 2.669239e-01 0.947
  14   11  600 925540 2.667036e-01 0.947
  14    1  700 1079540 2.665005e-01 0.947
  14    3  800 1233540 2.663715e-01 0.947
  14    0  900 1387540 2.656411e-01 0.948
  14    2 1000 1541540 2.654080e-01 0.948
  15    0    0   1540 4.186069e-01 0.868
  15    3  100 155540 2.813314e-01 0.943
  15    7  200 309540 2.725140e-01 0.947
  15    3  300 463540 2.704680e-01 0.947
  15   24  400 617540 2.701719e-01 0.947
  15   14  500 771540 2.698740e-01 0.947
  15    2  600 925540 2.674394e-01 0.947
  15   10  700 1079540 2.673335e-01 0.947
  15   22  800 1233540 2.672417e-01 0.947
  15    2  900 1387540 2.671032e-01 0.948
  15   22 1000 1541540 2.669319e-01 0.948
  16    0    0   1540 4.200020e-01 0.933
  16   17  100 155540 3.102687e-01 0.943
  16    2  200 309540 3.035127e-01 0.943
  16    2  300 463540 2.950470e-01 0.943
  16   16  400 617540 2.692732e-01 0.948
  16   11  500 771540 2.676915e-01 0.948
  16    8  600 925540 2.675352e-01 0.948
  16    1  700 1079540 2.674189e-01 0.948
  16    8  800 1233540 2.672887e-01 0.948
  16    0  900 1387540 2.668255e-01 0.948
  16    7 1000 1541540 2.666783e-01 0.948
  17    0    0   1540 4.951388e-01 0.442
  17    0  100 155540 2.996544e-01 0.947
  17   14  200 309540 2.728053e-01 0.947
  17   11  300 463540 2.718917e-01 0.947
  17   23  400 617540 2.712576e-01 0.947
  17    7  500 771540 2.697408e-01 0.947
  17    4  600 925540 2.691879e-01 0.947
  17    9  700 1079540 2.681578e-01 0.947
  17    1  800 1233540 2.672043e-01 0.947
  17    0  900 1387540 2.668633e-01 0.947
  17    1 1000 1541540 2.656474e-01 0.947
  18    0    0   1540 4.025900e-01 0.945
  18    0  100 155540 2.834206e-01 0.945
  18    0  200 309540 2.762375e-01 0.947
  18    0  300 463540 2.745024e-01 0.947
  18   38  400 617540 2.736197e-01 0.947
  18    5  500 771540 2.708094e-01 0.947
  18    9  600 925540 2.706940e-01 0.947
  18    3  700 1079540 2.704377e-01 0.947
  18   20  800 1233540 2.703342e-01 0.947
  18   13  900 1387540 2.698781e-01 0.947
  18   19 1000 1541540 2.694074e-01 0.947
  19    0    0   1540 4.969415e-01 0.619
  19    6  100 155540 3.429013e-01 0.948
  19    0  200 309540 3.178066e-01 0.948
  19    2  300 463540 2.703005e-01 0.948
  19    2  400 617540 2.691278e-01 0.948
  19   28  500 771540 2.686930e-01 0.948
  19    1  600 925540 2.685435e-01 0.948
  19   24  700 1079540 2.685164e-01 0.948
  19    5  800 1233540 2.682601e-01 0.948
  19    3  900 1387540 2.681739e-01 0.948
  19    0 1000 1541540 2.681646e-01 0.948
  20    0    0   1540 3.878194e-01 0.810
  20    9  100 155540 3.301557e-01 0.945
  20    6  200 309540 3.282827e-01 0.945
  20    0  300 463540 3.261477e-01 0.945
  20    5  400 617540 3.243398e-01 0.945
  20    3  500 771540 3.119790e-01 0.945
  20    4  600 925540 3.071015e-01 0.957
  20   11  700 1079540 3.065560e-01 0.963
  20    9  800 1233540 3.061010e-01 0.977
  20    0  900 1387540 3.060635e-01 0.977
  20    3 1000 1541540 3.059089e-01 0.977
  21    0    0   1540 3.954348e-01 0.866
  21    1  100 155540 3.570000e-01 0.946
  21   30  200 309540 3.546265e-01 0.946
  21   23  300 463540 3.536114e-01 0.946
  21    1  400 617540 3.382569e-01 0.947
  21    5  500 771540 3.057094e-01 0.947
  21    2  600 925540 3.055408e-01 0.947
  21    1  700 1079540 3.014521e-01 0.947
  21   10  800 1233540 3.012511e-01 0.947
  21    8  900 1387540 2.707453e-01 0.947
  21    4 1000 1541540 2.690899e-01 0.947
  22    0    0   1540 4.734530e-01 0.582
  22    0  100 155540 3.147264e-01 0.944
  22    2  200 309540 2.859806e-01 0.944
  22    4  300 463540 2.801287e-01 0.944
  22    2  400 617540 2.788861e-01 0.944
  22    1  500 771540 2.770047e-01 0.945
  22    0  600 925540 2.766976e-01 0.945
  22    3  700 1079540 2.713742e-01 0.947
  22   17  800 1233540 2.712809e-01 0.947
  22   40  900 1387540 2.711058e-01 0.949
  22    5 1000 1541540 2.709578e-01 0.949
  23    0    0   1540 4.688626e-01 0.848
  23    0  100 155540 3.108654e-01 0.944
  23    1  200 309540 2.897188e-01 0.947
  23   10  300 463540 2.891191e-01 0.947
  23    0  400 617540 2.885388e-01 0.947
  23    6  500 771540 2.878864e-01 0.947
  23    4  600 925540 2.877873e-01 0.947
  23   10  700 1079540 2.870013e-01 0.947
  23    6  800 1233540 2.861542e-01 0.947
  23    3  900 1387540 2.859523e-01 0.947
  23    1 1000 1541540 2.848120e-01 0.947
  24    0    0   1540 4.938387e-01 0.790
  24    1  100 155540 3.133088e-01 0.947
  24    1  200 309540 2.966839e-01 0.948
  24    1  300 463540 2.901195e-01 0.948
  24   24  400 617540 2.873330e-01 0.948
  24   26  500 771540 2.871999e-01 0.948
  24    6  600 925540 2.860641e-01 0.948
  24    6  700 1079540 2.859734e-01 0.948
  24    1  800 1233540 2.691749e-01 0.948
  24    0  900 1387540 2.662209e-01 0.948
  24    3 1000 1541540 2.658874e-01 0.948
  25    0    0   1540 4.156577e-01 0.793
  25    0  100 155540 3.382194e-01 0.943
  25    1  200 309540 3.156929e-01 0.945
  25   11  300 463540 2.978607e-01 0.945
  25    3  400 617540 2.725232e-01 0.947
  25    0  500 771540 2.721696e-01 0.947
  25    8  600 925540 2.719241e-01 0.947
  25    2  700 1079540 2.697495e-01 0.948
  25   13  800 1233540 2.694230e-01 0.948
  25    1  900 1387540 2.691670e-01 0.948
  25    4 1000 1541540 2.685724e-01 0.948
  26    0    0   1540 4.707729e-01 0.851
  26    4  100 155540 3.292431e-01 0.947
  26    9  200 309540 3.244385e-01 0.947
  26    2  300 463540 2.128242e-01 0.947
  26    6  400 617540 2.110430e-01 0.947
  26    3  500 771540 2.058335e-01 0.949
  26    6  600 925540 2.057653e-01 0.949
  26   41  700 1079540 2.057248e-01 0.949
  26    3  800 1233540 2.055225e-01 0.949
  26   13  900 1387540 2.050843e-01 0.949
  26    0 1000 1541540 2.050276e-01 0.949
  27    0    0   1540 4.329660e-01 0.846
  27    1  100 155540 2.930988e-01 0.945
  27   25  200 309540 2.887594e-01 0.945
  27    1  300 463540 2.875065e-01 0.945
  27    9  400 617540 2.872777e-01 0.945
  27   27  500 771540 2.871619e-01 0.945
  27    1  600 925540 2.856199e-01 0.945
  27    5  700 1079540 2.842682e-01 0.945
  27    2  800 1233540 2.840765e-01 0.945
  27    0  900 1387540 2.836839e-01 0.945
  27    7 1000 1541540 2.835408e-01 0.945
  28    0    0   1540 5.748240e-01 0.746
  28    1  100 155540 3.096772e-01 0.946
  28    2  200 309540 2.703866e-01 0.946
  28   25  300 463540 2.620863e-01 0.947
  28   18  400 617540 2.596574e-01 0.947
  28   57  500 771540 2.588835e-01 0.947
  28   54  600 925540 2.588593e-01 0.950
  28   54  700 1079540 2.588561e-01 0.950
  28    2  800 1233540 2.585066e-01 0.950
  28   26  900 1387540 2.584959e-01 0.950
  28    0 1000 1541540 2.581144e-01 0.950
  29    0    0   1540 4.556833e-01 0.763
  29   13  100 155540 3.017309e-01 0.945
  29   12  200 309540 3.002142e-01 0.948
  29    7  300 463540 2.999628e-01 0.948
  29    7  400 617540 2.998511e-01 0.948
  29   29  500 771540 2.996851e-01 0.950
  29   10  600 925540 2.992464e-01 0.950
  29    2  700 1079540 2.989920e-01 0.950
  29    0  800 1233540 2.691586e-01 0.950
  29    3  900 1387540 2.687318e-01 0.950
  29    1 1000 1541540 2.686197e-01 0.950
