   0    0    0    420 1.487158e-01 0.626
   0    5  100  42420 1.096188e-01 0.652
   0    3  200  84420 1.036011e-01 0.652
   0    4  300 126420 1.019770e-01 0.654
   0   31  400 168420 1.012230e-01 0.668
   0   13  500 210420 1.004593e-01 0.668
   0   26  600 252420 1.004092e-01 0.668
   0    0  700 294420 1.003965e-01 0.668
   0   15  800 336420 1.003946e-01 0.668
   0    5  900 378420 1.003608e-01 0.668
   0    7 1000 420420 1.003499e-01 0.668
   1    0    0    420 1.456837e-01 0.621
   1    1  100  42420 1.104385e-01 0.656
   1    7  200  84420 1.055480e-01 0.656
   1    4  300 126420 1.038874e-01 0.656
   1    1  400 168420 1.026664e-01 0.656
   1    2  500 210420 1.025306e-01 0.656
   1    6  600 252420 1.012821e-01 0.656
   1   22  700 294420 1.011139e-01 0.656
   1    5  800 336420 1.009572e-01 0.656
   1   16  900 378420 1.003392e-01 0.656
   1   19 1000 420420 1.003377e-01 0.656
   2    0    0    420 1.429585e-01 0.623
   2    0  100  42420 1.113621e-01 0.646
   2   20  200  84420 1.101960e-01 0.649
   2   55  300 126420 1.101780e-01 0.649
   2    0  400 168420 1.101735e-01 0.649
   2    3  500 210420 1.068276e-01 0.655
   2    2  600 252420 1.032943e-01 0.655
   2    6  700 294420 1.020181e-01 0.660
   2    0  800 336420 1.007064e-01 0.660
   2    0  900 378420 1.002636e-01 0.660
   2   26 1000 420420 1.002210e-01 0.660
   3    0    0    420 1.349310e-01 0.625
   3    2  100  42420 1.135782e-01 0.645
   3    1  200  84420 1.090620e-01 0.648
   3   73  300 126420 1.089496e-01 0.649
   3    0  400 168420 1.063569e-01 0.650
   3    1  500 210420 1.043109e-01 0.650
   3    2  600 252420 1.029933e-01 0.650
   3   29  700 294420 1.028893e-01 0.650
   3    0  800 336420 1.007719e-01 0.650
   3    0  900 378420 1.003347e-01 0.650
   3    2 1000 420420 1.003290e-01 0.650
   4    0    0    420 1.535175e-01 0.635
   4    0  100  42420 1.210043e-01 0.646
   4    1  200  84420 1.085232e-01 0.650
   4    7  300 126420 1.059606e-01 0.652
   4   21  400 168420 1.043660e-01 0.652
   4    3  500 210420 1.039793e-01 0.652
   4   11  600 252420 1.018576e-01 0.653
   4   90  700 294420 1.018489e-01 0.653
   4   10  800 336420 1.004160e-01 0.653
   4    9  900 378420 1.003766e-01 0.653
   4    8 1000 420420 1.003559e-01 0.653
   5    0    0    420 1.391625e-01 0.634
   5    7  100  42420 1.056417e-01 0.651
   5   13  200  84420 1.055162e-01 0.651
   5    3  300 126420 1.021205e-01 0.652
   5    1  400 168420 1.020821e-01 0.662
   5    5  500 210420 1.019527e-01 0.662
   5    0  600 252420 1.013111e-01 0.662
   5    1  700 294420 1.011887e-01 0.662
   5    1  800 336420 1.004879e-01 0.662
   5   24  900 378420 1.004547e-01 0.662
   5    5 1000 420420 1.002688e-01 0.662
   6    0    0    420 1.428881e-01 0.619
   6    1  100  42420 1.022407e-01 0.659
   6   29  200  84420 1.020847e-01 0.659
   6    5  300 126420 1.020028e-01 0.659
   6   22  400 168420 1.017359e-01 0.659
   6   28  500 210420 1.015363e-01 0.659
   6   14  600 252420 1.014113e-01 0.659
   6   17  700 294420 1.013674e-01 0.659
   6   50  800 336420 1.013642e-01 0.666
   6    9  900 378420 1.013380e-01 0.678
   6   28 1000 420420 1.012350e-01 0.678
   7    0    0    420 1.496665e-01 0.627
   7    4  100  42420 1.063853e-01 0.652
   7    6  200  84420 1.057568e-01 0.653
   7   34  300 126420 1.057203e-01 0.653
   7   13  400 168420 1.046495e-01 0.653
   7    2  500 210420 1.031161e-01 0.654
   7   34  600 252420 1.025377e-01 0.654
   7    0  700 294420 1.025297e-01 0.654
   7    3  800 336420 1.019233e-01 0.654
   7    7  900 378420 1.011167e-01 0.654
   7   19 1000 420420 1.010857e-01 0.654
   8    0    0    420 1.442556e-01 0.625
   8    9  100  42420 1.175793e-01 0.647
   8    6  200  84420 1.135033e-01 0.652
   8    2  300 126420 1.027521e-01 0.652
   8    8  400 168420 1.024966e-01 0.664
   8   28  500 210420 1.018592e-01 0.664
   8    7  600 252420 1.018330e-01 0.684
   8    5  700 294420 1.018021e-01 0.684
   8  105  800 336420 1.018021e-01 0.684
   8   10  900 378420 1.017823e-01 0.684
   8   20 1000 420420 1.017313e-01 0.684
   9    0    0    420 1.395491e-01 0.625
   9   11  100  42420 1.136138e-01 0.657
   9    0  200  84420 1.018196e-01 0.661
   9    6  300 126420 1.011421e-01 0.661
   9    8  400 168420 1.011400e-01 0.668
   9    7  500 210420 1.010845e-01 0.668
   9   23  600 252420 1.010646e-01 0.668
   9   20  700 294420 1.010506e-01 0.668
   9   80  800 336420 1.010496e-01 0.668
   9    2  900 378420 1.009072e-01 0.668
   9    1 1000 420420 1.003870e-01 0.668
  10    0    0    420 1.457374e-01 0.631
  10    1  100  42420 1.156377e-01 0.645
  10    0  200  84420 1.042425e-01 0.645
  10    8  300 126420 1.029925e-01 0.651
  10   15  400 168420 1.013387e-01 0.651
  10    1  500 210420 1.012039e-01 0.651
  10   10  600 252420 1.011286e-01 0.651
  10    1  700 294420 1.008993e-01 0.651
  10   12  800 336420 1.008792e-01 0.651
  10   41  900 378420 1.003926e-01 0.654
  10    7 1000 420420 1.003739e-01 0.654
  11    0    0    420 1.402780e-01 0.652
  11    2  100  42420 1.029346e-01 0.654
  11    2  200  84420 1.017669e-01 0.657
  11    2  300 126420 1.017185e-01 0.657
  11    2  400 168420 1.017158e-01 0.657
  11   35  500 210420 1.017122e-01 0.657
  11   24  600 252420 1.016910e-01 0.657
  11    9  700 294420 1.016838e-01 0.657
  11   12  800 336420 1.004618e-01 0.657
  11    9  900 378420 1.004133e-01 0.657
  11    0 1000 420420 1.003501e-01 0.657
  12    0    0    420 1.544165e-01 0.628
  12    0  100  42420 1.088798e-01 0.657
  12   19  200  84420 1.088460e-01 0.657
  12   13  300 126420 1.065538e-01 0.657
  12    0  400 168420 1.063553e-01 0.657
  12    5  500 210420 1.054721e-01 0.657
  12    4  600 252420 1.049985e-01 0.657
  12    1  700 294420 1.021145e-01 0.657
  12    4  800 336420 1.009383e-01 0.657
  12   24  900 378420 1.009336e-01 0.657
  12   63 1000 420420 1.009244e-01 0.657
  13    0    0    420 1.803046e-01 0.620
  13   37  100  42420 1.134225e-01 0.653
  13    3  200  84420 1.035562e-01 0.661
  13    2  300 126420 1.031775e-01 0.684
  13   12  400 168420 1.030647e-01 0.684
  13   68  500 210420 1.030641e-01 0.684
  13   22  600 252420 1.030035e-01 0.684
  13   15  700 294420 1.030034e-01 0.684
  13  115  800 336420 1.030034e-01 0.684
  13    0  900 378420 1.021960e-01 0.684
  13    0 1000 420420 1.021224e-01 0.684
  14    0    0    420 1.258270e-01 0.618
  14    6  100  42420 1.081306e-01 0.644
  14   42  200  84420 1.080896e-01 0.646
  14   10  300 126420 1.074902e-01 0.649
  14   31  400 168420 1.045295e-01 0.651
  14   39  500 210420 1.040334e-01 0.655
  14    3  600 252420 1.037239e-01 0.655
  14    7  700 294420 1.035252e-01 0.671
  14    1  800 336420 1.034451e-01 0.671
  14    2  900 378420 1.007943e-01 0.671
  14    3 1000 420420 1.007138e-01 0.671
  15    0    0    420 1.378324e-01 0.601
  15    4  100  42420 1.161849e-01 0.647
  15    0  200  84420 1.155047e-01 0.647
  15    4  300 126420 1.141914e-01 0.665
  15    0  400 168420 1.096453e-01 0.665
  15   11  500 210420 1.030743e-01 0.665
  15   14  600 252420 1.030591e-01 0.665
  15    5  700 294420 1.023919e-01 0.665
  15    2  800 336420 1.016956e-01 0.665
  15   18  900 378420 1.016898e-01 0.665
  15    1 1000 420420 1.011535e-01 0.665
  16    0    0    420 1.424311e-01 0.612
  16    7  100  42420 1.128943e-01 0.648
  16   18  200  84420 1.124635e-01 0.649
  16    1  300 126420 1.084431e-01 0.669
  16   42  400 168420 1.084328e-01 0.669
  16    2  500 210420 1.070858e-01 0.669
  16    5  600 252420 1.046113e-01 0.669
  16    0  700 294420 1.013377e-01 0.669
  16    9  800 336420 1.010141e-01 0.669
  16    4  900 378420 1.005810e-01 0.669
  16    4 1000 420420 1.003042e-01 0.669
  17    0    0    420 1.418376e-01 0.616
  17    6  100  42420 1.062548e-01 0.649
  17    9  200  84420 1.053193e-01 0.656
  17   27  300 126420 1.053178e-01 0.656
  17   50  400 168420 1.052083e-01 0.656
  17    5  500 210420 1.014026e-01 0.656
  17    1  600 252420 1.011504e-01 0.661
  17    9  700 294420 1.007813e-01 0.661
  17    6  800 336420 1.006750e-01 0.661
  17   31  900 378420 1.006347e-01 0.661
  17    0 1000 420420 1.005357e-01 0.661
  18    0    0    420 1.272583e-01 0.631
  18   25  100  42420 1.034508e-01 0.668
  18    2  200  84420 1.027643e-01 0.668
  18   71  300 126420 1.023581e-01 0.668
  18    5  400 168420 1.014293e-01 0.668
  18    1  500 210420 1.014279e-01 0.668
  18   37  600 252420 1.014262e-01 0.668
  18   21  700 294420 1.005611e-01 0.668
  18    0  800 336420 1.003964e-01 0.668
  18   19  900 378420 1.003814e-01 0.668
  18   10 1000 420420 1.003291e-01 0.668
  19    0    0    420 1.529266e-01 0.638
  19    3  100  42420 1.063460e-01 0.646
  19    8  200  84420 1.036093e-01 0.657
  19    6  300 126420 1.031066e-01 0.659
  19   11  400 168420 1.030347e-01 0.659
  19   36  500 210420 1.026552e-01 0.659
  19   20  600 252420 1.023654e-01 0.659
  19   12  700 294420 1.012159e-01 0.659
  19   10  800 336420 1.011078e-01 0.659
  19    5  900 378420 1.007423e-01 0.659
  19   25 1000 420420 1.004414e-01 0.659
  20    0    0    420 1.466423e-01 0.623
  20    3  100  42420 1.081995e-01 0.650
  20    1  200  84420 1.062607e-01 0.655
  20   19  300 126420 1.062336e-01 0.655
  20    0  400 168420 1.062160e-01 0.655
  20    9  500 210420 1.061970e-01 0.655
  20    5  600 252420 1.050720e-01 0.655
  20    0  700 294420 1.027767e-01 0.655
  20    5  800 336420 1.016269e-01 0.655
  20    0  900 378420 1.009069e-01 0.655
  20    8 1000 420420 1.004319e-01 0.655
  21    0    0    420 1.507269e-01 0.621
  21   11  100  42420 1.072845e-01 0.656
  21    3  200  84420 1.056635e-01 0.656
  21    4  300 126420 1.052766e-01 0.656
  21   46  400 168420 1.051706e-01 0.660
  21   26  500 210420 1.051379e-01 0.660
  21    1  600 252420 1.051357e-01 0.667
  21   10  700 294420 1.039083e-01 0.668
  21   10  800 336420 1.036281e-01 0.669
  21    8  900 378420 1.016589e-01 0.671
  21    4 1000 420420 1.016577e-01 0.671
  22    0    0    420 1.439405e-01 0.622
  22   12  100  42420 1.186393e-01 0.646
  22    9  200  84420 1.087224e-01 0.646
  22   56  300 126420 1.062349e-01 0.649
  22    9  400 168420 1.041485e-01 0.649
  22   59  500 210420 1.039222e-01 0.658
  22    0  600 252420 1.038643e-01 0.658
  22   13  700 294420 1.011593e-01 0.658
  22    1  800 336420 1.008869e-01 0.658
  22    2  900 378420 1.005770e-01 0.658
  22   16 1000 420420 1.005092e-01 0.658
  23    0    0    420 1.544265e-01 0.607
  23    7  100  42420 1.117857e-01 0.647
  23    9  200  84420 1.108040e-01 0.657
  23    0  300 126420 1.025620e-01 0.657
  23    6  400 168420 1.017471e-01 0.657
  23   26  500 210420 1.014874e-01 0.657
  23   16  600 252420 1.013718e-01 0.657
  23    8  700 294420 1.013063e-01 0.657
  23   16  800 336420 1.012551e-01 0.657
  23    2  900 378420 1.008425e-01 0.657
  23    6 1000 420420 1.006926e-01 0.657
  24    0    0    420 1.414884e-01 0.626
  24    1  100  42420 1.141235e-01 0.646
  24    2  200  84420 1.121078e-01 0.652
  24    1  300 126420 1.019988e-01 0.652
  24   32  400 168420 1.015740e-01 0.652
  24   12  500 210420 1.015706e-01 0.656
  24   12  600 252420 1.015705e-01 0.656
  24    4  700 294420 1.013218e-01 0.656
  24    4  800 336420 1.013000e-01 0.656
  24    0  900 378420 1.006507e-01 0.656
  24   25 1000 420420 1.005528e-01 0.656
  25    0    0    420 1.730897e-01 0.610
  25   20  100  42420 1.183047e-01 0.646
  25    3  200  84420 1.149706e-01 0.646
  25    0  300 126420 1.089922e-01 0.655
  25   76  400 168420 1.067543e-01 0.655
  25   23  500 210420 1.062367e-01 0.657
  25   75  600 252420 1.062317e-01 0.657
  25    1  700 294420 1.040162e-01 0.665
  25    3  800 336420 1.024430e-01 0.665
  25    2  900 378420 1.008383e-01 0.665
  25   31 1000 420420 1.007391e-01 0.665
  26    0    0    420 1.447140e-01 0.628
  26    9  100  42420 1.125567e-01 0.655
  26    0  200  84420 1.051692e-01 0.655
  26   22  300 126420 1.051556e-01 0.655
  26    3  400 168420 1.051536e-01 0.655
  26    3  500 210420 1.035131e-01 0.655
  26    2  600 252420 1.019237e-01 0.657
  26   23  700 294420 1.018084e-01 0.657
  26    1  800 336420 1.013768e-01 0.657
  26   35  900 378420 1.013660e-01 0.657
  26    4 1000 420420 1.010195e-01 0.657
  27    0    0    420 1.426704e-01 0.622
  27    0  100  42420 1.228110e-01 0.648
  27   16  200  84420 1.082930e-01 0.655
  27    0  300 126420 1.036456e-01 0.655
  27   28  400 168420 1.031579e-01 0.655
  27   11  500 210420 1.027750e-01 0.655
  27   21  600 252420 1.014834e-01 0.655
  27    2  700 294420 1.007428e-01 0.655
  27    1  800 336420 1.006013e-01 0.655
  27    1  900 378420 1.005295e-01 0.655
  27   40 1000 420420 1.004501e-01 0.655
  28    0    0    420 1.379530e-01 0.615
  28   12  100  42420 1.145207e-01 0.647
  28    9  200  84420 1.142600e-01 0.647
  28    2  300 126420 1.135851e-01 0.647
  28    0  400 168420 1.075594e-01 0.651
  28    3  500 210420 1.036120e-01 0.654
  28    1  600 252420 1.031908e-01 0.654
  28   11  700 294420 1.031253e-01 0.654
  28    8  800 336420 1.022431e-01 0.655
  28    1  900 378420 1.008700e-01 0.655
  28    0 1000 420420 1.005326e-01 0.655
  29    0    0    420 1.413241e-01 0.622
  29    2  100  42420 1.029976e-01 0.649
  29    6  200  84420 1.019275e-01 0.657
  29    6  300 126420 1.019228e-01 0.657
  29  106  400 168420 1.019228e-01 0.657
  29   22  500 210420 1.007235e-01 0.657
  29    0  600 252420 1.007208e-01 0.657
  29    2  700 294420 1.005909e-01 0.657
  29   13  800 336420 1.005584e-01 0.657
  29    6  900 378420 1.005536e-01 0.657
  29    1 1000 420420 1.005039e-01 0.657
