   0    0    0    420 1.239206e-01 0.776
   0    4  100  42420 8.499918e-02 0.816
   0    5  200  84420 7.227932e-02 0.820
   0    8  300 126420 7.155994e-02 0.822
   0    6  400 168420 7.081956e-02 0.824
   0    6  500 210420 7.074642e-02 0.826
   0    2  600 252420 7.074043e-02 0.833
   0    9  700 294420 7.073500e-02 0.833
   0   19  800 336420 7.072650e-02 0.833
   0   18  900 378420 7.043168e-02 0.833
   0    2 1000 420420 6.911390e-02 0.833
   1    0    0    420 1.445339e-01 0.724
   1    4  100  42420 8.123865e-02 0.794
   1    1  200  84420 8.098523e-02 0.794
   1    3  300 126420 8.097394e-02 0.797
   1    2  400 168420 7.815133e-02 0.798
   1    5  500 210420 7.802517e-02 0.799
   1    6  600 252420 7.778811e-02 0.803
   1    8  700 294420 7.595279e-02 0.803
   1   14  800 336420 7.594630e-02 0.803
   1    7  900 378420 7.555781e-02 0.803
   1    1 1000 420420 7.551860e-02 0.803
   2    0    0    420 1.356991e-01 0.692
   2    3  100  42420 8.491683e-02 0.784
   2   10  200  84420 8.412521e-02 0.784
   2    1  300 126420 8.412291e-02 0.784
   2   22  400 168420 8.382740e-02 0.786
   2   54  500 210420 8.350872e-02 0.787
   2   36  600 252420 8.254801e-02 0.787
   2    0  700 294420 8.177383e-02 0.790
   2    0  800 336420 8.091899e-02 0.793
   2    3  900 378420 8.006184e-02 0.798
   2    6 1000 420420 7.936505e-02 0.798
   3    0    0    420 1.771955e-01 0.767
   3    3  100  42420 8.483027e-02 0.779
   3   14  200  84420 8.276360e-02 0.785
   3   12  300 126420 8.262651e-02 0.795
   3   49  400 168420 8.262304e-02 0.798
   3   21  500 210420 8.253655e-02 0.798
   3    0  600 252420 8.052567e-02 0.798
   3   12  700 294420 7.649535e-02 0.799
   3    0  800 336420 7.612150e-02 0.799
   3    1  900 378420 7.599598e-02 0.799
   3    5 1000 420420 7.593102e-02 0.799
   4    0    0    420 2.052582e-01 0.659
   4    0  100  42420 8.454103e-02 0.780
   4    2  200  84420 8.390296e-02 0.780
   4   10  300 126420 8.262176e-02 0.786
   4   11  400 168420 8.254333e-02 0.786
   4   25  500 210420 8.243315e-02 0.786
   4    1  600 252420 8.207016e-02 0.790
   4    8  700 294420 8.181339e-02 0.791
   4    4  800 336420 8.076789e-02 0.793
   4    3  900 378420 7.980750e-02 0.797
   4   11 1000 420420 7.930954e-02 0.797
   5    0    0    420 1.108606e-01 0.738
   5    3  100  42420 8.622070e-02 0.781
   5   21  200  84420 8.121421e-02 0.790
   5   20  300 126420 8.110599e-02 0.796
   5   54  400 168420 8.109080e-02 0.796
   5   13  500 210420 8.100218e-02 0.798
   5    2  600 252420 8.093424e-02 0.798
   5    9  700 294420 8.068128e-02 0.798
   5    0  800 336420 8.063501e-02 0.798
   5    0  900 378420 8.043751e-02 0.799
   5    3 1000 420420 8.042752e-02 0.799
   6    0    0    420 2.051553e-01 0.697
   6    3  100  42420 9.128172e-02 0.787
   6    8  200  84420 9.026829e-02 0.787
   6   15  300 126420 8.713533e-02 0.787
   6    2  400 168420 8.602738e-02 0.787
   6    2  500 210420 8.100403e-02 0.803
   6   23  600 252420 8.089832e-02 0.803
   6    3  700 294420 8.079352e-02 0.803
   6    1  800 336420 8.031895e-02 0.803
   6    6  900 378420 8.031760e-02 0.803
   6   25 1000 420420 8.028847e-02 0.803
   7    0    0    420 1.973483e-01 0.710
   7    4  100  42420 7.864945e-02 0.800
   7   14  200  84420 7.859224e-02 0.802
   7   50  300 126420 7.856391e-02 0.806
   7  150  400 168420 7.856391e-02 0.806
   7  250  500 210420 7.856391e-02 0.806
   7    6  600 252420 7.850888e-02 0.806
   7   29  700 294420 7.849502e-02 0.806
   7    2  800 336420 7.849057e-02 0.806
   7   10  900 378420 7.792949e-02 0.806
   7   15 1000 420420 7.747551e-02 0.806
   8    0    0    420 2.154627e-01 0.712
   8    6  100  42420 7.681393e-02 0.814
   8   11  200  84420 7.680740e-02 0.819
   8   23  300 126420 7.673798e-02 0.819
   8    5  400 168420 7.615264e-02 0.820
   8   26  500 210420 7.614707e-02 0.824
   8    1  600 252420 7.480041e-02 0.824
   8    6  700 294420 7.074193e-02 0.825
   8   14  800 336420 7.016766e-02 0.825
   8    1  900 378420 6.980374e-02 0.825
   8    1 1000 420420 6.934728e-02 0.825
   9    0    0    420 1.872252e-01 0.645
   9    0  100  42420 8.598904e-02 0.803
   9    2  200  84420 8.354043e-02 0.811
   9    9  300 126420 8.305384e-02 0.817
   9    5  400 168420 7.602581e-02 0.817
   9   15  500 210420 7.586269e-02 0.819
   9    2  600 252420 7.569449e-02 0.819
   9    2  700 294420 7.475344e-02 0.819
   9    2  800 336420 7.375277e-02 0.819
   9    1  900 378420 7.291134e-02 0.821
   9    1 1000 420420 7.201546e-02 0.821
  10    0    0    420 1.031232e-01 0.722
  10   10  100  42420 8.448199e-02 0.811
  10   17  200  84420 8.244606e-02 0.811
  10   28  300 126420 8.221341e-02 0.811
  10    1  400 168420 8.022750e-02 0.811
  10   27  500 210420 8.015159e-02 0.811
  10    1  600 252420 7.766017e-02 0.811
  10    4  700 294420 7.711971e-02 0.811
  10   28  800 336420 7.610277e-02 0.811
  10    4  900 378420 7.590260e-02 0.811
  10   13 1000 420420 7.589308e-02 0.811
  11    0    0    420 2.502683e-01 0.637
  11    0  100  42420 8.383429e-02 0.798
  11    2  200  84420 8.227175e-02 0.800
  11   35  300 126420 8.188793e-02 0.800
  11   13  400 168420 7.937521e-02 0.803
  11    2  500 210420 7.854707e-02 0.803
  11    2  600 252420 7.789613e-02 0.803
  11    0  700 294420 7.698684e-02 0.803
  11    2  800 336420 7.660009e-02 0.803
  11    3  900 378420 7.567655e-02 0.803
  11    3 1000 420420 7.538150e-02 0.803
  12    0    0    420 3.558524e-01 0.722
  12    2  100  42420 7.731061e-02 0.783
  12    4  200  84420 7.729689e-02 0.783
  12   30  300 126420 7.729414e-02 0.783
  12   19  400 168420 7.722407e-02 0.785
  12    4  500 210420 7.720889e-02 0.787
  12    0  600 252420 7.560486e-02 0.787
  12   12  700 294420 7.547348e-02 0.796
  12   19  800 336420 7.547233e-02 0.797
  12   78  900 378420 7.547233e-02 0.797
  12  178 1000 420420 7.547233e-02 0.798
  13    0    0    420 2.296043e-01 0.689
  13    0  100  42420 8.290468e-02 0.773
  13    6  200  84420 8.284930e-02 0.784
  13    0  300 126420 8.275822e-02 0.784
  13    5  400 168420 8.275482e-02 0.790
  13    9  500 210420 8.261695e-02 0.790
  13    5  600 252420 8.169353e-02 0.790
  13   10  700 294420 8.148490e-02 0.790
  13    9  800 336420 8.097118e-02 0.791
  13    0  900 378420 8.091533e-02 0.796
  13    6 1000 420420 8.081719e-02 0.796
  14    0    0    420 1.006770e-01 0.742
  14    2  100  42420 8.255136e-02 0.790
  14    0  200  84420 8.224238e-02 0.790
  14    1  300 126420 8.170850e-02 0.790
  14    1  400 168420 7.972529e-02 0.790
  14    3  500 210420 7.959975e-02 0.795
  14    9  600 252420 7.944826e-02 0.801
  14    7  700 294420 7.916506e-02 0.801
  14    1  800 336420 7.597671e-02 0.801
  14    6  900 378420 7.567026e-02 0.801
  14   31 1000 420420 7.566059e-02 0.801
  15    0    0    420 1.804158e-01 0.680
  15    1  100  42420 8.430208e-02 0.789
  15   10  200  84420 8.251620e-02 0.792
  15    5  300 126420 8.185921e-02 0.792
  15    0  400 168420 7.988802e-02 0.793
  15    3  500 210420 7.949359e-02 0.794
  15    5  600 252420 7.911209e-02 0.796
  15    6  700 294420 7.700141e-02 0.798
  15    1  800 336420 7.577925e-02 0.801
  15   56  900 378420 7.569272e-02 0.801
  15   22 1000 420420 7.554532e-02 0.802
  16    0    0    420 1.647540e-01 0.750
  16    7  100  42420 8.281074e-02 0.809
  16   24  200  84420 8.127973e-02 0.811
  16   80  300 126420 8.122109e-02 0.813
  16    0  400 168420 8.030513e-02 0.813
  16    9  500 210420 8.017918e-02 0.815
  16    0  600 252420 8.012349e-02 0.815
  16   13  700 294420 7.862296e-02 0.818
  16   29  800 336420 7.859054e-02 0.818
  16    2  900 378420 7.791978e-02 0.818
  16    2 1000 420420 7.665816e-02 0.820
  17    0    0    420 1.563348e-01 0.696
  17    0  100  42420 8.731556e-02 0.789
  17    0  200  84420 8.689867e-02 0.789
  17    7  300 126420 8.250700e-02 0.789
  17    1  400 168420 8.172978e-02 0.791
  17    6  500 210420 8.156795e-02 0.791
  17   44  600 252420 8.117107e-02 0.796
  17    7  700 294420 8.110643e-02 0.796
  17   11  800 336420 8.014725e-02 0.796
  17    7  900 378420 7.954464e-02 0.802
  17    6 1000 420420 7.954157e-02 0.802
  18    0    0    420 1.196786e-01 0.692
  18    1  100  42420 8.166134e-02 0.784
  18   33  200  84420 8.122611e-02 0.790
  18   59  300 126420 8.121698e-02 0.790
  18   28  400 168420 8.116128e-02 0.794
  18   48  500 210420 8.113904e-02 0.794
  18   32  600 252420 8.113538e-02 0.794
  18   13  700 294420 8.056600e-02 0.798
  18    0  800 336420 8.055613e-02 0.798
  18    1  900 378420 8.041508e-02 0.798
  18   16 1000 420420 8.038943e-02 0.798
  19    0    0    420 1.480133e-01 0.701
  19    2  100  42420 8.411676e-02 0.790
  19   29  200  84420 7.989144e-02 0.804
  19    7  300 126420 7.803836e-02 0.805
  19    9  400 168420 7.466918e-02 0.820
  19    4  500 210420 7.426923e-02 0.820
  19    1  600 252420 7.335786e-02 0.820
  19   11  700 294420 7.310804e-02 0.827
  19   14  800 336420 7.309076e-02 0.827
  19    2  900 378420 7.291321e-02 0.827
  19    9 1000 420420 7.114299e-02 0.827
  20    0    0    420 1.675577e-01 0.659
  20   10  100  42420 7.664105e-02 0.807
  20    0  200  84420 7.621821e-02 0.816
  20   11  300 126420 7.529692e-02 0.824
  20    1  400 168420 7.422810e-02 0.824
  20   17  500 210420 7.355729e-02 0.824
  20    7  600 252420 7.184783e-02 0.824
  20    3  700 294420 7.065106e-02 0.824
  20    1  800 336420 7.009878e-02 0.826
  20    0  900 378420 6.978249e-02 0.827
  20    3 1000 420420 6.963640e-02 0.827
  21    0    0    420 1.490523e-01 0.761
  21    0  100  42420 7.984122e-02 0.792
  21    3  200  84420 7.880745e-02 0.794
  21   15  300 126420 7.581307e-02 0.799
  21   27  400 168420 7.579017e-02 0.806
  21  127  500 210420 7.579017e-02 0.806
  21   17  600 252420 7.576607e-02 0.806
  21   21  700 294420 7.576573e-02 0.806
  21    2  800 336420 7.553067e-02 0.806
  21    5  900 378420 7.551473e-02 0.806
  21   50 1000 420420 7.550933e-02 0.806
  22    0    0    420 1.767862e-01 0.712
  22    5  100  42420 8.925615e-02 0.771
  22    0  200  84420 8.359545e-02 0.793
  22    3  300 126420 8.229042e-02 0.793
  22   10  400 168420 8.120698e-02 0.793
  22    7  500 210420 8.114163e-02 0.793
  22    5  600 252420 8.028385e-02 0.793
  22   21  700 294420 7.994043e-02 0.799
  22   11  800 336420 7.992521e-02 0.799
  22   10  900 378420 7.991363e-02 0.799
  22    2 1000 420420 7.989058e-02 0.799
  23    0    0    420 1.087104e-01 0.729
  23    2  100  42420 9.025126e-02 0.791
  23    2  200  84420 8.347672e-02 0.791
  23   11  300 126420 8.250179e-02 0.791
  23    9  400 168420 8.228708e-02 0.793
  23   11  500 210420 8.215618e-02 0.793
  23    1  600 252420 8.199593e-02 0.796
  23    6  700 294420 8.113335e-02 0.796
  23    3  800 336420 8.019256e-02 0.796
  23    7  900 378420 7.541785e-02 0.801
  23    1 1000 420420 7.537396e-02 0.802
  24    0    0    420 1.335590e-01 0.680
  24    6  100  42420 7.842289e-02 0.815
  24   18  200  84420 7.447805e-02 0.817
  24    1  300 126420 7.419866e-02 0.819
  24    3  400 168420 7.307143e-02 0.822
  24    2  500 210420 7.283688e-02 0.822
  24    1  600 252420 7.185244e-02 0.822
  24    0  700 294420 7.149528e-02 0.822
  24    1  800 336420 7.145596e-02 0.822
  24    2  900 378420 7.047002e-02 0.827
  24    7 1000 420420 7.035363e-02 0.827
  25    0    0    420 1.754858e-01 0.645
  25   36  100  42420 8.728025e-02 0.782
  25    0  200  84420 7.919371e-02 0.794
  25   28  300 126420 7.724424e-02 0.797
  25   17  400 168420 7.717211e-02 0.798
  25   94  500 210420 7.717209e-02 0.801
  25    0  600 252420 7.681711e-02 0.801
  25    2  700 294420 7.586145e-02 0.801
  25   28  800 336420 7.575505e-02 0.801
  25   36  900 378420 7.575499e-02 0.801
  25    2 1000 420420 7.543139e-02 0.801
  26    0    0    420 1.853963e-01 0.701
  26   16  100  42420 7.101600e-02 0.823
  26   33  200  84420 7.064064e-02 0.823
  26   63  300 126420 7.064060e-02 0.823
  26    2  400 168420 6.860286e-02 0.823
  26    4  500 210420 6.848041e-02 0.823
  26    5  600 252420 6.752977e-02 0.823
  26   13  700 294420 6.566068e-02 0.826
  26   16  800 336420 6.555605e-02 0.826
  26   11  900 378420 6.547384e-02 0.826
  26   47 1000 420420 6.542344e-02 0.827
  27    0    0    420 1.872013e-01 0.723
  27    6  100  42420 8.427898e-02 0.781
  27    0  200  84420 8.184627e-02 0.784
  27    0  300 126420 7.965447e-02 0.795
  27   36  400 168420 7.964034e-02 0.799
  27   13  500 210420 7.963068e-02 0.799
  27    3  600 252420 7.806725e-02 0.799
  27    3  700 294420 7.793489e-02 0.802
  27   10  800 336420 7.777105e-02 0.803
  27   20  900 378420 7.570878e-02 0.807
  27    0 1000 420420 7.567750e-02 0.807
  28    0    0    420 1.400597e-01 0.668
  28    4  100  42420 8.050299e-02 0.769
  28   24  200  84420 8.004635e-02 0.780
  28   13  300 126420 7.761966e-02 0.785
  28   25  400 168420 7.761624e-02 0.795
  28   20  500 210420 7.760197e-02 0.795
  28   28  600 252420 7.758978e-02 0.803
  28    2  700 294420 7.728648e-02 0.803
  28   30  800 336420 7.616146e-02 0.803
  28    1  900 378420 7.593829e-02 0.803
  28    1 1000 420420 7.585763e-02 0.803
  29    0    0    420 1.983812e-01 0.731
  29    5  100  42420 7.897938e-02 0.793
  29   28  200  84420 7.887701e-02 0.797
  29   22  300 126420 7.862039e-02 0.797
  29    4  400 168420 7.855607e-02 0.798
  29    6  500 210420 7.855546e-02 0.798
  29   38  600 252420 7.849618e-02 0.803
  29   15  700 294420 7.849578e-02 0.803
  29    5  800 336420 7.657998e-02 0.803
  29    7  900 378420 7.548822e-02 0.803
  29    8 1000 420420 7.547297e-02 0.803
