   0    0    0    420 6.087250e-02 0.949
   0   18  100  42420 1.814054e-02 0.957
   0    5  200  84420 1.683183e-02 0.960
   0    0  300 126420 1.571349e-02 0.960
   0   23  400 168420 1.562500e-02 0.960
   0   41  500 210420 1.486220e-02 0.961
   0   11  600 252420 1.456698e-02 0.961
   0    4  700 294420 1.455249e-02 0.962
   0    6  800 336420 1.443855e-02 0.962
   0    4  900 378420 1.431851e-02 0.962
   0   21 1000 420420 1.415184e-02 0.962
   1    0    0    420 8.122467e-02 0.942
   1    2  100  42420 1.942043e-02 0.958
   1    2  200  84420 1.925843e-02 0.960
   1    0  300 126420 1.722572e-02 0.960
   1    6  400 168420 1.616176e-02 0.962
   1    8  500 210420 1.555739e-02 0.962
   1    0  600 252420 1.509511e-02 0.962
   1    4  700 294420 1.468191e-02 0.962
   1   11  800 336420 1.448568e-02 0.963
   1    9  900 378420 1.441269e-02 0.963
   1    0 1000 420420 1.420371e-02 0.963
   2    0    0    420 7.430913e-02 0.878
   2   16  100  42420 1.985941e-02 0.958
   2   18  200  84420 1.631852e-02 0.962
   2   16  300 126420 1.622642e-02 0.962
   2   13  400 168420 1.586456e-02 0.962
   2    1  500 210420 1.580362e-02 0.962
   2    1  600 252420 1.531559e-02 0.962
   2    5  700 294420 1.448905e-02 0.962
   2   47  800 336420 1.447081e-02 0.962
   2    0  900 378420 1.440379e-02 0.962
   2    8 1000 420420 1.426043e-02 0.962
   3    0    0    420 6.334404e-02 0.939
   3   12  100  42420 1.764426e-02 0.962
   3    0  200  84420 1.598955e-02 0.962
   3    8  300 126420 1.554197e-02 0.962
   3   22  400 168420 1.487394e-02 0.962
   3   17  500 210420 1.486755e-02 0.962
   3   99  600 252420 1.486753e-02 0.962
   3   17  700 294420 1.464690e-02 0.962
   3    0  800 336420 1.461127e-02 0.962
   3    1  900 378420 1.409058e-02 0.962
   3   22 1000 420420 1.401067e-02 0.962
   4    0    0    420 1.822269e-01 0.907
   4    0  100  42420 1.722436e-02 0.958
   4    7  200  84420 1.583126e-02 0.959
   4   69  300 126420 1.540278e-02 0.962
   4   13  400 168420 1.516107e-02 0.962
   4   11  500 210420 1.515754e-02 0.962
   4    5  600 252420 1.515269e-02 0.962
   4    5  700 294420 1.495338e-02 0.962
   4   20  800 336420 1.493423e-02 0.962
   4    2  900 378420 1.472376e-02 0.962
   4    0 1000 420420 1.448273e-02 0.962
   5    0    0    420 9.993878e-02 0.942
   5    6  100  42420 1.715345e-02 0.961
   5    2  200  84420 1.596244e-02 0.962
   5   12  300 126420 1.594708e-02 0.962
   5   11  400 168420 1.592826e-02 0.962
   5    0  500 210420 1.539232e-02 0.962
   5   14  600 252420 1.538422e-02 0.962
   5    5  700 294420 1.511877e-02 0.962
   5   23  800 336420 1.494663e-02 0.962
   5    0  900 378420 1.487012e-02 0.962
   5   10 1000 420420 1.474870e-02 0.962
   6    0    0    420 9.289476e-02 0.928
   6    2  100  42420 2.107191e-02 0.959
   6    8  200  84420 1.935170e-02 0.960
   6   20  300 126420 1.719126e-02 0.960
   6    6  400 168420 1.711014e-02 0.961
   6   14  500 210420 1.675271e-02 0.962
   6    4  600 252420 1.583315e-02 0.962
   6    1  700 294420 1.562690e-02 0.962
   6    5  800 336420 1.464142e-02 0.962
   6    1  900 378420 1.447794e-02 0.962
   6    7 1000 420420 1.437289e-02 0.962
   7    0    0    420 8.203442e-02 0.939
   7    1  100  42420 1.791745e-02 0.961
   7    2  200  84420 1.791743e-02 0.961
   7   81  300 126420 1.791743e-02 0.961
   7    0  400 168420 1.556657e-02 0.962
   7    9  500 210420 1.556227e-02 0.962
   7    1  600 252420 1.476351e-02 0.962
   7   20  700 294420 1.452738e-02 0.962
   7   38  800 336420 1.452602e-02 0.962
   7   17  900 378420 1.451168e-02 0.962
   7   38 1000 420420 1.450213e-02 0.962
   8    0    0    420 2.591183e-02 0.951
   8    9  100  42420 1.684670e-02 0.962
   8    0  200  84420 1.588306e-02 0.962
   8    3  300 126420 1.464566e-02 0.962
   8   22  400 168420 1.456290e-02 0.962
   8   72  500 210420 1.456269e-02 0.962
   8   58  600 252420 1.455850e-02 0.962
   8   38  700 294420 1.455848e-02 0.962
   8    1  800 336420 1.455844e-02 0.962
   8   33  900 378420 1.455345e-02 0.962
   8    1 1000 420420 1.447031e-02 0.962
   9    0    0    420 1.109770e-01 0.920
   9    5  100  42420 2.328112e-02 0.957
   9    0  200  84420 1.673036e-02 0.962
   9    1  300 126420 1.467538e-02 0.962
   9    6  400 168420 1.467113e-02 0.962
   9   89  500 210420 1.466851e-02 0.962
   9    3  600 252420 1.466803e-02 0.962
   9   33  700 294420 1.466697e-02 0.962
   9    6  800 336420 1.445650e-02 0.962
   9   17  900 378420 1.445525e-02 0.962
   9   20 1000 420420 1.445305e-02 0.962
  10    0    0    420 3.690077e-01 0.881
  10   14  100  42420 2.397385e-02 0.955
  10    4  200  84420 2.069509e-02 0.961
  10    3  300 126420 1.881310e-02 0.961
  10    0  400 168420 1.620697e-02 0.961
  10    7  500 210420 1.617729e-02 0.962
  10   37  600 252420 1.617658e-02 0.962
  10    3  700 294420 1.506988e-02 0.962
  10    7  800 336420 1.486142e-02 0.962
  10    3  900 378420 1.423140e-02 0.962
  10    9 1000 420420 1.413494e-02 0.962
  11    0    0    420 6.338431e-02 0.939
  11   16  100  42420 2.304916e-02 0.961
  11    3  200  84420 1.874977e-02 0.961
  11    0  300 126420 1.748213e-02 0.961
  11   13  400 168420 1.740477e-02 0.961
  11   11  500 210420 1.708500e-02 0.961
  11    6  600 252420 1.570370e-02 0.961
  11   22  700 294420 1.543188e-02 0.961
  11    0  800 336420 1.488413e-02 0.961
  11    0  900 378420 1.430931e-02 0.962
  11    5 1000 420420 1.426624e-02 0.962
  12    0    0    420 1.547043e-01 0.896
  12    3  100  42420 2.592558e-02 0.953
  12    1  200  84420 2.269673e-02 0.960
  12   21  300 126420 2.138523e-02 0.960
  12    0  400 168420 1.963958e-02 0.960
  12    6  500 210420 1.774966e-02 0.960
  12    4  600 252420 1.657614e-02 0.960
  12    6  700 294420 1.543765e-02 0.961
  12    1  800 336420 1.441402e-02 0.961
  12   30  900 378420 1.433096e-02 0.961
  12    6 1000 420420 1.422275e-02 0.961
  13    0    0    420 1.947336e-01 0.913
  13    8  100  42420 1.522691e-02 0.957
  13    3  200  84420 1.500582e-02 0.960
  13   53  300 126420 1.500572e-02 0.960
  13   16  400 168420 1.500433e-02 0.962
  13    0  500 210420 1.492928e-02 0.962
  13   15  600 252420 1.478751e-02 0.962
  13   32  700 294420 1.478555e-02 0.962
  13    0  800 336420 1.464807e-02 0.962
  13    4  900 378420 1.457763e-02 0.962
  13   18 1000 420420 1.457212e-02 0.962
  14    0    0    420 3.256691e-02 0.927
  14    1  100  42420 2.216407e-02 0.952
  14    3  200  84420 1.883036e-02 0.956
  14    0  300 126420 1.807146e-02 0.957
  14    4  400 168420 1.769132e-02 0.957
  14    7  500 210420 1.749982e-02 0.960
  14    5  600 252420 1.732374e-02 0.960
  14    5  700 294420 1.676768e-02 0.961
  14    1  800 336420 1.607375e-02 0.961
  14    5  900 378420 1.591014e-02 0.962
  14    1 1000 420420 1.525470e-02 0.962
  15    0    0    420 1.496029e-01 0.918
  15    3  100  42420 2.137398e-02 0.955
  15    6  200  84420 2.100032e-02 0.957
  15    6  300 126420 1.975459e-02 0.957
  15    3  400 168420 1.796036e-02 0.957
  15   32  500 210420 1.487596e-02 0.960
  15   14  600 252420 1.483233e-02 0.960
  15  114  700 294420 1.483233e-02 0.960
  15   96  800 336420 1.483230e-02 0.961
  15    1  900 378420 1.462671e-02 0.961
  15   17 1000 420420 1.457783e-02 0.962
  16    0    0    420 1.005549e-01 0.940
  16    1  100  42420 1.752416e-02 0.961
  16   25  200  84420 1.469602e-02 0.961
  16  125  300 126420 1.469602e-02 0.961
  16   81  400 168420 1.463148e-02 0.961
  16   23  500 210420 1.461481e-02 0.961
  16   51  600 252420 1.460393e-02 0.961
  16   58  700 294420 1.459423e-02 0.961
  16    4  800 336420 1.454128e-02 0.961
  16   22  900 378420 1.453464e-02 0.961
  16   11 1000 420420 1.450154e-02 0.961
  17    0    0    420 1.609425e-01 0.913
  17    7  100  42420 1.579264e-02 0.962
  17   14  200  84420 1.506051e-02 0.962
  17   14  300 126420 1.503199e-02 0.962
  17   26  400 168420 1.501209e-02 0.962
  17    8  500 210420 1.499164e-02 0.962
  17    9  600 252420 1.498324e-02 0.962
  17   12  700 294420 1.472619e-02 0.962
  17    7  800 336420 1.472605e-02 0.962
  17    4  900 378420 1.460196e-02 0.962
  17    0 1000 420420 1.455957e-02 0.962
  18    0    0    420 8.841231e-02 0.943
  18    5  100  42420 2.323148e-02 0.952
  18    2  200  84420 2.075771e-02 0.956
  18    2  300 126420 1.727776e-02 0.960
  18   19  400 168420 1.589930e-02 0.961
  18    2  500 210420 1.531092e-02 0.962
  18   16  600 252420 1.498265e-02 0.962
  18    0  700 294420 1.493803e-02 0.962
  18    0  800 336420 1.466265e-02 0.962
  18    5  900 378420 1.453578e-02 0.962
  18    2 1000 420420 1.446903e-02 0.962
  19    0    0    420 7.885459e-02 0.939
  19    2  100  42420 2.008521e-02 0.958
  19    5  200  84420 1.587943e-02 0.960
  19    2  300 126420 1.576531e-02 0.960
  19   15  400 168420 1.570147e-02 0.960
  19    7  500 210420 1.552630e-02 0.961
  19    2  600 252420 1.546224e-02 0.961
  19    4  700 294420 1.526382e-02 0.961
  19    0  800 336420 1.489095e-02 0.962
  19    6  900 378420 1.476639e-02 0.962
  19    0 1000 420420 1.464047e-02 0.962
  20    0    0    420 5.687576e-02 0.947
  20   11  100  42420 2.261427e-02 0.955
  20   47  200  84420 2.055867e-02 0.955
  20    1  300 126420 1.860947e-02 0.957
  20    4  400 168420 1.723868e-02 0.957
  20    2  500 210420 1.592211e-02 0.960
  20    2  600 252420 1.483643e-02 0.961
  20    1  700 294420 1.479467e-02 0.961
  20   91  800 336420 1.475833e-02 0.961
  20    0  900 378420 1.469747e-02 0.962
  20    9 1000 420420 1.463026e-02 0.962
  21    0    0    420 6.233311e-02 0.931
  21    9  100  42420 2.221036e-02 0.952
  21    1  200  84420 2.047680e-02 0.957
  21   22  300 126420 1.945568e-02 0.960
  21    0  400 168420 1.812900e-02 0.960
  21    1  500 210420 1.736428e-02 0.960
  21   46  600 252420 1.732740e-02 0.960
  21    4  700 294420 1.699480e-02 0.960
  21    3  800 336420 1.501623e-02 0.961
  21    0  900 378420 1.463742e-02 0.963
  21    0 1000 420420 1.431250e-02 0.963
  22    0    0    420 8.807249e-02 0.902
  22   15  100  42420 1.648412e-02 0.957
  22   51  200  84420 1.585834e-02 0.960
  22   19  300 126420 1.581434e-02 0.962
  22    0  400 168420 1.560530e-02 0.962
  22   10  500 210420 1.547810e-02 0.962
  22    7  600 252420 1.524124e-02 0.962
  22   24  700 294420 1.520804e-02 0.962
  22    9  800 336420 1.519207e-02 0.962
  22    0  900 378420 1.514332e-02 0.962
  22    4 1000 420420 1.433003e-02 0.962
  23    0    0    420 1.434294e-01 0.912
  23   10  100  42420 1.719071e-02 0.960
  23    7  200  84420 1.704985e-02 0.961
  23    2  300 126420 1.644825e-02 0.961
  23   21  400 168420 1.557863e-02 0.962
  23    2  500 210420 1.524298e-02 0.962
  23    6  600 252420 1.523234e-02 0.963
  23    7  700 294420 1.479184e-02 0.963
  23    3  800 336420 1.450341e-02 0.963
  23    3  900 378420 1.447389e-02 0.963
  23    7 1000 420420 1.440205e-02 0.963
  24    0    0    420 9.196613e-02 0.897
  24    2  100  42420 2.125951e-02 0.952
  24    3  200  84420 1.727409e-02 0.960
  24   22  300 126420 1.596430e-02 0.961
  24   45  400 168420 1.589495e-02 0.962
  24   11  500 210420 1.584207e-02 0.962
  24    0  600 252420 1.507140e-02 0.962
  24    7  700 294420 1.472766e-02 0.962
  24   49  800 336420 1.472617e-02 0.962
  24   28  900 378420 1.454065e-02 0.962
  24   15 1000 420420 1.451087e-02 0.962
  25    0    0    420 8.901003e-02 0.919
  25    6  100  42420 1.833872e-02 0.958
  25    0  200  84420 1.729152e-02 0.958
  25   23  300 126420 1.605886e-02 0.960
  25   30  400 168420 1.449516e-02 0.961
  25    2  500 210420 1.437152e-02 0.961
  25   11  600 252420 1.433504e-02 0.962
  25    0  700 294420 1.409639e-02 0.962
  25    9  800 336420 1.406794e-02 0.962
  25   31  900 378420 1.406227e-02 0.962
  25   54 1000 420420 1.405089e-02 0.962
  26    0    0    420 7.735031e-02 0.927
  26   23  100  42420 1.520847e-02 0.960
  26   23  200  84420 1.517059e-02 0.960
  26   28  300 126420 1.468063e-02 0.960
  26   18  400 168420 1.462790e-02 0.960
  26    4  500 210420 1.455176e-02 0.961
  26    0  600 252420 1.419808e-02 0.961
  26    0  700 294420 1.416852e-02 0.961
  26   23  800 336420 1.413927e-02 0.962
  26    1  900 378420 1.406524e-02 0.962
  26    5 1000 420420 1.406463e-02 0.962
  27    0    0    420 7.389002e-02 0.939
  27   17  100  42420 1.705618e-02 0.960
  27    6  200  84420 1.653199e-02 0.961
  27   14  300 126420 1.502295e-02 0.961
  27    3  400 168420 1.502284e-02 0.961
  27  103  500 210420 1.502284e-02 0.961
  27    3  600 252420 1.472967e-02 0.961
  27   52  700 294420 1.472465e-02 0.961
  27    4  800 336420 1.457497e-02 0.962
  27   11  900 378420 1.453983e-02 0.962
  27    7 1000 420420 1.451164e-02 0.962
  28    0    0    420 7.520000e-02 0.950
  28    0  100  42420 1.536396e-02 0.961
  28   11  200  84420 1.503853e-02 0.961
  28   11  300 126420 1.495878e-02 0.961
  28   36  400 168420 1.495821e-02 0.961
  28  136  500 210420 1.495821e-02 0.961
  28   95  600 252420 1.495239e-02 0.962
  28   27  700 294420 1.495219e-02 0.962
  28   11  800 336420 1.473147e-02 0.962
  28    4  900 378420 1.461296e-02 0.962
  28   14 1000 420420 1.456353e-02 0.962
  29    0    0    420 1.132818e-01 0.889
  29    2  100  42420 1.870554e-02 0.960
  29   14  200  84420 1.703034e-02 0.960
  29    8  300 126420 1.576004e-02 0.962
  29   20  400 168420 1.575827e-02 0.962
  29   23  500 210420 1.574771e-02 0.962
  29    1  600 252420 1.568386e-02 0.962
  29    1  700 294420 1.567994e-02 0.962
  29   23  800 336420 1.524806e-02 0.962
  29   19  900 378420 1.521512e-02 0.962
  29   14 1000 420420 1.510036e-02 0.962
