   0    0    0   1540 4.033272e-01 0.740
   0    1  100 155540 1.582216e-01 0.923
   0    3  200 309540 1.576482e-01 0.947
   0    9  300 463540 1.530278e-01 0.947
   0    5  400 617540 1.514826e-01 0.947
   0   33  500 771540 1.514351e-01 0.947
   0    1  600 925540 1.498128e-01 0.959
   0   11  700 1079540 1.495790e-01 0.959
   0   19  800 1233540 1.495336e-01 0.959
   0   11  900 1387540 1.495110e-01 0.959
   0    7 1000 1541540 1.492155e-01 0.959
   1    0    0   1540 3.987235e-01 0.866
   1    1  100 155540 1.522488e-01 0.936
   1    7  200 309540 1.470689e-01 0.936
   1   23  300 463540 1.465785e-01 0.954
   1    1  400 617540 1.457164e-01 0.959
   1    4  500 771540 1.435525e-01 0.959
   1    8  600 925540 1.416728e-01 0.959
   1    0  700 1079540 1.405386e-01 0.959
   1    2  800 1233540 1.380198e-01 0.959
   1    0  900 1387540 1.375363e-01 0.959
   1    2 1000 1541540 1.374956e-01 0.959
   2    0    0   1540 3.034694e-01 0.871
   2   16  100 155540 1.706425e-01 0.916
   2    6  200 309540 1.645278e-01 0.920
   2    2  300 463540 1.551563e-01 0.920
   2    7  400 617540 1.514671e-01 0.923
   2   24  500 771540 1.510788e-01 0.923
   2    2  600 925540 1.499622e-01 0.926
   2   11  700 1079540 1.480980e-01 0.947
   2    5  800 1233540 1.476326e-01 0.947
   2    2  900 1387540 1.468759e-01 0.951
   2    7 1000 1541540 1.468401e-01 0.951
   3    0    0   1540 3.763477e-01 0.667
   3    5  100 155540 1.685826e-01 0.929
   3    0  200 309540 1.624236e-01 0.968
   3   39  300 463540 1.407090e-01 0.968
   3    4  400 617540 1.402704e-01 0.968
   3   12  500 771540 1.401554e-01 0.968
   3    5  600 925540 1.393900e-01 0.968
   3    3  700 1079540 1.393311e-01 0.968
   3   44  800 1233540 1.387091e-01 0.968
   3    4  900 1387540 1.375467e-01 0.968
   3   12 1000 1541540 1.373674e-01 0.968
   4    0    0   1540 3.889087e-01 0.842
   4    0  100 155540 1.617974e-01 0.923
   4    4  200 309540 1.583671e-01 0.926
   4    4  300 463540 1.579629e-01 0.927
   4    6  400 617540 1.571738e-01 0.927
   4   19  500 771540 1.562970e-01 0.933
   4   25  600 925540 1.560737e-01 0.933
   4    1  700 1079540 1.543357e-01 0.933
   4   13  800 1233540 1.535190e-01 0.933
   4    7  900 1387540 1.425721e-01 0.937
   4    3 1000 1541540 1.415100e-01 0.940
   5    0    0   1540 3.405621e-01 0.725
   5    0  100 155540 2.524458e-01 0.889
   5    5  200 309540 2.070606e-01 0.947
   5    1  300 463540 2.019675e-01 0.947
   5    0  400 617540 1.624612e-01 0.953
   5   37  500 771540 1.623253e-01 0.953
   5    0  600 925540 1.570035e-01 0.953
   5   17  700 1079540 1.473033e-01 0.953
   5   16  800 1233540 1.457761e-01 0.953
   5    8  900 1387540 1.433780e-01 0.953
   5   27 1000 1541540 1.364988e-01 0.953
   6    0    0   1540 3.381913e-01 0.782
   6    9  100 155540 1.573036e-01 0.924
   6    4  200 309540 1.565745e-01 0.924
   6   10  300 463540 1.544550e-01 0.927
   6    9  400 617540 1.534301e-01 0.930
   6   27  500 771540 1.529377e-01 0.932
   6   12  600 925540 1.528269e-01 0.938
   6   15  700 1079540 1.528054e-01 0.938
   6    1  800 1233540 1.522449e-01 0.942
   6    4  900 1387540 1.522131e-01 0.950
   6    2 1000 1541540 1.518438e-01 0.950
   7    0    0   1540 3.962316e-01 0.851
   7   12  100 155540 1.623599e-01 0.959
   7    8  200 309540 1.559920e-01 0.959
   7   20  300 463540 1.556743e-01 0.959
   7    9  400 617540 1.556642e-01 0.959
   7   58  500 771540 1.556578e-01 0.959
   7    2  600 925540 1.556087e-01 0.959
   7    3  700 1079540 1.552833e-01 0.959
   7    1  800 1233540 1.523806e-01 0.959
   7   20  900 1387540 1.517546e-01 0.959
   7   12 1000 1541540 1.510573e-01 0.959
   8    0    0   1540 3.948672e-01 0.604
   8   13  100 155540 1.623966e-01 0.906
   8   17  200 309540 1.564818e-01 0.918
   8    2  300 463540 1.560189e-01 0.919
   8    1  400 617540 1.556572e-01 0.941
   8   17  500 771540 1.537465e-01 0.942
   8   18  600 925540 1.536303e-01 0.943
   8    4  700 1079540 1.536220e-01 0.943
   8   38  800 1233540 1.535153e-01 0.943
   8   28  900 1387540 1.535019e-01 0.943
   8   27 1000 1541540 1.535007e-01 0.943
   9    0    0   1540 3.756563e-01 0.881
   9   28  100 155540 1.691305e-01 0.930
   9   15  200 309540 1.684985e-01 0.930
   9   10  300 463540 1.680108e-01 0.930
   9   12  400 617540 1.646456e-01 0.930
   9   37  500 771540 1.588058e-01 0.944
   9    8  600 925540 1.572851e-01 0.944
   9    4  700 1079540 1.561830e-01 0.944
   9   19  800 1233540 1.560814e-01 0.944
   9    2  900 1387540 1.559697e-01 0.944
   9    8 1000 1541540 1.540449e-01 0.944
  10    0    0   1540 3.555761e-01 0.717
  10    2  100 155540 1.606379e-01 0.949
  10   35  200 309540 1.601220e-01 0.949
  10    1  300 463540 1.593090e-01 0.955
  10    1  400 617540 1.590679e-01 0.961
  10    5  500 771540 1.588079e-01 0.961
  10   14  600 925540 1.561682e-01 0.961
  10   12  700 1079540 1.556843e-01 0.961
  10   74  800 1233540 1.556180e-01 0.961
  10    1  900 1387540 1.556177e-01 0.961
  10    1 1000 1541540 1.555610e-01 0.961
  11    0    0   1540 3.753229e-01 0.794
  11   11  100 155540 1.741722e-01 0.913
  11   12  200 309540 1.612803e-01 0.929
  11   18  300 463540 1.597994e-01 0.930
  11   34  400 617540 1.536586e-01 0.930
  11   31  500 771540 1.536550e-01 0.933
  11    5  600 925540 1.522144e-01 0.933
  11    6  700 1079540 1.517480e-01 0.933
  11    2  800 1233540 1.508928e-01 0.933
  11    4  900 1387540 1.506947e-01 0.933
  11   12 1000 1541540 1.506541e-01 0.933
  12    0    0   1540 3.883911e-01 0.780
  12   15  100 155540 1.714164e-01 0.923
  12    0  200 309540 1.712444e-01 0.944
  12    0  300 463540 1.664472e-01 0.944
  12    8  400 617540 1.615689e-01 0.944
  12    3  500 771540 1.591993e-01 0.944
  12   12  600 925540 1.578584e-01 0.944
  12    0  700 1079540 1.578071e-01 0.944
  12    3  800 1233540 1.570773e-01 0.948
  12    5  900 1387540 1.569816e-01 0.948
  12    3 1000 1541540 1.566120e-01 0.948
  13    0    0   1540 3.868524e-01 0.723
  13    5  100 155540 1.549613e-01 0.917
  13    5  200 309540 1.544939e-01 0.919
  13    2  300 463540 1.528759e-01 0.933
  13    3  400 617540 1.527912e-01 0.934
  13    7  500 771540 1.527838e-01 0.951
  13   82  600 925540 1.527828e-01 0.951
  13   27  700 1079540 1.527808e-01 0.951
  13    5  800 1233540 1.509867e-01 0.951
  13    6  900 1387540 1.508180e-01 0.951
  13    3 1000 1541540 1.460487e-01 0.951
  14    0    0   1540 3.927328e-01 0.751
  14    5  100 155540 1.896881e-01 0.904
  14    0  200 309540 1.776179e-01 0.916
  14    1  300 463540 1.768906e-01 0.916
  14    1  400 617540 1.624591e-01 0.916
  14   30  500 771540 1.614244e-01 0.916
  14   14  600 925540 1.591749e-01 0.927
  14    1  700 1079540 1.573084e-01 0.927
  14    0  800 1233540 1.562637e-01 0.928
  14    4  900 1387540 1.536907e-01 0.931
  14    4 1000 1541540 1.509448e-01 0.931
  15    0    0   1540 3.753585e-01 0.838
  15    0  100 155540 1.632712e-01 0.921
  15    1  200 309540 1.565912e-01 0.924
  15    3  300 463540 1.518062e-01 0.934
  15    4  400 617540 1.502171e-01 0.934
  15    0  500 771540 1.500347e-01 0.936
  15    0  600 925540 1.498235e-01 0.936
  15   11  700 1079540 1.485327e-01 0.936
  15   18  800 1233540 1.484820e-01 0.936
  15    0  900 1387540 1.475380e-01 0.951
  15    6 1000 1541540 1.473574e-01 0.951
  16    0    0   1540 4.036414e-01 0.914
  16    1  100 155540 1.681042e-01 0.924
  16   45  200 309540 1.680798e-01 0.931
  16   13  300 463540 1.635542e-01 0.931
  16   74  400 617540 1.635030e-01 0.931
  16   13  500 771540 1.634757e-01 0.939
  16    5  600 925540 1.631671e-01 0.939
  16    9  700 1079540 1.629941e-01 0.939
  16    1  800 1233540 1.628457e-01 0.939
  16   14  900 1387540 1.626638e-01 0.939
  16   61 1000 1541540 1.625990e-01 0.939
  17    0    0   1540 3.920466e-01 0.772
  17   38  100 155540 1.579618e-01 0.938
  17   22  200 309540 1.539399e-01 0.938
  17    6  300 463540 1.537786e-01 0.948
  17   52  400 617540 1.536758e-01 0.948
  17    2  500 771540 1.536352e-01 0.948
  17    1  600 925540 1.535174e-01 0.948
  17    4  700 1079540 1.533131e-01 0.948
  17    1  800 1233540 1.531957e-01 0.948
  17   20  900 1387540 1.531212e-01 0.948
  17   14 1000 1541540 1.531199e-01 0.948
  18    0    0   1540 3.656929e-01 0.825
  18    1  100 155540 2.253267e-01 0.941
  18   31  200 309540 2.091143e-01 0.941
  18    6  300 463540 2.070996e-01 0.941
  18    6  400 617540 2.011914e-01 0.941
  18    3  500 771540 1.911099e-01 0.945
  18    2  600 925540 1.863824e-01 0.949
  18    0  700 1079540 1.843204e-01 0.951
  18   32  800 1233540 1.839998e-01 0.954
  18    6  900 1387540 1.836048e-01 0.954
  18    3 1000 1541540 1.834900e-01 0.954
  19    0    0   1540 3.785212e-01 0.786
  19    1  100 155540 1.590141e-01 0.927
  19   36  200 309540 1.553596e-01 0.934
  19   14  300 463540 1.532861e-01 0.934
  19   14  400 617540 1.526992e-01 0.934
  19    4  500 771540 1.470738e-01 0.934
  19    4  600 925540 1.463002e-01 0.934
  19    2  700 1079540 1.394312e-01 0.934
  19    6  800 1233540 1.387846e-01 0.952
  19    6  900 1387540 1.384829e-01 0.952
  19    3 1000 1541540 1.383949e-01 0.952
  20    0    0   1540 3.829997e-01 0.606
  20    1  100 155540 1.605280e-01 0.942
  20    0  200 309540 1.540031e-01 0.942
  20   69  300 463540 1.536499e-01 0.942
  20   40  400 617540 1.535878e-01 0.942
  20    0  500 771540 1.535588e-01 0.942
  20   26  600 925540 1.534585e-01 0.942
  20   57  700 1079540 1.534388e-01 0.942
  20   12  800 1233540 1.532008e-01 0.942
  20   15  900 1387540 1.528534e-01 0.942
  20   16 1000 1541540 1.528469e-01 0.942
  21    0    0   1540 3.928887e-01 0.636
  21   19  100 155540 1.657506e-01 0.931
  21    2  200 309540 1.656718e-01 0.941
  21    8  300 463540 1.656184e-01 0.941
  21   11  400 617540 1.655029e-01 0.946
  21   35  500 771540 1.655014e-01 0.946
  21    6  600 925540 1.508235e-01 0.946
  21    7  700 1079540 1.504342e-01 0.950
  21   10  800 1233540 1.500436e-01 0.950
  21    4  900 1387540 1.499542e-01 0.950
  21    0 1000 1541540 1.497883e-01 0.950
  22    0    0   1540 3.876385e-01 0.864
  22    1  100 155540 2.097128e-01 0.918
  22   26  200 309540 1.984414e-01 0.918
  22    2  300 463540 1.770969e-01 0.924
  22   24  400 617540 1.530170e-01 0.937
  22    3  500 771540 1.529064e-01 0.937
  22   58  600 925540 1.518281e-01 0.941
  22    5  700 1079540 1.516971e-01 0.941
  22    0  800 1233540 1.506092e-01 0.941
  22   32  900 1387540 1.504089e-01 0.941
  22    4 1000 1541540 1.500641e-01 0.941
  23    0    0   1540 3.750881e-01 0.898
  23    2  100 155540 1.644751e-01 0.969
  23    2  200 309540 1.559291e-01 0.969
  23   92  300 463540 1.558827e-01 0.969
  23   17  400 617540 1.553654e-01 0.969
  23    7  500 771540 1.527370e-01 0.969
  23    0  600 925540 1.519899e-01 0.969
  23    0  700 1079540 1.517045e-01 0.969
  23    4  800 1233540 1.513680e-01 0.969
  23    1  900 1387540 1.488804e-01 0.969
  23    2 1000 1541540 1.454709e-01 0.969
  24    0    0   1540 3.986522e-01 0.820
  24    0  100 155540 1.607100e-01 0.941
  24    0  200 309540 1.555399e-01 0.941
  24    2  300 463540 1.540432e-01 0.941
  24    7  400 617540 1.537764e-01 0.941
  24    1  500 771540 1.534646e-01 0.941
  24    5  600 925540 1.504867e-01 0.942
  24    0  700 1079540 1.500546e-01 0.949
  24    2  800 1233540 1.482021e-01 0.951
  24    1  900 1387540 1.465319e-01 0.951
  24    2 1000 1541540 1.457515e-01 0.952
  25    0    0   1540 3.899708e-01 0.858
  25   21  100 155540 1.674222e-01 0.911
  25    4  200 309540 1.628067e-01 0.912
  25    5  300 463540 1.625356e-01 0.937
  25    1  400 617540 1.581962e-01 0.937
  25    4  500 771540 1.576400e-01 0.937
  25    5  600 925540 1.562242e-01 0.943
  25   22  700 1079540 1.561654e-01 0.946
  25    5  800 1233540 1.536400e-01 0.946
  25    2  900 1387540 1.522846e-01 0.946
  25    1 1000 1541540 1.454788e-01 0.948
  26    0    0   1540 4.115320e-01 0.840
  26    0  100 155540 1.723308e-01 0.951
  26   15  200 309540 1.642129e-01 0.951
  26    1  300 463540 1.532228e-01 0.951
  26    1  400 617540 1.500592e-01 0.951
  26    0  500 771540 1.472426e-01 0.951
  26    1  600 925540 1.426574e-01 0.951
  26    7  700 1079540 1.422695e-01 0.951
  26    9  800 1233540 1.421209e-01 0.951
  26    5  900 1387540 1.420985e-01 0.951
  26    0 1000 1541540 1.420388e-01 0.951
  27    0    0   1540 3.979463e-01 0.609
  27   16  100 155540 1.545997e-01 0.937
  27    1  200 309540 1.533333e-01 0.939
  27    6  300 463540 1.528431e-01 0.939
  27    1  400 617540 1.524821e-01 0.947
  27    4  500 771540 1.523380e-01 0.947
  27    1  600 925540 1.505886e-01 0.947
  27    1  700 1079540 1.498553e-01 0.947
  27    1  800 1233540 1.494505e-01 0.947
  27    7  900 1387540 1.494322e-01 0.948
  27    1 1000 1541540 1.395535e-01 0.948
  28    0    0   1540 3.043022e-01 0.890
  28   24  100 155540 1.651015e-01 0.942
  28    1  200 309540 1.577019e-01 0.949
  28    7  300 463540 1.538572e-01 0.949
  28   29  400 617540 1.536544e-01 0.949
  28    3  500 771540 1.533650e-01 0.949
  28   15  600 925540 1.532989e-01 0.949
  28   42  700 1079540 1.532917e-01 0.949
  28   29  800 1233540 1.532824e-01 0.949
  28   45  900 1387540 1.531610e-01 0.949
  28   19 1000 1541540 1.531603e-01 0.949
  29    0    0   1540 4.204851e-01 0.787
  29    8  100 155540 1.688209e-01 0.942
  29    3  200 309540 1.551202e-01 0.949
  29    0  300 463540 1.539238e-01 0.949
  29    9  400 617540 1.538625e-01 0.949
  29   25  500 771540 1.537996e-01 0.949
  29    0  600 925540 1.536339e-01 0.949
  29   28  700 1079540 1.534706e-01 0.949
  29   16  800 1233540 1.534683e-01 0.949
  29    9  900 1387540 1.534671e-01 0.949
  29   41 1000 1541540 1.534658e-01 0.949
