Seed:1583566761
N:0 Run:0 0.457795 0.434371 0.454806 0.433071 0.407784 0.454506 0.476224 0.419772 0.396937 0.402207 0.4632 0.413758 0.415932 0.390038 0.450131 0.468779 0.390498 0.415921 0.357313 0.375918 0.405422 1.010230e+00 0.374
N:0 Run:1 0.487656 0.409099 0.476467 0.582816 0.696245 0.703812 0.682485 0.637322 0.66417 0.577189 0.600456 0.592458 0.562619 0.494431 0.439859 0.386149 0.354226 0.369214 0.38986 0.364583 0.371105 1.010230e+00 0.374
N:0 Run:2 0.472461 0.465686 0.437197 0.452866 0.453705 0.604809 0.492989 0.501419 0.490719 0.477168 0.595203 0.607153 0.48882 0.437445 0.393267 0.391523 0.335388 0.369473 0.385779 0.407766 0.418238 1.010230e+00 0.374
N:0 Run:3 0.461133 0.428914 0.515565 0.564094 0.621872 0.613653 0.661207 0.635303 0.638884 0.568027 0.576228 0.56162 0.474644 0.396578 0.437276 0.397721 0.401389 0.370117 0.406447 0.326803 0.360186 1.010230e+00 0.374
N:0 Run:4 0.367234 0.397391 0.153328 0.0647632 0.0327401 0.0215803 0.0182004 0.017329 0.0169769 0.0162033 0.0158547 0.0157229 0.212405 0.290785 0.326117 0.421491 0.383731 0.421827 0.3887 0.393311 0.365998 1.010230e+00 0.374
N:0 Run:5 0.399381 0.339014 0.396988 0.381336 0.371985 0.391963 0.431857 0.417723 0.400715 0.421059 0.515073 0.418477 0.4091 0.384373 0.428092 0.400951 0.388029 0.403767 0.422296 0.415723 0.425826 1.010230e+00 0.374
N:0 Run:6 0.415103 0.402641 0.335956 0.351978 0.318029 0.2684 0.318571 0.27334 0.286104 0.321947 0.302078 0.338333 0.326967 0.300409 0.337223 0.385843 0.402687 0.392707 0.374089 0.363466 0.410252 1.010230e+00 0.374
N:0 Run:7 0.447901 0.378765 0.245525 0.198919 0.160147 0.13271 0.141728 0.155308 0.124623 0.155546 0.169183 0.172284 0.272652 0.301075 0.326881 0.355287 0.382068 0.371228 0.402817 0.390308 0.431347 1.010230e+00 0.374
N:0 Run:8 0.477296 0.451464 0.504462 0.546781 0.603048 0.585754 0.590805 0.549821 0.609289 0.653998 0.657918 0.636515 0.542094 0.482703 0.418742 0.434384 0.4464 0.353961 0.372703 0.370467 0.39608 1.010230e+00 0.374
N:0 Run:9 0.423663 0.405952 0.446917 0.402994 0.384081 0.447886 0.405749 0.361218 0.449243 0.382442 0.354137 0.412538 0.431391 0.373416 0.366609 0.3874 0.347545 0.416602 0.440565 0.384873 0.421521 1.010230e+00 0.374
N:1 Run:0 0.457795 0.437663 0.451286 0.43139 0.411843 0.454058 0.470712 0.421796 0.402308 0.40926 0.465665 0.417313 0.419209 0.392215 0.442829 0.467455 0.391882 0.41937 0.362522 0.380695 0.410708 1.003291e+00 0.388
N:1 Run:1 0.487656 0.41146 0.478956 0.580631 0.680429 0.687617 0.669903 0.63058 0.653905 0.57478 0.597528 0.590998 0.559131 0.48767 0.439465 0.387213 0.356884 0.372461 0.391573 0.366741 0.371755 1.003291e+00 0.388
N:1 Run:2 0.472461 0.460993 0.440149 0.458612 0.460507 0.595141 0.493837 0.504737 0.494879 0.483027 0.585122 0.599446 0.486459 0.434884 0.395517 0.394962 0.3397 0.373579 0.387007 0.408516 0.417448 1.003291e+00 0.388
N:1 Run:3 0.461133 0.430291 0.515136 0.563036 0.616066 0.609738 0.651568 0.628662 0.632544 0.567729 0.575994 0.562212 0.47549 0.39789 0.436359 0.400923 0.401272 0.371818 0.409267 0.330884 0.366464 1.003291e+00 0.388
N:1 Run:4 0.367234 0.400732 0.149981 0.0622274 0.0317763 0.0213861 0.0180089 0.0169849 0.0166177 0.0162408 0.0160927 0.0160406 0.212301 0.291825 0.33053 0.420249 0.387237 0.424292 0.394667 0.3942 0.37075 1.003291e+00 0.388
N:1 Run:5 0.399381 0.342701 0.39618 0.383998 0.372926 0.394268 0.432657 0.419509 0.401813 0.423404 0.508338 0.416577 0.410102 0.387845 0.430355 0.402546 0.392514 0.40327 0.420269 0.417221 0.422847 1.003291e+00 0.388
N:1 Run:6 0.415103 0.404237 0.340122 0.358793 0.323856 0.272932 0.324372 0.277866 0.291782 0.328825 0.308527 0.344816 0.332202 0.303639 0.339651 0.383874 0.402997 0.395464 0.377232 0.364819 0.411786 1.003291e+00 0.388
N:1 Run:7 0.447901 0.38305 0.244962 0.197209 0.155565 0.127614 0.135432 0.151491 0.11744 0.150633 0.166776 0.170788 0.274539 0.304308 0.330439 0.360149 0.385092 0.374888 0.402998 0.393187 0.434678 1.003291e+00 0.388
N:1 Run:8 0.477296 0.447748 0.502943 0.545515 0.597894 0.58414 0.587662 0.550772 0.604817 0.643739 0.646484 0.629438 0.536011 0.472354 0.416888 0.432573 0.442343 0.35475 0.374697 0.369942 0.39758 1.003291e+00 0.388
N:1 Run:9 0.423663 0.40505 0.443591 0.406415 0.388605 0.450125 0.409098 0.365803 0.446715 0.385168 0.357414 0.416441 0.434623 0.377827 0.371043 0.393483 0.352913 0.417162 0.442629 0.388561 0.421245 1.003291e+00 0.388
N:2 Run:0 0.457795 0.437663 0.451286 0.43139 0.411843 0.454058 0.470712 0.421796 0.402308 0.40926 0.465665 0.417313 0.419209 0.392215 0.442829 0.467455 0.391882 0.41937 0.362522 0.380695 0.410708 1.016644e+00 0.453
N:2 Run:1 0.487656 0.41146 0.478956 0.580631 0.680429 0.687617 0.669903 0.63058 0.653905 0.57478 0.597528 0.590998 0.559131 0.48767 0.439465 0.387213 0.356884 0.372461 0.391573 0.366741 0.371755 1.016644e+00 0.453
N:2 Run:2 0.472461 0.460993 0.440149 0.458612 0.460507 0.595141 0.493837 0.504737 0.494879 0.483027 0.585122 0.599446 0.486459 0.434884 0.395517 0.394962 0.3397 0.373579 0.387007 0.408516 0.417448 1.016644e+00 0.453
N:2 Run:3 0.461133 0.430291 0.515136 0.563036 0.616066 0.609738 0.651568 0.628662 0.632544 0.567729 0.575994 0.562212 0.47549 0.39789 0.436359 0.400923 0.401272 0.371818 0.409267 0.330884 0.366464 1.016644e+00 0.453
N:2 Run:4 0.367234 0.400732 0.149981 0.0622274 0.0317763 0.0213861 0.0180089 0.0169849 0.0166177 0.0162408 0.0160927 0.0160406 0.212301 0.291825 0.33053 0.420249 0.387237 0.424292 0.394667 0.3942 0.37075 1.016644e+00 0.453
N:2 Run:5 0.399381 0.342701 0.39618 0.383998 0.372926 0.394268 0.432657 0.419509 0.401813 0.423404 0.508338 0.416577 0.410102 0.387845 0.430355 0.402546 0.392514 0.40327 0.420269 0.417221 0.422847 1.016644e+00 0.453
N:2 Run:6 0.415103 0.404237 0.340122 0.358793 0.323856 0.272932 0.324372 0.277866 0.291782 0.328825 0.308527 0.344816 0.332202 0.303639 0.339651 0.383874 0.402997 0.395464 0.377232 0.364819 0.411786 1.016644e+00 0.453
N:2 Run:7 0.447901 0.38305 0.244962 0.197209 0.155565 0.127614 0.135432 0.151491 0.11744 0.150633 0.166776 0.170788 0.274539 0.304308 0.330439 0.360149 0.385092 0.374888 0.402998 0.393187 0.434678 1.016644e+00 0.453
N:2 Run:8 0.477296 0.447748 0.502943 0.545515 0.597894 0.58414 0.587662 0.550772 0.604817 0.643739 0.646484 0.629438 0.536011 0.472354 0.416888 0.432573 0.442343 0.35475 0.374697 0.369942 0.39758 1.016644e+00 0.453
N:2 Run:9 0.423663 0.40505 0.443591 0.406415 0.388605 0.450125 0.409098 0.365803 0.446715 0.385168 0.357414 0.416441 0.434623 0.377827 0.371043 0.393483 0.352913 0.417162 0.442629 0.388561 0.421245 1.016644e+00 0.453
N:3 Run:0 0.457795 0.437663 0.451286 0.43139 0.411843 0.454058 0.470712 0.421796 0.402308 0.40926 0.465665 0.417313 0.419209 0.392215 0.442829 0.467455 0.391882 0.41937 0.362522 0.380695 0.410708 1.016791e+00 0.449
N:3 Run:1 0.487656 0.41146 0.478956 0.580631 0.680429 0.687617 0.669903 0.63058 0.653905 0.57478 0.597528 0.590998 0.559131 0.48767 0.439465 0.387213 0.356884 0.372461 0.391573 0.366741 0.371755 1.016791e+00 0.449
N:3 Run:2 0.472461 0.460993 0.440149 0.458612 0.460507 0.595141 0.493837 0.504737 0.494879 0.483027 0.585122 0.599446 0.486459 0.434884 0.395517 0.394962 0.3397 0.373579 0.387007 0.408516 0.417448 1.016791e+00 0.449
N:3 Run:3 0.461133 0.430291 0.515136 0.563036 0.616066 0.609738 0.651568 0.628662 0.632544 0.567729 0.575994 0.562212 0.47549 0.39789 0.436359 0.400923 0.401272 0.371818 0.409267 0.330884 0.366464 1.016791e+00 0.449
N:3 Run:4 0.367234 0.400732 0.149981 0.0622274 0.0317763 0.0213861 0.0180089 0.0169849 0.0166177 0.0162408 0.0160927 0.0160406 0.212301 0.291825 0.33053 0.420249 0.387237 0.424292 0.394667 0.3942 0.37075 1.016791e+00 0.449
N:3 Run:5 0.399381 0.342701 0.39618 0.383998 0.372926 0.394268 0.432657 0.419509 0.401813 0.423404 0.508338 0.416577 0.410102 0.387845 0.430355 0.402546 0.392514 0.40327 0.420269 0.417221 0.422847 1.016791e+00 0.449
N:3 Run:6 0.415103 0.404237 0.340122 0.358793 0.323856 0.272932 0.324372 0.277866 0.291782 0.328825 0.308527 0.344816 0.332202 0.303639 0.339651 0.383874 0.402997 0.395464 0.377232 0.364819 0.411786 1.016791e+00 0.449
N:3 Run:7 0.447901 0.38305 0.244962 0.197209 0.155565 0.127614 0.135432 0.151491 0.11744 0.150633 0.166776 0.170788 0.274539 0.304308 0.330439 0.360149 0.385092 0.374888 0.402998 0.393187 0.434678 1.016791e+00 0.449
N:3 Run:8 0.477296 0.447748 0.502943 0.545515 0.597894 0.58414 0.587662 0.550772 0.604817 0.643739 0.646484 0.629438 0.536011 0.472354 0.416888 0.432573 0.442343 0.35475 0.374697 0.369942 0.39758 1.016791e+00 0.449
N:3 Run:9 0.423663 0.40505 0.443591 0.406415 0.388605 0.450125 0.409098 0.365803 0.446715 0.385168 0.357414 0.416441 0.434623 0.377827 0.371043 0.393483 0.352913 0.417162 0.442629 0.388561 0.421245 1.016791e+00 0.449
N:4 Run:0 0.457795 0.437663 0.451286 0.43139 0.411843 0.454058 0.470712 0.421796 0.402308 0.40926 0.465665 0.417313 0.419209 0.392215 0.442829 0.467455 0.391882 0.41937 0.362522 0.380695 0.410708 1.018498e+00 0.435
N:4 Run:1 0.487656 0.41146 0.478956 0.580631 0.680429 0.687617 0.669903 0.63058 0.653905 0.57478 0.597528 0.590998 0.559131 0.48767 0.439465 0.387213 0.356884 0.372461 0.391573 0.366741 0.371755 1.018498e+00 0.435
N:4 Run:2 0.472461 0.460993 0.440149 0.458612 0.460507 0.595141 0.493837 0.504737 0.494879 0.483027 0.585122 0.599446 0.486459 0.434884 0.395517 0.394962 0.3397 0.373579 0.387007 0.408516 0.417448 1.018498e+00 0.435
N:4 Run:3 0.461133 0.430291 0.515136 0.563036 0.616066 0.609738 0.651568 0.628662 0.632544 0.567729 0.575994 0.562212 0.47549 0.39789 0.436359 0.400923 0.401272 0.371818 0.409267 0.330884 0.366464 1.018498e+00 0.435
N:4 Run:4 0.367234 0.400732 0.149981 0.0622274 0.0317763 0.0213861 0.0180089 0.0169849 0.0166177 0.0162408 0.0160927 0.0160406 0.212301 0.291825 0.33053 0.420249 0.387237 0.424292 0.394667 0.3942 0.37075 1.018498e+00 0.435
N:4 Run:5 0.399381 0.342701 0.39618 0.383998 0.372926 0.394268 0.432657 0.419509 0.401813 0.423404 0.508338 0.416577 0.410102 0.387845 0.430355 0.402546 0.392514 0.40327 0.420269 0.417221 0.422847 1.018498e+00 0.435
N:4 Run:6 0.415103 0.404237 0.340122 0.358793 0.323856 0.272932 0.324372 0.277866 0.291782 0.328825 0.308527 0.344816 0.332202 0.303639 0.339651 0.383874 0.402997 0.395464 0.377232 0.364819 0.411786 1.018498e+00 0.435
N:4 Run:7 0.447901 0.38305 0.244962 0.197209 0.155565 0.127614 0.135432 0.151491 0.11744 0.150633 0.166776 0.170788 0.274539 0.304308 0.330439 0.360149 0.385092 0.374888 0.402998 0.393187 0.434678 1.018498e+00 0.435
N:4 Run:8 0.477296 0.447748 0.502943 0.545515 0.597894 0.58414 0.587662 0.550772 0.604817 0.643739 0.646484 0.629438 0.536011 0.472354 0.416888 0.432573 0.442343 0.35475 0.374697 0.369942 0.39758 1.018498e+00 0.435
N:4 Run:9 0.423663 0.40505 0.443591 0.406415 0.388605 0.450125 0.409098 0.365803 0.446715 0.385168 0.357414 0.416441 0.434623 0.377827 0.371043 0.393483 0.352913 0.417162 0.442629 0.388561 0.421245 1.018498e+00 0.435
N:5 Run:0 0.457795 0.437663 0.451286 0.43139 0.411843 0.454058 0.470712 0.421796 0.402308 0.40926 0.465665 0.417313 0.419209 0.392215 0.442829 0.467455 0.391882 0.41937 0.362522 0.380695 0.410708 1.003497e+00 0.414
N:5 Run:1 0.487656 0.41146 0.478956 0.580631 0.680429 0.687617 0.669903 0.63058 0.653905 0.57478 0.597528 0.590998 0.559131 0.48767 0.439465 0.387213 0.356884 0.372461 0.391573 0.366741 0.371755 1.003497e+00 0.414
N:5 Run:2 0.472461 0.460993 0.440149 0.458612 0.460507 0.595141 0.493837 0.504737 0.494879 0.483027 0.585122 0.599446 0.486459 0.434884 0.395517 0.394962 0.3397 0.373579 0.387007 0.408516 0.417448 1.003497e+00 0.414
N:5 Run:3 0.461133 0.430291 0.515136 0.563036 0.616066 0.609738 0.651568 0.628662 0.632544 0.567729 0.575994 0.562212 0.47549 0.39789 0.436359 0.400923 0.401272 0.371818 0.409267 0.330884 0.366464 1.003497e+00 0.414
N:5 Run:4 0.367234 0.400732 0.149981 0.0622274 0.0317763 0.0213861 0.0180089 0.0169849 0.0166177 0.0162408 0.0160927 0.0160406 0.212301 0.291825 0.33053 0.420249 0.387237 0.424292 0.394667 0.3942 0.37075 1.003497e+00 0.414
N:5 Run:5 0.399381 0.342701 0.39618 0.383998 0.372926 0.394268 0.432657 0.419509 0.401813 0.423404 0.508338 0.416577 0.410102 0.387845 0.430355 0.402546 0.392514 0.40327 0.420269 0.417221 0.422847 1.003497e+00 0.414
N:5 Run:6 0.415103 0.404237 0.340122 0.358793 0.323856 0.272932 0.324372 0.277866 0.291782 0.328825 0.308527 0.344816 0.332202 0.303639 0.339651 0.383874 0.402997 0.395464 0.377232 0.364819 0.411786 1.003497e+00 0.414
N:5 Run:7 0.447901 0.38305 0.244962 0.197209 0.155565 0.127614 0.135432 0.151491 0.11744 0.150633 0.166776 0.170788 0.274539 0.304308 0.330439 0.360149 0.385092 0.374888 0.402998 0.393187 0.434678 1.003497e+00 0.414
N:5 Run:8 0.477296 0.447748 0.502943 0.545515 0.597894 0.58414 0.587662 0.550772 0.604817 0.643739 0.646484 0.629438 0.536011 0.472354 0.416888 0.432573 0.442343 0.35475 0.374697 0.369942 0.39758 1.003497e+00 0.414
N:5 Run:9 0.423663 0.40505 0.443591 0.406415 0.388605 0.450125 0.409098 0.365803 0.446715 0.385168 0.357414 0.416441 0.434623 0.377827 0.371043 0.393483 0.352913 0.417162 0.442629 0.388561 0.421245 1.003497e+00 0.414
N:6 Run:0 0.457795 0.437663 0.451286 0.43139 0.411843 0.454058 0.470712 0.421796 0.402308 0.40926 0.465665 0.417313 0.419209 0.392215 0.442829 0.467455 0.391882 0.41937 0.362522 0.380695 0.410708 1.012780e+00 0.442
N:6 Run:1 0.487656 0.41146 0.478956 0.580631 0.680429 0.687617 0.669903 0.63058 0.653905 0.57478 0.597528 0.590998 0.559131 0.48767 0.439465 0.387213 0.356884 0.372461 0.391573 0.366741 0.371755 1.012780e+00 0.442
N:6 Run:2 0.472461 0.460993 0.440149 0.458612 0.460507 0.595141 0.493837 0.504737 0.494879 0.483027 0.585122 0.599446 0.486459 0.434884 0.395517 0.394962 0.3397 0.373579 0.387007 0.408516 0.417448 1.012780e+00 0.442
N:6 Run:3 0.461133 0.430291 0.515136 0.563036 0.616066 0.609738 0.651568 0.628662 0.632544 0.567729 0.575994 0.562212 0.47549 0.39789 0.436359 0.400923 0.401272 0.371818 0.409267 0.330884 0.366464 1.012780e+00 0.442
N:6 Run:4 0.367234 0.400732 0.149981 0.0622274 0.0317763 0.0213861 0.0180089 0.0169849 0.0166177 0.0162408 0.0160927 0.0160406 0.212301 0.291825 0.33053 0.420249 0.387237 0.424292 0.394667 0.3942 0.37075 1.012780e+00 0.442
N:6 Run:5 0.399381 0.342701 0.39618 0.383998 0.372926 0.394268 0.432657 0.419509 0.401813 0.423404 0.508338 0.416577 0.410102 0.387845 0.430355 0.402546 0.392514 0.40327 0.420269 0.417221 0.422847 1.012780e+00 0.442
N:6 Run:6 0.415103 0.404237 0.340122 0.358793 0.323856 0.272932 0.324372 0.277866 0.291782 0.328825 0.308527 0.344816 0.332202 0.303639 0.339651 0.383874 0.402997 0.395464 0.377232 0.364819 0.411786 1.012780e+00 0.442
N:6 Run:7 0.447901 0.38305 0.244962 0.197209 0.155565 0.127614 0.135432 0.151491 0.11744 0.150633 0.166776 0.170788 0.274539 0.304308 0.330439 0.360149 0.385092 0.374888 0.402998 0.393187 0.434678 1.012780e+00 0.442
N:6 Run:8 0.477296 0.447748 0.502943 0.545515 0.597894 0.58414 0.587662 0.550772 0.604817 0.643739 0.646484 0.629438 0.536011 0.472354 0.416888 0.432573 0.442343 0.35475 0.374697 0.369942 0.39758 1.012780e+00 0.442
N:6 Run:9 0.423663 0.40505 0.443591 0.406415 0.388605 0.450125 0.409098 0.365803 0.446715 0.385168 0.357414 0.416441 0.434623 0.377827 0.371043 0.393483 0.352913 0.417162 0.442629 0.388561 0.421245 1.012780e+00 0.442
N:7 Run:0 0.457795 0.437663 0.451286 0.43139 0.411843 0.454058 0.470712 0.421796 0.402308 0.40926 0.465665 0.417313 0.419209 0.392215 0.442829 0.467455 0.391882 0.41937 0.362522 0.380695 0.410708 1.015956e+00 0.388
N:7 Run:1 0.487656 0.41146 0.478956 0.580631 0.680429 0.687617 0.669903 0.63058 0.653905 0.57478 0.597528 0.590998 0.559131 0.48767 0.439465 0.387213 0.356884 0.372461 0.391573 0.366741 0.371755 1.015956e+00 0.388
N:7 Run:2 0.472461 0.460993 0.440149 0.458612 0.460507 0.595141 0.493837 0.504737 0.494879 0.483027 0.585122 0.599446 0.486459 0.434884 0.395517 0.394962 0.3397 0.373579 0.387007 0.408516 0.417448 1.015956e+00 0.388
N:7 Run:3 0.461133 0.430291 0.515136 0.563036 0.616066 0.609738 0.651568 0.628662 0.632544 0.567729 0.575994 0.562212 0.47549 0.39789 0.436359 0.400923 0.401272 0.371818 0.409267 0.330884 0.366464 1.015956e+00 0.388
N:7 Run:4 0.367234 0.400732 0.149981 0.0622274 0.0317763 0.0213861 0.0180089 0.0169849 0.0166177 0.0162408 0.0160927 0.0160406 0.212301 0.291825 0.33053 0.420249 0.387237 0.424292 0.394667 0.3942 0.37075 1.015956e+00 0.388
N:7 Run:5 0.399381 0.342701 0.39618 0.383998 0.372926 0.394268 0.432657 0.419509 0.401813 0.423404 0.508338 0.416577 0.410102 0.387845 0.430355 0.402546 0.392514 0.40327 0.420269 0.417221 0.422847 1.015956e+00 0.388
N:7 Run:6 0.415103 0.404237 0.340122 0.358793 0.323856 0.272932 0.324372 0.277866 0.291782 0.328825 0.308527 0.344816 0.332202 0.303639 0.339651 0.383874 0.402997 0.395464 0.377232 0.364819 0.411786 1.015956e+00 0.388
N:7 Run:7 0.447901 0.38305 0.244962 0.197209 0.155565 0.127614 0.135432 0.151491 0.11744 0.150633 0.166776 0.170788 0.274539 0.304308 0.330439 0.360149 0.385092 0.374888 0.402998 0.393187 0.434678 1.015956e+00 0.388
N:7 Run:8 0.477296 0.447748 0.502943 0.545515 0.597894 0.58414 0.587662 0.550772 0.604817 0.643739 0.646484 0.629438 0.536011 0.472354 0.416888 0.432573 0.442343 0.35475 0.374697 0.369942 0.39758 1.015956e+00 0.388
N:7 Run:9 0.423663 0.40505 0.443591 0.406415 0.388605 0.450125 0.409098 0.365803 0.446715 0.385168 0.357414 0.416441 0.434623 0.377827 0.371043 0.393483 0.352913 0.417162 0.442629 0.388561 0.421245 1.015956e+00 0.388
N:8 Run:0 0.457795 0.437663 0.451286 0.43139 0.411843 0.454058 0.470712 0.421796 0.402308 0.40926 0.465665 0.417313 0.419209 0.392215 0.442829 0.467455 0.391882 0.41937 0.362522 0.380695 0.410708 1.010334e+00 0.420
N:8 Run:1 0.487656 0.41146 0.478956 0.580631 0.680429 0.687617 0.669903 0.63058 0.653905 0.57478 0.597528 0.590998 0.559131 0.48767 0.439465 0.387213 0.356884 0.372461 0.391573 0.366741 0.371755 1.010334e+00 0.420
N:8 Run:2 0.472461 0.460993 0.440149 0.458612 0.460507 0.595141 0.493837 0.504737 0.494879 0.483027 0.585122 0.599446 0.486459 0.434884 0.395517 0.394962 0.3397 0.373579 0.387007 0.408516 0.417448 1.010334e+00 0.420
N:8 Run:3 0.461133 0.430291 0.515136 0.563036 0.616066 0.609738 0.651568 0.628662 0.632544 0.567729 0.575994 0.562212 0.47549 0.39789 0.436359 0.400923 0.401272 0.371818 0.409267 0.330884 0.366464 1.010334e+00 0.420
N:8 Run:4 0.367234 0.400732 0.149981 0.0622274 0.0317763 0.0213861 0.0180089 0.0169849 0.0166177 0.0162408 0.0160927 0.0160406 0.212301 0.291825 0.33053 0.420249 0.387237 0.424292 0.394667 0.3942 0.37075 1.010334e+00 0.420
N:8 Run:5 0.399381 0.342701 0.39618 0.383998 0.372926 0.394268 0.432657 0.419509 0.401813 0.423404 0.508338 0.416577 0.410102 0.387845 0.430355 0.402546 0.392514 0.40327 0.420269 0.417221 0.422847 1.010334e+00 0.420
N:8 Run:6 0.415103 0.404237 0.340122 0.358793 0.323856 0.272932 0.324372 0.277866 0.291782 0.328825 0.308527 0.344816 0.332202 0.303639 0.339651 0.383874 0.402997 0.395464 0.377232 0.364819 0.411786 1.010334e+00 0.420
N:8 Run:7 0.447901 0.38305 0.244962 0.197209 0.155565 0.127614 0.135432 0.151491 0.11744 0.150633 0.166776 0.170788 0.274539 0.304308 0.330439 0.360149 0.385092 0.374888 0.402998 0.393187 0.434678 1.010334e+00 0.420
N:8 Run:8 0.477296 0.447748 0.502943 0.545515 0.597894 0.58414 0.587662 0.550772 0.604817 0.643739 0.646484 0.629438 0.536011 0.472354 0.416888 0.432573 0.442343 0.35475 0.374697 0.369942 0.39758 1.010334e+00 0.420
N:8 Run:9 0.423663 0.40505 0.443591 0.406415 0.388605 0.450125 0.409098 0.365803 0.446715 0.385168 0.357414 0.416441 0.434623 0.377827 0.371043 0.393483 0.352913 0.417162 0.442629 0.388561 0.421245 1.010334e+00 0.420
N:9 Run:0 0.457795 0.437663 0.451286 0.43139 0.411843 0.454058 0.470712 0.421796 0.402308 0.40926 0.465665 0.417313 0.419209 0.392215 0.442829 0.467455 0.391882 0.41937 0.362522 0.380695 0.410708 1.019272e+00 0.414
N:9 Run:1 0.487656 0.41146 0.478956 0.580631 0.680429 0.687617 0.669903 0.63058 0.653905 0.57478 0.597528 0.590998 0.559131 0.48767 0.439465 0.387213 0.356884 0.372461 0.391573 0.366741 0.371755 1.019272e+00 0.414
N:9 Run:2 0.472461 0.460993 0.440149 0.458612 0.460507 0.595141 0.493837 0.504737 0.494879 0.483027 0.585122 0.599446 0.486459 0.434884 0.395517 0.394962 0.3397 0.373579 0.387007 0.408516 0.417448 1.019272e+00 0.414
N:9 Run:3 0.461133 0.430291 0.515136 0.563036 0.616066 0.609738 0.651568 0.628662 0.632544 0.567729 0.575994 0.562212 0.47549 0.39789 0.436359 0.400923 0.401272 0.371818 0.409267 0.330884 0.366464 1.019272e+00 0.414
N:9 Run:4 0.367234 0.400732 0.149981 0.0622274 0.0317763 0.0213861 0.0180089 0.0169849 0.0166177 0.0162408 0.0160927 0.0160406 0.212301 0.291825 0.33053 0.420249 0.387237 0.424292 0.394667 0.3942 0.37075 1.019272e+00 0.414
N:9 Run:5 0.399381 0.342701 0.39618 0.383998 0.372926 0.394268 0.432657 0.419509 0.401813 0.423404 0.508338 0.416577 0.410102 0.387845 0.430355 0.402546 0.392514 0.40327 0.420269 0.417221 0.422847 1.019272e+00 0.414
N:9 Run:6 0.415103 0.404237 0.340122 0.358793 0.323856 0.272932 0.324372 0.277866 0.291782 0.328825 0.308527 0.344816 0.332202 0.303639 0.339651 0.383874 0.402997 0.395464 0.377232 0.364819 0.411786 1.019272e+00 0.414
N:9 Run:7 0.447901 0.38305 0.244962 0.197209 0.155565 0.127614 0.135432 0.151491 0.11744 0.150633 0.166776 0.170788 0.274539 0.304308 0.330439 0.360149 0.385092 0.374888 0.402998 0.393187 0.434678 1.019272e+00 0.414
N:9 Run:8 0.477296 0.447748 0.502943 0.545515 0.597894 0.58414 0.587662 0.550772 0.604817 0.643739 0.646484 0.629438 0.536011 0.472354 0.416888 0.432573 0.442343 0.35475 0.374697 0.369942 0.39758 1.019272e+00 0.414
N:9 Run:9 0.423663 0.40505 0.443591 0.406415 0.388605 0.450125 0.409098 0.365803 0.446715 0.385168 0.357414 0.416441 0.434623 0.377827 0.371043 0.393483 0.352913 0.417162 0.442629 0.388561 0.421245 1.019272e+00 0.414
N:10 Run:0 0.457795 0.437663 0.451286 0.43139 0.411843 0.454058 0.470712 0.421796 0.402308 0.40926 0.465665 0.417313 0.419209 0.392215 0.442829 0.467455 0.391882 0.41937 0.362522 0.380695 0.410708 1.009346e+00 0.411
N:10 Run:1 0.487656 0.41146 0.478956 0.580631 0.680429 0.687617 0.669903 0.63058 0.653905 0.57478 0.597528 0.590998 0.559131 0.48767 0.439465 0.387213 0.356884 0.372461 0.391573 0.366741 0.371755 1.009346e+00 0.411
N:10 Run:2 0.472461 0.460993 0.440149 0.458612 0.460507 0.595141 0.493837 0.504737 0.494879 0.483027 0.585122 0.599446 0.486459 0.434884 0.395517 0.394962 0.3397 0.373579 0.387007 0.408516 0.417448 1.009346e+00 0.411
N:10 Run:3 0.461133 0.430291 0.515136 0.563036 0.616066 0.609738 0.651568 0.628662 0.632544 0.567729 0.575994 0.562212 0.47549 0.39789 0.436359 0.400923 0.401272 0.371818 0.409267 0.330884 0.366464 1.009346e+00 0.411
N:10 Run:4 0.367234 0.400732 0.149981 0.0622274 0.0317763 0.0213861 0.0180089 0.0169849 0.0166177 0.0162408 0.0160927 0.0160406 0.212301 0.291825 0.33053 0.420249 0.387237 0.424292 0.394667 0.3942 0.37075 1.009346e+00 0.411
N:10 Run:5 0.399381 0.342701 0.39618 0.383998 0.372926 0.394268 0.432657 0.419509 0.401813 0.423404 0.508338 0.416577 0.410102 0.387845 0.430355 0.402546 0.392514 0.40327 0.420269 0.417221 0.422847 1.009346e+00 0.411
N:10 Run:6 0.415103 0.404237 0.340122 0.358793 0.323856 0.272932 0.324372 0.277866 0.291782 0.328825 0.308527 0.344816 0.332202 0.303639 0.339651 0.383874 0.402997 0.395464 0.377232 0.364819 0.411786 1.009346e+00 0.411
N:10 Run:7 0.447901 0.38305 0.244962 0.197209 0.155565 0.127614 0.135432 0.151491 0.11744 0.150633 0.166776 0.170788 0.274539 0.304308 0.330439 0.360149 0.385092 0.374888 0.402998 0.393187 0.434678 1.009346e+00 0.411
N:10 Run:8 0.477296 0.447748 0.502943 0.545515 0.597894 0.58414 0.587662 0.550772 0.604817 0.643739 0.646484 0.629438 0.536011 0.472354 0.416888 0.432573 0.442343 0.35475 0.374697 0.369942 0.39758 1.009346e+00 0.411
N:10 Run:9 0.423663 0.40505 0.443591 0.406415 0.388605 0.450125 0.409098 0.365803 0.446715 0.385168 0.357414 0.416441 0.434623 0.377827 0.371043 0.393483 0.352913 0.417162 0.442629 0.388561 0.421245 1.009346e+00 0.411
N:11 Run:0 0.457795 0.437663 0.451286 0.43139 0.411843 0.454058 0.470712 0.421796 0.402308 0.40926 0.465665 0.417313 0.419209 0.392215 0.442829 0.467455 0.391882 0.41937 0.362522 0.380695 0.410708 1.009844e+00 0.462
N:11 Run:1 0.487656 0.41146 0.478956 0.580631 0.680429 0.687617 0.669903 0.63058 0.653905 0.57478 0.597528 0.590998 0.559131 0.48767 0.439465 0.387213 0.356884 0.372461 0.391573 0.366741 0.371755 1.009844e+00 0.462
N:11 Run:2 0.472461 0.460993 0.440149 0.458612 0.460507 0.595141 0.493837 0.504737 0.494879 0.483027 0.585122 0.599446 0.486459 0.434884 0.395517 0.394962 0.3397 0.373579 0.387007 0.408516 0.417448 1.009844e+00 0.462
N:11 Run:3 0.461133 0.430291 0.515136 0.563036 0.616066 0.609738 0.651568 0.628662 0.632544 0.567729 0.575994 0.562212 0.47549 0.39789 0.436359 0.400923 0.401272 0.371818 0.409267 0.330884 0.366464 1.009844e+00 0.462
N:11 Run:4 0.367234 0.400732 0.149981 0.0622274 0.0317763 0.0213861 0.0180089 0.0169849 0.0166177 0.0162408 0.0160927 0.0160406 0.212301 0.291825 0.33053 0.420249 0.387237 0.424292 0.394667 0.3942 0.37075 1.009844e+00 0.462
N:11 Run:5 0.399381 0.342701 0.39618 0.383998 0.372926 0.394268 0.432657 0.419509 0.401813 0.423404 0.508338 0.416577 0.410102 0.387845 0.430355 0.402546 0.392514 0.40327 0.420269 0.417221 0.422847 1.009844e+00 0.462
N:11 Run:6 0.415103 0.404237 0.340122 0.358793 0.323856 0.272932 0.324372 0.277866 0.291782 0.328825 0.308527 0.344816 0.332202 0.303639 0.339651 0.383874 0.402997 0.395464 0.377232 0.364819 0.411786 1.009844e+00 0.462
N:11 Run:7 0.447901 0.38305 0.244962 0.197209 0.155565 0.127614 0.135432 0.151491 0.11744 0.150633 0.166776 0.170788 0.274539 0.304308 0.330439 0.360149 0.385092 0.374888 0.402998 0.393187 0.434678 1.009844e+00 0.462
N:11 Run:8 0.477296 0.447748 0.502943 0.545515 0.597894 0.58414 0.587662 0.550772 0.604817 0.643739 0.646484 0.629438 0.536011 0.472354 0.416888 0.432573 0.442343 0.35475 0.374697 0.369942 0.39758 1.009844e+00 0.462
N:11 Run:9 0.423663 0.40505 0.443591 0.406415 0.388605 0.450125 0.409098 0.365803 0.446715 0.385168 0.357414 0.416441 0.434623 0.377827 0.371043 0.393483 0.352913 0.417162 0.442629 0.388561 0.421245 1.009844e+00 0.462
N:12 Run:0 0.457795 0.437663 0.451286 0.43139 0.411843 0.454058 0.470712 0.421796 0.402308 0.40926 0.465665 0.417313 0.419209 0.392215 0.442829 0.467455 0.391882 0.41937 0.362522 0.380695 0.410708 1.018263e+00 0.408
N:12 Run:1 0.487656 0.41146 0.478956 0.580631 0.680429 0.687617 0.669903 0.63058 0.653905 0.57478 0.597528 0.590998 0.559131 0.48767 0.439465 0.387213 0.356884 0.372461 0.391573 0.366741 0.371755 1.018263e+00 0.408
N:12 Run:2 0.472461 0.460993 0.440149 0.458612 0.460507 0.595141 0.493837 0.504737 0.494879 0.483027 0.585122 0.599446 0.486459 0.434884 0.395517 0.394962 0.3397 0.373579 0.387007 0.408516 0.417448 1.018263e+00 0.408
N:12 Run:3 0.461133 0.430291 0.515136 0.563036 0.616066 0.609738 0.651568 0.628662 0.632544 0.567729 0.575994 0.562212 0.47549 0.39789 0.436359 0.400923 0.401272 0.371818 0.409267 0.330884 0.366464 1.018263e+00 0.408
N:12 Run:4 0.367234 0.400732 0.149981 0.0622274 0.0317763 0.0213861 0.0180089 0.0169849 0.0166177 0.0162408 0.0160927 0.0160406 0.212301 0.291825 0.33053 0.420249 0.387237 0.424292 0.394667 0.3942 0.37075 1.018263e+00 0.408
N:12 Run:5 0.399381 0.342701 0.39618 0.383998 0.372926 0.394268 0.432657 0.419509 0.401813 0.423404 0.508338 0.416577 0.410102 0.387845 0.430355 0.402546 0.392514 0.40327 0.420269 0.417221 0.422847 1.018263e+00 0.408
N:12 Run:6 0.415103 0.404237 0.340122 0.358793 0.323856 0.272932 0.324372 0.277866 0.291782 0.328825 0.308527 0.344816 0.332202 0.303639 0.339651 0.383874 0.402997 0.395464 0.377232 0.364819 0.411786 1.018263e+00 0.408
N:12 Run:7 0.447901 0.38305 0.244962 0.197209 0.155565 0.127614 0.135432 0.151491 0.11744 0.150633 0.166776 0.170788 0.274539 0.304308 0.330439 0.360149 0.385092 0.374888 0.402998 0.393187 0.434678 1.018263e+00 0.408
N:12 Run:8 0.477296 0.447748 0.502943 0.545515 0.597894 0.58414 0.587662 0.550772 0.604817 0.643739 0.646484 0.629438 0.536011 0.472354 0.416888 0.432573 0.442343 0.35475 0.374697 0.369942 0.39758 1.018263e+00 0.408
N:12 Run:9 0.423663 0.40505 0.443591 0.406415 0.388605 0.450125 0.409098 0.365803 0.446715 0.385168 0.357414 0.416441 0.434623 0.377827 0.371043 0.393483 0.352913 0.417162 0.442629 0.388561 0.421245 1.018263e+00 0.408
N:13 Run:0 0.457795 0.437663 0.451286 0.43139 0.411843 0.454058 0.470712 0.421796 0.402308 0.40926 0.465665 0.417313 0.419209 0.392215 0.442829 0.467455 0.391882 0.41937 0.362522 0.380695 0.410708 1.018083e+00 0.475
N:13 Run:1 0.487656 0.41146 0.478956 0.580631 0.680429 0.687617 0.669903 0.63058 0.653905 0.57478 0.597528 0.590998 0.559131 0.48767 0.439465 0.387213 0.356884 0.372461 0.391573 0.366741 0.371755 1.018083e+00 0.475
N:13 Run:2 0.472461 0.460993 0.440149 0.458612 0.460507 0.595141 0.493837 0.504737 0.494879 0.483027 0.585122 0.599446 0.486459 0.434884 0.395517 0.394962 0.3397 0.373579 0.387007 0.408516 0.417448 1.018083e+00 0.475
N:13 Run:3 0.461133 0.430291 0.515136 0.563036 0.616066 0.609738 0.651568 0.628662 0.632544 0.567729 0.575994 0.562212 0.47549 0.39789 0.436359 0.400923 0.401272 0.371818 0.409267 0.330884 0.366464 1.018083e+00 0.475
N:13 Run:4 0.367234 0.400732 0.149981 0.0622274 0.0317763 0.0213861 0.0180089 0.0169849 0.0166177 0.0162408 0.0160927 0.0160406 0.212301 0.291825 0.33053 0.420249 0.387237 0.424292 0.394667 0.3942 0.37075 1.018083e+00 0.475
N:13 Run:5 0.399381 0.342701 0.39618 0.383998 0.372926 0.394268 0.432657 0.419509 0.401813 0.423404 0.508338 0.416577 0.410102 0.387845 0.430355 0.402546 0.392514 0.40327 0.420269 0.417221 0.422847 1.018083e+00 0.475
N:13 Run:6 0.415103 0.404237 0.340122 0.358793 0.323856 0.272932 0.324372 0.277866 0.291782 0.328825 0.308527 0.344816 0.332202 0.303639 0.339651 0.383874 0.402997 0.395464 0.377232 0.364819 0.411786 1.018083e+00 0.475
N:13 Run:7 0.447901 0.38305 0.244962 0.197209 0.155565 0.127614 0.135432 0.151491 0.11744 0.150633 0.166776 0.170788 0.274539 0.304308 0.330439 0.360149 0.385092 0.374888 0.402998 0.393187 0.434678 1.018083e+00 0.475
N:13 Run:8 0.477296 0.447748 0.502943 0.545515 0.597894 0.58414 0.587662 0.550772 0.604817 0.643739 0.646484 0.629438 0.536011 0.472354 0.416888 0.432573 0.442343 0.35475 0.374697 0.369942 0.39758 1.018083e+00 0.475
N:13 Run:9 0.423663 0.40505 0.443591 0.406415 0.388605 0.450125 0.409098 0.365803 0.446715 0.385168 0.357414 0.416441 0.434623 0.377827 0.371043 0.393483 0.352913 0.417162 0.442629 0.388561 0.421245 1.018083e+00 0.475
N:14 Run:0 0.457795 0.437663 0.451286 0.43139 0.411843 0.454058 0.470712 0.421796 0.402308 0.40926 0.465665 0.417313 0.419209 0.392215 0.442829 0.467455 0.391882 0.41937 0.362522 0.380695 0.410708 1.007501e+00 0.439
N:14 Run:1 0.487656 0.41146 0.478956 0.580631 0.680429 0.687617 0.669903 0.63058 0.653905 0.57478 0.597528 0.590998 0.559131 0.48767 0.439465 0.387213 0.356884 0.372461 0.391573 0.366741 0.371755 1.007501e+00 0.439
N:14 Run:2 0.472461 0.460993 0.440149 0.458612 0.460507 0.595141 0.493837 0.504737 0.494879 0.483027 0.585122 0.599446 0.486459 0.434884 0.395517 0.394962 0.3397 0.373579 0.387007 0.408516 0.417448 1.007501e+00 0.439
N:14 Run:3 0.461133 0.430291 0.515136 0.563036 0.616066 0.609738 0.651568 0.628662 0.632544 0.567729 0.575994 0.562212 0.47549 0.39789 0.436359 0.400923 0.401272 0.371818 0.409267 0.330884 0.366464 1.007501e+00 0.439
N:14 Run:4 0.367234 0.400732 0.149981 0.0622274 0.0317763 0.0213861 0.0180089 0.0169849 0.0166177 0.0162408 0.0160927 0.0160406 0.212301 0.291825 0.33053 0.420249 0.387237 0.424292 0.394667 0.3942 0.37075 1.007501e+00 0.439
N:14 Run:5 0.399381 0.342701 0.39618 0.383998 0.372926 0.394268 0.432657 0.419509 0.401813 0.423404 0.508338 0.416577 0.410102 0.387845 0.430355 0.402546 0.392514 0.40327 0.420269 0.417221 0.422847 1.007501e+00 0.439
N:14 Run:6 0.415103 0.404237 0.340122 0.358793 0.323856 0.272932 0.324372 0.277866 0.291782 0.328825 0.308527 0.344816 0.332202 0.303639 0.339651 0.383874 0.402997 0.395464 0.377232 0.364819 0.411786 1.007501e+00 0.439
N:14 Run:7 0.447901 0.38305 0.244962 0.197209 0.155565 0.127614 0.135432 0.151491 0.11744 0.150633 0.166776 0.170788 0.274539 0.304308 0.330439 0.360149 0.385092 0.374888 0.402998 0.393187 0.434678 1.007501e+00 0.439
N:14 Run:8 0.477296 0.447748 0.502943 0.545515 0.597894 0.58414 0.587662 0.550772 0.604817 0.643739 0.646484 0.629438 0.536011 0.472354 0.416888 0.432573 0.442343 0.35475 0.374697 0.369942 0.39758 1.007501e+00 0.439
N:14 Run:9 0.423663 0.40505 0.443591 0.406415 0.388605 0.450125 0.409098 0.365803 0.446715 0.385168 0.357414 0.416441 0.434623 0.377827 0.371043 0.393483 0.352913 0.417162 0.442629 0.388561 0.421245 1.007501e+00 0.439
N:15 Run:0 0.457795 0.437663 0.451286 0.43139 0.411843 0.454058 0.470712 0.421796 0.402308 0.40926 0.465665 0.417313 0.419209 0.392215 0.442829 0.467455 0.391882 0.41937 0.362522 0.380695 0.410708 1.019613e+00 0.338
N:15 Run:1 0.487656 0.41146 0.478956 0.580631 0.680429 0.687617 0.669903 0.63058 0.653905 0.57478 0.597528 0.590998 0.559131 0.48767 0.439465 0.387213 0.356884 0.372461 0.391573 0.366741 0.371755 1.019613e+00 0.338
N:15 Run:2 0.472461 0.460993 0.440149 0.458612 0.460507 0.595141 0.493837 0.504737 0.494879 0.483027 0.585122 0.599446 0.486459 0.434884 0.395517 0.394962 0.3397 0.373579 0.387007 0.408516 0.417448 1.019613e+00 0.338
N:15 Run:3 0.461133 0.430291 0.515136 0.563036 0.616066 0.609738 0.651568 0.628662 0.632544 0.567729 0.575994 0.562212 0.47549 0.39789 0.436359 0.400923 0.401272 0.371818 0.409267 0.330884 0.366464 1.019613e+00 0.338
N:15 Run:4 0.367234 0.400732 0.149981 0.0622274 0.0317763 0.0213861 0.0180089 0.0169849 0.0166177 0.0162408 0.0160927 0.0160406 0.212301 0.291825 0.33053 0.420249 0.387237 0.424292 0.394667 0.3942 0.37075 1.019613e+00 0.338
N:15 Run:5 0.399381 0.342701 0.39618 0.383998 0.372926 0.394268 0.432657 0.419509 0.401813 0.423404 0.508338 0.416577 0.410102 0.387845 0.430355 0.402546 0.392514 0.40327 0.420269 0.417221 0.422847 1.019613e+00 0.338
N:15 Run:6 0.415103 0.404237 0.340122 0.358793 0.323856 0.272932 0.324372 0.277866 0.291782 0.328825 0.308527 0.344816 0.332202 0.303639 0.339651 0.383874 0.402997 0.395464 0.377232 0.364819 0.411786 1.019613e+00 0.338
N:15 Run:7 0.447901 0.38305 0.244962 0.197209 0.155565 0.127614 0.135432 0.151491 0.11744 0.150633 0.166776 0.170788 0.274539 0.304308 0.330439 0.360149 0.385092 0.374888 0.402998 0.393187 0.434678 1.019613e+00 0.338
N:15 Run:8 0.477296 0.447748 0.502943 0.545515 0.597894 0.58414 0.587662 0.550772 0.604817 0.643739 0.646484 0.629438 0.536011 0.472354 0.416888 0.432573 0.442343 0.35475 0.374697 0.369942 0.39758 1.019613e+00 0.338
N:15 Run:9 0.423663 0.40505 0.443591 0.406415 0.388605 0.450125 0.409098 0.365803 0.446715 0.385168 0.357414 0.416441 0.434623 0.377827 0.371043 0.393483 0.352913 0.417162 0.442629 0.388561 0.421245 1.019613e+00 0.338
N:16 Run:0 0.457795 0.437663 0.451286 0.43139 0.411843 0.454058 0.470712 0.421796 0.402308 0.40926 0.465665 0.417313 0.419209 0.392215 0.442829 0.467455 0.391882 0.41937 0.362522 0.380695 0.410708 1.015896e+00 0.469
N:16 Run:1 0.487656 0.41146 0.478956 0.580631 0.680429 0.687617 0.669903 0.63058 0.653905 0.57478 0.597528 0.590998 0.559131 0.48767 0.439465 0.387213 0.356884 0.372461 0.391573 0.366741 0.371755 1.015896e+00 0.469
N:16 Run:2 0.472461 0.460993 0.440149 0.458612 0.460507 0.595141 0.493837 0.504737 0.494879 0.483027 0.585122 0.599446 0.486459 0.434884 0.395517 0.394962 0.3397 0.373579 0.387007 0.408516 0.417448 1.015896e+00 0.469
N:16 Run:3 0.461133 0.430291 0.515136 0.563036 0.616066 0.609738 0.651568 0.628662 0.632544 0.567729 0.575994 0.562212 0.47549 0.39789 0.436359 0.400923 0.401272 0.371818 0.409267 0.330884 0.366464 1.015896e+00 0.469
N:16 Run:4 0.367234 0.400732 0.149981 0.0622274 0.0317763 0.0213861 0.0180089 0.0169849 0.0166177 0.0162408 0.0160927 0.0160406 0.212301 0.291825 0.33053 0.420249 0.387237 0.424292 0.394667 0.3942 0.37075 1.015896e+00 0.469
N:16 Run:5 0.399381 0.342701 0.39618 0.383998 0.372926 0.394268 0.432657 0.419509 0.401813 0.423404 0.508338 0.416577 0.410102 0.387845 0.430355 0.402546 0.392514 0.40327 0.420269 0.417221 0.422847 1.015896e+00 0.469
N:16 Run:6 0.415103 0.404237 0.340122 0.358793 0.323856 0.272932 0.324372 0.277866 0.291782 0.328825 0.308527 0.344816 0.332202 0.303639 0.339651 0.383874 0.402997 0.395464 0.377232 0.364819 0.411786 1.015896e+00 0.469
N:16 Run:7 0.447901 0.38305 0.244962 0.197209 0.155565 0.127614 0.135432 0.151491 0.11744 0.150633 0.166776 0.170788 0.274539 0.304308 0.330439 0.360149 0.385092 0.374888 0.402998 0.393187 0.434678 1.015896e+00 0.469
N:16 Run:8 0.477296 0.447748 0.502943 0.545515 0.597894 0.58414 0.587662 0.550772 0.604817 0.643739 0.646484 0.629438 0.536011 0.472354 0.416888 0.432573 0.442343 0.35475 0.374697 0.369942 0.39758 1.015896e+00 0.469
N:16 Run:9 0.423663 0.40505 0.443591 0.406415 0.388605 0.450125 0.409098 0.365803 0.446715 0.385168 0.357414 0.416441 0.434623 0.377827 0.371043 0.393483 0.352913 0.417162 0.442629 0.388561 0.421245 1.015896e+00 0.469
N:17 Run:0 0.457795 0.437663 0.451286 0.43139 0.411843 0.454058 0.470712 0.421796 0.402308 0.40926 0.465665 0.417313 0.419209 0.392215 0.442829 0.467455 0.391882 0.41937 0.362522 0.380695 0.410708 1.016558e+00 0.424
N:17 Run:1 0.487656 0.41146 0.478956 0.580631 0.680429 0.687617 0.669903 0.63058 0.653905 0.57478 0.597528 0.590998 0.559131 0.48767 0.439465 0.387213 0.356884 0.372461 0.391573 0.366741 0.371755 1.016558e+00 0.424
N:17 Run:2 0.472461 0.460993 0.440149 0.458612 0.460507 0.595141 0.493837 0.504737 0.494879 0.483027 0.585122 0.599446 0.486459 0.434884 0.395517 0.394962 0.3397 0.373579 0.387007 0.408516 0.417448 1.016558e+00 0.424
N:17 Run:3 0.461133 0.430291 0.515136 0.563036 0.616066 0.609738 0.651568 0.628662 0.632544 0.567729 0.575994 0.562212 0.47549 0.39789 0.436359 0.400923 0.401272 0.371818 0.409267 0.330884 0.366464 1.016558e+00 0.424
N:17 Run:4 0.367234 0.400732 0.149981 0.0622274 0.0317763 0.0213861 0.0180089 0.0169849 0.0166177 0.0162408 0.0160927 0.0160406 0.212301 0.291825 0.33053 0.420249 0.387237 0.424292 0.394667 0.3942 0.37075 1.016558e+00 0.424
N:17 Run:5 0.399381 0.342701 0.39618 0.383998 0.372926 0.394268 0.432657 0.419509 0.401813 0.423404 0.508338 0.416577 0.410102 0.387845 0.430355 0.402546 0.392514 0.40327 0.420269 0.417221 0.422847 1.016558e+00 0.424
N:17 Run:6 0.415103 0.404237 0.340122 0.358793 0.323856 0.272932 0.324372 0.277866 0.291782 0.328825 0.308527 0.344816 0.332202 0.303639 0.339651 0.383874 0.402997 0.395464 0.377232 0.364819 0.411786 1.016558e+00 0.424
N:17 Run:7 0.447901 0.38305 0.244962 0.197209 0.155565 0.127614 0.135432 0.151491 0.11744 0.150633 0.166776 0.170788 0.274539 0.304308 0.330439 0.360149 0.385092 0.374888 0.402998 0.393187 0.434678 1.016558e+00 0.424
N:17 Run:8 0.477296 0.447748 0.502943 0.545515 0.597894 0.58414 0.587662 0.550772 0.604817 0.643739 0.646484 0.629438 0.536011 0.472354 0.416888 0.432573 0.442343 0.35475 0.374697 0.369942 0.39758 1.016558e+00 0.424
N:17 Run:9 0.423663 0.40505 0.443591 0.406415 0.388605 0.450125 0.409098 0.365803 0.446715 0.385168 0.357414 0.416441 0.434623 0.377827 0.371043 0.393483 0.352913 0.417162 0.442629 0.388561 0.421245 1.016558e+00 0.424
N:18 Run:0 0.457795 0.437663 0.451286 0.43139 0.411843 0.454058 0.470712 0.421796 0.402308 0.40926 0.465665 0.417313 0.419209 0.392215 0.442829 0.467455 0.391882 0.41937 0.362522 0.380695 0.410708 1.004977e+00 0.427
N:18 Run:1 0.487656 0.41146 0.478956 0.580631 0.680429 0.687617 0.669903 0.63058 0.653905 0.57478 0.597528 0.590998 0.559131 0.48767 0.439465 0.387213 0.356884 0.372461 0.391573 0.366741 0.371755 1.004977e+00 0.427
N:18 Run:2 0.472461 0.460993 0.440149 0.458612 0.460507 0.595141 0.493837 0.504737 0.494879 0.483027 0.585122 0.599446 0.486459 0.434884 0.395517 0.394962 0.3397 0.373579 0.387007 0.408516 0.417448 1.004977e+00 0.427
N:18 Run:3 0.461133 0.430291 0.515136 0.563036 0.616066 0.609738 0.651568 0.628662 0.632544 0.567729 0.575994 0.562212 0.47549 0.39789 0.436359 0.400923 0.401272 0.371818 0.409267 0.330884 0.366464 1.004977e+00 0.427
N:18 Run:4 0.367234 0.400732 0.149981 0.0622274 0.0317763 0.0213861 0.0180089 0.0169849 0.0166177 0.0162408 0.0160927 0.0160406 0.212301 0.291825 0.33053 0.420249 0.387237 0.424292 0.394667 0.3942 0.37075 1.004977e+00 0.427
N:18 Run:5 0.399381 0.342701 0.39618 0.383998 0.372926 0.394268 0.432657 0.419509 0.401813 0.423404 0.508338 0.416577 0.410102 0.387845 0.430355 0.402546 0.392514 0.40327 0.420269 0.417221 0.422847 1.004977e+00 0.427
N:18 Run:6 0.415103 0.404237 0.340122 0.358793 0.323856 0.272932 0.324372 0.277866 0.291782 0.328825 0.308527 0.344816 0.332202 0.303639 0.339651 0.383874 0.402997 0.395464 0.377232 0.364819 0.411786 1.004977e+00 0.427
N:18 Run:7 0.447901 0.38305 0.244962 0.197209 0.155565 0.127614 0.135432 0.151491 0.11744 0.150633 0.166776 0.170788 0.274539 0.304308 0.330439 0.360149 0.385092 0.374888 0.402998 0.393187 0.434678 1.004977e+00 0.427
N:18 Run:8 0.477296 0.447748 0.502943 0.545515 0.597894 0.58414 0.587662 0.550772 0.604817 0.643739 0.646484 0.629438 0.536011 0.472354 0.416888 0.432573 0.442343 0.35475 0.374697 0.369942 0.39758 1.004977e+00 0.427
N:18 Run:9 0.423663 0.40505 0.443591 0.406415 0.388605 0.450125 0.409098 0.365803 0.446715 0.385168 0.357414 0.416441 0.434623 0.377827 0.371043 0.393483 0.352913 0.417162 0.442629 0.388561 0.421245 1.004977e+00 0.427
N:19 Run:0 0.457795 0.437663 0.451286 0.43139 0.411843 0.454058 0.470712 0.421796 0.402308 0.40926 0.465665 0.417313 0.419209 0.392215 0.442829 0.467455 0.391882 0.41937 0.362522 0.380695 0.410708 1.019514e+00 0.462
N:19 Run:1 0.487656 0.41146 0.478956 0.580631 0.680429 0.687617 0.669903 0.63058 0.653905 0.57478 0.597528 0.590998 0.559131 0.48767 0.439465 0.387213 0.356884 0.372461 0.391573 0.366741 0.371755 1.019514e+00 0.462
N:19 Run:2 0.472461 0.460993 0.440149 0.458612 0.460507 0.595141 0.493837 0.504737 0.494879 0.483027 0.585122 0.599446 0.486459 0.434884 0.395517 0.394962 0.3397 0.373579 0.387007 0.408516 0.417448 1.019514e+00 0.462
N:19 Run:3 0.461133 0.430291 0.515136 0.563036 0.616066 0.609738 0.651568 0.628662 0.632544 0.567729 0.575994 0.562212 0.47549 0.39789 0.436359 0.400923 0.401272 0.371818 0.409267 0.330884 0.366464 1.019514e+00 0.462
N:19 Run:4 0.367234 0.400732 0.149981 0.0622274 0.0317763 0.0213861 0.0180089 0.0169849 0.0166177 0.0162408 0.0160927 0.0160406 0.212301 0.291825 0.33053 0.420249 0.387237 0.424292 0.394667 0.3942 0.37075 1.019514e+00 0.462
N:19 Run:5 0.399381 0.342701 0.39618 0.383998 0.372926 0.394268 0.432657 0.419509 0.401813 0.423404 0.508338 0.416577 0.410102 0.387845 0.430355 0.402546 0.392514 0.40327 0.420269 0.417221 0.422847 1.019514e+00 0.462
N:19 Run:6 0.415103 0.404237 0.340122 0.358793 0.323856 0.272932 0.324372 0.277866 0.291782 0.328825 0.308527 0.344816 0.332202 0.303639 0.339651 0.383874 0.402997 0.395464 0.377232 0.364819 0.411786 1.019514e+00 0.462
N:19 Run:7 0.447901 0.38305 0.244962 0.197209 0.155565 0.127614 0.135432 0.151491 0.11744 0.150633 0.166776 0.170788 0.274539 0.304308 0.330439 0.360149 0.385092 0.374888 0.402998 0.393187 0.434678 1.019514e+00 0.462
N:19 Run:8 0.477296 0.447748 0.502943 0.545515 0.597894 0.58414 0.587662 0.550772 0.604817 0.643739 0.646484 0.629438 0.536011 0.472354 0.416888 0.432573 0.442343 0.35475 0.374697 0.369942 0.39758 1.019514e+00 0.462
N:19 Run:9 0.423663 0.40505 0.443591 0.406415 0.388605 0.450125 0.409098 0.365803 0.446715 0.385168 0.357414 0.416441 0.434623 0.377827 0.371043 0.393483 0.352913 0.417162 0.442629 0.388561 0.421245 1.019514e+00 0.462
N:20 Run:0 0.457795 0.437663 0.451286 0.43139 0.411843 0.454058 0.470712 0.421796 0.402308 0.40926 0.465665 0.417313 0.419209 0.392215 0.442829 0.467455 0.391882 0.41937 0.362522 0.380695 0.410708 1.019173e+00 0.386
N:20 Run:1 0.487656 0.41146 0.478956 0.580631 0.680429 0.687617 0.669903 0.63058 0.653905 0.57478 0.597528 0.590998 0.559131 0.48767 0.439465 0.387213 0.356884 0.372461 0.391573 0.366741 0.371755 1.019173e+00 0.386
N:20 Run:2 0.472461 0.460993 0.440149 0.458612 0.460507 0.595141 0.493837 0.504737 0.494879 0.483027 0.585122 0.599446 0.486459 0.434884 0.395517 0.394962 0.3397 0.373579 0.387007 0.408516 0.417448 1.019173e+00 0.386
N:20 Run:3 0.461133 0.430291 0.515136 0.563036 0.616066 0.609738 0.651568 0.628662 0.632544 0.567729 0.575994 0.562212 0.47549 0.39789 0.436359 0.400923 0.401272 0.371818 0.409267 0.330884 0.366464 1.019173e+00 0.386
N:20 Run:4 0.367234 0.400732 0.149981 0.0622274 0.0317763 0.0213861 0.0180089 0.0169849 0.0166177 0.0162408 0.0160927 0.0160406 0.212301 0.291825 0.33053 0.420249 0.387237 0.424292 0.394667 0.3942 0.37075 1.019173e+00 0.386
N:20 Run:5 0.399381 0.342701 0.39618 0.383998 0.372926 0.394268 0.432657 0.419509 0.401813 0.423404 0.508338 0.416577 0.410102 0.387845 0.430355 0.402546 0.392514 0.40327 0.420269 0.417221 0.422847 1.019173e+00 0.386
N:20 Run:6 0.415103 0.404237 0.340122 0.358793 0.323856 0.272932 0.324372 0.277866 0.291782 0.328825 0.308527 0.344816 0.332202 0.303639 0.339651 0.383874 0.402997 0.395464 0.377232 0.364819 0.411786 1.019173e+00 0.386
N:20 Run:7 0.447901 0.38305 0.244962 0.197209 0.155565 0.127614 0.135432 0.151491 0.11744 0.150633 0.166776 0.170788 0.274539 0.304308 0.330439 0.360149 0.385092 0.374888 0.402998 0.393187 0.434678 1.019173e+00 0.386
N:20 Run:8 0.477296 0.447748 0.502943 0.545515 0.597894 0.58414 0.587662 0.550772 0.604817 0.643739 0.646484 0.629438 0.536011 0.472354 0.416888 0.432573 0.442343 0.35475 0.374697 0.369942 0.39758 1.019173e+00 0.386
N:20 Run:9 0.423663 0.40505 0.443591 0.406415 0.388605 0.450125 0.409098 0.365803 0.446715 0.385168 0.357414 0.416441 0.434623 0.377827 0.371043 0.393483 0.352913 0.417162 0.442629 0.388561 0.421245 1.019173e+00 0.386
N:21 Run:0 0.457795 0.437663 0.451286 0.43139 0.411843 0.454058 0.470712 0.421796 0.402308 0.40926 0.465665 0.417313 0.419209 0.392215 0.442829 0.467455 0.391882 0.41937 0.362522 0.380695 0.410708 1.010749e+00 0.438
N:21 Run:1 0.487656 0.41146 0.478956 0.580631 0.680429 0.687617 0.669903 0.63058 0.653905 0.57478 0.597528 0.590998 0.559131 0.48767 0.439465 0.387213 0.356884 0.372461 0.391573 0.366741 0.371755 1.010749e+00 0.438
N:21 Run:2 0.472461 0.460993 0.440149 0.458612 0.460507 0.595141 0.493837 0.504737 0.494879 0.483027 0.585122 0.599446 0.486459 0.434884 0.395517 0.394962 0.3397 0.373579 0.387007 0.408516 0.417448 1.010749e+00 0.438
N:21 Run:3 0.461133 0.430291 0.515136 0.563036 0.616066 0.609738 0.651568 0.628662 0.632544 0.567729 0.575994 0.562212 0.47549 0.39789 0.436359 0.400923 0.401272 0.371818 0.409267 0.330884 0.366464 1.010749e+00 0.438
N:21 Run:4 0.367234 0.400732 0.149981 0.0622274 0.0317763 0.0213861 0.0180089 0.0169849 0.0166177 0.0162408 0.0160927 0.0160406 0.212301 0.291825 0.33053 0.420249 0.387237 0.424292 0.394667 0.3942 0.37075 1.010749e+00 0.438
N:21 Run:5 0.399381 0.342701 0.39618 0.383998 0.372926 0.394268 0.432657 0.419509 0.401813 0.423404 0.508338 0.416577 0.410102 0.387845 0.430355 0.402546 0.392514 0.40327 0.420269 0.417221 0.422847 1.010749e+00 0.438
N:21 Run:6 0.415103 0.404237 0.340122 0.358793 0.323856 0.272932 0.324372 0.277866 0.291782 0.328825 0.308527 0.344816 0.332202 0.303639 0.339651 0.383874 0.402997 0.395464 0.377232 0.364819 0.411786 1.010749e+00 0.438
N:21 Run:7 0.447901 0.38305 0.244962 0.197209 0.155565 0.127614 0.135432 0.151491 0.11744 0.150633 0.166776 0.170788 0.274539 0.304308 0.330439 0.360149 0.385092 0.374888 0.402998 0.393187 0.434678 1.010749e+00 0.438
N:21 Run:8 0.477296 0.447748 0.502943 0.545515 0.597894 0.58414 0.587662 0.550772 0.604817 0.643739 0.646484 0.629438 0.536011 0.472354 0.416888 0.432573 0.442343 0.35475 0.374697 0.369942 0.39758 1.010749e+00 0.438
N:21 Run:9 0.423663 0.40505 0.443591 0.406415 0.388605 0.450125 0.409098 0.365803 0.446715 0.385168 0.357414 0.416441 0.434623 0.377827 0.371043 0.393483 0.352913 0.417162 0.442629 0.388561 0.421245 1.010749e+00 0.438
N:22 Run:0 0.457795 0.437663 0.451286 0.43139 0.411843 0.454058 0.470712 0.421796 0.402308 0.40926 0.465665 0.417313 0.419209 0.392215 0.442829 0.467455 0.391882 0.41937 0.362522 0.380695 0.410708 1.013085e+00 0.341
N:22 Run:1 0.487656 0.41146 0.478956 0.580631 0.680429 0.687617 0.669903 0.63058 0.653905 0.57478 0.597528 0.590998 0.559131 0.48767 0.439465 0.387213 0.356884 0.372461 0.391573 0.366741 0.371755 1.013085e+00 0.341
N:22 Run:2 0.472461 0.460993 0.440149 0.458612 0.460507 0.595141 0.493837 0.504737 0.494879 0.483027 0.585122 0.599446 0.486459 0.434884 0.395517 0.394962 0.3397 0.373579 0.387007 0.408516 0.417448 1.013085e+00 0.341
N:22 Run:3 0.461133 0.430291 0.515136 0.563036 0.616066 0.609738 0.651568 0.628662 0.632544 0.567729 0.575994 0.562212 0.47549 0.39789 0.436359 0.400923 0.401272 0.371818 0.409267 0.330884 0.366464 1.013085e+00 0.341
N:22 Run:4 0.367234 0.400732 0.149981 0.0622274 0.0317763 0.0213861 0.0180089 0.0169849 0.0166177 0.0162408 0.0160927 0.0160406 0.212301 0.291825 0.33053 0.420249 0.387237 0.424292 0.394667 0.3942 0.37075 1.013085e+00 0.341
N:22 Run:5 0.399381 0.342701 0.39618 0.383998 0.372926 0.394268 0.432657 0.419509 0.401813 0.423404 0.508338 0.416577 0.410102 0.387845 0.430355 0.402546 0.392514 0.40327 0.420269 0.417221 0.422847 1.013085e+00 0.341
N:22 Run:6 0.415103 0.404237 0.340122 0.358793 0.323856 0.272932 0.324372 0.277866 0.291782 0.328825 0.308527 0.344816 0.332202 0.303639 0.339651 0.383874 0.402997 0.395464 0.377232 0.364819 0.411786 1.013085e+00 0.341
N:22 Run:7 0.447901 0.38305 0.244962 0.197209 0.155565 0.127614 0.135432 0.151491 0.11744 0.150633 0.166776 0.170788 0.274539 0.304308 0.330439 0.360149 0.385092 0.374888 0.402998 0.393187 0.434678 1.013085e+00 0.341
N:22 Run:8 0.477296 0.447748 0.502943 0.545515 0.597894 0.58414 0.587662 0.550772 0.604817 0.643739 0.646484 0.629438 0.536011 0.472354 0.416888 0.432573 0.442343 0.35475 0.374697 0.369942 0.39758 1.013085e+00 0.341
N:22 Run:9 0.423663 0.40505 0.443591 0.406415 0.388605 0.450125 0.409098 0.365803 0.446715 0.385168 0.357414 0.416441 0.434623 0.377827 0.371043 0.393483 0.352913 0.417162 0.442629 0.388561 0.421245 1.013085e+00 0.341
N:23 Run:0 0.457795 0.437663 0.451286 0.43139 0.411843 0.454058 0.470712 0.421796 0.402308 0.40926 0.465665 0.417313 0.419209 0.392215 0.442829 0.467455 0.391882 0.41937 0.362522 0.380695 0.410708 1.011169e+00 0.453
N:23 Run:1 0.487656 0.41146 0.478956 0.580631 0.680429 0.687617 0.669903 0.63058 0.653905 0.57478 0.597528 0.590998 0.559131 0.48767 0.439465 0.387213 0.356884 0.372461 0.391573 0.366741 0.371755 1.011169e+00 0.453
N:23 Run:2 0.472461 0.460993 0.440149 0.458612 0.460507 0.595141 0.493837 0.504737 0.494879 0.483027 0.585122 0.599446 0.486459 0.434884 0.395517 0.394962 0.3397 0.373579 0.387007 0.408516 0.417448 1.011169e+00 0.453
N:23 Run:3 0.461133 0.430291 0.515136 0.563036 0.616066 0.609738 0.651568 0.628662 0.632544 0.567729 0.575994 0.562212 0.47549 0.39789 0.436359 0.400923 0.401272 0.371818 0.409267 0.330884 0.366464 1.011169e+00 0.453
N:23 Run:4 0.367234 0.400732 0.149981 0.0622274 0.0317763 0.0213861 0.0180089 0.0169849 0.0166177 0.0162408 0.0160927 0.0160406 0.212301 0.291825 0.33053 0.420249 0.387237 0.424292 0.394667 0.3942 0.37075 1.011169e+00 0.453
N:23 Run:5 0.399381 0.342701 0.39618 0.383998 0.372926 0.394268 0.432657 0.419509 0.401813 0.423404 0.508338 0.416577 0.410102 0.387845 0.430355 0.402546 0.392514 0.40327 0.420269 0.417221 0.422847 1.011169e+00 0.453
N:23 Run:6 0.415103 0.404237 0.340122 0.358793 0.323856 0.272932 0.324372 0.277866 0.291782 0.328825 0.308527 0.344816 0.332202 0.303639 0.339651 0.383874 0.402997 0.395464 0.377232 0.364819 0.411786 1.011169e+00 0.453
N:23 Run:7 0.447901 0.38305 0.244962 0.197209 0.155565 0.127614 0.135432 0.151491 0.11744 0.150633 0.166776 0.170788 0.274539 0.304308 0.330439 0.360149 0.385092 0.374888 0.402998 0.393187 0.434678 1.011169e+00 0.453
N:23 Run:8 0.477296 0.447748 0.502943 0.545515 0.597894 0.58414 0.587662 0.550772 0.604817 0.643739 0.646484 0.629438 0.536011 0.472354 0.416888 0.432573 0.442343 0.35475 0.374697 0.369942 0.39758 1.011169e+00 0.453
N:23 Run:9 0.423663 0.40505 0.443591 0.406415 0.388605 0.450125 0.409098 0.365803 0.446715 0.385168 0.357414 0.416441 0.434623 0.377827 0.371043 0.393483 0.352913 0.417162 0.442629 0.388561 0.421245 1.011169e+00 0.453
N:24 Run:0 0.457795 0.437663 0.451286 0.43139 0.411843 0.454058 0.470712 0.421796 0.402308 0.40926 0.465665 0.417313 0.419209 0.392215 0.442829 0.467455 0.391882 0.41937 0.362522 0.380695 0.410708 1.023150e+00 0.461
N:24 Run:1 0.487656 0.41146 0.478956 0.580631 0.680429 0.687617 0.669903 0.63058 0.653905 0.57478 0.597528 0.590998 0.559131 0.48767 0.439465 0.387213 0.356884 0.372461 0.391573 0.366741 0.371755 1.023150e+00 0.461
N:24 Run:2 0.472461 0.460993 0.440149 0.458612 0.460507 0.595141 0.493837 0.504737 0.494879 0.483027 0.585122 0.599446 0.486459 0.434884 0.395517 0.394962 0.3397 0.373579 0.387007 0.408516 0.417448 1.023150e+00 0.461
N:24 Run:3 0.461133 0.430291 0.515136 0.563036 0.616066 0.609738 0.651568 0.628662 0.632544 0.567729 0.575994 0.562212 0.47549 0.39789 0.436359 0.400923 0.401272 0.371818 0.409267 0.330884 0.366464 1.023150e+00 0.461
N:24 Run:4 0.367234 0.400732 0.149981 0.0622274 0.0317763 0.0213861 0.0180089 0.0169849 0.0166177 0.0162408 0.0160927 0.0160406 0.212301 0.291825 0.33053 0.420249 0.387237 0.424292 0.394667 0.3942 0.37075 1.023150e+00 0.461
N:24 Run:5 0.399381 0.342701 0.39618 0.383998 0.372926 0.394268 0.432657 0.419509 0.401813 0.423404 0.508338 0.416577 0.410102 0.387845 0.430355 0.402546 0.392514 0.40327 0.420269 0.417221 0.422847 1.023150e+00 0.461
N:24 Run:6 0.415103 0.404237 0.340122 0.358793 0.323856 0.272932 0.324372 0.277866 0.291782 0.328825 0.308527 0.344816 0.332202 0.303639 0.339651 0.383874 0.402997 0.395464 0.377232 0.364819 0.411786 1.023150e+00 0.461
N:24 Run:7 0.447901 0.38305 0.244962 0.197209 0.155565 0.127614 0.135432 0.151491 0.11744 0.150633 0.166776 0.170788 0.274539 0.304308 0.330439 0.360149 0.385092 0.374888 0.402998 0.393187 0.434678 1.023150e+00 0.461
N:24 Run:8 0.477296 0.447748 0.502943 0.545515 0.597894 0.58414 0.587662 0.550772 0.604817 0.643739 0.646484 0.629438 0.536011 0.472354 0.416888 0.432573 0.442343 0.35475 0.374697 0.369942 0.39758 1.023150e+00 0.461
N:24 Run:9 0.423663 0.40505 0.443591 0.406415 0.388605 0.450125 0.409098 0.365803 0.446715 0.385168 0.357414 0.416441 0.434623 0.377827 0.371043 0.393483 0.352913 0.417162 0.442629 0.388561 0.421245 1.023150e+00 0.461
N:25 Run:0 0.457795 0.437663 0.451286 0.43139 0.411843 0.454058 0.470712 0.421796 0.402308 0.40926 0.465665 0.417313 0.419209 0.392215 0.442829 0.467455 0.391882 0.41937 0.362522 0.380695 0.410708 1.011216e+00 0.450
N:25 Run:1 0.487656 0.41146 0.478956 0.580631 0.680429 0.687617 0.669903 0.63058 0.653905 0.57478 0.597528 0.590998 0.559131 0.48767 0.439465 0.387213 0.356884 0.372461 0.391573 0.366741 0.371755 1.011216e+00 0.450
N:25 Run:2 0.472461 0.460993 0.440149 0.458612 0.460507 0.595141 0.493837 0.504737 0.494879 0.483027 0.585122 0.599446 0.486459 0.434884 0.395517 0.394962 0.3397 0.373579 0.387007 0.408516 0.417448 1.011216e+00 0.450
N:25 Run:3 0.461133 0.430291 0.515136 0.563036 0.616066 0.609738 0.651568 0.628662 0.632544 0.567729 0.575994 0.562212 0.47549 0.39789 0.436359 0.400923 0.401272 0.371818 0.409267 0.330884 0.366464 1.011216e+00 0.450
N:25 Run:4 0.367234 0.400732 0.149981 0.0622274 0.0317763 0.0213861 0.0180089 0.0169849 0.0166177 0.0162408 0.0160927 0.0160406 0.212301 0.291825 0.33053 0.420249 0.387237 0.424292 0.394667 0.3942 0.37075 1.011216e+00 0.450
N:25 Run:5 0.399381 0.342701 0.39618 0.383998 0.372926 0.394268 0.432657 0.419509 0.401813 0.423404 0.508338 0.416577 0.410102 0.387845 0.430355 0.402546 0.392514 0.40327 0.420269 0.417221 0.422847 1.011216e+00 0.450
N:25 Run:6 0.415103 0.404237 0.340122 0.358793 0.323856 0.272932 0.324372 0.277866 0.291782 0.328825 0.308527 0.344816 0.332202 0.303639 0.339651 0.383874 0.402997 0.395464 0.377232 0.364819 0.411786 1.011216e+00 0.450
N:25 Run:7 0.447901 0.38305 0.244962 0.197209 0.155565 0.127614 0.135432 0.151491 0.11744 0.150633 0.166776 0.170788 0.274539 0.304308 0.330439 0.360149 0.385092 0.374888 0.402998 0.393187 0.434678 1.011216e+00 0.450
N:25 Run:8 0.477296 0.447748 0.502943 0.545515 0.597894 0.58414 0.587662 0.550772 0.604817 0.643739 0.646484 0.629438 0.536011 0.472354 0.416888 0.432573 0.442343 0.35475 0.374697 0.369942 0.39758 1.011216e+00 0.450
N:25 Run:9 0.423663 0.40505 0.443591 0.406415 0.388605 0.450125 0.409098 0.365803 0.446715 0.385168 0.357414 0.416441 0.434623 0.377827 0.371043 0.393483 0.352913 0.417162 0.442629 0.388561 0.421245 1.011216e+00 0.450
N:26 Run:0 0.457795 0.437663 0.451286 0.43139 0.411843 0.454058 0.470712 0.421796 0.402308 0.40926 0.465665 0.417313 0.419209 0.392215 0.442829 0.467455 0.391882 0.41937 0.362522 0.380695 0.410708 1.025482e+00 0.486
N:26 Run:1 0.487656 0.41146 0.478956 0.580631 0.680429 0.687617 0.669903 0.63058 0.653905 0.57478 0.597528 0.590998 0.559131 0.48767 0.439465 0.387213 0.356884 0.372461 0.391573 0.366741 0.371755 1.025482e+00 0.486
N:26 Run:2 0.472461 0.460993 0.440149 0.458612 0.460507 0.595141 0.493837 0.504737 0.494879 0.483027 0.585122 0.599446 0.486459 0.434884 0.395517 0.394962 0.3397 0.373579 0.387007 0.408516 0.417448 1.025482e+00 0.486
N:26 Run:3 0.461133 0.430291 0.515136 0.563036 0.616066 0.609738 0.651568 0.628662 0.632544 0.567729 0.575994 0.562212 0.47549 0.39789 0.436359 0.400923 0.401272 0.371818 0.409267 0.330884 0.366464 1.025482e+00 0.486
N:26 Run:4 0.367234 0.400732 0.149981 0.0622274 0.0317763 0.0213861 0.0180089 0.0169849 0.0166177 0.0162408 0.0160927 0.0160406 0.212301 0.291825 0.33053 0.420249 0.387237 0.424292 0.394667 0.3942 0.37075 1.025482e+00 0.486
N:26 Run:5 0.399381 0.342701 0.39618 0.383998 0.372926 0.394268 0.432657 0.419509 0.401813 0.423404 0.508338 0.416577 0.410102 0.387845 0.430355 0.402546 0.392514 0.40327 0.420269 0.417221 0.422847 1.025482e+00 0.486
N:26 Run:6 0.415103 0.404237 0.340122 0.358793 0.323856 0.272932 0.324372 0.277866 0.291782 0.328825 0.308527 0.344816 0.332202 0.303639 0.339651 0.383874 0.402997 0.395464 0.377232 0.364819 0.411786 1.025482e+00 0.486
N:26 Run:7 0.447901 0.38305 0.244962 0.197209 0.155565 0.127614 0.135432 0.151491 0.11744 0.150633 0.166776 0.170788 0.274539 0.304308 0.330439 0.360149 0.385092 0.374888 0.402998 0.393187 0.434678 1.025482e+00 0.486
N:26 Run:8 0.477296 0.447748 0.502943 0.545515 0.597894 0.58414 0.587662 0.550772 0.604817 0.643739 0.646484 0.629438 0.536011 0.472354 0.416888 0.432573 0.442343 0.35475 0.374697 0.369942 0.39758 1.025482e+00 0.486
N:26 Run:9 0.423663 0.40505 0.443591 0.406415 0.388605 0.450125 0.409098 0.365803 0.446715 0.385168 0.357414 0.416441 0.434623 0.377827 0.371043 0.393483 0.352913 0.417162 0.442629 0.388561 0.421245 1.025482e+00 0.486
N:27 Run:0 0.457795 0.437663 0.451286 0.43139 0.411843 0.454058 0.470712 0.421796 0.402308 0.40926 0.465665 0.417313 0.419209 0.392215 0.442829 0.467455 0.391882 0.41937 0.362522 0.380695 0.410708 1.011655e+00 0.410
N:27 Run:1 0.487656 0.41146 0.478956 0.580631 0.680429 0.687617 0.669903 0.63058 0.653905 0.57478 0.597528 0.590998 0.559131 0.48767 0.439465 0.387213 0.356884 0.372461 0.391573 0.366741 0.371755 1.011655e+00 0.410
N:27 Run:2 0.472461 0.460993 0.440149 0.458612 0.460507 0.595141 0.493837 0.504737 0.494879 0.483027 0.585122 0.599446 0.486459 0.434884 0.395517 0.394962 0.3397 0.373579 0.387007 0.408516 0.417448 1.011655e+00 0.410
N:27 Run:3 0.461133 0.430291 0.515136 0.563036 0.616066 0.609738 0.651568 0.628662 0.632544 0.567729 0.575994 0.562212 0.47549 0.39789 0.436359 0.400923 0.401272 0.371818 0.409267 0.330884 0.366464 1.011655e+00 0.410
N:27 Run:4 0.367234 0.400732 0.149981 0.0622274 0.0317763 0.0213861 0.0180089 0.0169849 0.0166177 0.0162408 0.0160927 0.0160406 0.212301 0.291825 0.33053 0.420249 0.387237 0.424292 0.394667 0.3942 0.37075 1.011655e+00 0.410
N:27 Run:5 0.399381 0.342701 0.39618 0.383998 0.372926 0.394268 0.432657 0.419509 0.401813 0.423404 0.508338 0.416577 0.410102 0.387845 0.430355 0.402546 0.392514 0.40327 0.420269 0.417221 0.422847 1.011655e+00 0.410
N:27 Run:6 0.415103 0.404237 0.340122 0.358793 0.323856 0.272932 0.324372 0.277866 0.291782 0.328825 0.308527 0.344816 0.332202 0.303639 0.339651 0.383874 0.402997 0.395464 0.377232 0.364819 0.411786 1.011655e+00 0.410
N:27 Run:7 0.447901 0.38305 0.244962 0.197209 0.155565 0.127614 0.135432 0.151491 0.11744 0.150633 0.166776 0.170788 0.274539 0.304308 0.330439 0.360149 0.385092 0.374888 0.402998 0.393187 0.434678 1.011655e+00 0.410
N:27 Run:8 0.477296 0.447748 0.502943 0.545515 0.597894 0.58414 0.587662 0.550772 0.604817 0.643739 0.646484 0.629438 0.536011 0.472354 0.416888 0.432573 0.442343 0.35475 0.374697 0.369942 0.39758 1.011655e+00 0.410
N:27 Run:9 0.423663 0.40505 0.443591 0.406415 0.388605 0.450125 0.409098 0.365803 0.446715 0.385168 0.357414 0.416441 0.434623 0.377827 0.371043 0.393483 0.352913 0.417162 0.442629 0.388561 0.421245 1.011655e+00 0.410
N:28 Run:0 0.457795 0.437663 0.451286 0.43139 0.411843 0.454058 0.470712 0.421796 0.402308 0.40926 0.465665 0.417313 0.419209 0.392215 0.442829 0.467455 0.391882 0.41937 0.362522 0.380695 0.410708 1.017021e+00 0.385
N:28 Run:1 0.487656 0.41146 0.478956 0.580631 0.680429 0.687617 0.669903 0.63058 0.653905 0.57478 0.597528 0.590998 0.559131 0.48767 0.439465 0.387213 0.356884 0.372461 0.391573 0.366741 0.371755 1.017021e+00 0.385
N:28 Run:2 0.472461 0.460993 0.440149 0.458612 0.460507 0.595141 0.493837 0.504737 0.494879 0.483027 0.585122 0.599446 0.486459 0.434884 0.395517 0.394962 0.3397 0.373579 0.387007 0.408516 0.417448 1.017021e+00 0.385
N:28 Run:3 0.461133 0.430291 0.515136 0.563036 0.616066 0.609738 0.651568 0.628662 0.632544 0.567729 0.575994 0.562212 0.47549 0.39789 0.436359 0.400923 0.401272 0.371818 0.409267 0.330884 0.366464 1.017021e+00 0.385
N:28 Run:4 0.367234 0.400732 0.149981 0.0622274 0.0317763 0.0213861 0.0180089 0.0169849 0.0166177 0.0162408 0.0160927 0.0160406 0.212301 0.291825 0.33053 0.420249 0.387237 0.424292 0.394667 0.3942 0.37075 1.017021e+00 0.385
N:28 Run:5 0.399381 0.342701 0.39618 0.383998 0.372926 0.394268 0.432657 0.419509 0.401813 0.423404 0.508338 0.416577 0.410102 0.387845 0.430355 0.402546 0.392514 0.40327 0.420269 0.417221 0.422847 1.017021e+00 0.385
N:28 Run:6 0.415103 0.404237 0.340122 0.358793 0.323856 0.272932 0.324372 0.277866 0.291782 0.328825 0.308527 0.344816 0.332202 0.303639 0.339651 0.383874 0.402997 0.395464 0.377232 0.364819 0.411786 1.017021e+00 0.385
N:28 Run:7 0.447901 0.38305 0.244962 0.197209 0.155565 0.127614 0.135432 0.151491 0.11744 0.150633 0.166776 0.170788 0.274539 0.304308 0.330439 0.360149 0.385092 0.374888 0.402998 0.393187 0.434678 1.017021e+00 0.385
N:28 Run:8 0.477296 0.447748 0.502943 0.545515 0.597894 0.58414 0.587662 0.550772 0.604817 0.643739 0.646484 0.629438 0.536011 0.472354 0.416888 0.432573 0.442343 0.35475 0.374697 0.369942 0.39758 1.017021e+00 0.385
N:28 Run:9 0.423663 0.40505 0.443591 0.406415 0.388605 0.450125 0.409098 0.365803 0.446715 0.385168 0.357414 0.416441 0.434623 0.377827 0.371043 0.393483 0.352913 0.417162 0.442629 0.388561 0.421245 1.017021e+00 0.385
N:29 Run:0 0.457795 0.437663 0.451286 0.43139 0.411843 0.454058 0.470712 0.421796 0.402308 0.40926 0.465665 0.417313 0.419209 0.392215 0.442829 0.467455 0.391882 0.41937 0.362522 0.380695 0.410708 1.008949e+00 0.373
N:29 Run:1 0.487656 0.41146 0.478956 0.580631 0.680429 0.687617 0.669903 0.63058 0.653905 0.57478 0.597528 0.590998 0.559131 0.48767 0.439465 0.387213 0.356884 0.372461 0.391573 0.366741 0.371755 1.008949e+00 0.373
N:29 Run:2 0.472461 0.460993 0.440149 0.458612 0.460507 0.595141 0.493837 0.504737 0.494879 0.483027 0.585122 0.599446 0.486459 0.434884 0.395517 0.394962 0.3397 0.373579 0.387007 0.408516 0.417448 1.008949e+00 0.373
N:29 Run:3 0.461133 0.430291 0.515136 0.563036 0.616066 0.609738 0.651568 0.628662 0.632544 0.567729 0.575994 0.562212 0.47549 0.39789 0.436359 0.400923 0.401272 0.371818 0.409267 0.330884 0.366464 1.008949e+00 0.373
N:29 Run:4 0.367234 0.400732 0.149981 0.0622274 0.0317763 0.0213861 0.0180089 0.0169849 0.0166177 0.0162408 0.0160927 0.0160406 0.212301 0.291825 0.33053 0.420249 0.387237 0.424292 0.394667 0.3942 0.37075 1.008949e+00 0.373
N:29 Run:5 0.399381 0.342701 0.39618 0.383998 0.372926 0.394268 0.432657 0.419509 0.401813 0.423404 0.508338 0.416577 0.410102 0.387845 0.430355 0.402546 0.392514 0.40327 0.420269 0.417221 0.422847 1.008949e+00 0.373
N:29 Run:6 0.415103 0.404237 0.340122 0.358793 0.323856 0.272932 0.324372 0.277866 0.291782 0.328825 0.308527 0.344816 0.332202 0.303639 0.339651 0.383874 0.402997 0.395464 0.377232 0.364819 0.411786 1.008949e+00 0.373
N:29 Run:7 0.447901 0.38305 0.244962 0.197209 0.155565 0.127614 0.135432 0.151491 0.11744 0.150633 0.166776 0.170788 0.274539 0.304308 0.330439 0.360149 0.385092 0.374888 0.402998 0.393187 0.434678 1.008949e+00 0.373
N:29 Run:8 0.477296 0.447748 0.502943 0.545515 0.597894 0.58414 0.587662 0.550772 0.604817 0.643739 0.646484 0.629438 0.536011 0.472354 0.416888 0.432573 0.442343 0.35475 0.374697 0.369942 0.39758 1.008949e+00 0.373
N:29 Run:9 0.423663 0.40505 0.443591 0.406415 0.388605 0.450125 0.409098 0.365803 0.446715 0.385168 0.357414 0.416441 0.434623 0.377827 0.371043 0.393483 0.352913 0.417162 0.442629 0.388561 0.421245 1.008949e+00 0.373
