Seed:1583557198
N:0 Run:0 0.16695 0.144384 0.166812 0.143515 0.15529 0.181389 0.162817 0.135085 0.121849 0.142012 0.147346 0.11565 0.144782 0.140241 0.137477 0.13477 0.149245 0.136621 0.121031 0.138667 0.169902 3.144679e+00 0.741
N:0 Run:1 0.168303 0.151563 0.155467 0.123736 0.143669 0.162119 0.151996 0.142188 0.171057 0.137594 0.154649 0.15641 0.157849 0.133188 0.150066 0.179462 0.13385 0.128207 0.146773 0.108159 0.149159 3.144679e+00 0.741
N:0 Run:2 0.206925 0.154706 0.117668 0.12605 0.128737 0.149551 0.116743 0.125786 0.118784 0.121612 0.15029 0.117009 0.160012 0.150108 0.147234 0.125693 0.122925 0.125419 0.17432 0.158641 0.154779 3.144679e+00 0.741
N:0 Run:3 0.190763 0.15613 0.162384 0.142415 0.171856 0.134794 0.154177 0.132292 0.175855 0.166466 0.123735 0.117673 0.147432 0.149296 0.12871 0.137814 0.148268 0.14278 0.150989 0.136248 0.168575 3.144679e+00 0.741
N:0 Run:4 0.205128 0.121865 0.0309419 0.0173293 0.00633859 0.0028644 0.0119814 0.0139901 0.0127952 0.00720986 0.00433886 0.0022531 0.157623 0.130308 0.126182 0.142311 0.14885 0.138446 0.0872808 0.151958 0.140642 3.144679e+00 0.741
N:0 Run:5 0.202112 0.102329 0.149178 0.144087 0.153593 0.165537 0.129159 0.138911 0.154174 0.128135 0.187629 0.124449 0.149901 0.12345 0.13096 0.120685 0.150152 0.152543 0.150397 0.148587 0.14322 3.144679e+00 0.741
N:0 Run:6 0.218379 0.120361 0.0349277 0.0112739 0.00302446 0.00374255 0.00253591 0.0021435 0.00210955 0.00330258 0.00314009 0.00306015 0.0560703 0.120692 0.117117 0.154132 0.18156 0.138869 0.156656 0.119646 0.180425 3.144679e+00 0.741
N:0 Run:7 0.20382 0.132976 0.117945 0.0865605 0.0910931 0.0927041 0.0810076 0.0903042 0.0790298 0.0920804 0.107596 0.0901063 0.146184 0.159745 0.13685 0.147285 0.130458 0.123077 0.142417 0.146971 0.128972 3.144679e+00 0.741
N:0 Run:8 0.150541 0.145361 0.168599 0.127471 0.135815 0.154705 0.146187 0.111055 0.142052 0.148596 0.17182 0.165287 0.137805 0.159971 0.150802 0.158454 0.166539 0.120855 0.140341 0.14202 0.156826 3.144679e+00 0.741
N:0 Run:9 0.176742 0.116226 0.132712 0.107971 0.135553 0.160852 0.154793 0.141989 0.171342 0.138333 0.1626 0.151459 0.136151 0.133598 0.120815 0.157717 0.137044 0.132557 0.129076 0.117961 0.138276 3.144679e+00 0.741
N:1 Run:0 0.16695 0.144145 0.168372 0.143826 0.154652 0.182601 0.16437 0.134394 0.120693 0.141242 0.147829 0.114483 0.144812 0.140168 0.138306 0.13466 0.149046 0.136334 0.119691 0.13835 0.169763 3.132777e+00 0.739
N:1 Run:1 0.168303 0.15135 0.155861 0.123123 0.144484 0.163336 0.152608 0.142126 0.172272 0.136773 0.154585 0.15644 0.158832 0.133528 0.150126 0.179366 0.133273 0.127624 0.147064 0.106702 0.149538 3.132777e+00 0.739
N:1 Run:2 0.206925 0.155913 0.116429 0.125101 0.127792 0.150936 0.115277 0.125053 0.117793 0.120456 0.151807 0.116299 0.160438 0.150735 0.146884 0.124985 0.121722 0.124738 0.175043 0.159249 0.155523 3.132777e+00 0.739
N:1 Run:3 0.190763 0.156407 0.16323 0.142569 0.172903 0.134398 0.155078 0.13213 0.176196 0.165829 0.123049 0.116735 0.147637 0.14929 0.128588 0.137262 0.148828 0.142588 0.15118 0.135016 0.167761 3.132777e+00 0.739
N:1 Run:4 0.205128 0.120987 0.0305918 0.0176525 0.00712656 0.00353397 0.0125159 0.0144149 0.0131518 0.00795899 0.0051248 0.00286419 0.158326 0.129901 0.125236 0.142964 0.148277 0.138466 0.0846795 0.15261 0.139788 3.132777e+00 0.739
N:1 Run:5 0.202112 0.100332 0.149969 0.143799 0.153996 0.165817 0.128941 0.138824 0.154569 0.127667 0.189799 0.123787 0.150064 0.122542 0.130733 0.119918 0.149745 0.153359 0.151152 0.148648 0.143895 3.132777e+00 0.739
N:1 Run:6 0.218379 0.119522 0.0312545 0.00944414 0.00301058 0.0035095 0.00269112 0.00245 0.00242928 0.00320022 0.00309039 0.00303504 0.0524058 0.11964 0.116151 0.15514 0.181949 0.138566 0.156633 0.11884 0.18095 3.132777e+00 0.739
N:1 Run:7 0.20382 0.131867 0.115319 0.0839319 0.0885025 0.0901056 0.0784039 0.0877358 0.0765083 0.0895157 0.10512 0.087536 0.146049 0.159415 0.136428 0.14697 0.13011 0.122218 0.142822 0.146802 0.12853 3.132777e+00 0.739
N:1 Run:8 0.150541 0.146113 0.169431 0.127131 0.136028 0.154615 0.146659 0.109705 0.142476 0.149506 0.173262 0.165742 0.138184 0.161728 0.150827 0.159326 0.167902 0.119687 0.140255 0.142312 0.157158 3.132777e+00 0.739
N:1 Run:9 0.176742 0.115374 0.132917 0.106297 0.135008 0.161544 0.154699 0.14132 0.172974 0.137575 0.162354 0.151614 0.135994 0.132819 0.119834 0.157282 0.13628 0.132628 0.128674 0.116799 0.13859 3.132777e+00 0.739
N:2 Run:0 0.16695 0.144145 0.168372 0.143826 0.154652 0.182601 0.16437 0.134394 0.120693 0.141242 0.147829 0.114483 0.144812 0.140168 0.138306 0.13466 0.149046 0.136334 0.119691 0.13835 0.169763 3.148946e+00 0.739
N:2 Run:1 0.168303 0.15135 0.155861 0.123123 0.144484 0.163336 0.152608 0.142126 0.172272 0.136773 0.154585 0.15644 0.158832 0.133528 0.150126 0.179366 0.133273 0.127624 0.147064 0.106702 0.149538 3.148946e+00 0.739
N:2 Run:2 0.206925 0.155913 0.116429 0.125101 0.127792 0.150936 0.115277 0.125053 0.117793 0.120456 0.151807 0.116299 0.160438 0.150735 0.146884 0.124985 0.121722 0.124738 0.175043 0.159249 0.155523 3.148946e+00 0.739
N:2 Run:3 0.190763 0.156407 0.16323 0.142569 0.172903 0.134398 0.155078 0.13213 0.176196 0.165829 0.123049 0.116735 0.147637 0.14929 0.128588 0.137262 0.148828 0.142588 0.15118 0.135016 0.167761 3.148946e+00 0.739
N:2 Run:4 0.205128 0.120987 0.0305918 0.0176525 0.00712656 0.00353397 0.0125159 0.0144149 0.0131518 0.00795899 0.0051248 0.00286419 0.158326 0.129901 0.125236 0.142964 0.148277 0.138466 0.0846795 0.15261 0.139788 3.148946e+00 0.739
N:2 Run:5 0.202112 0.100332 0.149969 0.143799 0.153996 0.165817 0.128941 0.138824 0.154569 0.127667 0.189799 0.123787 0.150064 0.122542 0.130733 0.119918 0.149745 0.153359 0.151152 0.148648 0.143895 3.148946e+00 0.739
N:2 Run:6 0.218379 0.119522 0.0312545 0.00944414 0.00301058 0.0035095 0.00269112 0.00245 0.00242928 0.00320022 0.00309039 0.00303504 0.0524058 0.11964 0.116151 0.15514 0.181949 0.138566 0.156633 0.11884 0.18095 3.148946e+00 0.739
N:2 Run:7 0.20382 0.131867 0.115319 0.0839319 0.0885025 0.0901056 0.0784039 0.0877358 0.0765083 0.0895157 0.10512 0.087536 0.146049 0.159415 0.136428 0.14697 0.13011 0.122218 0.142822 0.146802 0.12853 3.148946e+00 0.739
N:2 Run:8 0.150541 0.146113 0.169431 0.127131 0.136028 0.154615 0.146659 0.109705 0.142476 0.149506 0.173262 0.165742 0.138184 0.161728 0.150827 0.159326 0.167902 0.119687 0.140255 0.142312 0.157158 3.148946e+00 0.739
N:2 Run:9 0.176742 0.115374 0.132917 0.106297 0.135008 0.161544 0.154699 0.14132 0.172974 0.137575 0.162354 0.151614 0.135994 0.132819 0.119834 0.157282 0.13628 0.132628 0.128674 0.116799 0.13859 3.148946e+00 0.739
N:3 Run:0 0.16695 0.144145 0.168372 0.143826 0.154652 0.182601 0.16437 0.134394 0.120693 0.141242 0.147829 0.114483 0.144812 0.140168 0.138306 0.13466 0.149046 0.136334 0.119691 0.13835 0.169763 3.137437e+00 0.724
N:3 Run:1 0.168303 0.15135 0.155861 0.123123 0.144484 0.163336 0.152608 0.142126 0.172272 0.136773 0.154585 0.15644 0.158832 0.133528 0.150126 0.179366 0.133273 0.127624 0.147064 0.106702 0.149538 3.137437e+00 0.724
N:3 Run:2 0.206925 0.155913 0.116429 0.125101 0.127792 0.150936 0.115277 0.125053 0.117793 0.120456 0.151807 0.116299 0.160438 0.150735 0.146884 0.124985 0.121722 0.124738 0.175043 0.159249 0.155523 3.137437e+00 0.724
N:3 Run:3 0.190763 0.156407 0.16323 0.142569 0.172903 0.134398 0.155078 0.13213 0.176196 0.165829 0.123049 0.116735 0.147637 0.14929 0.128588 0.137262 0.148828 0.142588 0.15118 0.135016 0.167761 3.137437e+00 0.724
N:3 Run:4 0.205128 0.120987 0.0305918 0.0176525 0.00712656 0.00353397 0.0125159 0.0144149 0.0131518 0.00795899 0.0051248 0.00286419 0.158326 0.129901 0.125236 0.142964 0.148277 0.138466 0.0846795 0.15261 0.139788 3.137437e+00 0.724
N:3 Run:5 0.202112 0.100332 0.149969 0.143799 0.153996 0.165817 0.128941 0.138824 0.154569 0.127667 0.189799 0.123787 0.150064 0.122542 0.130733 0.119918 0.149745 0.153359 0.151152 0.148648 0.143895 3.137437e+00 0.724
N:3 Run:6 0.218379 0.119522 0.0312545 0.00944414 0.00301058 0.0035095 0.00269112 0.00245 0.00242928 0.00320022 0.00309039 0.00303504 0.0524058 0.11964 0.116151 0.15514 0.181949 0.138566 0.156633 0.11884 0.18095 3.137437e+00 0.724
N:3 Run:7 0.20382 0.131867 0.115319 0.0839319 0.0885025 0.0901056 0.0784039 0.0877358 0.0765083 0.0895157 0.10512 0.087536 0.146049 0.159415 0.136428 0.14697 0.13011 0.122218 0.142822 0.146802 0.12853 3.137437e+00 0.724
N:3 Run:8 0.150541 0.146113 0.169431 0.127131 0.136028 0.154615 0.146659 0.109705 0.142476 0.149506 0.173262 0.165742 0.138184 0.161728 0.150827 0.159326 0.167902 0.119687 0.140255 0.142312 0.157158 3.137437e+00 0.724
N:3 Run:9 0.176742 0.115374 0.132917 0.106297 0.135008 0.161544 0.154699 0.14132 0.172974 0.137575 0.162354 0.151614 0.135994 0.132819 0.119834 0.157282 0.13628 0.132628 0.128674 0.116799 0.13859 3.137437e+00 0.724
N:4 Run:0 0.16695 0.144145 0.168372 0.143826 0.154652 0.182601 0.16437 0.134394 0.120693 0.141242 0.147829 0.114483 0.144812 0.140168 0.138306 0.13466 0.149046 0.136334 0.119691 0.13835 0.169763 3.207974e+00 0.739
N:4 Run:1 0.168303 0.15135 0.155861 0.123123 0.144484 0.163336 0.152608 0.142126 0.172272 0.136773 0.154585 0.15644 0.158832 0.133528 0.150126 0.179366 0.133273 0.127624 0.147064 0.106702 0.149538 3.207974e+00 0.739
N:4 Run:2 0.206925 0.155913 0.116429 0.125101 0.127792 0.150936 0.115277 0.125053 0.117793 0.120456 0.151807 0.116299 0.160438 0.150735 0.146884 0.124985 0.121722 0.124738 0.175043 0.159249 0.155523 3.207974e+00 0.739
N:4 Run:3 0.190763 0.156407 0.16323 0.142569 0.172903 0.134398 0.155078 0.13213 0.176196 0.165829 0.123049 0.116735 0.147637 0.14929 0.128588 0.137262 0.148828 0.142588 0.15118 0.135016 0.167761 3.207974e+00 0.739
N:4 Run:4 0.205128 0.120987 0.0305918 0.0176525 0.00712656 0.00353397 0.0125159 0.0144149 0.0131518 0.00795899 0.0051248 0.00286419 0.158326 0.129901 0.125236 0.142964 0.148277 0.138466 0.0846795 0.15261 0.139788 3.207974e+00 0.739
N:4 Run:5 0.202112 0.100332 0.149969 0.143799 0.153996 0.165817 0.128941 0.138824 0.154569 0.127667 0.189799 0.123787 0.150064 0.122542 0.130733 0.119918 0.149745 0.153359 0.151152 0.148648 0.143895 3.207974e+00 0.739
N:4 Run:6 0.218379 0.119522 0.0312545 0.00944414 0.00301058 0.0035095 0.00269112 0.00245 0.00242928 0.00320022 0.00309039 0.00303504 0.0524058 0.11964 0.116151 0.15514 0.181949 0.138566 0.156633 0.11884 0.18095 3.207974e+00 0.739
N:4 Run:7 0.20382 0.131867 0.115319 0.0839319 0.0885025 0.0901056 0.0784039 0.0877358 0.0765083 0.0895157 0.10512 0.087536 0.146049 0.159415 0.136428 0.14697 0.13011 0.122218 0.142822 0.146802 0.12853 3.207974e+00 0.739
N:4 Run:8 0.150541 0.146113 0.169431 0.127131 0.136028 0.154615 0.146659 0.109705 0.142476 0.149506 0.173262 0.165742 0.138184 0.161728 0.150827 0.159326 0.167902 0.119687 0.140255 0.142312 0.157158 3.207974e+00 0.739
N:4 Run:9 0.176742 0.115374 0.132917 0.106297 0.135008 0.161544 0.154699 0.14132 0.172974 0.137575 0.162354 0.151614 0.135994 0.132819 0.119834 0.157282 0.13628 0.132628 0.128674 0.116799 0.13859 3.207974e+00 0.739
N:5 Run:0 0.16695 0.144145 0.168372 0.143826 0.154652 0.182601 0.16437 0.134394 0.120693 0.141242 0.147829 0.114483 0.144812 0.140168 0.138306 0.13466 0.149046 0.136334 0.119691 0.13835 0.169763 3.259712e+00 0.734
N:5 Run:1 0.168303 0.15135 0.155861 0.123123 0.144484 0.163336 0.152608 0.142126 0.172272 0.136773 0.154585 0.15644 0.158832 0.133528 0.150126 0.179366 0.133273 0.127624 0.147064 0.106702 0.149538 3.259712e+00 0.734
N:5 Run:2 0.206925 0.155913 0.116429 0.125101 0.127792 0.150936 0.115277 0.125053 0.117793 0.120456 0.151807 0.116299 0.160438 0.150735 0.146884 0.124985 0.121722 0.124738 0.175043 0.159249 0.155523 3.259712e+00 0.734
N:5 Run:3 0.190763 0.156407 0.16323 0.142569 0.172903 0.134398 0.155078 0.13213 0.176196 0.165829 0.123049 0.116735 0.147637 0.14929 0.128588 0.137262 0.148828 0.142588 0.15118 0.135016 0.167761 3.259712e+00 0.734
N:5 Run:4 0.205128 0.120987 0.0305918 0.0176525 0.00712656 0.00353397 0.0125159 0.0144149 0.0131518 0.00795899 0.0051248 0.00286419 0.158326 0.129901 0.125236 0.142964 0.148277 0.138466 0.0846795 0.15261 0.139788 3.259712e+00 0.734
N:5 Run:5 0.202112 0.100332 0.149969 0.143799 0.153996 0.165817 0.128941 0.138824 0.154569 0.127667 0.189799 0.123787 0.150064 0.122542 0.130733 0.119918 0.149745 0.153359 0.151152 0.148648 0.143895 3.259712e+00 0.734
N:5 Run:6 0.218379 0.119522 0.0312545 0.00944414 0.00301058 0.0035095 0.00269112 0.00245 0.00242928 0.00320022 0.00309039 0.00303504 0.0524058 0.11964 0.116151 0.15514 0.181949 0.138566 0.156633 0.11884 0.18095 3.259712e+00 0.734
N:5 Run:7 0.20382 0.131867 0.115319 0.0839319 0.0885025 0.0901056 0.0784039 0.0877358 0.0765083 0.0895157 0.10512 0.087536 0.146049 0.159415 0.136428 0.14697 0.13011 0.122218 0.142822 0.146802 0.12853 3.259712e+00 0.734
N:5 Run:8 0.150541 0.146113 0.169431 0.127131 0.136028 0.154615 0.146659 0.109705 0.142476 0.149506 0.173262 0.165742 0.138184 0.161728 0.150827 0.159326 0.167902 0.119687 0.140255 0.142312 0.157158 3.259712e+00 0.734
N:5 Run:9 0.176742 0.115374 0.132917 0.106297 0.135008 0.161544 0.154699 0.14132 0.172974 0.137575 0.162354 0.151614 0.135994 0.132819 0.119834 0.157282 0.13628 0.132628 0.128674 0.116799 0.13859 3.259712e+00 0.734
N:6 Run:0 0.16695 0.144145 0.168372 0.143826 0.154652 0.182601 0.16437 0.134394 0.120693 0.141242 0.147829 0.114483 0.144812 0.140168 0.138306 0.13466 0.149046 0.136334 0.119691 0.13835 0.169763 3.245270e+00 0.722
N:6 Run:1 0.168303 0.15135 0.155861 0.123123 0.144484 0.163336 0.152608 0.142126 0.172272 0.136773 0.154585 0.15644 0.158832 0.133528 0.150126 0.179366 0.133273 0.127624 0.147064 0.106702 0.149538 3.245270e+00 0.722
N:6 Run:2 0.206925 0.155913 0.116429 0.125101 0.127792 0.150936 0.115277 0.125053 0.117793 0.120456 0.151807 0.116299 0.160438 0.150735 0.146884 0.124985 0.121722 0.124738 0.175043 0.159249 0.155523 3.245270e+00 0.722
N:6 Run:3 0.190763 0.156407 0.16323 0.142569 0.172903 0.134398 0.155078 0.13213 0.176196 0.165829 0.123049 0.116735 0.147637 0.14929 0.128588 0.137262 0.148828 0.142588 0.15118 0.135016 0.167761 3.245270e+00 0.722
N:6 Run:4 0.205128 0.120987 0.0305918 0.0176525 0.00712656 0.00353397 0.0125159 0.0144149 0.0131518 0.00795899 0.0051248 0.00286419 0.158326 0.129901 0.125236 0.142964 0.148277 0.138466 0.0846795 0.15261 0.139788 3.245270e+00 0.722
N:6 Run:5 0.202112 0.100332 0.149969 0.143799 0.153996 0.165817 0.128941 0.138824 0.154569 0.127667 0.189799 0.123787 0.150064 0.122542 0.130733 0.119918 0.149745 0.153359 0.151152 0.148648 0.143895 3.245270e+00 0.722
N:6 Run:6 0.218379 0.119522 0.0312545 0.00944414 0.00301058 0.0035095 0.00269112 0.00245 0.00242928 0.00320022 0.00309039 0.00303504 0.0524058 0.11964 0.116151 0.15514 0.181949 0.138566 0.156633 0.11884 0.18095 3.245270e+00 0.722
N:6 Run:7 0.20382 0.131867 0.115319 0.0839319 0.0885025 0.0901056 0.0784039 0.0877358 0.0765083 0.0895157 0.10512 0.087536 0.146049 0.159415 0.136428 0.14697 0.13011 0.122218 0.142822 0.146802 0.12853 3.245270e+00 0.722
N:6 Run:8 0.150541 0.146113 0.169431 0.127131 0.136028 0.154615 0.146659 0.109705 0.142476 0.149506 0.173262 0.165742 0.138184 0.161728 0.150827 0.159326 0.167902 0.119687 0.140255 0.142312 0.157158 3.245270e+00 0.722
N:6 Run:9 0.176742 0.115374 0.132917 0.106297 0.135008 0.161544 0.154699 0.14132 0.172974 0.137575 0.162354 0.151614 0.135994 0.132819 0.119834 0.157282 0.13628 0.132628 0.128674 0.116799 0.13859 3.245270e+00 0.722
N:7 Run:0 0.16695 0.144057 0.166074 0.144978 0.151192 0.175948 0.163077 0.135399 0.123329 0.140513 0.148417 0.118233 0.145136 0.141321 0.14145 0.136891 0.1479 0.137853 0.122019 0.139351 0.163761 3.109674e+00 0.749
N:7 Run:1 0.168303 0.149652 0.154394 0.126546 0.146405 0.161663 0.152362 0.142873 0.168333 0.136936 0.152438 0.154063 0.157822 0.136786 0.149302 0.171045 0.134799 0.130267 0.147431 0.111006 0.14951 3.109674e+00 0.749
N:7 Run:2 0.206925 0.156038 0.119679 0.127381 0.129536 0.15245 0.118124 0.127854 0.121355 0.123129 0.153342 0.120585 0.157909 0.150951 0.145903 0.12787 0.124022 0.127717 0.169433 0.157411 0.154848 3.109674e+00 0.749
N:7 Run:3 0.190763 0.154587 0.160875 0.14368 0.16848 0.136097 0.1548 0.134768 0.169541 0.159744 0.126346 0.120574 0.147692 0.148525 0.131948 0.137957 0.14934 0.142946 0.150395 0.134443 0.16081 3.109674e+00 0.749
N:7 Run:4 0.205128 0.124275 0.0309604 0.0180803 0.00724335 0.00372261 0.0129049 0.0148767 0.0137197 0.00815032 0.00517101 0.00306705 0.156815 0.132486 0.127504 0.14492 0.146446 0.140178 0.088969 0.152405 0.139187 3.109674e+00 0.749
N:7 Run:5 0.202112 0.104318 0.150646 0.143668 0.152991 0.161675 0.132078 0.140229 0.153408 0.130554 0.182897 0.127013 0.149473 0.125443 0.133499 0.123576 0.147952 0.153329 0.151517 0.148181 0.145705 3.109674e+00 0.749
N:7 Run:6 0.218379 0.12315 0.0315611 0.0085043 0.00292301 0.00329755 0.00270437 0.00255824 0.00254407 0.00305599 0.00298251 0.00293602 0.0547127 0.122696 0.120027 0.155039 0.173912 0.139581 0.154087 0.122611 0.17342 3.109674e+00 0.749
N:7 Run:7 0.20382 0.13235 0.113497 0.0869229 0.0897454 0.0910913 0.0806575 0.0900918 0.0779428 0.0913003 0.105419 0.0903714 0.145715 0.155531 0.137629 0.146044 0.132769 0.125282 0.14435 0.146248 0.131302 3.109674e+00 0.749
N:7 Run:8 0.150541 0.147591 0.165484 0.13037 0.138597 0.152404 0.147496 0.113809 0.144109 0.150525 0.169495 0.161986 0.140639 0.161414 0.149775 0.15798 0.165365 0.122506 0.141346 0.143742 0.155245 3.109674e+00 0.749
N:7 Run:9 0.176742 0.119581 0.136048 0.110179 0.136199 0.159293 0.152471 0.140841 0.169627 0.13772 0.157941 0.150659 0.137863 0.133926 0.123063 0.153655 0.136684 0.135594 0.131494 0.120153 0.14083 3.109674e+00 0.749
N:8 Run:0 0.16695 0.144057 0.166074 0.144978 0.151192 0.175948 0.163077 0.135399 0.123329 0.140513 0.148417 0.118233 0.145136 0.141321 0.14145 0.136891 0.1479 0.137853 0.122019 0.139351 0.163761 3.251687e+00 0.742
N:8 Run:1 0.168303 0.149652 0.154394 0.126546 0.146405 0.161663 0.152362 0.142873 0.168333 0.136936 0.152438 0.154063 0.157822 0.136786 0.149302 0.171045 0.134799 0.130267 0.147431 0.111006 0.14951 3.251687e+00 0.742
N:8 Run:2 0.206925 0.156038 0.119679 0.127381 0.129536 0.15245 0.118124 0.127854 0.121355 0.123129 0.153342 0.120585 0.157909 0.150951 0.145903 0.12787 0.124022 0.127717 0.169433 0.157411 0.154848 3.251687e+00 0.742
N:8 Run:3 0.190763 0.154587 0.160875 0.14368 0.16848 0.136097 0.1548 0.134768 0.169541 0.159744 0.126346 0.120574 0.147692 0.148525 0.131948 0.137957 0.14934 0.142946 0.150395 0.134443 0.16081 3.251687e+00 0.742
N:8 Run:4 0.205128 0.124275 0.0309604 0.0180803 0.00724335 0.00372261 0.0129049 0.0148767 0.0137197 0.00815032 0.00517101 0.00306705 0.156815 0.132486 0.127504 0.14492 0.146446 0.140178 0.088969 0.152405 0.139187 3.251687e+00 0.742
N:8 Run:5 0.202112 0.104318 0.150646 0.143668 0.152991 0.161675 0.132078 0.140229 0.153408 0.130554 0.182897 0.127013 0.149473 0.125443 0.133499 0.123576 0.147952 0.153329 0.151517 0.148181 0.145705 3.251687e+00 0.742
N:8 Run:6 0.218379 0.12315 0.0315611 0.0085043 0.00292301 0.00329755 0.00270437 0.00255824 0.00254407 0.00305599 0.00298251 0.00293602 0.0547127 0.122696 0.120027 0.155039 0.173912 0.139581 0.154087 0.122611 0.17342 3.251687e+00 0.742
N:8 Run:7 0.20382 0.13235 0.113497 0.0869229 0.0897454 0.0910913 0.0806575 0.0900918 0.0779428 0.0913003 0.105419 0.0903714 0.145715 0.155531 0.137629 0.146044 0.132769 0.125282 0.14435 0.146248 0.131302 3.251687e+00 0.742
N:8 Run:8 0.150541 0.147591 0.165484 0.13037 0.138597 0.152404 0.147496 0.113809 0.144109 0.150525 0.169495 0.161986 0.140639 0.161414 0.149775 0.15798 0.165365 0.122506 0.141346 0.143742 0.155245 3.251687e+00 0.742
N:8 Run:9 0.176742 0.119581 0.136048 0.110179 0.136199 0.159293 0.152471 0.140841 0.169627 0.13772 0.157941 0.150659 0.137863 0.133926 0.123063 0.153655 0.136684 0.135594 0.131494 0.120153 0.14083 3.251687e+00 0.742
N:9 Run:0 0.16695 0.144057 0.166074 0.144978 0.151192 0.175948 0.163077 0.135399 0.123329 0.140513 0.148417 0.118233 0.145136 0.141321 0.14145 0.136891 0.1479 0.137853 0.122019 0.139351 0.163761 3.223737e+00 0.736
N:9 Run:1 0.168303 0.149652 0.154394 0.126546 0.146405 0.161663 0.152362 0.142873 0.168333 0.136936 0.152438 0.154063 0.157822 0.136786 0.149302 0.171045 0.134799 0.130267 0.147431 0.111006 0.14951 3.223737e+00 0.736
N:9 Run:2 0.206925 0.156038 0.119679 0.127381 0.129536 0.15245 0.118124 0.127854 0.121355 0.123129 0.153342 0.120585 0.157909 0.150951 0.145903 0.12787 0.124022 0.127717 0.169433 0.157411 0.154848 3.223737e+00 0.736
N:9 Run:3 0.190763 0.154587 0.160875 0.14368 0.16848 0.136097 0.1548 0.134768 0.169541 0.159744 0.126346 0.120574 0.147692 0.148525 0.131948 0.137957 0.14934 0.142946 0.150395 0.134443 0.16081 3.223737e+00 0.736
N:9 Run:4 0.205128 0.124275 0.0309604 0.0180803 0.00724335 0.00372261 0.0129049 0.0148767 0.0137197 0.00815032 0.00517101 0.00306705 0.156815 0.132486 0.127504 0.14492 0.146446 0.140178 0.088969 0.152405 0.139187 3.223737e+00 0.736
N:9 Run:5 0.202112 0.104318 0.150646 0.143668 0.152991 0.161675 0.132078 0.140229 0.153408 0.130554 0.182897 0.127013 0.149473 0.125443 0.133499 0.123576 0.147952 0.153329 0.151517 0.148181 0.145705 3.223737e+00 0.736
N:9 Run:6 0.218379 0.12315 0.0315611 0.0085043 0.00292301 0.00329755 0.00270437 0.00255824 0.00254407 0.00305599 0.00298251 0.00293602 0.0547127 0.122696 0.120027 0.155039 0.173912 0.139581 0.154087 0.122611 0.17342 3.223737e+00 0.736
N:9 Run:7 0.20382 0.13235 0.113497 0.0869229 0.0897454 0.0910913 0.0806575 0.0900918 0.0779428 0.0913003 0.105419 0.0903714 0.145715 0.155531 0.137629 0.146044 0.132769 0.125282 0.14435 0.146248 0.131302 3.223737e+00 0.736
N:9 Run:8 0.150541 0.147591 0.165484 0.13037 0.138597 0.152404 0.147496 0.113809 0.144109 0.150525 0.169495 0.161986 0.140639 0.161414 0.149775 0.15798 0.165365 0.122506 0.141346 0.143742 0.155245 3.223737e+00 0.736
N:9 Run:9 0.176742 0.119581 0.136048 0.110179 0.136199 0.159293 0.152471 0.140841 0.169627 0.13772 0.157941 0.150659 0.137863 0.133926 0.123063 0.153655 0.136684 0.135594 0.131494 0.120153 0.14083 3.223737e+00 0.736
N:10 Run:0 0.16695 0.144057 0.166074 0.144978 0.151192 0.175948 0.163077 0.135399 0.123329 0.140513 0.148417 0.118233 0.145136 0.141321 0.14145 0.136891 0.1479 0.137853 0.122019 0.139351 0.163761 3.222183e+00 0.726
N:10 Run:1 0.168303 0.149652 0.154394 0.126546 0.146405 0.161663 0.152362 0.142873 0.168333 0.136936 0.152438 0.154063 0.157822 0.136786 0.149302 0.171045 0.134799 0.130267 0.147431 0.111006 0.14951 3.222183e+00 0.726
N:10 Run:2 0.206925 0.156038 0.119679 0.127381 0.129536 0.15245 0.118124 0.127854 0.121355 0.123129 0.153342 0.120585 0.157909 0.150951 0.145903 0.12787 0.124022 0.127717 0.169433 0.157411 0.154848 3.222183e+00 0.726
N:10 Run:3 0.190763 0.154587 0.160875 0.14368 0.16848 0.136097 0.1548 0.134768 0.169541 0.159744 0.126346 0.120574 0.147692 0.148525 0.131948 0.137957 0.14934 0.142946 0.150395 0.134443 0.16081 3.222183e+00 0.726
N:10 Run:4 0.205128 0.124275 0.0309604 0.0180803 0.00724335 0.00372261 0.0129049 0.0148767 0.0137197 0.00815032 0.00517101 0.00306705 0.156815 0.132486 0.127504 0.14492 0.146446 0.140178 0.088969 0.152405 0.139187 3.222183e+00 0.726
N:10 Run:5 0.202112 0.104318 0.150646 0.143668 0.152991 0.161675 0.132078 0.140229 0.153408 0.130554 0.182897 0.127013 0.149473 0.125443 0.133499 0.123576 0.147952 0.153329 0.151517 0.148181 0.145705 3.222183e+00 0.726
N:10 Run:6 0.218379 0.12315 0.0315611 0.0085043 0.00292301 0.00329755 0.00270437 0.00255824 0.00254407 0.00305599 0.00298251 0.00293602 0.0547127 0.122696 0.120027 0.155039 0.173912 0.139581 0.154087 0.122611 0.17342 3.222183e+00 0.726
N:10 Run:7 0.20382 0.13235 0.113497 0.0869229 0.0897454 0.0910913 0.0806575 0.0900918 0.0779428 0.0913003 0.105419 0.0903714 0.145715 0.155531 0.137629 0.146044 0.132769 0.125282 0.14435 0.146248 0.131302 3.222183e+00 0.726
N:10 Run:8 0.150541 0.147591 0.165484 0.13037 0.138597 0.152404 0.147496 0.113809 0.144109 0.150525 0.169495 0.161986 0.140639 0.161414 0.149775 0.15798 0.165365 0.122506 0.141346 0.143742 0.155245 3.222183e+00 0.726
N:10 Run:9 0.176742 0.119581 0.136048 0.110179 0.136199 0.159293 0.152471 0.140841 0.169627 0.13772 0.157941 0.150659 0.137863 0.133926 0.123063 0.153655 0.136684 0.135594 0.131494 0.120153 0.14083 3.222183e+00 0.726
N:11 Run:0 0.16695 0.143834 0.164929 0.144557 0.15089 0.174589 0.161986 0.135422 0.123588 0.140486 0.147908 0.118435 0.144828 0.14108 0.140746 0.136679 0.147605 0.137716 0.122357 0.13922 0.16302 3.105773e+00 0.742
N:11 Run:1 0.168303 0.149318 0.15382 0.12652 0.14576 0.160712 0.151756 0.142614 0.16722 0.136973 0.152014 0.153579 0.157012 0.136312 0.148916 0.170037 0.134786 0.130268 0.147005 0.11124 0.149032 3.105773e+00 0.742
N:11 Run:2 0.206925 0.155162 0.11995 0.127554 0.129699 0.15153 0.118509 0.127925 0.121499 0.12339 0.15236 0.120483 0.157254 0.150358 0.145679 0.127919 0.124303 0.127755 0.168385 0.156714 0.154162 3.105773e+00 0.742
N:11 Run:3 0.190763 0.15403 0.160042 0.14333 0.167399 0.136007 0.154067 0.134569 0.168544 0.159178 0.126361 0.120664 0.147293 0.148169 0.131694 0.137916 0.148794 0.142729 0.149953 0.134604 0.160227 3.105773e+00 0.742
N:11 Run:4 0.205128 0.12437 0.0303742 0.0174395 0.00676486 0.00354401 0.0123231 0.0142859 0.0132042 0.0076492 0.00481796 0.00297706 0.156139 0.132402 0.127673 0.144352 0.146254 0.139903 0.0895772 0.151801 0.139195 3.105773e+00 0.742
N:11 Run:5 0.202112 0.104832 0.150005 0.143469 0.152443 0.16094 0.131882 0.140003 0.152855 0.13049 0.181111 0.127016 0.149058 0.125582 0.133334 0.123606 0.147701 0.152642 0.150872 0.147812 0.145122 3.105773e+00 0.742
N:11 Run:6 0.218379 0.123197 0.0317488 0.00849339 0.00294105 0.00331284 0.00272771 0.00258674 0.00257262 0.00307219 0.00300119 0.0029538 0.0550595 0.122916 0.120126 0.154269 0.172744 0.139432 0.153615 0.122642 0.17226 3.105773e+00 0.742
N:11 Run:7 0.20382 0.132515 0.113986 0.0877136 0.0904171 0.0917471 0.0813699 0.0908546 0.0785234 0.0920261 0.10605 0.0911532 0.145454 0.155068 0.137543 0.145812 0.132658 0.125396 0.143901 0.145975 0.131232 3.105773e+00 0.742
N:11 Run:8 0.150541 0.146971 0.164535 0.130225 0.138227 0.151986 0.146995 0.114041 0.143654 0.149827 0.168295 0.161207 0.140186 0.16028 0.149385 0.157203 0.16429 0.12276 0.141115 0.14334 0.15467 3.105773e+00 0.742
N:11 Run:9 0.176742 0.119559 0.135659 0.11059 0.136178 0.158539 0.152049 0.140782 0.168378 0.13773 0.157398 0.150219 0.137671 0.133997 0.123225 0.153263 0.136714 0.135275 0.131406 0.12039 0.140422 3.105773e+00 0.742
N:12 Run:0 0.16695 0.143834 0.164929 0.144557 0.15089 0.174589 0.161986 0.135422 0.123588 0.140486 0.147908 0.118435 0.144828 0.14108 0.140746 0.136679 0.147605 0.137716 0.122357 0.13922 0.16302 3.148019e+00 0.738
N:12 Run:1 0.168303 0.149318 0.15382 0.12652 0.14576 0.160712 0.151756 0.142614 0.16722 0.136973 0.152014 0.153579 0.157012 0.136312 0.148916 0.170037 0.134786 0.130268 0.147005 0.11124 0.149032 3.148019e+00 0.738
N:12 Run:2 0.206925 0.155162 0.11995 0.127554 0.129699 0.15153 0.118509 0.127925 0.121499 0.12339 0.15236 0.120483 0.157254 0.150358 0.145679 0.127919 0.124303 0.127755 0.168385 0.156714 0.154162 3.148019e+00 0.738
N:12 Run:3 0.190763 0.15403 0.160042 0.14333 0.167399 0.136007 0.154067 0.134569 0.168544 0.159178 0.126361 0.120664 0.147293 0.148169 0.131694 0.137916 0.148794 0.142729 0.149953 0.134604 0.160227 3.148019e+00 0.738
N:12 Run:4 0.205128 0.12437 0.0303742 0.0174395 0.00676486 0.00354401 0.0123231 0.0142859 0.0132042 0.0076492 0.00481796 0.00297706 0.156139 0.132402 0.127673 0.144352 0.146254 0.139903 0.0895772 0.151801 0.139195 3.148019e+00 0.738
N:12 Run:5 0.202112 0.104832 0.150005 0.143469 0.152443 0.16094 0.131882 0.140003 0.152855 0.13049 0.181111 0.127016 0.149058 0.125582 0.133334 0.123606 0.147701 0.152642 0.150872 0.147812 0.145122 3.148019e+00 0.738
N:12 Run:6 0.218379 0.123197 0.0317488 0.00849339 0.00294105 0.00331284 0.00272771 0.00258674 0.00257262 0.00307219 0.00300119 0.0029538 0.0550595 0.122916 0.120126 0.154269 0.172744 0.139432 0.153615 0.122642 0.17226 3.148019e+00 0.738
N:12 Run:7 0.20382 0.132515 0.113986 0.0877136 0.0904171 0.0917471 0.0813699 0.0908546 0.0785234 0.0920261 0.10605 0.0911532 0.145454 0.155068 0.137543 0.145812 0.132658 0.125396 0.143901 0.145975 0.131232 3.148019e+00 0.738
N:12 Run:8 0.150541 0.146971 0.164535 0.130225 0.138227 0.151986 0.146995 0.114041 0.143654 0.149827 0.168295 0.161207 0.140186 0.16028 0.149385 0.157203 0.16429 0.12276 0.141115 0.14334 0.15467 3.148019e+00 0.738
N:12 Run:9 0.176742 0.119559 0.135659 0.11059 0.136178 0.158539 0.152049 0.140782 0.168378 0.13773 0.157398 0.150219 0.137671 0.133997 0.123225 0.153263 0.136714 0.135275 0.131406 0.12039 0.140422 3.148019e+00 0.738
N:13 Run:0 0.16695 0.143834 0.164929 0.144557 0.15089 0.174589 0.161986 0.135422 0.123588 0.140486 0.147908 0.118435 0.144828 0.14108 0.140746 0.136679 0.147605 0.137716 0.122357 0.13922 0.16302 3.184415e+00 0.724
N:13 Run:1 0.168303 0.149318 0.15382 0.12652 0.14576 0.160712 0.151756 0.142614 0.16722 0.136973 0.152014 0.153579 0.157012 0.136312 0.148916 0.170037 0.134786 0.130268 0.147005 0.11124 0.149032 3.184415e+00 0.724
N:13 Run:2 0.206925 0.155162 0.11995 0.127554 0.129699 0.15153 0.118509 0.127925 0.121499 0.12339 0.15236 0.120483 0.157254 0.150358 0.145679 0.127919 0.124303 0.127755 0.168385 0.156714 0.154162 3.184415e+00 0.724
N:13 Run:3 0.190763 0.15403 0.160042 0.14333 0.167399 0.136007 0.154067 0.134569 0.168544 0.159178 0.126361 0.120664 0.147293 0.148169 0.131694 0.137916 0.148794 0.142729 0.149953 0.134604 0.160227 3.184415e+00 0.724
N:13 Run:4 0.205128 0.12437 0.0303742 0.0174395 0.00676486 0.00354401 0.0123231 0.0142859 0.0132042 0.0076492 0.00481796 0.00297706 0.156139 0.132402 0.127673 0.144352 0.146254 0.139903 0.0895772 0.151801 0.139195 3.184415e+00 0.724
N:13 Run:5 0.202112 0.104832 0.150005 0.143469 0.152443 0.16094 0.131882 0.140003 0.152855 0.13049 0.181111 0.127016 0.149058 0.125582 0.133334 0.123606 0.147701 0.152642 0.150872 0.147812 0.145122 3.184415e+00 0.724
N:13 Run:6 0.218379 0.123197 0.0317488 0.00849339 0.00294105 0.00331284 0.00272771 0.00258674 0.00257262 0.00307219 0.00300119 0.0029538 0.0550595 0.122916 0.120126 0.154269 0.172744 0.139432 0.153615 0.122642 0.17226 3.184415e+00 0.724
N:13 Run:7 0.20382 0.132515 0.113986 0.0877136 0.0904171 0.0917471 0.0813699 0.0908546 0.0785234 0.0920261 0.10605 0.0911532 0.145454 0.155068 0.137543 0.145812 0.132658 0.125396 0.143901 0.145975 0.131232 3.184415e+00 0.724
N:13 Run:8 0.150541 0.146971 0.164535 0.130225 0.138227 0.151986 0.146995 0.114041 0.143654 0.149827 0.168295 0.161207 0.140186 0.16028 0.149385 0.157203 0.16429 0.12276 0.141115 0.14334 0.15467 3.184415e+00 0.724
N:13 Run:9 0.176742 0.119559 0.135659 0.11059 0.136178 0.158539 0.152049 0.140782 0.168378 0.13773 0.157398 0.150219 0.137671 0.133997 0.123225 0.153263 0.136714 0.135275 0.131406 0.12039 0.140422 3.184415e+00 0.724
N:14 Run:0 0.16695 0.143834 0.164929 0.144557 0.15089 0.174589 0.161986 0.135422 0.123588 0.140486 0.147908 0.118435 0.144828 0.14108 0.140746 0.136679 0.147605 0.137716 0.122357 0.13922 0.16302 3.156994e+00 0.731
N:14 Run:1 0.168303 0.149318 0.15382 0.12652 0.14576 0.160712 0.151756 0.142614 0.16722 0.136973 0.152014 0.153579 0.157012 0.136312 0.148916 0.170037 0.134786 0.130268 0.147005 0.11124 0.149032 3.156994e+00 0.731
N:14 Run:2 0.206925 0.155162 0.11995 0.127554 0.129699 0.15153 0.118509 0.127925 0.121499 0.12339 0.15236 0.120483 0.157254 0.150358 0.145679 0.127919 0.124303 0.127755 0.168385 0.156714 0.154162 3.156994e+00 0.731
N:14 Run:3 0.190763 0.15403 0.160042 0.14333 0.167399 0.136007 0.154067 0.134569 0.168544 0.159178 0.126361 0.120664 0.147293 0.148169 0.131694 0.137916 0.148794 0.142729 0.149953 0.134604 0.160227 3.156994e+00 0.731
N:14 Run:4 0.205128 0.12437 0.0303742 0.0174395 0.00676486 0.00354401 0.0123231 0.0142859 0.0132042 0.0076492 0.00481796 0.00297706 0.156139 0.132402 0.127673 0.144352 0.146254 0.139903 0.0895772 0.151801 0.139195 3.156994e+00 0.731
N:14 Run:5 0.202112 0.104832 0.150005 0.143469 0.152443 0.16094 0.131882 0.140003 0.152855 0.13049 0.181111 0.127016 0.149058 0.125582 0.133334 0.123606 0.147701 0.152642 0.150872 0.147812 0.145122 3.156994e+00 0.731
N:14 Run:6 0.218379 0.123197 0.0317488 0.00849339 0.00294105 0.00331284 0.00272771 0.00258674 0.00257262 0.00307219 0.00300119 0.0029538 0.0550595 0.122916 0.120126 0.154269 0.172744 0.139432 0.153615 0.122642 0.17226 3.156994e+00 0.731
N:14 Run:7 0.20382 0.132515 0.113986 0.0877136 0.0904171 0.0917471 0.0813699 0.0908546 0.0785234 0.0920261 0.10605 0.0911532 0.145454 0.155068 0.137543 0.145812 0.132658 0.125396 0.143901 0.145975 0.131232 3.156994e+00 0.731
N:14 Run:8 0.150541 0.146971 0.164535 0.130225 0.138227 0.151986 0.146995 0.114041 0.143654 0.149827 0.168295 0.161207 0.140186 0.16028 0.149385 0.157203 0.16429 0.12276 0.141115 0.14334 0.15467 3.156994e+00 0.731
N:14 Run:9 0.176742 0.119559 0.135659 0.11059 0.136178 0.158539 0.152049 0.140782 0.168378 0.13773 0.157398 0.150219 0.137671 0.133997 0.123225 0.153263 0.136714 0.135275 0.131406 0.12039 0.140422 3.156994e+00 0.731
N:15 Run:0 0.16695 0.143834 0.164929 0.144557 0.15089 0.174589 0.161986 0.135422 0.123588 0.140486 0.147908 0.118435 0.144828 0.14108 0.140746 0.136679 0.147605 0.137716 0.122357 0.13922 0.16302 3.118105e+00 0.757
N:15 Run:1 0.168303 0.149318 0.15382 0.12652 0.14576 0.160712 0.151756 0.142614 0.16722 0.136973 0.152014 0.153579 0.157012 0.136312 0.148916 0.170037 0.134786 0.130268 0.147005 0.11124 0.149032 3.118105e+00 0.757
N:15 Run:2 0.206925 0.155162 0.11995 0.127554 0.129699 0.15153 0.118509 0.127925 0.121499 0.12339 0.15236 0.120483 0.157254 0.150358 0.145679 0.127919 0.124303 0.127755 0.168385 0.156714 0.154162 3.118105e+00 0.757
N:15 Run:3 0.190763 0.15403 0.160042 0.14333 0.167399 0.136007 0.154067 0.134569 0.168544 0.159178 0.126361 0.120664 0.147293 0.148169 0.131694 0.137916 0.148794 0.142729 0.149953 0.134604 0.160227 3.118105e+00 0.757
N:15 Run:4 0.205128 0.12437 0.0303742 0.0174395 0.00676486 0.00354401 0.0123231 0.0142859 0.0132042 0.0076492 0.00481796 0.00297706 0.156139 0.132402 0.127673 0.144352 0.146254 0.139903 0.0895772 0.151801 0.139195 3.118105e+00 0.757
N:15 Run:5 0.202112 0.104832 0.150005 0.143469 0.152443 0.16094 0.131882 0.140003 0.152855 0.13049 0.181111 0.127016 0.149058 0.125582 0.133334 0.123606 0.147701 0.152642 0.150872 0.147812 0.145122 3.118105e+00 0.757
N:15 Run:6 0.218379 0.123197 0.0317488 0.00849339 0.00294105 0.00331284 0.00272771 0.00258674 0.00257262 0.00307219 0.00300119 0.0029538 0.0550595 0.122916 0.120126 0.154269 0.172744 0.139432 0.153615 0.122642 0.17226 3.118105e+00 0.757
N:15 Run:7 0.20382 0.132515 0.113986 0.0877136 0.0904171 0.0917471 0.0813699 0.0908546 0.0785234 0.0920261 0.10605 0.0911532 0.145454 0.155068 0.137543 0.145812 0.132658 0.125396 0.143901 0.145975 0.131232 3.118105e+00 0.757
N:15 Run:8 0.150541 0.146971 0.164535 0.130225 0.138227 0.151986 0.146995 0.114041 0.143654 0.149827 0.168295 0.161207 0.140186 0.16028 0.149385 0.157203 0.16429 0.12276 0.141115 0.14334 0.15467 3.118105e+00 0.757
N:15 Run:9 0.176742 0.119559 0.135659 0.11059 0.136178 0.158539 0.152049 0.140782 0.168378 0.13773 0.157398 0.150219 0.137671 0.133997 0.123225 0.153263 0.136714 0.135275 0.131406 0.12039 0.140422 3.118105e+00 0.757
N:16 Run:0 0.16695 0.143834 0.164929 0.144557 0.15089 0.174589 0.161986 0.135422 0.123588 0.140486 0.147908 0.118435 0.144828 0.14108 0.140746 0.136679 0.147605 0.137716 0.122357 0.13922 0.16302 3.799038e+00 0.734
N:16 Run:1 0.168303 0.149318 0.15382 0.12652 0.14576 0.160712 0.151756 0.142614 0.16722 0.136973 0.152014 0.153579 0.157012 0.136312 0.148916 0.170037 0.134786 0.130268 0.147005 0.11124 0.149032 3.799038e+00 0.734
N:16 Run:2 0.206925 0.155162 0.11995 0.127554 0.129699 0.15153 0.118509 0.127925 0.121499 0.12339 0.15236 0.120483 0.157254 0.150358 0.145679 0.127919 0.124303 0.127755 0.168385 0.156714 0.154162 3.799038e+00 0.734
N:16 Run:3 0.190763 0.15403 0.160042 0.14333 0.167399 0.136007 0.154067 0.134569 0.168544 0.159178 0.126361 0.120664 0.147293 0.148169 0.131694 0.137916 0.148794 0.142729 0.149953 0.134604 0.160227 3.799038e+00 0.734
N:16 Run:4 0.205128 0.12437 0.0303742 0.0174395 0.00676486 0.00354401 0.0123231 0.0142859 0.0132042 0.0076492 0.00481796 0.00297706 0.156139 0.132402 0.127673 0.144352 0.146254 0.139903 0.0895772 0.151801 0.139195 3.799038e+00 0.734
N:16 Run:5 0.202112 0.104832 0.150005 0.143469 0.152443 0.16094 0.131882 0.140003 0.152855 0.13049 0.181111 0.127016 0.149058 0.125582 0.133334 0.123606 0.147701 0.152642 0.150872 0.147812 0.145122 3.799038e+00 0.734
N:16 Run:6 0.218379 0.123197 0.0317488 0.00849339 0.00294105 0.00331284 0.00272771 0.00258674 0.00257262 0.00307219 0.00300119 0.0029538 0.0550595 0.122916 0.120126 0.154269 0.172744 0.139432 0.153615 0.122642 0.17226 3.799038e+00 0.734
N:16 Run:7 0.20382 0.132515 0.113986 0.0877136 0.0904171 0.0917471 0.0813699 0.0908546 0.0785234 0.0920261 0.10605 0.0911532 0.145454 0.155068 0.137543 0.145812 0.132658 0.125396 0.143901 0.145975 0.131232 3.799038e+00 0.734
N:16 Run:8 0.150541 0.146971 0.164535 0.130225 0.138227 0.151986 0.146995 0.114041 0.143654 0.149827 0.168295 0.161207 0.140186 0.16028 0.149385 0.157203 0.16429 0.12276 0.141115 0.14334 0.15467 3.799038e+00 0.734
N:16 Run:9 0.176742 0.119559 0.135659 0.11059 0.136178 0.158539 0.152049 0.140782 0.168378 0.13773 0.157398 0.150219 0.137671 0.133997 0.123225 0.153263 0.136714 0.135275 0.131406 0.12039 0.140422 3.799038e+00 0.734
N:17 Run:0 0.16695 0.143834 0.164929 0.144557 0.15089 0.174589 0.161986 0.135422 0.123588 0.140486 0.147908 0.118435 0.144828 0.14108 0.140746 0.136679 0.147605 0.137716 0.122357 0.13922 0.16302 3.129277e+00 0.738
N:17 Run:1 0.168303 0.149318 0.15382 0.12652 0.14576 0.160712 0.151756 0.142614 0.16722 0.136973 0.152014 0.153579 0.157012 0.136312 0.148916 0.170037 0.134786 0.130268 0.147005 0.11124 0.149032 3.129277e+00 0.738
N:17 Run:2 0.206925 0.155162 0.11995 0.127554 0.129699 0.15153 0.118509 0.127925 0.121499 0.12339 0.15236 0.120483 0.157254 0.150358 0.145679 0.127919 0.124303 0.127755 0.168385 0.156714 0.154162 3.129277e+00 0.738
N:17 Run:3 0.190763 0.15403 0.160042 0.14333 0.167399 0.136007 0.154067 0.134569 0.168544 0.159178 0.126361 0.120664 0.147293 0.148169 0.131694 0.137916 0.148794 0.142729 0.149953 0.134604 0.160227 3.129277e+00 0.738
N:17 Run:4 0.205128 0.12437 0.0303742 0.0174395 0.00676486 0.00354401 0.0123231 0.0142859 0.0132042 0.0076492 0.00481796 0.00297706 0.156139 0.132402 0.127673 0.144352 0.146254 0.139903 0.0895772 0.151801 0.139195 3.129277e+00 0.738
N:17 Run:5 0.202112 0.104832 0.150005 0.143469 0.152443 0.16094 0.131882 0.140003 0.152855 0.13049 0.181111 0.127016 0.149058 0.125582 0.133334 0.123606 0.147701 0.152642 0.150872 0.147812 0.145122 3.129277e+00 0.738
N:17 Run:6 0.218379 0.123197 0.0317488 0.00849339 0.00294105 0.00331284 0.00272771 0.00258674 0.00257262 0.00307219 0.00300119 0.0029538 0.0550595 0.122916 0.120126 0.154269 0.172744 0.139432 0.153615 0.122642 0.17226 3.129277e+00 0.738
N:17 Run:7 0.20382 0.132515 0.113986 0.0877136 0.0904171 0.0917471 0.0813699 0.0908546 0.0785234 0.0920261 0.10605 0.0911532 0.145454 0.155068 0.137543 0.145812 0.132658 0.125396 0.143901 0.145975 0.131232 3.129277e+00 0.738
N:17 Run:8 0.150541 0.146971 0.164535 0.130225 0.138227 0.151986 0.146995 0.114041 0.143654 0.149827 0.168295 0.161207 0.140186 0.16028 0.149385 0.157203 0.16429 0.12276 0.141115 0.14334 0.15467 3.129277e+00 0.738
N:17 Run:9 0.176742 0.119559 0.135659 0.11059 0.136178 0.158539 0.152049 0.140782 0.168378 0.13773 0.157398 0.150219 0.137671 0.133997 0.123225 0.153263 0.136714 0.135275 0.131406 0.12039 0.140422 3.129277e+00 0.738
N:18 Run:0 0.16695 0.143491 0.163963 0.144687 0.149434 0.172278 0.16135 0.135437 0.124193 0.139895 0.147846 0.119509 0.144643 0.141185 0.141687 0.137186 0.146907 0.137942 0.122832 0.139255 0.16083 3.102674e+00 0.749
N:18 Run:1 0.168303 0.148439 0.153051 0.127481 0.146211 0.159927 0.151411 0.142574 0.165716 0.136684 0.150998 0.152495 0.156432 0.137266 0.14834 0.167196 0.134999 0.130908 0.146851 0.112568 0.148746 3.102674e+00 0.749
N:18 Run:2 0.206925 0.154989 0.120804 0.12803 0.129971 0.151869 0.119185 0.128619 0.122499 0.12401 0.152717 0.121835 0.156143 0.150175 0.145027 0.12865 0.124773 0.128525 0.16635 0.155837 0.15368 3.102674e+00 0.749
N:18 Run:3 0.190763 0.15314 0.159013 0.143435 0.165737 0.136295 0.15373 0.135234 0.166188 0.156945 0.127264 0.12179 0.147025 0.147609 0.132659 0.137828 0.148709 0.142543 0.149398 0.134045 0.15774 3.102674e+00 0.749
N:18 Run:4 0.205128 0.125259 0.0304839 0.0176096 0.00682605 0.00358707 0.0124823 0.0144685 0.0134194 0.00773597 0.00484483 0.00301173 0.155368 0.13303 0.128145 0.144806 0.145313 0.140221 0.0909262 0.15147 0.138644 3.102674e+00 0.749
N:18 Run:5 0.202112 0.10599 0.149995 0.143108 0.151828 0.159321 0.132746 0.1402 0.152187 0.131236 0.17878 0.127891 0.148566 0.126308 0.134045 0.12466 0.14678 0.152385 0.15075 0.147357 0.145522 3.102674e+00 0.749
N:18 Run:6 0.218379 0.124236 0.0317432 0.00810458 0.00288058 0.0032095 0.00269779 0.00258207 0.00257022 0.00299395 0.00293325 0.00289045 0.0558112 0.123695 0.121267 0.153999 0.170002 0.139474 0.152474 0.123744 0.169664 3.102674e+00 0.749
N:18 Run:7 0.20382 0.132325 0.113002 0.0884539 0.0904942 0.0917307 0.0818437 0.0913362 0.0787128 0.0922915 0.105766 0.0918216 0.14503 0.153497 0.137645 0.14518 0.133319 0.126191 0.144175 0.145477 0.131932 3.102674e+00 0.749
N:18 Run:8 0.150541 0.147252 0.163006 0.131125 0.138889 0.150948 0.147022 0.115273 0.143969 0.149949 0.166858 0.159716 0.140815 0.15999 0.148732 0.156503 0.163234 0.123439 0.141196 0.143571 0.153751 3.102674e+00 0.749
N:18 Run:9 0.176742 0.120864 0.136549 0.111705 0.136268 0.157533 0.151006 0.140282 0.167083 0.137439 0.155671 0.149605 0.138037 0.134044 0.124082 0.151765 0.136512 0.136088 0.132128 0.121291 0.140961 3.102674e+00 0.749
N:19 Run:0 0.16695 0.143491 0.163963 0.144687 0.149434 0.172278 0.16135 0.135437 0.124193 0.139895 0.147846 0.119509 0.144643 0.141185 0.141687 0.137186 0.146907 0.137942 0.122832 0.139255 0.16083 3.193849e+00 0.742
N:19 Run:1 0.168303 0.148439 0.153051 0.127481 0.146211 0.159927 0.151411 0.142574 0.165716 0.136684 0.150998 0.152495 0.156432 0.137266 0.14834 0.167196 0.134999 0.130908 0.146851 0.112568 0.148746 3.193849e+00 0.742
N:19 Run:2 0.206925 0.154989 0.120804 0.12803 0.129971 0.151869 0.119185 0.128619 0.122499 0.12401 0.152717 0.121835 0.156143 0.150175 0.145027 0.12865 0.124773 0.128525 0.16635 0.155837 0.15368 3.193849e+00 0.742
N:19 Run:3 0.190763 0.15314 0.159013 0.143435 0.165737 0.136295 0.15373 0.135234 0.166188 0.156945 0.127264 0.12179 0.147025 0.147609 0.132659 0.137828 0.148709 0.142543 0.149398 0.134045 0.15774 3.193849e+00 0.742
N:19 Run:4 0.205128 0.125259 0.0304839 0.0176096 0.00682605 0.00358707 0.0124823 0.0144685 0.0134194 0.00773597 0.00484483 0.00301173 0.155368 0.13303 0.128145 0.144806 0.145313 0.140221 0.0909262 0.15147 0.138644 3.193849e+00 0.742
N:19 Run:5 0.202112 0.10599 0.149995 0.143108 0.151828 0.159321 0.132746 0.1402 0.152187 0.131236 0.17878 0.127891 0.148566 0.126308 0.134045 0.12466 0.14678 0.152385 0.15075 0.147357 0.145522 3.193849e+00 0.742
N:19 Run:6 0.218379 0.124236 0.0317432 0.00810458 0.00288058 0.0032095 0.00269779 0.00258207 0.00257022 0.00299395 0.00293325 0.00289045 0.0558112 0.123695 0.121267 0.153999 0.170002 0.139474 0.152474 0.123744 0.169664 3.193849e+00 0.742
N:19 Run:7 0.20382 0.132325 0.113002 0.0884539 0.0904942 0.0917307 0.0818437 0.0913362 0.0787128 0.0922915 0.105766 0.0918216 0.14503 0.153497 0.137645 0.14518 0.133319 0.126191 0.144175 0.145477 0.131932 3.193849e+00 0.742
N:19 Run:8 0.150541 0.147252 0.163006 0.131125 0.138889 0.150948 0.147022 0.115273 0.143969 0.149949 0.166858 0.159716 0.140815 0.15999 0.148732 0.156503 0.163234 0.123439 0.141196 0.143571 0.153751 3.193849e+00 0.742
N:19 Run:9 0.176742 0.120864 0.136549 0.111705 0.136268 0.157533 0.151006 0.140282 0.167083 0.137439 0.155671 0.149605 0.138037 0.134044 0.124082 0.151765 0.136512 0.136088 0.132128 0.121291 0.140961 3.193849e+00 0.742
N:20 Run:0 0.16695 0.143491 0.163963 0.144687 0.149434 0.172278 0.16135 0.135437 0.124193 0.139895 0.147846 0.119509 0.144643 0.141185 0.141687 0.137186 0.146907 0.137942 0.122832 0.139255 0.16083 3.181552e+00 0.734
N:20 Run:1 0.168303 0.148439 0.153051 0.127481 0.146211 0.159927 0.151411 0.142574 0.165716 0.136684 0.150998 0.152495 0.156432 0.137266 0.14834 0.167196 0.134999 0.130908 0.146851 0.112568 0.148746 3.181552e+00 0.734
N:20 Run:2 0.206925 0.154989 0.120804 0.12803 0.129971 0.151869 0.119185 0.128619 0.122499 0.12401 0.152717 0.121835 0.156143 0.150175 0.145027 0.12865 0.124773 0.128525 0.16635 0.155837 0.15368 3.181552e+00 0.734
N:20 Run:3 0.190763 0.15314 0.159013 0.143435 0.165737 0.136295 0.15373 0.135234 0.166188 0.156945 0.127264 0.12179 0.147025 0.147609 0.132659 0.137828 0.148709 0.142543 0.149398 0.134045 0.15774 3.181552e+00 0.734
N:20 Run:4 0.205128 0.125259 0.0304839 0.0176096 0.00682605 0.00358707 0.0124823 0.0144685 0.0134194 0.00773597 0.00484483 0.00301173 0.155368 0.13303 0.128145 0.144806 0.145313 0.140221 0.0909262 0.15147 0.138644 3.181552e+00 0.734
N:20 Run:5 0.202112 0.10599 0.149995 0.143108 0.151828 0.159321 0.132746 0.1402 0.152187 0.131236 0.17878 0.127891 0.148566 0.126308 0.134045 0.12466 0.14678 0.152385 0.15075 0.147357 0.145522 3.181552e+00 0.734
N:20 Run:6 0.218379 0.124236 0.0317432 0.00810458 0.00288058 0.0032095 0.00269779 0.00258207 0.00257022 0.00299395 0.00293325 0.00289045 0.0558112 0.123695 0.121267 0.153999 0.170002 0.139474 0.152474 0.123744 0.169664 3.181552e+00 0.734
N:20 Run:7 0.20382 0.132325 0.113002 0.0884539 0.0904942 0.0917307 0.0818437 0.0913362 0.0787128 0.0922915 0.105766 0.0918216 0.14503 0.153497 0.137645 0.14518 0.133319 0.126191 0.144175 0.145477 0.131932 3.181552e+00 0.734
N:20 Run:8 0.150541 0.147252 0.163006 0.131125 0.138889 0.150948 0.147022 0.115273 0.143969 0.149949 0.166858 0.159716 0.140815 0.15999 0.148732 0.156503 0.163234 0.123439 0.141196 0.143571 0.153751 3.181552e+00 0.734
N:20 Run:9 0.176742 0.120864 0.136549 0.111705 0.136268 0.157533 0.151006 0.140282 0.167083 0.137439 0.155671 0.149605 0.138037 0.134044 0.124082 0.151765 0.136512 0.136088 0.132128 0.121291 0.140961 3.181552e+00 0.734
N:21 Run:0 0.16695 0.143491 0.163963 0.144687 0.149434 0.172278 0.16135 0.135437 0.124193 0.139895 0.147846 0.119509 0.144643 0.141185 0.141687 0.137186 0.146907 0.137942 0.122832 0.139255 0.16083 3.139018e+00 0.742
N:21 Run:1 0.168303 0.148439 0.153051 0.127481 0.146211 0.159927 0.151411 0.142574 0.165716 0.136684 0.150998 0.152495 0.156432 0.137266 0.14834 0.167196 0.134999 0.130908 0.146851 0.112568 0.148746 3.139018e+00 0.742
N:21 Run:2 0.206925 0.154989 0.120804 0.12803 0.129971 0.151869 0.119185 0.128619 0.122499 0.12401 0.152717 0.121835 0.156143 0.150175 0.145027 0.12865 0.124773 0.128525 0.16635 0.155837 0.15368 3.139018e+00 0.742
N:21 Run:3 0.190763 0.15314 0.159013 0.143435 0.165737 0.136295 0.15373 0.135234 0.166188 0.156945 0.127264 0.12179 0.147025 0.147609 0.132659 0.137828 0.148709 0.142543 0.149398 0.134045 0.15774 3.139018e+00 0.742
N:21 Run:4 0.205128 0.125259 0.0304839 0.0176096 0.00682605 0.00358707 0.0124823 0.0144685 0.0134194 0.00773597 0.00484483 0.00301173 0.155368 0.13303 0.128145 0.144806 0.145313 0.140221 0.0909262 0.15147 0.138644 3.139018e+00 0.742
N:21 Run:5 0.202112 0.10599 0.149995 0.143108 0.151828 0.159321 0.132746 0.1402 0.152187 0.131236 0.17878 0.127891 0.148566 0.126308 0.134045 0.12466 0.14678 0.152385 0.15075 0.147357 0.145522 3.139018e+00 0.742
N:21 Run:6 0.218379 0.124236 0.0317432 0.00810458 0.00288058 0.0032095 0.00269779 0.00258207 0.00257022 0.00299395 0.00293325 0.00289045 0.0558112 0.123695 0.121267 0.153999 0.170002 0.139474 0.152474 0.123744 0.169664 3.139018e+00 0.742
N:21 Run:7 0.20382 0.132325 0.113002 0.0884539 0.0904942 0.0917307 0.0818437 0.0913362 0.0787128 0.0922915 0.105766 0.0918216 0.14503 0.153497 0.137645 0.14518 0.133319 0.126191 0.144175 0.145477 0.131932 3.139018e+00 0.742
N:21 Run:8 0.150541 0.147252 0.163006 0.131125 0.138889 0.150948 0.147022 0.115273 0.143969 0.149949 0.166858 0.159716 0.140815 0.15999 0.148732 0.156503 0.163234 0.123439 0.141196 0.143571 0.153751 3.139018e+00 0.742
N:21 Run:9 0.176742 0.120864 0.136549 0.111705 0.136268 0.157533 0.151006 0.140282 0.167083 0.137439 0.155671 0.149605 0.138037 0.134044 0.124082 0.151765 0.136512 0.136088 0.132128 0.121291 0.140961 3.139018e+00 0.742
N:22 Run:0 0.16695 0.143491 0.163963 0.144687 0.149434 0.172278 0.16135 0.135437 0.124193 0.139895 0.147846 0.119509 0.144643 0.141185 0.141687 0.137186 0.146907 0.137942 0.122832 0.139255 0.16083 3.115811e+00 0.742
N:22 Run:1 0.168303 0.148439 0.153051 0.127481 0.146211 0.159927 0.151411 0.142574 0.165716 0.136684 0.150998 0.152495 0.156432 0.137266 0.14834 0.167196 0.134999 0.130908 0.146851 0.112568 0.148746 3.115811e+00 0.742
N:22 Run:2 0.206925 0.154989 0.120804 0.12803 0.129971 0.151869 0.119185 0.128619 0.122499 0.12401 0.152717 0.121835 0.156143 0.150175 0.145027 0.12865 0.124773 0.128525 0.16635 0.155837 0.15368 3.115811e+00 0.742
N:22 Run:3 0.190763 0.15314 0.159013 0.143435 0.165737 0.136295 0.15373 0.135234 0.166188 0.156945 0.127264 0.12179 0.147025 0.147609 0.132659 0.137828 0.148709 0.142543 0.149398 0.134045 0.15774 3.115811e+00 0.742
N:22 Run:4 0.205128 0.125259 0.0304839 0.0176096 0.00682605 0.00358707 0.0124823 0.0144685 0.0134194 0.00773597 0.00484483 0.00301173 0.155368 0.13303 0.128145 0.144806 0.145313 0.140221 0.0909262 0.15147 0.138644 3.115811e+00 0.742
N:22 Run:5 0.202112 0.10599 0.149995 0.143108 0.151828 0.159321 0.132746 0.1402 0.152187 0.131236 0.17878 0.127891 0.148566 0.126308 0.134045 0.12466 0.14678 0.152385 0.15075 0.147357 0.145522 3.115811e+00 0.742
N:22 Run:6 0.218379 0.124236 0.0317432 0.00810458 0.00288058 0.0032095 0.00269779 0.00258207 0.00257022 0.00299395 0.00293325 0.00289045 0.0558112 0.123695 0.121267 0.153999 0.170002 0.139474 0.152474 0.123744 0.169664 3.115811e+00 0.742
N:22 Run:7 0.20382 0.132325 0.113002 0.0884539 0.0904942 0.0917307 0.0818437 0.0913362 0.0787128 0.0922915 0.105766 0.0918216 0.14503 0.153497 0.137645 0.14518 0.133319 0.126191 0.144175 0.145477 0.131932 3.115811e+00 0.742
N:22 Run:8 0.150541 0.147252 0.163006 0.131125 0.138889 0.150948 0.147022 0.115273 0.143969 0.149949 0.166858 0.159716 0.140815 0.15999 0.148732 0.156503 0.163234 0.123439 0.141196 0.143571 0.153751 3.115811e+00 0.742
N:22 Run:9 0.176742 0.120864 0.136549 0.111705 0.136268 0.157533 0.151006 0.140282 0.167083 0.137439 0.155671 0.149605 0.138037 0.134044 0.124082 0.151765 0.136512 0.136088 0.132128 0.121291 0.140961 3.115811e+00 0.742
N:23 Run:0 0.16695 0.143491 0.163963 0.144687 0.149434 0.172278 0.16135 0.135437 0.124193 0.139895 0.147846 0.119509 0.144643 0.141185 0.141687 0.137186 0.146907 0.137942 0.122832 0.139255 0.16083 3.250078e+00 0.750
N:23 Run:1 0.168303 0.148439 0.153051 0.127481 0.146211 0.159927 0.151411 0.142574 0.165716 0.136684 0.150998 0.152495 0.156432 0.137266 0.14834 0.167196 0.134999 0.130908 0.146851 0.112568 0.148746 3.250078e+00 0.750
N:23 Run:2 0.206925 0.154989 0.120804 0.12803 0.129971 0.151869 0.119185 0.128619 0.122499 0.12401 0.152717 0.121835 0.156143 0.150175 0.145027 0.12865 0.124773 0.128525 0.16635 0.155837 0.15368 3.250078e+00 0.750
N:23 Run:3 0.190763 0.15314 0.159013 0.143435 0.165737 0.136295 0.15373 0.135234 0.166188 0.156945 0.127264 0.12179 0.147025 0.147609 0.132659 0.137828 0.148709 0.142543 0.149398 0.134045 0.15774 3.250078e+00 0.750
N:23 Run:4 0.205128 0.125259 0.0304839 0.0176096 0.00682605 0.00358707 0.0124823 0.0144685 0.0134194 0.00773597 0.00484483 0.00301173 0.155368 0.13303 0.128145 0.144806 0.145313 0.140221 0.0909262 0.15147 0.138644 3.250078e+00 0.750
N:23 Run:5 0.202112 0.10599 0.149995 0.143108 0.151828 0.159321 0.132746 0.1402 0.152187 0.131236 0.17878 0.127891 0.148566 0.126308 0.134045 0.12466 0.14678 0.152385 0.15075 0.147357 0.145522 3.250078e+00 0.750
N:23 Run:6 0.218379 0.124236 0.0317432 0.00810458 0.00288058 0.0032095 0.00269779 0.00258207 0.00257022 0.00299395 0.00293325 0.00289045 0.0558112 0.123695 0.121267 0.153999 0.170002 0.139474 0.152474 0.123744 0.169664 3.250078e+00 0.750
N:23 Run:7 0.20382 0.132325 0.113002 0.0884539 0.0904942 0.0917307 0.0818437 0.0913362 0.0787128 0.0922915 0.105766 0.0918216 0.14503 0.153497 0.137645 0.14518 0.133319 0.126191 0.144175 0.145477 0.131932 3.250078e+00 0.750
N:23 Run:8 0.150541 0.147252 0.163006 0.131125 0.138889 0.150948 0.147022 0.115273 0.143969 0.149949 0.166858 0.159716 0.140815 0.15999 0.148732 0.156503 0.163234 0.123439 0.141196 0.143571 0.153751 3.250078e+00 0.750
N:23 Run:9 0.176742 0.120864 0.136549 0.111705 0.136268 0.157533 0.151006 0.140282 0.167083 0.137439 0.155671 0.149605 0.138037 0.134044 0.124082 0.151765 0.136512 0.136088 0.132128 0.121291 0.140961 3.250078e+00 0.750
N:24 Run:0 0.16695 0.143491 0.163963 0.144687 0.149434 0.172278 0.16135 0.135437 0.124193 0.139895 0.147846 0.119509 0.144643 0.141185 0.141687 0.137186 0.146907 0.137942 0.122832 0.139255 0.16083 3.152160e+00 0.740
N:24 Run:1 0.168303 0.148439 0.153051 0.127481 0.146211 0.159927 0.151411 0.142574 0.165716 0.136684 0.150998 0.152495 0.156432 0.137266 0.14834 0.167196 0.134999 0.130908 0.146851 0.112568 0.148746 3.152160e+00 0.740
N:24 Run:2 0.206925 0.154989 0.120804 0.12803 0.129971 0.151869 0.119185 0.128619 0.122499 0.12401 0.152717 0.121835 0.156143 0.150175 0.145027 0.12865 0.124773 0.128525 0.16635 0.155837 0.15368 3.152160e+00 0.740
N:24 Run:3 0.190763 0.15314 0.159013 0.143435 0.165737 0.136295 0.15373 0.135234 0.166188 0.156945 0.127264 0.12179 0.147025 0.147609 0.132659 0.137828 0.148709 0.142543 0.149398 0.134045 0.15774 3.152160e+00 0.740
N:24 Run:4 0.205128 0.125259 0.0304839 0.0176096 0.00682605 0.00358707 0.0124823 0.0144685 0.0134194 0.00773597 0.00484483 0.00301173 0.155368 0.13303 0.128145 0.144806 0.145313 0.140221 0.0909262 0.15147 0.138644 3.152160e+00 0.740
N:24 Run:5 0.202112 0.10599 0.149995 0.143108 0.151828 0.159321 0.132746 0.1402 0.152187 0.131236 0.17878 0.127891 0.148566 0.126308 0.134045 0.12466 0.14678 0.152385 0.15075 0.147357 0.145522 3.152160e+00 0.740
N:24 Run:6 0.218379 0.124236 0.0317432 0.00810458 0.00288058 0.0032095 0.00269779 0.00258207 0.00257022 0.00299395 0.00293325 0.00289045 0.0558112 0.123695 0.121267 0.153999 0.170002 0.139474 0.152474 0.123744 0.169664 3.152160e+00 0.740
N:24 Run:7 0.20382 0.132325 0.113002 0.0884539 0.0904942 0.0917307 0.0818437 0.0913362 0.0787128 0.0922915 0.105766 0.0918216 0.14503 0.153497 0.137645 0.14518 0.133319 0.126191 0.144175 0.145477 0.131932 3.152160e+00 0.740
N:24 Run:8 0.150541 0.147252 0.163006 0.131125 0.138889 0.150948 0.147022 0.115273 0.143969 0.149949 0.166858 0.159716 0.140815 0.15999 0.148732 0.156503 0.163234 0.123439 0.141196 0.143571 0.153751 3.152160e+00 0.740
N:24 Run:9 0.176742 0.120864 0.136549 0.111705 0.136268 0.157533 0.151006 0.140282 0.167083 0.137439 0.155671 0.149605 0.138037 0.134044 0.124082 0.151765 0.136512 0.136088 0.132128 0.121291 0.140961 3.152160e+00 0.740
N:25 Run:0 0.16695 0.143491 0.163963 0.144687 0.149434 0.172278 0.16135 0.135437 0.124193 0.139895 0.147846 0.119509 0.144643 0.141185 0.141687 0.137186 0.146907 0.137942 0.122832 0.139255 0.16083 3.243841e+00 0.737
N:25 Run:1 0.168303 0.148439 0.153051 0.127481 0.146211 0.159927 0.151411 0.142574 0.165716 0.136684 0.150998 0.152495 0.156432 0.137266 0.14834 0.167196 0.134999 0.130908 0.146851 0.112568 0.148746 3.243841e+00 0.737
N:25 Run:2 0.206925 0.154989 0.120804 0.12803 0.129971 0.151869 0.119185 0.128619 0.122499 0.12401 0.152717 0.121835 0.156143 0.150175 0.145027 0.12865 0.124773 0.128525 0.16635 0.155837 0.15368 3.243841e+00 0.737
N:25 Run:3 0.190763 0.15314 0.159013 0.143435 0.165737 0.136295 0.15373 0.135234 0.166188 0.156945 0.127264 0.12179 0.147025 0.147609 0.132659 0.137828 0.148709 0.142543 0.149398 0.134045 0.15774 3.243841e+00 0.737
N:25 Run:4 0.205128 0.125259 0.0304839 0.0176096 0.00682605 0.00358707 0.0124823 0.0144685 0.0134194 0.00773597 0.00484483 0.00301173 0.155368 0.13303 0.128145 0.144806 0.145313 0.140221 0.0909262 0.15147 0.138644 3.243841e+00 0.737
N:25 Run:5 0.202112 0.10599 0.149995 0.143108 0.151828 0.159321 0.132746 0.1402 0.152187 0.131236 0.17878 0.127891 0.148566 0.126308 0.134045 0.12466 0.14678 0.152385 0.15075 0.147357 0.145522 3.243841e+00 0.737
N:25 Run:6 0.218379 0.124236 0.0317432 0.00810458 0.00288058 0.0032095 0.00269779 0.00258207 0.00257022 0.00299395 0.00293325 0.00289045 0.0558112 0.123695 0.121267 0.153999 0.170002 0.139474 0.152474 0.123744 0.169664 3.243841e+00 0.737
N:25 Run:7 0.20382 0.132325 0.113002 0.0884539 0.0904942 0.0917307 0.0818437 0.0913362 0.0787128 0.0922915 0.105766 0.0918216 0.14503 0.153497 0.137645 0.14518 0.133319 0.126191 0.144175 0.145477 0.131932 3.243841e+00 0.737
N:25 Run:8 0.150541 0.147252 0.163006 0.131125 0.138889 0.150948 0.147022 0.115273 0.143969 0.149949 0.166858 0.159716 0.140815 0.15999 0.148732 0.156503 0.163234 0.123439 0.141196 0.143571 0.153751 3.243841e+00 0.737
N:25 Run:9 0.176742 0.120864 0.136549 0.111705 0.136268 0.157533 0.151006 0.140282 0.167083 0.137439 0.155671 0.149605 0.138037 0.134044 0.124082 0.151765 0.136512 0.136088 0.132128 0.121291 0.140961 3.243841e+00 0.737
N:26 Run:0 0.16695 0.143491 0.163963 0.144687 0.149434 0.172278 0.16135 0.135437 0.124193 0.139895 0.147846 0.119509 0.144643 0.141185 0.141687 0.137186 0.146907 0.137942 0.122832 0.139255 0.16083 3.182848e+00 0.743
N:26 Run:1 0.168303 0.148439 0.153051 0.127481 0.146211 0.159927 0.151411 0.142574 0.165716 0.136684 0.150998 0.152495 0.156432 0.137266 0.14834 0.167196 0.134999 0.130908 0.146851 0.112568 0.148746 3.182848e+00 0.743
N:26 Run:2 0.206925 0.154989 0.120804 0.12803 0.129971 0.151869 0.119185 0.128619 0.122499 0.12401 0.152717 0.121835 0.156143 0.150175 0.145027 0.12865 0.124773 0.128525 0.16635 0.155837 0.15368 3.182848e+00 0.743
N:26 Run:3 0.190763 0.15314 0.159013 0.143435 0.165737 0.136295 0.15373 0.135234 0.166188 0.156945 0.127264 0.12179 0.147025 0.147609 0.132659 0.137828 0.148709 0.142543 0.149398 0.134045 0.15774 3.182848e+00 0.743
N:26 Run:4 0.205128 0.125259 0.0304839 0.0176096 0.00682605 0.00358707 0.0124823 0.0144685 0.0134194 0.00773597 0.00484483 0.00301173 0.155368 0.13303 0.128145 0.144806 0.145313 0.140221 0.0909262 0.15147 0.138644 3.182848e+00 0.743
N:26 Run:5 0.202112 0.10599 0.149995 0.143108 0.151828 0.159321 0.132746 0.1402 0.152187 0.131236 0.17878 0.127891 0.148566 0.126308 0.134045 0.12466 0.14678 0.152385 0.15075 0.147357 0.145522 3.182848e+00 0.743
N:26 Run:6 0.218379 0.124236 0.0317432 0.00810458 0.00288058 0.0032095 0.00269779 0.00258207 0.00257022 0.00299395 0.00293325 0.00289045 0.0558112 0.123695 0.121267 0.153999 0.170002 0.139474 0.152474 0.123744 0.169664 3.182848e+00 0.743
N:26 Run:7 0.20382 0.132325 0.113002 0.0884539 0.0904942 0.0917307 0.0818437 0.0913362 0.0787128 0.0922915 0.105766 0.0918216 0.14503 0.153497 0.137645 0.14518 0.133319 0.126191 0.144175 0.145477 0.131932 3.182848e+00 0.743
N:26 Run:8 0.150541 0.147252 0.163006 0.131125 0.138889 0.150948 0.147022 0.115273 0.143969 0.149949 0.166858 0.159716 0.140815 0.15999 0.148732 0.156503 0.163234 0.123439 0.141196 0.143571 0.153751 3.182848e+00 0.743
N:26 Run:9 0.176742 0.120864 0.136549 0.111705 0.136268 0.157533 0.151006 0.140282 0.167083 0.137439 0.155671 0.149605 0.138037 0.134044 0.124082 0.151765 0.136512 0.136088 0.132128 0.121291 0.140961 3.182848e+00 0.743
N:27 Run:0 0.16695 0.143491 0.163963 0.144687 0.149434 0.172278 0.16135 0.135437 0.124193 0.139895 0.147846 0.119509 0.144643 0.141185 0.141687 0.137186 0.146907 0.137942 0.122832 0.139255 0.16083 3.241244e+00 0.739
N:27 Run:1 0.168303 0.148439 0.153051 0.127481 0.146211 0.159927 0.151411 0.142574 0.165716 0.136684 0.150998 0.152495 0.156432 0.137266 0.14834 0.167196 0.134999 0.130908 0.146851 0.112568 0.148746 3.241244e+00 0.739
N:27 Run:2 0.206925 0.154989 0.120804 0.12803 0.129971 0.151869 0.119185 0.128619 0.122499 0.12401 0.152717 0.121835 0.156143 0.150175 0.145027 0.12865 0.124773 0.128525 0.16635 0.155837 0.15368 3.241244e+00 0.739
N:27 Run:3 0.190763 0.15314 0.159013 0.143435 0.165737 0.136295 0.15373 0.135234 0.166188 0.156945 0.127264 0.12179 0.147025 0.147609 0.132659 0.137828 0.148709 0.142543 0.149398 0.134045 0.15774 3.241244e+00 0.739
N:27 Run:4 0.205128 0.125259 0.0304839 0.0176096 0.00682605 0.00358707 0.0124823 0.0144685 0.0134194 0.00773597 0.00484483 0.00301173 0.155368 0.13303 0.128145 0.144806 0.145313 0.140221 0.0909262 0.15147 0.138644 3.241244e+00 0.739
N:27 Run:5 0.202112 0.10599 0.149995 0.143108 0.151828 0.159321 0.132746 0.1402 0.152187 0.131236 0.17878 0.127891 0.148566 0.126308 0.134045 0.12466 0.14678 0.152385 0.15075 0.147357 0.145522 3.241244e+00 0.739
N:27 Run:6 0.218379 0.124236 0.0317432 0.00810458 0.00288058 0.0032095 0.00269779 0.00258207 0.00257022 0.00299395 0.00293325 0.00289045 0.0558112 0.123695 0.121267 0.153999 0.170002 0.139474 0.152474 0.123744 0.169664 3.241244e+00 0.739
N:27 Run:7 0.20382 0.132325 0.113002 0.0884539 0.0904942 0.0917307 0.0818437 0.0913362 0.0787128 0.0922915 0.105766 0.0918216 0.14503 0.153497 0.137645 0.14518 0.133319 0.126191 0.144175 0.145477 0.131932 3.241244e+00 0.739
N:27 Run:8 0.150541 0.147252 0.163006 0.131125 0.138889 0.150948 0.147022 0.115273 0.143969 0.149949 0.166858 0.159716 0.140815 0.15999 0.148732 0.156503 0.163234 0.123439 0.141196 0.143571 0.153751 3.241244e+00 0.739
N:27 Run:9 0.176742 0.120864 0.136549 0.111705 0.136268 0.157533 0.151006 0.140282 0.167083 0.137439 0.155671 0.149605 0.138037 0.134044 0.124082 0.151765 0.136512 0.136088 0.132128 0.121291 0.140961 3.241244e+00 0.739
N:28 Run:0 0.16695 0.143491 0.163963 0.144687 0.149434 0.172278 0.16135 0.135437 0.124193 0.139895 0.147846 0.119509 0.144643 0.141185 0.141687 0.137186 0.146907 0.137942 0.122832 0.139255 0.16083 3.127130e+00 0.743
N:28 Run:1 0.168303 0.148439 0.153051 0.127481 0.146211 0.159927 0.151411 0.142574 0.165716 0.136684 0.150998 0.152495 0.156432 0.137266 0.14834 0.167196 0.134999 0.130908 0.146851 0.112568 0.148746 3.127130e+00 0.743
N:28 Run:2 0.206925 0.154989 0.120804 0.12803 0.129971 0.151869 0.119185 0.128619 0.122499 0.12401 0.152717 0.121835 0.156143 0.150175 0.145027 0.12865 0.124773 0.128525 0.16635 0.155837 0.15368 3.127130e+00 0.743
N:28 Run:3 0.190763 0.15314 0.159013 0.143435 0.165737 0.136295 0.15373 0.135234 0.166188 0.156945 0.127264 0.12179 0.147025 0.147609 0.132659 0.137828 0.148709 0.142543 0.149398 0.134045 0.15774 3.127130e+00 0.743
N:28 Run:4 0.205128 0.125259 0.0304839 0.0176096 0.00682605 0.00358707 0.0124823 0.0144685 0.0134194 0.00773597 0.00484483 0.00301173 0.155368 0.13303 0.128145 0.144806 0.145313 0.140221 0.0909262 0.15147 0.138644 3.127130e+00 0.743
N:28 Run:5 0.202112 0.10599 0.149995 0.143108 0.151828 0.159321 0.132746 0.1402 0.152187 0.131236 0.17878 0.127891 0.148566 0.126308 0.134045 0.12466 0.14678 0.152385 0.15075 0.147357 0.145522 3.127130e+00 0.743
N:28 Run:6 0.218379 0.124236 0.0317432 0.00810458 0.00288058 0.0032095 0.00269779 0.00258207 0.00257022 0.00299395 0.00293325 0.00289045 0.0558112 0.123695 0.121267 0.153999 0.170002 0.139474 0.152474 0.123744 0.169664 3.127130e+00 0.743
N:28 Run:7 0.20382 0.132325 0.113002 0.0884539 0.0904942 0.0917307 0.0818437 0.0913362 0.0787128 0.0922915 0.105766 0.0918216 0.14503 0.153497 0.137645 0.14518 0.133319 0.126191 0.144175 0.145477 0.131932 3.127130e+00 0.743
N:28 Run:8 0.150541 0.147252 0.163006 0.131125 0.138889 0.150948 0.147022 0.115273 0.143969 0.149949 0.166858 0.159716 0.140815 0.15999 0.148732 0.156503 0.163234 0.123439 0.141196 0.143571 0.153751 3.127130e+00 0.743
N:28 Run:9 0.176742 0.120864 0.136549 0.111705 0.136268 0.157533 0.151006 0.140282 0.167083 0.137439 0.155671 0.149605 0.138037 0.134044 0.124082 0.151765 0.136512 0.136088 0.132128 0.121291 0.140961 3.127130e+00 0.743
N:29 Run:0 0.16695 0.143491 0.163963 0.144687 0.149434 0.172278 0.16135 0.135437 0.124193 0.139895 0.147846 0.119509 0.144643 0.141185 0.141687 0.137186 0.146907 0.137942 0.122832 0.139255 0.16083 3.166593e+00 0.726
N:29 Run:1 0.168303 0.148439 0.153051 0.127481 0.146211 0.159927 0.151411 0.142574 0.165716 0.136684 0.150998 0.152495 0.156432 0.137266 0.14834 0.167196 0.134999 0.130908 0.146851 0.112568 0.148746 3.166593e+00 0.726
N:29 Run:2 0.206925 0.154989 0.120804 0.12803 0.129971 0.151869 0.119185 0.128619 0.122499 0.12401 0.152717 0.121835 0.156143 0.150175 0.145027 0.12865 0.124773 0.128525 0.16635 0.155837 0.15368 3.166593e+00 0.726
N:29 Run:3 0.190763 0.15314 0.159013 0.143435 0.165737 0.136295 0.15373 0.135234 0.166188 0.156945 0.127264 0.12179 0.147025 0.147609 0.132659 0.137828 0.148709 0.142543 0.149398 0.134045 0.15774 3.166593e+00 0.726
N:29 Run:4 0.205128 0.125259 0.0304839 0.0176096 0.00682605 0.00358707 0.0124823 0.0144685 0.0134194 0.00773597 0.00484483 0.00301173 0.155368 0.13303 0.128145 0.144806 0.145313 0.140221 0.0909262 0.15147 0.138644 3.166593e+00 0.726
N:29 Run:5 0.202112 0.10599 0.149995 0.143108 0.151828 0.159321 0.132746 0.1402 0.152187 0.131236 0.17878 0.127891 0.148566 0.126308 0.134045 0.12466 0.14678 0.152385 0.15075 0.147357 0.145522 3.166593e+00 0.726
N:29 Run:6 0.218379 0.124236 0.0317432 0.00810458 0.00288058 0.0032095 0.00269779 0.00258207 0.00257022 0.00299395 0.00293325 0.00289045 0.0558112 0.123695 0.121267 0.153999 0.170002 0.139474 0.152474 0.123744 0.169664 3.166593e+00 0.726
N:29 Run:7 0.20382 0.132325 0.113002 0.0884539 0.0904942 0.0917307 0.0818437 0.0913362 0.0787128 0.0922915 0.105766 0.0918216 0.14503 0.153497 0.137645 0.14518 0.133319 0.126191 0.144175 0.145477 0.131932 3.166593e+00 0.726
N:29 Run:8 0.150541 0.147252 0.163006 0.131125 0.138889 0.150948 0.147022 0.115273 0.143969 0.149949 0.166858 0.159716 0.140815 0.15999 0.148732 0.156503 0.163234 0.123439 0.141196 0.143571 0.153751 3.166593e+00 0.726
N:29 Run:9 0.176742 0.120864 0.136549 0.111705 0.136268 0.157533 0.151006 0.140282 0.167083 0.137439 0.155671 0.149605 0.138037 0.134044 0.124082 0.151765 0.136512 0.136088 0.132128 0.121291 0.140961 3.166593e+00 0.726
