Seed:1583550784
N:0 Run:0 0.432291 0.273763 0.26946 0.294651 0.324856 0.335047 0.350968 0.358541 0.392571 0.305519 0.300357 0.33981 0.2975 0.289738 0.24847 0.370869 0.396203 0.334007 0.258288 0.273978 0.285726 3.358200e+00 0.880
N:0 Run:1 0.474901 0.326774 0.260311 0.277697 0.371571 0.412732 0.50691 0.578057 0.524351 0.499977 0.507247 0.596302 0.53402 0.419999 0.444251 0.392447 0.405693 0.369237 0.271482 0.322069 0.312647 3.358200e+00 0.880
N:0 Run:2 0.36421 0.281185 0.24393 0.191641 0.152397 0.141077 0.199003 0.145247 0.187043 0.155829 0.195298 0.17328 0.385065 0.499825 0.37669 0.313299 0.298598 0.314169 0.284159 0.244012 0.32058 3.358200e+00 0.880
N:0 Run:3 0.416116 0.284784 0.142294 0.0640992 0.105261 0.0565123 0.0710224 0.0462481 0.0606341 0.0483698 0.0750196 0.0540262 0.256853 0.388483 0.256193 0.295946 0.331448 0.377034 0.330157 0.319993 0.268341 3.358200e+00 0.880
N:0 Run:4 0.398121 0.335378 0.305053 0.331386 0.316074 0.298381 0.326025 0.306553 0.330334 0.367334 0.321872 0.347921 0.34328 0.364608 0.331403 0.256239 0.254075 0.219791 0.277703 0.240433 0.222685 3.358200e+00 0.880
N:0 Run:5 0.430285 0.250353 0.347083 0.325388 0.316661 0.285711 0.266758 0.264929 0.297754 0.270244 0.238063 0.283508 0.305804 0.287564 0.325943 0.344509 0.301342 0.317107 0.318663 0.33952 0.241929 3.358200e+00 0.880
N:0 Run:6 0.425366 0.286104 0.338151 0.379571 0.43162 0.506063 0.456771 0.510783 0.52166 0.527779 0.555462 0.689677 0.650935 0.619409 0.574648 0.494371 0.364786 0.239828 0.296855 0.338534 0.371431 3.358200e+00 0.880
N:0 Run:7 0.39888 0.296758 0.211667 0.327441 0.338999 0.331031 0.432055 0.423945 0.5113 0.460159 0.421388 0.468215 0.497639 0.48252 0.466118 0.353336 0.308621 0.325922 0.308391 0.411399 0.279027 3.358200e+00 0.880
N:0 Run:8 0.483438 0.295834 0.204143 0.13228 0.068181 0.0885124 0.12409 0.0845963 0.0824947 0.104049 0.115459 0.195033 0.368975 0.516985 0.434516 0.377736 0.351583 0.304906 0.342727 0.316308 0.337791 3.358200e+00 0.880
N:0 Run:9 0.396888 0.267927 0.344085 0.291516 0.30558 0.352244 0.293637 0.265363 0.218904 0.199645 0.24533 0.298066 0.254362 0.25594 0.277661 0.202144 0.197377 0.271765 0.283831 0.218553 0.201556 3.358200e+00 0.880
N:1 Run:0 0.432291 0.273763 0.26946 0.294651 0.324856 0.335047 0.350968 0.358541 0.392571 0.305519 0.300357 0.33981 0.2975 0.289738 0.24847 0.370869 0.396203 0.334007 0.258288 0.273978 0.285726 3.661980e+00 0.850
N:1 Run:1 0.474901 0.326774 0.260311 0.277697 0.371571 0.412732 0.50691 0.578057 0.524351 0.499977 0.507247 0.596302 0.53402 0.419999 0.444251 0.392447 0.405693 0.369237 0.271482 0.322069 0.312647 3.661980e+00 0.850
N:1 Run:2 0.36421 0.281185 0.24393 0.191641 0.152397 0.141077 0.199003 0.145247 0.187043 0.155829 0.195298 0.17328 0.385065 0.499825 0.37669 0.313299 0.298598 0.314169 0.284159 0.244012 0.32058 3.661980e+00 0.850
N:1 Run:3 0.416116 0.284784 0.142294 0.0640992 0.105261 0.0565123 0.0710224 0.0462481 0.0606341 0.0483698 0.0750196 0.0540262 0.256853 0.388483 0.256193 0.295946 0.331448 0.377034 0.330157 0.319993 0.268341 3.661980e+00 0.850
N:1 Run:4 0.398121 0.335378 0.305053 0.331386 0.316074 0.298381 0.326025 0.306553 0.330334 0.367334 0.321872 0.347921 0.34328 0.364608 0.331403 0.256239 0.254075 0.219791 0.277703 0.240433 0.222685 3.661980e+00 0.850
N:1 Run:5 0.430285 0.250353 0.347083 0.325388 0.316661 0.285711 0.266758 0.264929 0.297754 0.270244 0.238063 0.283508 0.305804 0.287564 0.325943 0.344509 0.301342 0.317107 0.318663 0.33952 0.241929 3.661980e+00 0.850
N:1 Run:6 0.425366 0.286104 0.338151 0.379571 0.43162 0.506063 0.456771 0.510783 0.52166 0.527779 0.555462 0.689677 0.650935 0.619409 0.574648 0.494371 0.364786 0.239828 0.296855 0.338534 0.371431 3.661980e+00 0.850
N:1 Run:7 0.39888 0.296758 0.211667 0.327441 0.338999 0.331031 0.432055 0.423945 0.5113 0.460159 0.421388 0.468215 0.497639 0.48252 0.466118 0.353336 0.308621 0.325922 0.308391 0.411399 0.279027 3.661980e+00 0.850
N:1 Run:8 0.483438 0.295834 0.204143 0.13228 0.068181 0.0885124 0.12409 0.0845963 0.0824947 0.104049 0.115459 0.195033 0.368975 0.516985 0.434516 0.377736 0.351583 0.304906 0.342727 0.316308 0.337791 3.661980e+00 0.850
N:1 Run:9 0.396888 0.267927 0.344085 0.291516 0.30558 0.352244 0.293637 0.265363 0.218904 0.199645 0.24533 0.298066 0.254362 0.25594 0.277661 0.202144 0.197377 0.271765 0.283831 0.218553 0.201556 3.661980e+00 0.850
N:2 Run:0 0.432291 0.277291 0.2751 0.301768 0.329409 0.343641 0.360948 0.368861 0.400807 0.311828 0.306808 0.335751 0.297597 0.292391 0.243868 0.366874 0.3985 0.340553 0.263513 0.278804 0.290089 3.274253e+00 0.870
N:2 Run:1 0.474901 0.332354 0.262092 0.282233 0.367834 0.398431 0.472166 0.539948 0.495176 0.452628 0.463335 0.554291 0.495945 0.39041 0.41922 0.384058 0.401416 0.375593 0.276661 0.330224 0.319723 3.274253e+00 0.870
N:2 Run:2 0.36421 0.284631 0.237451 0.169972 0.121968 0.109187 0.173396 0.11792 0.174265 0.135629 0.178255 0.149804 0.391647 0.495948 0.363827 0.308785 0.304311 0.321761 0.290079 0.241934 0.32863 3.274253e+00 0.870
N:2 Run:3 0.416116 0.289096 0.148241 0.0735762 0.114447 0.0680141 0.082145 0.0580839 0.0715065 0.0594308 0.084618 0.0652144 0.256321 0.386184 0.25471 0.302047 0.340383 0.384113 0.33759 0.327904 0.273391 3.274253e+00 0.870
N:2 Run:4 0.398121 0.342379 0.311597 0.340193 0.323821 0.305378 0.323812 0.309403 0.328128 0.372394 0.32353 0.348282 0.348204 0.372849 0.327209 0.258451 0.25589 0.224891 0.276241 0.245128 0.227942 3.274253e+00 0.870
N:2 Run:5 0.430285 0.253722 0.35223 0.331719 0.322391 0.29157 0.272583 0.270906 0.301131 0.274717 0.238961 0.286372 0.307684 0.288228 0.332504 0.352169 0.307945 0.325196 0.326593 0.348195 0.244848 3.274253e+00 0.870
N:2 Run:6 0.425366 0.289898 0.347508 0.389492 0.44851 0.53207 0.473577 0.538303 0.548632 0.557042 0.579894 0.704559 0.658901 0.633562 0.573742 0.5069 0.366817 0.243914 0.303751 0.348056 0.382681 3.274253e+00 0.870
N:2 Run:7 0.39888 0.301953 0.216042 0.337368 0.347976 0.336536 0.448808 0.437206 0.537281 0.478596 0.435199 0.485146 0.516802 0.503659 0.47982 0.36149 0.315506 0.332713 0.315338 0.42609 0.284569 3.274253e+00 0.870
N:2 Run:8 0.483438 0.294538 0.208615 0.134965 0.0750932 0.0921027 0.121234 0.0881756 0.0877649 0.101377 0.113778 0.188221 0.333104 0.469192 0.402864 0.373547 0.358337 0.311506 0.350748 0.322696 0.346769 3.274253e+00 0.870
N:2 Run:9 0.396888 0.271601 0.354265 0.295993 0.311634 0.362629 0.299559 0.271201 0.223826 0.201222 0.248726 0.305682 0.259988 0.258938 0.282775 0.207021 0.202642 0.278626 0.28891 0.223615 0.206588 3.274253e+00 0.870
N:3 Run:0 0.432291 0.277291 0.2751 0.301768 0.329409 0.343641 0.360948 0.368861 0.400807 0.311828 0.306808 0.335751 0.297597 0.292391 0.243868 0.366874 0.3985 0.340553 0.263513 0.278804 0.290089 3.390629e+00 0.904
N:3 Run:1 0.474901 0.332354 0.262092 0.282233 0.367834 0.398431 0.472166 0.539948 0.495176 0.452628 0.463335 0.554291 0.495945 0.39041 0.41922 0.384058 0.401416 0.375593 0.276661 0.330224 0.319723 3.390629e+00 0.904
N:3 Run:2 0.36421 0.284631 0.237451 0.169972 0.121968 0.109187 0.173396 0.11792 0.174265 0.135629 0.178255 0.149804 0.391647 0.495948 0.363827 0.308785 0.304311 0.321761 0.290079 0.241934 0.32863 3.390629e+00 0.904
N:3 Run:3 0.416116 0.289096 0.148241 0.0735762 0.114447 0.0680141 0.082145 0.0580839 0.0715065 0.0594308 0.084618 0.0652144 0.256321 0.386184 0.25471 0.302047 0.340383 0.384113 0.33759 0.327904 0.273391 3.390629e+00 0.904
N:3 Run:4 0.398121 0.342379 0.311597 0.340193 0.323821 0.305378 0.323812 0.309403 0.328128 0.372394 0.32353 0.348282 0.348204 0.372849 0.327209 0.258451 0.25589 0.224891 0.276241 0.245128 0.227942 3.390629e+00 0.904
N:3 Run:5 0.430285 0.253722 0.35223 0.331719 0.322391 0.29157 0.272583 0.270906 0.301131 0.274717 0.238961 0.286372 0.307684 0.288228 0.332504 0.352169 0.307945 0.325196 0.326593 0.348195 0.244848 3.390629e+00 0.904
N:3 Run:6 0.425366 0.289898 0.347508 0.389492 0.44851 0.53207 0.473577 0.538303 0.548632 0.557042 0.579894 0.704559 0.658901 0.633562 0.573742 0.5069 0.366817 0.243914 0.303751 0.348056 0.382681 3.390629e+00 0.904
N:3 Run:7 0.39888 0.301953 0.216042 0.337368 0.347976 0.336536 0.448808 0.437206 0.537281 0.478596 0.435199 0.485146 0.516802 0.503659 0.47982 0.36149 0.315506 0.332713 0.315338 0.42609 0.284569 3.390629e+00 0.904
N:3 Run:8 0.483438 0.294538 0.208615 0.134965 0.0750932 0.0921027 0.121234 0.0881756 0.0877649 0.101377 0.113778 0.188221 0.333104 0.469192 0.402864 0.373547 0.358337 0.311506 0.350748 0.322696 0.346769 3.390629e+00 0.904
N:3 Run:9 0.396888 0.271601 0.354265 0.295993 0.311634 0.362629 0.299559 0.271201 0.223826 0.201222 0.248726 0.305682 0.259988 0.258938 0.282775 0.207021 0.202642 0.278626 0.28891 0.223615 0.206588 3.390629e+00 0.904
N:4 Run:0 0.432291 0.277291 0.2751 0.301768 0.329409 0.343641 0.360948 0.368861 0.400807 0.311828 0.306808 0.335751 0.297597 0.292391 0.243868 0.366874 0.3985 0.340553 0.263513 0.278804 0.290089 3.347576e+00 0.890
N:4 Run:1 0.474901 0.332354 0.262092 0.282233 0.367834 0.398431 0.472166 0.539948 0.495176 0.452628 0.463335 0.554291 0.495945 0.39041 0.41922 0.384058 0.401416 0.375593 0.276661 0.330224 0.319723 3.347576e+00 0.890
N:4 Run:2 0.36421 0.284631 0.237451 0.169972 0.121968 0.109187 0.173396 0.11792 0.174265 0.135629 0.178255 0.149804 0.391647 0.495948 0.363827 0.308785 0.304311 0.321761 0.290079 0.241934 0.32863 3.347576e+00 0.890
N:4 Run:3 0.416116 0.289096 0.148241 0.0735762 0.114447 0.0680141 0.082145 0.0580839 0.0715065 0.0594308 0.084618 0.0652144 0.256321 0.386184 0.25471 0.302047 0.340383 0.384113 0.33759 0.327904 0.273391 3.347576e+00 0.890
N:4 Run:4 0.398121 0.342379 0.311597 0.340193 0.323821 0.305378 0.323812 0.309403 0.328128 0.372394 0.32353 0.348282 0.348204 0.372849 0.327209 0.258451 0.25589 0.224891 0.276241 0.245128 0.227942 3.347576e+00 0.890
N:4 Run:5 0.430285 0.253722 0.35223 0.331719 0.322391 0.29157 0.272583 0.270906 0.301131 0.274717 0.238961 0.286372 0.307684 0.288228 0.332504 0.352169 0.307945 0.325196 0.326593 0.348195 0.244848 3.347576e+00 0.890
N:4 Run:6 0.425366 0.289898 0.347508 0.389492 0.44851 0.53207 0.473577 0.538303 0.548632 0.557042 0.579894 0.704559 0.658901 0.633562 0.573742 0.5069 0.366817 0.243914 0.303751 0.348056 0.382681 3.347576e+00 0.890
N:4 Run:7 0.39888 0.301953 0.216042 0.337368 0.347976 0.336536 0.448808 0.437206 0.537281 0.478596 0.435199 0.485146 0.516802 0.503659 0.47982 0.36149 0.315506 0.332713 0.315338 0.42609 0.284569 3.347576e+00 0.890
N:4 Run:8 0.483438 0.294538 0.208615 0.134965 0.0750932 0.0921027 0.121234 0.0881756 0.0877649 0.101377 0.113778 0.188221 0.333104 0.469192 0.402864 0.373547 0.358337 0.311506 0.350748 0.322696 0.346769 3.347576e+00 0.890
N:4 Run:9 0.396888 0.271601 0.354265 0.295993 0.311634 0.362629 0.299559 0.271201 0.223826 0.201222 0.248726 0.305682 0.259988 0.258938 0.282775 0.207021 0.202642 0.278626 0.28891 0.223615 0.206588 3.347576e+00 0.890
N:5 Run:0 0.432291 0.275953 0.296673 0.287518 0.234537 0.258909 0.237529 0.255843 0.278309 0.205987 0.228965 0.287616 0.336354 0.40042 0.402981 0.298527 0.435913 0.356483 0.380025 0.377065 0.304783 3.266871e+00 0.884
N:5 Run:1 0.474901 0.321974 0.14565 0.0834616 0.0829438 0.0835267 0.0835094 0.083966 0.084802 0.083391 0.0829597 0.0843214 0.217579 0.412808 0.374162 0.444296 0.438069 0.382278 0.424678 0.44044 0.456892 3.266871e+00 0.884
N:5 Run:2 0.36421 0.363372 0.210596 0.155942 0.155565 0.120644 0.139232 0.152877 0.206684 0.129609 0.174008 0.12378 0.401655 0.445992 0.416489 0.413895 0.45219 0.405761 0.420911 0.409079 0.423442 3.266871e+00 0.884
N:5 Run:3 0.416116 0.336778 0.158038 0.104037 0.0903662 0.0837506 0.0857781 0.0895248 0.0838805 0.0897865 0.09592 0.113742 0.335459 0.423952 0.397697 0.381323 0.412444 0.446669 0.377975 0.434303 0.345341 3.266871e+00 0.884
N:5 Run:4 0.398121 0.298066 0.337208 0.377921 0.414049 0.408855 0.38524 0.379679 0.421736 0.394749 0.405098 0.435335 0.441356 0.445469 0.412506 0.384158 0.366855 0.366684 0.226625 0.416853 0.355498 3.266871e+00 0.884
N:5 Run:5 0.430285 0.319693 0.3485 0.322925 0.273701 0.281314 0.281349 0.267338 0.307454 0.274397 0.208442 0.349154 0.323643 0.328384 0.339401 0.39864 0.359003 0.406834 0.381231 0.377922 0.405182 3.266871e+00 0.884
N:5 Run:6 0.425366 0.37702 0.394726 0.27884 0.436963 0.448811 0.436935 0.413086 0.446271 0.40717 0.425145 0.422563 0.462312 0.466718 0.420633 0.450248 0.422938 0.415996 0.438261 0.445014 0.387745 3.266871e+00 0.884
N:5 Run:7 0.39888 0.353135 0.38203 0.373773 0.340587 0.402457 0.321185 0.419743 0.395224 0.323675 0.387657 0.439234 0.40741 0.429441 0.432198 0.39763 0.369655 0.362427 0.411296 0.394946 0.273428 3.266871e+00 0.884
N:5 Run:8 0.483438 0.393242 0.182249 0.133834 0.100374 0.0866683 0.119718 0.11519 0.0958192 0.0943272 0.101301 0.0869445 0.356894 0.430632 0.399578 0.380055 0.400357 0.429282 0.414146 0.447585 0.406193 3.266871e+00 0.884
N:5 Run:9 0.396888 0.391631 0.191742 0.17155 0.186801 0.166459 0.195977 0.203575 0.183399 0.199593 0.202944 0.160977 0.279034 0.404927 0.423865 0.3158 0.424363 0.368851 0.321245 0.389925 0.415308 3.266871e+00 0.884
N:6 Run:0 0.432291 0.275953 0.296673 0.287518 0.234537 0.258909 0.237529 0.255843 0.278309 0.205987 0.228965 0.287616 0.336354 0.40042 0.402981 0.298527 0.435913 0.356483 0.380025 0.377065 0.304783 3.337172e+00 0.901
N:6 Run:1 0.474901 0.321974 0.14565 0.0834616 0.0829438 0.0835267 0.0835094 0.083966 0.084802 0.083391 0.0829597 0.0843214 0.217579 0.412808 0.374162 0.444296 0.438069 0.382278 0.424678 0.44044 0.456892 3.337172e+00 0.901
N:6 Run:2 0.36421 0.363372 0.210596 0.155942 0.155565 0.120644 0.139232 0.152877 0.206684 0.129609 0.174008 0.12378 0.401655 0.445992 0.416489 0.413895 0.45219 0.405761 0.420911 0.409079 0.423442 3.337172e+00 0.901
N:6 Run:3 0.416116 0.336778 0.158038 0.104037 0.0903662 0.0837506 0.0857781 0.0895248 0.0838805 0.0897865 0.09592 0.113742 0.335459 0.423952 0.397697 0.381323 0.412444 0.446669 0.377975 0.434303 0.345341 3.337172e+00 0.901
N:6 Run:4 0.398121 0.298066 0.337208 0.377921 0.414049 0.408855 0.38524 0.379679 0.421736 0.394749 0.405098 0.435335 0.441356 0.445469 0.412506 0.384158 0.366855 0.366684 0.226625 0.416853 0.355498 3.337172e+00 0.901
N:6 Run:5 0.430285 0.319693 0.3485 0.322925 0.273701 0.281314 0.281349 0.267338 0.307454 0.274397 0.208442 0.349154 0.323643 0.328384 0.339401 0.39864 0.359003 0.406834 0.381231 0.377922 0.405182 3.337172e+00 0.901
N:6 Run:6 0.425366 0.37702 0.394726 0.27884 0.436963 0.448811 0.436935 0.413086 0.446271 0.40717 0.425145 0.422563 0.462312 0.466718 0.420633 0.450248 0.422938 0.415996 0.438261 0.445014 0.387745 3.337172e+00 0.901
N:6 Run:7 0.39888 0.353135 0.38203 0.373773 0.340587 0.402457 0.321185 0.419743 0.395224 0.323675 0.387657 0.439234 0.40741 0.429441 0.432198 0.39763 0.369655 0.362427 0.411296 0.394946 0.273428 3.337172e+00 0.901
N:6 Run:8 0.483438 0.393242 0.182249 0.133834 0.100374 0.0866683 0.119718 0.11519 0.0958192 0.0943272 0.101301 0.0869445 0.356894 0.430632 0.399578 0.380055 0.400357 0.429282 0.414146 0.447585 0.406193 3.337172e+00 0.901
N:6 Run:9 0.396888 0.391631 0.191742 0.17155 0.186801 0.166459 0.195977 0.203575 0.183399 0.199593 0.202944 0.160977 0.279034 0.404927 0.423865 0.3158 0.424363 0.368851 0.321245 0.389925 0.415308 3.337172e+00 0.901
N:7 Run:0 0.432291 0.275953 0.296673 0.287518 0.234537 0.258909 0.237529 0.255843 0.278309 0.205987 0.228965 0.287616 0.336354 0.40042 0.402981 0.298527 0.435913 0.356483 0.380025 0.377065 0.304783 3.302894e+00 0.852
N:7 Run:1 0.474901 0.321974 0.14565 0.0834616 0.0829438 0.0835267 0.0835094 0.083966 0.084802 0.083391 0.0829597 0.0843214 0.217579 0.412808 0.374162 0.444296 0.438069 0.382278 0.424678 0.44044 0.456892 3.302894e+00 0.852
N:7 Run:2 0.36421 0.363372 0.210596 0.155942 0.155565 0.120644 0.139232 0.152877 0.206684 0.129609 0.174008 0.12378 0.401655 0.445992 0.416489 0.413895 0.45219 0.405761 0.420911 0.409079 0.423442 3.302894e+00 0.852
N:7 Run:3 0.416116 0.336778 0.158038 0.104037 0.0903662 0.0837506 0.0857781 0.0895248 0.0838805 0.0897865 0.09592 0.113742 0.335459 0.423952 0.397697 0.381323 0.412444 0.446669 0.377975 0.434303 0.345341 3.302894e+00 0.852
N:7 Run:4 0.398121 0.298066 0.337208 0.377921 0.414049 0.408855 0.38524 0.379679 0.421736 0.394749 0.405098 0.435335 0.441356 0.445469 0.412506 0.384158 0.366855 0.366684 0.226625 0.416853 0.355498 3.302894e+00 0.852
N:7 Run:5 0.430285 0.319693 0.3485 0.322925 0.273701 0.281314 0.281349 0.267338 0.307454 0.274397 0.208442 0.349154 0.323643 0.328384 0.339401 0.39864 0.359003 0.406834 0.381231 0.377922 0.405182 3.302894e+00 0.852
N:7 Run:6 0.425366 0.37702 0.394726 0.27884 0.436963 0.448811 0.436935 0.413086 0.446271 0.40717 0.425145 0.422563 0.462312 0.466718 0.420633 0.450248 0.422938 0.415996 0.438261 0.445014 0.387745 3.302894e+00 0.852
N:7 Run:7 0.39888 0.353135 0.38203 0.373773 0.340587 0.402457 0.321185 0.419743 0.395224 0.323675 0.387657 0.439234 0.40741 0.429441 0.432198 0.39763 0.369655 0.362427 0.411296 0.394946 0.273428 3.302894e+00 0.852
N:7 Run:8 0.483438 0.393242 0.182249 0.133834 0.100374 0.0866683 0.119718 0.11519 0.0958192 0.0943272 0.101301 0.0869445 0.356894 0.430632 0.399578 0.380055 0.400357 0.429282 0.414146 0.447585 0.406193 3.302894e+00 0.852
N:7 Run:9 0.396888 0.391631 0.191742 0.17155 0.186801 0.166459 0.195977 0.203575 0.183399 0.199593 0.202944 0.160977 0.279034 0.404927 0.423865 0.3158 0.424363 0.368851 0.321245 0.389925 0.415308 3.302894e+00 0.852
N:8 Run:0 0.432291 0.279423 0.281863 0.311136 0.329057 0.352078 0.367155 0.375978 0.409999 0.318269 0.315381 0.342198 0.3019 0.298291 0.239331 0.376506 0.408118 0.348678 0.26849 0.285579 0.295831 3.177469e+00 0.873
N:8 Run:1 0.474901 0.336753 0.265666 0.289145 0.377114 0.404573 0.474063 0.535136 0.4941 0.450342 0.462841 0.547302 0.493298 0.389054 0.422963 0.390177 0.409543 0.384349 0.281712 0.340672 0.326469 3.177469e+00 0.873
N:8 Run:2 0.36421 0.288633 0.236552 0.165142 0.119543 0.108856 0.168469 0.116941 0.175682 0.134966 0.176955 0.146899 0.405077 0.499536 0.364762 0.311224 0.312665 0.331384 0.297139 0.243921 0.33961 3.177469e+00 0.873
N:8 Run:3 0.416116 0.293412 0.144427 0.0790063 0.115216 0.0733451 0.0847718 0.0663075 0.0756559 0.0669024 0.08559 0.0708924 0.26154 0.397019 0.25166 0.311256 0.349926 0.394451 0.34582 0.336122 0.279358 3.177469e+00 0.873
N:8 Run:4 0.398121 0.349651 0.319751 0.349537 0.332335 0.31357 0.32994 0.316487 0.33464 0.38281 0.329925 0.356894 0.35769 0.382708 0.33114 0.260019 0.25783 0.2282 0.276465 0.250053 0.230559 3.177469e+00 0.873
N:8 Run:5 0.430285 0.25372 0.363512 0.340792 0.331233 0.298925 0.27923 0.277887 0.308719 0.280196 0.237671 0.292853 0.3148 0.292292 0.342817 0.362318 0.315203 0.333849 0.335703 0.357958 0.248319 3.177469e+00 0.873
N:8 Run:6 0.425366 0.293382 0.356829 0.398796 0.44454 0.505247 0.435219 0.483102 0.515315 0.513347 0.550928 0.647379 0.618569 0.598461 0.559505 0.500046 0.37161 0.245001 0.313639 0.35716 0.390124 3.177469e+00 0.873
N:8 Run:7 0.39888 0.307655 0.217981 0.347732 0.357268 0.336723 0.447648 0.43981 0.511651 0.467387 0.43534 0.481166 0.505884 0.486533 0.477711 0.363197 0.323013 0.342536 0.322632 0.430349 0.288542 3.177469e+00 0.873
N:8 Run:8 0.483438 0.292597 0.208014 0.126477 0.0762604 0.0890925 0.112714 0.0853779 0.085842 0.0951123 0.106033 0.179855 0.331704 0.470187 0.402945 0.380709 0.367377 0.318598 0.361155 0.331323 0.355975 3.177469e+00 0.873
N:8 Run:9 0.396888 0.275261 0.362203 0.300569 0.317579 0.369989 0.306255 0.27768 0.227366 0.204675 0.255559 0.315618 0.265369 0.262121 0.290125 0.208341 0.205823 0.288019 0.296412 0.225192 0.209754 3.177469e+00 0.873
N:9 Run:0 0.432291 0.279423 0.281863 0.311136 0.329057 0.352078 0.367155 0.375978 0.409999 0.318269 0.315381 0.342198 0.3019 0.298291 0.239331 0.376506 0.408118 0.348678 0.26849 0.285579 0.295831 3.561790e+00 0.850
N:9 Run:1 0.474901 0.336753 0.265666 0.289145 0.377114 0.404573 0.474063 0.535136 0.4941 0.450342 0.462841 0.547302 0.493298 0.389054 0.422963 0.390177 0.409543 0.384349 0.281712 0.340672 0.326469 3.561790e+00 0.850
N:9 Run:2 0.36421 0.288633 0.236552 0.165142 0.119543 0.108856 0.168469 0.116941 0.175682 0.134966 0.176955 0.146899 0.405077 0.499536 0.364762 0.311224 0.312665 0.331384 0.297139 0.243921 0.33961 3.561790e+00 0.850
N:9 Run:3 0.416116 0.293412 0.144427 0.0790063 0.115216 0.0733451 0.0847718 0.0663075 0.0756559 0.0669024 0.08559 0.0708924 0.26154 0.397019 0.25166 0.311256 0.349926 0.394451 0.34582 0.336122 0.279358 3.561790e+00 0.850
N:9 Run:4 0.398121 0.349651 0.319751 0.349537 0.332335 0.31357 0.32994 0.316487 0.33464 0.38281 0.329925 0.356894 0.35769 0.382708 0.33114 0.260019 0.25783 0.2282 0.276465 0.250053 0.230559 3.561790e+00 0.850
N:9 Run:5 0.430285 0.25372 0.363512 0.340792 0.331233 0.298925 0.27923 0.277887 0.308719 0.280196 0.237671 0.292853 0.3148 0.292292 0.342817 0.362318 0.315203 0.333849 0.335703 0.357958 0.248319 3.561790e+00 0.850
N:9 Run:6 0.425366 0.293382 0.356829 0.398796 0.44454 0.505247 0.435219 0.483102 0.515315 0.513347 0.550928 0.647379 0.618569 0.598461 0.559505 0.500046 0.37161 0.245001 0.313639 0.35716 0.390124 3.561790e+00 0.850
N:9 Run:7 0.39888 0.307655 0.217981 0.347732 0.357268 0.336723 0.447648 0.43981 0.511651 0.467387 0.43534 0.481166 0.505884 0.486533 0.477711 0.363197 0.323013 0.342536 0.322632 0.430349 0.288542 3.561790e+00 0.850
N:9 Run:8 0.483438 0.292597 0.208014 0.126477 0.0762604 0.0890925 0.112714 0.0853779 0.085842 0.0951123 0.106033 0.179855 0.331704 0.470187 0.402945 0.380709 0.367377 0.318598 0.361155 0.331323 0.355975 3.561790e+00 0.850
N:9 Run:9 0.396888 0.275261 0.362203 0.300569 0.317579 0.369989 0.306255 0.27768 0.227366 0.204675 0.255559 0.315618 0.265369 0.262121 0.290125 0.208341 0.205823 0.288019 0.296412 0.225192 0.209754 3.561790e+00 0.850
N:10 Run:0 0.432291 0.279423 0.281863 0.311136 0.329057 0.352078 0.367155 0.375978 0.409999 0.318269 0.315381 0.342198 0.3019 0.298291 0.239331 0.376506 0.408118 0.348678 0.26849 0.285579 0.295831 3.346455e+00 0.865
N:10 Run:1 0.474901 0.336753 0.265666 0.289145 0.377114 0.404573 0.474063 0.535136 0.4941 0.450342 0.462841 0.547302 0.493298 0.389054 0.422963 0.390177 0.409543 0.384349 0.281712 0.340672 0.326469 3.346455e+00 0.865
N:10 Run:2 0.36421 0.288633 0.236552 0.165142 0.119543 0.108856 0.168469 0.116941 0.175682 0.134966 0.176955 0.146899 0.405077 0.499536 0.364762 0.311224 0.312665 0.331384 0.297139 0.243921 0.33961 3.346455e+00 0.865
N:10 Run:3 0.416116 0.293412 0.144427 0.0790063 0.115216 0.0733451 0.0847718 0.0663075 0.0756559 0.0669024 0.08559 0.0708924 0.26154 0.397019 0.25166 0.311256 0.349926 0.394451 0.34582 0.336122 0.279358 3.346455e+00 0.865
N:10 Run:4 0.398121 0.349651 0.319751 0.349537 0.332335 0.31357 0.32994 0.316487 0.33464 0.38281 0.329925 0.356894 0.35769 0.382708 0.33114 0.260019 0.25783 0.2282 0.276465 0.250053 0.230559 3.346455e+00 0.865
N:10 Run:5 0.430285 0.25372 0.363512 0.340792 0.331233 0.298925 0.27923 0.277887 0.308719 0.280196 0.237671 0.292853 0.3148 0.292292 0.342817 0.362318 0.315203 0.333849 0.335703 0.357958 0.248319 3.346455e+00 0.865
N:10 Run:6 0.425366 0.293382 0.356829 0.398796 0.44454 0.505247 0.435219 0.483102 0.515315 0.513347 0.550928 0.647379 0.618569 0.598461 0.559505 0.500046 0.37161 0.245001 0.313639 0.35716 0.390124 3.346455e+00 0.865
N:10 Run:7 0.39888 0.307655 0.217981 0.347732 0.357268 0.336723 0.447648 0.43981 0.511651 0.467387 0.43534 0.481166 0.505884 0.486533 0.477711 0.363197 0.323013 0.342536 0.322632 0.430349 0.288542 3.346455e+00 0.865
N:10 Run:8 0.483438 0.292597 0.208014 0.126477 0.0762604 0.0890925 0.112714 0.0853779 0.085842 0.0951123 0.106033 0.179855 0.331704 0.470187 0.402945 0.380709 0.367377 0.318598 0.361155 0.331323 0.355975 3.346455e+00 0.865
N:10 Run:9 0.396888 0.275261 0.362203 0.300569 0.317579 0.369989 0.306255 0.27768 0.227366 0.204675 0.255559 0.315618 0.265369 0.262121 0.290125 0.208341 0.205823 0.288019 0.296412 0.225192 0.209754 3.346455e+00 0.865
N:11 Run:0 0.432291 0.279423 0.281863 0.311136 0.329057 0.352078 0.367155 0.375978 0.409999 0.318269 0.315381 0.342198 0.3019 0.298291 0.239331 0.376506 0.408118 0.348678 0.26849 0.285579 0.295831 3.436588e+00 0.866
N:11 Run:1 0.474901 0.336753 0.265666 0.289145 0.377114 0.404573 0.474063 0.535136 0.4941 0.450342 0.462841 0.547302 0.493298 0.389054 0.422963 0.390177 0.409543 0.384349 0.281712 0.340672 0.326469 3.436588e+00 0.866
N:11 Run:2 0.36421 0.288633 0.236552 0.165142 0.119543 0.108856 0.168469 0.116941 0.175682 0.134966 0.176955 0.146899 0.405077 0.499536 0.364762 0.311224 0.312665 0.331384 0.297139 0.243921 0.33961 3.436588e+00 0.866
N:11 Run:3 0.416116 0.293412 0.144427 0.0790063 0.115216 0.0733451 0.0847718 0.0663075 0.0756559 0.0669024 0.08559 0.0708924 0.26154 0.397019 0.25166 0.311256 0.349926 0.394451 0.34582 0.336122 0.279358 3.436588e+00 0.866
N:11 Run:4 0.398121 0.349651 0.319751 0.349537 0.332335 0.31357 0.32994 0.316487 0.33464 0.38281 0.329925 0.356894 0.35769 0.382708 0.33114 0.260019 0.25783 0.2282 0.276465 0.250053 0.230559 3.436588e+00 0.866
N:11 Run:5 0.430285 0.25372 0.363512 0.340792 0.331233 0.298925 0.27923 0.277887 0.308719 0.280196 0.237671 0.292853 0.3148 0.292292 0.342817 0.362318 0.315203 0.333849 0.335703 0.357958 0.248319 3.436588e+00 0.866
N:11 Run:6 0.425366 0.293382 0.356829 0.398796 0.44454 0.505247 0.435219 0.483102 0.515315 0.513347 0.550928 0.647379 0.618569 0.598461 0.559505 0.500046 0.37161 0.245001 0.313639 0.35716 0.390124 3.436588e+00 0.866
N:11 Run:7 0.39888 0.307655 0.217981 0.347732 0.357268 0.336723 0.447648 0.43981 0.511651 0.467387 0.43534 0.481166 0.505884 0.486533 0.477711 0.363197 0.323013 0.342536 0.322632 0.430349 0.288542 3.436588e+00 0.866
N:11 Run:8 0.483438 0.292597 0.208014 0.126477 0.0762604 0.0890925 0.112714 0.0853779 0.085842 0.0951123 0.106033 0.179855 0.331704 0.470187 0.402945 0.380709 0.367377 0.318598 0.361155 0.331323 0.355975 3.436588e+00 0.866
N:11 Run:9 0.396888 0.275261 0.362203 0.300569 0.317579 0.369989 0.306255 0.27768 0.227366 0.204675 0.255559 0.315618 0.265369 0.262121 0.290125 0.208341 0.205823 0.288019 0.296412 0.225192 0.209754 3.436588e+00 0.866
N:12 Run:0 0.432291 0.279423 0.281863 0.311136 0.329057 0.352078 0.367155 0.375978 0.409999 0.318269 0.315381 0.342198 0.3019 0.298291 0.239331 0.376506 0.408118 0.348678 0.26849 0.285579 0.295831 3.242407e+00 0.905
N:12 Run:1 0.474901 0.336753 0.265666 0.289145 0.377114 0.404573 0.474063 0.535136 0.4941 0.450342 0.462841 0.547302 0.493298 0.389054 0.422963 0.390177 0.409543 0.384349 0.281712 0.340672 0.326469 3.242407e+00 0.905
N:12 Run:2 0.36421 0.288633 0.236552 0.165142 0.119543 0.108856 0.168469 0.116941 0.175682 0.134966 0.176955 0.146899 0.405077 0.499536 0.364762 0.311224 0.312665 0.331384 0.297139 0.243921 0.33961 3.242407e+00 0.905
N:12 Run:3 0.416116 0.293412 0.144427 0.0790063 0.115216 0.0733451 0.0847718 0.0663075 0.0756559 0.0669024 0.08559 0.0708924 0.26154 0.397019 0.25166 0.311256 0.349926 0.394451 0.34582 0.336122 0.279358 3.242407e+00 0.905
N:12 Run:4 0.398121 0.349651 0.319751 0.349537 0.332335 0.31357 0.32994 0.316487 0.33464 0.38281 0.329925 0.356894 0.35769 0.382708 0.33114 0.260019 0.25783 0.2282 0.276465 0.250053 0.230559 3.242407e+00 0.905
N:12 Run:5 0.430285 0.25372 0.363512 0.340792 0.331233 0.298925 0.27923 0.277887 0.308719 0.280196 0.237671 0.292853 0.3148 0.292292 0.342817 0.362318 0.315203 0.333849 0.335703 0.357958 0.248319 3.242407e+00 0.905
N:12 Run:6 0.425366 0.293382 0.356829 0.398796 0.44454 0.505247 0.435219 0.483102 0.515315 0.513347 0.550928 0.647379 0.618569 0.598461 0.559505 0.500046 0.37161 0.245001 0.313639 0.35716 0.390124 3.242407e+00 0.905
N:12 Run:7 0.39888 0.307655 0.217981 0.347732 0.357268 0.336723 0.447648 0.43981 0.511651 0.467387 0.43534 0.481166 0.505884 0.486533 0.477711 0.363197 0.323013 0.342536 0.322632 0.430349 0.288542 3.242407e+00 0.905
N:12 Run:8 0.483438 0.292597 0.208014 0.126477 0.0762604 0.0890925 0.112714 0.0853779 0.085842 0.0951123 0.106033 0.179855 0.331704 0.470187 0.402945 0.380709 0.367377 0.318598 0.361155 0.331323 0.355975 3.242407e+00 0.905
N:12 Run:9 0.396888 0.275261 0.362203 0.300569 0.317579 0.369989 0.306255 0.27768 0.227366 0.204675 0.255559 0.315618 0.265369 0.262121 0.290125 0.208341 0.205823 0.288019 0.296412 0.225192 0.209754 3.242407e+00 0.905
N:13 Run:0 0.432291 0.279423 0.281863 0.311136 0.329057 0.352078 0.367155 0.375978 0.409999 0.318269 0.315381 0.342198 0.3019 0.298291 0.239331 0.376506 0.408118 0.348678 0.26849 0.285579 0.295831 3.361142e+00 0.884
N:13 Run:1 0.474901 0.336753 0.265666 0.289145 0.377114 0.404573 0.474063 0.535136 0.4941 0.450342 0.462841 0.547302 0.493298 0.389054 0.422963 0.390177 0.409543 0.384349 0.281712 0.340672 0.326469 3.361142e+00 0.884
N:13 Run:2 0.36421 0.288633 0.236552 0.165142 0.119543 0.108856 0.168469 0.116941 0.175682 0.134966 0.176955 0.146899 0.405077 0.499536 0.364762 0.311224 0.312665 0.331384 0.297139 0.243921 0.33961 3.361142e+00 0.884
N:13 Run:3 0.416116 0.293412 0.144427 0.0790063 0.115216 0.0733451 0.0847718 0.0663075 0.0756559 0.0669024 0.08559 0.0708924 0.26154 0.397019 0.25166 0.311256 0.349926 0.394451 0.34582 0.336122 0.279358 3.361142e+00 0.884
N:13 Run:4 0.398121 0.349651 0.319751 0.349537 0.332335 0.31357 0.32994 0.316487 0.33464 0.38281 0.329925 0.356894 0.35769 0.382708 0.33114 0.260019 0.25783 0.2282 0.276465 0.250053 0.230559 3.361142e+00 0.884
N:13 Run:5 0.430285 0.25372 0.363512 0.340792 0.331233 0.298925 0.27923 0.277887 0.308719 0.280196 0.237671 0.292853 0.3148 0.292292 0.342817 0.362318 0.315203 0.333849 0.335703 0.357958 0.248319 3.361142e+00 0.884
N:13 Run:6 0.425366 0.293382 0.356829 0.398796 0.44454 0.505247 0.435219 0.483102 0.515315 0.513347 0.550928 0.647379 0.618569 0.598461 0.559505 0.500046 0.37161 0.245001 0.313639 0.35716 0.390124 3.361142e+00 0.884
N:13 Run:7 0.39888 0.307655 0.217981 0.347732 0.357268 0.336723 0.447648 0.43981 0.511651 0.467387 0.43534 0.481166 0.505884 0.486533 0.477711 0.363197 0.323013 0.342536 0.322632 0.430349 0.288542 3.361142e+00 0.884
N:13 Run:8 0.483438 0.292597 0.208014 0.126477 0.0762604 0.0890925 0.112714 0.0853779 0.085842 0.0951123 0.106033 0.179855 0.331704 0.470187 0.402945 0.380709 0.367377 0.318598 0.361155 0.331323 0.355975 3.361142e+00 0.884
N:13 Run:9 0.396888 0.275261 0.362203 0.300569 0.317579 0.369989 0.306255 0.27768 0.227366 0.204675 0.255559 0.315618 0.265369 0.262121 0.290125 0.208341 0.205823 0.288019 0.296412 0.225192 0.209754 3.361142e+00 0.884
N:14 Run:0 0.432291 0.279423 0.281863 0.311136 0.329057 0.352078 0.367155 0.375978 0.409999 0.318269 0.315381 0.342198 0.3019 0.298291 0.239331 0.376506 0.408118 0.348678 0.26849 0.285579 0.295831 3.660370e+00 0.853
N:14 Run:1 0.474901 0.336753 0.265666 0.289145 0.377114 0.404573 0.474063 0.535136 0.4941 0.450342 0.462841 0.547302 0.493298 0.389054 0.422963 0.390177 0.409543 0.384349 0.281712 0.340672 0.326469 3.660370e+00 0.853
N:14 Run:2 0.36421 0.288633 0.236552 0.165142 0.119543 0.108856 0.168469 0.116941 0.175682 0.134966 0.176955 0.146899 0.405077 0.499536 0.364762 0.311224 0.312665 0.331384 0.297139 0.243921 0.33961 3.660370e+00 0.853
N:14 Run:3 0.416116 0.293412 0.144427 0.0790063 0.115216 0.0733451 0.0847718 0.0663075 0.0756559 0.0669024 0.08559 0.0708924 0.26154 0.397019 0.25166 0.311256 0.349926 0.394451 0.34582 0.336122 0.279358 3.660370e+00 0.853
N:14 Run:4 0.398121 0.349651 0.319751 0.349537 0.332335 0.31357 0.32994 0.316487 0.33464 0.38281 0.329925 0.356894 0.35769 0.382708 0.33114 0.260019 0.25783 0.2282 0.276465 0.250053 0.230559 3.660370e+00 0.853
N:14 Run:5 0.430285 0.25372 0.363512 0.340792 0.331233 0.298925 0.27923 0.277887 0.308719 0.280196 0.237671 0.292853 0.3148 0.292292 0.342817 0.362318 0.315203 0.333849 0.335703 0.357958 0.248319 3.660370e+00 0.853
N:14 Run:6 0.425366 0.293382 0.356829 0.398796 0.44454 0.505247 0.435219 0.483102 0.515315 0.513347 0.550928 0.647379 0.618569 0.598461 0.559505 0.500046 0.37161 0.245001 0.313639 0.35716 0.390124 3.660370e+00 0.853
N:14 Run:7 0.39888 0.307655 0.217981 0.347732 0.357268 0.336723 0.447648 0.43981 0.511651 0.467387 0.43534 0.481166 0.505884 0.486533 0.477711 0.363197 0.323013 0.342536 0.322632 0.430349 0.288542 3.660370e+00 0.853
N:14 Run:8 0.483438 0.292597 0.208014 0.126477 0.0762604 0.0890925 0.112714 0.0853779 0.085842 0.0951123 0.106033 0.179855 0.331704 0.470187 0.402945 0.380709 0.367377 0.318598 0.361155 0.331323 0.355975 3.660370e+00 0.853
N:14 Run:9 0.396888 0.275261 0.362203 0.300569 0.317579 0.369989 0.306255 0.27768 0.227366 0.204675 0.255559 0.315618 0.265369 0.262121 0.290125 0.208341 0.205823 0.288019 0.296412 0.225192 0.209754 3.660370e+00 0.853
N:15 Run:0 0.432291 0.279423 0.281863 0.311136 0.329057 0.352078 0.367155 0.375978 0.409999 0.318269 0.315381 0.342198 0.3019 0.298291 0.239331 0.376506 0.408118 0.348678 0.26849 0.285579 0.295831 3.536867e+00 0.886
N:15 Run:1 0.474901 0.336753 0.265666 0.289145 0.377114 0.404573 0.474063 0.535136 0.4941 0.450342 0.462841 0.547302 0.493298 0.389054 0.422963 0.390177 0.409543 0.384349 0.281712 0.340672 0.326469 3.536867e+00 0.886
N:15 Run:2 0.36421 0.288633 0.236552 0.165142 0.119543 0.108856 0.168469 0.116941 0.175682 0.134966 0.176955 0.146899 0.405077 0.499536 0.364762 0.311224 0.312665 0.331384 0.297139 0.243921 0.33961 3.536867e+00 0.886
N:15 Run:3 0.416116 0.293412 0.144427 0.0790063 0.115216 0.0733451 0.0847718 0.0663075 0.0756559 0.0669024 0.08559 0.0708924 0.26154 0.397019 0.25166 0.311256 0.349926 0.394451 0.34582 0.336122 0.279358 3.536867e+00 0.886
N:15 Run:4 0.398121 0.349651 0.319751 0.349537 0.332335 0.31357 0.32994 0.316487 0.33464 0.38281 0.329925 0.356894 0.35769 0.382708 0.33114 0.260019 0.25783 0.2282 0.276465 0.250053 0.230559 3.536867e+00 0.886
N:15 Run:5 0.430285 0.25372 0.363512 0.340792 0.331233 0.298925 0.27923 0.277887 0.308719 0.280196 0.237671 0.292853 0.3148 0.292292 0.342817 0.362318 0.315203 0.333849 0.335703 0.357958 0.248319 3.536867e+00 0.886
N:15 Run:6 0.425366 0.293382 0.356829 0.398796 0.44454 0.505247 0.435219 0.483102 0.515315 0.513347 0.550928 0.647379 0.618569 0.598461 0.559505 0.500046 0.37161 0.245001 0.313639 0.35716 0.390124 3.536867e+00 0.886
N:15 Run:7 0.39888 0.307655 0.217981 0.347732 0.357268 0.336723 0.447648 0.43981 0.511651 0.467387 0.43534 0.481166 0.505884 0.486533 0.477711 0.363197 0.323013 0.342536 0.322632 0.430349 0.288542 3.536867e+00 0.886
N:15 Run:8 0.483438 0.292597 0.208014 0.126477 0.0762604 0.0890925 0.112714 0.0853779 0.085842 0.0951123 0.106033 0.179855 0.331704 0.470187 0.402945 0.380709 0.367377 0.318598 0.361155 0.331323 0.355975 3.536867e+00 0.886
N:15 Run:9 0.396888 0.275261 0.362203 0.300569 0.317579 0.369989 0.306255 0.27768 0.227366 0.204675 0.255559 0.315618 0.265369 0.262121 0.290125 0.208341 0.205823 0.288019 0.296412 0.225192 0.209754 3.536867e+00 0.886
N:16 Run:0 0.432291 0.279423 0.281863 0.311136 0.329057 0.352078 0.367155 0.375978 0.409999 0.318269 0.315381 0.342198 0.3019 0.298291 0.239331 0.376506 0.408118 0.348678 0.26849 0.285579 0.295831 3.383421e+00 0.885
N:16 Run:1 0.474901 0.336753 0.265666 0.289145 0.377114 0.404573 0.474063 0.535136 0.4941 0.450342 0.462841 0.547302 0.493298 0.389054 0.422963 0.390177 0.409543 0.384349 0.281712 0.340672 0.326469 3.383421e+00 0.885
N:16 Run:2 0.36421 0.288633 0.236552 0.165142 0.119543 0.108856 0.168469 0.116941 0.175682 0.134966 0.176955 0.146899 0.405077 0.499536 0.364762 0.311224 0.312665 0.331384 0.297139 0.243921 0.33961 3.383421e+00 0.885
N:16 Run:3 0.416116 0.293412 0.144427 0.0790063 0.115216 0.0733451 0.0847718 0.0663075 0.0756559 0.0669024 0.08559 0.0708924 0.26154 0.397019 0.25166 0.311256 0.349926 0.394451 0.34582 0.336122 0.279358 3.383421e+00 0.885
N:16 Run:4 0.398121 0.349651 0.319751 0.349537 0.332335 0.31357 0.32994 0.316487 0.33464 0.38281 0.329925 0.356894 0.35769 0.382708 0.33114 0.260019 0.25783 0.2282 0.276465 0.250053 0.230559 3.383421e+00 0.885
N:16 Run:5 0.430285 0.25372 0.363512 0.340792 0.331233 0.298925 0.27923 0.277887 0.308719 0.280196 0.237671 0.292853 0.3148 0.292292 0.342817 0.362318 0.315203 0.333849 0.335703 0.357958 0.248319 3.383421e+00 0.885
N:16 Run:6 0.425366 0.293382 0.356829 0.398796 0.44454 0.505247 0.435219 0.483102 0.515315 0.513347 0.550928 0.647379 0.618569 0.598461 0.559505 0.500046 0.37161 0.245001 0.313639 0.35716 0.390124 3.383421e+00 0.885
N:16 Run:7 0.39888 0.307655 0.217981 0.347732 0.357268 0.336723 0.447648 0.43981 0.511651 0.467387 0.43534 0.481166 0.505884 0.486533 0.477711 0.363197 0.323013 0.342536 0.322632 0.430349 0.288542 3.383421e+00 0.885
N:16 Run:8 0.483438 0.292597 0.208014 0.126477 0.0762604 0.0890925 0.112714 0.0853779 0.085842 0.0951123 0.106033 0.179855 0.331704 0.470187 0.402945 0.380709 0.367377 0.318598 0.361155 0.331323 0.355975 3.383421e+00 0.885
N:16 Run:9 0.396888 0.275261 0.362203 0.300569 0.317579 0.369989 0.306255 0.27768 0.227366 0.204675 0.255559 0.315618 0.265369 0.262121 0.290125 0.208341 0.205823 0.288019 0.296412 0.225192 0.209754 3.383421e+00 0.885
N:17 Run:0 0.432291 0.279423 0.281863 0.311136 0.329057 0.352078 0.367155 0.375978 0.409999 0.318269 0.315381 0.342198 0.3019 0.298291 0.239331 0.376506 0.408118 0.348678 0.26849 0.285579 0.295831 3.395436e+00 0.848
N:17 Run:1 0.474901 0.336753 0.265666 0.289145 0.377114 0.404573 0.474063 0.535136 0.4941 0.450342 0.462841 0.547302 0.493298 0.389054 0.422963 0.390177 0.409543 0.384349 0.281712 0.340672 0.326469 3.395436e+00 0.848
N:17 Run:2 0.36421 0.288633 0.236552 0.165142 0.119543 0.108856 0.168469 0.116941 0.175682 0.134966 0.176955 0.146899 0.405077 0.499536 0.364762 0.311224 0.312665 0.331384 0.297139 0.243921 0.33961 3.395436e+00 0.848
N:17 Run:3 0.416116 0.293412 0.144427 0.0790063 0.115216 0.0733451 0.0847718 0.0663075 0.0756559 0.0669024 0.08559 0.0708924 0.26154 0.397019 0.25166 0.311256 0.349926 0.394451 0.34582 0.336122 0.279358 3.395436e+00 0.848
N:17 Run:4 0.398121 0.349651 0.319751 0.349537 0.332335 0.31357 0.32994 0.316487 0.33464 0.38281 0.329925 0.356894 0.35769 0.382708 0.33114 0.260019 0.25783 0.2282 0.276465 0.250053 0.230559 3.395436e+00 0.848
N:17 Run:5 0.430285 0.25372 0.363512 0.340792 0.331233 0.298925 0.27923 0.277887 0.308719 0.280196 0.237671 0.292853 0.3148 0.292292 0.342817 0.362318 0.315203 0.333849 0.335703 0.357958 0.248319 3.395436e+00 0.848
N:17 Run:6 0.425366 0.293382 0.356829 0.398796 0.44454 0.505247 0.435219 0.483102 0.515315 0.513347 0.550928 0.647379 0.618569 0.598461 0.559505 0.500046 0.37161 0.245001 0.313639 0.35716 0.390124 3.395436e+00 0.848
N:17 Run:7 0.39888 0.307655 0.217981 0.347732 0.357268 0.336723 0.447648 0.43981 0.511651 0.467387 0.43534 0.481166 0.505884 0.486533 0.477711 0.363197 0.323013 0.342536 0.322632 0.430349 0.288542 3.395436e+00 0.848
N:17 Run:8 0.483438 0.292597 0.208014 0.126477 0.0762604 0.0890925 0.112714 0.0853779 0.085842 0.0951123 0.106033 0.179855 0.331704 0.470187 0.402945 0.380709 0.367377 0.318598 0.361155 0.331323 0.355975 3.395436e+00 0.848
N:17 Run:9 0.396888 0.275261 0.362203 0.300569 0.317579 0.369989 0.306255 0.27768 0.227366 0.204675 0.255559 0.315618 0.265369 0.262121 0.290125 0.208341 0.205823 0.288019 0.296412 0.225192 0.209754 3.395436e+00 0.848
N:18 Run:0 0.432291 0.279423 0.281863 0.311136 0.329057 0.352078 0.367155 0.375978 0.409999 0.318269 0.315381 0.342198 0.3019 0.298291 0.239331 0.376506 0.408118 0.348678 0.26849 0.285579 0.295831 3.418478e+00 0.900
N:18 Run:1 0.474901 0.336753 0.265666 0.289145 0.377114 0.404573 0.474063 0.535136 0.4941 0.450342 0.462841 0.547302 0.493298 0.389054 0.422963 0.390177 0.409543 0.384349 0.281712 0.340672 0.326469 3.418478e+00 0.900
N:18 Run:2 0.36421 0.288633 0.236552 0.165142 0.119543 0.108856 0.168469 0.116941 0.175682 0.134966 0.176955 0.146899 0.405077 0.499536 0.364762 0.311224 0.312665 0.331384 0.297139 0.243921 0.33961 3.418478e+00 0.900
N:18 Run:3 0.416116 0.293412 0.144427 0.0790063 0.115216 0.0733451 0.0847718 0.0663075 0.0756559 0.0669024 0.08559 0.0708924 0.26154 0.397019 0.25166 0.311256 0.349926 0.394451 0.34582 0.336122 0.279358 3.418478e+00 0.900
N:18 Run:4 0.398121 0.349651 0.319751 0.349537 0.332335 0.31357 0.32994 0.316487 0.33464 0.38281 0.329925 0.356894 0.35769 0.382708 0.33114 0.260019 0.25783 0.2282 0.276465 0.250053 0.230559 3.418478e+00 0.900
N:18 Run:5 0.430285 0.25372 0.363512 0.340792 0.331233 0.298925 0.27923 0.277887 0.308719 0.280196 0.237671 0.292853 0.3148 0.292292 0.342817 0.362318 0.315203 0.333849 0.335703 0.357958 0.248319 3.418478e+00 0.900
N:18 Run:6 0.425366 0.293382 0.356829 0.398796 0.44454 0.505247 0.435219 0.483102 0.515315 0.513347 0.550928 0.647379 0.618569 0.598461 0.559505 0.500046 0.37161 0.245001 0.313639 0.35716 0.390124 3.418478e+00 0.900
N:18 Run:7 0.39888 0.307655 0.217981 0.347732 0.357268 0.336723 0.447648 0.43981 0.511651 0.467387 0.43534 0.481166 0.505884 0.486533 0.477711 0.363197 0.323013 0.342536 0.322632 0.430349 0.288542 3.418478e+00 0.900
N:18 Run:8 0.483438 0.292597 0.208014 0.126477 0.0762604 0.0890925 0.112714 0.0853779 0.085842 0.0951123 0.106033 0.179855 0.331704 0.470187 0.402945 0.380709 0.367377 0.318598 0.361155 0.331323 0.355975 3.418478e+00 0.900
N:18 Run:9 0.396888 0.275261 0.362203 0.300569 0.317579 0.369989 0.306255 0.27768 0.227366 0.204675 0.255559 0.315618 0.265369 0.262121 0.290125 0.208341 0.205823 0.288019 0.296412 0.225192 0.209754 3.418478e+00 0.900
N:19 Run:0 0.432291 0.279423 0.281863 0.311136 0.329057 0.352078 0.367155 0.375978 0.409999 0.318269 0.315381 0.342198 0.3019 0.298291 0.239331 0.376506 0.408118 0.348678 0.26849 0.285579 0.295831 3.337063e+00 0.904
N:19 Run:1 0.474901 0.336753 0.265666 0.289145 0.377114 0.404573 0.474063 0.535136 0.4941 0.450342 0.462841 0.547302 0.493298 0.389054 0.422963 0.390177 0.409543 0.384349 0.281712 0.340672 0.326469 3.337063e+00 0.904
N:19 Run:2 0.36421 0.288633 0.236552 0.165142 0.119543 0.108856 0.168469 0.116941 0.175682 0.134966 0.176955 0.146899 0.405077 0.499536 0.364762 0.311224 0.312665 0.331384 0.297139 0.243921 0.33961 3.337063e+00 0.904
N:19 Run:3 0.416116 0.293412 0.144427 0.0790063 0.115216 0.0733451 0.0847718 0.0663075 0.0756559 0.0669024 0.08559 0.0708924 0.26154 0.397019 0.25166 0.311256 0.349926 0.394451 0.34582 0.336122 0.279358 3.337063e+00 0.904
N:19 Run:4 0.398121 0.349651 0.319751 0.349537 0.332335 0.31357 0.32994 0.316487 0.33464 0.38281 0.329925 0.356894 0.35769 0.382708 0.33114 0.260019 0.25783 0.2282 0.276465 0.250053 0.230559 3.337063e+00 0.904
N:19 Run:5 0.430285 0.25372 0.363512 0.340792 0.331233 0.298925 0.27923 0.277887 0.308719 0.280196 0.237671 0.292853 0.3148 0.292292 0.342817 0.362318 0.315203 0.333849 0.335703 0.357958 0.248319 3.337063e+00 0.904
N:19 Run:6 0.425366 0.293382 0.356829 0.398796 0.44454 0.505247 0.435219 0.483102 0.515315 0.513347 0.550928 0.647379 0.618569 0.598461 0.559505 0.500046 0.37161 0.245001 0.313639 0.35716 0.390124 3.337063e+00 0.904
N:19 Run:7 0.39888 0.307655 0.217981 0.347732 0.357268 0.336723 0.447648 0.43981 0.511651 0.467387 0.43534 0.481166 0.505884 0.486533 0.477711 0.363197 0.323013 0.342536 0.322632 0.430349 0.288542 3.337063e+00 0.904
N:19 Run:8 0.483438 0.292597 0.208014 0.126477 0.0762604 0.0890925 0.112714 0.0853779 0.085842 0.0951123 0.106033 0.179855 0.331704 0.470187 0.402945 0.380709 0.367377 0.318598 0.361155 0.331323 0.355975 3.337063e+00 0.904
N:19 Run:9 0.396888 0.275261 0.362203 0.300569 0.317579 0.369989 0.306255 0.27768 0.227366 0.204675 0.255559 0.315618 0.265369 0.262121 0.290125 0.208341 0.205823 0.288019 0.296412 0.225192 0.209754 3.337063e+00 0.904
N:20 Run:0 0.432291 0.279423 0.281863 0.311136 0.329057 0.352078 0.367155 0.375978 0.409999 0.318269 0.315381 0.342198 0.3019 0.298291 0.239331 0.376506 0.408118 0.348678 0.26849 0.285579 0.295831 3.215529e+00 0.863
N:20 Run:1 0.474901 0.336753 0.265666 0.289145 0.377114 0.404573 0.474063 0.535136 0.4941 0.450342 0.462841 0.547302 0.493298 0.389054 0.422963 0.390177 0.409543 0.384349 0.281712 0.340672 0.326469 3.215529e+00 0.863
N:20 Run:2 0.36421 0.288633 0.236552 0.165142 0.119543 0.108856 0.168469 0.116941 0.175682 0.134966 0.176955 0.146899 0.405077 0.499536 0.364762 0.311224 0.312665 0.331384 0.297139 0.243921 0.33961 3.215529e+00 0.863
N:20 Run:3 0.416116 0.293412 0.144427 0.0790063 0.115216 0.0733451 0.0847718 0.0663075 0.0756559 0.0669024 0.08559 0.0708924 0.26154 0.397019 0.25166 0.311256 0.349926 0.394451 0.34582 0.336122 0.279358 3.215529e+00 0.863
N:20 Run:4 0.398121 0.349651 0.319751 0.349537 0.332335 0.31357 0.32994 0.316487 0.33464 0.38281 0.329925 0.356894 0.35769 0.382708 0.33114 0.260019 0.25783 0.2282 0.276465 0.250053 0.230559 3.215529e+00 0.863
N:20 Run:5 0.430285 0.25372 0.363512 0.340792 0.331233 0.298925 0.27923 0.277887 0.308719 0.280196 0.237671 0.292853 0.3148 0.292292 0.342817 0.362318 0.315203 0.333849 0.335703 0.357958 0.248319 3.215529e+00 0.863
N:20 Run:6 0.425366 0.293382 0.356829 0.398796 0.44454 0.505247 0.435219 0.483102 0.515315 0.513347 0.550928 0.647379 0.618569 0.598461 0.559505 0.500046 0.37161 0.245001 0.313639 0.35716 0.390124 3.215529e+00 0.863
N:20 Run:7 0.39888 0.307655 0.217981 0.347732 0.357268 0.336723 0.447648 0.43981 0.511651 0.467387 0.43534 0.481166 0.505884 0.486533 0.477711 0.363197 0.323013 0.342536 0.322632 0.430349 0.288542 3.215529e+00 0.863
N:20 Run:8 0.483438 0.292597 0.208014 0.126477 0.0762604 0.0890925 0.112714 0.0853779 0.085842 0.0951123 0.106033 0.179855 0.331704 0.470187 0.402945 0.380709 0.367377 0.318598 0.361155 0.331323 0.355975 3.215529e+00 0.863
N:20 Run:9 0.396888 0.275261 0.362203 0.300569 0.317579 0.369989 0.306255 0.27768 0.227366 0.204675 0.255559 0.315618 0.265369 0.262121 0.290125 0.208341 0.205823 0.288019 0.296412 0.225192 0.209754 3.215529e+00 0.863
N:21 Run:0 0.432291 0.279423 0.281863 0.311136 0.329057 0.352078 0.367155 0.375978 0.409999 0.318269 0.315381 0.342198 0.3019 0.298291 0.239331 0.376506 0.408118 0.348678 0.26849 0.285579 0.295831 3.667357e+00 0.837
N:21 Run:1 0.474901 0.336753 0.265666 0.289145 0.377114 0.404573 0.474063 0.535136 0.4941 0.450342 0.462841 0.547302 0.493298 0.389054 0.422963 0.390177 0.409543 0.384349 0.281712 0.340672 0.326469 3.667357e+00 0.837
N:21 Run:2 0.36421 0.288633 0.236552 0.165142 0.119543 0.108856 0.168469 0.116941 0.175682 0.134966 0.176955 0.146899 0.405077 0.499536 0.364762 0.311224 0.312665 0.331384 0.297139 0.243921 0.33961 3.667357e+00 0.837
N:21 Run:3 0.416116 0.293412 0.144427 0.0790063 0.115216 0.0733451 0.0847718 0.0663075 0.0756559 0.0669024 0.08559 0.0708924 0.26154 0.397019 0.25166 0.311256 0.349926 0.394451 0.34582 0.336122 0.279358 3.667357e+00 0.837
N:21 Run:4 0.398121 0.349651 0.319751 0.349537 0.332335 0.31357 0.32994 0.316487 0.33464 0.38281 0.329925 0.356894 0.35769 0.382708 0.33114 0.260019 0.25783 0.2282 0.276465 0.250053 0.230559 3.667357e+00 0.837
N:21 Run:5 0.430285 0.25372 0.363512 0.340792 0.331233 0.298925 0.27923 0.277887 0.308719 0.280196 0.237671 0.292853 0.3148 0.292292 0.342817 0.362318 0.315203 0.333849 0.335703 0.357958 0.248319 3.667357e+00 0.837
N:21 Run:6 0.425366 0.293382 0.356829 0.398796 0.44454 0.505247 0.435219 0.483102 0.515315 0.513347 0.550928 0.647379 0.618569 0.598461 0.559505 0.500046 0.37161 0.245001 0.313639 0.35716 0.390124 3.667357e+00 0.837
N:21 Run:7 0.39888 0.307655 0.217981 0.347732 0.357268 0.336723 0.447648 0.43981 0.511651 0.467387 0.43534 0.481166 0.505884 0.486533 0.477711 0.363197 0.323013 0.342536 0.322632 0.430349 0.288542 3.667357e+00 0.837
N:21 Run:8 0.483438 0.292597 0.208014 0.126477 0.0762604 0.0890925 0.112714 0.0853779 0.085842 0.0951123 0.106033 0.179855 0.331704 0.470187 0.402945 0.380709 0.367377 0.318598 0.361155 0.331323 0.355975 3.667357e+00 0.837
N:21 Run:9 0.396888 0.275261 0.362203 0.300569 0.317579 0.369989 0.306255 0.27768 0.227366 0.204675 0.255559 0.315618 0.265369 0.262121 0.290125 0.208341 0.205823 0.288019 0.296412 0.225192 0.209754 3.667357e+00 0.837
N:22 Run:0 0.432291 0.279423 0.281863 0.311136 0.329057 0.352078 0.367155 0.375978 0.409999 0.318269 0.315381 0.342198 0.3019 0.298291 0.239331 0.376506 0.408118 0.348678 0.26849 0.285579 0.295831 3.231219e+00 0.868
N:22 Run:1 0.474901 0.336753 0.265666 0.289145 0.377114 0.404573 0.474063 0.535136 0.4941 0.450342 0.462841 0.547302 0.493298 0.389054 0.422963 0.390177 0.409543 0.384349 0.281712 0.340672 0.326469 3.231219e+00 0.868
N:22 Run:2 0.36421 0.288633 0.236552 0.165142 0.119543 0.108856 0.168469 0.116941 0.175682 0.134966 0.176955 0.146899 0.405077 0.499536 0.364762 0.311224 0.312665 0.331384 0.297139 0.243921 0.33961 3.231219e+00 0.868
N:22 Run:3 0.416116 0.293412 0.144427 0.0790063 0.115216 0.0733451 0.0847718 0.0663075 0.0756559 0.0669024 0.08559 0.0708924 0.26154 0.397019 0.25166 0.311256 0.349926 0.394451 0.34582 0.336122 0.279358 3.231219e+00 0.868
N:22 Run:4 0.398121 0.349651 0.319751 0.349537 0.332335 0.31357 0.32994 0.316487 0.33464 0.38281 0.329925 0.356894 0.35769 0.382708 0.33114 0.260019 0.25783 0.2282 0.276465 0.250053 0.230559 3.231219e+00 0.868
N:22 Run:5 0.430285 0.25372 0.363512 0.340792 0.331233 0.298925 0.27923 0.277887 0.308719 0.280196 0.237671 0.292853 0.3148 0.292292 0.342817 0.362318 0.315203 0.333849 0.335703 0.357958 0.248319 3.231219e+00 0.868
N:22 Run:6 0.425366 0.293382 0.356829 0.398796 0.44454 0.505247 0.435219 0.483102 0.515315 0.513347 0.550928 0.647379 0.618569 0.598461 0.559505 0.500046 0.37161 0.245001 0.313639 0.35716 0.390124 3.231219e+00 0.868
N:22 Run:7 0.39888 0.307655 0.217981 0.347732 0.357268 0.336723 0.447648 0.43981 0.511651 0.467387 0.43534 0.481166 0.505884 0.486533 0.477711 0.363197 0.323013 0.342536 0.322632 0.430349 0.288542 3.231219e+00 0.868
N:22 Run:8 0.483438 0.292597 0.208014 0.126477 0.0762604 0.0890925 0.112714 0.0853779 0.085842 0.0951123 0.106033 0.179855 0.331704 0.470187 0.402945 0.380709 0.367377 0.318598 0.361155 0.331323 0.355975 3.231219e+00 0.868
N:22 Run:9 0.396888 0.275261 0.362203 0.300569 0.317579 0.369989 0.306255 0.27768 0.227366 0.204675 0.255559 0.315618 0.265369 0.262121 0.290125 0.208341 0.205823 0.288019 0.296412 0.225192 0.209754 3.231219e+00 0.868
N:23 Run:0 0.432291 0.279423 0.281863 0.311136 0.329057 0.352078 0.367155 0.375978 0.409999 0.318269 0.315381 0.342198 0.3019 0.298291 0.239331 0.376506 0.408118 0.348678 0.26849 0.285579 0.295831 3.318678e+00 0.888
N:23 Run:1 0.474901 0.336753 0.265666 0.289145 0.377114 0.404573 0.474063 0.535136 0.4941 0.450342 0.462841 0.547302 0.493298 0.389054 0.422963 0.390177 0.409543 0.384349 0.281712 0.340672 0.326469 3.318678e+00 0.888
N:23 Run:2 0.36421 0.288633 0.236552 0.165142 0.119543 0.108856 0.168469 0.116941 0.175682 0.134966 0.176955 0.146899 0.405077 0.499536 0.364762 0.311224 0.312665 0.331384 0.297139 0.243921 0.33961 3.318678e+00 0.888
N:23 Run:3 0.416116 0.293412 0.144427 0.0790063 0.115216 0.0733451 0.0847718 0.0663075 0.0756559 0.0669024 0.08559 0.0708924 0.26154 0.397019 0.25166 0.311256 0.349926 0.394451 0.34582 0.336122 0.279358 3.318678e+00 0.888
N:23 Run:4 0.398121 0.349651 0.319751 0.349537 0.332335 0.31357 0.32994 0.316487 0.33464 0.38281 0.329925 0.356894 0.35769 0.382708 0.33114 0.260019 0.25783 0.2282 0.276465 0.250053 0.230559 3.318678e+00 0.888
N:23 Run:5 0.430285 0.25372 0.363512 0.340792 0.331233 0.298925 0.27923 0.277887 0.308719 0.280196 0.237671 0.292853 0.3148 0.292292 0.342817 0.362318 0.315203 0.333849 0.335703 0.357958 0.248319 3.318678e+00 0.888
N:23 Run:6 0.425366 0.293382 0.356829 0.398796 0.44454 0.505247 0.435219 0.483102 0.515315 0.513347 0.550928 0.647379 0.618569 0.598461 0.559505 0.500046 0.37161 0.245001 0.313639 0.35716 0.390124 3.318678e+00 0.888
N:23 Run:7 0.39888 0.307655 0.217981 0.347732 0.357268 0.336723 0.447648 0.43981 0.511651 0.467387 0.43534 0.481166 0.505884 0.486533 0.477711 0.363197 0.323013 0.342536 0.322632 0.430349 0.288542 3.318678e+00 0.888
N:23 Run:8 0.483438 0.292597 0.208014 0.126477 0.0762604 0.0890925 0.112714 0.0853779 0.085842 0.0951123 0.106033 0.179855 0.331704 0.470187 0.402945 0.380709 0.367377 0.318598 0.361155 0.331323 0.355975 3.318678e+00 0.888
N:23 Run:9 0.396888 0.275261 0.362203 0.300569 0.317579 0.369989 0.306255 0.27768 0.227366 0.204675 0.255559 0.315618 0.265369 0.262121 0.290125 0.208341 0.205823 0.288019 0.296412 0.225192 0.209754 3.318678e+00 0.888
N:24 Run:0 0.432291 0.279423 0.281863 0.311136 0.329057 0.352078 0.367155 0.375978 0.409999 0.318269 0.315381 0.342198 0.3019 0.298291 0.239331 0.376506 0.408118 0.348678 0.26849 0.285579 0.295831 3.672143e+00 0.848
N:24 Run:1 0.474901 0.336753 0.265666 0.289145 0.377114 0.404573 0.474063 0.535136 0.4941 0.450342 0.462841 0.547302 0.493298 0.389054 0.422963 0.390177 0.409543 0.384349 0.281712 0.340672 0.326469 3.672143e+00 0.848
N:24 Run:2 0.36421 0.288633 0.236552 0.165142 0.119543 0.108856 0.168469 0.116941 0.175682 0.134966 0.176955 0.146899 0.405077 0.499536 0.364762 0.311224 0.312665 0.331384 0.297139 0.243921 0.33961 3.672143e+00 0.848
N:24 Run:3 0.416116 0.293412 0.144427 0.0790063 0.115216 0.0733451 0.0847718 0.0663075 0.0756559 0.0669024 0.08559 0.0708924 0.26154 0.397019 0.25166 0.311256 0.349926 0.394451 0.34582 0.336122 0.279358 3.672143e+00 0.848
N:24 Run:4 0.398121 0.349651 0.319751 0.349537 0.332335 0.31357 0.32994 0.316487 0.33464 0.38281 0.329925 0.356894 0.35769 0.382708 0.33114 0.260019 0.25783 0.2282 0.276465 0.250053 0.230559 3.672143e+00 0.848
N:24 Run:5 0.430285 0.25372 0.363512 0.340792 0.331233 0.298925 0.27923 0.277887 0.308719 0.280196 0.237671 0.292853 0.3148 0.292292 0.342817 0.362318 0.315203 0.333849 0.335703 0.357958 0.248319 3.672143e+00 0.848
N:24 Run:6 0.425366 0.293382 0.356829 0.398796 0.44454 0.505247 0.435219 0.483102 0.515315 0.513347 0.550928 0.647379 0.618569 0.598461 0.559505 0.500046 0.37161 0.245001 0.313639 0.35716 0.390124 3.672143e+00 0.848
N:24 Run:7 0.39888 0.307655 0.217981 0.347732 0.357268 0.336723 0.447648 0.43981 0.511651 0.467387 0.43534 0.481166 0.505884 0.486533 0.477711 0.363197 0.323013 0.342536 0.322632 0.430349 0.288542 3.672143e+00 0.848
N:24 Run:8 0.483438 0.292597 0.208014 0.126477 0.0762604 0.0890925 0.112714 0.0853779 0.085842 0.0951123 0.106033 0.179855 0.331704 0.470187 0.402945 0.380709 0.367377 0.318598 0.361155 0.331323 0.355975 3.672143e+00 0.848
N:24 Run:9 0.396888 0.275261 0.362203 0.300569 0.317579 0.369989 0.306255 0.27768 0.227366 0.204675 0.255559 0.315618 0.265369 0.262121 0.290125 0.208341 0.205823 0.288019 0.296412 0.225192 0.209754 3.672143e+00 0.848
N:25 Run:0 0.432291 0.279423 0.281863 0.311136 0.329057 0.352078 0.367155 0.375978 0.409999 0.318269 0.315381 0.342198 0.3019 0.298291 0.239331 0.376506 0.408118 0.348678 0.26849 0.285579 0.295831 3.659114e+00 0.870
N:25 Run:1 0.474901 0.336753 0.265666 0.289145 0.377114 0.404573 0.474063 0.535136 0.4941 0.450342 0.462841 0.547302 0.493298 0.389054 0.422963 0.390177 0.409543 0.384349 0.281712 0.340672 0.326469 3.659114e+00 0.870
N:25 Run:2 0.36421 0.288633 0.236552 0.165142 0.119543 0.108856 0.168469 0.116941 0.175682 0.134966 0.176955 0.146899 0.405077 0.499536 0.364762 0.311224 0.312665 0.331384 0.297139 0.243921 0.33961 3.659114e+00 0.870
N:25 Run:3 0.416116 0.293412 0.144427 0.0790063 0.115216 0.0733451 0.0847718 0.0663075 0.0756559 0.0669024 0.08559 0.0708924 0.26154 0.397019 0.25166 0.311256 0.349926 0.394451 0.34582 0.336122 0.279358 3.659114e+00 0.870
N:25 Run:4 0.398121 0.349651 0.319751 0.349537 0.332335 0.31357 0.32994 0.316487 0.33464 0.38281 0.329925 0.356894 0.35769 0.382708 0.33114 0.260019 0.25783 0.2282 0.276465 0.250053 0.230559 3.659114e+00 0.870
N:25 Run:5 0.430285 0.25372 0.363512 0.340792 0.331233 0.298925 0.27923 0.277887 0.308719 0.280196 0.237671 0.292853 0.3148 0.292292 0.342817 0.362318 0.315203 0.333849 0.335703 0.357958 0.248319 3.659114e+00 0.870
N:25 Run:6 0.425366 0.293382 0.356829 0.398796 0.44454 0.505247 0.435219 0.483102 0.515315 0.513347 0.550928 0.647379 0.618569 0.598461 0.559505 0.500046 0.37161 0.245001 0.313639 0.35716 0.390124 3.659114e+00 0.870
N:25 Run:7 0.39888 0.307655 0.217981 0.347732 0.357268 0.336723 0.447648 0.43981 0.511651 0.467387 0.43534 0.481166 0.505884 0.486533 0.477711 0.363197 0.323013 0.342536 0.322632 0.430349 0.288542 3.659114e+00 0.870
N:25 Run:8 0.483438 0.292597 0.208014 0.126477 0.0762604 0.0890925 0.112714 0.0853779 0.085842 0.0951123 0.106033 0.179855 0.331704 0.470187 0.402945 0.380709 0.367377 0.318598 0.361155 0.331323 0.355975 3.659114e+00 0.870
N:25 Run:9 0.396888 0.275261 0.362203 0.300569 0.317579 0.369989 0.306255 0.27768 0.227366 0.204675 0.255559 0.315618 0.265369 0.262121 0.290125 0.208341 0.205823 0.288019 0.296412 0.225192 0.209754 3.659114e+00 0.870
N:26 Run:0 0.432291 0.279423 0.281863 0.311136 0.329057 0.352078 0.367155 0.375978 0.409999 0.318269 0.315381 0.342198 0.3019 0.298291 0.239331 0.376506 0.408118 0.348678 0.26849 0.285579 0.295831 3.826624e+00 0.883
N:26 Run:1 0.474901 0.336753 0.265666 0.289145 0.377114 0.404573 0.474063 0.535136 0.4941 0.450342 0.462841 0.547302 0.493298 0.389054 0.422963 0.390177 0.409543 0.384349 0.281712 0.340672 0.326469 3.826624e+00 0.883
N:26 Run:2 0.36421 0.288633 0.236552 0.165142 0.119543 0.108856 0.168469 0.116941 0.175682 0.134966 0.176955 0.146899 0.405077 0.499536 0.364762 0.311224 0.312665 0.331384 0.297139 0.243921 0.33961 3.826624e+00 0.883
N:26 Run:3 0.416116 0.293412 0.144427 0.0790063 0.115216 0.0733451 0.0847718 0.0663075 0.0756559 0.0669024 0.08559 0.0708924 0.26154 0.397019 0.25166 0.311256 0.349926 0.394451 0.34582 0.336122 0.279358 3.826624e+00 0.883
N:26 Run:4 0.398121 0.349651 0.319751 0.349537 0.332335 0.31357 0.32994 0.316487 0.33464 0.38281 0.329925 0.356894 0.35769 0.382708 0.33114 0.260019 0.25783 0.2282 0.276465 0.250053 0.230559 3.826624e+00 0.883
N:26 Run:5 0.430285 0.25372 0.363512 0.340792 0.331233 0.298925 0.27923 0.277887 0.308719 0.280196 0.237671 0.292853 0.3148 0.292292 0.342817 0.362318 0.315203 0.333849 0.335703 0.357958 0.248319 3.826624e+00 0.883
N:26 Run:6 0.425366 0.293382 0.356829 0.398796 0.44454 0.505247 0.435219 0.483102 0.515315 0.513347 0.550928 0.647379 0.618569 0.598461 0.559505 0.500046 0.37161 0.245001 0.313639 0.35716 0.390124 3.826624e+00 0.883
N:26 Run:7 0.39888 0.307655 0.217981 0.347732 0.357268 0.336723 0.447648 0.43981 0.511651 0.467387 0.43534 0.481166 0.505884 0.486533 0.477711 0.363197 0.323013 0.342536 0.322632 0.430349 0.288542 3.826624e+00 0.883
N:26 Run:8 0.483438 0.292597 0.208014 0.126477 0.0762604 0.0890925 0.112714 0.0853779 0.085842 0.0951123 0.106033 0.179855 0.331704 0.470187 0.402945 0.380709 0.367377 0.318598 0.361155 0.331323 0.355975 3.826624e+00 0.883
N:26 Run:9 0.396888 0.275261 0.362203 0.300569 0.317579 0.369989 0.306255 0.27768 0.227366 0.204675 0.255559 0.315618 0.265369 0.262121 0.290125 0.208341 0.205823 0.288019 0.296412 0.225192 0.209754 3.826624e+00 0.883
N:27 Run:0 0.432291 0.279423 0.281863 0.311136 0.329057 0.352078 0.367155 0.375978 0.409999 0.318269 0.315381 0.342198 0.3019 0.298291 0.239331 0.376506 0.408118 0.348678 0.26849 0.285579 0.295831 3.414129e+00 0.860
N:27 Run:1 0.474901 0.336753 0.265666 0.289145 0.377114 0.404573 0.474063 0.535136 0.4941 0.450342 0.462841 0.547302 0.493298 0.389054 0.422963 0.390177 0.409543 0.384349 0.281712 0.340672 0.326469 3.414129e+00 0.860
N:27 Run:2 0.36421 0.288633 0.236552 0.165142 0.119543 0.108856 0.168469 0.116941 0.175682 0.134966 0.176955 0.146899 0.405077 0.499536 0.364762 0.311224 0.312665 0.331384 0.297139 0.243921 0.33961 3.414129e+00 0.860
N:27 Run:3 0.416116 0.293412 0.144427 0.0790063 0.115216 0.0733451 0.0847718 0.0663075 0.0756559 0.0669024 0.08559 0.0708924 0.26154 0.397019 0.25166 0.311256 0.349926 0.394451 0.34582 0.336122 0.279358 3.414129e+00 0.860
N:27 Run:4 0.398121 0.349651 0.319751 0.349537 0.332335 0.31357 0.32994 0.316487 0.33464 0.38281 0.329925 0.356894 0.35769 0.382708 0.33114 0.260019 0.25783 0.2282 0.276465 0.250053 0.230559 3.414129e+00 0.860
N:27 Run:5 0.430285 0.25372 0.363512 0.340792 0.331233 0.298925 0.27923 0.277887 0.308719 0.280196 0.237671 0.292853 0.3148 0.292292 0.342817 0.362318 0.315203 0.333849 0.335703 0.357958 0.248319 3.414129e+00 0.860
N:27 Run:6 0.425366 0.293382 0.356829 0.398796 0.44454 0.505247 0.435219 0.483102 0.515315 0.513347 0.550928 0.647379 0.618569 0.598461 0.559505 0.500046 0.37161 0.245001 0.313639 0.35716 0.390124 3.414129e+00 0.860
N:27 Run:7 0.39888 0.307655 0.217981 0.347732 0.357268 0.336723 0.447648 0.43981 0.511651 0.467387 0.43534 0.481166 0.505884 0.486533 0.477711 0.363197 0.323013 0.342536 0.322632 0.430349 0.288542 3.414129e+00 0.860
N:27 Run:8 0.483438 0.292597 0.208014 0.126477 0.0762604 0.0890925 0.112714 0.0853779 0.085842 0.0951123 0.106033 0.179855 0.331704 0.470187 0.402945 0.380709 0.367377 0.318598 0.361155 0.331323 0.355975 3.414129e+00 0.860
N:27 Run:9 0.396888 0.275261 0.362203 0.300569 0.317579 0.369989 0.306255 0.27768 0.227366 0.204675 0.255559 0.315618 0.265369 0.262121 0.290125 0.208341 0.205823 0.288019 0.296412 0.225192 0.209754 3.414129e+00 0.860
N:28 Run:0 0.432291 0.279423 0.281863 0.311136 0.329057 0.352078 0.367155 0.375978 0.409999 0.318269 0.315381 0.342198 0.3019 0.298291 0.239331 0.376506 0.408118 0.348678 0.26849 0.285579 0.295831 3.380188e+00 0.865
N:28 Run:1 0.474901 0.336753 0.265666 0.289145 0.377114 0.404573 0.474063 0.535136 0.4941 0.450342 0.462841 0.547302 0.493298 0.389054 0.422963 0.390177 0.409543 0.384349 0.281712 0.340672 0.326469 3.380188e+00 0.865
N:28 Run:2 0.36421 0.288633 0.236552 0.165142 0.119543 0.108856 0.168469 0.116941 0.175682 0.134966 0.176955 0.146899 0.405077 0.499536 0.364762 0.311224 0.312665 0.331384 0.297139 0.243921 0.33961 3.380188e+00 0.865
N:28 Run:3 0.416116 0.293412 0.144427 0.0790063 0.115216 0.0733451 0.0847718 0.0663075 0.0756559 0.0669024 0.08559 0.0708924 0.26154 0.397019 0.25166 0.311256 0.349926 0.394451 0.34582 0.336122 0.279358 3.380188e+00 0.865
N:28 Run:4 0.398121 0.349651 0.319751 0.349537 0.332335 0.31357 0.32994 0.316487 0.33464 0.38281 0.329925 0.356894 0.35769 0.382708 0.33114 0.260019 0.25783 0.2282 0.276465 0.250053 0.230559 3.380188e+00 0.865
N:28 Run:5 0.430285 0.25372 0.363512 0.340792 0.331233 0.298925 0.27923 0.277887 0.308719 0.280196 0.237671 0.292853 0.3148 0.292292 0.342817 0.362318 0.315203 0.333849 0.335703 0.357958 0.248319 3.380188e+00 0.865
N:28 Run:6 0.425366 0.293382 0.356829 0.398796 0.44454 0.505247 0.435219 0.483102 0.515315 0.513347 0.550928 0.647379 0.618569 0.598461 0.559505 0.500046 0.37161 0.245001 0.313639 0.35716 0.390124 3.380188e+00 0.865
N:28 Run:7 0.39888 0.307655 0.217981 0.347732 0.357268 0.336723 0.447648 0.43981 0.511651 0.467387 0.43534 0.481166 0.505884 0.486533 0.477711 0.363197 0.323013 0.342536 0.322632 0.430349 0.288542 3.380188e+00 0.865
N:28 Run:8 0.483438 0.292597 0.208014 0.126477 0.0762604 0.0890925 0.112714 0.0853779 0.085842 0.0951123 0.106033 0.179855 0.331704 0.470187 0.402945 0.380709 0.367377 0.318598 0.361155 0.331323 0.355975 3.380188e+00 0.865
N:28 Run:9 0.396888 0.275261 0.362203 0.300569 0.317579 0.369989 0.306255 0.27768 0.227366 0.204675 0.255559 0.315618 0.265369 0.262121 0.290125 0.208341 0.205823 0.288019 0.296412 0.225192 0.209754 3.380188e+00 0.865
N:29 Run:0 0.432291 0.279423 0.281863 0.311136 0.329057 0.352078 0.367155 0.375978 0.409999 0.318269 0.315381 0.342198 0.3019 0.298291 0.239331 0.376506 0.408118 0.348678 0.26849 0.285579 0.295831 3.734438e+00 0.898
N:29 Run:1 0.474901 0.336753 0.265666 0.289145 0.377114 0.404573 0.474063 0.535136 0.4941 0.450342 0.462841 0.547302 0.493298 0.389054 0.422963 0.390177 0.409543 0.384349 0.281712 0.340672 0.326469 3.734438e+00 0.898
N:29 Run:2 0.36421 0.288633 0.236552 0.165142 0.119543 0.108856 0.168469 0.116941 0.175682 0.134966 0.176955 0.146899 0.405077 0.499536 0.364762 0.311224 0.312665 0.331384 0.297139 0.243921 0.33961 3.734438e+00 0.898
N:29 Run:3 0.416116 0.293412 0.144427 0.0790063 0.115216 0.0733451 0.0847718 0.0663075 0.0756559 0.0669024 0.08559 0.0708924 0.26154 0.397019 0.25166 0.311256 0.349926 0.394451 0.34582 0.336122 0.279358 3.734438e+00 0.898
N:29 Run:4 0.398121 0.349651 0.319751 0.349537 0.332335 0.31357 0.32994 0.316487 0.33464 0.38281 0.329925 0.356894 0.35769 0.382708 0.33114 0.260019 0.25783 0.2282 0.276465 0.250053 0.230559 3.734438e+00 0.898
N:29 Run:5 0.430285 0.25372 0.363512 0.340792 0.331233 0.298925 0.27923 0.277887 0.308719 0.280196 0.237671 0.292853 0.3148 0.292292 0.342817 0.362318 0.315203 0.333849 0.335703 0.357958 0.248319 3.734438e+00 0.898
N:29 Run:6 0.425366 0.293382 0.356829 0.398796 0.44454 0.505247 0.435219 0.483102 0.515315 0.513347 0.550928 0.647379 0.618569 0.598461 0.559505 0.500046 0.37161 0.245001 0.313639 0.35716 0.390124 3.734438e+00 0.898
N:29 Run:7 0.39888 0.307655 0.217981 0.347732 0.357268 0.336723 0.447648 0.43981 0.511651 0.467387 0.43534 0.481166 0.505884 0.486533 0.477711 0.363197 0.323013 0.342536 0.322632 0.430349 0.288542 3.734438e+00 0.898
N:29 Run:8 0.483438 0.292597 0.208014 0.126477 0.0762604 0.0890925 0.112714 0.0853779 0.085842 0.0951123 0.106033 0.179855 0.331704 0.470187 0.402945 0.380709 0.367377 0.318598 0.361155 0.331323 0.355975 3.734438e+00 0.898
N:29 Run:9 0.396888 0.275261 0.362203 0.300569 0.317579 0.369989 0.306255 0.27768 0.227366 0.204675 0.255559 0.315618 0.265369 0.262121 0.290125 0.208341 0.205823 0.288019 0.296412 0.225192 0.209754 3.734438e+00 0.898
