Seed:1583568704
N:0 Run:0 0.649789 0.607331 0.628547 0.593055 0.583816 0.617265 0.353694 0.153528 0.139288 0.0714124 0.0780719 0.0632788 0.0524723 0.0567852 0.0906282 0.214287 0.47303 0.569255 0.618164 0.645441 0.625942 4.568927e+00 0.985
N:0 Run:1 0.637617 0.647937 0.494043 0.517495 0.157168 0.0353415 0.00794811 0.0018519 0.000501642 0.000202431 0.000134742 0.000119727 0.01393 0.0281713 0.314418 0.494907 0.571827 0.589102 0.620224 0.627665 0.667823 4.568927e+00 0.985
N:0 Run:2 0.604174 0.596863 0.498252 0.373785 0.330407 0.30761 0.12836 0.0298052 0.00674225 0.00159375 0.000443217 0.000188109 0.0144729 0.0589166 0.0449458 0.102692 0.268259 0.480606 0.644636 0.612728 0.629716 4.568927e+00 0.985
N:0 Run:3 0.598402 0.643652 0.569609 0.447967 0.115297 0.0291764 0.00659626 0.00155544 0.000436454 0.000187221 0.000131355 0.000118975 0.00636042 0.0333102 0.289591 0.522682 0.611969 0.613385 0.615064 0.601969 0.64429 4.568927e+00 0.985
N:0 Run:4 0.626639 0.681503 0.648708 0.616119 0.449931 0.334492 0.180514 0.123827 0.0749364 0.0873983 0.0385455 0.0414987 0.0376306 0.123014 0.392633 0.54195 0.583422 0.632046 0.620713 0.661281 0.622501 4.568927e+00 0.985
N:0 Run:5 0.707484 0.644873 0.523257 0.430615 0.367208 0.453529 0.391361 0.275436 0.0929285 0.0217495 0.00511233 0.00122634 0.0336215 0.108901 0.291756 0.479255 0.617925 0.61279 0.626675 0.63016 0.65761 4.568927e+00 0.985
N:0 Run:6 0.674882 0.638709 0.599248 0.607695 0.593945 0.630219 0.603706 0.585806 0.371511 0.202754 0.0715558 0.0467136 0.0708099 0.0697165 0.073076 0.347944 0.534443 0.595048 0.576371 0.610122 0.658165 4.568927e+00 0.985
N:0 Run:7 0.509579 0.589648 0.625171 0.63967 0.600709 0.575129 0.569798 0.636018 0.540073 0.442712 0.273517 0.186134 0.119053 0.150901 0.333506 0.464601 0.572771 0.597052 0.605647 0.606632 0.641177 4.568927e+00 0.985
N:0 Run:8 0.577638 0.608249 0.277641 0.0864581 0.0194004 0.00439096 0.00106329 0.000325574 0.000162047 0.000125774 0.000117732 0.000115996 0.00606283 0.057277 0.352064 0.560367 0.600941 0.58454 0.576439 0.586845 0.609557 4.568927e+00 0.985
N:0 Run:9 0.61142 0.596228 0.458836 0.293082 0.232777 0.148691 0.132416 0.106473 0.132355 0.127487 0.117827 0.0277654 0.0345452 0.0964936 0.331946 0.476929 0.597852 0.617426 0.641215 0.646545 0.648567 4.568927e+00 0.985
N:1 Run:0 0.649789 0.608512 0.649759 0.601997 0.586821 0.624795 0.346509 0.153382 0.13418 0.0725005 0.0772006 0.063563 0.0534465 0.0572127 0.0875027 0.195907 0.467198 0.573994 0.636766 0.66178 0.644861 4.508818e+00 0.987
N:1 Run:1 0.637617 0.662839 0.473578 0.488595 0.158607 0.0382904 0.00915821 0.0022088 0.000569455 0.000182094 0.0001 0.0001 0.0153488 0.0303649 0.295277 0.487371 0.567586 0.587156 0.642538 0.635687 0.663233 4.508818e+00 0.987
N:1 Run:2 0.604174 0.597908 0.474114 0.346123 0.300025 0.280207 0.125098 0.0315717 0.00761299 0.00186843 0.00048477 0.000157284 0.0160783 0.0578948 0.0464449 0.0977581 0.246029 0.471758 0.660743 0.627806 0.65232 4.508818e+00 0.987
N:1 Run:3 0.598402 0.644247 0.550051 0.420799 0.117807 0.032768 0.00788343 0.00191758 0.000502148 0.000163748 0.0001 0.0001 0.00773468 0.0349648 0.263587 0.510804 0.618683 0.622669 0.622909 0.608529 0.650892 4.508818e+00 0.987
N:1 Run:4 0.626639 0.710375 0.672699 0.64082 0.441129 0.315393 0.173153 0.120028 0.0759605 0.0855562 0.0411772 0.0438421 0.0400851 0.115086 0.364631 0.534708 0.587776 0.648982 0.635373 0.67951 0.62851 4.508818e+00 0.987
N:1 Run:5 0.707484 0.662903 0.507806 0.404348 0.338015 0.417526 0.360107 0.253832 0.0936262 0.0238541 0.00607046 0.00148825 0.0347204 0.102486 0.265523 0.466651 0.613802 0.614825 0.638907 0.646902 0.674797 4.508818e+00 0.987
N:1 Run:6 0.674882 0.651059 0.607225 0.624325 0.609732 0.648495 0.625325 0.592372 0.362073 0.198301 0.0745346 0.0489649 0.069938 0.0690699 0.0724895 0.323992 0.529661 0.606536 0.578677 0.614167 0.675655 4.508818e+00 0.987
N:1 Run:7 0.509579 0.594934 0.638642 0.648867 0.616983 0.585978 0.575656 0.648505 0.531363 0.423164 0.258824 0.177984 0.115855 0.141694 0.312692 0.440302 0.573481 0.603427 0.620209 0.630639 0.658935 4.508818e+00 0.987
N:1 Run:8 0.577638 0.612459 0.274792 0.0918002 0.0220474 0.00525811 0.00128626 0.000346848 0.000124761 0.0001 0.0001 0.0001 0.00734285 0.0564521 0.330619 0.547807 0.607745 0.603576 0.587479 0.59723 0.630599 4.508818e+00 0.987
N:1 Run:9 0.61142 0.602174 0.437667 0.274341 0.21561 0.141568 0.126114 0.103383 0.124957 0.121053 0.112814 0.0291039 0.0367696 0.092166 0.309501 0.451764 0.606433 0.636151 0.65754 0.665245 0.666191 4.508818e+00 0.987
N:2 Run:0 0.649789 0.608512 0.649759 0.601997 0.586821 0.624795 0.346509 0.153382 0.13418 0.0725005 0.0772006 0.063563 0.0534465 0.0572127 0.0875027 0.195907 0.467198 0.573994 0.636766 0.66178 0.644861 4.531402e+00 0.981
N:2 Run:1 0.637617 0.662839 0.473578 0.488595 0.158607 0.0382904 0.00915821 0.0022088 0.000569455 0.000182094 0.0001 0.0001 0.0153488 0.0303649 0.295277 0.487371 0.567586 0.587156 0.642538 0.635687 0.663233 4.531402e+00 0.981
N:2 Run:2 0.604174 0.597908 0.474114 0.346123 0.300025 0.280207 0.125098 0.0315717 0.00761299 0.00186843 0.00048477 0.000157284 0.0160783 0.0578948 0.0464449 0.0977581 0.246029 0.471758 0.660743 0.627806 0.65232 4.531402e+00 0.981
N:2 Run:3 0.598402 0.644247 0.550051 0.420799 0.117807 0.032768 0.00788343 0.00191758 0.000502148 0.000163748 0.0001 0.0001 0.00773468 0.0349648 0.263587 0.510804 0.618683 0.622669 0.622909 0.608529 0.650892 4.531402e+00 0.981
N:2 Run:4 0.626639 0.710375 0.672699 0.64082 0.441129 0.315393 0.173153 0.120028 0.0759605 0.0855562 0.0411772 0.0438421 0.0400851 0.115086 0.364631 0.534708 0.587776 0.648982 0.635373 0.67951 0.62851 4.531402e+00 0.981
N:2 Run:5 0.707484 0.662903 0.507806 0.404348 0.338015 0.417526 0.360107 0.253832 0.0936262 0.0238541 0.00607046 0.00148825 0.0347204 0.102486 0.265523 0.466651 0.613802 0.614825 0.638907 0.646902 0.674797 4.531402e+00 0.981
N:2 Run:6 0.674882 0.651059 0.607225 0.624325 0.609732 0.648495 0.625325 0.592372 0.362073 0.198301 0.0745346 0.0489649 0.069938 0.0690699 0.0724895 0.323992 0.529661 0.606536 0.578677 0.614167 0.675655 4.531402e+00 0.981
N:2 Run:7 0.509579 0.594934 0.638642 0.648867 0.616983 0.585978 0.575656 0.648505 0.531363 0.423164 0.258824 0.177984 0.115855 0.141694 0.312692 0.440302 0.573481 0.603427 0.620209 0.630639 0.658935 4.531402e+00 0.981
N:2 Run:8 0.577638 0.612459 0.274792 0.0918002 0.0220474 0.00525811 0.00128626 0.000346848 0.000124761 0.0001 0.0001 0.0001 0.00734285 0.0564521 0.330619 0.547807 0.607745 0.603576 0.587479 0.59723 0.630599 4.531402e+00 0.981
N:2 Run:9 0.61142 0.602174 0.437667 0.274341 0.21561 0.141568 0.126114 0.103383 0.124957 0.121053 0.112814 0.0291039 0.0367696 0.092166 0.309501 0.451764 0.606433 0.636151 0.65754 0.665245 0.666191 4.531402e+00 0.981
N:3 Run:0 0.649789 0.610106 0.640304 0.601861 0.589191 0.620882 0.362355 0.162171 0.141794 0.0748767 0.0791665 0.0659888 0.0555097 0.0592579 0.0903275 0.20303 0.469192 0.571783 0.627343 0.650815 0.637023 4.422443e+00 0.986
N:3 Run:1 0.637617 0.653628 0.483283 0.498336 0.163421 0.0410931 0.0102516 0.00255284 0.000640021 0.000164524 0.0001 0.0001 0.0146078 0.0280984 0.304319 0.491755 0.568748 0.588382 0.632595 0.630279 0.654819 4.422443e+00 0.986
N:3 Run:2 0.604174 0.598877 0.485283 0.357698 0.306711 0.289515 0.127065 0.032974 0.00825971 0.00206994 0.000518231 0.000132273 0.0149135 0.0609543 0.0468552 0.0981325 0.255268 0.476066 0.643035 0.621481 0.641883 4.422443e+00 0.986
N:3 Run:3 0.598402 0.637936 0.556419 0.434437 0.123099 0.0341788 0.00855054 0.00213423 0.000536679 0.000137759 0.0001 0.0001 0.0067208 0.0324401 0.270283 0.510367 0.610752 0.617999 0.619471 0.60764 0.643335 4.422443e+00 0.986
N:3 Run:4 0.626639 0.689113 0.659995 0.632927 0.455241 0.330172 0.181892 0.123639 0.0747472 0.0872447 0.0408122 0.0419109 0.0384264 0.115312 0.371198 0.535173 0.586468 0.638846 0.629295 0.665817 0.625169 4.422443e+00 0.986
N:3 Run:5 0.707484 0.656822 0.5183 0.418767 0.350612 0.427724 0.373211 0.262822 0.0946278 0.0246955 0.00638118 0.00159466 0.0327988 0.102243 0.273253 0.472183 0.607144 0.611978 0.632197 0.638838 0.662321 4.422443e+00 0.986
N:3 Run:6 0.674882 0.646163 0.607447 0.619711 0.607419 0.639592 0.619848 0.593658 0.379211 0.214393 0.080367 0.0517991 0.0741496 0.0732525 0.0732531 0.332455 0.529239 0.600946 0.581081 0.611886 0.662091 4.422443e+00 0.986
N:3 Run:7 0.509579 0.591318 0.630657 0.641325 0.613722 0.587692 0.579027 0.639802 0.540111 0.439342 0.272948 0.191621 0.12354 0.147443 0.325185 0.450938 0.572171 0.601248 0.61574 0.62334 0.648604 4.422443e+00 0.986
N:3 Run:8 0.577638 0.609711 0.283994 0.094337 0.0236289 0.00587984 0.00146562 0.000367874 0.0001 0.0001 0.0001 0.0001 0.00647428 0.0548179 0.338419 0.545609 0.602944 0.600262 0.588415 0.596951 0.623604 4.422443e+00 0.986
N:3 Run:9 0.61142 0.602367 0.450201 0.283776 0.221772 0.143394 0.125 0.100909 0.124419 0.119585 0.110868 0.029179 0.0347192 0.0904232 0.318781 0.46042 0.598769 0.627328 0.647399 0.654157 0.655405 4.422443e+00 0.986
N:4 Run:0 0.649789 0.610106 0.640304 0.601861 0.589191 0.620882 0.362355 0.162171 0.141794 0.0748767 0.0791665 0.0659888 0.0555097 0.0592579 0.0903275 0.20303 0.469192 0.571783 0.627343 0.650815 0.637023 4.652468e+00 0.982
N:4 Run:1 0.637617 0.653628 0.483283 0.498336 0.163421 0.0410931 0.0102516 0.00255284 0.000640021 0.000164524 0.0001 0.0001 0.0146078 0.0280984 0.304319 0.491755 0.568748 0.588382 0.632595 0.630279 0.654819 4.652468e+00 0.982
N:4 Run:2 0.604174 0.598877 0.485283 0.357698 0.306711 0.289515 0.127065 0.032974 0.00825971 0.00206994 0.000518231 0.000132273 0.0149135 0.0609543 0.0468552 0.0981325 0.255268 0.476066 0.643035 0.621481 0.641883 4.652468e+00 0.982
N:4 Run:3 0.598402 0.637936 0.556419 0.434437 0.123099 0.0341788 0.00855054 0.00213423 0.000536679 0.000137759 0.0001 0.0001 0.0067208 0.0324401 0.270283 0.510367 0.610752 0.617999 0.619471 0.60764 0.643335 4.652468e+00 0.982
N:4 Run:4 0.626639 0.689113 0.659995 0.632927 0.455241 0.330172 0.181892 0.123639 0.0747472 0.0872447 0.0408122 0.0419109 0.0384264 0.115312 0.371198 0.535173 0.586468 0.638846 0.629295 0.665817 0.625169 4.652468e+00 0.982
N:4 Run:5 0.707484 0.656822 0.5183 0.418767 0.350612 0.427724 0.373211 0.262822 0.0946278 0.0246955 0.00638118 0.00159466 0.0327988 0.102243 0.273253 0.472183 0.607144 0.611978 0.632197 0.638838 0.662321 4.652468e+00 0.982
N:4 Run:6 0.674882 0.646163 0.607447 0.619711 0.607419 0.639592 0.619848 0.593658 0.379211 0.214393 0.080367 0.0517991 0.0741496 0.0732525 0.0732531 0.332455 0.529239 0.600946 0.581081 0.611886 0.662091 4.652468e+00 0.982
N:4 Run:7 0.509579 0.591318 0.630657 0.641325 0.613722 0.587692 0.579027 0.639802 0.540111 0.439342 0.272948 0.191621 0.12354 0.147443 0.325185 0.450938 0.572171 0.601248 0.61574 0.62334 0.648604 4.652468e+00 0.982
N:4 Run:8 0.577638 0.609711 0.283994 0.094337 0.0236289 0.00587984 0.00146562 0.000367874 0.0001 0.0001 0.0001 0.0001 0.00647428 0.0548179 0.338419 0.545609 0.602944 0.600262 0.588415 0.596951 0.623604 4.652468e+00 0.982
N:4 Run:9 0.61142 0.602367 0.450201 0.283776 0.221772 0.143394 0.125 0.100909 0.124419 0.119585 0.110868 0.029179 0.0347192 0.0904232 0.318781 0.46042 0.598769 0.627328 0.647399 0.654157 0.655405 4.652468e+00 0.982
N:5 Run:0 0.649789 0.610106 0.640304 0.601861 0.589191 0.620882 0.362355 0.162171 0.141794 0.0748767 0.0791665 0.0659888 0.0555097 0.0592579 0.0903275 0.20303 0.469192 0.571783 0.627343 0.650815 0.637023 4.640155e+00 0.982
N:5 Run:1 0.637617 0.653628 0.483283 0.498336 0.163421 0.0410931 0.0102516 0.00255284 0.000640021 0.000164524 0.0001 0.0001 0.0146078 0.0280984 0.304319 0.491755 0.568748 0.588382 0.632595 0.630279 0.654819 4.640155e+00 0.982
N:5 Run:2 0.604174 0.598877 0.485283 0.357698 0.306711 0.289515 0.127065 0.032974 0.00825971 0.00206994 0.000518231 0.000132273 0.0149135 0.0609543 0.0468552 0.0981325 0.255268 0.476066 0.643035 0.621481 0.641883 4.640155e+00 0.982
N:5 Run:3 0.598402 0.637936 0.556419 0.434437 0.123099 0.0341788 0.00855054 0.00213423 0.000536679 0.000137759 0.0001 0.0001 0.0067208 0.0324401 0.270283 0.510367 0.610752 0.617999 0.619471 0.60764 0.643335 4.640155e+00 0.982
N:5 Run:4 0.626639 0.689113 0.659995 0.632927 0.455241 0.330172 0.181892 0.123639 0.0747472 0.0872447 0.0408122 0.0419109 0.0384264 0.115312 0.371198 0.535173 0.586468 0.638846 0.629295 0.665817 0.625169 4.640155e+00 0.982
N:5 Run:5 0.707484 0.656822 0.5183 0.418767 0.350612 0.427724 0.373211 0.262822 0.0946278 0.0246955 0.00638118 0.00159466 0.0327988 0.102243 0.273253 0.472183 0.607144 0.611978 0.632197 0.638838 0.662321 4.640155e+00 0.982
N:5 Run:6 0.674882 0.646163 0.607447 0.619711 0.607419 0.639592 0.619848 0.593658 0.379211 0.214393 0.080367 0.0517991 0.0741496 0.0732525 0.0732531 0.332455 0.529239 0.600946 0.581081 0.611886 0.662091 4.640155e+00 0.982
N:5 Run:7 0.509579 0.591318 0.630657 0.641325 0.613722 0.587692 0.579027 0.639802 0.540111 0.439342 0.272948 0.191621 0.12354 0.147443 0.325185 0.450938 0.572171 0.601248 0.61574 0.62334 0.648604 4.640155e+00 0.982
N:5 Run:8 0.577638 0.609711 0.283994 0.094337 0.0236289 0.00587984 0.00146562 0.000367874 0.0001 0.0001 0.0001 0.0001 0.00647428 0.0548179 0.338419 0.545609 0.602944 0.600262 0.588415 0.596951 0.623604 4.640155e+00 0.982
N:5 Run:9 0.61142 0.602367 0.450201 0.283776 0.221772 0.143394 0.125 0.100909 0.124419 0.119585 0.110868 0.029179 0.0347192 0.0904232 0.318781 0.46042 0.598769 0.627328 0.647399 0.654157 0.655405 4.640155e+00 0.982
N:6 Run:0 0.649789 0.610106 0.640304 0.601861 0.589191 0.620882 0.362355 0.162171 0.141794 0.0748767 0.0791665 0.0659888 0.0555097 0.0592579 0.0903275 0.20303 0.469192 0.571783 0.627343 0.650815 0.637023 4.453118e+00 0.986
N:6 Run:1 0.637617 0.653628 0.483283 0.498336 0.163421 0.0410931 0.0102516 0.00255284 0.000640021 0.000164524 0.0001 0.0001 0.0146078 0.0280984 0.304319 0.491755 0.568748 0.588382 0.632595 0.630279 0.654819 4.453118e+00 0.986
N:6 Run:2 0.604174 0.598877 0.485283 0.357698 0.306711 0.289515 0.127065 0.032974 0.00825971 0.00206994 0.000518231 0.000132273 0.0149135 0.0609543 0.0468552 0.0981325 0.255268 0.476066 0.643035 0.621481 0.641883 4.453118e+00 0.986
N:6 Run:3 0.598402 0.637936 0.556419 0.434437 0.123099 0.0341788 0.00855054 0.00213423 0.000536679 0.000137759 0.0001 0.0001 0.0067208 0.0324401 0.270283 0.510367 0.610752 0.617999 0.619471 0.60764 0.643335 4.453118e+00 0.986
N:6 Run:4 0.626639 0.689113 0.659995 0.632927 0.455241 0.330172 0.181892 0.123639 0.0747472 0.0872447 0.0408122 0.0419109 0.0384264 0.115312 0.371198 0.535173 0.586468 0.638846 0.629295 0.665817 0.625169 4.453118e+00 0.986
N:6 Run:5 0.707484 0.656822 0.5183 0.418767 0.350612 0.427724 0.373211 0.262822 0.0946278 0.0246955 0.00638118 0.00159466 0.0327988 0.102243 0.273253 0.472183 0.607144 0.611978 0.632197 0.638838 0.662321 4.453118e+00 0.986
N:6 Run:6 0.674882 0.646163 0.607447 0.619711 0.607419 0.639592 0.619848 0.593658 0.379211 0.214393 0.080367 0.0517991 0.0741496 0.0732525 0.0732531 0.332455 0.529239 0.600946 0.581081 0.611886 0.662091 4.453118e+00 0.986
N:6 Run:7 0.509579 0.591318 0.630657 0.641325 0.613722 0.587692 0.579027 0.639802 0.540111 0.439342 0.272948 0.191621 0.12354 0.147443 0.325185 0.450938 0.572171 0.601248 0.61574 0.62334 0.648604 4.453118e+00 0.986
N:6 Run:8 0.577638 0.609711 0.283994 0.094337 0.0236289 0.00587984 0.00146562 0.000367874 0.0001 0.0001 0.0001 0.0001 0.00647428 0.0548179 0.338419 0.545609 0.602944 0.600262 0.588415 0.596951 0.623604 4.453118e+00 0.986
N:6 Run:9 0.61142 0.602367 0.450201 0.283776 0.221772 0.143394 0.125 0.100909 0.124419 0.119585 0.110868 0.029179 0.0347192 0.0904232 0.318781 0.46042 0.598769 0.627328 0.647399 0.654157 0.655405 4.453118e+00 0.986
N:7 Run:0 0.649789 0.610106 0.640304 0.601861 0.589191 0.620882 0.362355 0.162171 0.141794 0.0748767 0.0791665 0.0659888 0.0555097 0.0592579 0.0903275 0.20303 0.469192 0.571783 0.627343 0.650815 0.637023 4.473699e+00 0.989
N:7 Run:1 0.637617 0.653628 0.483283 0.498336 0.163421 0.0410931 0.0102516 0.00255284 0.000640021 0.000164524 0.0001 0.0001 0.0146078 0.0280984 0.304319 0.491755 0.568748 0.588382 0.632595 0.630279 0.654819 4.473699e+00 0.989
N:7 Run:2 0.604174 0.598877 0.485283 0.357698 0.306711 0.289515 0.127065 0.032974 0.00825971 0.00206994 0.000518231 0.000132273 0.0149135 0.0609543 0.0468552 0.0981325 0.255268 0.476066 0.643035 0.621481 0.641883 4.473699e+00 0.989
N:7 Run:3 0.598402 0.637936 0.556419 0.434437 0.123099 0.0341788 0.00855054 0.00213423 0.000536679 0.000137759 0.0001 0.0001 0.0067208 0.0324401 0.270283 0.510367 0.610752 0.617999 0.619471 0.60764 0.643335 4.473699e+00 0.989
N:7 Run:4 0.626639 0.689113 0.659995 0.632927 0.455241 0.330172 0.181892 0.123639 0.0747472 0.0872447 0.0408122 0.0419109 0.0384264 0.115312 0.371198 0.535173 0.586468 0.638846 0.629295 0.665817 0.625169 4.473699e+00 0.989
N:7 Run:5 0.707484 0.656822 0.5183 0.418767 0.350612 0.427724 0.373211 0.262822 0.0946278 0.0246955 0.00638118 0.00159466 0.0327988 0.102243 0.273253 0.472183 0.607144 0.611978 0.632197 0.638838 0.662321 4.473699e+00 0.989
N:7 Run:6 0.674882 0.646163 0.607447 0.619711 0.607419 0.639592 0.619848 0.593658 0.379211 0.214393 0.080367 0.0517991 0.0741496 0.0732525 0.0732531 0.332455 0.529239 0.600946 0.581081 0.611886 0.662091 4.473699e+00 0.989
N:7 Run:7 0.509579 0.591318 0.630657 0.641325 0.613722 0.587692 0.579027 0.639802 0.540111 0.439342 0.272948 0.191621 0.12354 0.147443 0.325185 0.450938 0.572171 0.601248 0.61574 0.62334 0.648604 4.473699e+00 0.989
N:7 Run:8 0.577638 0.609711 0.283994 0.094337 0.0236289 0.00587984 0.00146562 0.000367874 0.0001 0.0001 0.0001 0.0001 0.00647428 0.0548179 0.338419 0.545609 0.602944 0.600262 0.588415 0.596951 0.623604 4.473699e+00 0.989
N:7 Run:9 0.61142 0.602367 0.450201 0.283776 0.221772 0.143394 0.125 0.100909 0.124419 0.119585 0.110868 0.029179 0.0347192 0.0904232 0.318781 0.46042 0.598769 0.627328 0.647399 0.654157 0.655405 4.473699e+00 0.989
N:8 Run:0 0.649789 0.610106 0.640304 0.601861 0.589191 0.620882 0.362355 0.162171 0.141794 0.0748767 0.0791665 0.0659888 0.0555097 0.0592579 0.0903275 0.20303 0.469192 0.571783 0.627343 0.650815 0.637023 4.726650e+00 0.985
N:8 Run:1 0.637617 0.653628 0.483283 0.498336 0.163421 0.0410931 0.0102516 0.00255284 0.000640021 0.000164524 0.0001 0.0001 0.0146078 0.0280984 0.304319 0.491755 0.568748 0.588382 0.632595 0.630279 0.654819 4.726650e+00 0.985
N:8 Run:2 0.604174 0.598877 0.485283 0.357698 0.306711 0.289515 0.127065 0.032974 0.00825971 0.00206994 0.000518231 0.000132273 0.0149135 0.0609543 0.0468552 0.0981325 0.255268 0.476066 0.643035 0.621481 0.641883 4.726650e+00 0.985
N:8 Run:3 0.598402 0.637936 0.556419 0.434437 0.123099 0.0341788 0.00855054 0.00213423 0.000536679 0.000137759 0.0001 0.0001 0.0067208 0.0324401 0.270283 0.510367 0.610752 0.617999 0.619471 0.60764 0.643335 4.726650e+00 0.985
N:8 Run:4 0.626639 0.689113 0.659995 0.632927 0.455241 0.330172 0.181892 0.123639 0.0747472 0.0872447 0.0408122 0.0419109 0.0384264 0.115312 0.371198 0.535173 0.586468 0.638846 0.629295 0.665817 0.625169 4.726650e+00 0.985
N:8 Run:5 0.707484 0.656822 0.5183 0.418767 0.350612 0.427724 0.373211 0.262822 0.0946278 0.0246955 0.00638118 0.00159466 0.0327988 0.102243 0.273253 0.472183 0.607144 0.611978 0.632197 0.638838 0.662321 4.726650e+00 0.985
N:8 Run:6 0.674882 0.646163 0.607447 0.619711 0.607419 0.639592 0.619848 0.593658 0.379211 0.214393 0.080367 0.0517991 0.0741496 0.0732525 0.0732531 0.332455 0.529239 0.600946 0.581081 0.611886 0.662091 4.726650e+00 0.985
N:8 Run:7 0.509579 0.591318 0.630657 0.641325 0.613722 0.587692 0.579027 0.639802 0.540111 0.439342 0.272948 0.191621 0.12354 0.147443 0.325185 0.450938 0.572171 0.601248 0.61574 0.62334 0.648604 4.726650e+00 0.985
N:8 Run:8 0.577638 0.609711 0.283994 0.094337 0.0236289 0.00587984 0.00146562 0.000367874 0.0001 0.0001 0.0001 0.0001 0.00647428 0.0548179 0.338419 0.545609 0.602944 0.600262 0.588415 0.596951 0.623604 4.726650e+00 0.985
N:8 Run:9 0.61142 0.602367 0.450201 0.283776 0.221772 0.143394 0.125 0.100909 0.124419 0.119585 0.110868 0.029179 0.0347192 0.0904232 0.318781 0.46042 0.598769 0.627328 0.647399 0.654157 0.655405 4.726650e+00 0.985
N:9 Run:0 0.649789 0.610106 0.640304 0.601861 0.589191 0.620882 0.362355 0.162171 0.141794 0.0748767 0.0791665 0.0659888 0.0555097 0.0592579 0.0903275 0.20303 0.469192 0.571783 0.627343 0.650815 0.637023 4.467212e+00 0.985
N:9 Run:1 0.637617 0.653628 0.483283 0.498336 0.163421 0.0410931 0.0102516 0.00255284 0.000640021 0.000164524 0.0001 0.0001 0.0146078 0.0280984 0.304319 0.491755 0.568748 0.588382 0.632595 0.630279 0.654819 4.467212e+00 0.985
N:9 Run:2 0.604174 0.598877 0.485283 0.357698 0.306711 0.289515 0.127065 0.032974 0.00825971 0.00206994 0.000518231 0.000132273 0.0149135 0.0609543 0.0468552 0.0981325 0.255268 0.476066 0.643035 0.621481 0.641883 4.467212e+00 0.985
N:9 Run:3 0.598402 0.637936 0.556419 0.434437 0.123099 0.0341788 0.00855054 0.00213423 0.000536679 0.000137759 0.0001 0.0001 0.0067208 0.0324401 0.270283 0.510367 0.610752 0.617999 0.619471 0.60764 0.643335 4.467212e+00 0.985
N:9 Run:4 0.626639 0.689113 0.659995 0.632927 0.455241 0.330172 0.181892 0.123639 0.0747472 0.0872447 0.0408122 0.0419109 0.0384264 0.115312 0.371198 0.535173 0.586468 0.638846 0.629295 0.665817 0.625169 4.467212e+00 0.985
N:9 Run:5 0.707484 0.656822 0.5183 0.418767 0.350612 0.427724 0.373211 0.262822 0.0946278 0.0246955 0.00638118 0.00159466 0.0327988 0.102243 0.273253 0.472183 0.607144 0.611978 0.632197 0.638838 0.662321 4.467212e+00 0.985
N:9 Run:6 0.674882 0.646163 0.607447 0.619711 0.607419 0.639592 0.619848 0.593658 0.379211 0.214393 0.080367 0.0517991 0.0741496 0.0732525 0.0732531 0.332455 0.529239 0.600946 0.581081 0.611886 0.662091 4.467212e+00 0.985
N:9 Run:7 0.509579 0.591318 0.630657 0.641325 0.613722 0.587692 0.579027 0.639802 0.540111 0.439342 0.272948 0.191621 0.12354 0.147443 0.325185 0.450938 0.572171 0.601248 0.61574 0.62334 0.648604 4.467212e+00 0.985
N:9 Run:8 0.577638 0.609711 0.283994 0.094337 0.0236289 0.00587984 0.00146562 0.000367874 0.0001 0.0001 0.0001 0.0001 0.00647428 0.0548179 0.338419 0.545609 0.602944 0.600262 0.588415 0.596951 0.623604 4.467212e+00 0.985
N:9 Run:9 0.61142 0.602367 0.450201 0.283776 0.221772 0.143394 0.125 0.100909 0.124419 0.119585 0.110868 0.029179 0.0347192 0.0904232 0.318781 0.46042 0.598769 0.627328 0.647399 0.654157 0.655405 4.467212e+00 0.985
N:10 Run:0 0.649789 0.610106 0.640304 0.601861 0.589191 0.620882 0.362355 0.162171 0.141794 0.0748767 0.0791665 0.0659888 0.0555097 0.0592579 0.0903275 0.20303 0.469192 0.571783 0.627343 0.650815 0.637023 5.084094e+00 0.983
N:10 Run:1 0.637617 0.653628 0.483283 0.498336 0.163421 0.0410931 0.0102516 0.00255284 0.000640021 0.000164524 0.0001 0.0001 0.0146078 0.0280984 0.304319 0.491755 0.568748 0.588382 0.632595 0.630279 0.654819 5.084094e+00 0.983
N:10 Run:2 0.604174 0.598877 0.485283 0.357698 0.306711 0.289515 0.127065 0.032974 0.00825971 0.00206994 0.000518231 0.000132273 0.0149135 0.0609543 0.0468552 0.0981325 0.255268 0.476066 0.643035 0.621481 0.641883 5.084094e+00 0.983
N:10 Run:3 0.598402 0.637936 0.556419 0.434437 0.123099 0.0341788 0.00855054 0.00213423 0.000536679 0.000137759 0.0001 0.0001 0.0067208 0.0324401 0.270283 0.510367 0.610752 0.617999 0.619471 0.60764 0.643335 5.084094e+00 0.983
N:10 Run:4 0.626639 0.689113 0.659995 0.632927 0.455241 0.330172 0.181892 0.123639 0.0747472 0.0872447 0.0408122 0.0419109 0.0384264 0.115312 0.371198 0.535173 0.586468 0.638846 0.629295 0.665817 0.625169 5.084094e+00 0.983
N:10 Run:5 0.707484 0.656822 0.5183 0.418767 0.350612 0.427724 0.373211 0.262822 0.0946278 0.0246955 0.00638118 0.00159466 0.0327988 0.102243 0.273253 0.472183 0.607144 0.611978 0.632197 0.638838 0.662321 5.084094e+00 0.983
N:10 Run:6 0.674882 0.646163 0.607447 0.619711 0.607419 0.639592 0.619848 0.593658 0.379211 0.214393 0.080367 0.0517991 0.0741496 0.0732525 0.0732531 0.332455 0.529239 0.600946 0.581081 0.611886 0.662091 5.084094e+00 0.983
N:10 Run:7 0.509579 0.591318 0.630657 0.641325 0.613722 0.587692 0.579027 0.639802 0.540111 0.439342 0.272948 0.191621 0.12354 0.147443 0.325185 0.450938 0.572171 0.601248 0.61574 0.62334 0.648604 5.084094e+00 0.983
N:10 Run:8 0.577638 0.609711 0.283994 0.094337 0.0236289 0.00587984 0.00146562 0.000367874 0.0001 0.0001 0.0001 0.0001 0.00647428 0.0548179 0.338419 0.545609 0.602944 0.600262 0.588415 0.596951 0.623604 5.084094e+00 0.983
N:10 Run:9 0.61142 0.602367 0.450201 0.283776 0.221772 0.143394 0.125 0.100909 0.124419 0.119585 0.110868 0.029179 0.0347192 0.0904232 0.318781 0.46042 0.598769 0.627328 0.647399 0.654157 0.655405 5.084094e+00 0.983
N:11 Run:0 0.649789 0.610106 0.640304 0.601861 0.589191 0.620882 0.362355 0.162171 0.141794 0.0748767 0.0791665 0.0659888 0.0555097 0.0592579 0.0903275 0.20303 0.469192 0.571783 0.627343 0.650815 0.637023 4.508919e+00 0.983
N:11 Run:1 0.637617 0.653628 0.483283 0.498336 0.163421 0.0410931 0.0102516 0.00255284 0.000640021 0.000164524 0.0001 0.0001 0.0146078 0.0280984 0.304319 0.491755 0.568748 0.588382 0.632595 0.630279 0.654819 4.508919e+00 0.983
N:11 Run:2 0.604174 0.598877 0.485283 0.357698 0.306711 0.289515 0.127065 0.032974 0.00825971 0.00206994 0.000518231 0.000132273 0.0149135 0.0609543 0.0468552 0.0981325 0.255268 0.476066 0.643035 0.621481 0.641883 4.508919e+00 0.983
N:11 Run:3 0.598402 0.637936 0.556419 0.434437 0.123099 0.0341788 0.00855054 0.00213423 0.000536679 0.000137759 0.0001 0.0001 0.0067208 0.0324401 0.270283 0.510367 0.610752 0.617999 0.619471 0.60764 0.643335 4.508919e+00 0.983
N:11 Run:4 0.626639 0.689113 0.659995 0.632927 0.455241 0.330172 0.181892 0.123639 0.0747472 0.0872447 0.0408122 0.0419109 0.0384264 0.115312 0.371198 0.535173 0.586468 0.638846 0.629295 0.665817 0.625169 4.508919e+00 0.983
N:11 Run:5 0.707484 0.656822 0.5183 0.418767 0.350612 0.427724 0.373211 0.262822 0.0946278 0.0246955 0.00638118 0.00159466 0.0327988 0.102243 0.273253 0.472183 0.607144 0.611978 0.632197 0.638838 0.662321 4.508919e+00 0.983
N:11 Run:6 0.674882 0.646163 0.607447 0.619711 0.607419 0.639592 0.619848 0.593658 0.379211 0.214393 0.080367 0.0517991 0.0741496 0.0732525 0.0732531 0.332455 0.529239 0.600946 0.581081 0.611886 0.662091 4.508919e+00 0.983
N:11 Run:7 0.509579 0.591318 0.630657 0.641325 0.613722 0.587692 0.579027 0.639802 0.540111 0.439342 0.272948 0.191621 0.12354 0.147443 0.325185 0.450938 0.572171 0.601248 0.61574 0.62334 0.648604 4.508919e+00 0.983
N:11 Run:8 0.577638 0.609711 0.283994 0.094337 0.0236289 0.00587984 0.00146562 0.000367874 0.0001 0.0001 0.0001 0.0001 0.00647428 0.0548179 0.338419 0.545609 0.602944 0.600262 0.588415 0.596951 0.623604 4.508919e+00 0.983
N:11 Run:9 0.61142 0.602367 0.450201 0.283776 0.221772 0.143394 0.125 0.100909 0.124419 0.119585 0.110868 0.029179 0.0347192 0.0904232 0.318781 0.46042 0.598769 0.627328 0.647399 0.654157 0.655405 4.508919e+00 0.983
N:12 Run:0 0.649789 0.610106 0.640304 0.601861 0.589191 0.620882 0.362355 0.162171 0.141794 0.0748767 0.0791665 0.0659888 0.0555097 0.0592579 0.0903275 0.20303 0.469192 0.571783 0.627343 0.650815 0.637023 4.493612e+00 0.982
N:12 Run:1 0.637617 0.653628 0.483283 0.498336 0.163421 0.0410931 0.0102516 0.00255284 0.000640021 0.000164524 0.0001 0.0001 0.0146078 0.0280984 0.304319 0.491755 0.568748 0.588382 0.632595 0.630279 0.654819 4.493612e+00 0.982
N:12 Run:2 0.604174 0.598877 0.485283 0.357698 0.306711 0.289515 0.127065 0.032974 0.00825971 0.00206994 0.000518231 0.000132273 0.0149135 0.0609543 0.0468552 0.0981325 0.255268 0.476066 0.643035 0.621481 0.641883 4.493612e+00 0.982
N:12 Run:3 0.598402 0.637936 0.556419 0.434437 0.123099 0.0341788 0.00855054 0.00213423 0.000536679 0.000137759 0.0001 0.0001 0.0067208 0.0324401 0.270283 0.510367 0.610752 0.617999 0.619471 0.60764 0.643335 4.493612e+00 0.982
N:12 Run:4 0.626639 0.689113 0.659995 0.632927 0.455241 0.330172 0.181892 0.123639 0.0747472 0.0872447 0.0408122 0.0419109 0.0384264 0.115312 0.371198 0.535173 0.586468 0.638846 0.629295 0.665817 0.625169 4.493612e+00 0.982
N:12 Run:5 0.707484 0.656822 0.5183 0.418767 0.350612 0.427724 0.373211 0.262822 0.0946278 0.0246955 0.00638118 0.00159466 0.0327988 0.102243 0.273253 0.472183 0.607144 0.611978 0.632197 0.638838 0.662321 4.493612e+00 0.982
N:12 Run:6 0.674882 0.646163 0.607447 0.619711 0.607419 0.639592 0.619848 0.593658 0.379211 0.214393 0.080367 0.0517991 0.0741496 0.0732525 0.0732531 0.332455 0.529239 0.600946 0.581081 0.611886 0.662091 4.493612e+00 0.982
N:12 Run:7 0.509579 0.591318 0.630657 0.641325 0.613722 0.587692 0.579027 0.639802 0.540111 0.439342 0.272948 0.191621 0.12354 0.147443 0.325185 0.450938 0.572171 0.601248 0.61574 0.62334 0.648604 4.493612e+00 0.982
N:12 Run:8 0.577638 0.609711 0.283994 0.094337 0.0236289 0.00587984 0.00146562 0.000367874 0.0001 0.0001 0.0001 0.0001 0.00647428 0.0548179 0.338419 0.545609 0.602944 0.600262 0.588415 0.596951 0.623604 4.493612e+00 0.982
N:12 Run:9 0.61142 0.602367 0.450201 0.283776 0.221772 0.143394 0.125 0.100909 0.124419 0.119585 0.110868 0.029179 0.0347192 0.0904232 0.318781 0.46042 0.598769 0.627328 0.647399 0.654157 0.655405 4.493612e+00 0.982
N:13 Run:0 0.649789 0.610106 0.640304 0.601861 0.589191 0.620882 0.362355 0.162171 0.141794 0.0748767 0.0791665 0.0659888 0.0555097 0.0592579 0.0903275 0.20303 0.469192 0.571783 0.627343 0.650815 0.637023 4.452279e+00 0.984
N:13 Run:1 0.637617 0.653628 0.483283 0.498336 0.163421 0.0410931 0.0102516 0.00255284 0.000640021 0.000164524 0.0001 0.0001 0.0146078 0.0280984 0.304319 0.491755 0.568748 0.588382 0.632595 0.630279 0.654819 4.452279e+00 0.984
N:13 Run:2 0.604174 0.598877 0.485283 0.357698 0.306711 0.289515 0.127065 0.032974 0.00825971 0.00206994 0.000518231 0.000132273 0.0149135 0.0609543 0.0468552 0.0981325 0.255268 0.476066 0.643035 0.621481 0.641883 4.452279e+00 0.984
N:13 Run:3 0.598402 0.637936 0.556419 0.434437 0.123099 0.0341788 0.00855054 0.00213423 0.000536679 0.000137759 0.0001 0.0001 0.0067208 0.0324401 0.270283 0.510367 0.610752 0.617999 0.619471 0.60764 0.643335 4.452279e+00 0.984
N:13 Run:4 0.626639 0.689113 0.659995 0.632927 0.455241 0.330172 0.181892 0.123639 0.0747472 0.0872447 0.0408122 0.0419109 0.0384264 0.115312 0.371198 0.535173 0.586468 0.638846 0.629295 0.665817 0.625169 4.452279e+00 0.984
N:13 Run:5 0.707484 0.656822 0.5183 0.418767 0.350612 0.427724 0.373211 0.262822 0.0946278 0.0246955 0.00638118 0.00159466 0.0327988 0.102243 0.273253 0.472183 0.607144 0.611978 0.632197 0.638838 0.662321 4.452279e+00 0.984
N:13 Run:6 0.674882 0.646163 0.607447 0.619711 0.607419 0.639592 0.619848 0.593658 0.379211 0.214393 0.080367 0.0517991 0.0741496 0.0732525 0.0732531 0.332455 0.529239 0.600946 0.581081 0.611886 0.662091 4.452279e+00 0.984
N:13 Run:7 0.509579 0.591318 0.630657 0.641325 0.613722 0.587692 0.579027 0.639802 0.540111 0.439342 0.272948 0.191621 0.12354 0.147443 0.325185 0.450938 0.572171 0.601248 0.61574 0.62334 0.648604 4.452279e+00 0.984
N:13 Run:8 0.577638 0.609711 0.283994 0.094337 0.0236289 0.00587984 0.00146562 0.000367874 0.0001 0.0001 0.0001 0.0001 0.00647428 0.0548179 0.338419 0.545609 0.602944 0.600262 0.588415 0.596951 0.623604 4.452279e+00 0.984
N:13 Run:9 0.61142 0.602367 0.450201 0.283776 0.221772 0.143394 0.125 0.100909 0.124419 0.119585 0.110868 0.029179 0.0347192 0.0904232 0.318781 0.46042 0.598769 0.627328 0.647399 0.654157 0.655405 4.452279e+00 0.984
N:14 Run:0 0.649789 0.610106 0.640304 0.601861 0.589191 0.620882 0.362355 0.162171 0.141794 0.0748767 0.0791665 0.0659888 0.0555097 0.0592579 0.0903275 0.20303 0.469192 0.571783 0.627343 0.650815 0.637023 4.454146e+00 0.983
N:14 Run:1 0.637617 0.653628 0.483283 0.498336 0.163421 0.0410931 0.0102516 0.00255284 0.000640021 0.000164524 0.0001 0.0001 0.0146078 0.0280984 0.304319 0.491755 0.568748 0.588382 0.632595 0.630279 0.654819 4.454146e+00 0.983
N:14 Run:2 0.604174 0.598877 0.485283 0.357698 0.306711 0.289515 0.127065 0.032974 0.00825971 0.00206994 0.000518231 0.000132273 0.0149135 0.0609543 0.0468552 0.0981325 0.255268 0.476066 0.643035 0.621481 0.641883 4.454146e+00 0.983
N:14 Run:3 0.598402 0.637936 0.556419 0.434437 0.123099 0.0341788 0.00855054 0.00213423 0.000536679 0.000137759 0.0001 0.0001 0.0067208 0.0324401 0.270283 0.510367 0.610752 0.617999 0.619471 0.60764 0.643335 4.454146e+00 0.983
N:14 Run:4 0.626639 0.689113 0.659995 0.632927 0.455241 0.330172 0.181892 0.123639 0.0747472 0.0872447 0.0408122 0.0419109 0.0384264 0.115312 0.371198 0.535173 0.586468 0.638846 0.629295 0.665817 0.625169 4.454146e+00 0.983
N:14 Run:5 0.707484 0.656822 0.5183 0.418767 0.350612 0.427724 0.373211 0.262822 0.0946278 0.0246955 0.00638118 0.00159466 0.0327988 0.102243 0.273253 0.472183 0.607144 0.611978 0.632197 0.638838 0.662321 4.454146e+00 0.983
N:14 Run:6 0.674882 0.646163 0.607447 0.619711 0.607419 0.639592 0.619848 0.593658 0.379211 0.214393 0.080367 0.0517991 0.0741496 0.0732525 0.0732531 0.332455 0.529239 0.600946 0.581081 0.611886 0.662091 4.454146e+00 0.983
N:14 Run:7 0.509579 0.591318 0.630657 0.641325 0.613722 0.587692 0.579027 0.639802 0.540111 0.439342 0.272948 0.191621 0.12354 0.147443 0.325185 0.450938 0.572171 0.601248 0.61574 0.62334 0.648604 4.454146e+00 0.983
N:14 Run:8 0.577638 0.609711 0.283994 0.094337 0.0236289 0.00587984 0.00146562 0.000367874 0.0001 0.0001 0.0001 0.0001 0.00647428 0.0548179 0.338419 0.545609 0.602944 0.600262 0.588415 0.596951 0.623604 4.454146e+00 0.983
N:14 Run:9 0.61142 0.602367 0.450201 0.283776 0.221772 0.143394 0.125 0.100909 0.124419 0.119585 0.110868 0.029179 0.0347192 0.0904232 0.318781 0.46042 0.598769 0.627328 0.647399 0.654157 0.655405 4.454146e+00 0.983
N:15 Run:0 0.649789 0.610106 0.640304 0.601861 0.589191 0.620882 0.362355 0.162171 0.141794 0.0748767 0.0791665 0.0659888 0.0555097 0.0592579 0.0903275 0.20303 0.469192 0.571783 0.627343 0.650815 0.637023 4.524484e+00 0.985
N:15 Run:1 0.637617 0.653628 0.483283 0.498336 0.163421 0.0410931 0.0102516 0.00255284 0.000640021 0.000164524 0.0001 0.0001 0.0146078 0.0280984 0.304319 0.491755 0.568748 0.588382 0.632595 0.630279 0.654819 4.524484e+00 0.985
N:15 Run:2 0.604174 0.598877 0.485283 0.357698 0.306711 0.289515 0.127065 0.032974 0.00825971 0.00206994 0.000518231 0.000132273 0.0149135 0.0609543 0.0468552 0.0981325 0.255268 0.476066 0.643035 0.621481 0.641883 4.524484e+00 0.985
N:15 Run:3 0.598402 0.637936 0.556419 0.434437 0.123099 0.0341788 0.00855054 0.00213423 0.000536679 0.000137759 0.0001 0.0001 0.0067208 0.0324401 0.270283 0.510367 0.610752 0.617999 0.619471 0.60764 0.643335 4.524484e+00 0.985
N:15 Run:4 0.626639 0.689113 0.659995 0.632927 0.455241 0.330172 0.181892 0.123639 0.0747472 0.0872447 0.0408122 0.0419109 0.0384264 0.115312 0.371198 0.535173 0.586468 0.638846 0.629295 0.665817 0.625169 4.524484e+00 0.985
N:15 Run:5 0.707484 0.656822 0.5183 0.418767 0.350612 0.427724 0.373211 0.262822 0.0946278 0.0246955 0.00638118 0.00159466 0.0327988 0.102243 0.273253 0.472183 0.607144 0.611978 0.632197 0.638838 0.662321 4.524484e+00 0.985
N:15 Run:6 0.674882 0.646163 0.607447 0.619711 0.607419 0.639592 0.619848 0.593658 0.379211 0.214393 0.080367 0.0517991 0.0741496 0.0732525 0.0732531 0.332455 0.529239 0.600946 0.581081 0.611886 0.662091 4.524484e+00 0.985
N:15 Run:7 0.509579 0.591318 0.630657 0.641325 0.613722 0.587692 0.579027 0.639802 0.540111 0.439342 0.272948 0.191621 0.12354 0.147443 0.325185 0.450938 0.572171 0.601248 0.61574 0.62334 0.648604 4.524484e+00 0.985
N:15 Run:8 0.577638 0.609711 0.283994 0.094337 0.0236289 0.00587984 0.00146562 0.000367874 0.0001 0.0001 0.0001 0.0001 0.00647428 0.0548179 0.338419 0.545609 0.602944 0.600262 0.588415 0.596951 0.623604 4.524484e+00 0.985
N:15 Run:9 0.61142 0.602367 0.450201 0.283776 0.221772 0.143394 0.125 0.100909 0.124419 0.119585 0.110868 0.029179 0.0347192 0.0904232 0.318781 0.46042 0.598769 0.627328 0.647399 0.654157 0.655405 4.524484e+00 0.985
N:16 Run:0 0.649789 0.610106 0.640304 0.601861 0.589191 0.620882 0.362355 0.162171 0.141794 0.0748767 0.0791665 0.0659888 0.0555097 0.0592579 0.0903275 0.20303 0.469192 0.571783 0.627343 0.650815 0.637023 4.571395e+00 0.985
N:16 Run:1 0.637617 0.653628 0.483283 0.498336 0.163421 0.0410931 0.0102516 0.00255284 0.000640021 0.000164524 0.0001 0.0001 0.0146078 0.0280984 0.304319 0.491755 0.568748 0.588382 0.632595 0.630279 0.654819 4.571395e+00 0.985
N:16 Run:2 0.604174 0.598877 0.485283 0.357698 0.306711 0.289515 0.127065 0.032974 0.00825971 0.00206994 0.000518231 0.000132273 0.0149135 0.0609543 0.0468552 0.0981325 0.255268 0.476066 0.643035 0.621481 0.641883 4.571395e+00 0.985
N:16 Run:3 0.598402 0.637936 0.556419 0.434437 0.123099 0.0341788 0.00855054 0.00213423 0.000536679 0.000137759 0.0001 0.0001 0.0067208 0.0324401 0.270283 0.510367 0.610752 0.617999 0.619471 0.60764 0.643335 4.571395e+00 0.985
N:16 Run:4 0.626639 0.689113 0.659995 0.632927 0.455241 0.330172 0.181892 0.123639 0.0747472 0.0872447 0.0408122 0.0419109 0.0384264 0.115312 0.371198 0.535173 0.586468 0.638846 0.629295 0.665817 0.625169 4.571395e+00 0.985
N:16 Run:5 0.707484 0.656822 0.5183 0.418767 0.350612 0.427724 0.373211 0.262822 0.0946278 0.0246955 0.00638118 0.00159466 0.0327988 0.102243 0.273253 0.472183 0.607144 0.611978 0.632197 0.638838 0.662321 4.571395e+00 0.985
N:16 Run:6 0.674882 0.646163 0.607447 0.619711 0.607419 0.639592 0.619848 0.593658 0.379211 0.214393 0.080367 0.0517991 0.0741496 0.0732525 0.0732531 0.332455 0.529239 0.600946 0.581081 0.611886 0.662091 4.571395e+00 0.985
N:16 Run:7 0.509579 0.591318 0.630657 0.641325 0.613722 0.587692 0.579027 0.639802 0.540111 0.439342 0.272948 0.191621 0.12354 0.147443 0.325185 0.450938 0.572171 0.601248 0.61574 0.62334 0.648604 4.571395e+00 0.985
N:16 Run:8 0.577638 0.609711 0.283994 0.094337 0.0236289 0.00587984 0.00146562 0.000367874 0.0001 0.0001 0.0001 0.0001 0.00647428 0.0548179 0.338419 0.545609 0.602944 0.600262 0.588415 0.596951 0.623604 4.571395e+00 0.985
N:16 Run:9 0.61142 0.602367 0.450201 0.283776 0.221772 0.143394 0.125 0.100909 0.124419 0.119585 0.110868 0.029179 0.0347192 0.0904232 0.318781 0.46042 0.598769 0.627328 0.647399 0.654157 0.655405 4.571395e+00 0.985
N:17 Run:0 0.649789 0.610106 0.640304 0.601861 0.589191 0.620882 0.362355 0.162171 0.141794 0.0748767 0.0791665 0.0659888 0.0555097 0.0592579 0.0903275 0.20303 0.469192 0.571783 0.627343 0.650815 0.637023 4.993955e+00 0.978
N:17 Run:1 0.637617 0.653628 0.483283 0.498336 0.163421 0.0410931 0.0102516 0.00255284 0.000640021 0.000164524 0.0001 0.0001 0.0146078 0.0280984 0.304319 0.491755 0.568748 0.588382 0.632595 0.630279 0.654819 4.993955e+00 0.978
N:17 Run:2 0.604174 0.598877 0.485283 0.357698 0.306711 0.289515 0.127065 0.032974 0.00825971 0.00206994 0.000518231 0.000132273 0.0149135 0.0609543 0.0468552 0.0981325 0.255268 0.476066 0.643035 0.621481 0.641883 4.993955e+00 0.978
N:17 Run:3 0.598402 0.637936 0.556419 0.434437 0.123099 0.0341788 0.00855054 0.00213423 0.000536679 0.000137759 0.0001 0.0001 0.0067208 0.0324401 0.270283 0.510367 0.610752 0.617999 0.619471 0.60764 0.643335 4.993955e+00 0.978
N:17 Run:4 0.626639 0.689113 0.659995 0.632927 0.455241 0.330172 0.181892 0.123639 0.0747472 0.0872447 0.0408122 0.0419109 0.0384264 0.115312 0.371198 0.535173 0.586468 0.638846 0.629295 0.665817 0.625169 4.993955e+00 0.978
N:17 Run:5 0.707484 0.656822 0.5183 0.418767 0.350612 0.427724 0.373211 0.262822 0.0946278 0.0246955 0.00638118 0.00159466 0.0327988 0.102243 0.273253 0.472183 0.607144 0.611978 0.632197 0.638838 0.662321 4.993955e+00 0.978
N:17 Run:6 0.674882 0.646163 0.607447 0.619711 0.607419 0.639592 0.619848 0.593658 0.379211 0.214393 0.080367 0.0517991 0.0741496 0.0732525 0.0732531 0.332455 0.529239 0.600946 0.581081 0.611886 0.662091 4.993955e+00 0.978
N:17 Run:7 0.509579 0.591318 0.630657 0.641325 0.613722 0.587692 0.579027 0.639802 0.540111 0.439342 0.272948 0.191621 0.12354 0.147443 0.325185 0.450938 0.572171 0.601248 0.61574 0.62334 0.648604 4.993955e+00 0.978
N:17 Run:8 0.577638 0.609711 0.283994 0.094337 0.0236289 0.00587984 0.00146562 0.000367874 0.0001 0.0001 0.0001 0.0001 0.00647428 0.0548179 0.338419 0.545609 0.602944 0.600262 0.588415 0.596951 0.623604 4.993955e+00 0.978
N:17 Run:9 0.61142 0.602367 0.450201 0.283776 0.221772 0.143394 0.125 0.100909 0.124419 0.119585 0.110868 0.029179 0.0347192 0.0904232 0.318781 0.46042 0.598769 0.627328 0.647399 0.654157 0.655405 4.993955e+00 0.978
N:18 Run:0 0.649789 0.610106 0.640304 0.601861 0.589191 0.620882 0.362355 0.162171 0.141794 0.0748767 0.0791665 0.0659888 0.0555097 0.0592579 0.0903275 0.20303 0.469192 0.571783 0.627343 0.650815 0.637023 4.569425e+00 0.987
N:18 Run:1 0.637617 0.653628 0.483283 0.498336 0.163421 0.0410931 0.0102516 0.00255284 0.000640021 0.000164524 0.0001 0.0001 0.0146078 0.0280984 0.304319 0.491755 0.568748 0.588382 0.632595 0.630279 0.654819 4.569425e+00 0.987
N:18 Run:2 0.604174 0.598877 0.485283 0.357698 0.306711 0.289515 0.127065 0.032974 0.00825971 0.00206994 0.000518231 0.000132273 0.0149135 0.0609543 0.0468552 0.0981325 0.255268 0.476066 0.643035 0.621481 0.641883 4.569425e+00 0.987
N:18 Run:3 0.598402 0.637936 0.556419 0.434437 0.123099 0.0341788 0.00855054 0.00213423 0.000536679 0.000137759 0.0001 0.0001 0.0067208 0.0324401 0.270283 0.510367 0.610752 0.617999 0.619471 0.60764 0.643335 4.569425e+00 0.987
N:18 Run:4 0.626639 0.689113 0.659995 0.632927 0.455241 0.330172 0.181892 0.123639 0.0747472 0.0872447 0.0408122 0.0419109 0.0384264 0.115312 0.371198 0.535173 0.586468 0.638846 0.629295 0.665817 0.625169 4.569425e+00 0.987
N:18 Run:5 0.707484 0.656822 0.5183 0.418767 0.350612 0.427724 0.373211 0.262822 0.0946278 0.0246955 0.00638118 0.00159466 0.0327988 0.102243 0.273253 0.472183 0.607144 0.611978 0.632197 0.638838 0.662321 4.569425e+00 0.987
N:18 Run:6 0.674882 0.646163 0.607447 0.619711 0.607419 0.639592 0.619848 0.593658 0.379211 0.214393 0.080367 0.0517991 0.0741496 0.0732525 0.0732531 0.332455 0.529239 0.600946 0.581081 0.611886 0.662091 4.569425e+00 0.987
N:18 Run:7 0.509579 0.591318 0.630657 0.641325 0.613722 0.587692 0.579027 0.639802 0.540111 0.439342 0.272948 0.191621 0.12354 0.147443 0.325185 0.450938 0.572171 0.601248 0.61574 0.62334 0.648604 4.569425e+00 0.987
N:18 Run:8 0.577638 0.609711 0.283994 0.094337 0.0236289 0.00587984 0.00146562 0.000367874 0.0001 0.0001 0.0001 0.0001 0.00647428 0.0548179 0.338419 0.545609 0.602944 0.600262 0.588415 0.596951 0.623604 4.569425e+00 0.987
N:18 Run:9 0.61142 0.602367 0.450201 0.283776 0.221772 0.143394 0.125 0.100909 0.124419 0.119585 0.110868 0.029179 0.0347192 0.0904232 0.318781 0.46042 0.598769 0.627328 0.647399 0.654157 0.655405 4.569425e+00 0.987
N:19 Run:0 0.649789 0.610106 0.640304 0.601861 0.589191 0.620882 0.362355 0.162171 0.141794 0.0748767 0.0791665 0.0659888 0.0555097 0.0592579 0.0903275 0.20303 0.469192 0.571783 0.627343 0.650815 0.637023 4.464517e+00 0.984
N:19 Run:1 0.637617 0.653628 0.483283 0.498336 0.163421 0.0410931 0.0102516 0.00255284 0.000640021 0.000164524 0.0001 0.0001 0.0146078 0.0280984 0.304319 0.491755 0.568748 0.588382 0.632595 0.630279 0.654819 4.464517e+00 0.984
N:19 Run:2 0.604174 0.598877 0.485283 0.357698 0.306711 0.289515 0.127065 0.032974 0.00825971 0.00206994 0.000518231 0.000132273 0.0149135 0.0609543 0.0468552 0.0981325 0.255268 0.476066 0.643035 0.621481 0.641883 4.464517e+00 0.984
N:19 Run:3 0.598402 0.637936 0.556419 0.434437 0.123099 0.0341788 0.00855054 0.00213423 0.000536679 0.000137759 0.0001 0.0001 0.0067208 0.0324401 0.270283 0.510367 0.610752 0.617999 0.619471 0.60764 0.643335 4.464517e+00 0.984
N:19 Run:4 0.626639 0.689113 0.659995 0.632927 0.455241 0.330172 0.181892 0.123639 0.0747472 0.0872447 0.0408122 0.0419109 0.0384264 0.115312 0.371198 0.535173 0.586468 0.638846 0.629295 0.665817 0.625169 4.464517e+00 0.984
N:19 Run:5 0.707484 0.656822 0.5183 0.418767 0.350612 0.427724 0.373211 0.262822 0.0946278 0.0246955 0.00638118 0.00159466 0.0327988 0.102243 0.273253 0.472183 0.607144 0.611978 0.632197 0.638838 0.662321 4.464517e+00 0.984
N:19 Run:6 0.674882 0.646163 0.607447 0.619711 0.607419 0.639592 0.619848 0.593658 0.379211 0.214393 0.080367 0.0517991 0.0741496 0.0732525 0.0732531 0.332455 0.529239 0.600946 0.581081 0.611886 0.662091 4.464517e+00 0.984
N:19 Run:7 0.509579 0.591318 0.630657 0.641325 0.613722 0.587692 0.579027 0.639802 0.540111 0.439342 0.272948 0.191621 0.12354 0.147443 0.325185 0.450938 0.572171 0.601248 0.61574 0.62334 0.648604 4.464517e+00 0.984
N:19 Run:8 0.577638 0.609711 0.283994 0.094337 0.0236289 0.00587984 0.00146562 0.000367874 0.0001 0.0001 0.0001 0.0001 0.00647428 0.0548179 0.338419 0.545609 0.602944 0.600262 0.588415 0.596951 0.623604 4.464517e+00 0.984
N:19 Run:9 0.61142 0.602367 0.450201 0.283776 0.221772 0.143394 0.125 0.100909 0.124419 0.119585 0.110868 0.029179 0.0347192 0.0904232 0.318781 0.46042 0.598769 0.627328 0.647399 0.654157 0.655405 4.464517e+00 0.984
N:20 Run:0 0.649789 0.610106 0.640304 0.601861 0.589191 0.620882 0.362355 0.162171 0.141794 0.0748767 0.0791665 0.0659888 0.0555097 0.0592579 0.0903275 0.20303 0.469192 0.571783 0.627343 0.650815 0.637023 4.445908e+00 0.985
N:20 Run:1 0.637617 0.653628 0.483283 0.498336 0.163421 0.0410931 0.0102516 0.00255284 0.000640021 0.000164524 0.0001 0.0001 0.0146078 0.0280984 0.304319 0.491755 0.568748 0.588382 0.632595 0.630279 0.654819 4.445908e+00 0.985
N:20 Run:2 0.604174 0.598877 0.485283 0.357698 0.306711 0.289515 0.127065 0.032974 0.00825971 0.00206994 0.000518231 0.000132273 0.0149135 0.0609543 0.0468552 0.0981325 0.255268 0.476066 0.643035 0.621481 0.641883 4.445908e+00 0.985
N:20 Run:3 0.598402 0.637936 0.556419 0.434437 0.123099 0.0341788 0.00855054 0.00213423 0.000536679 0.000137759 0.0001 0.0001 0.0067208 0.0324401 0.270283 0.510367 0.610752 0.617999 0.619471 0.60764 0.643335 4.445908e+00 0.985
N:20 Run:4 0.626639 0.689113 0.659995 0.632927 0.455241 0.330172 0.181892 0.123639 0.0747472 0.0872447 0.0408122 0.0419109 0.0384264 0.115312 0.371198 0.535173 0.586468 0.638846 0.629295 0.665817 0.625169 4.445908e+00 0.985
N:20 Run:5 0.707484 0.656822 0.5183 0.418767 0.350612 0.427724 0.373211 0.262822 0.0946278 0.0246955 0.00638118 0.00159466 0.0327988 0.102243 0.273253 0.472183 0.607144 0.611978 0.632197 0.638838 0.662321 4.445908e+00 0.985
N:20 Run:6 0.674882 0.646163 0.607447 0.619711 0.607419 0.639592 0.619848 0.593658 0.379211 0.214393 0.080367 0.0517991 0.0741496 0.0732525 0.0732531 0.332455 0.529239 0.600946 0.581081 0.611886 0.662091 4.445908e+00 0.985
N:20 Run:7 0.509579 0.591318 0.630657 0.641325 0.613722 0.587692 0.579027 0.639802 0.540111 0.439342 0.272948 0.191621 0.12354 0.147443 0.325185 0.450938 0.572171 0.601248 0.61574 0.62334 0.648604 4.445908e+00 0.985
N:20 Run:8 0.577638 0.609711 0.283994 0.094337 0.0236289 0.00587984 0.00146562 0.000367874 0.0001 0.0001 0.0001 0.0001 0.00647428 0.0548179 0.338419 0.545609 0.602944 0.600262 0.588415 0.596951 0.623604 4.445908e+00 0.985
N:20 Run:9 0.61142 0.602367 0.450201 0.283776 0.221772 0.143394 0.125 0.100909 0.124419 0.119585 0.110868 0.029179 0.0347192 0.0904232 0.318781 0.46042 0.598769 0.627328 0.647399 0.654157 0.655405 4.445908e+00 0.985
N:21 Run:0 0.649789 0.610106 0.640304 0.601861 0.589191 0.620882 0.362355 0.162171 0.141794 0.0748767 0.0791665 0.0659888 0.0555097 0.0592579 0.0903275 0.20303 0.469192 0.571783 0.627343 0.650815 0.637023 4.482310e+00 0.984
N:21 Run:1 0.637617 0.653628 0.483283 0.498336 0.163421 0.0410931 0.0102516 0.00255284 0.000640021 0.000164524 0.0001 0.0001 0.0146078 0.0280984 0.304319 0.491755 0.568748 0.588382 0.632595 0.630279 0.654819 4.482310e+00 0.984
N:21 Run:2 0.604174 0.598877 0.485283 0.357698 0.306711 0.289515 0.127065 0.032974 0.00825971 0.00206994 0.000518231 0.000132273 0.0149135 0.0609543 0.0468552 0.0981325 0.255268 0.476066 0.643035 0.621481 0.641883 4.482310e+00 0.984
N:21 Run:3 0.598402 0.637936 0.556419 0.434437 0.123099 0.0341788 0.00855054 0.00213423 0.000536679 0.000137759 0.0001 0.0001 0.0067208 0.0324401 0.270283 0.510367 0.610752 0.617999 0.619471 0.60764 0.643335 4.482310e+00 0.984
N:21 Run:4 0.626639 0.689113 0.659995 0.632927 0.455241 0.330172 0.181892 0.123639 0.0747472 0.0872447 0.0408122 0.0419109 0.0384264 0.115312 0.371198 0.535173 0.586468 0.638846 0.629295 0.665817 0.625169 4.482310e+00 0.984
N:21 Run:5 0.707484 0.656822 0.5183 0.418767 0.350612 0.427724 0.373211 0.262822 0.0946278 0.0246955 0.00638118 0.00159466 0.0327988 0.102243 0.273253 0.472183 0.607144 0.611978 0.632197 0.638838 0.662321 4.482310e+00 0.984
N:21 Run:6 0.674882 0.646163 0.607447 0.619711 0.607419 0.639592 0.619848 0.593658 0.379211 0.214393 0.080367 0.0517991 0.0741496 0.0732525 0.0732531 0.332455 0.529239 0.600946 0.581081 0.611886 0.662091 4.482310e+00 0.984
N:21 Run:7 0.509579 0.591318 0.630657 0.641325 0.613722 0.587692 0.579027 0.639802 0.540111 0.439342 0.272948 0.191621 0.12354 0.147443 0.325185 0.450938 0.572171 0.601248 0.61574 0.62334 0.648604 4.482310e+00 0.984
N:21 Run:8 0.577638 0.609711 0.283994 0.094337 0.0236289 0.00587984 0.00146562 0.000367874 0.0001 0.0001 0.0001 0.0001 0.00647428 0.0548179 0.338419 0.545609 0.602944 0.600262 0.588415 0.596951 0.623604 4.482310e+00 0.984
N:21 Run:9 0.61142 0.602367 0.450201 0.283776 0.221772 0.143394 0.125 0.100909 0.124419 0.119585 0.110868 0.029179 0.0347192 0.0904232 0.318781 0.46042 0.598769 0.627328 0.647399 0.654157 0.655405 4.482310e+00 0.984
N:22 Run:0 0.649789 0.610106 0.640304 0.601861 0.589191 0.620882 0.362355 0.162171 0.141794 0.0748767 0.0791665 0.0659888 0.0555097 0.0592579 0.0903275 0.20303 0.469192 0.571783 0.627343 0.650815 0.637023 4.432306e+00 0.986
N:22 Run:1 0.637617 0.653628 0.483283 0.498336 0.163421 0.0410931 0.0102516 0.00255284 0.000640021 0.000164524 0.0001 0.0001 0.0146078 0.0280984 0.304319 0.491755 0.568748 0.588382 0.632595 0.630279 0.654819 4.432306e+00 0.986
N:22 Run:2 0.604174 0.598877 0.485283 0.357698 0.306711 0.289515 0.127065 0.032974 0.00825971 0.00206994 0.000518231 0.000132273 0.0149135 0.0609543 0.0468552 0.0981325 0.255268 0.476066 0.643035 0.621481 0.641883 4.432306e+00 0.986
N:22 Run:3 0.598402 0.637936 0.556419 0.434437 0.123099 0.0341788 0.00855054 0.00213423 0.000536679 0.000137759 0.0001 0.0001 0.0067208 0.0324401 0.270283 0.510367 0.610752 0.617999 0.619471 0.60764 0.643335 4.432306e+00 0.986
N:22 Run:4 0.626639 0.689113 0.659995 0.632927 0.455241 0.330172 0.181892 0.123639 0.0747472 0.0872447 0.0408122 0.0419109 0.0384264 0.115312 0.371198 0.535173 0.586468 0.638846 0.629295 0.665817 0.625169 4.432306e+00 0.986
N:22 Run:5 0.707484 0.656822 0.5183 0.418767 0.350612 0.427724 0.373211 0.262822 0.0946278 0.0246955 0.00638118 0.00159466 0.0327988 0.102243 0.273253 0.472183 0.607144 0.611978 0.632197 0.638838 0.662321 4.432306e+00 0.986
N:22 Run:6 0.674882 0.646163 0.607447 0.619711 0.607419 0.639592 0.619848 0.593658 0.379211 0.214393 0.080367 0.0517991 0.0741496 0.0732525 0.0732531 0.332455 0.529239 0.600946 0.581081 0.611886 0.662091 4.432306e+00 0.986
N:22 Run:7 0.509579 0.591318 0.630657 0.641325 0.613722 0.587692 0.579027 0.639802 0.540111 0.439342 0.272948 0.191621 0.12354 0.147443 0.325185 0.450938 0.572171 0.601248 0.61574 0.62334 0.648604 4.432306e+00 0.986
N:22 Run:8 0.577638 0.609711 0.283994 0.094337 0.0236289 0.00587984 0.00146562 0.000367874 0.0001 0.0001 0.0001 0.0001 0.00647428 0.0548179 0.338419 0.545609 0.602944 0.600262 0.588415 0.596951 0.623604 4.432306e+00 0.986
N:22 Run:9 0.61142 0.602367 0.450201 0.283776 0.221772 0.143394 0.125 0.100909 0.124419 0.119585 0.110868 0.029179 0.0347192 0.0904232 0.318781 0.46042 0.598769 0.627328 0.647399 0.654157 0.655405 4.432306e+00 0.986
N:23 Run:0 0.649789 0.610106 0.640304 0.601861 0.589191 0.620882 0.362355 0.162171 0.141794 0.0748767 0.0791665 0.0659888 0.0555097 0.0592579 0.0903275 0.20303 0.469192 0.571783 0.627343 0.650815 0.637023 4.822989e+00 0.985
N:23 Run:1 0.637617 0.653628 0.483283 0.498336 0.163421 0.0410931 0.0102516 0.00255284 0.000640021 0.000164524 0.0001 0.0001 0.0146078 0.0280984 0.304319 0.491755 0.568748 0.588382 0.632595 0.630279 0.654819 4.822989e+00 0.985
N:23 Run:2 0.604174 0.598877 0.485283 0.357698 0.306711 0.289515 0.127065 0.032974 0.00825971 0.00206994 0.000518231 0.000132273 0.0149135 0.0609543 0.0468552 0.0981325 0.255268 0.476066 0.643035 0.621481 0.641883 4.822989e+00 0.985
N:23 Run:3 0.598402 0.637936 0.556419 0.434437 0.123099 0.0341788 0.00855054 0.00213423 0.000536679 0.000137759 0.0001 0.0001 0.0067208 0.0324401 0.270283 0.510367 0.610752 0.617999 0.619471 0.60764 0.643335 4.822989e+00 0.985
N:23 Run:4 0.626639 0.689113 0.659995 0.632927 0.455241 0.330172 0.181892 0.123639 0.0747472 0.0872447 0.0408122 0.0419109 0.0384264 0.115312 0.371198 0.535173 0.586468 0.638846 0.629295 0.665817 0.625169 4.822989e+00 0.985
N:23 Run:5 0.707484 0.656822 0.5183 0.418767 0.350612 0.427724 0.373211 0.262822 0.0946278 0.0246955 0.00638118 0.00159466 0.0327988 0.102243 0.273253 0.472183 0.607144 0.611978 0.632197 0.638838 0.662321 4.822989e+00 0.985
N:23 Run:6 0.674882 0.646163 0.607447 0.619711 0.607419 0.639592 0.619848 0.593658 0.379211 0.214393 0.080367 0.0517991 0.0741496 0.0732525 0.0732531 0.332455 0.529239 0.600946 0.581081 0.611886 0.662091 4.822989e+00 0.985
N:23 Run:7 0.509579 0.591318 0.630657 0.641325 0.613722 0.587692 0.579027 0.639802 0.540111 0.439342 0.272948 0.191621 0.12354 0.147443 0.325185 0.450938 0.572171 0.601248 0.61574 0.62334 0.648604 4.822989e+00 0.985
N:23 Run:8 0.577638 0.609711 0.283994 0.094337 0.0236289 0.00587984 0.00146562 0.000367874 0.0001 0.0001 0.0001 0.0001 0.00647428 0.0548179 0.338419 0.545609 0.602944 0.600262 0.588415 0.596951 0.623604 4.822989e+00 0.985
N:23 Run:9 0.61142 0.602367 0.450201 0.283776 0.221772 0.143394 0.125 0.100909 0.124419 0.119585 0.110868 0.029179 0.0347192 0.0904232 0.318781 0.46042 0.598769 0.627328 0.647399 0.654157 0.655405 4.822989e+00 0.985
N:24 Run:0 0.649789 0.610106 0.640304 0.601861 0.589191 0.620882 0.362355 0.162171 0.141794 0.0748767 0.0791665 0.0659888 0.0555097 0.0592579 0.0903275 0.20303 0.469192 0.571783 0.627343 0.650815 0.637023 4.796339e+00 0.983
N:24 Run:1 0.637617 0.653628 0.483283 0.498336 0.163421 0.0410931 0.0102516 0.00255284 0.000640021 0.000164524 0.0001 0.0001 0.0146078 0.0280984 0.304319 0.491755 0.568748 0.588382 0.632595 0.630279 0.654819 4.796339e+00 0.983
N:24 Run:2 0.604174 0.598877 0.485283 0.357698 0.306711 0.289515 0.127065 0.032974 0.00825971 0.00206994 0.000518231 0.000132273 0.0149135 0.0609543 0.0468552 0.0981325 0.255268 0.476066 0.643035 0.621481 0.641883 4.796339e+00 0.983
N:24 Run:3 0.598402 0.637936 0.556419 0.434437 0.123099 0.0341788 0.00855054 0.00213423 0.000536679 0.000137759 0.0001 0.0001 0.0067208 0.0324401 0.270283 0.510367 0.610752 0.617999 0.619471 0.60764 0.643335 4.796339e+00 0.983
N:24 Run:4 0.626639 0.689113 0.659995 0.632927 0.455241 0.330172 0.181892 0.123639 0.0747472 0.0872447 0.0408122 0.0419109 0.0384264 0.115312 0.371198 0.535173 0.586468 0.638846 0.629295 0.665817 0.625169 4.796339e+00 0.983
N:24 Run:5 0.707484 0.656822 0.5183 0.418767 0.350612 0.427724 0.373211 0.262822 0.0946278 0.0246955 0.00638118 0.00159466 0.0327988 0.102243 0.273253 0.472183 0.607144 0.611978 0.632197 0.638838 0.662321 4.796339e+00 0.983
N:24 Run:6 0.674882 0.646163 0.607447 0.619711 0.607419 0.639592 0.619848 0.593658 0.379211 0.214393 0.080367 0.0517991 0.0741496 0.0732525 0.0732531 0.332455 0.529239 0.600946 0.581081 0.611886 0.662091 4.796339e+00 0.983
N:24 Run:7 0.509579 0.591318 0.630657 0.641325 0.613722 0.587692 0.579027 0.639802 0.540111 0.439342 0.272948 0.191621 0.12354 0.147443 0.325185 0.450938 0.572171 0.601248 0.61574 0.62334 0.648604 4.796339e+00 0.983
N:24 Run:8 0.577638 0.609711 0.283994 0.094337 0.0236289 0.00587984 0.00146562 0.000367874 0.0001 0.0001 0.0001 0.0001 0.00647428 0.0548179 0.338419 0.545609 0.602944 0.600262 0.588415 0.596951 0.623604 4.796339e+00 0.983
N:24 Run:9 0.61142 0.602367 0.450201 0.283776 0.221772 0.143394 0.125 0.100909 0.124419 0.119585 0.110868 0.029179 0.0347192 0.0904232 0.318781 0.46042 0.598769 0.627328 0.647399 0.654157 0.655405 4.796339e+00 0.983
N:25 Run:0 0.649789 0.610106 0.640304 0.601861 0.589191 0.620882 0.362355 0.162171 0.141794 0.0748767 0.0791665 0.0659888 0.0555097 0.0592579 0.0903275 0.20303 0.469192 0.571783 0.627343 0.650815 0.637023 4.447588e+00 0.983
N:25 Run:1 0.637617 0.653628 0.483283 0.498336 0.163421 0.0410931 0.0102516 0.00255284 0.000640021 0.000164524 0.0001 0.0001 0.0146078 0.0280984 0.304319 0.491755 0.568748 0.588382 0.632595 0.630279 0.654819 4.447588e+00 0.983
N:25 Run:2 0.604174 0.598877 0.485283 0.357698 0.306711 0.289515 0.127065 0.032974 0.00825971 0.00206994 0.000518231 0.000132273 0.0149135 0.0609543 0.0468552 0.0981325 0.255268 0.476066 0.643035 0.621481 0.641883 4.447588e+00 0.983
N:25 Run:3 0.598402 0.637936 0.556419 0.434437 0.123099 0.0341788 0.00855054 0.00213423 0.000536679 0.000137759 0.0001 0.0001 0.0067208 0.0324401 0.270283 0.510367 0.610752 0.617999 0.619471 0.60764 0.643335 4.447588e+00 0.983
N:25 Run:4 0.626639 0.689113 0.659995 0.632927 0.455241 0.330172 0.181892 0.123639 0.0747472 0.0872447 0.0408122 0.0419109 0.0384264 0.115312 0.371198 0.535173 0.586468 0.638846 0.629295 0.665817 0.625169 4.447588e+00 0.983
N:25 Run:5 0.707484 0.656822 0.5183 0.418767 0.350612 0.427724 0.373211 0.262822 0.0946278 0.0246955 0.00638118 0.00159466 0.0327988 0.102243 0.273253 0.472183 0.607144 0.611978 0.632197 0.638838 0.662321 4.447588e+00 0.983
N:25 Run:6 0.674882 0.646163 0.607447 0.619711 0.607419 0.639592 0.619848 0.593658 0.379211 0.214393 0.080367 0.0517991 0.0741496 0.0732525 0.0732531 0.332455 0.529239 0.600946 0.581081 0.611886 0.662091 4.447588e+00 0.983
N:25 Run:7 0.509579 0.591318 0.630657 0.641325 0.613722 0.587692 0.579027 0.639802 0.540111 0.439342 0.272948 0.191621 0.12354 0.147443 0.325185 0.450938 0.572171 0.601248 0.61574 0.62334 0.648604 4.447588e+00 0.983
N:25 Run:8 0.577638 0.609711 0.283994 0.094337 0.0236289 0.00587984 0.00146562 0.000367874 0.0001 0.0001 0.0001 0.0001 0.00647428 0.0548179 0.338419 0.545609 0.602944 0.600262 0.588415 0.596951 0.623604 4.447588e+00 0.983
N:25 Run:9 0.61142 0.602367 0.450201 0.283776 0.221772 0.143394 0.125 0.100909 0.124419 0.119585 0.110868 0.029179 0.0347192 0.0904232 0.318781 0.46042 0.598769 0.627328 0.647399 0.654157 0.655405 4.447588e+00 0.983
N:26 Run:0 0.649789 0.610106 0.640304 0.601861 0.589191 0.620882 0.362355 0.162171 0.141794 0.0748767 0.0791665 0.0659888 0.0555097 0.0592579 0.0903275 0.20303 0.469192 0.571783 0.627343 0.650815 0.637023 4.504331e+00 0.985
N:26 Run:1 0.637617 0.653628 0.483283 0.498336 0.163421 0.0410931 0.0102516 0.00255284 0.000640021 0.000164524 0.0001 0.0001 0.0146078 0.0280984 0.304319 0.491755 0.568748 0.588382 0.632595 0.630279 0.654819 4.504331e+00 0.985
N:26 Run:2 0.604174 0.598877 0.485283 0.357698 0.306711 0.289515 0.127065 0.032974 0.00825971 0.00206994 0.000518231 0.000132273 0.0149135 0.0609543 0.0468552 0.0981325 0.255268 0.476066 0.643035 0.621481 0.641883 4.504331e+00 0.985
N:26 Run:3 0.598402 0.637936 0.556419 0.434437 0.123099 0.0341788 0.00855054 0.00213423 0.000536679 0.000137759 0.0001 0.0001 0.0067208 0.0324401 0.270283 0.510367 0.610752 0.617999 0.619471 0.60764 0.643335 4.504331e+00 0.985
N:26 Run:4 0.626639 0.689113 0.659995 0.632927 0.455241 0.330172 0.181892 0.123639 0.0747472 0.0872447 0.0408122 0.0419109 0.0384264 0.115312 0.371198 0.535173 0.586468 0.638846 0.629295 0.665817 0.625169 4.504331e+00 0.985
N:26 Run:5 0.707484 0.656822 0.5183 0.418767 0.350612 0.427724 0.373211 0.262822 0.0946278 0.0246955 0.00638118 0.00159466 0.0327988 0.102243 0.273253 0.472183 0.607144 0.611978 0.632197 0.638838 0.662321 4.504331e+00 0.985
N:26 Run:6 0.674882 0.646163 0.607447 0.619711 0.607419 0.639592 0.619848 0.593658 0.379211 0.214393 0.080367 0.0517991 0.0741496 0.0732525 0.0732531 0.332455 0.529239 0.600946 0.581081 0.611886 0.662091 4.504331e+00 0.985
N:26 Run:7 0.509579 0.591318 0.630657 0.641325 0.613722 0.587692 0.579027 0.639802 0.540111 0.439342 0.272948 0.191621 0.12354 0.147443 0.325185 0.450938 0.572171 0.601248 0.61574 0.62334 0.648604 4.504331e+00 0.985
N:26 Run:8 0.577638 0.609711 0.283994 0.094337 0.0236289 0.00587984 0.00146562 0.000367874 0.0001 0.0001 0.0001 0.0001 0.00647428 0.0548179 0.338419 0.545609 0.602944 0.600262 0.588415 0.596951 0.623604 4.504331e+00 0.985
N:26 Run:9 0.61142 0.602367 0.450201 0.283776 0.221772 0.143394 0.125 0.100909 0.124419 0.119585 0.110868 0.029179 0.0347192 0.0904232 0.318781 0.46042 0.598769 0.627328 0.647399 0.654157 0.655405 4.504331e+00 0.985
N:27 Run:0 0.649789 0.610106 0.640304 0.601861 0.589191 0.620882 0.362355 0.162171 0.141794 0.0748767 0.0791665 0.0659888 0.0555097 0.0592579 0.0903275 0.20303 0.469192 0.571783 0.627343 0.650815 0.637023 5.081227e+00 0.986
N:27 Run:1 0.637617 0.653628 0.483283 0.498336 0.163421 0.0410931 0.0102516 0.00255284 0.000640021 0.000164524 0.0001 0.0001 0.0146078 0.0280984 0.304319 0.491755 0.568748 0.588382 0.632595 0.630279 0.654819 5.081227e+00 0.986
N:27 Run:2 0.604174 0.598877 0.485283 0.357698 0.306711 0.289515 0.127065 0.032974 0.00825971 0.00206994 0.000518231 0.000132273 0.0149135 0.0609543 0.0468552 0.0981325 0.255268 0.476066 0.643035 0.621481 0.641883 5.081227e+00 0.986
N:27 Run:3 0.598402 0.637936 0.556419 0.434437 0.123099 0.0341788 0.00855054 0.00213423 0.000536679 0.000137759 0.0001 0.0001 0.0067208 0.0324401 0.270283 0.510367 0.610752 0.617999 0.619471 0.60764 0.643335 5.081227e+00 0.986
N:27 Run:4 0.626639 0.689113 0.659995 0.632927 0.455241 0.330172 0.181892 0.123639 0.0747472 0.0872447 0.0408122 0.0419109 0.0384264 0.115312 0.371198 0.535173 0.586468 0.638846 0.629295 0.665817 0.625169 5.081227e+00 0.986
N:27 Run:5 0.707484 0.656822 0.5183 0.418767 0.350612 0.427724 0.373211 0.262822 0.0946278 0.0246955 0.00638118 0.00159466 0.0327988 0.102243 0.273253 0.472183 0.607144 0.611978 0.632197 0.638838 0.662321 5.081227e+00 0.986
N:27 Run:6 0.674882 0.646163 0.607447 0.619711 0.607419 0.639592 0.619848 0.593658 0.379211 0.214393 0.080367 0.0517991 0.0741496 0.0732525 0.0732531 0.332455 0.529239 0.600946 0.581081 0.611886 0.662091 5.081227e+00 0.986
N:27 Run:7 0.509579 0.591318 0.630657 0.641325 0.613722 0.587692 0.579027 0.639802 0.540111 0.439342 0.272948 0.191621 0.12354 0.147443 0.325185 0.450938 0.572171 0.601248 0.61574 0.62334 0.648604 5.081227e+00 0.986
N:27 Run:8 0.577638 0.609711 0.283994 0.094337 0.0236289 0.00587984 0.00146562 0.000367874 0.0001 0.0001 0.0001 0.0001 0.00647428 0.0548179 0.338419 0.545609 0.602944 0.600262 0.588415 0.596951 0.623604 5.081227e+00 0.986
N:27 Run:9 0.61142 0.602367 0.450201 0.283776 0.221772 0.143394 0.125 0.100909 0.124419 0.119585 0.110868 0.029179 0.0347192 0.0904232 0.318781 0.46042 0.598769 0.627328 0.647399 0.654157 0.655405 5.081227e+00 0.986
N:28 Run:0 0.649789 0.610106 0.640304 0.601861 0.589191 0.620882 0.362355 0.162171 0.141794 0.0748767 0.0791665 0.0659888 0.0555097 0.0592579 0.0903275 0.20303 0.469192 0.571783 0.627343 0.650815 0.637023 4.689811e+00 0.984
N:28 Run:1 0.637617 0.653628 0.483283 0.498336 0.163421 0.0410931 0.0102516 0.00255284 0.000640021 0.000164524 0.0001 0.0001 0.0146078 0.0280984 0.304319 0.491755 0.568748 0.588382 0.632595 0.630279 0.654819 4.689811e+00 0.984
N:28 Run:2 0.604174 0.598877 0.485283 0.357698 0.306711 0.289515 0.127065 0.032974 0.00825971 0.00206994 0.000518231 0.000132273 0.0149135 0.0609543 0.0468552 0.0981325 0.255268 0.476066 0.643035 0.621481 0.641883 4.689811e+00 0.984
N:28 Run:3 0.598402 0.637936 0.556419 0.434437 0.123099 0.0341788 0.00855054 0.00213423 0.000536679 0.000137759 0.0001 0.0001 0.0067208 0.0324401 0.270283 0.510367 0.610752 0.617999 0.619471 0.60764 0.643335 4.689811e+00 0.984
N:28 Run:4 0.626639 0.689113 0.659995 0.632927 0.455241 0.330172 0.181892 0.123639 0.0747472 0.0872447 0.0408122 0.0419109 0.0384264 0.115312 0.371198 0.535173 0.586468 0.638846 0.629295 0.665817 0.625169 4.689811e+00 0.984
N:28 Run:5 0.707484 0.656822 0.5183 0.418767 0.350612 0.427724 0.373211 0.262822 0.0946278 0.0246955 0.00638118 0.00159466 0.0327988 0.102243 0.273253 0.472183 0.607144 0.611978 0.632197 0.638838 0.662321 4.689811e+00 0.984
N:28 Run:6 0.674882 0.646163 0.607447 0.619711 0.607419 0.639592 0.619848 0.593658 0.379211 0.214393 0.080367 0.0517991 0.0741496 0.0732525 0.0732531 0.332455 0.529239 0.600946 0.581081 0.611886 0.662091 4.689811e+00 0.984
N:28 Run:7 0.509579 0.591318 0.630657 0.641325 0.613722 0.587692 0.579027 0.639802 0.540111 0.439342 0.272948 0.191621 0.12354 0.147443 0.325185 0.450938 0.572171 0.601248 0.61574 0.62334 0.648604 4.689811e+00 0.984
N:28 Run:8 0.577638 0.609711 0.283994 0.094337 0.0236289 0.00587984 0.00146562 0.000367874 0.0001 0.0001 0.0001 0.0001 0.00647428 0.0548179 0.338419 0.545609 0.602944 0.600262 0.588415 0.596951 0.623604 4.689811e+00 0.984
N:28 Run:9 0.61142 0.602367 0.450201 0.283776 0.221772 0.143394 0.125 0.100909 0.124419 0.119585 0.110868 0.029179 0.0347192 0.0904232 0.318781 0.46042 0.598769 0.627328 0.647399 0.654157 0.655405 4.689811e+00 0.984
N:29 Run:0 0.649789 0.610106 0.640304 0.601861 0.589191 0.620882 0.362355 0.162171 0.141794 0.0748767 0.0791665 0.0659888 0.0555097 0.0592579 0.0903275 0.20303 0.469192 0.571783 0.627343 0.650815 0.637023 4.482978e+00 0.985
N:29 Run:1 0.637617 0.653628 0.483283 0.498336 0.163421 0.0410931 0.0102516 0.00255284 0.000640021 0.000164524 0.0001 0.0001 0.0146078 0.0280984 0.304319 0.491755 0.568748 0.588382 0.632595 0.630279 0.654819 4.482978e+00 0.985
N:29 Run:2 0.604174 0.598877 0.485283 0.357698 0.306711 0.289515 0.127065 0.032974 0.00825971 0.00206994 0.000518231 0.000132273 0.0149135 0.0609543 0.0468552 0.0981325 0.255268 0.476066 0.643035 0.621481 0.641883 4.482978e+00 0.985
N:29 Run:3 0.598402 0.637936 0.556419 0.434437 0.123099 0.0341788 0.00855054 0.00213423 0.000536679 0.000137759 0.0001 0.0001 0.0067208 0.0324401 0.270283 0.510367 0.610752 0.617999 0.619471 0.60764 0.643335 4.482978e+00 0.985
N:29 Run:4 0.626639 0.689113 0.659995 0.632927 0.455241 0.330172 0.181892 0.123639 0.0747472 0.0872447 0.0408122 0.0419109 0.0384264 0.115312 0.371198 0.535173 0.586468 0.638846 0.629295 0.665817 0.625169 4.482978e+00 0.985
N:29 Run:5 0.707484 0.656822 0.5183 0.418767 0.350612 0.427724 0.373211 0.262822 0.0946278 0.0246955 0.00638118 0.00159466 0.0327988 0.102243 0.273253 0.472183 0.607144 0.611978 0.632197 0.638838 0.662321 4.482978e+00 0.985
N:29 Run:6 0.674882 0.646163 0.607447 0.619711 0.607419 0.639592 0.619848 0.593658 0.379211 0.214393 0.080367 0.0517991 0.0741496 0.0732525 0.0732531 0.332455 0.529239 0.600946 0.581081 0.611886 0.662091 4.482978e+00 0.985
N:29 Run:7 0.509579 0.591318 0.630657 0.641325 0.613722 0.587692 0.579027 0.639802 0.540111 0.439342 0.272948 0.191621 0.12354 0.147443 0.325185 0.450938 0.572171 0.601248 0.61574 0.62334 0.648604 4.482978e+00 0.985
N:29 Run:8 0.577638 0.609711 0.283994 0.094337 0.0236289 0.00587984 0.00146562 0.000367874 0.0001 0.0001 0.0001 0.0001 0.00647428 0.0548179 0.338419 0.545609 0.602944 0.600262 0.588415 0.596951 0.623604 4.482978e+00 0.985
N:29 Run:9 0.61142 0.602367 0.450201 0.283776 0.221772 0.143394 0.125 0.100909 0.124419 0.119585 0.110868 0.029179 0.0347192 0.0904232 0.318781 0.46042 0.598769 0.627328 0.647399 0.654157 0.655405 4.482978e+00 0.985
