Seed:1583566762
N:0 Run:0 0.32699 0.339655 0.366921 0.403532 0.479411 0.496774 0.541793 0.495908 0.432547 0.445704 0.442404 0.494998 0.499559 0.470614 0.418552 0.375107 0.359397 0.34977 0.341095 0.328997 0.323474 7.600328e-01 0.393
N:0 Run:1 0.437234 0.397691 0.385292 0.380929 0.399218 0.466871 0.523981 0.581562 0.628019 0.644344 0.644226 0.669626 0.661609 0.675214 0.670169 0.670384 0.665179 0.631487 0.606338 0.597482 0.547259 7.600328e-01 0.393
N:0 Run:2 0.383421 0.348325 0.49842 0.59709 0.642449 0.661985 0.677483 0.677936 0.672198 0.673297 0.67357 0.681032 0.632445 0.552805 0.530571 0.48214 0.415519 0.451551 0.43161 0.400792 0.359539 7.600328e-01 0.393
N:0 Run:3 0.363491 0.365284 0.361413 0.341585 0.336068 0.333212 0.343577 0.354633 0.368446 0.417692 0.44265 0.431092 0.415435 0.452753 0.431989 0.449214 0.445339 0.448921 0.403209 0.435589 0.383735 7.600328e-01 0.393
N:0 Run:4 0.371814 0.356078 0.330638 0.331997 0.356078 0.424135 0.481562 0.506214 0.523782 0.510116 0.517278 0.528611 0.489221 0.482786 0.428481 0.420792 0.387917 0.359143 0.346311 0.358118 0.372426 7.600328e-01 0.393
N:0 Run:5 0.344942 0.336358 0.339258 0.363883 0.363781 0.379913 0.387309 0.379142 0.365261 0.354652 0.364403 0.371753 0.366313 0.377588 0.370385 0.407474 0.401229 0.40214 0.373708 0.358599 0.354988 7.600328e-01 0.393
N:0 Run:6 0.357511 0.344787 0.42631 0.519278 0.569779 0.606616 0.631271 0.640002 0.649423 0.668703 0.664732 0.684833 0.682826 0.69124 0.663192 0.653912 0.626049 0.598527 0.551276 0.535666 0.454319 7.600328e-01 0.393
N:0 Run:7 0.425876 0.386586 0.482797 0.505458 0.487435 0.434379 0.477874 0.417154 0.401667 0.46731 0.48605 0.450388 0.459334 0.432928 0.394293 0.368996 0.342267 0.358482 0.354881 0.373856 0.383623 7.600328e-01 0.393
N:0 Run:8 0.327777 0.356797 0.361807 0.381889 0.392184 0.436693 0.523858 0.555033 0.596329 0.630549 0.626061 0.645858 0.652446 0.639877 0.652469 0.644881 0.638017 0.633004 0.602243 0.541261 0.500502 7.600328e-01 0.393
N:0 Run:9 0.397547 0.369553 0.373671 0.390115 0.429193 0.392976 0.400466 0.404565 0.364153 0.355326 0.392561 0.431182 0.421896 0.397612 0.379203 0.356956 0.366267 0.380443 0.361066 0.364704 0.370194 7.600328e-01 0.393
N:1 Run:0 0.32699 0.339655 0.366921 0.403532 0.479411 0.496774 0.541793 0.495908 0.432547 0.445704 0.442404 0.494998 0.499559 0.470614 0.418552 0.375107 0.359397 0.34977 0.341095 0.328997 0.323474 7.706810e-01 0.398
N:1 Run:1 0.437234 0.397691 0.385292 0.380929 0.399218 0.466871 0.523981 0.581562 0.628019 0.644344 0.644226 0.669626 0.661609 0.675214 0.670169 0.670384 0.665179 0.631487 0.606338 0.597482 0.547259 7.706810e-01 0.398
N:1 Run:2 0.383421 0.348325 0.49842 0.59709 0.642449 0.661985 0.677483 0.677936 0.672198 0.673297 0.67357 0.681032 0.632445 0.552805 0.530571 0.48214 0.415519 0.451551 0.43161 0.400792 0.359539 7.706810e-01 0.398
N:1 Run:3 0.363491 0.365284 0.361413 0.341585 0.336068 0.333212 0.343577 0.354633 0.368446 0.417692 0.44265 0.431092 0.415435 0.452753 0.431989 0.449214 0.445339 0.448921 0.403209 0.435589 0.383735 7.706810e-01 0.398
N:1 Run:4 0.371814 0.356078 0.330638 0.331997 0.356078 0.424135 0.481562 0.506214 0.523782 0.510116 0.517278 0.528611 0.489221 0.482786 0.428481 0.420792 0.387917 0.359143 0.346311 0.358118 0.372426 7.706810e-01 0.398
N:1 Run:5 0.344942 0.336358 0.339258 0.363883 0.363781 0.379913 0.387309 0.379142 0.365261 0.354652 0.364403 0.371753 0.366313 0.377588 0.370385 0.407474 0.401229 0.40214 0.373708 0.358599 0.354988 7.706810e-01 0.398
N:1 Run:6 0.357511 0.344787 0.42631 0.519278 0.569779 0.606616 0.631271 0.640002 0.649423 0.668703 0.664732 0.684833 0.682826 0.69124 0.663192 0.653912 0.626049 0.598527 0.551276 0.535666 0.454319 7.706810e-01 0.398
N:1 Run:7 0.425876 0.386586 0.482797 0.505458 0.487435 0.434379 0.477874 0.417154 0.401667 0.46731 0.48605 0.450388 0.459334 0.432928 0.394293 0.368996 0.342267 0.358482 0.354881 0.373856 0.383623 7.706810e-01 0.398
N:1 Run:8 0.327777 0.356797 0.361807 0.381889 0.392184 0.436693 0.523858 0.555033 0.596329 0.630549 0.626061 0.645858 0.652446 0.639877 0.652469 0.644881 0.638017 0.633004 0.602243 0.541261 0.500502 7.706810e-01 0.398
N:1 Run:9 0.397547 0.369553 0.373671 0.390115 0.429193 0.392976 0.400466 0.404565 0.364153 0.355326 0.392561 0.431182 0.421896 0.397612 0.379203 0.356956 0.366267 0.380443 0.361066 0.364704 0.370194 7.706810e-01 0.398
N:2 Run:0 0.32699 0.339655 0.366921 0.403532 0.479411 0.496774 0.541793 0.495908 0.432547 0.445704 0.442404 0.494998 0.499559 0.470614 0.418552 0.375107 0.359397 0.34977 0.341095 0.328997 0.323474 7.851201e-01 0.401
N:2 Run:1 0.437234 0.397691 0.385292 0.380929 0.399218 0.466871 0.523981 0.581562 0.628019 0.644344 0.644226 0.669626 0.661609 0.675214 0.670169 0.670384 0.665179 0.631487 0.606338 0.597482 0.547259 7.851201e-01 0.401
N:2 Run:2 0.383421 0.348325 0.49842 0.59709 0.642449 0.661985 0.677483 0.677936 0.672198 0.673297 0.67357 0.681032 0.632445 0.552805 0.530571 0.48214 0.415519 0.451551 0.43161 0.400792 0.359539 7.851201e-01 0.401
N:2 Run:3 0.363491 0.365284 0.361413 0.341585 0.336068 0.333212 0.343577 0.354633 0.368446 0.417692 0.44265 0.431092 0.415435 0.452753 0.431989 0.449214 0.445339 0.448921 0.403209 0.435589 0.383735 7.851201e-01 0.401
N:2 Run:4 0.371814 0.356078 0.330638 0.331997 0.356078 0.424135 0.481562 0.506214 0.523782 0.510116 0.517278 0.528611 0.489221 0.482786 0.428481 0.420792 0.387917 0.359143 0.346311 0.358118 0.372426 7.851201e-01 0.401
N:2 Run:5 0.344942 0.336358 0.339258 0.363883 0.363781 0.379913 0.387309 0.379142 0.365261 0.354652 0.364403 0.371753 0.366313 0.377588 0.370385 0.407474 0.401229 0.40214 0.373708 0.358599 0.354988 7.851201e-01 0.401
N:2 Run:6 0.357511 0.344787 0.42631 0.519278 0.569779 0.606616 0.631271 0.640002 0.649423 0.668703 0.664732 0.684833 0.682826 0.69124 0.663192 0.653912 0.626049 0.598527 0.551276 0.535666 0.454319 7.851201e-01 0.401
N:2 Run:7 0.425876 0.386586 0.482797 0.505458 0.487435 0.434379 0.477874 0.417154 0.401667 0.46731 0.48605 0.450388 0.459334 0.432928 0.394293 0.368996 0.342267 0.358482 0.354881 0.373856 0.383623 7.851201e-01 0.401
N:2 Run:8 0.327777 0.356797 0.361807 0.381889 0.392184 0.436693 0.523858 0.555033 0.596329 0.630549 0.626061 0.645858 0.652446 0.639877 0.652469 0.644881 0.638017 0.633004 0.602243 0.541261 0.500502 7.851201e-01 0.401
N:2 Run:9 0.397547 0.369553 0.373671 0.390115 0.429193 0.392976 0.400466 0.404565 0.364153 0.355326 0.392561 0.431182 0.421896 0.397612 0.379203 0.356956 0.366267 0.380443 0.361066 0.364704 0.370194 7.851201e-01 0.401
N:3 Run:0 0.32699 0.339655 0.366921 0.403532 0.479411 0.496774 0.541793 0.495908 0.432547 0.445704 0.442404 0.494998 0.499559 0.470614 0.418552 0.375107 0.359397 0.34977 0.341095 0.328997 0.323474 7.836068e-01 0.395
N:3 Run:1 0.437234 0.397691 0.385292 0.380929 0.399218 0.466871 0.523981 0.581562 0.628019 0.644344 0.644226 0.669626 0.661609 0.675214 0.670169 0.670384 0.665179 0.631487 0.606338 0.597482 0.547259 7.836068e-01 0.395
N:3 Run:2 0.383421 0.348325 0.49842 0.59709 0.642449 0.661985 0.677483 0.677936 0.672198 0.673297 0.67357 0.681032 0.632445 0.552805 0.530571 0.48214 0.415519 0.451551 0.43161 0.400792 0.359539 7.836068e-01 0.395
N:3 Run:3 0.363491 0.365284 0.361413 0.341585 0.336068 0.333212 0.343577 0.354633 0.368446 0.417692 0.44265 0.431092 0.415435 0.452753 0.431989 0.449214 0.445339 0.448921 0.403209 0.435589 0.383735 7.836068e-01 0.395
N:3 Run:4 0.371814 0.356078 0.330638 0.331997 0.356078 0.424135 0.481562 0.506214 0.523782 0.510116 0.517278 0.528611 0.489221 0.482786 0.428481 0.420792 0.387917 0.359143 0.346311 0.358118 0.372426 7.836068e-01 0.395
N:3 Run:5 0.344942 0.336358 0.339258 0.363883 0.363781 0.379913 0.387309 0.379142 0.365261 0.354652 0.364403 0.371753 0.366313 0.377588 0.370385 0.407474 0.401229 0.40214 0.373708 0.358599 0.354988 7.836068e-01 0.395
N:3 Run:6 0.357511 0.344787 0.42631 0.519278 0.569779 0.606616 0.631271 0.640002 0.649423 0.668703 0.664732 0.684833 0.682826 0.69124 0.663192 0.653912 0.626049 0.598527 0.551276 0.535666 0.454319 7.836068e-01 0.395
N:3 Run:7 0.425876 0.386586 0.482797 0.505458 0.487435 0.434379 0.477874 0.417154 0.401667 0.46731 0.48605 0.450388 0.459334 0.432928 0.394293 0.368996 0.342267 0.358482 0.354881 0.373856 0.383623 7.836068e-01 0.395
N:3 Run:8 0.327777 0.356797 0.361807 0.381889 0.392184 0.436693 0.523858 0.555033 0.596329 0.630549 0.626061 0.645858 0.652446 0.639877 0.652469 0.644881 0.638017 0.633004 0.602243 0.541261 0.500502 7.836068e-01 0.395
N:3 Run:9 0.397547 0.369553 0.373671 0.390115 0.429193 0.392976 0.400466 0.404565 0.364153 0.355326 0.392561 0.431182 0.421896 0.397612 0.379203 0.356956 0.366267 0.380443 0.361066 0.364704 0.370194 7.836068e-01 0.395
N:4 Run:0 0.32699 0.339655 0.366921 0.403532 0.479411 0.496774 0.541793 0.495908 0.432547 0.445704 0.442404 0.494998 0.499559 0.470614 0.418552 0.375107 0.359397 0.34977 0.341095 0.328997 0.323474 7.845737e-01 0.384
N:4 Run:1 0.437234 0.397691 0.385292 0.380929 0.399218 0.466871 0.523981 0.581562 0.628019 0.644344 0.644226 0.669626 0.661609 0.675214 0.670169 0.670384 0.665179 0.631487 0.606338 0.597482 0.547259 7.845737e-01 0.384
N:4 Run:2 0.383421 0.348325 0.49842 0.59709 0.642449 0.661985 0.677483 0.677936 0.672198 0.673297 0.67357 0.681032 0.632445 0.552805 0.530571 0.48214 0.415519 0.451551 0.43161 0.400792 0.359539 7.845737e-01 0.384
N:4 Run:3 0.363491 0.365284 0.361413 0.341585 0.336068 0.333212 0.343577 0.354633 0.368446 0.417692 0.44265 0.431092 0.415435 0.452753 0.431989 0.449214 0.445339 0.448921 0.403209 0.435589 0.383735 7.845737e-01 0.384
N:4 Run:4 0.371814 0.356078 0.330638 0.331997 0.356078 0.424135 0.481562 0.506214 0.523782 0.510116 0.517278 0.528611 0.489221 0.482786 0.428481 0.420792 0.387917 0.359143 0.346311 0.358118 0.372426 7.845737e-01 0.384
N:4 Run:5 0.344942 0.336358 0.339258 0.363883 0.363781 0.379913 0.387309 0.379142 0.365261 0.354652 0.364403 0.371753 0.366313 0.377588 0.370385 0.407474 0.401229 0.40214 0.373708 0.358599 0.354988 7.845737e-01 0.384
N:4 Run:6 0.357511 0.344787 0.42631 0.519278 0.569779 0.606616 0.631271 0.640002 0.649423 0.668703 0.664732 0.684833 0.682826 0.69124 0.663192 0.653912 0.626049 0.598527 0.551276 0.535666 0.454319 7.845737e-01 0.384
N:4 Run:7 0.425876 0.386586 0.482797 0.505458 0.487435 0.434379 0.477874 0.417154 0.401667 0.46731 0.48605 0.450388 0.459334 0.432928 0.394293 0.368996 0.342267 0.358482 0.354881 0.373856 0.383623 7.845737e-01 0.384
N:4 Run:8 0.327777 0.356797 0.361807 0.381889 0.392184 0.436693 0.523858 0.555033 0.596329 0.630549 0.626061 0.645858 0.652446 0.639877 0.652469 0.644881 0.638017 0.633004 0.602243 0.541261 0.500502 7.845737e-01 0.384
N:4 Run:9 0.397547 0.369553 0.373671 0.390115 0.429193 0.392976 0.400466 0.404565 0.364153 0.355326 0.392561 0.431182 0.421896 0.397612 0.379203 0.356956 0.366267 0.380443 0.361066 0.364704 0.370194 7.845737e-01 0.384
N:5 Run:0 0.32699 0.339655 0.366921 0.403532 0.479411 0.496774 0.541793 0.495908 0.432547 0.445704 0.442404 0.494998 0.499559 0.470614 0.418552 0.375107 0.359397 0.34977 0.341095 0.328997 0.323474 7.661598e-01 0.397
N:5 Run:1 0.437234 0.397691 0.385292 0.380929 0.399218 0.466871 0.523981 0.581562 0.628019 0.644344 0.644226 0.669626 0.661609 0.675214 0.670169 0.670384 0.665179 0.631487 0.606338 0.597482 0.547259 7.661598e-01 0.397
N:5 Run:2 0.383421 0.348325 0.49842 0.59709 0.642449 0.661985 0.677483 0.677936 0.672198 0.673297 0.67357 0.681032 0.632445 0.552805 0.530571 0.48214 0.415519 0.451551 0.43161 0.400792 0.359539 7.661598e-01 0.397
N:5 Run:3 0.363491 0.365284 0.361413 0.341585 0.336068 0.333212 0.343577 0.354633 0.368446 0.417692 0.44265 0.431092 0.415435 0.452753 0.431989 0.449214 0.445339 0.448921 0.403209 0.435589 0.383735 7.661598e-01 0.397
N:5 Run:4 0.371814 0.356078 0.330638 0.331997 0.356078 0.424135 0.481562 0.506214 0.523782 0.510116 0.517278 0.528611 0.489221 0.482786 0.428481 0.420792 0.387917 0.359143 0.346311 0.358118 0.372426 7.661598e-01 0.397
N:5 Run:5 0.344942 0.336358 0.339258 0.363883 0.363781 0.379913 0.387309 0.379142 0.365261 0.354652 0.364403 0.371753 0.366313 0.377588 0.370385 0.407474 0.401229 0.40214 0.373708 0.358599 0.354988 7.661598e-01 0.397
N:5 Run:6 0.357511 0.344787 0.42631 0.519278 0.569779 0.606616 0.631271 0.640002 0.649423 0.668703 0.664732 0.684833 0.682826 0.69124 0.663192 0.653912 0.626049 0.598527 0.551276 0.535666 0.454319 7.661598e-01 0.397
N:5 Run:7 0.425876 0.386586 0.482797 0.505458 0.487435 0.434379 0.477874 0.417154 0.401667 0.46731 0.48605 0.450388 0.459334 0.432928 0.394293 0.368996 0.342267 0.358482 0.354881 0.373856 0.383623 7.661598e-01 0.397
N:5 Run:8 0.327777 0.356797 0.361807 0.381889 0.392184 0.436693 0.523858 0.555033 0.596329 0.630549 0.626061 0.645858 0.652446 0.639877 0.652469 0.644881 0.638017 0.633004 0.602243 0.541261 0.500502 7.661598e-01 0.397
N:5 Run:9 0.397547 0.369553 0.373671 0.390115 0.429193 0.392976 0.400466 0.404565 0.364153 0.355326 0.392561 0.431182 0.421896 0.397612 0.379203 0.356956 0.366267 0.380443 0.361066 0.364704 0.370194 7.661598e-01 0.397
N:6 Run:0 0.32699 0.339655 0.366921 0.403532 0.479411 0.496774 0.541793 0.495908 0.432547 0.445704 0.442404 0.494998 0.499559 0.470614 0.418552 0.375107 0.359397 0.34977 0.341095 0.328997 0.323474 7.652567e-01 0.408
N:6 Run:1 0.437234 0.397691 0.385292 0.380929 0.399218 0.466871 0.523981 0.581562 0.628019 0.644344 0.644226 0.669626 0.661609 0.675214 0.670169 0.670384 0.665179 0.631487 0.606338 0.597482 0.547259 7.652567e-01 0.408
N:6 Run:2 0.383421 0.348325 0.49842 0.59709 0.642449 0.661985 0.677483 0.677936 0.672198 0.673297 0.67357 0.681032 0.632445 0.552805 0.530571 0.48214 0.415519 0.451551 0.43161 0.400792 0.359539 7.652567e-01 0.408
N:6 Run:3 0.363491 0.365284 0.361413 0.341585 0.336068 0.333212 0.343577 0.354633 0.368446 0.417692 0.44265 0.431092 0.415435 0.452753 0.431989 0.449214 0.445339 0.448921 0.403209 0.435589 0.383735 7.652567e-01 0.408
N:6 Run:4 0.371814 0.356078 0.330638 0.331997 0.356078 0.424135 0.481562 0.506214 0.523782 0.510116 0.517278 0.528611 0.489221 0.482786 0.428481 0.420792 0.387917 0.359143 0.346311 0.358118 0.372426 7.652567e-01 0.408
N:6 Run:5 0.344942 0.336358 0.339258 0.363883 0.363781 0.379913 0.387309 0.379142 0.365261 0.354652 0.364403 0.371753 0.366313 0.377588 0.370385 0.407474 0.401229 0.40214 0.373708 0.358599 0.354988 7.652567e-01 0.408
N:6 Run:6 0.357511 0.344787 0.42631 0.519278 0.569779 0.606616 0.631271 0.640002 0.649423 0.668703 0.664732 0.684833 0.682826 0.69124 0.663192 0.653912 0.626049 0.598527 0.551276 0.535666 0.454319 7.652567e-01 0.408
N:6 Run:7 0.425876 0.386586 0.482797 0.505458 0.487435 0.434379 0.477874 0.417154 0.401667 0.46731 0.48605 0.450388 0.459334 0.432928 0.394293 0.368996 0.342267 0.358482 0.354881 0.373856 0.383623 7.652567e-01 0.408
N:6 Run:8 0.327777 0.356797 0.361807 0.381889 0.392184 0.436693 0.523858 0.555033 0.596329 0.630549 0.626061 0.645858 0.652446 0.639877 0.652469 0.644881 0.638017 0.633004 0.602243 0.541261 0.500502 7.652567e-01 0.408
N:6 Run:9 0.397547 0.369553 0.373671 0.390115 0.429193 0.392976 0.400466 0.404565 0.364153 0.355326 0.392561 0.431182 0.421896 0.397612 0.379203 0.356956 0.366267 0.380443 0.361066 0.364704 0.370194 7.652567e-01 0.408
N:7 Run:0 0.32699 0.339655 0.366921 0.403532 0.479411 0.496774 0.541793 0.495908 0.432547 0.445704 0.442404 0.494998 0.499559 0.470614 0.418552 0.375107 0.359397 0.34977 0.341095 0.328997 0.323474 7.806485e-01 0.374
N:7 Run:1 0.437234 0.397691 0.385292 0.380929 0.399218 0.466871 0.523981 0.581562 0.628019 0.644344 0.644226 0.669626 0.661609 0.675214 0.670169 0.670384 0.665179 0.631487 0.606338 0.597482 0.547259 7.806485e-01 0.374
N:7 Run:2 0.383421 0.348325 0.49842 0.59709 0.642449 0.661985 0.677483 0.677936 0.672198 0.673297 0.67357 0.681032 0.632445 0.552805 0.530571 0.48214 0.415519 0.451551 0.43161 0.400792 0.359539 7.806485e-01 0.374
N:7 Run:3 0.363491 0.365284 0.361413 0.341585 0.336068 0.333212 0.343577 0.354633 0.368446 0.417692 0.44265 0.431092 0.415435 0.452753 0.431989 0.449214 0.445339 0.448921 0.403209 0.435589 0.383735 7.806485e-01 0.374
N:7 Run:4 0.371814 0.356078 0.330638 0.331997 0.356078 0.424135 0.481562 0.506214 0.523782 0.510116 0.517278 0.528611 0.489221 0.482786 0.428481 0.420792 0.387917 0.359143 0.346311 0.358118 0.372426 7.806485e-01 0.374
N:7 Run:5 0.344942 0.336358 0.339258 0.363883 0.363781 0.379913 0.387309 0.379142 0.365261 0.354652 0.364403 0.371753 0.366313 0.377588 0.370385 0.407474 0.401229 0.40214 0.373708 0.358599 0.354988 7.806485e-01 0.374
N:7 Run:6 0.357511 0.344787 0.42631 0.519278 0.569779 0.606616 0.631271 0.640002 0.649423 0.668703 0.664732 0.684833 0.682826 0.69124 0.663192 0.653912 0.626049 0.598527 0.551276 0.535666 0.454319 7.806485e-01 0.374
N:7 Run:7 0.425876 0.386586 0.482797 0.505458 0.487435 0.434379 0.477874 0.417154 0.401667 0.46731 0.48605 0.450388 0.459334 0.432928 0.394293 0.368996 0.342267 0.358482 0.354881 0.373856 0.383623 7.806485e-01 0.374
N:7 Run:8 0.327777 0.356797 0.361807 0.381889 0.392184 0.436693 0.523858 0.555033 0.596329 0.630549 0.626061 0.645858 0.652446 0.639877 0.652469 0.644881 0.638017 0.633004 0.602243 0.541261 0.500502 7.806485e-01 0.374
N:7 Run:9 0.397547 0.369553 0.373671 0.390115 0.429193 0.392976 0.400466 0.404565 0.364153 0.355326 0.392561 0.431182 0.421896 0.397612 0.379203 0.356956 0.366267 0.380443 0.361066 0.364704 0.370194 7.806485e-01 0.374
N:8 Run:0 0.32699 0.339655 0.366921 0.403532 0.479411 0.496774 0.541793 0.495908 0.432547 0.445704 0.442404 0.494998 0.499559 0.470614 0.418552 0.375107 0.359397 0.34977 0.341095 0.328997 0.323474 7.756672e-01 0.376
N:8 Run:1 0.437234 0.397691 0.385292 0.380929 0.399218 0.466871 0.523981 0.581562 0.628019 0.644344 0.644226 0.669626 0.661609 0.675214 0.670169 0.670384 0.665179 0.631487 0.606338 0.597482 0.547259 7.756672e-01 0.376
N:8 Run:2 0.383421 0.348325 0.49842 0.59709 0.642449 0.661985 0.677483 0.677936 0.672198 0.673297 0.67357 0.681032 0.632445 0.552805 0.530571 0.48214 0.415519 0.451551 0.43161 0.400792 0.359539 7.756672e-01 0.376
N:8 Run:3 0.363491 0.365284 0.361413 0.341585 0.336068 0.333212 0.343577 0.354633 0.368446 0.417692 0.44265 0.431092 0.415435 0.452753 0.431989 0.449214 0.445339 0.448921 0.403209 0.435589 0.383735 7.756672e-01 0.376
N:8 Run:4 0.371814 0.356078 0.330638 0.331997 0.356078 0.424135 0.481562 0.506214 0.523782 0.510116 0.517278 0.528611 0.489221 0.482786 0.428481 0.420792 0.387917 0.359143 0.346311 0.358118 0.372426 7.756672e-01 0.376
N:8 Run:5 0.344942 0.336358 0.339258 0.363883 0.363781 0.379913 0.387309 0.379142 0.365261 0.354652 0.364403 0.371753 0.366313 0.377588 0.370385 0.407474 0.401229 0.40214 0.373708 0.358599 0.354988 7.756672e-01 0.376
N:8 Run:6 0.357511 0.344787 0.42631 0.519278 0.569779 0.606616 0.631271 0.640002 0.649423 0.668703 0.664732 0.684833 0.682826 0.69124 0.663192 0.653912 0.626049 0.598527 0.551276 0.535666 0.454319 7.756672e-01 0.376
N:8 Run:7 0.425876 0.386586 0.482797 0.505458 0.487435 0.434379 0.477874 0.417154 0.401667 0.46731 0.48605 0.450388 0.459334 0.432928 0.394293 0.368996 0.342267 0.358482 0.354881 0.373856 0.383623 7.756672e-01 0.376
N:8 Run:8 0.327777 0.356797 0.361807 0.381889 0.392184 0.436693 0.523858 0.555033 0.596329 0.630549 0.626061 0.645858 0.652446 0.639877 0.652469 0.644881 0.638017 0.633004 0.602243 0.541261 0.500502 7.756672e-01 0.376
N:8 Run:9 0.397547 0.369553 0.373671 0.390115 0.429193 0.392976 0.400466 0.404565 0.364153 0.355326 0.392561 0.431182 0.421896 0.397612 0.379203 0.356956 0.366267 0.380443 0.361066 0.364704 0.370194 7.756672e-01 0.376
N:9 Run:0 0.32699 0.339655 0.366921 0.403532 0.479411 0.496774 0.541793 0.495908 0.432547 0.445704 0.442404 0.494998 0.499559 0.470614 0.418552 0.375107 0.359397 0.34977 0.341095 0.328997 0.323474 7.629610e-01 0.406
N:9 Run:1 0.437234 0.397691 0.385292 0.380929 0.399218 0.466871 0.523981 0.581562 0.628019 0.644344 0.644226 0.669626 0.661609 0.675214 0.670169 0.670384 0.665179 0.631487 0.606338 0.597482 0.547259 7.629610e-01 0.406
N:9 Run:2 0.383421 0.348325 0.49842 0.59709 0.642449 0.661985 0.677483 0.677936 0.672198 0.673297 0.67357 0.681032 0.632445 0.552805 0.530571 0.48214 0.415519 0.451551 0.43161 0.400792 0.359539 7.629610e-01 0.406
N:9 Run:3 0.363491 0.365284 0.361413 0.341585 0.336068 0.333212 0.343577 0.354633 0.368446 0.417692 0.44265 0.431092 0.415435 0.452753 0.431989 0.449214 0.445339 0.448921 0.403209 0.435589 0.383735 7.629610e-01 0.406
N:9 Run:4 0.371814 0.356078 0.330638 0.331997 0.356078 0.424135 0.481562 0.506214 0.523782 0.510116 0.517278 0.528611 0.489221 0.482786 0.428481 0.420792 0.387917 0.359143 0.346311 0.358118 0.372426 7.629610e-01 0.406
N:9 Run:5 0.344942 0.336358 0.339258 0.363883 0.363781 0.379913 0.387309 0.379142 0.365261 0.354652 0.364403 0.371753 0.366313 0.377588 0.370385 0.407474 0.401229 0.40214 0.373708 0.358599 0.354988 7.629610e-01 0.406
N:9 Run:6 0.357511 0.344787 0.42631 0.519278 0.569779 0.606616 0.631271 0.640002 0.649423 0.668703 0.664732 0.684833 0.682826 0.69124 0.663192 0.653912 0.626049 0.598527 0.551276 0.535666 0.454319 7.629610e-01 0.406
N:9 Run:7 0.425876 0.386586 0.482797 0.505458 0.487435 0.434379 0.477874 0.417154 0.401667 0.46731 0.48605 0.450388 0.459334 0.432928 0.394293 0.368996 0.342267 0.358482 0.354881 0.373856 0.383623 7.629610e-01 0.406
N:9 Run:8 0.327777 0.356797 0.361807 0.381889 0.392184 0.436693 0.523858 0.555033 0.596329 0.630549 0.626061 0.645858 0.652446 0.639877 0.652469 0.644881 0.638017 0.633004 0.602243 0.541261 0.500502 7.629610e-01 0.406
N:9 Run:9 0.397547 0.369553 0.373671 0.390115 0.429193 0.392976 0.400466 0.404565 0.364153 0.355326 0.392561 0.431182 0.421896 0.397612 0.379203 0.356956 0.366267 0.380443 0.361066 0.364704 0.370194 7.629610e-01 0.406
N:10 Run:0 0.32699 0.339655 0.366921 0.403532 0.479411 0.496774 0.541793 0.495908 0.432547 0.445704 0.442404 0.494998 0.499559 0.470614 0.418552 0.375107 0.359397 0.34977 0.341095 0.328997 0.323474 7.647436e-01 0.395
N:10 Run:1 0.437234 0.397691 0.385292 0.380929 0.399218 0.466871 0.523981 0.581562 0.628019 0.644344 0.644226 0.669626 0.661609 0.675214 0.670169 0.670384 0.665179 0.631487 0.606338 0.597482 0.547259 7.647436e-01 0.395
N:10 Run:2 0.383421 0.348325 0.49842 0.59709 0.642449 0.661985 0.677483 0.677936 0.672198 0.673297 0.67357 0.681032 0.632445 0.552805 0.530571 0.48214 0.415519 0.451551 0.43161 0.400792 0.359539 7.647436e-01 0.395
N:10 Run:3 0.363491 0.365284 0.361413 0.341585 0.336068 0.333212 0.343577 0.354633 0.368446 0.417692 0.44265 0.431092 0.415435 0.452753 0.431989 0.449214 0.445339 0.448921 0.403209 0.435589 0.383735 7.647436e-01 0.395
N:10 Run:4 0.371814 0.356078 0.330638 0.331997 0.356078 0.424135 0.481562 0.506214 0.523782 0.510116 0.517278 0.528611 0.489221 0.482786 0.428481 0.420792 0.387917 0.359143 0.346311 0.358118 0.372426 7.647436e-01 0.395
N:10 Run:5 0.344942 0.336358 0.339258 0.363883 0.363781 0.379913 0.387309 0.379142 0.365261 0.354652 0.364403 0.371753 0.366313 0.377588 0.370385 0.407474 0.401229 0.40214 0.373708 0.358599 0.354988 7.647436e-01 0.395
N:10 Run:6 0.357511 0.344787 0.42631 0.519278 0.569779 0.606616 0.631271 0.640002 0.649423 0.668703 0.664732 0.684833 0.682826 0.69124 0.663192 0.653912 0.626049 0.598527 0.551276 0.535666 0.454319 7.647436e-01 0.395
N:10 Run:7 0.425876 0.386586 0.482797 0.505458 0.487435 0.434379 0.477874 0.417154 0.401667 0.46731 0.48605 0.450388 0.459334 0.432928 0.394293 0.368996 0.342267 0.358482 0.354881 0.373856 0.383623 7.647436e-01 0.395
N:10 Run:8 0.327777 0.356797 0.361807 0.381889 0.392184 0.436693 0.523858 0.555033 0.596329 0.630549 0.626061 0.645858 0.652446 0.639877 0.652469 0.644881 0.638017 0.633004 0.602243 0.541261 0.500502 7.647436e-01 0.395
N:10 Run:9 0.397547 0.369553 0.373671 0.390115 0.429193 0.392976 0.400466 0.404565 0.364153 0.355326 0.392561 0.431182 0.421896 0.397612 0.379203 0.356956 0.366267 0.380443 0.361066 0.364704 0.370194 7.647436e-01 0.395
N:11 Run:0 0.32699 0.339655 0.366921 0.403532 0.479411 0.496774 0.541793 0.495908 0.432547 0.445704 0.442404 0.494998 0.499559 0.470614 0.418552 0.375107 0.359397 0.34977 0.341095 0.328997 0.323474 7.650110e-01 0.399
N:11 Run:1 0.437234 0.397691 0.385292 0.380929 0.399218 0.466871 0.523981 0.581562 0.628019 0.644344 0.644226 0.669626 0.661609 0.675214 0.670169 0.670384 0.665179 0.631487 0.606338 0.597482 0.547259 7.650110e-01 0.399
N:11 Run:2 0.383421 0.348325 0.49842 0.59709 0.642449 0.661985 0.677483 0.677936 0.672198 0.673297 0.67357 0.681032 0.632445 0.552805 0.530571 0.48214 0.415519 0.451551 0.43161 0.400792 0.359539 7.650110e-01 0.399
N:11 Run:3 0.363491 0.365284 0.361413 0.341585 0.336068 0.333212 0.343577 0.354633 0.368446 0.417692 0.44265 0.431092 0.415435 0.452753 0.431989 0.449214 0.445339 0.448921 0.403209 0.435589 0.383735 7.650110e-01 0.399
N:11 Run:4 0.371814 0.356078 0.330638 0.331997 0.356078 0.424135 0.481562 0.506214 0.523782 0.510116 0.517278 0.528611 0.489221 0.482786 0.428481 0.420792 0.387917 0.359143 0.346311 0.358118 0.372426 7.650110e-01 0.399
N:11 Run:5 0.344942 0.336358 0.339258 0.363883 0.363781 0.379913 0.387309 0.379142 0.365261 0.354652 0.364403 0.371753 0.366313 0.377588 0.370385 0.407474 0.401229 0.40214 0.373708 0.358599 0.354988 7.650110e-01 0.399
N:11 Run:6 0.357511 0.344787 0.42631 0.519278 0.569779 0.606616 0.631271 0.640002 0.649423 0.668703 0.664732 0.684833 0.682826 0.69124 0.663192 0.653912 0.626049 0.598527 0.551276 0.535666 0.454319 7.650110e-01 0.399
N:11 Run:7 0.425876 0.386586 0.482797 0.505458 0.487435 0.434379 0.477874 0.417154 0.401667 0.46731 0.48605 0.450388 0.459334 0.432928 0.394293 0.368996 0.342267 0.358482 0.354881 0.373856 0.383623 7.650110e-01 0.399
N:11 Run:8 0.327777 0.356797 0.361807 0.381889 0.392184 0.436693 0.523858 0.555033 0.596329 0.630549 0.626061 0.645858 0.652446 0.639877 0.652469 0.644881 0.638017 0.633004 0.602243 0.541261 0.500502 7.650110e-01 0.399
N:11 Run:9 0.397547 0.369553 0.373671 0.390115 0.429193 0.392976 0.400466 0.404565 0.364153 0.355326 0.392561 0.431182 0.421896 0.397612 0.379203 0.356956 0.366267 0.380443 0.361066 0.364704 0.370194 7.650110e-01 0.399
N:12 Run:0 0.32699 0.339655 0.366921 0.403532 0.479411 0.496774 0.541793 0.495908 0.432547 0.445704 0.442404 0.494998 0.499559 0.470614 0.418552 0.375107 0.359397 0.34977 0.341095 0.328997 0.323474 7.809219e-01 0.380
N:12 Run:1 0.437234 0.397691 0.385292 0.380929 0.399218 0.466871 0.523981 0.581562 0.628019 0.644344 0.644226 0.669626 0.661609 0.675214 0.670169 0.670384 0.665179 0.631487 0.606338 0.597482 0.547259 7.809219e-01 0.380
N:12 Run:2 0.383421 0.348325 0.49842 0.59709 0.642449 0.661985 0.677483 0.677936 0.672198 0.673297 0.67357 0.681032 0.632445 0.552805 0.530571 0.48214 0.415519 0.451551 0.43161 0.400792 0.359539 7.809219e-01 0.380
N:12 Run:3 0.363491 0.365284 0.361413 0.341585 0.336068 0.333212 0.343577 0.354633 0.368446 0.417692 0.44265 0.431092 0.415435 0.452753 0.431989 0.449214 0.445339 0.448921 0.403209 0.435589 0.383735 7.809219e-01 0.380
N:12 Run:4 0.371814 0.356078 0.330638 0.331997 0.356078 0.424135 0.481562 0.506214 0.523782 0.510116 0.517278 0.528611 0.489221 0.482786 0.428481 0.420792 0.387917 0.359143 0.346311 0.358118 0.372426 7.809219e-01 0.380
N:12 Run:5 0.344942 0.336358 0.339258 0.363883 0.363781 0.379913 0.387309 0.379142 0.365261 0.354652 0.364403 0.371753 0.366313 0.377588 0.370385 0.407474 0.401229 0.40214 0.373708 0.358599 0.354988 7.809219e-01 0.380
N:12 Run:6 0.357511 0.344787 0.42631 0.519278 0.569779 0.606616 0.631271 0.640002 0.649423 0.668703 0.664732 0.684833 0.682826 0.69124 0.663192 0.653912 0.626049 0.598527 0.551276 0.535666 0.454319 7.809219e-01 0.380
N:12 Run:7 0.425876 0.386586 0.482797 0.505458 0.487435 0.434379 0.477874 0.417154 0.401667 0.46731 0.48605 0.450388 0.459334 0.432928 0.394293 0.368996 0.342267 0.358482 0.354881 0.373856 0.383623 7.809219e-01 0.380
N:12 Run:8 0.327777 0.356797 0.361807 0.381889 0.392184 0.436693 0.523858 0.555033 0.596329 0.630549 0.626061 0.645858 0.652446 0.639877 0.652469 0.644881 0.638017 0.633004 0.602243 0.541261 0.500502 7.809219e-01 0.380
N:12 Run:9 0.397547 0.369553 0.373671 0.390115 0.429193 0.392976 0.400466 0.404565 0.364153 0.355326 0.392561 0.431182 0.421896 0.397612 0.379203 0.356956 0.366267 0.380443 0.361066 0.364704 0.370194 7.809219e-01 0.380
N:13 Run:0 0.32699 0.339655 0.366921 0.403532 0.479411 0.496774 0.541793 0.495908 0.432547 0.445704 0.442404 0.494998 0.499559 0.470614 0.418552 0.375107 0.359397 0.34977 0.341095 0.328997 0.323474 7.636541e-01 0.383
N:13 Run:1 0.437234 0.397691 0.385292 0.380929 0.399218 0.466871 0.523981 0.581562 0.628019 0.644344 0.644226 0.669626 0.661609 0.675214 0.670169 0.670384 0.665179 0.631487 0.606338 0.597482 0.547259 7.636541e-01 0.383
N:13 Run:2 0.383421 0.348325 0.49842 0.59709 0.642449 0.661985 0.677483 0.677936 0.672198 0.673297 0.67357 0.681032 0.632445 0.552805 0.530571 0.48214 0.415519 0.451551 0.43161 0.400792 0.359539 7.636541e-01 0.383
N:13 Run:3 0.363491 0.365284 0.361413 0.341585 0.336068 0.333212 0.343577 0.354633 0.368446 0.417692 0.44265 0.431092 0.415435 0.452753 0.431989 0.449214 0.445339 0.448921 0.403209 0.435589 0.383735 7.636541e-01 0.383
N:13 Run:4 0.371814 0.356078 0.330638 0.331997 0.356078 0.424135 0.481562 0.506214 0.523782 0.510116 0.517278 0.528611 0.489221 0.482786 0.428481 0.420792 0.387917 0.359143 0.346311 0.358118 0.372426 7.636541e-01 0.383
N:13 Run:5 0.344942 0.336358 0.339258 0.363883 0.363781 0.379913 0.387309 0.379142 0.365261 0.354652 0.364403 0.371753 0.366313 0.377588 0.370385 0.407474 0.401229 0.40214 0.373708 0.358599 0.354988 7.636541e-01 0.383
N:13 Run:6 0.357511 0.344787 0.42631 0.519278 0.569779 0.606616 0.631271 0.640002 0.649423 0.668703 0.664732 0.684833 0.682826 0.69124 0.663192 0.653912 0.626049 0.598527 0.551276 0.535666 0.454319 7.636541e-01 0.383
N:13 Run:7 0.425876 0.386586 0.482797 0.505458 0.487435 0.434379 0.477874 0.417154 0.401667 0.46731 0.48605 0.450388 0.459334 0.432928 0.394293 0.368996 0.342267 0.358482 0.354881 0.373856 0.383623 7.636541e-01 0.383
N:13 Run:8 0.327777 0.356797 0.361807 0.381889 0.392184 0.436693 0.523858 0.555033 0.596329 0.630549 0.626061 0.645858 0.652446 0.639877 0.652469 0.644881 0.638017 0.633004 0.602243 0.541261 0.500502 7.636541e-01 0.383
N:13 Run:9 0.397547 0.369553 0.373671 0.390115 0.429193 0.392976 0.400466 0.404565 0.364153 0.355326 0.392561 0.431182 0.421896 0.397612 0.379203 0.356956 0.366267 0.380443 0.361066 0.364704 0.370194 7.636541e-01 0.383
N:14 Run:0 0.32699 0.339655 0.366921 0.403532 0.479411 0.496774 0.541793 0.495908 0.432547 0.445704 0.442404 0.494998 0.499559 0.470614 0.418552 0.375107 0.359397 0.34977 0.341095 0.328997 0.323474 7.645394e-01 0.381
N:14 Run:1 0.437234 0.397691 0.385292 0.380929 0.399218 0.466871 0.523981 0.581562 0.628019 0.644344 0.644226 0.669626 0.661609 0.675214 0.670169 0.670384 0.665179 0.631487 0.606338 0.597482 0.547259 7.645394e-01 0.381
N:14 Run:2 0.383421 0.348325 0.49842 0.59709 0.642449 0.661985 0.677483 0.677936 0.672198 0.673297 0.67357 0.681032 0.632445 0.552805 0.530571 0.48214 0.415519 0.451551 0.43161 0.400792 0.359539 7.645394e-01 0.381
N:14 Run:3 0.363491 0.365284 0.361413 0.341585 0.336068 0.333212 0.343577 0.354633 0.368446 0.417692 0.44265 0.431092 0.415435 0.452753 0.431989 0.449214 0.445339 0.448921 0.403209 0.435589 0.383735 7.645394e-01 0.381
N:14 Run:4 0.371814 0.356078 0.330638 0.331997 0.356078 0.424135 0.481562 0.506214 0.523782 0.510116 0.517278 0.528611 0.489221 0.482786 0.428481 0.420792 0.387917 0.359143 0.346311 0.358118 0.372426 7.645394e-01 0.381
N:14 Run:5 0.344942 0.336358 0.339258 0.363883 0.363781 0.379913 0.387309 0.379142 0.365261 0.354652 0.364403 0.371753 0.366313 0.377588 0.370385 0.407474 0.401229 0.40214 0.373708 0.358599 0.354988 7.645394e-01 0.381
N:14 Run:6 0.357511 0.344787 0.42631 0.519278 0.569779 0.606616 0.631271 0.640002 0.649423 0.668703 0.664732 0.684833 0.682826 0.69124 0.663192 0.653912 0.626049 0.598527 0.551276 0.535666 0.454319 7.645394e-01 0.381
N:14 Run:7 0.425876 0.386586 0.482797 0.505458 0.487435 0.434379 0.477874 0.417154 0.401667 0.46731 0.48605 0.450388 0.459334 0.432928 0.394293 0.368996 0.342267 0.358482 0.354881 0.373856 0.383623 7.645394e-01 0.381
N:14 Run:8 0.327777 0.356797 0.361807 0.381889 0.392184 0.436693 0.523858 0.555033 0.596329 0.630549 0.626061 0.645858 0.652446 0.639877 0.652469 0.644881 0.638017 0.633004 0.602243 0.541261 0.500502 7.645394e-01 0.381
N:14 Run:9 0.397547 0.369553 0.373671 0.390115 0.429193 0.392976 0.400466 0.404565 0.364153 0.355326 0.392561 0.431182 0.421896 0.397612 0.379203 0.356956 0.366267 0.380443 0.361066 0.364704 0.370194 7.645394e-01 0.381
N:15 Run:0 0.32699 0.339655 0.366921 0.403532 0.479411 0.496774 0.541793 0.495908 0.432547 0.445704 0.442404 0.494998 0.499559 0.470614 0.418552 0.375107 0.359397 0.34977 0.341095 0.328997 0.323474 7.770482e-01 0.379
N:15 Run:1 0.437234 0.397691 0.385292 0.380929 0.399218 0.466871 0.523981 0.581562 0.628019 0.644344 0.644226 0.669626 0.661609 0.675214 0.670169 0.670384 0.665179 0.631487 0.606338 0.597482 0.547259 7.770482e-01 0.379
N:15 Run:2 0.383421 0.348325 0.49842 0.59709 0.642449 0.661985 0.677483 0.677936 0.672198 0.673297 0.67357 0.681032 0.632445 0.552805 0.530571 0.48214 0.415519 0.451551 0.43161 0.400792 0.359539 7.770482e-01 0.379
N:15 Run:3 0.363491 0.365284 0.361413 0.341585 0.336068 0.333212 0.343577 0.354633 0.368446 0.417692 0.44265 0.431092 0.415435 0.452753 0.431989 0.449214 0.445339 0.448921 0.403209 0.435589 0.383735 7.770482e-01 0.379
N:15 Run:4 0.371814 0.356078 0.330638 0.331997 0.356078 0.424135 0.481562 0.506214 0.523782 0.510116 0.517278 0.528611 0.489221 0.482786 0.428481 0.420792 0.387917 0.359143 0.346311 0.358118 0.372426 7.770482e-01 0.379
N:15 Run:5 0.344942 0.336358 0.339258 0.363883 0.363781 0.379913 0.387309 0.379142 0.365261 0.354652 0.364403 0.371753 0.366313 0.377588 0.370385 0.407474 0.401229 0.40214 0.373708 0.358599 0.354988 7.770482e-01 0.379
N:15 Run:6 0.357511 0.344787 0.42631 0.519278 0.569779 0.606616 0.631271 0.640002 0.649423 0.668703 0.664732 0.684833 0.682826 0.69124 0.663192 0.653912 0.626049 0.598527 0.551276 0.535666 0.454319 7.770482e-01 0.379
N:15 Run:7 0.425876 0.386586 0.482797 0.505458 0.487435 0.434379 0.477874 0.417154 0.401667 0.46731 0.48605 0.450388 0.459334 0.432928 0.394293 0.368996 0.342267 0.358482 0.354881 0.373856 0.383623 7.770482e-01 0.379
N:15 Run:8 0.327777 0.356797 0.361807 0.381889 0.392184 0.436693 0.523858 0.555033 0.596329 0.630549 0.626061 0.645858 0.652446 0.639877 0.652469 0.644881 0.638017 0.633004 0.602243 0.541261 0.500502 7.770482e-01 0.379
N:15 Run:9 0.397547 0.369553 0.373671 0.390115 0.429193 0.392976 0.400466 0.404565 0.364153 0.355326 0.392561 0.431182 0.421896 0.397612 0.379203 0.356956 0.366267 0.380443 0.361066 0.364704 0.370194 7.770482e-01 0.379
N:16 Run:0 0.32699 0.342849 0.397125 0.428969 0.459707 0.470183 0.486358 0.475981 0.456791 0.460797 0.461551 0.47707 0.485358 0.455637 0.406596 0.37394 0.358132 0.352956 0.347846 0.345281 0.34437 7.586141e-01 0.412
N:16 Run:1 0.437234 0.398526 0.370616 0.360206 0.389663 0.469023 0.522483 0.587027 0.614924 0.648721 0.658109 0.660037 0.676751 0.669651 0.664005 0.650874 0.643785 0.630377 0.621944 0.58368 0.544521 7.586141e-01 0.412
N:16 Run:2 0.383421 0.362814 0.510252 0.595584 0.633666 0.652386 0.657689 0.667458 0.664357 0.659932 0.666083 0.669859 0.611814 0.550349 0.534512 0.467536 0.428368 0.460035 0.448831 0.406426 0.373466 7.586141e-01 0.412
N:16 Run:3 0.363491 0.356745 0.350797 0.346705 0.344776 0.343919 0.358814 0.355146 0.35564 0.399081 0.438539 0.40447 0.424944 0.462327 0.459454 0.470373 0.453964 0.442779 0.391429 0.435895 0.388731 7.586141e-01 0.412
N:16 Run:4 0.371814 0.359993 0.354182 0.349804 0.352558 0.424853 0.487657 0.512517 0.523009 0.51351 0.51902 0.53902 0.489126 0.486462 0.438518 0.419811 0.382449 0.361921 0.356284 0.352674 0.395108 7.586141e-01 0.412
N:16 Run:5 0.344942 0.344271 0.344269 0.348286 0.35765 0.352173 0.353358 0.37147 0.360001 0.351368 0.350877 0.351692 0.352183 0.353738 0.351054 0.403363 0.390329 0.400113 0.375789 0.359217 0.351195 7.586141e-01 0.412
N:16 Run:6 0.357511 0.357236 0.443657 0.555439 0.616184 0.644395 0.671127 0.679092 0.680235 0.684434 0.690061 0.69492 0.682862 0.673391 0.668092 0.643464 0.622784 0.587686 0.547662 0.537064 0.467522 7.586141e-01 0.412
N:16 Run:7 0.425876 0.383163 0.44732 0.468034 0.469781 0.45647 0.470832 0.451197 0.447284 0.468158 0.474882 0.463399 0.471098 0.465275 0.407867 0.378002 0.359774 0.352853 0.351879 0.370666 0.380346 7.586141e-01 0.412
N:16 Run:8 0.327777 0.344948 0.35567 0.364709 0.371311 0.433376 0.522968 0.568296 0.608993 0.622134 0.635481 0.637911 0.647655 0.64373 0.652421 0.645795 0.637522 0.618718 0.584755 0.538979 0.507684 7.586141e-01 0.412
N:16 Run:9 0.397547 0.370043 0.363753 0.381001 0.409049 0.37814 0.379986 0.408867 0.398252 0.380855 0.386715 0.437748 0.399656 0.372599 0.389526 0.376425 0.373165 0.367495 0.354936 0.353341 0.372309 7.586141e-01 0.412
N:17 Run:0 0.32699 0.342849 0.397125 0.428969 0.459707 0.470183 0.486358 0.475981 0.456791 0.460797 0.461551 0.47707 0.485358 0.455637 0.406596 0.37394 0.358132 0.352956 0.347846 0.345281 0.34437 7.635894e-01 0.395
N:17 Run:1 0.437234 0.398526 0.370616 0.360206 0.389663 0.469023 0.522483 0.587027 0.614924 0.648721 0.658109 0.660037 0.676751 0.669651 0.664005 0.650874 0.643785 0.630377 0.621944 0.58368 0.544521 7.635894e-01 0.395
N:17 Run:2 0.383421 0.362814 0.510252 0.595584 0.633666 0.652386 0.657689 0.667458 0.664357 0.659932 0.666083 0.669859 0.611814 0.550349 0.534512 0.467536 0.428368 0.460035 0.448831 0.406426 0.373466 7.635894e-01 0.395
N:17 Run:3 0.363491 0.356745 0.350797 0.346705 0.344776 0.343919 0.358814 0.355146 0.35564 0.399081 0.438539 0.40447 0.424944 0.462327 0.459454 0.470373 0.453964 0.442779 0.391429 0.435895 0.388731 7.635894e-01 0.395
N:17 Run:4 0.371814 0.359993 0.354182 0.349804 0.352558 0.424853 0.487657 0.512517 0.523009 0.51351 0.51902 0.53902 0.489126 0.486462 0.438518 0.419811 0.382449 0.361921 0.356284 0.352674 0.395108 7.635894e-01 0.395
N:17 Run:5 0.344942 0.344271 0.344269 0.348286 0.35765 0.352173 0.353358 0.37147 0.360001 0.351368 0.350877 0.351692 0.352183 0.353738 0.351054 0.403363 0.390329 0.400113 0.375789 0.359217 0.351195 7.635894e-01 0.395
N:17 Run:6 0.357511 0.357236 0.443657 0.555439 0.616184 0.644395 0.671127 0.679092 0.680235 0.684434 0.690061 0.69492 0.682862 0.673391 0.668092 0.643464 0.622784 0.587686 0.547662 0.537064 0.467522 7.635894e-01 0.395
N:17 Run:7 0.425876 0.383163 0.44732 0.468034 0.469781 0.45647 0.470832 0.451197 0.447284 0.468158 0.474882 0.463399 0.471098 0.465275 0.407867 0.378002 0.359774 0.352853 0.351879 0.370666 0.380346 7.635894e-01 0.395
N:17 Run:8 0.327777 0.344948 0.35567 0.364709 0.371311 0.433376 0.522968 0.568296 0.608993 0.622134 0.635481 0.637911 0.647655 0.64373 0.652421 0.645795 0.637522 0.618718 0.584755 0.538979 0.507684 7.635894e-01 0.395
N:17 Run:9 0.397547 0.370043 0.363753 0.381001 0.409049 0.37814 0.379986 0.408867 0.398252 0.380855 0.386715 0.437748 0.399656 0.372599 0.389526 0.376425 0.373165 0.367495 0.354936 0.353341 0.372309 7.635894e-01 0.395
N:18 Run:0 0.32699 0.342849 0.397125 0.428969 0.459707 0.470183 0.486358 0.475981 0.456791 0.460797 0.461551 0.47707 0.485358 0.455637 0.406596 0.37394 0.358132 0.352956 0.347846 0.345281 0.34437 7.694043e-01 0.414
N:18 Run:1 0.437234 0.398526 0.370616 0.360206 0.389663 0.469023 0.522483 0.587027 0.614924 0.648721 0.658109 0.660037 0.676751 0.669651 0.664005 0.650874 0.643785 0.630377 0.621944 0.58368 0.544521 7.694043e-01 0.414
N:18 Run:2 0.383421 0.362814 0.510252 0.595584 0.633666 0.652386 0.657689 0.667458 0.664357 0.659932 0.666083 0.669859 0.611814 0.550349 0.534512 0.467536 0.428368 0.460035 0.448831 0.406426 0.373466 7.694043e-01 0.414
N:18 Run:3 0.363491 0.356745 0.350797 0.346705 0.344776 0.343919 0.358814 0.355146 0.35564 0.399081 0.438539 0.40447 0.424944 0.462327 0.459454 0.470373 0.453964 0.442779 0.391429 0.435895 0.388731 7.694043e-01 0.414
N:18 Run:4 0.371814 0.359993 0.354182 0.349804 0.352558 0.424853 0.487657 0.512517 0.523009 0.51351 0.51902 0.53902 0.489126 0.486462 0.438518 0.419811 0.382449 0.361921 0.356284 0.352674 0.395108 7.694043e-01 0.414
N:18 Run:5 0.344942 0.344271 0.344269 0.348286 0.35765 0.352173 0.353358 0.37147 0.360001 0.351368 0.350877 0.351692 0.352183 0.353738 0.351054 0.403363 0.390329 0.400113 0.375789 0.359217 0.351195 7.694043e-01 0.414
N:18 Run:6 0.357511 0.357236 0.443657 0.555439 0.616184 0.644395 0.671127 0.679092 0.680235 0.684434 0.690061 0.69492 0.682862 0.673391 0.668092 0.643464 0.622784 0.587686 0.547662 0.537064 0.467522 7.694043e-01 0.414
N:18 Run:7 0.425876 0.383163 0.44732 0.468034 0.469781 0.45647 0.470832 0.451197 0.447284 0.468158 0.474882 0.463399 0.471098 0.465275 0.407867 0.378002 0.359774 0.352853 0.351879 0.370666 0.380346 7.694043e-01 0.414
N:18 Run:8 0.327777 0.344948 0.35567 0.364709 0.371311 0.433376 0.522968 0.568296 0.608993 0.622134 0.635481 0.637911 0.647655 0.64373 0.652421 0.645795 0.637522 0.618718 0.584755 0.538979 0.507684 7.694043e-01 0.414
N:18 Run:9 0.397547 0.370043 0.363753 0.381001 0.409049 0.37814 0.379986 0.408867 0.398252 0.380855 0.386715 0.437748 0.399656 0.372599 0.389526 0.376425 0.373165 0.367495 0.354936 0.353341 0.372309 7.694043e-01 0.414
N:19 Run:0 0.32699 0.342849 0.397125 0.428969 0.459707 0.470183 0.486358 0.475981 0.456791 0.460797 0.461551 0.47707 0.485358 0.455637 0.406596 0.37394 0.358132 0.352956 0.347846 0.345281 0.34437 7.646334e-01 0.408
N:19 Run:1 0.437234 0.398526 0.370616 0.360206 0.389663 0.469023 0.522483 0.587027 0.614924 0.648721 0.658109 0.660037 0.676751 0.669651 0.664005 0.650874 0.643785 0.630377 0.621944 0.58368 0.544521 7.646334e-01 0.408
N:19 Run:2 0.383421 0.362814 0.510252 0.595584 0.633666 0.652386 0.657689 0.667458 0.664357 0.659932 0.666083 0.669859 0.611814 0.550349 0.534512 0.467536 0.428368 0.460035 0.448831 0.406426 0.373466 7.646334e-01 0.408
N:19 Run:3 0.363491 0.356745 0.350797 0.346705 0.344776 0.343919 0.358814 0.355146 0.35564 0.399081 0.438539 0.40447 0.424944 0.462327 0.459454 0.470373 0.453964 0.442779 0.391429 0.435895 0.388731 7.646334e-01 0.408
N:19 Run:4 0.371814 0.359993 0.354182 0.349804 0.352558 0.424853 0.487657 0.512517 0.523009 0.51351 0.51902 0.53902 0.489126 0.486462 0.438518 0.419811 0.382449 0.361921 0.356284 0.352674 0.395108 7.646334e-01 0.408
N:19 Run:5 0.344942 0.344271 0.344269 0.348286 0.35765 0.352173 0.353358 0.37147 0.360001 0.351368 0.350877 0.351692 0.352183 0.353738 0.351054 0.403363 0.390329 0.400113 0.375789 0.359217 0.351195 7.646334e-01 0.408
N:19 Run:6 0.357511 0.357236 0.443657 0.555439 0.616184 0.644395 0.671127 0.679092 0.680235 0.684434 0.690061 0.69492 0.682862 0.673391 0.668092 0.643464 0.622784 0.587686 0.547662 0.537064 0.467522 7.646334e-01 0.408
N:19 Run:7 0.425876 0.383163 0.44732 0.468034 0.469781 0.45647 0.470832 0.451197 0.447284 0.468158 0.474882 0.463399 0.471098 0.465275 0.407867 0.378002 0.359774 0.352853 0.351879 0.370666 0.380346 7.646334e-01 0.408
N:19 Run:8 0.327777 0.344948 0.35567 0.364709 0.371311 0.433376 0.522968 0.568296 0.608993 0.622134 0.635481 0.637911 0.647655 0.64373 0.652421 0.645795 0.637522 0.618718 0.584755 0.538979 0.507684 7.646334e-01 0.408
N:19 Run:9 0.397547 0.370043 0.363753 0.381001 0.409049 0.37814 0.379986 0.408867 0.398252 0.380855 0.386715 0.437748 0.399656 0.372599 0.389526 0.376425 0.373165 0.367495 0.354936 0.353341 0.372309 7.646334e-01 0.408
N:20 Run:0 0.32699 0.342849 0.397125 0.428969 0.459707 0.470183 0.486358 0.475981 0.456791 0.460797 0.461551 0.47707 0.485358 0.455637 0.406596 0.37394 0.358132 0.352956 0.347846 0.345281 0.34437 7.847403e-01 0.402
N:20 Run:1 0.437234 0.398526 0.370616 0.360206 0.389663 0.469023 0.522483 0.587027 0.614924 0.648721 0.658109 0.660037 0.676751 0.669651 0.664005 0.650874 0.643785 0.630377 0.621944 0.58368 0.544521 7.847403e-01 0.402
N:20 Run:2 0.383421 0.362814 0.510252 0.595584 0.633666 0.652386 0.657689 0.667458 0.664357 0.659932 0.666083 0.669859 0.611814 0.550349 0.534512 0.467536 0.428368 0.460035 0.448831 0.406426 0.373466 7.847403e-01 0.402
N:20 Run:3 0.363491 0.356745 0.350797 0.346705 0.344776 0.343919 0.358814 0.355146 0.35564 0.399081 0.438539 0.40447 0.424944 0.462327 0.459454 0.470373 0.453964 0.442779 0.391429 0.435895 0.388731 7.847403e-01 0.402
N:20 Run:4 0.371814 0.359993 0.354182 0.349804 0.352558 0.424853 0.487657 0.512517 0.523009 0.51351 0.51902 0.53902 0.489126 0.486462 0.438518 0.419811 0.382449 0.361921 0.356284 0.352674 0.395108 7.847403e-01 0.402
N:20 Run:5 0.344942 0.344271 0.344269 0.348286 0.35765 0.352173 0.353358 0.37147 0.360001 0.351368 0.350877 0.351692 0.352183 0.353738 0.351054 0.403363 0.390329 0.400113 0.375789 0.359217 0.351195 7.847403e-01 0.402
N:20 Run:6 0.357511 0.357236 0.443657 0.555439 0.616184 0.644395 0.671127 0.679092 0.680235 0.684434 0.690061 0.69492 0.682862 0.673391 0.668092 0.643464 0.622784 0.587686 0.547662 0.537064 0.467522 7.847403e-01 0.402
N:20 Run:7 0.425876 0.383163 0.44732 0.468034 0.469781 0.45647 0.470832 0.451197 0.447284 0.468158 0.474882 0.463399 0.471098 0.465275 0.407867 0.378002 0.359774 0.352853 0.351879 0.370666 0.380346 7.847403e-01 0.402
N:20 Run:8 0.327777 0.344948 0.35567 0.364709 0.371311 0.433376 0.522968 0.568296 0.608993 0.622134 0.635481 0.637911 0.647655 0.64373 0.652421 0.645795 0.637522 0.618718 0.584755 0.538979 0.507684 7.847403e-01 0.402
N:20 Run:9 0.397547 0.370043 0.363753 0.381001 0.409049 0.37814 0.379986 0.408867 0.398252 0.380855 0.386715 0.437748 0.399656 0.372599 0.389526 0.376425 0.373165 0.367495 0.354936 0.353341 0.372309 7.847403e-01 0.402
N:21 Run:0 0.32699 0.342849 0.397125 0.428969 0.459707 0.470183 0.486358 0.475981 0.456791 0.460797 0.461551 0.47707 0.485358 0.455637 0.406596 0.37394 0.358132 0.352956 0.347846 0.345281 0.34437 7.810906e-01 0.402
N:21 Run:1 0.437234 0.398526 0.370616 0.360206 0.389663 0.469023 0.522483 0.587027 0.614924 0.648721 0.658109 0.660037 0.676751 0.669651 0.664005 0.650874 0.643785 0.630377 0.621944 0.58368 0.544521 7.810906e-01 0.402
N:21 Run:2 0.383421 0.362814 0.510252 0.595584 0.633666 0.652386 0.657689 0.667458 0.664357 0.659932 0.666083 0.669859 0.611814 0.550349 0.534512 0.467536 0.428368 0.460035 0.448831 0.406426 0.373466 7.810906e-01 0.402
N:21 Run:3 0.363491 0.356745 0.350797 0.346705 0.344776 0.343919 0.358814 0.355146 0.35564 0.399081 0.438539 0.40447 0.424944 0.462327 0.459454 0.470373 0.453964 0.442779 0.391429 0.435895 0.388731 7.810906e-01 0.402
N:21 Run:4 0.371814 0.359993 0.354182 0.349804 0.352558 0.424853 0.487657 0.512517 0.523009 0.51351 0.51902 0.53902 0.489126 0.486462 0.438518 0.419811 0.382449 0.361921 0.356284 0.352674 0.395108 7.810906e-01 0.402
N:21 Run:5 0.344942 0.344271 0.344269 0.348286 0.35765 0.352173 0.353358 0.37147 0.360001 0.351368 0.350877 0.351692 0.352183 0.353738 0.351054 0.403363 0.390329 0.400113 0.375789 0.359217 0.351195 7.810906e-01 0.402
N:21 Run:6 0.357511 0.357236 0.443657 0.555439 0.616184 0.644395 0.671127 0.679092 0.680235 0.684434 0.690061 0.69492 0.682862 0.673391 0.668092 0.643464 0.622784 0.587686 0.547662 0.537064 0.467522 7.810906e-01 0.402
N:21 Run:7 0.425876 0.383163 0.44732 0.468034 0.469781 0.45647 0.470832 0.451197 0.447284 0.468158 0.474882 0.463399 0.471098 0.465275 0.407867 0.378002 0.359774 0.352853 0.351879 0.370666 0.380346 7.810906e-01 0.402
N:21 Run:8 0.327777 0.344948 0.35567 0.364709 0.371311 0.433376 0.522968 0.568296 0.608993 0.622134 0.635481 0.637911 0.647655 0.64373 0.652421 0.645795 0.637522 0.618718 0.584755 0.538979 0.507684 7.810906e-01 0.402
N:21 Run:9 0.397547 0.370043 0.363753 0.381001 0.409049 0.37814 0.379986 0.408867 0.398252 0.380855 0.386715 0.437748 0.399656 0.372599 0.389526 0.376425 0.373165 0.367495 0.354936 0.353341 0.372309 7.810906e-01 0.402
N:22 Run:0 0.32699 0.342849 0.397125 0.428969 0.459707 0.470183 0.486358 0.475981 0.456791 0.460797 0.461551 0.47707 0.485358 0.455637 0.406596 0.37394 0.358132 0.352956 0.347846 0.345281 0.34437 7.783633e-01 0.394
N:22 Run:1 0.437234 0.398526 0.370616 0.360206 0.389663 0.469023 0.522483 0.587027 0.614924 0.648721 0.658109 0.660037 0.676751 0.669651 0.664005 0.650874 0.643785 0.630377 0.621944 0.58368 0.544521 7.783633e-01 0.394
N:22 Run:2 0.383421 0.362814 0.510252 0.595584 0.633666 0.652386 0.657689 0.667458 0.664357 0.659932 0.666083 0.669859 0.611814 0.550349 0.534512 0.467536 0.428368 0.460035 0.448831 0.406426 0.373466 7.783633e-01 0.394
N:22 Run:3 0.363491 0.356745 0.350797 0.346705 0.344776 0.343919 0.358814 0.355146 0.35564 0.399081 0.438539 0.40447 0.424944 0.462327 0.459454 0.470373 0.453964 0.442779 0.391429 0.435895 0.388731 7.783633e-01 0.394
N:22 Run:4 0.371814 0.359993 0.354182 0.349804 0.352558 0.424853 0.487657 0.512517 0.523009 0.51351 0.51902 0.53902 0.489126 0.486462 0.438518 0.419811 0.382449 0.361921 0.356284 0.352674 0.395108 7.783633e-01 0.394
N:22 Run:5 0.344942 0.344271 0.344269 0.348286 0.35765 0.352173 0.353358 0.37147 0.360001 0.351368 0.350877 0.351692 0.352183 0.353738 0.351054 0.403363 0.390329 0.400113 0.375789 0.359217 0.351195 7.783633e-01 0.394
N:22 Run:6 0.357511 0.357236 0.443657 0.555439 0.616184 0.644395 0.671127 0.679092 0.680235 0.684434 0.690061 0.69492 0.682862 0.673391 0.668092 0.643464 0.622784 0.587686 0.547662 0.537064 0.467522 7.783633e-01 0.394
N:22 Run:7 0.425876 0.383163 0.44732 0.468034 0.469781 0.45647 0.470832 0.451197 0.447284 0.468158 0.474882 0.463399 0.471098 0.465275 0.407867 0.378002 0.359774 0.352853 0.351879 0.370666 0.380346 7.783633e-01 0.394
N:22 Run:8 0.327777 0.344948 0.35567 0.364709 0.371311 0.433376 0.522968 0.568296 0.608993 0.622134 0.635481 0.637911 0.647655 0.64373 0.652421 0.645795 0.637522 0.618718 0.584755 0.538979 0.507684 7.783633e-01 0.394
N:22 Run:9 0.397547 0.370043 0.363753 0.381001 0.409049 0.37814 0.379986 0.408867 0.398252 0.380855 0.386715 0.437748 0.399656 0.372599 0.389526 0.376425 0.373165 0.367495 0.354936 0.353341 0.372309 7.783633e-01 0.394
N:23 Run:0 0.32699 0.342849 0.397125 0.428969 0.459707 0.470183 0.486358 0.475981 0.456791 0.460797 0.461551 0.47707 0.485358 0.455637 0.406596 0.37394 0.358132 0.352956 0.347846 0.345281 0.34437 7.628683e-01 0.411
N:23 Run:1 0.437234 0.398526 0.370616 0.360206 0.389663 0.469023 0.522483 0.587027 0.614924 0.648721 0.658109 0.660037 0.676751 0.669651 0.664005 0.650874 0.643785 0.630377 0.621944 0.58368 0.544521 7.628683e-01 0.411
N:23 Run:2 0.383421 0.362814 0.510252 0.595584 0.633666 0.652386 0.657689 0.667458 0.664357 0.659932 0.666083 0.669859 0.611814 0.550349 0.534512 0.467536 0.428368 0.460035 0.448831 0.406426 0.373466 7.628683e-01 0.411
N:23 Run:3 0.363491 0.356745 0.350797 0.346705 0.344776 0.343919 0.358814 0.355146 0.35564 0.399081 0.438539 0.40447 0.424944 0.462327 0.459454 0.470373 0.453964 0.442779 0.391429 0.435895 0.388731 7.628683e-01 0.411
N:23 Run:4 0.371814 0.359993 0.354182 0.349804 0.352558 0.424853 0.487657 0.512517 0.523009 0.51351 0.51902 0.53902 0.489126 0.486462 0.438518 0.419811 0.382449 0.361921 0.356284 0.352674 0.395108 7.628683e-01 0.411
N:23 Run:5 0.344942 0.344271 0.344269 0.348286 0.35765 0.352173 0.353358 0.37147 0.360001 0.351368 0.350877 0.351692 0.352183 0.353738 0.351054 0.403363 0.390329 0.400113 0.375789 0.359217 0.351195 7.628683e-01 0.411
N:23 Run:6 0.357511 0.357236 0.443657 0.555439 0.616184 0.644395 0.671127 0.679092 0.680235 0.684434 0.690061 0.69492 0.682862 0.673391 0.668092 0.643464 0.622784 0.587686 0.547662 0.537064 0.467522 7.628683e-01 0.411
N:23 Run:7 0.425876 0.383163 0.44732 0.468034 0.469781 0.45647 0.470832 0.451197 0.447284 0.468158 0.474882 0.463399 0.471098 0.465275 0.407867 0.378002 0.359774 0.352853 0.351879 0.370666 0.380346 7.628683e-01 0.411
N:23 Run:8 0.327777 0.344948 0.35567 0.364709 0.371311 0.433376 0.522968 0.568296 0.608993 0.622134 0.635481 0.637911 0.647655 0.64373 0.652421 0.645795 0.637522 0.618718 0.584755 0.538979 0.507684 7.628683e-01 0.411
N:23 Run:9 0.397547 0.370043 0.363753 0.381001 0.409049 0.37814 0.379986 0.408867 0.398252 0.380855 0.386715 0.437748 0.399656 0.372599 0.389526 0.376425 0.373165 0.367495 0.354936 0.353341 0.372309 7.628683e-01 0.411
N:24 Run:0 0.32699 0.342849 0.397125 0.428969 0.459707 0.470183 0.486358 0.475981 0.456791 0.460797 0.461551 0.47707 0.485358 0.455637 0.406596 0.37394 0.358132 0.352956 0.347846 0.345281 0.34437 7.640896e-01 0.412
N:24 Run:1 0.437234 0.398526 0.370616 0.360206 0.389663 0.469023 0.522483 0.587027 0.614924 0.648721 0.658109 0.660037 0.676751 0.669651 0.664005 0.650874 0.643785 0.630377 0.621944 0.58368 0.544521 7.640896e-01 0.412
N:24 Run:2 0.383421 0.362814 0.510252 0.595584 0.633666 0.652386 0.657689 0.667458 0.664357 0.659932 0.666083 0.669859 0.611814 0.550349 0.534512 0.467536 0.428368 0.460035 0.448831 0.406426 0.373466 7.640896e-01 0.412
N:24 Run:3 0.363491 0.356745 0.350797 0.346705 0.344776 0.343919 0.358814 0.355146 0.35564 0.399081 0.438539 0.40447 0.424944 0.462327 0.459454 0.470373 0.453964 0.442779 0.391429 0.435895 0.388731 7.640896e-01 0.412
N:24 Run:4 0.371814 0.359993 0.354182 0.349804 0.352558 0.424853 0.487657 0.512517 0.523009 0.51351 0.51902 0.53902 0.489126 0.486462 0.438518 0.419811 0.382449 0.361921 0.356284 0.352674 0.395108 7.640896e-01 0.412
N:24 Run:5 0.344942 0.344271 0.344269 0.348286 0.35765 0.352173 0.353358 0.37147 0.360001 0.351368 0.350877 0.351692 0.352183 0.353738 0.351054 0.403363 0.390329 0.400113 0.375789 0.359217 0.351195 7.640896e-01 0.412
N:24 Run:6 0.357511 0.357236 0.443657 0.555439 0.616184 0.644395 0.671127 0.679092 0.680235 0.684434 0.690061 0.69492 0.682862 0.673391 0.668092 0.643464 0.622784 0.587686 0.547662 0.537064 0.467522 7.640896e-01 0.412
N:24 Run:7 0.425876 0.383163 0.44732 0.468034 0.469781 0.45647 0.470832 0.451197 0.447284 0.468158 0.474882 0.463399 0.471098 0.465275 0.407867 0.378002 0.359774 0.352853 0.351879 0.370666 0.380346 7.640896e-01 0.412
N:24 Run:8 0.327777 0.344948 0.35567 0.364709 0.371311 0.433376 0.522968 0.568296 0.608993 0.622134 0.635481 0.637911 0.647655 0.64373 0.652421 0.645795 0.637522 0.618718 0.584755 0.538979 0.507684 7.640896e-01 0.412
N:24 Run:9 0.397547 0.370043 0.363753 0.381001 0.409049 0.37814 0.379986 0.408867 0.398252 0.380855 0.386715 0.437748 0.399656 0.372599 0.389526 0.376425 0.373165 0.367495 0.354936 0.353341 0.372309 7.640896e-01 0.412
N:25 Run:0 0.32699 0.342849 0.397125 0.428969 0.459707 0.470183 0.486358 0.475981 0.456791 0.460797 0.461551 0.47707 0.485358 0.455637 0.406596 0.37394 0.358132 0.352956 0.347846 0.345281 0.34437 7.735087e-01 0.394
N:25 Run:1 0.437234 0.398526 0.370616 0.360206 0.389663 0.469023 0.522483 0.587027 0.614924 0.648721 0.658109 0.660037 0.676751 0.669651 0.664005 0.650874 0.643785 0.630377 0.621944 0.58368 0.544521 7.735087e-01 0.394
N:25 Run:2 0.383421 0.362814 0.510252 0.595584 0.633666 0.652386 0.657689 0.667458 0.664357 0.659932 0.666083 0.669859 0.611814 0.550349 0.534512 0.467536 0.428368 0.460035 0.448831 0.406426 0.373466 7.735087e-01 0.394
N:25 Run:3 0.363491 0.356745 0.350797 0.346705 0.344776 0.343919 0.358814 0.355146 0.35564 0.399081 0.438539 0.40447 0.424944 0.462327 0.459454 0.470373 0.453964 0.442779 0.391429 0.435895 0.388731 7.735087e-01 0.394
N:25 Run:4 0.371814 0.359993 0.354182 0.349804 0.352558 0.424853 0.487657 0.512517 0.523009 0.51351 0.51902 0.53902 0.489126 0.486462 0.438518 0.419811 0.382449 0.361921 0.356284 0.352674 0.395108 7.735087e-01 0.394
N:25 Run:5 0.344942 0.344271 0.344269 0.348286 0.35765 0.352173 0.353358 0.37147 0.360001 0.351368 0.350877 0.351692 0.352183 0.353738 0.351054 0.403363 0.390329 0.400113 0.375789 0.359217 0.351195 7.735087e-01 0.394
N:25 Run:6 0.357511 0.357236 0.443657 0.555439 0.616184 0.644395 0.671127 0.679092 0.680235 0.684434 0.690061 0.69492 0.682862 0.673391 0.668092 0.643464 0.622784 0.587686 0.547662 0.537064 0.467522 7.735087e-01 0.394
N:25 Run:7 0.425876 0.383163 0.44732 0.468034 0.469781 0.45647 0.470832 0.451197 0.447284 0.468158 0.474882 0.463399 0.471098 0.465275 0.407867 0.378002 0.359774 0.352853 0.351879 0.370666 0.380346 7.735087e-01 0.394
N:25 Run:8 0.327777 0.344948 0.35567 0.364709 0.371311 0.433376 0.522968 0.568296 0.608993 0.622134 0.635481 0.637911 0.647655 0.64373 0.652421 0.645795 0.637522 0.618718 0.584755 0.538979 0.507684 7.735087e-01 0.394
N:25 Run:9 0.397547 0.370043 0.363753 0.381001 0.409049 0.37814 0.379986 0.408867 0.398252 0.380855 0.386715 0.437748 0.399656 0.372599 0.389526 0.376425 0.373165 0.367495 0.354936 0.353341 0.372309 7.735087e-01 0.394
N:26 Run:0 0.32699 0.342849 0.397125 0.428969 0.459707 0.470183 0.486358 0.475981 0.456791 0.460797 0.461551 0.47707 0.485358 0.455637 0.406596 0.37394 0.358132 0.352956 0.347846 0.345281 0.34437 7.785088e-01 0.395
N:26 Run:1 0.437234 0.398526 0.370616 0.360206 0.389663 0.469023 0.522483 0.587027 0.614924 0.648721 0.658109 0.660037 0.676751 0.669651 0.664005 0.650874 0.643785 0.630377 0.621944 0.58368 0.544521 7.785088e-01 0.395
N:26 Run:2 0.383421 0.362814 0.510252 0.595584 0.633666 0.652386 0.657689 0.667458 0.664357 0.659932 0.666083 0.669859 0.611814 0.550349 0.534512 0.467536 0.428368 0.460035 0.448831 0.406426 0.373466 7.785088e-01 0.395
N:26 Run:3 0.363491 0.356745 0.350797 0.346705 0.344776 0.343919 0.358814 0.355146 0.35564 0.399081 0.438539 0.40447 0.424944 0.462327 0.459454 0.470373 0.453964 0.442779 0.391429 0.435895 0.388731 7.785088e-01 0.395
N:26 Run:4 0.371814 0.359993 0.354182 0.349804 0.352558 0.424853 0.487657 0.512517 0.523009 0.51351 0.51902 0.53902 0.489126 0.486462 0.438518 0.419811 0.382449 0.361921 0.356284 0.352674 0.395108 7.785088e-01 0.395
N:26 Run:5 0.344942 0.344271 0.344269 0.348286 0.35765 0.352173 0.353358 0.37147 0.360001 0.351368 0.350877 0.351692 0.352183 0.353738 0.351054 0.403363 0.390329 0.400113 0.375789 0.359217 0.351195 7.785088e-01 0.395
N:26 Run:6 0.357511 0.357236 0.443657 0.555439 0.616184 0.644395 0.671127 0.679092 0.680235 0.684434 0.690061 0.69492 0.682862 0.673391 0.668092 0.643464 0.622784 0.587686 0.547662 0.537064 0.467522 7.785088e-01 0.395
N:26 Run:7 0.425876 0.383163 0.44732 0.468034 0.469781 0.45647 0.470832 0.451197 0.447284 0.468158 0.474882 0.463399 0.471098 0.465275 0.407867 0.378002 0.359774 0.352853 0.351879 0.370666 0.380346 7.785088e-01 0.395
N:26 Run:8 0.327777 0.344948 0.35567 0.364709 0.371311 0.433376 0.522968 0.568296 0.608993 0.622134 0.635481 0.637911 0.647655 0.64373 0.652421 0.645795 0.637522 0.618718 0.584755 0.538979 0.507684 7.785088e-01 0.395
N:26 Run:9 0.397547 0.370043 0.363753 0.381001 0.409049 0.37814 0.379986 0.408867 0.398252 0.380855 0.386715 0.437748 0.399656 0.372599 0.389526 0.376425 0.373165 0.367495 0.354936 0.353341 0.372309 7.785088e-01 0.395
N:27 Run:0 0.32699 0.342849 0.397125 0.428969 0.459707 0.470183 0.486358 0.475981 0.456791 0.460797 0.461551 0.47707 0.485358 0.455637 0.406596 0.37394 0.358132 0.352956 0.347846 0.345281 0.34437 7.811202e-01 0.403
N:27 Run:1 0.437234 0.398526 0.370616 0.360206 0.389663 0.469023 0.522483 0.587027 0.614924 0.648721 0.658109 0.660037 0.676751 0.669651 0.664005 0.650874 0.643785 0.630377 0.621944 0.58368 0.544521 7.811202e-01 0.403
N:27 Run:2 0.383421 0.362814 0.510252 0.595584 0.633666 0.652386 0.657689 0.667458 0.664357 0.659932 0.666083 0.669859 0.611814 0.550349 0.534512 0.467536 0.428368 0.460035 0.448831 0.406426 0.373466 7.811202e-01 0.403
N:27 Run:3 0.363491 0.356745 0.350797 0.346705 0.344776 0.343919 0.358814 0.355146 0.35564 0.399081 0.438539 0.40447 0.424944 0.462327 0.459454 0.470373 0.453964 0.442779 0.391429 0.435895 0.388731 7.811202e-01 0.403
N:27 Run:4 0.371814 0.359993 0.354182 0.349804 0.352558 0.424853 0.487657 0.512517 0.523009 0.51351 0.51902 0.53902 0.489126 0.486462 0.438518 0.419811 0.382449 0.361921 0.356284 0.352674 0.395108 7.811202e-01 0.403
N:27 Run:5 0.344942 0.344271 0.344269 0.348286 0.35765 0.352173 0.353358 0.37147 0.360001 0.351368 0.350877 0.351692 0.352183 0.353738 0.351054 0.403363 0.390329 0.400113 0.375789 0.359217 0.351195 7.811202e-01 0.403
N:27 Run:6 0.357511 0.357236 0.443657 0.555439 0.616184 0.644395 0.671127 0.679092 0.680235 0.684434 0.690061 0.69492 0.682862 0.673391 0.668092 0.643464 0.622784 0.587686 0.547662 0.537064 0.467522 7.811202e-01 0.403
N:27 Run:7 0.425876 0.383163 0.44732 0.468034 0.469781 0.45647 0.470832 0.451197 0.447284 0.468158 0.474882 0.463399 0.471098 0.465275 0.407867 0.378002 0.359774 0.352853 0.351879 0.370666 0.380346 7.811202e-01 0.403
N:27 Run:8 0.327777 0.344948 0.35567 0.364709 0.371311 0.433376 0.522968 0.568296 0.608993 0.622134 0.635481 0.637911 0.647655 0.64373 0.652421 0.645795 0.637522 0.618718 0.584755 0.538979 0.507684 7.811202e-01 0.403
N:27 Run:9 0.397547 0.370043 0.363753 0.381001 0.409049 0.37814 0.379986 0.408867 0.398252 0.380855 0.386715 0.437748 0.399656 0.372599 0.389526 0.376425 0.373165 0.367495 0.354936 0.353341 0.372309 7.811202e-01 0.403
N:28 Run:0 0.32699 0.342849 0.397125 0.428969 0.459707 0.470183 0.486358 0.475981 0.456791 0.460797 0.461551 0.47707 0.485358 0.455637 0.406596 0.37394 0.358132 0.352956 0.347846 0.345281 0.34437 7.674573e-01 0.387
N:28 Run:1 0.437234 0.398526 0.370616 0.360206 0.389663 0.469023 0.522483 0.587027 0.614924 0.648721 0.658109 0.660037 0.676751 0.669651 0.664005 0.650874 0.643785 0.630377 0.621944 0.58368 0.544521 7.674573e-01 0.387
N:28 Run:2 0.383421 0.362814 0.510252 0.595584 0.633666 0.652386 0.657689 0.667458 0.664357 0.659932 0.666083 0.669859 0.611814 0.550349 0.534512 0.467536 0.428368 0.460035 0.448831 0.406426 0.373466 7.674573e-01 0.387
N:28 Run:3 0.363491 0.356745 0.350797 0.346705 0.344776 0.343919 0.358814 0.355146 0.35564 0.399081 0.438539 0.40447 0.424944 0.462327 0.459454 0.470373 0.453964 0.442779 0.391429 0.435895 0.388731 7.674573e-01 0.387
N:28 Run:4 0.371814 0.359993 0.354182 0.349804 0.352558 0.424853 0.487657 0.512517 0.523009 0.51351 0.51902 0.53902 0.489126 0.486462 0.438518 0.419811 0.382449 0.361921 0.356284 0.352674 0.395108 7.674573e-01 0.387
N:28 Run:5 0.344942 0.344271 0.344269 0.348286 0.35765 0.352173 0.353358 0.37147 0.360001 0.351368 0.350877 0.351692 0.352183 0.353738 0.351054 0.403363 0.390329 0.400113 0.375789 0.359217 0.351195 7.674573e-01 0.387
N:28 Run:6 0.357511 0.357236 0.443657 0.555439 0.616184 0.644395 0.671127 0.679092 0.680235 0.684434 0.690061 0.69492 0.682862 0.673391 0.668092 0.643464 0.622784 0.587686 0.547662 0.537064 0.467522 7.674573e-01 0.387
N:28 Run:7 0.425876 0.383163 0.44732 0.468034 0.469781 0.45647 0.470832 0.451197 0.447284 0.468158 0.474882 0.463399 0.471098 0.465275 0.407867 0.378002 0.359774 0.352853 0.351879 0.370666 0.380346 7.674573e-01 0.387
N:28 Run:8 0.327777 0.344948 0.35567 0.364709 0.371311 0.433376 0.522968 0.568296 0.608993 0.622134 0.635481 0.637911 0.647655 0.64373 0.652421 0.645795 0.637522 0.618718 0.584755 0.538979 0.507684 7.674573e-01 0.387
N:28 Run:9 0.397547 0.370043 0.363753 0.381001 0.409049 0.37814 0.379986 0.408867 0.398252 0.380855 0.386715 0.437748 0.399656 0.372599 0.389526 0.376425 0.373165 0.367495 0.354936 0.353341 0.372309 7.674573e-01 0.387
N:29 Run:0 0.32699 0.342849 0.397125 0.428969 0.459707 0.470183 0.486358 0.475981 0.456791 0.460797 0.461551 0.47707 0.485358 0.455637 0.406596 0.37394 0.358132 0.352956 0.347846 0.345281 0.34437 7.657857e-01 0.407
N:29 Run:1 0.437234 0.398526 0.370616 0.360206 0.389663 0.469023 0.522483 0.587027 0.614924 0.648721 0.658109 0.660037 0.676751 0.669651 0.664005 0.650874 0.643785 0.630377 0.621944 0.58368 0.544521 7.657857e-01 0.407
N:29 Run:2 0.383421 0.362814 0.510252 0.595584 0.633666 0.652386 0.657689 0.667458 0.664357 0.659932 0.666083 0.669859 0.611814 0.550349 0.534512 0.467536 0.428368 0.460035 0.448831 0.406426 0.373466 7.657857e-01 0.407
N:29 Run:3 0.363491 0.356745 0.350797 0.346705 0.344776 0.343919 0.358814 0.355146 0.35564 0.399081 0.438539 0.40447 0.424944 0.462327 0.459454 0.470373 0.453964 0.442779 0.391429 0.435895 0.388731 7.657857e-01 0.407
N:29 Run:4 0.371814 0.359993 0.354182 0.349804 0.352558 0.424853 0.487657 0.512517 0.523009 0.51351 0.51902 0.53902 0.489126 0.486462 0.438518 0.419811 0.382449 0.361921 0.356284 0.352674 0.395108 7.657857e-01 0.407
N:29 Run:5 0.344942 0.344271 0.344269 0.348286 0.35765 0.352173 0.353358 0.37147 0.360001 0.351368 0.350877 0.351692 0.352183 0.353738 0.351054 0.403363 0.390329 0.400113 0.375789 0.359217 0.351195 7.657857e-01 0.407
N:29 Run:6 0.357511 0.357236 0.443657 0.555439 0.616184 0.644395 0.671127 0.679092 0.680235 0.684434 0.690061 0.69492 0.682862 0.673391 0.668092 0.643464 0.622784 0.587686 0.547662 0.537064 0.467522 7.657857e-01 0.407
N:29 Run:7 0.425876 0.383163 0.44732 0.468034 0.469781 0.45647 0.470832 0.451197 0.447284 0.468158 0.474882 0.463399 0.471098 0.465275 0.407867 0.378002 0.359774 0.352853 0.351879 0.370666 0.380346 7.657857e-01 0.407
N:29 Run:8 0.327777 0.344948 0.35567 0.364709 0.371311 0.433376 0.522968 0.568296 0.608993 0.622134 0.635481 0.637911 0.647655 0.64373 0.652421 0.645795 0.637522 0.618718 0.584755 0.538979 0.507684 7.657857e-01 0.407
N:29 Run:9 0.397547 0.370043 0.363753 0.381001 0.409049 0.37814 0.379986 0.408867 0.398252 0.380855 0.386715 0.437748 0.399656 0.372599 0.389526 0.376425 0.373165 0.367495 0.354936 0.353341 0.372309 7.657857e-01 0.407
