Seed:1583568018
N:0 Run:0 0.0847027 0.027369 0.0233544 0.0250319 0.0243363 0.0305001 0.0254471 0.0210056 0.0258506 0.0229535 0.0245667 0.0283816 0.0375195 0.036569 0.040718 0.0318704 0.0426503 0.0242041 0.0198489 0.0153294 0.0151188 4.158075e+00 0.504
N:0 Run:1 0.0334067 0.0275859 0.0358008 0.0364947 0.076461 0.14103 0.171263 0.246986 0.230222 0.311567 0.291331 0.276651 0.276858 0.217505 0.168388 0.122157 0.104425 0.0563594 0.0599279 0.0431513 0.0352746 4.158075e+00 0.504
N:0 Run:2 0.0408701 0.017031 0.0275181 0.031917 0.0260776 0.0276163 0.0420657 0.0365869 0.0429684 0.0384544 0.0379662 0.0432033 0.0743054 0.0527532 0.0476974 0.0444136 0.0239896 0.027714 0.0259461 0.0219011 0.0217191 4.158075e+00 0.504
N:0 Run:3 0.0344789 0.025199 0.0222636 0.0203697 0.0247454 0.0372924 0.0320681 0.0491209 0.0532977 0.0616487 0.0371821 0.0464534 0.0409903 0.0348251 0.0274992 0.0245133 0.0254361 0.0338168 0.024568 0.0237781 0.0180907 4.158075e+00 0.504
N:0 Run:4 0.038618 0.0254595 0.0185476 0.0314314 0.0389875 0.0496781 0.0680333 0.0684569 0.0524002 0.05078 0.0484643 0.0647327 0.0384159 0.0235862 0.0247164 0.0287532 0.0281734 0.025826 0.0154108 0.0234454 0.0270578 4.158075e+00 0.504
N:0 Run:5 0.058534 0.0252901 0.0354884 0.0334728 0.0218739 0.0224612 0.0274479 0.0236449 0.0317937 0.0231243 0.0258589 0.0354203 0.0290798 0.0316391 0.0323093 0.0231347 0.0249228 0.0211156 0.0175579 0.0219491 0.0220814 4.158075e+00 0.504
N:0 Run:6 0.0296606 0.022216 0.0505447 0.0506317 0.0978426 0.0940383 0.0763816 0.0801596 0.101239 0.119432 0.154992 0.169671 0.141776 0.138459 0.137617 0.0998484 0.071638 0.0429848 0.0344825 0.0328899 0.0235923 4.158075e+00 0.504
N:0 Run:7 0.0461603 0.0278824 0.0261657 0.0263704 0.0248149 0.0166955 0.0191532 0.0201985 0.0229115 0.0223917 0.0208255 0.027369 0.0256743 0.0210812 0.018738 0.0205976 0.0206997 0.0284426 0.0202207 0.0266604 0.0163611 4.158075e+00 0.504
N:0 Run:8 0.0599049 0.0225663 0.0306741 0.0712305 0.0943705 0.111228 0.196158 0.207794 0.222142 0.260334 0.261596 0.225213 0.255362 0.227278 0.210012 0.0967025 0.077393 0.043662 0.0434348 0.0282027 0.0252359 4.158075e+00 0.504
N:0 Run:9 0.0445961 0.0237058 0.0263059 0.0246548 0.0296681 0.0256467 0.0204664 0.0220403 0.0158659 0.0150367 0.0202175 0.0241518 0.0283409 0.0309799 0.0292163 0.0167058 0.0221043 0.0270923 0.0221856 0.0269048 0.0221529 4.158075e+00 0.504
N:1 Run:0 0.0847027 0.0248947 0.0238817 0.0259995 0.025119 0.0320143 0.0256924 0.021506 0.0266799 0.0236512 0.0252703 0.0267224 0.0375255 0.0361245 0.0389054 0.0299108 0.0437604 0.0239037 0.0204457 0.0165729 0.0166827 4.122189e+00 0.508
N:1 Run:1 0.0334067 0.0284518 0.0381252 0.0373921 0.0796761 0.145875 0.164382 0.245248 0.231234 0.298684 0.278649 0.26788 0.281027 0.218436 0.166712 0.126711 0.108032 0.054144 0.0643105 0.0434589 0.0358001 4.122189e+00 0.508
N:1 Run:2 0.0408701 0.0170382 0.0269437 0.0290326 0.0222553 0.0232294 0.0388636 0.0303948 0.0415516 0.0340859 0.0352726 0.0386283 0.0825675 0.0494758 0.0424547 0.042396 0.0236113 0.027907 0.026744 0.0225302 0.0225013 4.122189e+00 0.508
N:1 Run:3 0.0344789 0.0255126 0.0227986 0.02127 0.0259038 0.0390651 0.0329311 0.0495612 0.0542454 0.0587539 0.0339606 0.0456415 0.0394281 0.0321578 0.0261492 0.0243339 0.0257836 0.0337461 0.0243683 0.0240617 0.018922 4.122189e+00 0.508
N:1 Run:4 0.038618 0.0256433 0.0196282 0.034041 0.0419827 0.054432 0.0697263 0.0735966 0.0501754 0.0524206 0.0485229 0.0666904 0.0369196 0.0226082 0.0235624 0.0286373 0.027687 0.0264569 0.0163922 0.0246295 0.0280212 4.122189e+00 0.508
N:1 Run:5 0.058534 0.024299 0.03667 0.0339455 0.0216368 0.0224849 0.0280361 0.0240796 0.0324277 0.0228589 0.0251516 0.0359479 0.0283127 0.0308432 0.0330655 0.0227069 0.02572 0.0215757 0.0183915 0.022714 0.022917 4.122189e+00 0.508
N:1 Run:6 0.0296606 0.0226114 0.0532236 0.0499205 0.116318 0.107216 0.0827816 0.0896658 0.118195 0.142748 0.187142 0.189229 0.151854 0.154956 0.147444 0.109727 0.0725246 0.0422287 0.0343309 0.033104 0.0237345 4.122189e+00 0.508
N:1 Run:7 0.0461603 0.0275923 0.026626 0.0270595 0.0253607 0.0176524 0.0198852 0.0211556 0.0240183 0.0228011 0.0212129 0.0284624 0.025697 0.0214971 0.0191057 0.0216942 0.0215999 0.0290091 0.020735 0.0275688 0.0170118 4.122189e+00 0.508
N:1 Run:8 0.0599049 0.0213607 0.0324857 0.0737525 0.0894212 0.103251 0.191092 0.204043 0.229266 0.235816 0.252186 0.227847 0.243787 0.21347 0.211329 0.0933259 0.0831237 0.042605 0.0441327 0.0272707 0.0253135 4.122189e+00 0.508
N:1 Run:9 0.0445961 0.0235022 0.0272945 0.0254094 0.0304354 0.0262994 0.0205757 0.0226658 0.0170681 0.016489 0.0211022 0.0248148 0.0288673 0.0306925 0.0298858 0.0174233 0.023261 0.0277389 0.0221128 0.0278614 0.0228221 4.122189e+00 0.508
N:2 Run:0 0.0847027 0.0248947 0.0238817 0.0259995 0.025119 0.0320143 0.0256924 0.021506 0.0266799 0.0236512 0.0252703 0.0267224 0.0375255 0.0361245 0.0389054 0.0299108 0.0437604 0.0239037 0.0204457 0.0165729 0.0166827 4.171862e+00 0.498
N:2 Run:1 0.0334067 0.0284518 0.0381252 0.0373921 0.0796761 0.145875 0.164382 0.245248 0.231234 0.298684 0.278649 0.26788 0.281027 0.218436 0.166712 0.126711 0.108032 0.054144 0.0643105 0.0434589 0.0358001 4.171862e+00 0.498
N:2 Run:2 0.0408701 0.0170382 0.0269437 0.0290326 0.0222553 0.0232294 0.0388636 0.0303948 0.0415516 0.0340859 0.0352726 0.0386283 0.0825675 0.0494758 0.0424547 0.042396 0.0236113 0.027907 0.026744 0.0225302 0.0225013 4.171862e+00 0.498
N:2 Run:3 0.0344789 0.0255126 0.0227986 0.02127 0.0259038 0.0390651 0.0329311 0.0495612 0.0542454 0.0587539 0.0339606 0.0456415 0.0394281 0.0321578 0.0261492 0.0243339 0.0257836 0.0337461 0.0243683 0.0240617 0.018922 4.171862e+00 0.498
N:2 Run:4 0.038618 0.0256433 0.0196282 0.034041 0.0419827 0.054432 0.0697263 0.0735966 0.0501754 0.0524206 0.0485229 0.0666904 0.0369196 0.0226082 0.0235624 0.0286373 0.027687 0.0264569 0.0163922 0.0246295 0.0280212 4.171862e+00 0.498
N:2 Run:5 0.058534 0.024299 0.03667 0.0339455 0.0216368 0.0224849 0.0280361 0.0240796 0.0324277 0.0228589 0.0251516 0.0359479 0.0283127 0.0308432 0.0330655 0.0227069 0.02572 0.0215757 0.0183915 0.022714 0.022917 4.171862e+00 0.498
N:2 Run:6 0.0296606 0.0226114 0.0532236 0.0499205 0.116318 0.107216 0.0827816 0.0896658 0.118195 0.142748 0.187142 0.189229 0.151854 0.154956 0.147444 0.109727 0.0725246 0.0422287 0.0343309 0.033104 0.0237345 4.171862e+00 0.498
N:2 Run:7 0.0461603 0.0275923 0.026626 0.0270595 0.0253607 0.0176524 0.0198852 0.0211556 0.0240183 0.0228011 0.0212129 0.0284624 0.025697 0.0214971 0.0191057 0.0216942 0.0215999 0.0290091 0.020735 0.0275688 0.0170118 4.171862e+00 0.498
N:2 Run:8 0.0599049 0.0213607 0.0324857 0.0737525 0.0894212 0.103251 0.191092 0.204043 0.229266 0.235816 0.252186 0.227847 0.243787 0.21347 0.211329 0.0933259 0.0831237 0.042605 0.0441327 0.0272707 0.0253135 4.171862e+00 0.498
N:2 Run:9 0.0445961 0.0235022 0.0272945 0.0254094 0.0304354 0.0262994 0.0205757 0.0226658 0.0170681 0.016489 0.0211022 0.0248148 0.0288673 0.0306925 0.0298858 0.0174233 0.023261 0.0277389 0.0221128 0.0278614 0.0228221 4.171862e+00 0.498
N:3 Run:0 0.0847027 0.0248947 0.0238817 0.0259995 0.025119 0.0320143 0.0256924 0.021506 0.0266799 0.0236512 0.0252703 0.0267224 0.0375255 0.0361245 0.0389054 0.0299108 0.0437604 0.0239037 0.0204457 0.0165729 0.0166827 4.163755e+00 0.503
N:3 Run:1 0.0334067 0.0284518 0.0381252 0.0373921 0.0796761 0.145875 0.164382 0.245248 0.231234 0.298684 0.278649 0.26788 0.281027 0.218436 0.166712 0.126711 0.108032 0.054144 0.0643105 0.0434589 0.0358001 4.163755e+00 0.503
N:3 Run:2 0.0408701 0.0170382 0.0269437 0.0290326 0.0222553 0.0232294 0.0388636 0.0303948 0.0415516 0.0340859 0.0352726 0.0386283 0.0825675 0.0494758 0.0424547 0.042396 0.0236113 0.027907 0.026744 0.0225302 0.0225013 4.163755e+00 0.503
N:3 Run:3 0.0344789 0.0255126 0.0227986 0.02127 0.0259038 0.0390651 0.0329311 0.0495612 0.0542454 0.0587539 0.0339606 0.0456415 0.0394281 0.0321578 0.0261492 0.0243339 0.0257836 0.0337461 0.0243683 0.0240617 0.018922 4.163755e+00 0.503
N:3 Run:4 0.038618 0.0256433 0.0196282 0.034041 0.0419827 0.054432 0.0697263 0.0735966 0.0501754 0.0524206 0.0485229 0.0666904 0.0369196 0.0226082 0.0235624 0.0286373 0.027687 0.0264569 0.0163922 0.0246295 0.0280212 4.163755e+00 0.503
N:3 Run:5 0.058534 0.024299 0.03667 0.0339455 0.0216368 0.0224849 0.0280361 0.0240796 0.0324277 0.0228589 0.0251516 0.0359479 0.0283127 0.0308432 0.0330655 0.0227069 0.02572 0.0215757 0.0183915 0.022714 0.022917 4.163755e+00 0.503
N:3 Run:6 0.0296606 0.0226114 0.0532236 0.0499205 0.116318 0.107216 0.0827816 0.0896658 0.118195 0.142748 0.187142 0.189229 0.151854 0.154956 0.147444 0.109727 0.0725246 0.0422287 0.0343309 0.033104 0.0237345 4.163755e+00 0.503
N:3 Run:7 0.0461603 0.0275923 0.026626 0.0270595 0.0253607 0.0176524 0.0198852 0.0211556 0.0240183 0.0228011 0.0212129 0.0284624 0.025697 0.0214971 0.0191057 0.0216942 0.0215999 0.0290091 0.020735 0.0275688 0.0170118 4.163755e+00 0.503
N:3 Run:8 0.0599049 0.0213607 0.0324857 0.0737525 0.0894212 0.103251 0.191092 0.204043 0.229266 0.235816 0.252186 0.227847 0.243787 0.21347 0.211329 0.0933259 0.0831237 0.042605 0.0441327 0.0272707 0.0253135 4.163755e+00 0.503
N:3 Run:9 0.0445961 0.0235022 0.0272945 0.0254094 0.0304354 0.0262994 0.0205757 0.0226658 0.0170681 0.016489 0.0211022 0.0248148 0.0288673 0.0306925 0.0298858 0.0174233 0.023261 0.0277389 0.0221128 0.0278614 0.0228221 4.163755e+00 0.503
N:4 Run:0 0.0847027 0.0248947 0.0238817 0.0259995 0.025119 0.0320143 0.0256924 0.021506 0.0266799 0.0236512 0.0252703 0.0267224 0.0375255 0.0361245 0.0389054 0.0299108 0.0437604 0.0239037 0.0204457 0.0165729 0.0166827 4.166644e+00 0.506
N:4 Run:1 0.0334067 0.0284518 0.0381252 0.0373921 0.0796761 0.145875 0.164382 0.245248 0.231234 0.298684 0.278649 0.26788 0.281027 0.218436 0.166712 0.126711 0.108032 0.054144 0.0643105 0.0434589 0.0358001 4.166644e+00 0.506
N:4 Run:2 0.0408701 0.0170382 0.0269437 0.0290326 0.0222553 0.0232294 0.0388636 0.0303948 0.0415516 0.0340859 0.0352726 0.0386283 0.0825675 0.0494758 0.0424547 0.042396 0.0236113 0.027907 0.026744 0.0225302 0.0225013 4.166644e+00 0.506
N:4 Run:3 0.0344789 0.0255126 0.0227986 0.02127 0.0259038 0.0390651 0.0329311 0.0495612 0.0542454 0.0587539 0.0339606 0.0456415 0.0394281 0.0321578 0.0261492 0.0243339 0.0257836 0.0337461 0.0243683 0.0240617 0.018922 4.166644e+00 0.506
N:4 Run:4 0.038618 0.0256433 0.0196282 0.034041 0.0419827 0.054432 0.0697263 0.0735966 0.0501754 0.0524206 0.0485229 0.0666904 0.0369196 0.0226082 0.0235624 0.0286373 0.027687 0.0264569 0.0163922 0.0246295 0.0280212 4.166644e+00 0.506
N:4 Run:5 0.058534 0.024299 0.03667 0.0339455 0.0216368 0.0224849 0.0280361 0.0240796 0.0324277 0.0228589 0.0251516 0.0359479 0.0283127 0.0308432 0.0330655 0.0227069 0.02572 0.0215757 0.0183915 0.022714 0.022917 4.166644e+00 0.506
N:4 Run:6 0.0296606 0.0226114 0.0532236 0.0499205 0.116318 0.107216 0.0827816 0.0896658 0.118195 0.142748 0.187142 0.189229 0.151854 0.154956 0.147444 0.109727 0.0725246 0.0422287 0.0343309 0.033104 0.0237345 4.166644e+00 0.506
N:4 Run:7 0.0461603 0.0275923 0.026626 0.0270595 0.0253607 0.0176524 0.0198852 0.0211556 0.0240183 0.0228011 0.0212129 0.0284624 0.025697 0.0214971 0.0191057 0.0216942 0.0215999 0.0290091 0.020735 0.0275688 0.0170118 4.166644e+00 0.506
N:4 Run:8 0.0599049 0.0213607 0.0324857 0.0737525 0.0894212 0.103251 0.191092 0.204043 0.229266 0.235816 0.252186 0.227847 0.243787 0.21347 0.211329 0.0933259 0.0831237 0.042605 0.0441327 0.0272707 0.0253135 4.166644e+00 0.506
N:4 Run:9 0.0445961 0.0235022 0.0272945 0.0254094 0.0304354 0.0262994 0.0205757 0.0226658 0.0170681 0.016489 0.0211022 0.0248148 0.0288673 0.0306925 0.0298858 0.0174233 0.023261 0.0277389 0.0221128 0.0278614 0.0228221 4.166644e+00 0.506
N:5 Run:0 0.0847027 0.0248947 0.0238817 0.0259995 0.025119 0.0320143 0.0256924 0.021506 0.0266799 0.0236512 0.0252703 0.0267224 0.0375255 0.0361245 0.0389054 0.0299108 0.0437604 0.0239037 0.0204457 0.0165729 0.0166827 4.177972e+00 0.502
N:5 Run:1 0.0334067 0.0284518 0.0381252 0.0373921 0.0796761 0.145875 0.164382 0.245248 0.231234 0.298684 0.278649 0.26788 0.281027 0.218436 0.166712 0.126711 0.108032 0.054144 0.0643105 0.0434589 0.0358001 4.177972e+00 0.502
N:5 Run:2 0.0408701 0.0170382 0.0269437 0.0290326 0.0222553 0.0232294 0.0388636 0.0303948 0.0415516 0.0340859 0.0352726 0.0386283 0.0825675 0.0494758 0.0424547 0.042396 0.0236113 0.027907 0.026744 0.0225302 0.0225013 4.177972e+00 0.502
N:5 Run:3 0.0344789 0.0255126 0.0227986 0.02127 0.0259038 0.0390651 0.0329311 0.0495612 0.0542454 0.0587539 0.0339606 0.0456415 0.0394281 0.0321578 0.0261492 0.0243339 0.0257836 0.0337461 0.0243683 0.0240617 0.018922 4.177972e+00 0.502
N:5 Run:4 0.038618 0.0256433 0.0196282 0.034041 0.0419827 0.054432 0.0697263 0.0735966 0.0501754 0.0524206 0.0485229 0.0666904 0.0369196 0.0226082 0.0235624 0.0286373 0.027687 0.0264569 0.0163922 0.0246295 0.0280212 4.177972e+00 0.502
N:5 Run:5 0.058534 0.024299 0.03667 0.0339455 0.0216368 0.0224849 0.0280361 0.0240796 0.0324277 0.0228589 0.0251516 0.0359479 0.0283127 0.0308432 0.0330655 0.0227069 0.02572 0.0215757 0.0183915 0.022714 0.022917 4.177972e+00 0.502
N:5 Run:6 0.0296606 0.0226114 0.0532236 0.0499205 0.116318 0.107216 0.0827816 0.0896658 0.118195 0.142748 0.187142 0.189229 0.151854 0.154956 0.147444 0.109727 0.0725246 0.0422287 0.0343309 0.033104 0.0237345 4.177972e+00 0.502
N:5 Run:7 0.0461603 0.0275923 0.026626 0.0270595 0.0253607 0.0176524 0.0198852 0.0211556 0.0240183 0.0228011 0.0212129 0.0284624 0.025697 0.0214971 0.0191057 0.0216942 0.0215999 0.0290091 0.020735 0.0275688 0.0170118 4.177972e+00 0.502
N:5 Run:8 0.0599049 0.0213607 0.0324857 0.0737525 0.0894212 0.103251 0.191092 0.204043 0.229266 0.235816 0.252186 0.227847 0.243787 0.21347 0.211329 0.0933259 0.0831237 0.042605 0.0441327 0.0272707 0.0253135 4.177972e+00 0.502
N:5 Run:9 0.0445961 0.0235022 0.0272945 0.0254094 0.0304354 0.0262994 0.0205757 0.0226658 0.0170681 0.016489 0.0211022 0.0248148 0.0288673 0.0306925 0.0298858 0.0174233 0.023261 0.0277389 0.0221128 0.0278614 0.0228221 4.177972e+00 0.502
N:6 Run:0 0.0847027 0.0248947 0.0238817 0.0259995 0.025119 0.0320143 0.0256924 0.021506 0.0266799 0.0236512 0.0252703 0.0267224 0.0375255 0.0361245 0.0389054 0.0299108 0.0437604 0.0239037 0.0204457 0.0165729 0.0166827 4.170977e+00 0.506
N:6 Run:1 0.0334067 0.0284518 0.0381252 0.0373921 0.0796761 0.145875 0.164382 0.245248 0.231234 0.298684 0.278649 0.26788 0.281027 0.218436 0.166712 0.126711 0.108032 0.054144 0.0643105 0.0434589 0.0358001 4.170977e+00 0.506
N:6 Run:2 0.0408701 0.0170382 0.0269437 0.0290326 0.0222553 0.0232294 0.0388636 0.0303948 0.0415516 0.0340859 0.0352726 0.0386283 0.0825675 0.0494758 0.0424547 0.042396 0.0236113 0.027907 0.026744 0.0225302 0.0225013 4.170977e+00 0.506
N:6 Run:3 0.0344789 0.0255126 0.0227986 0.02127 0.0259038 0.0390651 0.0329311 0.0495612 0.0542454 0.0587539 0.0339606 0.0456415 0.0394281 0.0321578 0.0261492 0.0243339 0.0257836 0.0337461 0.0243683 0.0240617 0.018922 4.170977e+00 0.506
N:6 Run:4 0.038618 0.0256433 0.0196282 0.034041 0.0419827 0.054432 0.0697263 0.0735966 0.0501754 0.0524206 0.0485229 0.0666904 0.0369196 0.0226082 0.0235624 0.0286373 0.027687 0.0264569 0.0163922 0.0246295 0.0280212 4.170977e+00 0.506
N:6 Run:5 0.058534 0.024299 0.03667 0.0339455 0.0216368 0.0224849 0.0280361 0.0240796 0.0324277 0.0228589 0.0251516 0.0359479 0.0283127 0.0308432 0.0330655 0.0227069 0.02572 0.0215757 0.0183915 0.022714 0.022917 4.170977e+00 0.506
N:6 Run:6 0.0296606 0.0226114 0.0532236 0.0499205 0.116318 0.107216 0.0827816 0.0896658 0.118195 0.142748 0.187142 0.189229 0.151854 0.154956 0.147444 0.109727 0.0725246 0.0422287 0.0343309 0.033104 0.0237345 4.170977e+00 0.506
N:6 Run:7 0.0461603 0.0275923 0.026626 0.0270595 0.0253607 0.0176524 0.0198852 0.0211556 0.0240183 0.0228011 0.0212129 0.0284624 0.025697 0.0214971 0.0191057 0.0216942 0.0215999 0.0290091 0.020735 0.0275688 0.0170118 4.170977e+00 0.506
N:6 Run:8 0.0599049 0.0213607 0.0324857 0.0737525 0.0894212 0.103251 0.191092 0.204043 0.229266 0.235816 0.252186 0.227847 0.243787 0.21347 0.211329 0.0933259 0.0831237 0.042605 0.0441327 0.0272707 0.0253135 4.170977e+00 0.506
N:6 Run:9 0.0445961 0.0235022 0.0272945 0.0254094 0.0304354 0.0262994 0.0205757 0.0226658 0.0170681 0.016489 0.0211022 0.0248148 0.0288673 0.0306925 0.0298858 0.0174233 0.023261 0.0277389 0.0221128 0.0278614 0.0228221 4.170977e+00 0.506
N:7 Run:0 0.0847027 0.0248947 0.0238817 0.0259995 0.025119 0.0320143 0.0256924 0.021506 0.0266799 0.0236512 0.0252703 0.0267224 0.0375255 0.0361245 0.0389054 0.0299108 0.0437604 0.0239037 0.0204457 0.0165729 0.0166827 4.181477e+00 0.505
N:7 Run:1 0.0334067 0.0284518 0.0381252 0.0373921 0.0796761 0.145875 0.164382 0.245248 0.231234 0.298684 0.278649 0.26788 0.281027 0.218436 0.166712 0.126711 0.108032 0.054144 0.0643105 0.0434589 0.0358001 4.181477e+00 0.505
N:7 Run:2 0.0408701 0.0170382 0.0269437 0.0290326 0.0222553 0.0232294 0.0388636 0.0303948 0.0415516 0.0340859 0.0352726 0.0386283 0.0825675 0.0494758 0.0424547 0.042396 0.0236113 0.027907 0.026744 0.0225302 0.0225013 4.181477e+00 0.505
N:7 Run:3 0.0344789 0.0255126 0.0227986 0.02127 0.0259038 0.0390651 0.0329311 0.0495612 0.0542454 0.0587539 0.0339606 0.0456415 0.0394281 0.0321578 0.0261492 0.0243339 0.0257836 0.0337461 0.0243683 0.0240617 0.018922 4.181477e+00 0.505
N:7 Run:4 0.038618 0.0256433 0.0196282 0.034041 0.0419827 0.054432 0.0697263 0.0735966 0.0501754 0.0524206 0.0485229 0.0666904 0.0369196 0.0226082 0.0235624 0.0286373 0.027687 0.0264569 0.0163922 0.0246295 0.0280212 4.181477e+00 0.505
N:7 Run:5 0.058534 0.024299 0.03667 0.0339455 0.0216368 0.0224849 0.0280361 0.0240796 0.0324277 0.0228589 0.0251516 0.0359479 0.0283127 0.0308432 0.0330655 0.0227069 0.02572 0.0215757 0.0183915 0.022714 0.022917 4.181477e+00 0.505
N:7 Run:6 0.0296606 0.0226114 0.0532236 0.0499205 0.116318 0.107216 0.0827816 0.0896658 0.118195 0.142748 0.187142 0.189229 0.151854 0.154956 0.147444 0.109727 0.0725246 0.0422287 0.0343309 0.033104 0.0237345 4.181477e+00 0.505
N:7 Run:7 0.0461603 0.0275923 0.026626 0.0270595 0.0253607 0.0176524 0.0198852 0.0211556 0.0240183 0.0228011 0.0212129 0.0284624 0.025697 0.0214971 0.0191057 0.0216942 0.0215999 0.0290091 0.020735 0.0275688 0.0170118 4.181477e+00 0.505
N:7 Run:8 0.0599049 0.0213607 0.0324857 0.0737525 0.0894212 0.103251 0.191092 0.204043 0.229266 0.235816 0.252186 0.227847 0.243787 0.21347 0.211329 0.0933259 0.0831237 0.042605 0.0441327 0.0272707 0.0253135 4.181477e+00 0.505
N:7 Run:9 0.0445961 0.0235022 0.0272945 0.0254094 0.0304354 0.0262994 0.0205757 0.0226658 0.0170681 0.016489 0.0211022 0.0248148 0.0288673 0.0306925 0.0298858 0.0174233 0.023261 0.0277389 0.0221128 0.0278614 0.0228221 4.181477e+00 0.505
N:8 Run:0 0.0847027 0.0248947 0.0238817 0.0259995 0.025119 0.0320143 0.0256924 0.021506 0.0266799 0.0236512 0.0252703 0.0267224 0.0375255 0.0361245 0.0389054 0.0299108 0.0437604 0.0239037 0.0204457 0.0165729 0.0166827 4.163119e+00 0.511
N:8 Run:1 0.0334067 0.0284518 0.0381252 0.0373921 0.0796761 0.145875 0.164382 0.245248 0.231234 0.298684 0.278649 0.26788 0.281027 0.218436 0.166712 0.126711 0.108032 0.054144 0.0643105 0.0434589 0.0358001 4.163119e+00 0.511
N:8 Run:2 0.0408701 0.0170382 0.0269437 0.0290326 0.0222553 0.0232294 0.0388636 0.0303948 0.0415516 0.0340859 0.0352726 0.0386283 0.0825675 0.0494758 0.0424547 0.042396 0.0236113 0.027907 0.026744 0.0225302 0.0225013 4.163119e+00 0.511
N:8 Run:3 0.0344789 0.0255126 0.0227986 0.02127 0.0259038 0.0390651 0.0329311 0.0495612 0.0542454 0.0587539 0.0339606 0.0456415 0.0394281 0.0321578 0.0261492 0.0243339 0.0257836 0.0337461 0.0243683 0.0240617 0.018922 4.163119e+00 0.511
N:8 Run:4 0.038618 0.0256433 0.0196282 0.034041 0.0419827 0.054432 0.0697263 0.0735966 0.0501754 0.0524206 0.0485229 0.0666904 0.0369196 0.0226082 0.0235624 0.0286373 0.027687 0.0264569 0.0163922 0.0246295 0.0280212 4.163119e+00 0.511
N:8 Run:5 0.058534 0.024299 0.03667 0.0339455 0.0216368 0.0224849 0.0280361 0.0240796 0.0324277 0.0228589 0.0251516 0.0359479 0.0283127 0.0308432 0.0330655 0.0227069 0.02572 0.0215757 0.0183915 0.022714 0.022917 4.163119e+00 0.511
N:8 Run:6 0.0296606 0.0226114 0.0532236 0.0499205 0.116318 0.107216 0.0827816 0.0896658 0.118195 0.142748 0.187142 0.189229 0.151854 0.154956 0.147444 0.109727 0.0725246 0.0422287 0.0343309 0.033104 0.0237345 4.163119e+00 0.511
N:8 Run:7 0.0461603 0.0275923 0.026626 0.0270595 0.0253607 0.0176524 0.0198852 0.0211556 0.0240183 0.0228011 0.0212129 0.0284624 0.025697 0.0214971 0.0191057 0.0216942 0.0215999 0.0290091 0.020735 0.0275688 0.0170118 4.163119e+00 0.511
N:8 Run:8 0.0599049 0.0213607 0.0324857 0.0737525 0.0894212 0.103251 0.191092 0.204043 0.229266 0.235816 0.252186 0.227847 0.243787 0.21347 0.211329 0.0933259 0.0831237 0.042605 0.0441327 0.0272707 0.0253135 4.163119e+00 0.511
N:8 Run:9 0.0445961 0.0235022 0.0272945 0.0254094 0.0304354 0.0262994 0.0205757 0.0226658 0.0170681 0.016489 0.0211022 0.0248148 0.0288673 0.0306925 0.0298858 0.0174233 0.023261 0.0277389 0.0221128 0.0278614 0.0228221 4.163119e+00 0.511
N:9 Run:0 0.0847027 0.0248947 0.0238817 0.0259995 0.025119 0.0320143 0.0256924 0.021506 0.0266799 0.0236512 0.0252703 0.0267224 0.0375255 0.0361245 0.0389054 0.0299108 0.0437604 0.0239037 0.0204457 0.0165729 0.0166827 4.169142e+00 0.502
N:9 Run:1 0.0334067 0.0284518 0.0381252 0.0373921 0.0796761 0.145875 0.164382 0.245248 0.231234 0.298684 0.278649 0.26788 0.281027 0.218436 0.166712 0.126711 0.108032 0.054144 0.0643105 0.0434589 0.0358001 4.169142e+00 0.502
N:9 Run:2 0.0408701 0.0170382 0.0269437 0.0290326 0.0222553 0.0232294 0.0388636 0.0303948 0.0415516 0.0340859 0.0352726 0.0386283 0.0825675 0.0494758 0.0424547 0.042396 0.0236113 0.027907 0.026744 0.0225302 0.0225013 4.169142e+00 0.502
N:9 Run:3 0.0344789 0.0255126 0.0227986 0.02127 0.0259038 0.0390651 0.0329311 0.0495612 0.0542454 0.0587539 0.0339606 0.0456415 0.0394281 0.0321578 0.0261492 0.0243339 0.0257836 0.0337461 0.0243683 0.0240617 0.018922 4.169142e+00 0.502
N:9 Run:4 0.038618 0.0256433 0.0196282 0.034041 0.0419827 0.054432 0.0697263 0.0735966 0.0501754 0.0524206 0.0485229 0.0666904 0.0369196 0.0226082 0.0235624 0.0286373 0.027687 0.0264569 0.0163922 0.0246295 0.0280212 4.169142e+00 0.502
N:9 Run:5 0.058534 0.024299 0.03667 0.0339455 0.0216368 0.0224849 0.0280361 0.0240796 0.0324277 0.0228589 0.0251516 0.0359479 0.0283127 0.0308432 0.0330655 0.0227069 0.02572 0.0215757 0.0183915 0.022714 0.022917 4.169142e+00 0.502
N:9 Run:6 0.0296606 0.0226114 0.0532236 0.0499205 0.116318 0.107216 0.0827816 0.0896658 0.118195 0.142748 0.187142 0.189229 0.151854 0.154956 0.147444 0.109727 0.0725246 0.0422287 0.0343309 0.033104 0.0237345 4.169142e+00 0.502
N:9 Run:7 0.0461603 0.0275923 0.026626 0.0270595 0.0253607 0.0176524 0.0198852 0.0211556 0.0240183 0.0228011 0.0212129 0.0284624 0.025697 0.0214971 0.0191057 0.0216942 0.0215999 0.0290091 0.020735 0.0275688 0.0170118 4.169142e+00 0.502
N:9 Run:8 0.0599049 0.0213607 0.0324857 0.0737525 0.0894212 0.103251 0.191092 0.204043 0.229266 0.235816 0.252186 0.227847 0.243787 0.21347 0.211329 0.0933259 0.0831237 0.042605 0.0441327 0.0272707 0.0253135 4.169142e+00 0.502
N:9 Run:9 0.0445961 0.0235022 0.0272945 0.0254094 0.0304354 0.0262994 0.0205757 0.0226658 0.0170681 0.016489 0.0211022 0.0248148 0.0288673 0.0306925 0.0298858 0.0174233 0.023261 0.0277389 0.0221128 0.0278614 0.0228221 4.169142e+00 0.502
N:10 Run:0 0.0847027 0.0248947 0.0238817 0.0259995 0.025119 0.0320143 0.0256924 0.021506 0.0266799 0.0236512 0.0252703 0.0267224 0.0375255 0.0361245 0.0389054 0.0299108 0.0437604 0.0239037 0.0204457 0.0165729 0.0166827 4.186385e+00 0.507
N:10 Run:1 0.0334067 0.0284518 0.0381252 0.0373921 0.0796761 0.145875 0.164382 0.245248 0.231234 0.298684 0.278649 0.26788 0.281027 0.218436 0.166712 0.126711 0.108032 0.054144 0.0643105 0.0434589 0.0358001 4.186385e+00 0.507
N:10 Run:2 0.0408701 0.0170382 0.0269437 0.0290326 0.0222553 0.0232294 0.0388636 0.0303948 0.0415516 0.0340859 0.0352726 0.0386283 0.0825675 0.0494758 0.0424547 0.042396 0.0236113 0.027907 0.026744 0.0225302 0.0225013 4.186385e+00 0.507
N:10 Run:3 0.0344789 0.0255126 0.0227986 0.02127 0.0259038 0.0390651 0.0329311 0.0495612 0.0542454 0.0587539 0.0339606 0.0456415 0.0394281 0.0321578 0.0261492 0.0243339 0.0257836 0.0337461 0.0243683 0.0240617 0.018922 4.186385e+00 0.507
N:10 Run:4 0.038618 0.0256433 0.0196282 0.034041 0.0419827 0.054432 0.0697263 0.0735966 0.0501754 0.0524206 0.0485229 0.0666904 0.0369196 0.0226082 0.0235624 0.0286373 0.027687 0.0264569 0.0163922 0.0246295 0.0280212 4.186385e+00 0.507
N:10 Run:5 0.058534 0.024299 0.03667 0.0339455 0.0216368 0.0224849 0.0280361 0.0240796 0.0324277 0.0228589 0.0251516 0.0359479 0.0283127 0.0308432 0.0330655 0.0227069 0.02572 0.0215757 0.0183915 0.022714 0.022917 4.186385e+00 0.507
N:10 Run:6 0.0296606 0.0226114 0.0532236 0.0499205 0.116318 0.107216 0.0827816 0.0896658 0.118195 0.142748 0.187142 0.189229 0.151854 0.154956 0.147444 0.109727 0.0725246 0.0422287 0.0343309 0.033104 0.0237345 4.186385e+00 0.507
N:10 Run:7 0.0461603 0.0275923 0.026626 0.0270595 0.0253607 0.0176524 0.0198852 0.0211556 0.0240183 0.0228011 0.0212129 0.0284624 0.025697 0.0214971 0.0191057 0.0216942 0.0215999 0.0290091 0.020735 0.0275688 0.0170118 4.186385e+00 0.507
N:10 Run:8 0.0599049 0.0213607 0.0324857 0.0737525 0.0894212 0.103251 0.191092 0.204043 0.229266 0.235816 0.252186 0.227847 0.243787 0.21347 0.211329 0.0933259 0.0831237 0.042605 0.0441327 0.0272707 0.0253135 4.186385e+00 0.507
N:10 Run:9 0.0445961 0.0235022 0.0272945 0.0254094 0.0304354 0.0262994 0.0205757 0.0226658 0.0170681 0.016489 0.0211022 0.0248148 0.0288673 0.0306925 0.0298858 0.0174233 0.023261 0.0277389 0.0221128 0.0278614 0.0228221 4.186385e+00 0.507
N:11 Run:0 0.0847027 0.0248947 0.0238817 0.0259995 0.025119 0.0320143 0.0256924 0.021506 0.0266799 0.0236512 0.0252703 0.0267224 0.0375255 0.0361245 0.0389054 0.0299108 0.0437604 0.0239037 0.0204457 0.0165729 0.0166827 4.217148e+00 0.501
N:11 Run:1 0.0334067 0.0284518 0.0381252 0.0373921 0.0796761 0.145875 0.164382 0.245248 0.231234 0.298684 0.278649 0.26788 0.281027 0.218436 0.166712 0.126711 0.108032 0.054144 0.0643105 0.0434589 0.0358001 4.217148e+00 0.501
N:11 Run:2 0.0408701 0.0170382 0.0269437 0.0290326 0.0222553 0.0232294 0.0388636 0.0303948 0.0415516 0.0340859 0.0352726 0.0386283 0.0825675 0.0494758 0.0424547 0.042396 0.0236113 0.027907 0.026744 0.0225302 0.0225013 4.217148e+00 0.501
N:11 Run:3 0.0344789 0.0255126 0.0227986 0.02127 0.0259038 0.0390651 0.0329311 0.0495612 0.0542454 0.0587539 0.0339606 0.0456415 0.0394281 0.0321578 0.0261492 0.0243339 0.0257836 0.0337461 0.0243683 0.0240617 0.018922 4.217148e+00 0.501
N:11 Run:4 0.038618 0.0256433 0.0196282 0.034041 0.0419827 0.054432 0.0697263 0.0735966 0.0501754 0.0524206 0.0485229 0.0666904 0.0369196 0.0226082 0.0235624 0.0286373 0.027687 0.0264569 0.0163922 0.0246295 0.0280212 4.217148e+00 0.501
N:11 Run:5 0.058534 0.024299 0.03667 0.0339455 0.0216368 0.0224849 0.0280361 0.0240796 0.0324277 0.0228589 0.0251516 0.0359479 0.0283127 0.0308432 0.0330655 0.0227069 0.02572 0.0215757 0.0183915 0.022714 0.022917 4.217148e+00 0.501
N:11 Run:6 0.0296606 0.0226114 0.0532236 0.0499205 0.116318 0.107216 0.0827816 0.0896658 0.118195 0.142748 0.187142 0.189229 0.151854 0.154956 0.147444 0.109727 0.0725246 0.0422287 0.0343309 0.033104 0.0237345 4.217148e+00 0.501
N:11 Run:7 0.0461603 0.0275923 0.026626 0.0270595 0.0253607 0.0176524 0.0198852 0.0211556 0.0240183 0.0228011 0.0212129 0.0284624 0.025697 0.0214971 0.0191057 0.0216942 0.0215999 0.0290091 0.020735 0.0275688 0.0170118 4.217148e+00 0.501
N:11 Run:8 0.0599049 0.0213607 0.0324857 0.0737525 0.0894212 0.103251 0.191092 0.204043 0.229266 0.235816 0.252186 0.227847 0.243787 0.21347 0.211329 0.0933259 0.0831237 0.042605 0.0441327 0.0272707 0.0253135 4.217148e+00 0.501
N:11 Run:9 0.0445961 0.0235022 0.0272945 0.0254094 0.0304354 0.0262994 0.0205757 0.0226658 0.0170681 0.016489 0.0211022 0.0248148 0.0288673 0.0306925 0.0298858 0.0174233 0.023261 0.0277389 0.0221128 0.0278614 0.0228221 4.217148e+00 0.501
N:12 Run:0 0.0847027 0.0248947 0.0238817 0.0259995 0.025119 0.0320143 0.0256924 0.021506 0.0266799 0.0236512 0.0252703 0.0267224 0.0375255 0.0361245 0.0389054 0.0299108 0.0437604 0.0239037 0.0204457 0.0165729 0.0166827 4.166409e+00 0.502
N:12 Run:1 0.0334067 0.0284518 0.0381252 0.0373921 0.0796761 0.145875 0.164382 0.245248 0.231234 0.298684 0.278649 0.26788 0.281027 0.218436 0.166712 0.126711 0.108032 0.054144 0.0643105 0.0434589 0.0358001 4.166409e+00 0.502
N:12 Run:2 0.0408701 0.0170382 0.0269437 0.0290326 0.0222553 0.0232294 0.0388636 0.0303948 0.0415516 0.0340859 0.0352726 0.0386283 0.0825675 0.0494758 0.0424547 0.042396 0.0236113 0.027907 0.026744 0.0225302 0.0225013 4.166409e+00 0.502
N:12 Run:3 0.0344789 0.0255126 0.0227986 0.02127 0.0259038 0.0390651 0.0329311 0.0495612 0.0542454 0.0587539 0.0339606 0.0456415 0.0394281 0.0321578 0.0261492 0.0243339 0.0257836 0.0337461 0.0243683 0.0240617 0.018922 4.166409e+00 0.502
N:12 Run:4 0.038618 0.0256433 0.0196282 0.034041 0.0419827 0.054432 0.0697263 0.0735966 0.0501754 0.0524206 0.0485229 0.0666904 0.0369196 0.0226082 0.0235624 0.0286373 0.027687 0.0264569 0.0163922 0.0246295 0.0280212 4.166409e+00 0.502
N:12 Run:5 0.058534 0.024299 0.03667 0.0339455 0.0216368 0.0224849 0.0280361 0.0240796 0.0324277 0.0228589 0.0251516 0.0359479 0.0283127 0.0308432 0.0330655 0.0227069 0.02572 0.0215757 0.0183915 0.022714 0.022917 4.166409e+00 0.502
N:12 Run:6 0.0296606 0.0226114 0.0532236 0.0499205 0.116318 0.107216 0.0827816 0.0896658 0.118195 0.142748 0.187142 0.189229 0.151854 0.154956 0.147444 0.109727 0.0725246 0.0422287 0.0343309 0.033104 0.0237345 4.166409e+00 0.502
N:12 Run:7 0.0461603 0.0275923 0.026626 0.0270595 0.0253607 0.0176524 0.0198852 0.0211556 0.0240183 0.0228011 0.0212129 0.0284624 0.025697 0.0214971 0.0191057 0.0216942 0.0215999 0.0290091 0.020735 0.0275688 0.0170118 4.166409e+00 0.502
N:12 Run:8 0.0599049 0.0213607 0.0324857 0.0737525 0.0894212 0.103251 0.191092 0.204043 0.229266 0.235816 0.252186 0.227847 0.243787 0.21347 0.211329 0.0933259 0.0831237 0.042605 0.0441327 0.0272707 0.0253135 4.166409e+00 0.502
N:12 Run:9 0.0445961 0.0235022 0.0272945 0.0254094 0.0304354 0.0262994 0.0205757 0.0226658 0.0170681 0.016489 0.0211022 0.0248148 0.0288673 0.0306925 0.0298858 0.0174233 0.023261 0.0277389 0.0221128 0.0278614 0.0228221 4.166409e+00 0.502
N:13 Run:0 0.0847027 0.0248947 0.0238817 0.0259995 0.025119 0.0320143 0.0256924 0.021506 0.0266799 0.0236512 0.0252703 0.0267224 0.0375255 0.0361245 0.0389054 0.0299108 0.0437604 0.0239037 0.0204457 0.0165729 0.0166827 4.125127e+00 0.512
N:13 Run:1 0.0334067 0.0284518 0.0381252 0.0373921 0.0796761 0.145875 0.164382 0.245248 0.231234 0.298684 0.278649 0.26788 0.281027 0.218436 0.166712 0.126711 0.108032 0.054144 0.0643105 0.0434589 0.0358001 4.125127e+00 0.512
N:13 Run:2 0.0408701 0.0170382 0.0269437 0.0290326 0.0222553 0.0232294 0.0388636 0.0303948 0.0415516 0.0340859 0.0352726 0.0386283 0.0825675 0.0494758 0.0424547 0.042396 0.0236113 0.027907 0.026744 0.0225302 0.0225013 4.125127e+00 0.512
N:13 Run:3 0.0344789 0.0255126 0.0227986 0.02127 0.0259038 0.0390651 0.0329311 0.0495612 0.0542454 0.0587539 0.0339606 0.0456415 0.0394281 0.0321578 0.0261492 0.0243339 0.0257836 0.0337461 0.0243683 0.0240617 0.018922 4.125127e+00 0.512
N:13 Run:4 0.038618 0.0256433 0.0196282 0.034041 0.0419827 0.054432 0.0697263 0.0735966 0.0501754 0.0524206 0.0485229 0.0666904 0.0369196 0.0226082 0.0235624 0.0286373 0.027687 0.0264569 0.0163922 0.0246295 0.0280212 4.125127e+00 0.512
N:13 Run:5 0.058534 0.024299 0.03667 0.0339455 0.0216368 0.0224849 0.0280361 0.0240796 0.0324277 0.0228589 0.0251516 0.0359479 0.0283127 0.0308432 0.0330655 0.0227069 0.02572 0.0215757 0.0183915 0.022714 0.022917 4.125127e+00 0.512
N:13 Run:6 0.0296606 0.0226114 0.0532236 0.0499205 0.116318 0.107216 0.0827816 0.0896658 0.118195 0.142748 0.187142 0.189229 0.151854 0.154956 0.147444 0.109727 0.0725246 0.0422287 0.0343309 0.033104 0.0237345 4.125127e+00 0.512
N:13 Run:7 0.0461603 0.0275923 0.026626 0.0270595 0.0253607 0.0176524 0.0198852 0.0211556 0.0240183 0.0228011 0.0212129 0.0284624 0.025697 0.0214971 0.0191057 0.0216942 0.0215999 0.0290091 0.020735 0.0275688 0.0170118 4.125127e+00 0.512
N:13 Run:8 0.0599049 0.0213607 0.0324857 0.0737525 0.0894212 0.103251 0.191092 0.204043 0.229266 0.235816 0.252186 0.227847 0.243787 0.21347 0.211329 0.0933259 0.0831237 0.042605 0.0441327 0.0272707 0.0253135 4.125127e+00 0.512
N:13 Run:9 0.0445961 0.0235022 0.0272945 0.0254094 0.0304354 0.0262994 0.0205757 0.0226658 0.0170681 0.016489 0.0211022 0.0248148 0.0288673 0.0306925 0.0298858 0.0174233 0.023261 0.0277389 0.0221128 0.0278614 0.0228221 4.125127e+00 0.512
N:14 Run:0 0.0847027 0.0248947 0.0238817 0.0259995 0.025119 0.0320143 0.0256924 0.021506 0.0266799 0.0236512 0.0252703 0.0267224 0.0375255 0.0361245 0.0389054 0.0299108 0.0437604 0.0239037 0.0204457 0.0165729 0.0166827 4.168107e+00 0.501
N:14 Run:1 0.0334067 0.0284518 0.0381252 0.0373921 0.0796761 0.145875 0.164382 0.245248 0.231234 0.298684 0.278649 0.26788 0.281027 0.218436 0.166712 0.126711 0.108032 0.054144 0.0643105 0.0434589 0.0358001 4.168107e+00 0.501
N:14 Run:2 0.0408701 0.0170382 0.0269437 0.0290326 0.0222553 0.0232294 0.0388636 0.0303948 0.0415516 0.0340859 0.0352726 0.0386283 0.0825675 0.0494758 0.0424547 0.042396 0.0236113 0.027907 0.026744 0.0225302 0.0225013 4.168107e+00 0.501
N:14 Run:3 0.0344789 0.0255126 0.0227986 0.02127 0.0259038 0.0390651 0.0329311 0.0495612 0.0542454 0.0587539 0.0339606 0.0456415 0.0394281 0.0321578 0.0261492 0.0243339 0.0257836 0.0337461 0.0243683 0.0240617 0.018922 4.168107e+00 0.501
N:14 Run:4 0.038618 0.0256433 0.0196282 0.034041 0.0419827 0.054432 0.0697263 0.0735966 0.0501754 0.0524206 0.0485229 0.0666904 0.0369196 0.0226082 0.0235624 0.0286373 0.027687 0.0264569 0.0163922 0.0246295 0.0280212 4.168107e+00 0.501
N:14 Run:5 0.058534 0.024299 0.03667 0.0339455 0.0216368 0.0224849 0.0280361 0.0240796 0.0324277 0.0228589 0.0251516 0.0359479 0.0283127 0.0308432 0.0330655 0.0227069 0.02572 0.0215757 0.0183915 0.022714 0.022917 4.168107e+00 0.501
N:14 Run:6 0.0296606 0.0226114 0.0532236 0.0499205 0.116318 0.107216 0.0827816 0.0896658 0.118195 0.142748 0.187142 0.189229 0.151854 0.154956 0.147444 0.109727 0.0725246 0.0422287 0.0343309 0.033104 0.0237345 4.168107e+00 0.501
N:14 Run:7 0.0461603 0.0275923 0.026626 0.0270595 0.0253607 0.0176524 0.0198852 0.0211556 0.0240183 0.0228011 0.0212129 0.0284624 0.025697 0.0214971 0.0191057 0.0216942 0.0215999 0.0290091 0.020735 0.0275688 0.0170118 4.168107e+00 0.501
N:14 Run:8 0.0599049 0.0213607 0.0324857 0.0737525 0.0894212 0.103251 0.191092 0.204043 0.229266 0.235816 0.252186 0.227847 0.243787 0.21347 0.211329 0.0933259 0.0831237 0.042605 0.0441327 0.0272707 0.0253135 4.168107e+00 0.501
N:14 Run:9 0.0445961 0.0235022 0.0272945 0.0254094 0.0304354 0.0262994 0.0205757 0.0226658 0.0170681 0.016489 0.0211022 0.0248148 0.0288673 0.0306925 0.0298858 0.0174233 0.023261 0.0277389 0.0221128 0.0278614 0.0228221 4.168107e+00 0.501
N:15 Run:0 0.0847027 0.0248947 0.0238817 0.0259995 0.025119 0.0320143 0.0256924 0.021506 0.0266799 0.0236512 0.0252703 0.0267224 0.0375255 0.0361245 0.0389054 0.0299108 0.0437604 0.0239037 0.0204457 0.0165729 0.0166827 4.182877e+00 0.513
N:15 Run:1 0.0334067 0.0284518 0.0381252 0.0373921 0.0796761 0.145875 0.164382 0.245248 0.231234 0.298684 0.278649 0.26788 0.281027 0.218436 0.166712 0.126711 0.108032 0.054144 0.0643105 0.0434589 0.0358001 4.182877e+00 0.513
N:15 Run:2 0.0408701 0.0170382 0.0269437 0.0290326 0.0222553 0.0232294 0.0388636 0.0303948 0.0415516 0.0340859 0.0352726 0.0386283 0.0825675 0.0494758 0.0424547 0.042396 0.0236113 0.027907 0.026744 0.0225302 0.0225013 4.182877e+00 0.513
N:15 Run:3 0.0344789 0.0255126 0.0227986 0.02127 0.0259038 0.0390651 0.0329311 0.0495612 0.0542454 0.0587539 0.0339606 0.0456415 0.0394281 0.0321578 0.0261492 0.0243339 0.0257836 0.0337461 0.0243683 0.0240617 0.018922 4.182877e+00 0.513
N:15 Run:4 0.038618 0.0256433 0.0196282 0.034041 0.0419827 0.054432 0.0697263 0.0735966 0.0501754 0.0524206 0.0485229 0.0666904 0.0369196 0.0226082 0.0235624 0.0286373 0.027687 0.0264569 0.0163922 0.0246295 0.0280212 4.182877e+00 0.513
N:15 Run:5 0.058534 0.024299 0.03667 0.0339455 0.0216368 0.0224849 0.0280361 0.0240796 0.0324277 0.0228589 0.0251516 0.0359479 0.0283127 0.0308432 0.0330655 0.0227069 0.02572 0.0215757 0.0183915 0.022714 0.022917 4.182877e+00 0.513
N:15 Run:6 0.0296606 0.0226114 0.0532236 0.0499205 0.116318 0.107216 0.0827816 0.0896658 0.118195 0.142748 0.187142 0.189229 0.151854 0.154956 0.147444 0.109727 0.0725246 0.0422287 0.0343309 0.033104 0.0237345 4.182877e+00 0.513
N:15 Run:7 0.0461603 0.0275923 0.026626 0.0270595 0.0253607 0.0176524 0.0198852 0.0211556 0.0240183 0.0228011 0.0212129 0.0284624 0.025697 0.0214971 0.0191057 0.0216942 0.0215999 0.0290091 0.020735 0.0275688 0.0170118 4.182877e+00 0.513
N:15 Run:8 0.0599049 0.0213607 0.0324857 0.0737525 0.0894212 0.103251 0.191092 0.204043 0.229266 0.235816 0.252186 0.227847 0.243787 0.21347 0.211329 0.0933259 0.0831237 0.042605 0.0441327 0.0272707 0.0253135 4.182877e+00 0.513
N:15 Run:9 0.0445961 0.0235022 0.0272945 0.0254094 0.0304354 0.0262994 0.0205757 0.0226658 0.0170681 0.016489 0.0211022 0.0248148 0.0288673 0.0306925 0.0298858 0.0174233 0.023261 0.0277389 0.0221128 0.0278614 0.0228221 4.182877e+00 0.513
N:16 Run:0 0.0847027 0.0248947 0.0238817 0.0259995 0.025119 0.0320143 0.0256924 0.021506 0.0266799 0.0236512 0.0252703 0.0267224 0.0375255 0.0361245 0.0389054 0.0299108 0.0437604 0.0239037 0.0204457 0.0165729 0.0166827 4.164700e+00 0.498
N:16 Run:1 0.0334067 0.0284518 0.0381252 0.0373921 0.0796761 0.145875 0.164382 0.245248 0.231234 0.298684 0.278649 0.26788 0.281027 0.218436 0.166712 0.126711 0.108032 0.054144 0.0643105 0.0434589 0.0358001 4.164700e+00 0.498
N:16 Run:2 0.0408701 0.0170382 0.0269437 0.0290326 0.0222553 0.0232294 0.0388636 0.0303948 0.0415516 0.0340859 0.0352726 0.0386283 0.0825675 0.0494758 0.0424547 0.042396 0.0236113 0.027907 0.026744 0.0225302 0.0225013 4.164700e+00 0.498
N:16 Run:3 0.0344789 0.0255126 0.0227986 0.02127 0.0259038 0.0390651 0.0329311 0.0495612 0.0542454 0.0587539 0.0339606 0.0456415 0.0394281 0.0321578 0.0261492 0.0243339 0.0257836 0.0337461 0.0243683 0.0240617 0.018922 4.164700e+00 0.498
N:16 Run:4 0.038618 0.0256433 0.0196282 0.034041 0.0419827 0.054432 0.0697263 0.0735966 0.0501754 0.0524206 0.0485229 0.0666904 0.0369196 0.0226082 0.0235624 0.0286373 0.027687 0.0264569 0.0163922 0.0246295 0.0280212 4.164700e+00 0.498
N:16 Run:5 0.058534 0.024299 0.03667 0.0339455 0.0216368 0.0224849 0.0280361 0.0240796 0.0324277 0.0228589 0.0251516 0.0359479 0.0283127 0.0308432 0.0330655 0.0227069 0.02572 0.0215757 0.0183915 0.022714 0.022917 4.164700e+00 0.498
N:16 Run:6 0.0296606 0.0226114 0.0532236 0.0499205 0.116318 0.107216 0.0827816 0.0896658 0.118195 0.142748 0.187142 0.189229 0.151854 0.154956 0.147444 0.109727 0.0725246 0.0422287 0.0343309 0.033104 0.0237345 4.164700e+00 0.498
N:16 Run:7 0.0461603 0.0275923 0.026626 0.0270595 0.0253607 0.0176524 0.0198852 0.0211556 0.0240183 0.0228011 0.0212129 0.0284624 0.025697 0.0214971 0.0191057 0.0216942 0.0215999 0.0290091 0.020735 0.0275688 0.0170118 4.164700e+00 0.498
N:16 Run:8 0.0599049 0.0213607 0.0324857 0.0737525 0.0894212 0.103251 0.191092 0.204043 0.229266 0.235816 0.252186 0.227847 0.243787 0.21347 0.211329 0.0933259 0.0831237 0.042605 0.0441327 0.0272707 0.0253135 4.164700e+00 0.498
N:16 Run:9 0.0445961 0.0235022 0.0272945 0.0254094 0.0304354 0.0262994 0.0205757 0.0226658 0.0170681 0.016489 0.0211022 0.0248148 0.0288673 0.0306925 0.0298858 0.0174233 0.023261 0.0277389 0.0221128 0.0278614 0.0228221 4.164700e+00 0.498
N:17 Run:0 0.0847027 0.0248947 0.0238817 0.0259995 0.025119 0.0320143 0.0256924 0.021506 0.0266799 0.0236512 0.0252703 0.0267224 0.0375255 0.0361245 0.0389054 0.0299108 0.0437604 0.0239037 0.0204457 0.0165729 0.0166827 4.179303e+00 0.498
N:17 Run:1 0.0334067 0.0284518 0.0381252 0.0373921 0.0796761 0.145875 0.164382 0.245248 0.231234 0.298684 0.278649 0.26788 0.281027 0.218436 0.166712 0.126711 0.108032 0.054144 0.0643105 0.0434589 0.0358001 4.179303e+00 0.498
N:17 Run:2 0.0408701 0.0170382 0.0269437 0.0290326 0.0222553 0.0232294 0.0388636 0.0303948 0.0415516 0.0340859 0.0352726 0.0386283 0.0825675 0.0494758 0.0424547 0.042396 0.0236113 0.027907 0.026744 0.0225302 0.0225013 4.179303e+00 0.498
N:17 Run:3 0.0344789 0.0255126 0.0227986 0.02127 0.0259038 0.0390651 0.0329311 0.0495612 0.0542454 0.0587539 0.0339606 0.0456415 0.0394281 0.0321578 0.0261492 0.0243339 0.0257836 0.0337461 0.0243683 0.0240617 0.018922 4.179303e+00 0.498
N:17 Run:4 0.038618 0.0256433 0.0196282 0.034041 0.0419827 0.054432 0.0697263 0.0735966 0.0501754 0.0524206 0.0485229 0.0666904 0.0369196 0.0226082 0.0235624 0.0286373 0.027687 0.0264569 0.0163922 0.0246295 0.0280212 4.179303e+00 0.498
N:17 Run:5 0.058534 0.024299 0.03667 0.0339455 0.0216368 0.0224849 0.0280361 0.0240796 0.0324277 0.0228589 0.0251516 0.0359479 0.0283127 0.0308432 0.0330655 0.0227069 0.02572 0.0215757 0.0183915 0.022714 0.022917 4.179303e+00 0.498
N:17 Run:6 0.0296606 0.0226114 0.0532236 0.0499205 0.116318 0.107216 0.0827816 0.0896658 0.118195 0.142748 0.187142 0.189229 0.151854 0.154956 0.147444 0.109727 0.0725246 0.0422287 0.0343309 0.033104 0.0237345 4.179303e+00 0.498
N:17 Run:7 0.0461603 0.0275923 0.026626 0.0270595 0.0253607 0.0176524 0.0198852 0.0211556 0.0240183 0.0228011 0.0212129 0.0284624 0.025697 0.0214971 0.0191057 0.0216942 0.0215999 0.0290091 0.020735 0.0275688 0.0170118 4.179303e+00 0.498
N:17 Run:8 0.0599049 0.0213607 0.0324857 0.0737525 0.0894212 0.103251 0.191092 0.204043 0.229266 0.235816 0.252186 0.227847 0.243787 0.21347 0.211329 0.0933259 0.0831237 0.042605 0.0441327 0.0272707 0.0253135 4.179303e+00 0.498
N:17 Run:9 0.0445961 0.0235022 0.0272945 0.0254094 0.0304354 0.0262994 0.0205757 0.0226658 0.0170681 0.016489 0.0211022 0.0248148 0.0288673 0.0306925 0.0298858 0.0174233 0.023261 0.0277389 0.0221128 0.0278614 0.0228221 4.179303e+00 0.498
N:18 Run:0 0.0847027 0.0248947 0.0238817 0.0259995 0.025119 0.0320143 0.0256924 0.021506 0.0266799 0.0236512 0.0252703 0.0267224 0.0375255 0.0361245 0.0389054 0.0299108 0.0437604 0.0239037 0.0204457 0.0165729 0.0166827 4.159491e+00 0.498
N:18 Run:1 0.0334067 0.0284518 0.0381252 0.0373921 0.0796761 0.145875 0.164382 0.245248 0.231234 0.298684 0.278649 0.26788 0.281027 0.218436 0.166712 0.126711 0.108032 0.054144 0.0643105 0.0434589 0.0358001 4.159491e+00 0.498
N:18 Run:2 0.0408701 0.0170382 0.0269437 0.0290326 0.0222553 0.0232294 0.0388636 0.0303948 0.0415516 0.0340859 0.0352726 0.0386283 0.0825675 0.0494758 0.0424547 0.042396 0.0236113 0.027907 0.026744 0.0225302 0.0225013 4.159491e+00 0.498
N:18 Run:3 0.0344789 0.0255126 0.0227986 0.02127 0.0259038 0.0390651 0.0329311 0.0495612 0.0542454 0.0587539 0.0339606 0.0456415 0.0394281 0.0321578 0.0261492 0.0243339 0.0257836 0.0337461 0.0243683 0.0240617 0.018922 4.159491e+00 0.498
N:18 Run:4 0.038618 0.0256433 0.0196282 0.034041 0.0419827 0.054432 0.0697263 0.0735966 0.0501754 0.0524206 0.0485229 0.0666904 0.0369196 0.0226082 0.0235624 0.0286373 0.027687 0.0264569 0.0163922 0.0246295 0.0280212 4.159491e+00 0.498
N:18 Run:5 0.058534 0.024299 0.03667 0.0339455 0.0216368 0.0224849 0.0280361 0.0240796 0.0324277 0.0228589 0.0251516 0.0359479 0.0283127 0.0308432 0.0330655 0.0227069 0.02572 0.0215757 0.0183915 0.022714 0.022917 4.159491e+00 0.498
N:18 Run:6 0.0296606 0.0226114 0.0532236 0.0499205 0.116318 0.107216 0.0827816 0.0896658 0.118195 0.142748 0.187142 0.189229 0.151854 0.154956 0.147444 0.109727 0.0725246 0.0422287 0.0343309 0.033104 0.0237345 4.159491e+00 0.498
N:18 Run:7 0.0461603 0.0275923 0.026626 0.0270595 0.0253607 0.0176524 0.0198852 0.0211556 0.0240183 0.0228011 0.0212129 0.0284624 0.025697 0.0214971 0.0191057 0.0216942 0.0215999 0.0290091 0.020735 0.0275688 0.0170118 4.159491e+00 0.498
N:18 Run:8 0.0599049 0.0213607 0.0324857 0.0737525 0.0894212 0.103251 0.191092 0.204043 0.229266 0.235816 0.252186 0.227847 0.243787 0.21347 0.211329 0.0933259 0.0831237 0.042605 0.0441327 0.0272707 0.0253135 4.159491e+00 0.498
N:18 Run:9 0.0445961 0.0235022 0.0272945 0.0254094 0.0304354 0.0262994 0.0205757 0.0226658 0.0170681 0.016489 0.0211022 0.0248148 0.0288673 0.0306925 0.0298858 0.0174233 0.023261 0.0277389 0.0221128 0.0278614 0.0228221 4.159491e+00 0.498
N:19 Run:0 0.0847027 0.0248947 0.0238817 0.0259995 0.025119 0.0320143 0.0256924 0.021506 0.0266799 0.0236512 0.0252703 0.0267224 0.0375255 0.0361245 0.0389054 0.0299108 0.0437604 0.0239037 0.0204457 0.0165729 0.0166827 4.159461e+00 0.500
N:19 Run:1 0.0334067 0.0284518 0.0381252 0.0373921 0.0796761 0.145875 0.164382 0.245248 0.231234 0.298684 0.278649 0.26788 0.281027 0.218436 0.166712 0.126711 0.108032 0.054144 0.0643105 0.0434589 0.0358001 4.159461e+00 0.500
N:19 Run:2 0.0408701 0.0170382 0.0269437 0.0290326 0.0222553 0.0232294 0.0388636 0.0303948 0.0415516 0.0340859 0.0352726 0.0386283 0.0825675 0.0494758 0.0424547 0.042396 0.0236113 0.027907 0.026744 0.0225302 0.0225013 4.159461e+00 0.500
N:19 Run:3 0.0344789 0.0255126 0.0227986 0.02127 0.0259038 0.0390651 0.0329311 0.0495612 0.0542454 0.0587539 0.0339606 0.0456415 0.0394281 0.0321578 0.0261492 0.0243339 0.0257836 0.0337461 0.0243683 0.0240617 0.018922 4.159461e+00 0.500
N:19 Run:4 0.038618 0.0256433 0.0196282 0.034041 0.0419827 0.054432 0.0697263 0.0735966 0.0501754 0.0524206 0.0485229 0.0666904 0.0369196 0.0226082 0.0235624 0.0286373 0.027687 0.0264569 0.0163922 0.0246295 0.0280212 4.159461e+00 0.500
N:19 Run:5 0.058534 0.024299 0.03667 0.0339455 0.0216368 0.0224849 0.0280361 0.0240796 0.0324277 0.0228589 0.0251516 0.0359479 0.0283127 0.0308432 0.0330655 0.0227069 0.02572 0.0215757 0.0183915 0.022714 0.022917 4.159461e+00 0.500
N:19 Run:6 0.0296606 0.0226114 0.0532236 0.0499205 0.116318 0.107216 0.0827816 0.0896658 0.118195 0.142748 0.187142 0.189229 0.151854 0.154956 0.147444 0.109727 0.0725246 0.0422287 0.0343309 0.033104 0.0237345 4.159461e+00 0.500
N:19 Run:7 0.0461603 0.0275923 0.026626 0.0270595 0.0253607 0.0176524 0.0198852 0.0211556 0.0240183 0.0228011 0.0212129 0.0284624 0.025697 0.0214971 0.0191057 0.0216942 0.0215999 0.0290091 0.020735 0.0275688 0.0170118 4.159461e+00 0.500
N:19 Run:8 0.0599049 0.0213607 0.0324857 0.0737525 0.0894212 0.103251 0.191092 0.204043 0.229266 0.235816 0.252186 0.227847 0.243787 0.21347 0.211329 0.0933259 0.0831237 0.042605 0.0441327 0.0272707 0.0253135 4.159461e+00 0.500
N:19 Run:9 0.0445961 0.0235022 0.0272945 0.0254094 0.0304354 0.0262994 0.0205757 0.0226658 0.0170681 0.016489 0.0211022 0.0248148 0.0288673 0.0306925 0.0298858 0.0174233 0.023261 0.0277389 0.0221128 0.0278614 0.0228221 4.159461e+00 0.500
N:20 Run:0 0.0847027 0.0248947 0.0238817 0.0259995 0.025119 0.0320143 0.0256924 0.021506 0.0266799 0.0236512 0.0252703 0.0267224 0.0375255 0.0361245 0.0389054 0.0299108 0.0437604 0.0239037 0.0204457 0.0165729 0.0166827 4.130504e+00 0.508
N:20 Run:1 0.0334067 0.0284518 0.0381252 0.0373921 0.0796761 0.145875 0.164382 0.245248 0.231234 0.298684 0.278649 0.26788 0.281027 0.218436 0.166712 0.126711 0.108032 0.054144 0.0643105 0.0434589 0.0358001 4.130504e+00 0.508
N:20 Run:2 0.0408701 0.0170382 0.0269437 0.0290326 0.0222553 0.0232294 0.0388636 0.0303948 0.0415516 0.0340859 0.0352726 0.0386283 0.0825675 0.0494758 0.0424547 0.042396 0.0236113 0.027907 0.026744 0.0225302 0.0225013 4.130504e+00 0.508
N:20 Run:3 0.0344789 0.0255126 0.0227986 0.02127 0.0259038 0.0390651 0.0329311 0.0495612 0.0542454 0.0587539 0.0339606 0.0456415 0.0394281 0.0321578 0.0261492 0.0243339 0.0257836 0.0337461 0.0243683 0.0240617 0.018922 4.130504e+00 0.508
N:20 Run:4 0.038618 0.0256433 0.0196282 0.034041 0.0419827 0.054432 0.0697263 0.0735966 0.0501754 0.0524206 0.0485229 0.0666904 0.0369196 0.0226082 0.0235624 0.0286373 0.027687 0.0264569 0.0163922 0.0246295 0.0280212 4.130504e+00 0.508
N:20 Run:5 0.058534 0.024299 0.03667 0.0339455 0.0216368 0.0224849 0.0280361 0.0240796 0.0324277 0.0228589 0.0251516 0.0359479 0.0283127 0.0308432 0.0330655 0.0227069 0.02572 0.0215757 0.0183915 0.022714 0.022917 4.130504e+00 0.508
N:20 Run:6 0.0296606 0.0226114 0.0532236 0.0499205 0.116318 0.107216 0.0827816 0.0896658 0.118195 0.142748 0.187142 0.189229 0.151854 0.154956 0.147444 0.109727 0.0725246 0.0422287 0.0343309 0.033104 0.0237345 4.130504e+00 0.508
N:20 Run:7 0.0461603 0.0275923 0.026626 0.0270595 0.0253607 0.0176524 0.0198852 0.0211556 0.0240183 0.0228011 0.0212129 0.0284624 0.025697 0.0214971 0.0191057 0.0216942 0.0215999 0.0290091 0.020735 0.0275688 0.0170118 4.130504e+00 0.508
N:20 Run:8 0.0599049 0.0213607 0.0324857 0.0737525 0.0894212 0.103251 0.191092 0.204043 0.229266 0.235816 0.252186 0.227847 0.243787 0.21347 0.211329 0.0933259 0.0831237 0.042605 0.0441327 0.0272707 0.0253135 4.130504e+00 0.508
N:20 Run:9 0.0445961 0.0235022 0.0272945 0.0254094 0.0304354 0.0262994 0.0205757 0.0226658 0.0170681 0.016489 0.0211022 0.0248148 0.0288673 0.0306925 0.0298858 0.0174233 0.023261 0.0277389 0.0221128 0.0278614 0.0228221 4.130504e+00 0.508
N:21 Run:0 0.0847027 0.0248947 0.0238817 0.0259995 0.025119 0.0320143 0.0256924 0.021506 0.0266799 0.0236512 0.0252703 0.0267224 0.0375255 0.0361245 0.0389054 0.0299108 0.0437604 0.0239037 0.0204457 0.0165729 0.0166827 4.172135e+00 0.500
N:21 Run:1 0.0334067 0.0284518 0.0381252 0.0373921 0.0796761 0.145875 0.164382 0.245248 0.231234 0.298684 0.278649 0.26788 0.281027 0.218436 0.166712 0.126711 0.108032 0.054144 0.0643105 0.0434589 0.0358001 4.172135e+00 0.500
N:21 Run:2 0.0408701 0.0170382 0.0269437 0.0290326 0.0222553 0.0232294 0.0388636 0.0303948 0.0415516 0.0340859 0.0352726 0.0386283 0.0825675 0.0494758 0.0424547 0.042396 0.0236113 0.027907 0.026744 0.0225302 0.0225013 4.172135e+00 0.500
N:21 Run:3 0.0344789 0.0255126 0.0227986 0.02127 0.0259038 0.0390651 0.0329311 0.0495612 0.0542454 0.0587539 0.0339606 0.0456415 0.0394281 0.0321578 0.0261492 0.0243339 0.0257836 0.0337461 0.0243683 0.0240617 0.018922 4.172135e+00 0.500
N:21 Run:4 0.038618 0.0256433 0.0196282 0.034041 0.0419827 0.054432 0.0697263 0.0735966 0.0501754 0.0524206 0.0485229 0.0666904 0.0369196 0.0226082 0.0235624 0.0286373 0.027687 0.0264569 0.0163922 0.0246295 0.0280212 4.172135e+00 0.500
N:21 Run:5 0.058534 0.024299 0.03667 0.0339455 0.0216368 0.0224849 0.0280361 0.0240796 0.0324277 0.0228589 0.0251516 0.0359479 0.0283127 0.0308432 0.0330655 0.0227069 0.02572 0.0215757 0.0183915 0.022714 0.022917 4.172135e+00 0.500
N:21 Run:6 0.0296606 0.0226114 0.0532236 0.0499205 0.116318 0.107216 0.0827816 0.0896658 0.118195 0.142748 0.187142 0.189229 0.151854 0.154956 0.147444 0.109727 0.0725246 0.0422287 0.0343309 0.033104 0.0237345 4.172135e+00 0.500
N:21 Run:7 0.0461603 0.0275923 0.026626 0.0270595 0.0253607 0.0176524 0.0198852 0.0211556 0.0240183 0.0228011 0.0212129 0.0284624 0.025697 0.0214971 0.0191057 0.0216942 0.0215999 0.0290091 0.020735 0.0275688 0.0170118 4.172135e+00 0.500
N:21 Run:8 0.0599049 0.0213607 0.0324857 0.0737525 0.0894212 0.103251 0.191092 0.204043 0.229266 0.235816 0.252186 0.227847 0.243787 0.21347 0.211329 0.0933259 0.0831237 0.042605 0.0441327 0.0272707 0.0253135 4.172135e+00 0.500
N:21 Run:9 0.0445961 0.0235022 0.0272945 0.0254094 0.0304354 0.0262994 0.0205757 0.0226658 0.0170681 0.016489 0.0211022 0.0248148 0.0288673 0.0306925 0.0298858 0.0174233 0.023261 0.0277389 0.0221128 0.0278614 0.0228221 4.172135e+00 0.500
N:22 Run:0 0.0847027 0.0248947 0.0238817 0.0259995 0.025119 0.0320143 0.0256924 0.021506 0.0266799 0.0236512 0.0252703 0.0267224 0.0375255 0.0361245 0.0389054 0.0299108 0.0437604 0.0239037 0.0204457 0.0165729 0.0166827 4.160308e+00 0.502
N:22 Run:1 0.0334067 0.0284518 0.0381252 0.0373921 0.0796761 0.145875 0.164382 0.245248 0.231234 0.298684 0.278649 0.26788 0.281027 0.218436 0.166712 0.126711 0.108032 0.054144 0.0643105 0.0434589 0.0358001 4.160308e+00 0.502
N:22 Run:2 0.0408701 0.0170382 0.0269437 0.0290326 0.0222553 0.0232294 0.0388636 0.0303948 0.0415516 0.0340859 0.0352726 0.0386283 0.0825675 0.0494758 0.0424547 0.042396 0.0236113 0.027907 0.026744 0.0225302 0.0225013 4.160308e+00 0.502
N:22 Run:3 0.0344789 0.0255126 0.0227986 0.02127 0.0259038 0.0390651 0.0329311 0.0495612 0.0542454 0.0587539 0.0339606 0.0456415 0.0394281 0.0321578 0.0261492 0.0243339 0.0257836 0.0337461 0.0243683 0.0240617 0.018922 4.160308e+00 0.502
N:22 Run:4 0.038618 0.0256433 0.0196282 0.034041 0.0419827 0.054432 0.0697263 0.0735966 0.0501754 0.0524206 0.0485229 0.0666904 0.0369196 0.0226082 0.0235624 0.0286373 0.027687 0.0264569 0.0163922 0.0246295 0.0280212 4.160308e+00 0.502
N:22 Run:5 0.058534 0.024299 0.03667 0.0339455 0.0216368 0.0224849 0.0280361 0.0240796 0.0324277 0.0228589 0.0251516 0.0359479 0.0283127 0.0308432 0.0330655 0.0227069 0.02572 0.0215757 0.0183915 0.022714 0.022917 4.160308e+00 0.502
N:22 Run:6 0.0296606 0.0226114 0.0532236 0.0499205 0.116318 0.107216 0.0827816 0.0896658 0.118195 0.142748 0.187142 0.189229 0.151854 0.154956 0.147444 0.109727 0.0725246 0.0422287 0.0343309 0.033104 0.0237345 4.160308e+00 0.502
N:22 Run:7 0.0461603 0.0275923 0.026626 0.0270595 0.0253607 0.0176524 0.0198852 0.0211556 0.0240183 0.0228011 0.0212129 0.0284624 0.025697 0.0214971 0.0191057 0.0216942 0.0215999 0.0290091 0.020735 0.0275688 0.0170118 4.160308e+00 0.502
N:22 Run:8 0.0599049 0.0213607 0.0324857 0.0737525 0.0894212 0.103251 0.191092 0.204043 0.229266 0.235816 0.252186 0.227847 0.243787 0.21347 0.211329 0.0933259 0.0831237 0.042605 0.0441327 0.0272707 0.0253135 4.160308e+00 0.502
N:22 Run:9 0.0445961 0.0235022 0.0272945 0.0254094 0.0304354 0.0262994 0.0205757 0.0226658 0.0170681 0.016489 0.0211022 0.0248148 0.0288673 0.0306925 0.0298858 0.0174233 0.023261 0.0277389 0.0221128 0.0278614 0.0228221 4.160308e+00 0.502
N:23 Run:0 0.0847027 0.0248947 0.0238817 0.0259995 0.025119 0.0320143 0.0256924 0.021506 0.0266799 0.0236512 0.0252703 0.0267224 0.0375255 0.0361245 0.0389054 0.0299108 0.0437604 0.0239037 0.0204457 0.0165729 0.0166827 4.184410e+00 0.503
N:23 Run:1 0.0334067 0.0284518 0.0381252 0.0373921 0.0796761 0.145875 0.164382 0.245248 0.231234 0.298684 0.278649 0.26788 0.281027 0.218436 0.166712 0.126711 0.108032 0.054144 0.0643105 0.0434589 0.0358001 4.184410e+00 0.503
N:23 Run:2 0.0408701 0.0170382 0.0269437 0.0290326 0.0222553 0.0232294 0.0388636 0.0303948 0.0415516 0.0340859 0.0352726 0.0386283 0.0825675 0.0494758 0.0424547 0.042396 0.0236113 0.027907 0.026744 0.0225302 0.0225013 4.184410e+00 0.503
N:23 Run:3 0.0344789 0.0255126 0.0227986 0.02127 0.0259038 0.0390651 0.0329311 0.0495612 0.0542454 0.0587539 0.0339606 0.0456415 0.0394281 0.0321578 0.0261492 0.0243339 0.0257836 0.0337461 0.0243683 0.0240617 0.018922 4.184410e+00 0.503
N:23 Run:4 0.038618 0.0256433 0.0196282 0.034041 0.0419827 0.054432 0.0697263 0.0735966 0.0501754 0.0524206 0.0485229 0.0666904 0.0369196 0.0226082 0.0235624 0.0286373 0.027687 0.0264569 0.0163922 0.0246295 0.0280212 4.184410e+00 0.503
N:23 Run:5 0.058534 0.024299 0.03667 0.0339455 0.0216368 0.0224849 0.0280361 0.0240796 0.0324277 0.0228589 0.0251516 0.0359479 0.0283127 0.0308432 0.0330655 0.0227069 0.02572 0.0215757 0.0183915 0.022714 0.022917 4.184410e+00 0.503
N:23 Run:6 0.0296606 0.0226114 0.0532236 0.0499205 0.116318 0.107216 0.0827816 0.0896658 0.118195 0.142748 0.187142 0.189229 0.151854 0.154956 0.147444 0.109727 0.0725246 0.0422287 0.0343309 0.033104 0.0237345 4.184410e+00 0.503
N:23 Run:7 0.0461603 0.0275923 0.026626 0.0270595 0.0253607 0.0176524 0.0198852 0.0211556 0.0240183 0.0228011 0.0212129 0.0284624 0.025697 0.0214971 0.0191057 0.0216942 0.0215999 0.0290091 0.020735 0.0275688 0.0170118 4.184410e+00 0.503
N:23 Run:8 0.0599049 0.0213607 0.0324857 0.0737525 0.0894212 0.103251 0.191092 0.204043 0.229266 0.235816 0.252186 0.227847 0.243787 0.21347 0.211329 0.0933259 0.0831237 0.042605 0.0441327 0.0272707 0.0253135 4.184410e+00 0.503
N:23 Run:9 0.0445961 0.0235022 0.0272945 0.0254094 0.0304354 0.0262994 0.0205757 0.0226658 0.0170681 0.016489 0.0211022 0.0248148 0.0288673 0.0306925 0.0298858 0.0174233 0.023261 0.0277389 0.0221128 0.0278614 0.0228221 4.184410e+00 0.503
N:24 Run:0 0.0847027 0.0248947 0.0238817 0.0259995 0.025119 0.0320143 0.0256924 0.021506 0.0266799 0.0236512 0.0252703 0.0267224 0.0375255 0.0361245 0.0389054 0.0299108 0.0437604 0.0239037 0.0204457 0.0165729 0.0166827 4.171399e+00 0.500
N:24 Run:1 0.0334067 0.0284518 0.0381252 0.0373921 0.0796761 0.145875 0.164382 0.245248 0.231234 0.298684 0.278649 0.26788 0.281027 0.218436 0.166712 0.126711 0.108032 0.054144 0.0643105 0.0434589 0.0358001 4.171399e+00 0.500
N:24 Run:2 0.0408701 0.0170382 0.0269437 0.0290326 0.0222553 0.0232294 0.0388636 0.0303948 0.0415516 0.0340859 0.0352726 0.0386283 0.0825675 0.0494758 0.0424547 0.042396 0.0236113 0.027907 0.026744 0.0225302 0.0225013 4.171399e+00 0.500
N:24 Run:3 0.0344789 0.0255126 0.0227986 0.02127 0.0259038 0.0390651 0.0329311 0.0495612 0.0542454 0.0587539 0.0339606 0.0456415 0.0394281 0.0321578 0.0261492 0.0243339 0.0257836 0.0337461 0.0243683 0.0240617 0.018922 4.171399e+00 0.500
N:24 Run:4 0.038618 0.0256433 0.0196282 0.034041 0.0419827 0.054432 0.0697263 0.0735966 0.0501754 0.0524206 0.0485229 0.0666904 0.0369196 0.0226082 0.0235624 0.0286373 0.027687 0.0264569 0.0163922 0.0246295 0.0280212 4.171399e+00 0.500
N:24 Run:5 0.058534 0.024299 0.03667 0.0339455 0.0216368 0.0224849 0.0280361 0.0240796 0.0324277 0.0228589 0.0251516 0.0359479 0.0283127 0.0308432 0.0330655 0.0227069 0.02572 0.0215757 0.0183915 0.022714 0.022917 4.171399e+00 0.500
N:24 Run:6 0.0296606 0.0226114 0.0532236 0.0499205 0.116318 0.107216 0.0827816 0.0896658 0.118195 0.142748 0.187142 0.189229 0.151854 0.154956 0.147444 0.109727 0.0725246 0.0422287 0.0343309 0.033104 0.0237345 4.171399e+00 0.500
N:24 Run:7 0.0461603 0.0275923 0.026626 0.0270595 0.0253607 0.0176524 0.0198852 0.0211556 0.0240183 0.0228011 0.0212129 0.0284624 0.025697 0.0214971 0.0191057 0.0216942 0.0215999 0.0290091 0.020735 0.0275688 0.0170118 4.171399e+00 0.500
N:24 Run:8 0.0599049 0.0213607 0.0324857 0.0737525 0.0894212 0.103251 0.191092 0.204043 0.229266 0.235816 0.252186 0.227847 0.243787 0.21347 0.211329 0.0933259 0.0831237 0.042605 0.0441327 0.0272707 0.0253135 4.171399e+00 0.500
N:24 Run:9 0.0445961 0.0235022 0.0272945 0.0254094 0.0304354 0.0262994 0.0205757 0.0226658 0.0170681 0.016489 0.0211022 0.0248148 0.0288673 0.0306925 0.0298858 0.0174233 0.023261 0.0277389 0.0221128 0.0278614 0.0228221 4.171399e+00 0.500
N:25 Run:0 0.0847027 0.0248947 0.0238817 0.0259995 0.025119 0.0320143 0.0256924 0.021506 0.0266799 0.0236512 0.0252703 0.0267224 0.0375255 0.0361245 0.0389054 0.0299108 0.0437604 0.0239037 0.0204457 0.0165729 0.0166827 4.166107e+00 0.505
N:25 Run:1 0.0334067 0.0284518 0.0381252 0.0373921 0.0796761 0.145875 0.164382 0.245248 0.231234 0.298684 0.278649 0.26788 0.281027 0.218436 0.166712 0.126711 0.108032 0.054144 0.0643105 0.0434589 0.0358001 4.166107e+00 0.505
N:25 Run:2 0.0408701 0.0170382 0.0269437 0.0290326 0.0222553 0.0232294 0.0388636 0.0303948 0.0415516 0.0340859 0.0352726 0.0386283 0.0825675 0.0494758 0.0424547 0.042396 0.0236113 0.027907 0.026744 0.0225302 0.0225013 4.166107e+00 0.505
N:25 Run:3 0.0344789 0.0255126 0.0227986 0.02127 0.0259038 0.0390651 0.0329311 0.0495612 0.0542454 0.0587539 0.0339606 0.0456415 0.0394281 0.0321578 0.0261492 0.0243339 0.0257836 0.0337461 0.0243683 0.0240617 0.018922 4.166107e+00 0.505
N:25 Run:4 0.038618 0.0256433 0.0196282 0.034041 0.0419827 0.054432 0.0697263 0.0735966 0.0501754 0.0524206 0.0485229 0.0666904 0.0369196 0.0226082 0.0235624 0.0286373 0.027687 0.0264569 0.0163922 0.0246295 0.0280212 4.166107e+00 0.505
N:25 Run:5 0.058534 0.024299 0.03667 0.0339455 0.0216368 0.0224849 0.0280361 0.0240796 0.0324277 0.0228589 0.0251516 0.0359479 0.0283127 0.0308432 0.0330655 0.0227069 0.02572 0.0215757 0.0183915 0.022714 0.022917 4.166107e+00 0.505
N:25 Run:6 0.0296606 0.0226114 0.0532236 0.0499205 0.116318 0.107216 0.0827816 0.0896658 0.118195 0.142748 0.187142 0.189229 0.151854 0.154956 0.147444 0.109727 0.0725246 0.0422287 0.0343309 0.033104 0.0237345 4.166107e+00 0.505
N:25 Run:7 0.0461603 0.0275923 0.026626 0.0270595 0.0253607 0.0176524 0.0198852 0.0211556 0.0240183 0.0228011 0.0212129 0.0284624 0.025697 0.0214971 0.0191057 0.0216942 0.0215999 0.0290091 0.020735 0.0275688 0.0170118 4.166107e+00 0.505
N:25 Run:8 0.0599049 0.0213607 0.0324857 0.0737525 0.0894212 0.103251 0.191092 0.204043 0.229266 0.235816 0.252186 0.227847 0.243787 0.21347 0.211329 0.0933259 0.0831237 0.042605 0.0441327 0.0272707 0.0253135 4.166107e+00 0.505
N:25 Run:9 0.0445961 0.0235022 0.0272945 0.0254094 0.0304354 0.0262994 0.0205757 0.0226658 0.0170681 0.016489 0.0211022 0.0248148 0.0288673 0.0306925 0.0298858 0.0174233 0.023261 0.0277389 0.0221128 0.0278614 0.0228221 4.166107e+00 0.505
N:26 Run:0 0.0847027 0.0248947 0.0238817 0.0259995 0.025119 0.0320143 0.0256924 0.021506 0.0266799 0.0236512 0.0252703 0.0267224 0.0375255 0.0361245 0.0389054 0.0299108 0.0437604 0.0239037 0.0204457 0.0165729 0.0166827 4.176740e+00 0.501
N:26 Run:1 0.0334067 0.0284518 0.0381252 0.0373921 0.0796761 0.145875 0.164382 0.245248 0.231234 0.298684 0.278649 0.26788 0.281027 0.218436 0.166712 0.126711 0.108032 0.054144 0.0643105 0.0434589 0.0358001 4.176740e+00 0.501
N:26 Run:2 0.0408701 0.0170382 0.0269437 0.0290326 0.0222553 0.0232294 0.0388636 0.0303948 0.0415516 0.0340859 0.0352726 0.0386283 0.0825675 0.0494758 0.0424547 0.042396 0.0236113 0.027907 0.026744 0.0225302 0.0225013 4.176740e+00 0.501
N:26 Run:3 0.0344789 0.0255126 0.0227986 0.02127 0.0259038 0.0390651 0.0329311 0.0495612 0.0542454 0.0587539 0.0339606 0.0456415 0.0394281 0.0321578 0.0261492 0.0243339 0.0257836 0.0337461 0.0243683 0.0240617 0.018922 4.176740e+00 0.501
N:26 Run:4 0.038618 0.0256433 0.0196282 0.034041 0.0419827 0.054432 0.0697263 0.0735966 0.0501754 0.0524206 0.0485229 0.0666904 0.0369196 0.0226082 0.0235624 0.0286373 0.027687 0.0264569 0.0163922 0.0246295 0.0280212 4.176740e+00 0.501
N:26 Run:5 0.058534 0.024299 0.03667 0.0339455 0.0216368 0.0224849 0.0280361 0.0240796 0.0324277 0.0228589 0.0251516 0.0359479 0.0283127 0.0308432 0.0330655 0.0227069 0.02572 0.0215757 0.0183915 0.022714 0.022917 4.176740e+00 0.501
N:26 Run:6 0.0296606 0.0226114 0.0532236 0.0499205 0.116318 0.107216 0.0827816 0.0896658 0.118195 0.142748 0.187142 0.189229 0.151854 0.154956 0.147444 0.109727 0.0725246 0.0422287 0.0343309 0.033104 0.0237345 4.176740e+00 0.501
N:26 Run:7 0.0461603 0.0275923 0.026626 0.0270595 0.0253607 0.0176524 0.0198852 0.0211556 0.0240183 0.0228011 0.0212129 0.0284624 0.025697 0.0214971 0.0191057 0.0216942 0.0215999 0.0290091 0.020735 0.0275688 0.0170118 4.176740e+00 0.501
N:26 Run:8 0.0599049 0.0213607 0.0324857 0.0737525 0.0894212 0.103251 0.191092 0.204043 0.229266 0.235816 0.252186 0.227847 0.243787 0.21347 0.211329 0.0933259 0.0831237 0.042605 0.0441327 0.0272707 0.0253135 4.176740e+00 0.501
N:26 Run:9 0.0445961 0.0235022 0.0272945 0.0254094 0.0304354 0.0262994 0.0205757 0.0226658 0.0170681 0.016489 0.0211022 0.0248148 0.0288673 0.0306925 0.0298858 0.0174233 0.023261 0.0277389 0.0221128 0.0278614 0.0228221 4.176740e+00 0.501
N:27 Run:0 0.0847027 0.0248947 0.0238817 0.0259995 0.025119 0.0320143 0.0256924 0.021506 0.0266799 0.0236512 0.0252703 0.0267224 0.0375255 0.0361245 0.0389054 0.0299108 0.0437604 0.0239037 0.0204457 0.0165729 0.0166827 4.160021e+00 0.505
N:27 Run:1 0.0334067 0.0284518 0.0381252 0.0373921 0.0796761 0.145875 0.164382 0.245248 0.231234 0.298684 0.278649 0.26788 0.281027 0.218436 0.166712 0.126711 0.108032 0.054144 0.0643105 0.0434589 0.0358001 4.160021e+00 0.505
N:27 Run:2 0.0408701 0.0170382 0.0269437 0.0290326 0.0222553 0.0232294 0.0388636 0.0303948 0.0415516 0.0340859 0.0352726 0.0386283 0.0825675 0.0494758 0.0424547 0.042396 0.0236113 0.027907 0.026744 0.0225302 0.0225013 4.160021e+00 0.505
N:27 Run:3 0.0344789 0.0255126 0.0227986 0.02127 0.0259038 0.0390651 0.0329311 0.0495612 0.0542454 0.0587539 0.0339606 0.0456415 0.0394281 0.0321578 0.0261492 0.0243339 0.0257836 0.0337461 0.0243683 0.0240617 0.018922 4.160021e+00 0.505
N:27 Run:4 0.038618 0.0256433 0.0196282 0.034041 0.0419827 0.054432 0.0697263 0.0735966 0.0501754 0.0524206 0.0485229 0.0666904 0.0369196 0.0226082 0.0235624 0.0286373 0.027687 0.0264569 0.0163922 0.0246295 0.0280212 4.160021e+00 0.505
N:27 Run:5 0.058534 0.024299 0.03667 0.0339455 0.0216368 0.0224849 0.0280361 0.0240796 0.0324277 0.0228589 0.0251516 0.0359479 0.0283127 0.0308432 0.0330655 0.0227069 0.02572 0.0215757 0.0183915 0.022714 0.022917 4.160021e+00 0.505
N:27 Run:6 0.0296606 0.0226114 0.0532236 0.0499205 0.116318 0.107216 0.0827816 0.0896658 0.118195 0.142748 0.187142 0.189229 0.151854 0.154956 0.147444 0.109727 0.0725246 0.0422287 0.0343309 0.033104 0.0237345 4.160021e+00 0.505
N:27 Run:7 0.0461603 0.0275923 0.026626 0.0270595 0.0253607 0.0176524 0.0198852 0.0211556 0.0240183 0.0228011 0.0212129 0.0284624 0.025697 0.0214971 0.0191057 0.0216942 0.0215999 0.0290091 0.020735 0.0275688 0.0170118 4.160021e+00 0.505
N:27 Run:8 0.0599049 0.0213607 0.0324857 0.0737525 0.0894212 0.103251 0.191092 0.204043 0.229266 0.235816 0.252186 0.227847 0.243787 0.21347 0.211329 0.0933259 0.0831237 0.042605 0.0441327 0.0272707 0.0253135 4.160021e+00 0.505
N:27 Run:9 0.0445961 0.0235022 0.0272945 0.0254094 0.0304354 0.0262994 0.0205757 0.0226658 0.0170681 0.016489 0.0211022 0.0248148 0.0288673 0.0306925 0.0298858 0.0174233 0.023261 0.0277389 0.0221128 0.0278614 0.0228221 4.160021e+00 0.505
N:28 Run:0 0.0847027 0.0248947 0.0238817 0.0259995 0.025119 0.0320143 0.0256924 0.021506 0.0266799 0.0236512 0.0252703 0.0267224 0.0375255 0.0361245 0.0389054 0.0299108 0.0437604 0.0239037 0.0204457 0.0165729 0.0166827 4.154898e+00 0.501
N:28 Run:1 0.0334067 0.0284518 0.0381252 0.0373921 0.0796761 0.145875 0.164382 0.245248 0.231234 0.298684 0.278649 0.26788 0.281027 0.218436 0.166712 0.126711 0.108032 0.054144 0.0643105 0.0434589 0.0358001 4.154898e+00 0.501
N:28 Run:2 0.0408701 0.0170382 0.0269437 0.0290326 0.0222553 0.0232294 0.0388636 0.0303948 0.0415516 0.0340859 0.0352726 0.0386283 0.0825675 0.0494758 0.0424547 0.042396 0.0236113 0.027907 0.026744 0.0225302 0.0225013 4.154898e+00 0.501
N:28 Run:3 0.0344789 0.0255126 0.0227986 0.02127 0.0259038 0.0390651 0.0329311 0.0495612 0.0542454 0.0587539 0.0339606 0.0456415 0.0394281 0.0321578 0.0261492 0.0243339 0.0257836 0.0337461 0.0243683 0.0240617 0.018922 4.154898e+00 0.501
N:28 Run:4 0.038618 0.0256433 0.0196282 0.034041 0.0419827 0.054432 0.0697263 0.0735966 0.0501754 0.0524206 0.0485229 0.0666904 0.0369196 0.0226082 0.0235624 0.0286373 0.027687 0.0264569 0.0163922 0.0246295 0.0280212 4.154898e+00 0.501
N:28 Run:5 0.058534 0.024299 0.03667 0.0339455 0.0216368 0.0224849 0.0280361 0.0240796 0.0324277 0.0228589 0.0251516 0.0359479 0.0283127 0.0308432 0.0330655 0.0227069 0.02572 0.0215757 0.0183915 0.022714 0.022917 4.154898e+00 0.501
N:28 Run:6 0.0296606 0.0226114 0.0532236 0.0499205 0.116318 0.107216 0.0827816 0.0896658 0.118195 0.142748 0.187142 0.189229 0.151854 0.154956 0.147444 0.109727 0.0725246 0.0422287 0.0343309 0.033104 0.0237345 4.154898e+00 0.501
N:28 Run:7 0.0461603 0.0275923 0.026626 0.0270595 0.0253607 0.0176524 0.0198852 0.0211556 0.0240183 0.0228011 0.0212129 0.0284624 0.025697 0.0214971 0.0191057 0.0216942 0.0215999 0.0290091 0.020735 0.0275688 0.0170118 4.154898e+00 0.501
N:28 Run:8 0.0599049 0.0213607 0.0324857 0.0737525 0.0894212 0.103251 0.191092 0.204043 0.229266 0.235816 0.252186 0.227847 0.243787 0.21347 0.211329 0.0933259 0.0831237 0.042605 0.0441327 0.0272707 0.0253135 4.154898e+00 0.501
N:28 Run:9 0.0445961 0.0235022 0.0272945 0.0254094 0.0304354 0.0262994 0.0205757 0.0226658 0.0170681 0.016489 0.0211022 0.0248148 0.0288673 0.0306925 0.0298858 0.0174233 0.023261 0.0277389 0.0221128 0.0278614 0.0228221 4.154898e+00 0.501
N:29 Run:0 0.0847027 0.0248947 0.0238817 0.0259995 0.025119 0.0320143 0.0256924 0.021506 0.0266799 0.0236512 0.0252703 0.0267224 0.0375255 0.0361245 0.0389054 0.0299108 0.0437604 0.0239037 0.0204457 0.0165729 0.0166827 4.175769e+00 0.500
N:29 Run:1 0.0334067 0.0284518 0.0381252 0.0373921 0.0796761 0.145875 0.164382 0.245248 0.231234 0.298684 0.278649 0.26788 0.281027 0.218436 0.166712 0.126711 0.108032 0.054144 0.0643105 0.0434589 0.0358001 4.175769e+00 0.500
N:29 Run:2 0.0408701 0.0170382 0.0269437 0.0290326 0.0222553 0.0232294 0.0388636 0.0303948 0.0415516 0.0340859 0.0352726 0.0386283 0.0825675 0.0494758 0.0424547 0.042396 0.0236113 0.027907 0.026744 0.0225302 0.0225013 4.175769e+00 0.500
N:29 Run:3 0.0344789 0.0255126 0.0227986 0.02127 0.0259038 0.0390651 0.0329311 0.0495612 0.0542454 0.0587539 0.0339606 0.0456415 0.0394281 0.0321578 0.0261492 0.0243339 0.0257836 0.0337461 0.0243683 0.0240617 0.018922 4.175769e+00 0.500
N:29 Run:4 0.038618 0.0256433 0.0196282 0.034041 0.0419827 0.054432 0.0697263 0.0735966 0.0501754 0.0524206 0.0485229 0.0666904 0.0369196 0.0226082 0.0235624 0.0286373 0.027687 0.0264569 0.0163922 0.0246295 0.0280212 4.175769e+00 0.500
N:29 Run:5 0.058534 0.024299 0.03667 0.0339455 0.0216368 0.0224849 0.0280361 0.0240796 0.0324277 0.0228589 0.0251516 0.0359479 0.0283127 0.0308432 0.0330655 0.0227069 0.02572 0.0215757 0.0183915 0.022714 0.022917 4.175769e+00 0.500
N:29 Run:6 0.0296606 0.0226114 0.0532236 0.0499205 0.116318 0.107216 0.0827816 0.0896658 0.118195 0.142748 0.187142 0.189229 0.151854 0.154956 0.147444 0.109727 0.0725246 0.0422287 0.0343309 0.033104 0.0237345 4.175769e+00 0.500
N:29 Run:7 0.0461603 0.0275923 0.026626 0.0270595 0.0253607 0.0176524 0.0198852 0.0211556 0.0240183 0.0228011 0.0212129 0.0284624 0.025697 0.0214971 0.0191057 0.0216942 0.0215999 0.0290091 0.020735 0.0275688 0.0170118 4.175769e+00 0.500
N:29 Run:8 0.0599049 0.0213607 0.0324857 0.0737525 0.0894212 0.103251 0.191092 0.204043 0.229266 0.235816 0.252186 0.227847 0.243787 0.21347 0.211329 0.0933259 0.0831237 0.042605 0.0441327 0.0272707 0.0253135 4.175769e+00 0.500
N:29 Run:9 0.0445961 0.0235022 0.0272945 0.0254094 0.0304354 0.0262994 0.0205757 0.0226658 0.0170681 0.016489 0.0211022 0.0248148 0.0288673 0.0306925 0.0298858 0.0174233 0.023261 0.0277389 0.0221128 0.0278614 0.0228221 4.175769e+00 0.500
