Seed:1583563200
N:0 Run:0 0.443238 0.287836 0.12513 0.0540527 0.0222297 0.0176344 0.0145259 0.0201663 0.023891 0.0188386 0.014556 0.0150231 0.0895884 0.283774 0.36671 0.448414 0.292799 0.212499 0.206742 0.267534 0.230187 4.022699e+00 0.949
N:0 Run:1 0.361355 0.297164 0.26432 0.269464 0.451383 0.467856 0.434221 0.438587 0.299308 0.322418 0.35505 0.207418 0.23297 0.192438 0.202941 0.147791 0.212481 0.166533 0.144945 0.11276 0.189854 4.022699e+00 0.949
N:0 Run:2 0.401446 0.271005 0.156401 0.08704 0.07026 0.060406 0.0410094 0.0365961 0.0422653 0.0482864 0.0386818 0.0449617 0.124882 0.25755 0.312847 0.254317 0.23002 0.147384 0.207774 0.135683 0.147136 4.022699e+00 0.949
N:0 Run:3 0.420391 0.234866 0.173334 0.175409 0.233247 0.267569 0.20759 0.310283 0.463657 0.405088 0.400889 0.478063 0.361894 0.396955 0.353001 0.244776 0.230175 0.207964 0.206415 0.177898 0.220216 4.022699e+00 0.949
N:0 Run:4 0.490158 0.353233 0.270188 0.3118 0.178823 0.229809 0.252616 0.323813 0.308365 0.222959 0.221434 0.402823 0.319337 0.24747 0.310281 0.2424 0.385513 0.254704 0.198105 0.204845 0.182111 4.022699e+00 0.949
N:0 Run:5 0.462693 0.358956 0.108561 0.0388218 0.0254225 0.0162467 0.0287587 0.0374832 0.0295039 0.0467745 0.0434849 0.061391 0.36306 0.454128 0.246378 0.186946 0.231459 0.157477 0.179168 0.201652 0.280752 4.022699e+00 0.949
N:0 Run:6 0.381334 0.234365 0.224544 0.126311 0.150785 0.135273 0.104437 0.0762503 0.0676703 0.0654048 0.114163 0.062639 0.0701265 0.0808376 0.179944 0.163042 0.187405 0.139752 0.171385 0.250863 0.249832 4.022699e+00 0.949
N:0 Run:7 0.382247 0.32041 0.189861 0.153317 0.153695 0.12979 0.0864487 0.0768338 0.0842416 0.0711782 0.139353 0.124972 0.172794 0.210194 0.26272 0.174872 0.296686 0.276538 0.23916 0.250836 0.18982 4.022699e+00 0.949
N:0 Run:8 0.428874 0.234793 0.227837 0.454216 0.624154 0.589037 0.487503 0.529253 0.360855 0.287949 0.350162 0.290019 0.226123 0.281412 0.167642 0.177427 0.156142 0.118669 0.112876 0.222491 0.192328 4.022699e+00 0.949
N:0 Run:9 0.4561 0.263301 0.23499 0.205439 0.207842 0.194721 0.281414 0.205984 0.158737 0.135932 0.122431 0.166491 0.333887 0.281798 0.234079 0.2236 0.229774 0.267653 0.345169 0.200185 0.158953 4.022699e+00 0.949
N:1 Run:0 0.443238 0.315604 0.0748157 0.0220155 0.0210459 0.0210299 0.0210296 0.0210296 0.0210296 0.0210296 0.0210296 0.0210296 0.212306 0.26342 0.272677 0.298236 0.279461 0.320442 0.328925 0.33135 0.31836 3.863282e+00 0.946
N:1 Run:1 0.361355 0.293305 0.30571 0.326497 0.2622 0.312231 0.261747 0.193926 0.168265 0.140483 0.0958317 0.0801597 0.122842 0.15153 0.166831 0.16681 0.162808 0.167406 0.182653 0.192102 0.21686 3.863282e+00 0.946
N:1 Run:2 0.401446 0.319403 0.240121 0.182733 0.1236 0.0848245 0.0660244 0.0543491 0.0556249 0.0698255 0.0505319 0.0689723 0.129967 0.20809 0.258541 0.276019 0.278301 0.295853 0.306237 0.265998 0.31752 3.863282e+00 0.946
N:1 Run:3 0.420391 0.332957 0.335579 0.343382 0.349578 0.33944 0.298644 0.315682 0.290488 0.295991 0.292463 0.318999 0.32684 0.277053 0.274686 0.28529 0.280338 0.279038 0.330353 0.290531 0.337137 3.863282e+00 0.946
N:1 Run:4 0.490158 0.303652 0.290791 0.309341 0.324515 0.290315 0.273976 0.262869 0.243433 0.212794 0.235696 0.249562 0.241067 0.272512 0.287819 0.313926 0.322863 0.331286 0.305196 0.33426 0.297118 3.863282e+00 0.946
N:1 Run:5 0.462693 0.316392 0.143185 0.103392 0.0230818 0.0210728 0.0210303 0.0210296 0.0210296 0.0210296 0.0210296 0.0210296 0.311406 0.31001 0.312155 0.302106 0.297768 0.294077 0.29753 0.33499 0.30517 3.863282e+00 0.946
N:1 Run:6 0.381334 0.288064 0.280168 0.267265 0.183846 0.151071 0.142646 0.146966 0.161037 0.169843 0.178021 0.181618 0.195742 0.204914 0.23598 0.206452 0.213975 0.232867 0.205196 0.222232 0.273887 3.863282e+00 0.946
N:1 Run:7 0.382247 0.371188 0.224246 0.14345 0.103145 0.0773019 0.0717126 0.0463927 0.0761442 0.0429916 0.063441 0.0734265 0.0884908 0.147603 0.247169 0.341947 0.355962 0.300379 0.340178 0.316982 0.280107 3.863282e+00 0.946
N:1 Run:8 0.428874 0.312343 0.323792 0.357057 0.335944 0.278222 0.289001 0.288563 0.264971 0.224437 0.225288 0.224058 0.254881 0.225128 0.197952 0.191408 0.22487 0.177848 0.209124 0.199995 0.218556 3.863282e+00 0.946
N:1 Run:9 0.4561 0.345326 0.0419711 0.0219686 0.0210452 0.0210298 0.0210296 0.0210296 0.0210296 0.0210296 0.0210296 0.0210534 0.185106 0.317455 0.317515 0.320084 0.304517 0.31069 0.291242 0.297152 0.280713 3.863282e+00 0.946
N:2 Run:0 0.443238 0.286498 0.127567 0.0497397 0.0178377 0.0148666 0.0116028 0.0212865 0.0245961 0.0174022 0.0150822 0.0142386 0.107486 0.282418 0.341912 0.392703 0.277356 0.216228 0.210667 0.259005 0.23 3.854726e+00 0.943
N:2 Run:1 0.361355 0.292636 0.259554 0.264694 0.408434 0.432161 0.406331 0.378906 0.238478 0.263045 0.303531 0.15734 0.207588 0.150194 0.17439 0.132104 0.185159 0.181656 0.169831 0.133533 0.209764 3.854726e+00 0.943
N:2 Run:2 0.401446 0.267906 0.167012 0.0837114 0.0673096 0.0602051 0.0397385 0.0385221 0.0447334 0.0475534 0.0390042 0.0412483 0.141922 0.271426 0.315644 0.25974 0.239536 0.168282 0.224493 0.152592 0.159499 3.854726e+00 0.943
N:2 Run:3 0.420391 0.24022 0.183375 0.183642 0.232012 0.259634 0.215847 0.297123 0.407884 0.374906 0.380105 0.423022 0.34845 0.381883 0.347889 0.25841 0.241782 0.221727 0.212516 0.197255 0.225027 3.854726e+00 0.943
N:2 Run:4 0.490158 0.337254 0.266789 0.296865 0.187235 0.244451 0.26874 0.327945 0.315927 0.242609 0.242973 0.387692 0.315154 0.259419 0.305097 0.248591 0.351348 0.247421 0.205204 0.211567 0.200601 3.854726e+00 0.943
N:2 Run:5 0.462693 0.337562 0.114126 0.0454163 0.0324894 0.0201309 0.037562 0.049625 0.0385608 0.058823 0.0554975 0.0762137 0.331278 0.399783 0.241491 0.202467 0.238602 0.174401 0.191466 0.207787 0.270788 3.854726e+00 0.943
N:2 Run:6 0.381334 0.240795 0.236457 0.147849 0.172133 0.149035 0.11407 0.0881711 0.0770101 0.0642868 0.115433 0.0560136 0.0672207 0.0671095 0.180831 0.163996 0.204733 0.16381 0.197402 0.267979 0.258636 3.854726e+00 0.943
N:2 Run:7 0.382247 0.305475 0.16478 0.12193 0.127952 0.115306 0.0755128 0.0647623 0.0739616 0.0638297 0.116212 0.093124 0.179467 0.23015 0.262917 0.185364 0.281278 0.268296 0.240115 0.254664 0.202807 3.854726e+00 0.943
N:2 Run:8 0.428874 0.241582 0.234078 0.399415 0.515005 0.511641 0.432747 0.471479 0.324837 0.2391 0.317588 0.238756 0.200116 0.26708 0.158339 0.180468 0.167003 0.132972 0.136483 0.241608 0.213588 3.854726e+00 0.943
N:2 Run:9 0.4561 0.263198 0.238711 0.216993 0.220989 0.204355 0.278706 0.220501 0.177323 0.153383 0.140912 0.190984 0.317666 0.273732 0.242728 0.23155 0.236395 0.265633 0.319592 0.204789 0.174503 3.854726e+00 0.943
N:3 Run:0 0.443238 0.286498 0.127567 0.0497397 0.0178377 0.0148666 0.0116028 0.0212865 0.0245961 0.0174022 0.0150822 0.0142386 0.107486 0.282418 0.341912 0.392703 0.277356 0.216228 0.210667 0.259005 0.23 4.122831e+00 0.950
N:3 Run:1 0.361355 0.292636 0.259554 0.264694 0.408434 0.432161 0.406331 0.378906 0.238478 0.263045 0.303531 0.15734 0.207588 0.150194 0.17439 0.132104 0.185159 0.181656 0.169831 0.133533 0.209764 4.122831e+00 0.950
N:3 Run:2 0.401446 0.267906 0.167012 0.0837114 0.0673096 0.0602051 0.0397385 0.0385221 0.0447334 0.0475534 0.0390042 0.0412483 0.141922 0.271426 0.315644 0.25974 0.239536 0.168282 0.224493 0.152592 0.159499 4.122831e+00 0.950
N:3 Run:3 0.420391 0.24022 0.183375 0.183642 0.232012 0.259634 0.215847 0.297123 0.407884 0.374906 0.380105 0.423022 0.34845 0.381883 0.347889 0.25841 0.241782 0.221727 0.212516 0.197255 0.225027 4.122831e+00 0.950
N:3 Run:4 0.490158 0.337254 0.266789 0.296865 0.187235 0.244451 0.26874 0.327945 0.315927 0.242609 0.242973 0.387692 0.315154 0.259419 0.305097 0.248591 0.351348 0.247421 0.205204 0.211567 0.200601 4.122831e+00 0.950
N:3 Run:5 0.462693 0.337562 0.114126 0.0454163 0.0324894 0.0201309 0.037562 0.049625 0.0385608 0.058823 0.0554975 0.0762137 0.331278 0.399783 0.241491 0.202467 0.238602 0.174401 0.191466 0.207787 0.270788 4.122831e+00 0.950
N:3 Run:6 0.381334 0.240795 0.236457 0.147849 0.172133 0.149035 0.11407 0.0881711 0.0770101 0.0642868 0.115433 0.0560136 0.0672207 0.0671095 0.180831 0.163996 0.204733 0.16381 0.197402 0.267979 0.258636 4.122831e+00 0.950
N:3 Run:7 0.382247 0.305475 0.16478 0.12193 0.127952 0.115306 0.0755128 0.0647623 0.0739616 0.0638297 0.116212 0.093124 0.179467 0.23015 0.262917 0.185364 0.281278 0.268296 0.240115 0.254664 0.202807 4.122831e+00 0.950
N:3 Run:8 0.428874 0.241582 0.234078 0.399415 0.515005 0.511641 0.432747 0.471479 0.324837 0.2391 0.317588 0.238756 0.200116 0.26708 0.158339 0.180468 0.167003 0.132972 0.136483 0.241608 0.213588 4.122831e+00 0.950
N:3 Run:9 0.4561 0.263198 0.238711 0.216993 0.220989 0.204355 0.278706 0.220501 0.177323 0.153383 0.140912 0.190984 0.317666 0.273732 0.242728 0.23155 0.236395 0.265633 0.319592 0.204789 0.174503 4.122831e+00 0.950
N:4 Run:0 0.443238 0.306711 0.0820697 0.0222471 0.0221066 0.0221066 0.0221066 0.0221066 0.0221066 0.0221066 0.0221066 0.0221066 0.19383 0.286265 0.303868 0.338376 0.279653 0.290215 0.296136 0.317872 0.29432 3.678182e+00 0.943
N:4 Run:1 0.361355 0.302549 0.297137 0.321407 0.322399 0.368454 0.316927 0.257567 0.211588 0.187264 0.135394 0.104515 0.154855 0.179517 0.194531 0.176542 0.194569 0.172142 0.177472 0.176418 0.219866 3.678182e+00 0.943
N:4 Run:2 0.401446 0.300824 0.224674 0.163413 0.116644 0.0831419 0.0623728 0.0524972 0.0586401 0.0750937 0.0532351 0.0737362 0.139988 0.233688 0.284823 0.274054 0.270569 0.248653 0.293585 0.223794 0.262441 3.678182e+00 0.943
N:4 Run:3 0.420391 0.297724 0.281911 0.287195 0.320791 0.324484 0.273898 0.328797 0.343372 0.330055 0.331674 0.371476 0.346621 0.319383 0.303678 0.279069 0.274435 0.264474 0.296975 0.263133 0.311403 3.678182e+00 0.943
N:4 Run:4 0.490158 0.31357 0.287439 0.320067 0.272207 0.290064 0.284336 0.293613 0.271362 0.21972 0.242367 0.304893 0.262093 0.27193 0.305656 0.299058 0.352993 0.29994 0.275163 0.301901 0.269598 3.678182e+00 0.943
N:4 Run:5 0.462693 0.323884 0.114212 0.0717864 0.0225923 0.0221118 0.0221066 0.0221066 0.0221066 0.0221066 0.0221066 0.0221066 0.351019 0.354846 0.286221 0.271563 0.289186 0.250696 0.270488 0.300236 0.305648 3.678182e+00 0.943
N:4 Run:6 0.381334 0.269969 0.273627 0.225633 0.185447 0.155476 0.139807 0.130989 0.139915 0.150156 0.178974 0.152376 0.171449 0.189137 0.2487 0.212829 0.222193 0.21265 0.205531 0.241359 0.275832 3.678182e+00 0.943
N:4 Run:7 0.382247 0.360903 0.23423 0.160977 0.123428 0.0910541 0.0786826 0.0533064 0.0846882 0.0485799 0.0812088 0.089679 0.107522 0.165653 0.257933 0.28675 0.348336 0.299271 0.317187 0.309125 0.255374 3.678182e+00 0.943
N:4 Run:8 0.428874 0.282342 0.303881 0.410358 0.41579 0.352612 0.357783 0.364126 0.310621 0.266729 0.277986 0.268178 0.274973 0.26142 0.203327 0.204468 0.222009 0.169578 0.188328 0.215822 0.214986 3.678182e+00 0.943
N:4 Run:9 0.4561 0.313168 0.044784 0.0229587 0.0221071 0.0221066 0.0221066 0.0221066 0.0221066 0.0221066 0.0221066 0.0221408 0.234068 0.31657 0.302446 0.302428 0.292421 0.30908 0.313397 0.261553 0.244219 3.678182e+00 0.943
N:5 Run:0 0.443238 0.307067 0.109148 0.0397923 0.0145501 0.0131397 0.00966347 0.019585 0.0200093 0.0131623 0.0117612 0.0126971 0.115622 0.307111 0.364314 0.410863 0.300802 0.255125 0.253787 0.297441 0.272264 3.581309e+00 0.950
N:5 Run:1 0.361355 0.30687 0.294503 0.297222 0.387079 0.385422 0.348101 0.279181 0.168301 0.192711 0.226939 0.113038 0.165223 0.117828 0.139344 0.111596 0.155088 0.179863 0.183051 0.138208 0.250234 3.581309e+00 0.950
N:5 Run:2 0.401446 0.304006 0.159032 0.0771304 0.066556 0.0631035 0.0450537 0.0491467 0.0741299 0.0817592 0.0713345 0.0696763 0.166266 0.27859 0.324449 0.288497 0.275981 0.202985 0.255001 0.193191 0.211353 3.581309e+00 0.950
N:5 Run:3 0.420391 0.269644 0.231398 0.238065 0.281402 0.302861 0.263743 0.328987 0.404481 0.373475 0.362229 0.409081 0.341268 0.358219 0.335981 0.271748 0.283948 0.25966 0.260165 0.23711 0.27654 3.581309e+00 0.950
N:5 Run:4 0.490158 0.35225 0.295415 0.324434 0.232458 0.263564 0.268286 0.313624 0.290026 0.240921 0.2456 0.345994 0.317577 0.274972 0.330127 0.285519 0.38038 0.287487 0.247879 0.263334 0.237054 3.581309e+00 0.950
N:5 Run:5 0.462693 0.360414 0.141758 0.074245 0.057772 0.0381111 0.0430686 0.0460211 0.0327982 0.0671846 0.0581537 0.07045 0.353869 0.414603 0.273058 0.240547 0.282306 0.216731 0.236122 0.258179 0.314025 3.581309e+00 0.950
N:5 Run:6 0.381334 0.26779 0.264073 0.164754 0.175374 0.142725 0.112088 0.0940664 0.083693 0.0657744 0.109095 0.0541161 0.0685201 0.0641999 0.165785 0.142013 0.190551 0.170426 0.20905 0.272462 0.285132 3.581309e+00 0.950
N:5 Run:7 0.382247 0.339424 0.137019 0.0982717 0.103703 0.101067 0.068717 0.0625074 0.0708815 0.0627195 0.101289 0.0801997 0.163749 0.236625 0.298023 0.233896 0.321246 0.300589 0.280681 0.289741 0.241324 3.581309e+00 0.950
N:5 Run:8 0.428874 0.270981 0.279864 0.43913 0.499045 0.451705 0.350316 0.384704 0.260811 0.18804 0.272806 0.187531 0.158119 0.217166 0.13304 0.156799 0.153991 0.127164 0.147597 0.262745 0.242135 3.581309e+00 0.950
N:5 Run:9 0.4561 0.296653 0.247388 0.210392 0.175741 0.15422 0.172788 0.118083 0.115962 0.0801862 0.100015 0.160589 0.31696 0.297942 0.269941 0.265368 0.272608 0.308991 0.340725 0.248348 0.22123 3.581309e+00 0.950
N:6 Run:0 0.443238 0.307067 0.109148 0.0397923 0.0145501 0.0131397 0.00966347 0.019585 0.0200093 0.0131623 0.0117612 0.0126971 0.115622 0.307111 0.364314 0.410863 0.300802 0.255125 0.253787 0.297441 0.272264 3.836318e+00 0.947
N:6 Run:1 0.361355 0.30687 0.294503 0.297222 0.387079 0.385422 0.348101 0.279181 0.168301 0.192711 0.226939 0.113038 0.165223 0.117828 0.139344 0.111596 0.155088 0.179863 0.183051 0.138208 0.250234 3.836318e+00 0.947
N:6 Run:2 0.401446 0.304006 0.159032 0.0771304 0.066556 0.0631035 0.0450537 0.0491467 0.0741299 0.0817592 0.0713345 0.0696763 0.166266 0.27859 0.324449 0.288497 0.275981 0.202985 0.255001 0.193191 0.211353 3.836318e+00 0.947
N:6 Run:3 0.420391 0.269644 0.231398 0.238065 0.281402 0.302861 0.263743 0.328987 0.404481 0.373475 0.362229 0.409081 0.341268 0.358219 0.335981 0.271748 0.283948 0.25966 0.260165 0.23711 0.27654 3.836318e+00 0.947
N:6 Run:4 0.490158 0.35225 0.295415 0.324434 0.232458 0.263564 0.268286 0.313624 0.290026 0.240921 0.2456 0.345994 0.317577 0.274972 0.330127 0.285519 0.38038 0.287487 0.247879 0.263334 0.237054 3.836318e+00 0.947
N:6 Run:5 0.462693 0.360414 0.141758 0.074245 0.057772 0.0381111 0.0430686 0.0460211 0.0327982 0.0671846 0.0581537 0.07045 0.353869 0.414603 0.273058 0.240547 0.282306 0.216731 0.236122 0.258179 0.314025 3.836318e+00 0.947
N:6 Run:6 0.381334 0.26779 0.264073 0.164754 0.175374 0.142725 0.112088 0.0940664 0.083693 0.0657744 0.109095 0.0541161 0.0685201 0.0641999 0.165785 0.142013 0.190551 0.170426 0.20905 0.272462 0.285132 3.836318e+00 0.947
N:6 Run:7 0.382247 0.339424 0.137019 0.0982717 0.103703 0.101067 0.068717 0.0625074 0.0708815 0.0627195 0.101289 0.0801997 0.163749 0.236625 0.298023 0.233896 0.321246 0.300589 0.280681 0.289741 0.241324 3.836318e+00 0.947
N:6 Run:8 0.428874 0.270981 0.279864 0.43913 0.499045 0.451705 0.350316 0.384704 0.260811 0.18804 0.272806 0.187531 0.158119 0.217166 0.13304 0.156799 0.153991 0.127164 0.147597 0.262745 0.242135 3.836318e+00 0.947
N:6 Run:9 0.4561 0.296653 0.247388 0.210392 0.175741 0.15422 0.172788 0.118083 0.115962 0.0801862 0.100015 0.160589 0.31696 0.297942 0.269941 0.265368 0.272608 0.308991 0.340725 0.248348 0.22123 3.836318e+00 0.947
N:7 Run:0 0.443238 0.307067 0.109148 0.0397923 0.0145501 0.0131397 0.00966347 0.019585 0.0200093 0.0131623 0.0117612 0.0126971 0.115622 0.307111 0.364314 0.410863 0.300802 0.255125 0.253787 0.297441 0.272264 3.804217e+00 0.945
N:7 Run:1 0.361355 0.30687 0.294503 0.297222 0.387079 0.385422 0.348101 0.279181 0.168301 0.192711 0.226939 0.113038 0.165223 0.117828 0.139344 0.111596 0.155088 0.179863 0.183051 0.138208 0.250234 3.804217e+00 0.945
N:7 Run:2 0.401446 0.304006 0.159032 0.0771304 0.066556 0.0631035 0.0450537 0.0491467 0.0741299 0.0817592 0.0713345 0.0696763 0.166266 0.27859 0.324449 0.288497 0.275981 0.202985 0.255001 0.193191 0.211353 3.804217e+00 0.945
N:7 Run:3 0.420391 0.269644 0.231398 0.238065 0.281402 0.302861 0.263743 0.328987 0.404481 0.373475 0.362229 0.409081 0.341268 0.358219 0.335981 0.271748 0.283948 0.25966 0.260165 0.23711 0.27654 3.804217e+00 0.945
N:7 Run:4 0.490158 0.35225 0.295415 0.324434 0.232458 0.263564 0.268286 0.313624 0.290026 0.240921 0.2456 0.345994 0.317577 0.274972 0.330127 0.285519 0.38038 0.287487 0.247879 0.263334 0.237054 3.804217e+00 0.945
N:7 Run:5 0.462693 0.360414 0.141758 0.074245 0.057772 0.0381111 0.0430686 0.0460211 0.0327982 0.0671846 0.0581537 0.07045 0.353869 0.414603 0.273058 0.240547 0.282306 0.216731 0.236122 0.258179 0.314025 3.804217e+00 0.945
N:7 Run:6 0.381334 0.26779 0.264073 0.164754 0.175374 0.142725 0.112088 0.0940664 0.083693 0.0657744 0.109095 0.0541161 0.0685201 0.0641999 0.165785 0.142013 0.190551 0.170426 0.20905 0.272462 0.285132 3.804217e+00 0.945
N:7 Run:7 0.382247 0.339424 0.137019 0.0982717 0.103703 0.101067 0.068717 0.0625074 0.0708815 0.0627195 0.101289 0.0801997 0.163749 0.236625 0.298023 0.233896 0.321246 0.300589 0.280681 0.289741 0.241324 3.804217e+00 0.945
N:7 Run:8 0.428874 0.270981 0.279864 0.43913 0.499045 0.451705 0.350316 0.384704 0.260811 0.18804 0.272806 0.187531 0.158119 0.217166 0.13304 0.156799 0.153991 0.127164 0.147597 0.262745 0.242135 3.804217e+00 0.945
N:7 Run:9 0.4561 0.296653 0.247388 0.210392 0.175741 0.15422 0.172788 0.118083 0.115962 0.0801862 0.100015 0.160589 0.31696 0.297942 0.269941 0.265368 0.272608 0.308991 0.340725 0.248348 0.22123 3.804217e+00 0.945
N:8 Run:0 0.443238 0.307067 0.109148 0.0397923 0.0145501 0.0131397 0.00966347 0.019585 0.0200093 0.0131623 0.0117612 0.0126971 0.115622 0.307111 0.364314 0.410863 0.300802 0.255125 0.253787 0.297441 0.272264 3.885598e+00 0.947
N:8 Run:1 0.361355 0.30687 0.294503 0.297222 0.387079 0.385422 0.348101 0.279181 0.168301 0.192711 0.226939 0.113038 0.165223 0.117828 0.139344 0.111596 0.155088 0.179863 0.183051 0.138208 0.250234 3.885598e+00 0.947
N:8 Run:2 0.401446 0.304006 0.159032 0.0771304 0.066556 0.0631035 0.0450537 0.0491467 0.0741299 0.0817592 0.0713345 0.0696763 0.166266 0.27859 0.324449 0.288497 0.275981 0.202985 0.255001 0.193191 0.211353 3.885598e+00 0.947
N:8 Run:3 0.420391 0.269644 0.231398 0.238065 0.281402 0.302861 0.263743 0.328987 0.404481 0.373475 0.362229 0.409081 0.341268 0.358219 0.335981 0.271748 0.283948 0.25966 0.260165 0.23711 0.27654 3.885598e+00 0.947
N:8 Run:4 0.490158 0.35225 0.295415 0.324434 0.232458 0.263564 0.268286 0.313624 0.290026 0.240921 0.2456 0.345994 0.317577 0.274972 0.330127 0.285519 0.38038 0.287487 0.247879 0.263334 0.237054 3.885598e+00 0.947
N:8 Run:5 0.462693 0.360414 0.141758 0.074245 0.057772 0.0381111 0.0430686 0.0460211 0.0327982 0.0671846 0.0581537 0.07045 0.353869 0.414603 0.273058 0.240547 0.282306 0.216731 0.236122 0.258179 0.314025 3.885598e+00 0.947
N:8 Run:6 0.381334 0.26779 0.264073 0.164754 0.175374 0.142725 0.112088 0.0940664 0.083693 0.0657744 0.109095 0.0541161 0.0685201 0.0641999 0.165785 0.142013 0.190551 0.170426 0.20905 0.272462 0.285132 3.885598e+00 0.947
N:8 Run:7 0.382247 0.339424 0.137019 0.0982717 0.103703 0.101067 0.068717 0.0625074 0.0708815 0.0627195 0.101289 0.0801997 0.163749 0.236625 0.298023 0.233896 0.321246 0.300589 0.280681 0.289741 0.241324 3.885598e+00 0.947
N:8 Run:8 0.428874 0.270981 0.279864 0.43913 0.499045 0.451705 0.350316 0.384704 0.260811 0.18804 0.272806 0.187531 0.158119 0.217166 0.13304 0.156799 0.153991 0.127164 0.147597 0.262745 0.242135 3.885598e+00 0.947
N:8 Run:9 0.4561 0.296653 0.247388 0.210392 0.175741 0.15422 0.172788 0.118083 0.115962 0.0801862 0.100015 0.160589 0.31696 0.297942 0.269941 0.265368 0.272608 0.308991 0.340725 0.248348 0.22123 3.885598e+00 0.947
N:9 Run:0 0.443238 0.307067 0.109148 0.0397923 0.0145501 0.0131397 0.00966347 0.019585 0.0200093 0.0131623 0.0117612 0.0126971 0.115622 0.307111 0.364314 0.410863 0.300802 0.255125 0.253787 0.297441 0.272264 4.017588e+00 0.949
N:9 Run:1 0.361355 0.30687 0.294503 0.297222 0.387079 0.385422 0.348101 0.279181 0.168301 0.192711 0.226939 0.113038 0.165223 0.117828 0.139344 0.111596 0.155088 0.179863 0.183051 0.138208 0.250234 4.017588e+00 0.949
N:9 Run:2 0.401446 0.304006 0.159032 0.0771304 0.066556 0.0631035 0.0450537 0.0491467 0.0741299 0.0817592 0.0713345 0.0696763 0.166266 0.27859 0.324449 0.288497 0.275981 0.202985 0.255001 0.193191 0.211353 4.017588e+00 0.949
N:9 Run:3 0.420391 0.269644 0.231398 0.238065 0.281402 0.302861 0.263743 0.328987 0.404481 0.373475 0.362229 0.409081 0.341268 0.358219 0.335981 0.271748 0.283948 0.25966 0.260165 0.23711 0.27654 4.017588e+00 0.949
N:9 Run:4 0.490158 0.35225 0.295415 0.324434 0.232458 0.263564 0.268286 0.313624 0.290026 0.240921 0.2456 0.345994 0.317577 0.274972 0.330127 0.285519 0.38038 0.287487 0.247879 0.263334 0.237054 4.017588e+00 0.949
N:9 Run:5 0.462693 0.360414 0.141758 0.074245 0.057772 0.0381111 0.0430686 0.0460211 0.0327982 0.0671846 0.0581537 0.07045 0.353869 0.414603 0.273058 0.240547 0.282306 0.216731 0.236122 0.258179 0.314025 4.017588e+00 0.949
N:9 Run:6 0.381334 0.26779 0.264073 0.164754 0.175374 0.142725 0.112088 0.0940664 0.083693 0.0657744 0.109095 0.0541161 0.0685201 0.0641999 0.165785 0.142013 0.190551 0.170426 0.20905 0.272462 0.285132 4.017588e+00 0.949
N:9 Run:7 0.382247 0.339424 0.137019 0.0982717 0.103703 0.101067 0.068717 0.0625074 0.0708815 0.0627195 0.101289 0.0801997 0.163749 0.236625 0.298023 0.233896 0.321246 0.300589 0.280681 0.289741 0.241324 4.017588e+00 0.949
N:9 Run:8 0.428874 0.270981 0.279864 0.43913 0.499045 0.451705 0.350316 0.384704 0.260811 0.18804 0.272806 0.187531 0.158119 0.217166 0.13304 0.156799 0.153991 0.127164 0.147597 0.262745 0.242135 4.017588e+00 0.949
N:9 Run:9 0.4561 0.296653 0.247388 0.210392 0.175741 0.15422 0.172788 0.118083 0.115962 0.0801862 0.100015 0.160589 0.31696 0.297942 0.269941 0.265368 0.272608 0.308991 0.340725 0.248348 0.22123 4.017588e+00 0.949
N:10 Run:0 0.443238 0.307067 0.109148 0.0397923 0.0145501 0.0131397 0.00966347 0.019585 0.0200093 0.0131623 0.0117612 0.0126971 0.115622 0.307111 0.364314 0.410863 0.300802 0.255125 0.253787 0.297441 0.272264 3.616202e+00 0.946
N:10 Run:1 0.361355 0.30687 0.294503 0.297222 0.387079 0.385422 0.348101 0.279181 0.168301 0.192711 0.226939 0.113038 0.165223 0.117828 0.139344 0.111596 0.155088 0.179863 0.183051 0.138208 0.250234 3.616202e+00 0.946
N:10 Run:2 0.401446 0.304006 0.159032 0.0771304 0.066556 0.0631035 0.0450537 0.0491467 0.0741299 0.0817592 0.0713345 0.0696763 0.166266 0.27859 0.324449 0.288497 0.275981 0.202985 0.255001 0.193191 0.211353 3.616202e+00 0.946
N:10 Run:3 0.420391 0.269644 0.231398 0.238065 0.281402 0.302861 0.263743 0.328987 0.404481 0.373475 0.362229 0.409081 0.341268 0.358219 0.335981 0.271748 0.283948 0.25966 0.260165 0.23711 0.27654 3.616202e+00 0.946
N:10 Run:4 0.490158 0.35225 0.295415 0.324434 0.232458 0.263564 0.268286 0.313624 0.290026 0.240921 0.2456 0.345994 0.317577 0.274972 0.330127 0.285519 0.38038 0.287487 0.247879 0.263334 0.237054 3.616202e+00 0.946
N:10 Run:5 0.462693 0.360414 0.141758 0.074245 0.057772 0.0381111 0.0430686 0.0460211 0.0327982 0.0671846 0.0581537 0.07045 0.353869 0.414603 0.273058 0.240547 0.282306 0.216731 0.236122 0.258179 0.314025 3.616202e+00 0.946
N:10 Run:6 0.381334 0.26779 0.264073 0.164754 0.175374 0.142725 0.112088 0.0940664 0.083693 0.0657744 0.109095 0.0541161 0.0685201 0.0641999 0.165785 0.142013 0.190551 0.170426 0.20905 0.272462 0.285132 3.616202e+00 0.946
N:10 Run:7 0.382247 0.339424 0.137019 0.0982717 0.103703 0.101067 0.068717 0.0625074 0.0708815 0.0627195 0.101289 0.0801997 0.163749 0.236625 0.298023 0.233896 0.321246 0.300589 0.280681 0.289741 0.241324 3.616202e+00 0.946
N:10 Run:8 0.428874 0.270981 0.279864 0.43913 0.499045 0.451705 0.350316 0.384704 0.260811 0.18804 0.272806 0.187531 0.158119 0.217166 0.13304 0.156799 0.153991 0.127164 0.147597 0.262745 0.242135 3.616202e+00 0.946
N:10 Run:9 0.4561 0.296653 0.247388 0.210392 0.175741 0.15422 0.172788 0.118083 0.115962 0.0801862 0.100015 0.160589 0.31696 0.297942 0.269941 0.265368 0.272608 0.308991 0.340725 0.248348 0.22123 3.616202e+00 0.946
N:11 Run:0 0.443238 0.307067 0.109148 0.0397923 0.0145501 0.0131397 0.00966347 0.019585 0.0200093 0.0131623 0.0117612 0.0126971 0.115622 0.307111 0.364314 0.410863 0.300802 0.255125 0.253787 0.297441 0.272264 4.007553e+00 0.944
N:11 Run:1 0.361355 0.30687 0.294503 0.297222 0.387079 0.385422 0.348101 0.279181 0.168301 0.192711 0.226939 0.113038 0.165223 0.117828 0.139344 0.111596 0.155088 0.179863 0.183051 0.138208 0.250234 4.007553e+00 0.944
N:11 Run:2 0.401446 0.304006 0.159032 0.0771304 0.066556 0.0631035 0.0450537 0.0491467 0.0741299 0.0817592 0.0713345 0.0696763 0.166266 0.27859 0.324449 0.288497 0.275981 0.202985 0.255001 0.193191 0.211353 4.007553e+00 0.944
N:11 Run:3 0.420391 0.269644 0.231398 0.238065 0.281402 0.302861 0.263743 0.328987 0.404481 0.373475 0.362229 0.409081 0.341268 0.358219 0.335981 0.271748 0.283948 0.25966 0.260165 0.23711 0.27654 4.007553e+00 0.944
N:11 Run:4 0.490158 0.35225 0.295415 0.324434 0.232458 0.263564 0.268286 0.313624 0.290026 0.240921 0.2456 0.345994 0.317577 0.274972 0.330127 0.285519 0.38038 0.287487 0.247879 0.263334 0.237054 4.007553e+00 0.944
N:11 Run:5 0.462693 0.360414 0.141758 0.074245 0.057772 0.0381111 0.0430686 0.0460211 0.0327982 0.0671846 0.0581537 0.07045 0.353869 0.414603 0.273058 0.240547 0.282306 0.216731 0.236122 0.258179 0.314025 4.007553e+00 0.944
N:11 Run:6 0.381334 0.26779 0.264073 0.164754 0.175374 0.142725 0.112088 0.0940664 0.083693 0.0657744 0.109095 0.0541161 0.0685201 0.0641999 0.165785 0.142013 0.190551 0.170426 0.20905 0.272462 0.285132 4.007553e+00 0.944
N:11 Run:7 0.382247 0.339424 0.137019 0.0982717 0.103703 0.101067 0.068717 0.0625074 0.0708815 0.0627195 0.101289 0.0801997 0.163749 0.236625 0.298023 0.233896 0.321246 0.300589 0.280681 0.289741 0.241324 4.007553e+00 0.944
N:11 Run:8 0.428874 0.270981 0.279864 0.43913 0.499045 0.451705 0.350316 0.384704 0.260811 0.18804 0.272806 0.187531 0.158119 0.217166 0.13304 0.156799 0.153991 0.127164 0.147597 0.262745 0.242135 4.007553e+00 0.944
N:11 Run:9 0.4561 0.296653 0.247388 0.210392 0.175741 0.15422 0.172788 0.118083 0.115962 0.0801862 0.100015 0.160589 0.31696 0.297942 0.269941 0.265368 0.272608 0.308991 0.340725 0.248348 0.22123 4.007553e+00 0.944
N:12 Run:0 0.443238 0.307067 0.109148 0.0397923 0.0145501 0.0131397 0.00966347 0.019585 0.0200093 0.0131623 0.0117612 0.0126971 0.115622 0.307111 0.364314 0.410863 0.300802 0.255125 0.253787 0.297441 0.272264 4.021798e+00 0.951
N:12 Run:1 0.361355 0.30687 0.294503 0.297222 0.387079 0.385422 0.348101 0.279181 0.168301 0.192711 0.226939 0.113038 0.165223 0.117828 0.139344 0.111596 0.155088 0.179863 0.183051 0.138208 0.250234 4.021798e+00 0.951
N:12 Run:2 0.401446 0.304006 0.159032 0.0771304 0.066556 0.0631035 0.0450537 0.0491467 0.0741299 0.0817592 0.0713345 0.0696763 0.166266 0.27859 0.324449 0.288497 0.275981 0.202985 0.255001 0.193191 0.211353 4.021798e+00 0.951
N:12 Run:3 0.420391 0.269644 0.231398 0.238065 0.281402 0.302861 0.263743 0.328987 0.404481 0.373475 0.362229 0.409081 0.341268 0.358219 0.335981 0.271748 0.283948 0.25966 0.260165 0.23711 0.27654 4.021798e+00 0.951
N:12 Run:4 0.490158 0.35225 0.295415 0.324434 0.232458 0.263564 0.268286 0.313624 0.290026 0.240921 0.2456 0.345994 0.317577 0.274972 0.330127 0.285519 0.38038 0.287487 0.247879 0.263334 0.237054 4.021798e+00 0.951
N:12 Run:5 0.462693 0.360414 0.141758 0.074245 0.057772 0.0381111 0.0430686 0.0460211 0.0327982 0.0671846 0.0581537 0.07045 0.353869 0.414603 0.273058 0.240547 0.282306 0.216731 0.236122 0.258179 0.314025 4.021798e+00 0.951
N:12 Run:6 0.381334 0.26779 0.264073 0.164754 0.175374 0.142725 0.112088 0.0940664 0.083693 0.0657744 0.109095 0.0541161 0.0685201 0.0641999 0.165785 0.142013 0.190551 0.170426 0.20905 0.272462 0.285132 4.021798e+00 0.951
N:12 Run:7 0.382247 0.339424 0.137019 0.0982717 0.103703 0.101067 0.068717 0.0625074 0.0708815 0.0627195 0.101289 0.0801997 0.163749 0.236625 0.298023 0.233896 0.321246 0.300589 0.280681 0.289741 0.241324 4.021798e+00 0.951
N:12 Run:8 0.428874 0.270981 0.279864 0.43913 0.499045 0.451705 0.350316 0.384704 0.260811 0.18804 0.272806 0.187531 0.158119 0.217166 0.13304 0.156799 0.153991 0.127164 0.147597 0.262745 0.242135 4.021798e+00 0.951
N:12 Run:9 0.4561 0.296653 0.247388 0.210392 0.175741 0.15422 0.172788 0.118083 0.115962 0.0801862 0.100015 0.160589 0.31696 0.297942 0.269941 0.265368 0.272608 0.308991 0.340725 0.248348 0.22123 4.021798e+00 0.951
N:13 Run:0 0.443238 0.307067 0.109148 0.0397923 0.0145501 0.0131397 0.00966347 0.019585 0.0200093 0.0131623 0.0117612 0.0126971 0.115622 0.307111 0.364314 0.410863 0.300802 0.255125 0.253787 0.297441 0.272264 3.899999e+00 0.942
N:13 Run:1 0.361355 0.30687 0.294503 0.297222 0.387079 0.385422 0.348101 0.279181 0.168301 0.192711 0.226939 0.113038 0.165223 0.117828 0.139344 0.111596 0.155088 0.179863 0.183051 0.138208 0.250234 3.899999e+00 0.942
N:13 Run:2 0.401446 0.304006 0.159032 0.0771304 0.066556 0.0631035 0.0450537 0.0491467 0.0741299 0.0817592 0.0713345 0.0696763 0.166266 0.27859 0.324449 0.288497 0.275981 0.202985 0.255001 0.193191 0.211353 3.899999e+00 0.942
N:13 Run:3 0.420391 0.269644 0.231398 0.238065 0.281402 0.302861 0.263743 0.328987 0.404481 0.373475 0.362229 0.409081 0.341268 0.358219 0.335981 0.271748 0.283948 0.25966 0.260165 0.23711 0.27654 3.899999e+00 0.942
N:13 Run:4 0.490158 0.35225 0.295415 0.324434 0.232458 0.263564 0.268286 0.313624 0.290026 0.240921 0.2456 0.345994 0.317577 0.274972 0.330127 0.285519 0.38038 0.287487 0.247879 0.263334 0.237054 3.899999e+00 0.942
N:13 Run:5 0.462693 0.360414 0.141758 0.074245 0.057772 0.0381111 0.0430686 0.0460211 0.0327982 0.0671846 0.0581537 0.07045 0.353869 0.414603 0.273058 0.240547 0.282306 0.216731 0.236122 0.258179 0.314025 3.899999e+00 0.942
N:13 Run:6 0.381334 0.26779 0.264073 0.164754 0.175374 0.142725 0.112088 0.0940664 0.083693 0.0657744 0.109095 0.0541161 0.0685201 0.0641999 0.165785 0.142013 0.190551 0.170426 0.20905 0.272462 0.285132 3.899999e+00 0.942
N:13 Run:7 0.382247 0.339424 0.137019 0.0982717 0.103703 0.101067 0.068717 0.0625074 0.0708815 0.0627195 0.101289 0.0801997 0.163749 0.236625 0.298023 0.233896 0.321246 0.300589 0.280681 0.289741 0.241324 3.899999e+00 0.942
N:13 Run:8 0.428874 0.270981 0.279864 0.43913 0.499045 0.451705 0.350316 0.384704 0.260811 0.18804 0.272806 0.187531 0.158119 0.217166 0.13304 0.156799 0.153991 0.127164 0.147597 0.262745 0.242135 3.899999e+00 0.942
N:13 Run:9 0.4561 0.296653 0.247388 0.210392 0.175741 0.15422 0.172788 0.118083 0.115962 0.0801862 0.100015 0.160589 0.31696 0.297942 0.269941 0.265368 0.272608 0.308991 0.340725 0.248348 0.22123 3.899999e+00 0.942
N:14 Run:0 0.443238 0.307067 0.109148 0.0397923 0.0145501 0.0131397 0.00966347 0.019585 0.0200093 0.0131623 0.0117612 0.0126971 0.115622 0.307111 0.364314 0.410863 0.300802 0.255125 0.253787 0.297441 0.272264 3.854230e+00 0.945
N:14 Run:1 0.361355 0.30687 0.294503 0.297222 0.387079 0.385422 0.348101 0.279181 0.168301 0.192711 0.226939 0.113038 0.165223 0.117828 0.139344 0.111596 0.155088 0.179863 0.183051 0.138208 0.250234 3.854230e+00 0.945
N:14 Run:2 0.401446 0.304006 0.159032 0.0771304 0.066556 0.0631035 0.0450537 0.0491467 0.0741299 0.0817592 0.0713345 0.0696763 0.166266 0.27859 0.324449 0.288497 0.275981 0.202985 0.255001 0.193191 0.211353 3.854230e+00 0.945
N:14 Run:3 0.420391 0.269644 0.231398 0.238065 0.281402 0.302861 0.263743 0.328987 0.404481 0.373475 0.362229 0.409081 0.341268 0.358219 0.335981 0.271748 0.283948 0.25966 0.260165 0.23711 0.27654 3.854230e+00 0.945
N:14 Run:4 0.490158 0.35225 0.295415 0.324434 0.232458 0.263564 0.268286 0.313624 0.290026 0.240921 0.2456 0.345994 0.317577 0.274972 0.330127 0.285519 0.38038 0.287487 0.247879 0.263334 0.237054 3.854230e+00 0.945
N:14 Run:5 0.462693 0.360414 0.141758 0.074245 0.057772 0.0381111 0.0430686 0.0460211 0.0327982 0.0671846 0.0581537 0.07045 0.353869 0.414603 0.273058 0.240547 0.282306 0.216731 0.236122 0.258179 0.314025 3.854230e+00 0.945
N:14 Run:6 0.381334 0.26779 0.264073 0.164754 0.175374 0.142725 0.112088 0.0940664 0.083693 0.0657744 0.109095 0.0541161 0.0685201 0.0641999 0.165785 0.142013 0.190551 0.170426 0.20905 0.272462 0.285132 3.854230e+00 0.945
N:14 Run:7 0.382247 0.339424 0.137019 0.0982717 0.103703 0.101067 0.068717 0.0625074 0.0708815 0.0627195 0.101289 0.0801997 0.163749 0.236625 0.298023 0.233896 0.321246 0.300589 0.280681 0.289741 0.241324 3.854230e+00 0.945
N:14 Run:8 0.428874 0.270981 0.279864 0.43913 0.499045 0.451705 0.350316 0.384704 0.260811 0.18804 0.272806 0.187531 0.158119 0.217166 0.13304 0.156799 0.153991 0.127164 0.147597 0.262745 0.242135 3.854230e+00 0.945
N:14 Run:9 0.4561 0.296653 0.247388 0.210392 0.175741 0.15422 0.172788 0.118083 0.115962 0.0801862 0.100015 0.160589 0.31696 0.297942 0.269941 0.265368 0.272608 0.308991 0.340725 0.248348 0.22123 3.854230e+00 0.945
N:15 Run:0 0.443238 0.307067 0.109148 0.0397923 0.0145501 0.0131397 0.00966347 0.019585 0.0200093 0.0131623 0.0117612 0.0126971 0.115622 0.307111 0.364314 0.410863 0.300802 0.255125 0.253787 0.297441 0.272264 3.895300e+00 0.942
N:15 Run:1 0.361355 0.30687 0.294503 0.297222 0.387079 0.385422 0.348101 0.279181 0.168301 0.192711 0.226939 0.113038 0.165223 0.117828 0.139344 0.111596 0.155088 0.179863 0.183051 0.138208 0.250234 3.895300e+00 0.942
N:15 Run:2 0.401446 0.304006 0.159032 0.0771304 0.066556 0.0631035 0.0450537 0.0491467 0.0741299 0.0817592 0.0713345 0.0696763 0.166266 0.27859 0.324449 0.288497 0.275981 0.202985 0.255001 0.193191 0.211353 3.895300e+00 0.942
N:15 Run:3 0.420391 0.269644 0.231398 0.238065 0.281402 0.302861 0.263743 0.328987 0.404481 0.373475 0.362229 0.409081 0.341268 0.358219 0.335981 0.271748 0.283948 0.25966 0.260165 0.23711 0.27654 3.895300e+00 0.942
N:15 Run:4 0.490158 0.35225 0.295415 0.324434 0.232458 0.263564 0.268286 0.313624 0.290026 0.240921 0.2456 0.345994 0.317577 0.274972 0.330127 0.285519 0.38038 0.287487 0.247879 0.263334 0.237054 3.895300e+00 0.942
N:15 Run:5 0.462693 0.360414 0.141758 0.074245 0.057772 0.0381111 0.0430686 0.0460211 0.0327982 0.0671846 0.0581537 0.07045 0.353869 0.414603 0.273058 0.240547 0.282306 0.216731 0.236122 0.258179 0.314025 3.895300e+00 0.942
N:15 Run:6 0.381334 0.26779 0.264073 0.164754 0.175374 0.142725 0.112088 0.0940664 0.083693 0.0657744 0.109095 0.0541161 0.0685201 0.0641999 0.165785 0.142013 0.190551 0.170426 0.20905 0.272462 0.285132 3.895300e+00 0.942
N:15 Run:7 0.382247 0.339424 0.137019 0.0982717 0.103703 0.101067 0.068717 0.0625074 0.0708815 0.0627195 0.101289 0.0801997 0.163749 0.236625 0.298023 0.233896 0.321246 0.300589 0.280681 0.289741 0.241324 3.895300e+00 0.942
N:15 Run:8 0.428874 0.270981 0.279864 0.43913 0.499045 0.451705 0.350316 0.384704 0.260811 0.18804 0.272806 0.187531 0.158119 0.217166 0.13304 0.156799 0.153991 0.127164 0.147597 0.262745 0.242135 3.895300e+00 0.942
N:15 Run:9 0.4561 0.296653 0.247388 0.210392 0.175741 0.15422 0.172788 0.118083 0.115962 0.0801862 0.100015 0.160589 0.31696 0.297942 0.269941 0.265368 0.272608 0.308991 0.340725 0.248348 0.22123 3.895300e+00 0.942
N:16 Run:0 0.443238 0.307067 0.109148 0.0397923 0.0145501 0.0131397 0.00966347 0.019585 0.0200093 0.0131623 0.0117612 0.0126971 0.115622 0.307111 0.364314 0.410863 0.300802 0.255125 0.253787 0.297441 0.272264 3.894858e+00 0.949
N:16 Run:1 0.361355 0.30687 0.294503 0.297222 0.387079 0.385422 0.348101 0.279181 0.168301 0.192711 0.226939 0.113038 0.165223 0.117828 0.139344 0.111596 0.155088 0.179863 0.183051 0.138208 0.250234 3.894858e+00 0.949
N:16 Run:2 0.401446 0.304006 0.159032 0.0771304 0.066556 0.0631035 0.0450537 0.0491467 0.0741299 0.0817592 0.0713345 0.0696763 0.166266 0.27859 0.324449 0.288497 0.275981 0.202985 0.255001 0.193191 0.211353 3.894858e+00 0.949
N:16 Run:3 0.420391 0.269644 0.231398 0.238065 0.281402 0.302861 0.263743 0.328987 0.404481 0.373475 0.362229 0.409081 0.341268 0.358219 0.335981 0.271748 0.283948 0.25966 0.260165 0.23711 0.27654 3.894858e+00 0.949
N:16 Run:4 0.490158 0.35225 0.295415 0.324434 0.232458 0.263564 0.268286 0.313624 0.290026 0.240921 0.2456 0.345994 0.317577 0.274972 0.330127 0.285519 0.38038 0.287487 0.247879 0.263334 0.237054 3.894858e+00 0.949
N:16 Run:5 0.462693 0.360414 0.141758 0.074245 0.057772 0.0381111 0.0430686 0.0460211 0.0327982 0.0671846 0.0581537 0.07045 0.353869 0.414603 0.273058 0.240547 0.282306 0.216731 0.236122 0.258179 0.314025 3.894858e+00 0.949
N:16 Run:6 0.381334 0.26779 0.264073 0.164754 0.175374 0.142725 0.112088 0.0940664 0.083693 0.0657744 0.109095 0.0541161 0.0685201 0.0641999 0.165785 0.142013 0.190551 0.170426 0.20905 0.272462 0.285132 3.894858e+00 0.949
N:16 Run:7 0.382247 0.339424 0.137019 0.0982717 0.103703 0.101067 0.068717 0.0625074 0.0708815 0.0627195 0.101289 0.0801997 0.163749 0.236625 0.298023 0.233896 0.321246 0.300589 0.280681 0.289741 0.241324 3.894858e+00 0.949
N:16 Run:8 0.428874 0.270981 0.279864 0.43913 0.499045 0.451705 0.350316 0.384704 0.260811 0.18804 0.272806 0.187531 0.158119 0.217166 0.13304 0.156799 0.153991 0.127164 0.147597 0.262745 0.242135 3.894858e+00 0.949
N:16 Run:9 0.4561 0.296653 0.247388 0.210392 0.175741 0.15422 0.172788 0.118083 0.115962 0.0801862 0.100015 0.160589 0.31696 0.297942 0.269941 0.265368 0.272608 0.308991 0.340725 0.248348 0.22123 3.894858e+00 0.949
N:17 Run:0 0.443238 0.307067 0.109148 0.0397923 0.0145501 0.0131397 0.00966347 0.019585 0.0200093 0.0131623 0.0117612 0.0126971 0.115622 0.307111 0.364314 0.410863 0.300802 0.255125 0.253787 0.297441 0.272264 3.856749e+00 0.945
N:17 Run:1 0.361355 0.30687 0.294503 0.297222 0.387079 0.385422 0.348101 0.279181 0.168301 0.192711 0.226939 0.113038 0.165223 0.117828 0.139344 0.111596 0.155088 0.179863 0.183051 0.138208 0.250234 3.856749e+00 0.945
N:17 Run:2 0.401446 0.304006 0.159032 0.0771304 0.066556 0.0631035 0.0450537 0.0491467 0.0741299 0.0817592 0.0713345 0.0696763 0.166266 0.27859 0.324449 0.288497 0.275981 0.202985 0.255001 0.193191 0.211353 3.856749e+00 0.945
N:17 Run:3 0.420391 0.269644 0.231398 0.238065 0.281402 0.302861 0.263743 0.328987 0.404481 0.373475 0.362229 0.409081 0.341268 0.358219 0.335981 0.271748 0.283948 0.25966 0.260165 0.23711 0.27654 3.856749e+00 0.945
N:17 Run:4 0.490158 0.35225 0.295415 0.324434 0.232458 0.263564 0.268286 0.313624 0.290026 0.240921 0.2456 0.345994 0.317577 0.274972 0.330127 0.285519 0.38038 0.287487 0.247879 0.263334 0.237054 3.856749e+00 0.945
N:17 Run:5 0.462693 0.360414 0.141758 0.074245 0.057772 0.0381111 0.0430686 0.0460211 0.0327982 0.0671846 0.0581537 0.07045 0.353869 0.414603 0.273058 0.240547 0.282306 0.216731 0.236122 0.258179 0.314025 3.856749e+00 0.945
N:17 Run:6 0.381334 0.26779 0.264073 0.164754 0.175374 0.142725 0.112088 0.0940664 0.083693 0.0657744 0.109095 0.0541161 0.0685201 0.0641999 0.165785 0.142013 0.190551 0.170426 0.20905 0.272462 0.285132 3.856749e+00 0.945
N:17 Run:7 0.382247 0.339424 0.137019 0.0982717 0.103703 0.101067 0.068717 0.0625074 0.0708815 0.0627195 0.101289 0.0801997 0.163749 0.236625 0.298023 0.233896 0.321246 0.300589 0.280681 0.289741 0.241324 3.856749e+00 0.945
N:17 Run:8 0.428874 0.270981 0.279864 0.43913 0.499045 0.451705 0.350316 0.384704 0.260811 0.18804 0.272806 0.187531 0.158119 0.217166 0.13304 0.156799 0.153991 0.127164 0.147597 0.262745 0.242135 3.856749e+00 0.945
N:17 Run:9 0.4561 0.296653 0.247388 0.210392 0.175741 0.15422 0.172788 0.118083 0.115962 0.0801862 0.100015 0.160589 0.31696 0.297942 0.269941 0.265368 0.272608 0.308991 0.340725 0.248348 0.22123 3.856749e+00 0.945
N:18 Run:0 0.443238 0.307067 0.109148 0.0397923 0.0145501 0.0131397 0.00966347 0.019585 0.0200093 0.0131623 0.0117612 0.0126971 0.115622 0.307111 0.364314 0.410863 0.300802 0.255125 0.253787 0.297441 0.272264 4.030265e+00 0.946
N:18 Run:1 0.361355 0.30687 0.294503 0.297222 0.387079 0.385422 0.348101 0.279181 0.168301 0.192711 0.226939 0.113038 0.165223 0.117828 0.139344 0.111596 0.155088 0.179863 0.183051 0.138208 0.250234 4.030265e+00 0.946
N:18 Run:2 0.401446 0.304006 0.159032 0.0771304 0.066556 0.0631035 0.0450537 0.0491467 0.0741299 0.0817592 0.0713345 0.0696763 0.166266 0.27859 0.324449 0.288497 0.275981 0.202985 0.255001 0.193191 0.211353 4.030265e+00 0.946
N:18 Run:3 0.420391 0.269644 0.231398 0.238065 0.281402 0.302861 0.263743 0.328987 0.404481 0.373475 0.362229 0.409081 0.341268 0.358219 0.335981 0.271748 0.283948 0.25966 0.260165 0.23711 0.27654 4.030265e+00 0.946
N:18 Run:4 0.490158 0.35225 0.295415 0.324434 0.232458 0.263564 0.268286 0.313624 0.290026 0.240921 0.2456 0.345994 0.317577 0.274972 0.330127 0.285519 0.38038 0.287487 0.247879 0.263334 0.237054 4.030265e+00 0.946
N:18 Run:5 0.462693 0.360414 0.141758 0.074245 0.057772 0.0381111 0.0430686 0.0460211 0.0327982 0.0671846 0.0581537 0.07045 0.353869 0.414603 0.273058 0.240547 0.282306 0.216731 0.236122 0.258179 0.314025 4.030265e+00 0.946
N:18 Run:6 0.381334 0.26779 0.264073 0.164754 0.175374 0.142725 0.112088 0.0940664 0.083693 0.0657744 0.109095 0.0541161 0.0685201 0.0641999 0.165785 0.142013 0.190551 0.170426 0.20905 0.272462 0.285132 4.030265e+00 0.946
N:18 Run:7 0.382247 0.339424 0.137019 0.0982717 0.103703 0.101067 0.068717 0.0625074 0.0708815 0.0627195 0.101289 0.0801997 0.163749 0.236625 0.298023 0.233896 0.321246 0.300589 0.280681 0.289741 0.241324 4.030265e+00 0.946
N:18 Run:8 0.428874 0.270981 0.279864 0.43913 0.499045 0.451705 0.350316 0.384704 0.260811 0.18804 0.272806 0.187531 0.158119 0.217166 0.13304 0.156799 0.153991 0.127164 0.147597 0.262745 0.242135 4.030265e+00 0.946
N:18 Run:9 0.4561 0.296653 0.247388 0.210392 0.175741 0.15422 0.172788 0.118083 0.115962 0.0801862 0.100015 0.160589 0.31696 0.297942 0.269941 0.265368 0.272608 0.308991 0.340725 0.248348 0.22123 4.030265e+00 0.946
N:19 Run:0 0.443238 0.307067 0.109148 0.0397923 0.0145501 0.0131397 0.00966347 0.019585 0.0200093 0.0131623 0.0117612 0.0126971 0.115622 0.307111 0.364314 0.410863 0.300802 0.255125 0.253787 0.297441 0.272264 3.854879e+00 0.947
N:19 Run:1 0.361355 0.30687 0.294503 0.297222 0.387079 0.385422 0.348101 0.279181 0.168301 0.192711 0.226939 0.113038 0.165223 0.117828 0.139344 0.111596 0.155088 0.179863 0.183051 0.138208 0.250234 3.854879e+00 0.947
N:19 Run:2 0.401446 0.304006 0.159032 0.0771304 0.066556 0.0631035 0.0450537 0.0491467 0.0741299 0.0817592 0.0713345 0.0696763 0.166266 0.27859 0.324449 0.288497 0.275981 0.202985 0.255001 0.193191 0.211353 3.854879e+00 0.947
N:19 Run:3 0.420391 0.269644 0.231398 0.238065 0.281402 0.302861 0.263743 0.328987 0.404481 0.373475 0.362229 0.409081 0.341268 0.358219 0.335981 0.271748 0.283948 0.25966 0.260165 0.23711 0.27654 3.854879e+00 0.947
N:19 Run:4 0.490158 0.35225 0.295415 0.324434 0.232458 0.263564 0.268286 0.313624 0.290026 0.240921 0.2456 0.345994 0.317577 0.274972 0.330127 0.285519 0.38038 0.287487 0.247879 0.263334 0.237054 3.854879e+00 0.947
N:19 Run:5 0.462693 0.360414 0.141758 0.074245 0.057772 0.0381111 0.0430686 0.0460211 0.0327982 0.0671846 0.0581537 0.07045 0.353869 0.414603 0.273058 0.240547 0.282306 0.216731 0.236122 0.258179 0.314025 3.854879e+00 0.947
N:19 Run:6 0.381334 0.26779 0.264073 0.164754 0.175374 0.142725 0.112088 0.0940664 0.083693 0.0657744 0.109095 0.0541161 0.0685201 0.0641999 0.165785 0.142013 0.190551 0.170426 0.20905 0.272462 0.285132 3.854879e+00 0.947
N:19 Run:7 0.382247 0.339424 0.137019 0.0982717 0.103703 0.101067 0.068717 0.0625074 0.0708815 0.0627195 0.101289 0.0801997 0.163749 0.236625 0.298023 0.233896 0.321246 0.300589 0.280681 0.289741 0.241324 3.854879e+00 0.947
N:19 Run:8 0.428874 0.270981 0.279864 0.43913 0.499045 0.451705 0.350316 0.384704 0.260811 0.18804 0.272806 0.187531 0.158119 0.217166 0.13304 0.156799 0.153991 0.127164 0.147597 0.262745 0.242135 3.854879e+00 0.947
N:19 Run:9 0.4561 0.296653 0.247388 0.210392 0.175741 0.15422 0.172788 0.118083 0.115962 0.0801862 0.100015 0.160589 0.31696 0.297942 0.269941 0.265368 0.272608 0.308991 0.340725 0.248348 0.22123 3.854879e+00 0.947
N:20 Run:0 0.443238 0.307067 0.109148 0.0397923 0.0145501 0.0131397 0.00966347 0.019585 0.0200093 0.0131623 0.0117612 0.0126971 0.115622 0.307111 0.364314 0.410863 0.300802 0.255125 0.253787 0.297441 0.272264 3.855970e+00 0.943
N:20 Run:1 0.361355 0.30687 0.294503 0.297222 0.387079 0.385422 0.348101 0.279181 0.168301 0.192711 0.226939 0.113038 0.165223 0.117828 0.139344 0.111596 0.155088 0.179863 0.183051 0.138208 0.250234 3.855970e+00 0.943
N:20 Run:2 0.401446 0.304006 0.159032 0.0771304 0.066556 0.0631035 0.0450537 0.0491467 0.0741299 0.0817592 0.0713345 0.0696763 0.166266 0.27859 0.324449 0.288497 0.275981 0.202985 0.255001 0.193191 0.211353 3.855970e+00 0.943
N:20 Run:3 0.420391 0.269644 0.231398 0.238065 0.281402 0.302861 0.263743 0.328987 0.404481 0.373475 0.362229 0.409081 0.341268 0.358219 0.335981 0.271748 0.283948 0.25966 0.260165 0.23711 0.27654 3.855970e+00 0.943
N:20 Run:4 0.490158 0.35225 0.295415 0.324434 0.232458 0.263564 0.268286 0.313624 0.290026 0.240921 0.2456 0.345994 0.317577 0.274972 0.330127 0.285519 0.38038 0.287487 0.247879 0.263334 0.237054 3.855970e+00 0.943
N:20 Run:5 0.462693 0.360414 0.141758 0.074245 0.057772 0.0381111 0.0430686 0.0460211 0.0327982 0.0671846 0.0581537 0.07045 0.353869 0.414603 0.273058 0.240547 0.282306 0.216731 0.236122 0.258179 0.314025 3.855970e+00 0.943
N:20 Run:6 0.381334 0.26779 0.264073 0.164754 0.175374 0.142725 0.112088 0.0940664 0.083693 0.0657744 0.109095 0.0541161 0.0685201 0.0641999 0.165785 0.142013 0.190551 0.170426 0.20905 0.272462 0.285132 3.855970e+00 0.943
N:20 Run:7 0.382247 0.339424 0.137019 0.0982717 0.103703 0.101067 0.068717 0.0625074 0.0708815 0.0627195 0.101289 0.0801997 0.163749 0.236625 0.298023 0.233896 0.321246 0.300589 0.280681 0.289741 0.241324 3.855970e+00 0.943
N:20 Run:8 0.428874 0.270981 0.279864 0.43913 0.499045 0.451705 0.350316 0.384704 0.260811 0.18804 0.272806 0.187531 0.158119 0.217166 0.13304 0.156799 0.153991 0.127164 0.147597 0.262745 0.242135 3.855970e+00 0.943
N:20 Run:9 0.4561 0.296653 0.247388 0.210392 0.175741 0.15422 0.172788 0.118083 0.115962 0.0801862 0.100015 0.160589 0.31696 0.297942 0.269941 0.265368 0.272608 0.308991 0.340725 0.248348 0.22123 3.855970e+00 0.943
N:21 Run:0 0.443238 0.307067 0.109148 0.0397923 0.0145501 0.0131397 0.00966347 0.019585 0.0200093 0.0131623 0.0117612 0.0126971 0.115622 0.307111 0.364314 0.410863 0.300802 0.255125 0.253787 0.297441 0.272264 3.774446e+00 0.948
N:21 Run:1 0.361355 0.30687 0.294503 0.297222 0.387079 0.385422 0.348101 0.279181 0.168301 0.192711 0.226939 0.113038 0.165223 0.117828 0.139344 0.111596 0.155088 0.179863 0.183051 0.138208 0.250234 3.774446e+00 0.948
N:21 Run:2 0.401446 0.304006 0.159032 0.0771304 0.066556 0.0631035 0.0450537 0.0491467 0.0741299 0.0817592 0.0713345 0.0696763 0.166266 0.27859 0.324449 0.288497 0.275981 0.202985 0.255001 0.193191 0.211353 3.774446e+00 0.948
N:21 Run:3 0.420391 0.269644 0.231398 0.238065 0.281402 0.302861 0.263743 0.328987 0.404481 0.373475 0.362229 0.409081 0.341268 0.358219 0.335981 0.271748 0.283948 0.25966 0.260165 0.23711 0.27654 3.774446e+00 0.948
N:21 Run:4 0.490158 0.35225 0.295415 0.324434 0.232458 0.263564 0.268286 0.313624 0.290026 0.240921 0.2456 0.345994 0.317577 0.274972 0.330127 0.285519 0.38038 0.287487 0.247879 0.263334 0.237054 3.774446e+00 0.948
N:21 Run:5 0.462693 0.360414 0.141758 0.074245 0.057772 0.0381111 0.0430686 0.0460211 0.0327982 0.0671846 0.0581537 0.07045 0.353869 0.414603 0.273058 0.240547 0.282306 0.216731 0.236122 0.258179 0.314025 3.774446e+00 0.948
N:21 Run:6 0.381334 0.26779 0.264073 0.164754 0.175374 0.142725 0.112088 0.0940664 0.083693 0.0657744 0.109095 0.0541161 0.0685201 0.0641999 0.165785 0.142013 0.190551 0.170426 0.20905 0.272462 0.285132 3.774446e+00 0.948
N:21 Run:7 0.382247 0.339424 0.137019 0.0982717 0.103703 0.101067 0.068717 0.0625074 0.0708815 0.0627195 0.101289 0.0801997 0.163749 0.236625 0.298023 0.233896 0.321246 0.300589 0.280681 0.289741 0.241324 3.774446e+00 0.948
N:21 Run:8 0.428874 0.270981 0.279864 0.43913 0.499045 0.451705 0.350316 0.384704 0.260811 0.18804 0.272806 0.187531 0.158119 0.217166 0.13304 0.156799 0.153991 0.127164 0.147597 0.262745 0.242135 3.774446e+00 0.948
N:21 Run:9 0.4561 0.296653 0.247388 0.210392 0.175741 0.15422 0.172788 0.118083 0.115962 0.0801862 0.100015 0.160589 0.31696 0.297942 0.269941 0.265368 0.272608 0.308991 0.340725 0.248348 0.22123 3.774446e+00 0.948
N:22 Run:0 0.443238 0.307067 0.109148 0.0397923 0.0145501 0.0131397 0.00966347 0.019585 0.0200093 0.0131623 0.0117612 0.0126971 0.115622 0.307111 0.364314 0.410863 0.300802 0.255125 0.253787 0.297441 0.272264 3.874743e+00 0.941
N:22 Run:1 0.361355 0.30687 0.294503 0.297222 0.387079 0.385422 0.348101 0.279181 0.168301 0.192711 0.226939 0.113038 0.165223 0.117828 0.139344 0.111596 0.155088 0.179863 0.183051 0.138208 0.250234 3.874743e+00 0.941
N:22 Run:2 0.401446 0.304006 0.159032 0.0771304 0.066556 0.0631035 0.0450537 0.0491467 0.0741299 0.0817592 0.0713345 0.0696763 0.166266 0.27859 0.324449 0.288497 0.275981 0.202985 0.255001 0.193191 0.211353 3.874743e+00 0.941
N:22 Run:3 0.420391 0.269644 0.231398 0.238065 0.281402 0.302861 0.263743 0.328987 0.404481 0.373475 0.362229 0.409081 0.341268 0.358219 0.335981 0.271748 0.283948 0.25966 0.260165 0.23711 0.27654 3.874743e+00 0.941
N:22 Run:4 0.490158 0.35225 0.295415 0.324434 0.232458 0.263564 0.268286 0.313624 0.290026 0.240921 0.2456 0.345994 0.317577 0.274972 0.330127 0.285519 0.38038 0.287487 0.247879 0.263334 0.237054 3.874743e+00 0.941
N:22 Run:5 0.462693 0.360414 0.141758 0.074245 0.057772 0.0381111 0.0430686 0.0460211 0.0327982 0.0671846 0.0581537 0.07045 0.353869 0.414603 0.273058 0.240547 0.282306 0.216731 0.236122 0.258179 0.314025 3.874743e+00 0.941
N:22 Run:6 0.381334 0.26779 0.264073 0.164754 0.175374 0.142725 0.112088 0.0940664 0.083693 0.0657744 0.109095 0.0541161 0.0685201 0.0641999 0.165785 0.142013 0.190551 0.170426 0.20905 0.272462 0.285132 3.874743e+00 0.941
N:22 Run:7 0.382247 0.339424 0.137019 0.0982717 0.103703 0.101067 0.068717 0.0625074 0.0708815 0.0627195 0.101289 0.0801997 0.163749 0.236625 0.298023 0.233896 0.321246 0.300589 0.280681 0.289741 0.241324 3.874743e+00 0.941
N:22 Run:8 0.428874 0.270981 0.279864 0.43913 0.499045 0.451705 0.350316 0.384704 0.260811 0.18804 0.272806 0.187531 0.158119 0.217166 0.13304 0.156799 0.153991 0.127164 0.147597 0.262745 0.242135 3.874743e+00 0.941
N:22 Run:9 0.4561 0.296653 0.247388 0.210392 0.175741 0.15422 0.172788 0.118083 0.115962 0.0801862 0.100015 0.160589 0.31696 0.297942 0.269941 0.265368 0.272608 0.308991 0.340725 0.248348 0.22123 3.874743e+00 0.941
N:23 Run:0 0.443238 0.307067 0.109148 0.0397923 0.0145501 0.0131397 0.00966347 0.019585 0.0200093 0.0131623 0.0117612 0.0126971 0.115622 0.307111 0.364314 0.410863 0.300802 0.255125 0.253787 0.297441 0.272264 4.035943e+00 0.943
N:23 Run:1 0.361355 0.30687 0.294503 0.297222 0.387079 0.385422 0.348101 0.279181 0.168301 0.192711 0.226939 0.113038 0.165223 0.117828 0.139344 0.111596 0.155088 0.179863 0.183051 0.138208 0.250234 4.035943e+00 0.943
N:23 Run:2 0.401446 0.304006 0.159032 0.0771304 0.066556 0.0631035 0.0450537 0.0491467 0.0741299 0.0817592 0.0713345 0.0696763 0.166266 0.27859 0.324449 0.288497 0.275981 0.202985 0.255001 0.193191 0.211353 4.035943e+00 0.943
N:23 Run:3 0.420391 0.269644 0.231398 0.238065 0.281402 0.302861 0.263743 0.328987 0.404481 0.373475 0.362229 0.409081 0.341268 0.358219 0.335981 0.271748 0.283948 0.25966 0.260165 0.23711 0.27654 4.035943e+00 0.943
N:23 Run:4 0.490158 0.35225 0.295415 0.324434 0.232458 0.263564 0.268286 0.313624 0.290026 0.240921 0.2456 0.345994 0.317577 0.274972 0.330127 0.285519 0.38038 0.287487 0.247879 0.263334 0.237054 4.035943e+00 0.943
N:23 Run:5 0.462693 0.360414 0.141758 0.074245 0.057772 0.0381111 0.0430686 0.0460211 0.0327982 0.0671846 0.0581537 0.07045 0.353869 0.414603 0.273058 0.240547 0.282306 0.216731 0.236122 0.258179 0.314025 4.035943e+00 0.943
N:23 Run:6 0.381334 0.26779 0.264073 0.164754 0.175374 0.142725 0.112088 0.0940664 0.083693 0.0657744 0.109095 0.0541161 0.0685201 0.0641999 0.165785 0.142013 0.190551 0.170426 0.20905 0.272462 0.285132 4.035943e+00 0.943
N:23 Run:7 0.382247 0.339424 0.137019 0.0982717 0.103703 0.101067 0.068717 0.0625074 0.0708815 0.0627195 0.101289 0.0801997 0.163749 0.236625 0.298023 0.233896 0.321246 0.300589 0.280681 0.289741 0.241324 4.035943e+00 0.943
N:23 Run:8 0.428874 0.270981 0.279864 0.43913 0.499045 0.451705 0.350316 0.384704 0.260811 0.18804 0.272806 0.187531 0.158119 0.217166 0.13304 0.156799 0.153991 0.127164 0.147597 0.262745 0.242135 4.035943e+00 0.943
N:23 Run:9 0.4561 0.296653 0.247388 0.210392 0.175741 0.15422 0.172788 0.118083 0.115962 0.0801862 0.100015 0.160589 0.31696 0.297942 0.269941 0.265368 0.272608 0.308991 0.340725 0.248348 0.22123 4.035943e+00 0.943
N:24 Run:0 0.443238 0.307067 0.109148 0.0397923 0.0145501 0.0131397 0.00966347 0.019585 0.0200093 0.0131623 0.0117612 0.0126971 0.115622 0.307111 0.364314 0.410863 0.300802 0.255125 0.253787 0.297441 0.272264 3.993551e+00 0.944
N:24 Run:1 0.361355 0.30687 0.294503 0.297222 0.387079 0.385422 0.348101 0.279181 0.168301 0.192711 0.226939 0.113038 0.165223 0.117828 0.139344 0.111596 0.155088 0.179863 0.183051 0.138208 0.250234 3.993551e+00 0.944
N:24 Run:2 0.401446 0.304006 0.159032 0.0771304 0.066556 0.0631035 0.0450537 0.0491467 0.0741299 0.0817592 0.0713345 0.0696763 0.166266 0.27859 0.324449 0.288497 0.275981 0.202985 0.255001 0.193191 0.211353 3.993551e+00 0.944
N:24 Run:3 0.420391 0.269644 0.231398 0.238065 0.281402 0.302861 0.263743 0.328987 0.404481 0.373475 0.362229 0.409081 0.341268 0.358219 0.335981 0.271748 0.283948 0.25966 0.260165 0.23711 0.27654 3.993551e+00 0.944
N:24 Run:4 0.490158 0.35225 0.295415 0.324434 0.232458 0.263564 0.268286 0.313624 0.290026 0.240921 0.2456 0.345994 0.317577 0.274972 0.330127 0.285519 0.38038 0.287487 0.247879 0.263334 0.237054 3.993551e+00 0.944
N:24 Run:5 0.462693 0.360414 0.141758 0.074245 0.057772 0.0381111 0.0430686 0.0460211 0.0327982 0.0671846 0.0581537 0.07045 0.353869 0.414603 0.273058 0.240547 0.282306 0.216731 0.236122 0.258179 0.314025 3.993551e+00 0.944
N:24 Run:6 0.381334 0.26779 0.264073 0.164754 0.175374 0.142725 0.112088 0.0940664 0.083693 0.0657744 0.109095 0.0541161 0.0685201 0.0641999 0.165785 0.142013 0.190551 0.170426 0.20905 0.272462 0.285132 3.993551e+00 0.944
N:24 Run:7 0.382247 0.339424 0.137019 0.0982717 0.103703 0.101067 0.068717 0.0625074 0.0708815 0.0627195 0.101289 0.0801997 0.163749 0.236625 0.298023 0.233896 0.321246 0.300589 0.280681 0.289741 0.241324 3.993551e+00 0.944
N:24 Run:8 0.428874 0.270981 0.279864 0.43913 0.499045 0.451705 0.350316 0.384704 0.260811 0.18804 0.272806 0.187531 0.158119 0.217166 0.13304 0.156799 0.153991 0.127164 0.147597 0.262745 0.242135 3.993551e+00 0.944
N:24 Run:9 0.4561 0.296653 0.247388 0.210392 0.175741 0.15422 0.172788 0.118083 0.115962 0.0801862 0.100015 0.160589 0.31696 0.297942 0.269941 0.265368 0.272608 0.308991 0.340725 0.248348 0.22123 3.993551e+00 0.944
N:25 Run:0 0.443238 0.307067 0.109148 0.0397923 0.0145501 0.0131397 0.00966347 0.019585 0.0200093 0.0131623 0.0117612 0.0126971 0.115622 0.307111 0.364314 0.410863 0.300802 0.255125 0.253787 0.297441 0.272264 3.830195e+00 0.946
N:25 Run:1 0.361355 0.30687 0.294503 0.297222 0.387079 0.385422 0.348101 0.279181 0.168301 0.192711 0.226939 0.113038 0.165223 0.117828 0.139344 0.111596 0.155088 0.179863 0.183051 0.138208 0.250234 3.830195e+00 0.946
N:25 Run:2 0.401446 0.304006 0.159032 0.0771304 0.066556 0.0631035 0.0450537 0.0491467 0.0741299 0.0817592 0.0713345 0.0696763 0.166266 0.27859 0.324449 0.288497 0.275981 0.202985 0.255001 0.193191 0.211353 3.830195e+00 0.946
N:25 Run:3 0.420391 0.269644 0.231398 0.238065 0.281402 0.302861 0.263743 0.328987 0.404481 0.373475 0.362229 0.409081 0.341268 0.358219 0.335981 0.271748 0.283948 0.25966 0.260165 0.23711 0.27654 3.830195e+00 0.946
N:25 Run:4 0.490158 0.35225 0.295415 0.324434 0.232458 0.263564 0.268286 0.313624 0.290026 0.240921 0.2456 0.345994 0.317577 0.274972 0.330127 0.285519 0.38038 0.287487 0.247879 0.263334 0.237054 3.830195e+00 0.946
N:25 Run:5 0.462693 0.360414 0.141758 0.074245 0.057772 0.0381111 0.0430686 0.0460211 0.0327982 0.0671846 0.0581537 0.07045 0.353869 0.414603 0.273058 0.240547 0.282306 0.216731 0.236122 0.258179 0.314025 3.830195e+00 0.946
N:25 Run:6 0.381334 0.26779 0.264073 0.164754 0.175374 0.142725 0.112088 0.0940664 0.083693 0.0657744 0.109095 0.0541161 0.0685201 0.0641999 0.165785 0.142013 0.190551 0.170426 0.20905 0.272462 0.285132 3.830195e+00 0.946
N:25 Run:7 0.382247 0.339424 0.137019 0.0982717 0.103703 0.101067 0.068717 0.0625074 0.0708815 0.0627195 0.101289 0.0801997 0.163749 0.236625 0.298023 0.233896 0.321246 0.300589 0.280681 0.289741 0.241324 3.830195e+00 0.946
N:25 Run:8 0.428874 0.270981 0.279864 0.43913 0.499045 0.451705 0.350316 0.384704 0.260811 0.18804 0.272806 0.187531 0.158119 0.217166 0.13304 0.156799 0.153991 0.127164 0.147597 0.262745 0.242135 3.830195e+00 0.946
N:25 Run:9 0.4561 0.296653 0.247388 0.210392 0.175741 0.15422 0.172788 0.118083 0.115962 0.0801862 0.100015 0.160589 0.31696 0.297942 0.269941 0.265368 0.272608 0.308991 0.340725 0.248348 0.22123 3.830195e+00 0.946
N:26 Run:0 0.443238 0.307067 0.109148 0.0397923 0.0145501 0.0131397 0.00966347 0.019585 0.0200093 0.0131623 0.0117612 0.0126971 0.115622 0.307111 0.364314 0.410863 0.300802 0.255125 0.253787 0.297441 0.272264 4.070229e+00 0.947
N:26 Run:1 0.361355 0.30687 0.294503 0.297222 0.387079 0.385422 0.348101 0.279181 0.168301 0.192711 0.226939 0.113038 0.165223 0.117828 0.139344 0.111596 0.155088 0.179863 0.183051 0.138208 0.250234 4.070229e+00 0.947
N:26 Run:2 0.401446 0.304006 0.159032 0.0771304 0.066556 0.0631035 0.0450537 0.0491467 0.0741299 0.0817592 0.0713345 0.0696763 0.166266 0.27859 0.324449 0.288497 0.275981 0.202985 0.255001 0.193191 0.211353 4.070229e+00 0.947
N:26 Run:3 0.420391 0.269644 0.231398 0.238065 0.281402 0.302861 0.263743 0.328987 0.404481 0.373475 0.362229 0.409081 0.341268 0.358219 0.335981 0.271748 0.283948 0.25966 0.260165 0.23711 0.27654 4.070229e+00 0.947
N:26 Run:4 0.490158 0.35225 0.295415 0.324434 0.232458 0.263564 0.268286 0.313624 0.290026 0.240921 0.2456 0.345994 0.317577 0.274972 0.330127 0.285519 0.38038 0.287487 0.247879 0.263334 0.237054 4.070229e+00 0.947
N:26 Run:5 0.462693 0.360414 0.141758 0.074245 0.057772 0.0381111 0.0430686 0.0460211 0.0327982 0.0671846 0.0581537 0.07045 0.353869 0.414603 0.273058 0.240547 0.282306 0.216731 0.236122 0.258179 0.314025 4.070229e+00 0.947
N:26 Run:6 0.381334 0.26779 0.264073 0.164754 0.175374 0.142725 0.112088 0.0940664 0.083693 0.0657744 0.109095 0.0541161 0.0685201 0.0641999 0.165785 0.142013 0.190551 0.170426 0.20905 0.272462 0.285132 4.070229e+00 0.947
N:26 Run:7 0.382247 0.339424 0.137019 0.0982717 0.103703 0.101067 0.068717 0.0625074 0.0708815 0.0627195 0.101289 0.0801997 0.163749 0.236625 0.298023 0.233896 0.321246 0.300589 0.280681 0.289741 0.241324 4.070229e+00 0.947
N:26 Run:8 0.428874 0.270981 0.279864 0.43913 0.499045 0.451705 0.350316 0.384704 0.260811 0.18804 0.272806 0.187531 0.158119 0.217166 0.13304 0.156799 0.153991 0.127164 0.147597 0.262745 0.242135 4.070229e+00 0.947
N:26 Run:9 0.4561 0.296653 0.247388 0.210392 0.175741 0.15422 0.172788 0.118083 0.115962 0.0801862 0.100015 0.160589 0.31696 0.297942 0.269941 0.265368 0.272608 0.308991 0.340725 0.248348 0.22123 4.070229e+00 0.947
N:27 Run:0 0.443238 0.307067 0.109148 0.0397923 0.0145501 0.0131397 0.00966347 0.019585 0.0200093 0.0131623 0.0117612 0.0126971 0.115622 0.307111 0.364314 0.410863 0.300802 0.255125 0.253787 0.297441 0.272264 3.864370e+00 0.942
N:27 Run:1 0.361355 0.30687 0.294503 0.297222 0.387079 0.385422 0.348101 0.279181 0.168301 0.192711 0.226939 0.113038 0.165223 0.117828 0.139344 0.111596 0.155088 0.179863 0.183051 0.138208 0.250234 3.864370e+00 0.942
N:27 Run:2 0.401446 0.304006 0.159032 0.0771304 0.066556 0.0631035 0.0450537 0.0491467 0.0741299 0.0817592 0.0713345 0.0696763 0.166266 0.27859 0.324449 0.288497 0.275981 0.202985 0.255001 0.193191 0.211353 3.864370e+00 0.942
N:27 Run:3 0.420391 0.269644 0.231398 0.238065 0.281402 0.302861 0.263743 0.328987 0.404481 0.373475 0.362229 0.409081 0.341268 0.358219 0.335981 0.271748 0.283948 0.25966 0.260165 0.23711 0.27654 3.864370e+00 0.942
N:27 Run:4 0.490158 0.35225 0.295415 0.324434 0.232458 0.263564 0.268286 0.313624 0.290026 0.240921 0.2456 0.345994 0.317577 0.274972 0.330127 0.285519 0.38038 0.287487 0.247879 0.263334 0.237054 3.864370e+00 0.942
N:27 Run:5 0.462693 0.360414 0.141758 0.074245 0.057772 0.0381111 0.0430686 0.0460211 0.0327982 0.0671846 0.0581537 0.07045 0.353869 0.414603 0.273058 0.240547 0.282306 0.216731 0.236122 0.258179 0.314025 3.864370e+00 0.942
N:27 Run:6 0.381334 0.26779 0.264073 0.164754 0.175374 0.142725 0.112088 0.0940664 0.083693 0.0657744 0.109095 0.0541161 0.0685201 0.0641999 0.165785 0.142013 0.190551 0.170426 0.20905 0.272462 0.285132 3.864370e+00 0.942
N:27 Run:7 0.382247 0.339424 0.137019 0.0982717 0.103703 0.101067 0.068717 0.0625074 0.0708815 0.0627195 0.101289 0.0801997 0.163749 0.236625 0.298023 0.233896 0.321246 0.300589 0.280681 0.289741 0.241324 3.864370e+00 0.942
N:27 Run:8 0.428874 0.270981 0.279864 0.43913 0.499045 0.451705 0.350316 0.384704 0.260811 0.18804 0.272806 0.187531 0.158119 0.217166 0.13304 0.156799 0.153991 0.127164 0.147597 0.262745 0.242135 3.864370e+00 0.942
N:27 Run:9 0.4561 0.296653 0.247388 0.210392 0.175741 0.15422 0.172788 0.118083 0.115962 0.0801862 0.100015 0.160589 0.31696 0.297942 0.269941 0.265368 0.272608 0.308991 0.340725 0.248348 0.22123 3.864370e+00 0.942
N:28 Run:0 0.443238 0.307067 0.109148 0.0397923 0.0145501 0.0131397 0.00966347 0.019585 0.0200093 0.0131623 0.0117612 0.0126971 0.115622 0.307111 0.364314 0.410863 0.300802 0.255125 0.253787 0.297441 0.272264 3.722573e+00 0.945
N:28 Run:1 0.361355 0.30687 0.294503 0.297222 0.387079 0.385422 0.348101 0.279181 0.168301 0.192711 0.226939 0.113038 0.165223 0.117828 0.139344 0.111596 0.155088 0.179863 0.183051 0.138208 0.250234 3.722573e+00 0.945
N:28 Run:2 0.401446 0.304006 0.159032 0.0771304 0.066556 0.0631035 0.0450537 0.0491467 0.0741299 0.0817592 0.0713345 0.0696763 0.166266 0.27859 0.324449 0.288497 0.275981 0.202985 0.255001 0.193191 0.211353 3.722573e+00 0.945
N:28 Run:3 0.420391 0.269644 0.231398 0.238065 0.281402 0.302861 0.263743 0.328987 0.404481 0.373475 0.362229 0.409081 0.341268 0.358219 0.335981 0.271748 0.283948 0.25966 0.260165 0.23711 0.27654 3.722573e+00 0.945
N:28 Run:4 0.490158 0.35225 0.295415 0.324434 0.232458 0.263564 0.268286 0.313624 0.290026 0.240921 0.2456 0.345994 0.317577 0.274972 0.330127 0.285519 0.38038 0.287487 0.247879 0.263334 0.237054 3.722573e+00 0.945
N:28 Run:5 0.462693 0.360414 0.141758 0.074245 0.057772 0.0381111 0.0430686 0.0460211 0.0327982 0.0671846 0.0581537 0.07045 0.353869 0.414603 0.273058 0.240547 0.282306 0.216731 0.236122 0.258179 0.314025 3.722573e+00 0.945
N:28 Run:6 0.381334 0.26779 0.264073 0.164754 0.175374 0.142725 0.112088 0.0940664 0.083693 0.0657744 0.109095 0.0541161 0.0685201 0.0641999 0.165785 0.142013 0.190551 0.170426 0.20905 0.272462 0.285132 3.722573e+00 0.945
N:28 Run:7 0.382247 0.339424 0.137019 0.0982717 0.103703 0.101067 0.068717 0.0625074 0.0708815 0.0627195 0.101289 0.0801997 0.163749 0.236625 0.298023 0.233896 0.321246 0.300589 0.280681 0.289741 0.241324 3.722573e+00 0.945
N:28 Run:8 0.428874 0.270981 0.279864 0.43913 0.499045 0.451705 0.350316 0.384704 0.260811 0.18804 0.272806 0.187531 0.158119 0.217166 0.13304 0.156799 0.153991 0.127164 0.147597 0.262745 0.242135 3.722573e+00 0.945
N:28 Run:9 0.4561 0.296653 0.247388 0.210392 0.175741 0.15422 0.172788 0.118083 0.115962 0.0801862 0.100015 0.160589 0.31696 0.297942 0.269941 0.265368 0.272608 0.308991 0.340725 0.248348 0.22123 3.722573e+00 0.945
N:29 Run:0 0.443238 0.307067 0.109148 0.0397923 0.0145501 0.0131397 0.00966347 0.019585 0.0200093 0.0131623 0.0117612 0.0126971 0.115622 0.307111 0.364314 0.410863 0.300802 0.255125 0.253787 0.297441 0.272264 3.872347e+00 0.948
N:29 Run:1 0.361355 0.30687 0.294503 0.297222 0.387079 0.385422 0.348101 0.279181 0.168301 0.192711 0.226939 0.113038 0.165223 0.117828 0.139344 0.111596 0.155088 0.179863 0.183051 0.138208 0.250234 3.872347e+00 0.948
N:29 Run:2 0.401446 0.304006 0.159032 0.0771304 0.066556 0.0631035 0.0450537 0.0491467 0.0741299 0.0817592 0.0713345 0.0696763 0.166266 0.27859 0.324449 0.288497 0.275981 0.202985 0.255001 0.193191 0.211353 3.872347e+00 0.948
N:29 Run:3 0.420391 0.269644 0.231398 0.238065 0.281402 0.302861 0.263743 0.328987 0.404481 0.373475 0.362229 0.409081 0.341268 0.358219 0.335981 0.271748 0.283948 0.25966 0.260165 0.23711 0.27654 3.872347e+00 0.948
N:29 Run:4 0.490158 0.35225 0.295415 0.324434 0.232458 0.263564 0.268286 0.313624 0.290026 0.240921 0.2456 0.345994 0.317577 0.274972 0.330127 0.285519 0.38038 0.287487 0.247879 0.263334 0.237054 3.872347e+00 0.948
N:29 Run:5 0.462693 0.360414 0.141758 0.074245 0.057772 0.0381111 0.0430686 0.0460211 0.0327982 0.0671846 0.0581537 0.07045 0.353869 0.414603 0.273058 0.240547 0.282306 0.216731 0.236122 0.258179 0.314025 3.872347e+00 0.948
N:29 Run:6 0.381334 0.26779 0.264073 0.164754 0.175374 0.142725 0.112088 0.0940664 0.083693 0.0657744 0.109095 0.0541161 0.0685201 0.0641999 0.165785 0.142013 0.190551 0.170426 0.20905 0.272462 0.285132 3.872347e+00 0.948
N:29 Run:7 0.382247 0.339424 0.137019 0.0982717 0.103703 0.101067 0.068717 0.0625074 0.0708815 0.0627195 0.101289 0.0801997 0.163749 0.236625 0.298023 0.233896 0.321246 0.300589 0.280681 0.289741 0.241324 3.872347e+00 0.948
N:29 Run:8 0.428874 0.270981 0.279864 0.43913 0.499045 0.451705 0.350316 0.384704 0.260811 0.18804 0.272806 0.187531 0.158119 0.217166 0.13304 0.156799 0.153991 0.127164 0.147597 0.262745 0.242135 3.872347e+00 0.948
N:29 Run:9 0.4561 0.296653 0.247388 0.210392 0.175741 0.15422 0.172788 0.118083 0.115962 0.0801862 0.100015 0.160589 0.31696 0.297942 0.269941 0.265368 0.272608 0.308991 0.340725 0.248348 0.22123 3.872347e+00 0.948
