   0    0    0    420 1.525532e+00 0.419
   0    3  100  42420 1.042640e+00 0.456
   0    5  200  84420 1.041579e+00 0.471
   0   59  300 126420 1.041567e+00 0.504
   0   10  400 168420 1.041345e+00 0.540
   0   16  500 210420 1.041244e+00 0.540
   0    0  600 252420 1.040307e+00 0.540
   0    0  700 294420 1.037925e+00 0.540
   0   33  800 336420 1.037538e+00 0.540
   0    4  900 378420 1.037176e+00 0.540
   0   30 1000 420420 1.036941e+00 0.540
   1    0    0    420 1.250561e+00 0.411
   1    6  100  42420 1.045781e+00 0.485
   1   11  200  84420 1.039538e+00 0.485
   1    1  300 126420 1.026848e+00 0.485
   1   22  400 168420 9.939549e-01 0.485
   1   56  500 210420 9.939232e-01 0.513
   1   15  600 252420 9.931910e-01 0.534
   1   26  700 294420 9.930661e-01 0.534
   1   22  800 336420 9.924515e-01 0.534
   1   30  900 378420 9.924285e-01 0.534
   1   78 1000 420420 9.924260e-01 0.534
   2    0    0    420 1.446933e+00 0.390
   2    3  100  42420 1.052387e+00 0.463
   2   13  200  84420 1.049912e+00 0.506
   2    1  300 126420 1.020683e+00 0.525
   2   13  400 168420 1.000928e+00 0.526
   2   34  500 210420 9.983897e-01 0.526
   2    7  600 252420 9.962400e-01 0.526
   2   12  700 294420 9.954439e-01 0.526
   2    1  800 336420 9.938855e-01 0.526
   2   15  900 378420 9.933691e-01 0.526
   2   12 1000 420420 9.932205e-01 0.526
   3    0    0    420 1.215995e+00 0.310
   3    4  100  42420 1.039390e+00 0.516
   3   50  200  84420 1.037949e+00 0.523
   3   14  300 126420 1.030055e+00 0.523
   3    1  400 168420 1.014516e+00 0.523
   3   17  500 210420 1.000691e+00 0.523
   3   10  600 252420 9.967747e-01 0.528
   3   16  700 294420 9.942465e-01 0.528
   3    5  800 336420 9.938459e-01 0.528
   3    0  900 378420 9.936120e-01 0.528
   3    3 1000 420420 9.932539e-01 0.528
   4    0    0    420 1.325309e+00 0.230
   4    4  100  42420 1.047819e+00 0.495
   4    9  200  84420 1.022293e+00 0.513
   4    5  300 126420 1.008762e+00 0.513
   4    0  400 168420 1.000802e+00 0.513
   4    3  500 210420 9.952441e-01 0.513
   4   19  600 252420 9.946151e-01 0.533
   4    4  700 294420 9.943851e-01 0.533
   4    1  800 336420 9.933958e-01 0.533
   4    9  900 378420 9.930825e-01 0.533
   4    7 1000 420420 9.926808e-01 0.533
   5    0    0    420 1.451598e+00 0.172
   5   16  100  42420 1.047257e+00 0.465
   5   45  200  84420 1.043115e+00 0.489
   5    4  300 126420 1.043043e+00 0.489
   5    4  400 168420 1.032242e+00 0.500
   5    7  500 210420 1.031827e+00 0.507
   5   25  600 252420 1.031734e+00 0.507
   5    0  700 294420 1.001932e+00 0.507
   5    2  800 336420 9.941122e-01 0.507
   5    3  900 378420 9.935689e-01 0.509
   5   12 1000 420420 9.926447e-01 0.509
   6    0    0    420 1.426084e+00 0.167
   6    2  100  42420 1.048024e+00 0.467
   6    1  200  84420 1.039510e+00 0.485
   6   25  300 126420 1.038059e+00 0.485
   6   68  400 168420 1.038049e+00 0.485
   6    7  500 210420 1.037978e+00 0.485
   6   16  600 252420 1.037897e+00 0.500
   6   41  700 294420 1.037890e+00 0.500
   6   38  800 336420 1.037866e+00 0.500
   6   46  900 378420 1.037864e+00 0.500
   6    7 1000 420420 1.037820e+00 0.500
   7    0    0    420 1.155692e+00 0.339
   7    1  100  42420 1.051416e+00 0.499
   7    0  200  84420 1.042871e+00 0.499
   7   10  300 126420 1.042658e+00 0.499
   7    1  400 168420 1.038564e+00 0.508
   7    6  500 210420 1.038377e+00 0.508
   7    1  600 252420 1.037990e+00 0.525
   7    0  700 294420 1.037639e+00 0.525
   7   28  800 336420 1.037506e+00 0.525
   7    0  900 378420 1.036764e+00 0.525
   7    1 1000 420420 1.036628e+00 0.525
   8    0    0    420 1.223771e+00 0.373
   8    9  100  42420 1.042951e+00 0.479
   8    7  200  84420 1.042247e+00 0.500
   8   84  300 126420 1.042235e+00 0.509
   8    0  400 168420 1.035924e+00 0.511
   8    6  500 210420 1.015876e+00 0.511
   8    2  600 252420 9.985851e-01 0.511
   8    7  700 294420 9.963998e-01 0.511
   8    8  800 336420 9.933698e-01 0.514
   8   18  900 378420 9.929911e-01 0.514
   8    7 1000 420420 9.926515e-01 0.514
   9    0    0    420 1.217495e+00 0.452
   9    2  100  42420 1.053557e+00 0.478
   9   87  200  84420 1.053307e+00 0.492
   9    2  300 126420 1.041908e+00 0.499
   9    2  400 168420 1.037229e+00 0.499
   9   21  500 210420 1.037183e+00 0.511
   9   12  600 252420 1.036391e+00 0.514
   9   57  700 294420 1.036074e+00 0.514
   9   40  800 336420 1.035751e+00 0.514
   9   19  900 378420 1.033837e+00 0.514
   9    5 1000 420420 1.033707e+00 0.514
  10    0    0    420 1.139495e+00 0.240
  10    4  100  42420 1.042099e+00 0.431
  10   28  200  84420 1.040184e+00 0.524
  10    1  300 126420 1.036025e+00 0.524
  10    5  400 168420 9.967111e-01 0.524
  10    6  500 210420 9.954325e-01 0.526
  10    0  600 252420 9.933028e-01 0.526
  10    8  700 294420 9.908786e-01 0.526
  10   22  800 336420 9.908366e-01 0.526
  10    2  900 378420 9.908361e-01 0.533
  10  102 1000 420420 9.908361e-01 0.533
  11    0    0    420 1.089193e+00 0.393
  11   24  100  42420 1.042523e+00 0.474
  11    0  200  84420 1.041240e+00 0.522
  11   22  300 126420 9.940917e-01 0.533
  11    8  400 168420 9.940228e-01 0.533
  11   35  500 210420 9.933442e-01 0.533
  11   24  600 252420 9.922911e-01 0.533
  11   34  700 294420 9.921049e-01 0.545
  11   12  800 336420 9.918220e-01 0.545
  11    9  900 378420 9.916706e-01 0.545
  11   38 1000 420420 9.915585e-01 0.545
  12    0    0    420 1.472401e+00 0.246
  12    1  100  42420 1.027908e+00 0.527
  12    0  200  84420 1.027281e+00 0.527
  12   37  300 126420 1.025234e+00 0.527
  12   13  400 168420 1.023108e+00 0.527
  12    4  500 210420 1.022791e+00 0.527
  12    5  600 252420 1.021283e+00 0.527
  12    9  700 294420 1.015994e+00 0.527
  12    0  800 336420 9.940499e-01 0.527
  12   22  900 378420 9.928024e-01 0.527
  12   10 1000 420420 9.922744e-01 0.527
  13    0    0    420 1.183680e+00 0.465
  13   13  100  42420 1.042241e+00 0.465
  13    0  200  84420 1.021028e+00 0.472
  13   11  300 126420 9.969015e-01 0.499
  13   62  400 168420 9.966669e-01 0.499
  13    0  500 210420 9.966581e-01 0.513
  13    0  600 252420 9.948803e-01 0.531
  13    2  700 294420 9.943453e-01 0.531
  13    7  800 336420 9.925095e-01 0.531
  13    3  900 378420 9.924554e-01 0.531
  13    9 1000 420420 9.924256e-01 0.531
  14    0    0    420 1.077778e+00 0.325
  14   18  100  42420 1.050728e+00 0.504
  14   39  200  84420 1.048890e+00 0.526
  14   60  300 126420 1.048610e+00 0.526
  14    1  400 168420 1.047871e+00 0.526
  14   18  500 210420 1.045481e+00 0.526
  14    0  600 252420 1.041267e+00 0.526
  14    2  700 294420 1.040259e+00 0.526
  14    7  800 336420 1.038687e+00 0.526
  14    6  900 378420 1.038487e+00 0.526
  14    2 1000 420420 1.038279e+00 0.526
  15    0    0    420 1.180125e+00 0.261
  15   11  100  42420 1.050369e+00 0.463
  15    2  200  84420 1.004921e+00 0.483
  15    0  300 126420 1.003228e+00 0.483
  15    0  400 168420 1.000837e+00 0.524
  15   13  500 210420 9.982773e-01 0.524
  15    4  600 252420 9.945893e-01 0.524
  15   10  700 294420 9.939653e-01 0.536
  15    1  800 336420 9.930330e-01 0.536
  15   21  900 378420 9.921934e-01 0.536
  15   33 1000 420420 9.921720e-01 0.536
  16    0    0    420 1.175264e+00 0.461
  16    7  100  42420 1.068062e+00 0.461
  16   23  200  84420 1.041918e+00 0.507
  16   15  300 126420 1.041834e+00 0.507
  16    7  400 168420 1.041507e+00 0.507
  16   42  500 210420 1.041405e+00 0.507
  16    4  600 252420 1.041217e+00 0.510
  16    5  700 294420 1.041124e+00 0.510
  16    0  800 336420 1.041017e+00 0.510
  16    2  900 378420 1.040615e+00 0.510
  16   19 1000 420420 1.039891e+00 0.510
  17    0    0    420 1.181287e+00 0.355
  17    1  100  42420 1.048751e+00 0.446
  17    7  200  84420 1.048004e+00 0.465
  17    5  300 126420 1.047231e+00 0.465
  17   11  400 168420 1.045158e+00 0.487
  17    2  500 210420 1.042562e+00 0.493
  17    0  600 252420 1.041920e+00 0.493
  17    6  700 294420 1.040985e+00 0.493
  17    3  800 336420 1.039005e+00 0.493
  17    3  900 378420 1.037881e+00 0.493
  17   15 1000 420420 1.037145e+00 0.493
  18    0    0    420 1.179563e+00 0.194
  18    3  100  42420 1.040790e+00 0.491
  18   12  200  84420 1.040520e+00 0.491
  18   12  300 126420 1.040298e+00 0.513
  18   18  400 168420 1.040187e+00 0.523
  18    5  500 210420 1.039037e+00 0.523
  18   11  600 252420 1.038984e+00 0.523
  18    3  700 294420 1.031252e+00 0.523
  18    0  800 336420 1.000248e+00 0.523
  18    3  900 378420 9.938046e-01 0.523
  18    5 1000 420420 9.926250e-01 0.523
  19    0    0    420 1.230962e+00 0.152
  19   19  100  42420 1.060746e+00 0.483
  19    2  200  84420 1.037262e+00 0.486
  19    1  300 126420 1.003744e+00 0.514
  19    1  400 168420 1.000093e+00 0.514
  19   37  500 210420 9.986223e-01 0.535
  19    7  600 252420 9.940077e-01 0.535
  19    1  700 294420 9.927606e-01 0.535
  19    9  800 336420 9.911466e-01 0.535
  19    9  900 378420 9.910128e-01 0.535
  19    5 1000 420420 9.905797e-01 0.535
  20    0    0    420 1.335582e+00 0.283
  20   32  100  42420 1.051450e+00 0.466
  20    9  200  84420 1.043293e+00 0.491
  20    7  300 126420 1.043021e+00 0.504
  20   35  400 168420 1.042701e+00 0.504
  20    1  500 210420 1.039410e+00 0.515
  20    3  600 252420 1.037859e+00 0.515
  20   15  700 294420 1.035017e+00 0.515
  20    6  800 336420 1.033081e+00 0.515
  20    0  900 378420 1.030543e+00 0.515
  20    0 1000 420420 1.027743e+00 0.515
  21    0    0    420 1.162650e+00 0.122
  21   10  100  42420 1.052374e+00 0.461
  21    2  200  84420 1.039042e+00 0.487
  21    4  300 126420 1.037293e+00 0.487
  21   20  400 168420 1.035747e+00 0.496
  21    3  500 210420 1.035575e+00 0.496
  21   13  600 252420 1.035260e+00 0.499
  21    8  700 294420 1.035176e+00 0.500
  21    0  800 336420 1.034929e+00 0.500
  21   12  900 378420 1.034910e+00 0.500
  21    1 1000 420420 1.034720e+00 0.500
  22    0    0    420 1.115051e+00 0.157
  22    0  100  42420 1.042070e+00 0.490
  22   72  200  84420 1.041744e+00 0.490
  22    2  300 126420 1.041535e+00 0.490
  22    0  400 168420 1.036075e+00 0.503
  22   46  500 210420 1.036072e+00 0.503
  22    0  600 252420 1.034246e+00 0.503
  22    1  700 294420 1.032764e+00 0.503
  22    1  800 336420 1.031669e+00 0.503
  22    1  900 378420 1.004264e+00 0.503
  22    2 1000 420420 9.929985e-01 0.521
  23    0    0    420 1.295797e+00 0.393
  23   10  100  42420 1.039442e+00 0.450
  23    1  200  84420 1.039043e+00 0.487
  23   31  300 126420 1.038935e+00 0.487
  23    2  400 168420 1.038824e+00 0.487
  23    6  500 210420 1.038615e+00 0.487
  23    1  600 252420 1.029124e+00 0.511
  23    6  700 294420 1.002713e+00 0.511
  23   14  800 336420 9.937312e-01 0.511
  23   33  900 378420 9.931329e-01 0.513
  23    1 1000 420420 9.930995e-01 0.513
  24    0    0    420 1.395311e+00 0.435
  24    1  100  42420 1.039589e+00 0.512
  24   22  200  84420 1.039325e+00 0.512
  24    6  300 126420 1.038771e+00 0.527
  24    2  400 168420 1.036323e+00 0.527
  24    5  500 210420 1.012523e+00 0.530
  24    3  600 252420 9.933190e-01 0.530
  24   28  700 294420 9.925505e-01 0.530
  24   19  800 336420 9.924822e-01 0.530
  24   15  900 378420 9.924762e-01 0.535
  24    8 1000 420420 9.924323e-01 0.535
  25    0    0    420 1.269408e+00 0.249
  25   14  100  42420 1.031451e+00 0.477
  25    5  200  84420 1.031106e+00 0.477
  25    1  300 126420 1.027228e+00 0.488
  25    1  400 168420 1.023288e+00 0.488
  25   10  500 210420 1.022142e+00 0.542
  25    6  600 252420 1.020824e+00 0.542
  25    2  700 294420 9.963301e-01 0.542
  25    2  800 336420 9.928463e-01 0.542
  25   32  900 378420 9.922751e-01 0.542
  25    8 1000 420420 9.921216e-01 0.542
  26    0    0    420 1.075370e+00 0.214
  26    1  100  42420 1.036545e+00 0.447
  26   11  200  84420 1.031365e+00 0.451
  26   19  300 126420 1.028797e+00 0.513
  26   14  400 168420 1.027668e+00 0.513
  26   16  500 210420 1.027566e+00 0.535
  26    1  600 252420 1.025933e+00 0.535
  26    0  700 294420 1.006798e+00 0.535
  26    1  800 336420 9.937197e-01 0.535
  26    6  900 378420 9.926749e-01 0.535
  26    2 1000 420420 9.925509e-01 0.535
  27    0    0    420 1.182306e+00 0.495
  27   36  100  42420 1.048011e+00 0.495
  27    7  200  84420 1.043698e+00 0.499
  27    1  300 126420 1.039194e+00 0.499
  27   34  400 168420 1.028152e+00 0.499
  27    1  500 210420 1.027816e+00 0.499
  27   14  600 252420 1.027139e+00 0.499
  27   16  700 294420 1.026050e+00 0.512
  27    0  800 336420 1.000564e+00 0.512
  27   11  900 378420 9.936241e-01 0.512
  27   32 1000 420420 9.932853e-01 0.516
  28    0    0    420 1.255383e+00 0.325
  28   22  100  42420 1.061648e+00 0.463
  28   11  200  84420 1.054402e+00 0.493
  28    2  300 126420 1.035856e+00 0.493
  28    1  400 168420 1.034807e+00 0.493
  28    1  500 210420 1.024145e+00 0.509
  28    3  600 252420 9.929573e-01 0.509
  28    4  700 294420 9.922564e-01 0.509
  28    7  800 336420 9.917383e-01 0.523
  28    2  900 378420 9.911900e-01 0.523
  28   21 1000 420420 9.911271e-01 0.523
  29    0    0    420 1.604399e+00 0.235
  29   30  100  42420 1.057544e+00 0.486
  29   16  200  84420 1.041114e+00 0.486
  29   16  300 126420 1.027628e+00 0.489
  29    2  400 168420 1.007378e+00 0.505
  29    0  500 210420 1.002335e+00 0.505
  29   11  600 252420 1.001938e+00 0.505
  29    4  700 294420 9.951609e-01 0.505
  29    3  800 336420 9.913317e-01 0.520
  29    2  900 378420 9.908456e-01 0.522
  29    6 1000 420420 9.906051e-01 0.522
