   0    0    0    420 1.142412e+01 0.518
   0    9  100  42420 1.466210e+00 0.536
   0   16  200  84420 1.257813e+00 0.536
   0    2  300 126420 1.038822e+00 0.543
   0   10  400 168420 1.033970e+00 0.543
   0    8  500 210420 1.026837e+00 0.543
   0   63  600 252420 1.026433e+00 0.543
   0   30  700 294420 1.026303e+00 0.543
   0    8  800 336420 1.025269e+00 0.543
   0    6  900 378420 1.015298e+00 0.543
   0   16 1000 420420 1.013581e+00 0.543
   1    0    0    420 4.270400e+00 0.517
   1   12  100  42420 1.628428e+00 0.534
   1    6  200  84420 1.155963e+00 0.534
   1   12  300 126420 1.155224e+00 0.534
   1   54  400 168420 1.153993e+00 0.534
   1   21  500 210420 1.043335e+00 0.534
   1    1  600 252420 1.040578e+00 0.534
   1    8  700 294420 1.039073e+00 0.534
   1    1  800 336420 1.038502e+00 0.534
   1   10  900 378420 1.027076e+00 0.534
   1    0 1000 420420 1.016214e+00 0.534
   2    0    0    420 3.178137e+00 0.518
   2    6  100  42420 1.980247e+00 0.518
   2    0  200  84420 1.467084e+00 0.518
   2   28  300 126420 1.451762e+00 0.518
   2    0  400 168420 1.451741e+00 0.518
   2  100  500 210420 1.451741e+00 0.518
   2   16  600 252420 1.427906e+00 0.518
   2    5  700 294420 1.177498e+00 0.518
   2   35  800 336420 1.113029e+00 0.518
   2    0  900 378420 1.074886e+00 0.518
   2   10 1000 420420 1.028073e+00 0.518
   3    0    0    420 3.668073e+01 0.522
   3   13  100  42420 1.181187e+00 0.532
   3   17  200  84420 1.152318e+00 0.532
   3   33  300 126420 1.152312e+00 0.532
   3    9  400 168420 1.152312e+00 0.532
   3    1  500 210420 1.137386e+00 0.532
   3    5  600 252420 1.133643e+00 0.532
   3   42  700 294420 1.133634e+00 0.532
   3    0  800 336420 1.111407e+00 0.532
   3    5  900 378420 1.060083e+00 0.532
   3    0 1000 420420 1.026961e+00 0.532
   4    0    0    420 8.629379e+00 0.519
   4    2  100  42420 1.585256e+00 0.519
   4    1  200  84420 1.258860e+00 0.519
   4    0  300 126420 1.195323e+00 0.519
   4    3  400 168420 1.058086e+00 0.519
   4    2  500 210420 1.032986e+00 0.519
   4   17  600 252420 1.018063e+00 0.519
   4    3  700 294420 1.017573e+00 0.519
   4   16  800 336420 1.017126e+00 0.519
   4   22  900 378420 1.016801e+00 0.519
   4   13 1000 420420 1.016333e+00 0.519
   5    0    0    420 3.841411e+00 0.517
   5    1  100  42420 1.393745e+00 0.531
   5    7  200  84420 1.272549e+00 0.535
   5    6  300 126420 1.247234e+00 0.535
   5    5  400 168420 1.239651e+00 0.535
   5  105  500 210420 1.239651e+00 0.536
   5   72  600 252420 1.239648e+00 0.536
   5    5  700 294420 1.204553e+00 0.536
   5    7  800 336420 1.145947e+00 0.536
   5    4  900 378420 1.029547e+00 0.536
   5   50 1000 420420 1.002676e+00 0.536
   6    0    0    420 1.135230e+01 0.514
   6   16  100  42420 2.539576e+00 0.532
   6    1  200  84420 2.110401e+00 0.532
   6    8  300 126420 1.978974e+00 0.532
   6    9  400 168420 1.140025e+00 0.532
   6    9  500 210420 1.120402e+00 0.532
   6   20  600 252420 1.120351e+00 0.532
   6    1  700 294420 1.109387e+00 0.532
   6   16  800 336420 1.109386e+00 0.532
   6    2  900 378420 1.083665e+00 0.532
   6   12 1000 420420 1.075163e+00 0.532
   7    0    0    420 1.113489e+01 0.516
   7    7  100  42420 1.878285e+00 0.524
   7    5  200  84420 1.853727e+00 0.524
   7   28  300 126420 1.026616e+00 0.524
   7   10  400 168420 1.026541e+00 0.524
   7   12  500 210420 1.026341e+00 0.524
   7   17  600 252420 1.026287e+00 0.524
   7   31  700 294420 1.023123e+00 0.524
   7   13  800 336420 1.022823e+00 0.524
   7    3  900 378420 1.022620e+00 0.524
   7    1 1000 420420 1.016089e+00 0.524
   8    0    0    420 5.780941e+00 0.523
   8    7  100  42420 1.022341e+00 0.537
   8    7  200  84420 1.015284e+00 0.541
   8   33  300 126420 1.013669e+00 0.541
   8  133  400 168420 1.013669e+00 0.541
   8  233  500 210420 1.013669e+00 0.541
   8   23  600 252420 1.008719e+00 0.541
   8    3  700 294420 1.007126e+00 0.541
   8   16  800 336420 1.000396e+00 0.541
   8   28  900 378420 9.992516e-01 0.541
   8   34 1000 420420 9.981906e-01 0.541
   9    0    0    420 8.286774e+00 0.521
   9   16  100  42420 1.857443e+00 0.536
   9   28  200  84420 1.853293e+00 0.536
   9    4  300 126420 1.837088e+00 0.536
   9    1  400 168420 1.042762e+00 0.536
   9   19  500 210420 1.038910e+00 0.536
   9    8  600 252420 1.037072e+00 0.536
   9   11  700 294420 1.037042e+00 0.536
   9    3  800 336420 1.037041e+00 0.536
   9   20  900 378420 1.023790e+00 0.536
   9    7 1000 420420 1.017556e+00 0.536
  10    0    0    420 9.182493e+00 0.512
  10   26  100  42420 2.150066e+00 0.521
  10    3  200  84420 2.078180e+00 0.521
  10    3  300 126420 2.003890e+00 0.521
  10    0  400 168420 1.459114e+00 0.521
  10    4  500 210420 1.121900e+00 0.521
  10    8  600 252420 1.109106e+00 0.521
  10   29  700 294420 1.107369e+00 0.521
  10    1  800 336420 1.101148e+00 0.521
  10    3  900 378420 1.061830e+00 0.521
  10    0 1000 420420 1.043878e+00 0.521
  11    0    0    420 5.456803e+00 0.518
  11    0  100  42420 1.295102e+00 0.526
  11   44  200  84420 1.294309e+00 0.527
  11    5  300 126420 1.134498e+00 0.529
  11   23  400 168420 1.076796e+00 0.537
  11   27  500 210420 1.074418e+00 0.537
  11   15  600 252420 1.060388e+00 0.537
  11   13  700 294420 1.006801e+00 0.537
  11   16  800 336420 1.002653e+00 0.541
  11    2  900 378420 9.973131e-01 0.541
  11    4 1000 420420 9.970687e-01 0.541
  12    0    0    420 9.627070e+00 0.519
  12   21  100  42420 1.108586e+00 0.536
  12   50  200  84420 1.095544e+00 0.536
  12   27  300 126420 1.094587e+00 0.537
  12    1  400 168420 1.059177e+00 0.537
  12   16  500 210420 1.015226e+00 0.537
  12   49  600 252420 1.010981e+00 0.537
  12    4  700 294420 1.005211e+00 0.537
  12   89  800 336420 1.005117e+00 0.538
  12   27  900 378420 1.003251e+00 0.538
  12   16 1000 420420 1.003243e+00 0.538
  13    0    0    420 5.858285e+00 0.517
  13   38  100  42420 1.106415e+00 0.533
  13   19  200  84420 1.104224e+00 0.533
  13    2  300 126420 1.094200e+00 0.533
  13   26  400 168420 1.073358e+00 0.533
  13    0  500 210420 1.066416e+00 0.533
  13    7  600 252420 1.064201e+00 0.533
  13    0  700 294420 1.048237e+00 0.533
  13    7  800 336420 1.048089e+00 0.533
  13   19  900 378420 1.038766e+00 0.533
  13    0 1000 420420 1.019656e+00 0.533
  14    0    0    420 1.404414e+01 0.518
  14    0  100  42420 2.103270e+00 0.521
  14   23  200  84420 1.798708e+00 0.521
  14    1  300 126420 1.795209e+00 0.521
  14    7  400 168420 1.669830e+00 0.521
  14    6  500 210420 1.669814e+00 0.521
  14   17  600 252420 1.279370e+00 0.521
  14    7  700 294420 1.183034e+00 0.521
  14    8  800 336420 1.058013e+00 0.521
  14    1  900 378420 1.039445e+00 0.521
  14   55 1000 420420 1.038250e+00 0.521
  15    0    0    420 1.089712e+01 0.517
  15   16  100  42420 2.229867e+00 0.521
  15   10  200  84420 1.039103e+00 0.521
  15    8  300 126420 1.039017e+00 0.521
  15    1  400 168420 1.022614e+00 0.521
  15    0  500 210420 1.021337e+00 0.521
  15   51  600 252420 1.021201e+00 0.521
  15    2  700 294420 1.020906e+00 0.521
  15   23  800 336420 1.018225e+00 0.521
  15   61  900 378420 1.018225e+00 0.521
  15   94 1000 420420 1.018206e+00 0.521
  16    0    0    420 9.667696e+00 0.517
  16    2  100  42420 2.039909e+00 0.537
  16    6  200  84420 1.966382e+00 0.537
  16   28  300 126420 1.966279e+00 0.537
  16    0  400 168420 1.634998e+00 0.537
  16    1  500 210420 1.052593e+00 0.537
  16    4  600 252420 1.039571e+00 0.537
  16    3  700 294420 1.017582e+00 0.537
  16    3  800 336420 1.017132e+00 0.537
  16   12  900 378420 1.016988e+00 0.537
  16   65 1000 420420 1.016988e+00 0.537
  17    0    0    420 7.094495e+00 0.514
  17    3  100  42420 1.412193e+00 0.530
  17    0  200  84420 1.370499e+00 0.538
  17    4  300 126420 1.195118e+00 0.538
  17   13  400 168420 1.185706e+00 0.538
  17    3  500 210420 1.038121e+00 0.538
  17   31  600 252420 1.032900e+00 0.538
  17    5  700 294420 1.020809e+00 0.538
  17    1  800 336420 1.015812e+00 0.542
  17   12  900 378420 1.011341e+00 0.542
  17    1 1000 420420 1.003603e+00 0.542
  18    0    0    420 1.228973e+01 0.521
  18   47  100  42420 1.889516e+00 0.534
  18   35  200  84420 1.889215e+00 0.534
  18   23  300 126420 1.463699e+00 0.534
  18    5  400 168420 1.405160e+00 0.534
  18    0  500 210420 1.194274e+00 0.534
  18    2  600 252420 1.149198e+00 0.534
  18    3  700 294420 1.027332e+00 0.534
  18    2  800 336420 1.021757e+00 0.534
  18   10  900 378420 1.021649e+00 0.534
  18   20 1000 420420 1.021510e+00 0.534
  19    0    0    420 3.745331e+00 0.518
  19    5  100  42420 1.998308e+00 0.532
  19    6  200  84420 1.857336e+00 0.532
  19    2  300 126420 1.837986e+00 0.532
  19    4  400 168420 1.834890e+00 0.532
  19    1  500 210420 1.745951e+00 0.532
  19   47  600 252420 1.745795e+00 0.532
  19    3  700 294420 1.745759e+00 0.532
  19    9  800 336420 1.736695e+00 0.532
  19    7  900 378420 1.736360e+00 0.532
  19    5 1000 420420 1.708473e+00 0.532
  20    0    0    420 8.724255e+00 0.523
  20    1  100  42420 1.520117e+00 0.533
  20    6  200  84420 1.128075e+00 0.533
  20   12  300 126420 1.087652e+00 0.533
  20    5  400 168420 1.061132e+00 0.533
  20   93  500 210420 1.060909e+00 0.533
  20   19  600 252420 1.038083e+00 0.533
  20    7  700 294420 1.031786e+00 0.533
  20   21  800 336420 1.027960e+00 0.533
  20   24  900 378420 1.024849e+00 0.533
  20    5 1000 420420 1.024537e+00 0.533
  21    0    0    420 2.392986e+00 0.513
  21   14  100  42420 1.035448e+00 0.521
  21   71  200  84420 1.035446e+00 0.521
  21   19  300 126420 1.030649e+00 0.521
  21  119  400 168420 1.030649e+00 0.521
  21   32  500 210420 1.030642e+00 0.521
  21   27  600 252420 1.030623e+00 0.521
  21    0  700 294420 1.016815e+00 0.521
  21    5  800 336420 1.016160e+00 0.521
  21    2  900 378420 1.015819e+00 0.521
  21    9 1000 420420 1.015452e+00 0.521
  22    0    0    420 8.206853e+00 0.520
  22   60  100  42420 1.100881e+00 0.535
  22   32  200  84420 1.094928e+00 0.535
  22   13  300 126420 1.079404e+00 0.538
  22   11  400 168420 1.070793e+00 0.538
  22    0  500 210420 1.058804e+00 0.538
  22    1  600 252420 1.036969e+00 0.538
  22    5  700 294420 1.026422e+00 0.538
  22    4  800 336420 1.005782e+00 0.538
  22   10  900 378420 1.005457e+00 0.538
  22    7 1000 420420 1.004691e+00 0.538
  23    0    0    420 5.028517e+00 0.518
  23    2  100  42420 1.579200e+00 0.528
  23    6  200  84420 1.027422e+00 0.528
  23    3  300 126420 1.023370e+00 0.528
  23   38  400 168420 1.020578e+00 0.528
  23    2  500 210420 1.020568e+00 0.528
  23    6  600 252420 1.020464e+00 0.528
  23   97  700 294420 1.020461e+00 0.528
  23   98  800 336420 1.020461e+00 0.528
  23  198  900 378420 1.020461e+00 0.528
  23   82 1000 420420 1.020460e+00 0.528
  24    0    0    420 7.461882e+00 0.518
  24    4  100  42420 1.082302e+00 0.532
  24   16  200  84420 1.065552e+00 0.532
  24   12  300 126420 1.061931e+00 0.532
  24   30  400 168420 1.060867e+00 0.532
  24   23  500 210420 1.058580e+00 0.532
  24    5  600 252420 1.050601e+00 0.532
  24    1  700 294420 1.042451e+00 0.532
  24    0  800 336420 1.029370e+00 0.532
  24   32  900 378420 1.022235e+00 0.532
  24    9 1000 420420 1.016426e+00 0.532
  25    0    0    420 2.443552e+00 0.524
  25   42  100  42420 2.018853e+00 0.526
  25    0  200  84420 1.411103e+00 0.526
  25    2  300 126420 1.114041e+00 0.526
  25   25  400 168420 1.113363e+00 0.526
  25    1  500 210420 1.096362e+00 0.526
  25   36  600 252420 1.095991e+00 0.526
  25    3  700 294420 1.094409e+00 0.526
  25   15  800 336420 1.093121e+00 0.526
  25    0  900 378420 1.074641e+00 0.526
  25    1 1000 420420 1.062120e+00 0.526
  26    0    0    420 9.261434e+00 0.514
  26    0  100  42420 1.994912e+00 0.517
  26   11  200  84420 1.437400e+00 0.517
  26    0  300 126420 1.286649e+00 0.517
  26    9  400 168420 1.104362e+00 0.517
  26    0  500 210420 1.051944e+00 0.517
  26    2  600 252420 1.049501e+00 0.517
  26    0  700 294420 1.033809e+00 0.517
  26    0  800 336420 1.025750e+00 0.517
  26   15  900 378420 1.021758e+00 0.517
  26   18 1000 420420 1.021240e+00 0.517
  27    0    0    420 1.074172e+01 0.518
  27    6  100  42420 1.224385e+00 0.528
  27    8  200  84420 1.176846e+00 0.529
  27   88  300 126420 1.176813e+00 0.529
  27   14  400 168420 1.076302e+00 0.538
  27   10  500 210420 1.027553e+00 0.538
  27   32  600 252420 1.027504e+00 0.538
  27    6  700 294420 1.022204e+00 0.538
  27   22  800 336420 1.016630e+00 0.538
  27    2  900 378420 1.005086e+00 0.538
  27    1 1000 420420 1.001086e+00 0.538
  28    0    0    420 2.584781e+01 0.518
  28    8  100  42420 2.024363e+00 0.527
  28   24  200  84420 1.380929e+00 0.541
  28    5  300 126420 1.374220e+00 0.541
  28    6  400 168420 1.369309e+00 0.541
  28    3  500 210420 1.197081e+00 0.541
  28    9  600 252420 1.129538e+00 0.541
  28   29  700 294420 1.127330e+00 0.541
  28   12  800 336420 1.117549e+00 0.541
  28    3  900 378420 1.097450e+00 0.541
  28   12 1000 420420 1.030013e+00 0.541
  29    0    0    420 7.667536e+00 0.522
  29    9  100  42420 2.018634e+00 0.522
  29   13  200  84420 1.423815e+00 0.525
  29    5  300 126420 1.421699e+00 0.525
  29   14  400 168420 1.411162e+00 0.525
  29    8  500 210420 1.036325e+00 0.525
  29    0  600 252420 1.027525e+00 0.525
  29   17  700 294420 1.023942e+00 0.525
  29   25  800 336420 1.022519e+00 0.525
  29   63  900 378420 1.022515e+00 0.525
  29   35 1000 420420 1.022400e+00 0.525
