   0    0    0   1540 2.693129e+01 0.653
   0    6  100 155540 6.999209e+00 0.920
   0    1  200 309540 6.905008e+00 0.920
   0    2  300 463540 6.855858e+00 0.920
   0    6  400 617540 6.821974e+00 0.920
   0    3  500 771540 6.773136e+00 0.920
   0   13  600 925540 5.238918e+00 0.920
   0    1  700 1079540 5.096123e+00 0.920
   0    1  800 1233540 4.982176e+00 0.920
   0    0  900 1387540 4.929966e+00 0.920
   0    1 1000 1541540 4.609704e+00 0.920
   1    0    0   1540 1.621425e+01 0.624
   1   15  100 155540 4.968456e+00 0.813
   1    0  200 309540 4.865652e+00 0.813
   1    4  300 463540 4.857931e+00 0.813
   1    5  400 617540 4.809822e+00 0.813
   1    0  500 771540 4.765655e+00 0.839
   1    0  600 925540 4.749109e+00 0.839
   1    4  700 1079540 4.737411e+00 0.839
   1    4  800 1233540 4.630169e+00 0.839
   1   10  900 1387540 4.601803e+00 0.839
   1    1 1000 1541540 4.573624e+00 0.839
   2    0    0   1540 1.186417e+01 0.618
   2    0  100 155540 6.264082e+00 0.776
   2    1  200 309540 5.971049e+00 0.776
   2   18  300 463540 5.898038e+00 0.813
   2    5  400 617540 3.782207e+00 0.813
   2    1  500 771540 3.751875e+00 0.813
   2    2  600 925540 3.461682e+00 0.813
   2    2  700 1079540 3.457807e+00 0.821
   2    1  800 1233540 3.450297e+00 0.821
   2   87  900 1387540 3.449147e+00 0.910
   2    5 1000 1541540 3.448896e+00 0.910
   3    0    0   1540 1.620750e+01 0.576
   3    3  100 155540 4.965145e+00 0.767
   3    1  200 309540 4.930081e+00 0.856
   3    9  300 463540 4.908344e+00 0.864
   3    0  400 617540 4.901800e+00 0.864
   3    0  500 771540 4.853891e+00 0.864
   3   14  600 925540 4.826361e+00 0.912
   3    0  700 1079540 4.739535e+00 0.912
   3    2  800 1233540 4.619327e+00 0.912
   3   19  900 1387540 4.612857e+00 0.912
   3    7 1000 1541540 4.606568e+00 0.912
   4    0    0   1540 1.365998e+01 0.632
   4    3  100 155540 4.382870e+00 0.817
   4   19  200 309540 4.370809e+00 0.905
   4    1  300 463540 4.353023e+00 0.905
   4   20  400 617540 4.333777e+00 0.905
   4    5  500 771540 4.328778e+00 0.905
   4   52  600 925540 4.327277e+00 0.905
   4    9  700 1079540 4.325789e+00 0.905
   4   35  800 1233540 4.324875e+00 0.905
   4    1  900 1387540 4.324742e+00 0.905
   4   87 1000 1541540 4.324591e+00 0.909
   5    0    0   1540 1.395210e+01 0.400
   5    0  100 155540 5.902703e+00 0.884
   5    0  200 309540 5.876839e+00 0.884
   5    8  300 463540 5.872081e+00 0.884
   5   12  400 617540 5.139297e+00 0.884
   5   41  500 771540 5.063063e+00 0.884
   5   10  600 925540 5.057284e+00 0.884
   5    1  700 1079540 5.036636e+00 0.884
   5    5  800 1233540 5.017937e+00 0.926
   5    5  900 1387540 5.001239e+00 0.926
   5    3 1000 1541540 4.862622e+00 0.926
   6    0    0   1540 1.670242e+01 0.652
   6    5  100 155540 5.163766e+00 0.834
   6   12  200 309540 4.560221e+00 0.834
   6   18  300 463540 4.548020e+00 0.834
   6    5  400 617540 4.544919e+00 0.843
   6    3  500 771540 4.544008e+00 0.860
   6   24  600 925540 4.537090e+00 0.905
   6    0  700 1079540 4.529291e+00 0.905
   6    1  800 1233540 4.415745e+00 0.905
   6    0  900 1387540 4.407526e+00 0.905
   6    1 1000 1541540 4.385137e+00 0.905
   7    0    0   1540 1.583567e+01 0.776
   7   11  100 155540 5.980598e+00 0.826
   7    0  200 309540 5.672486e+00 0.870
   7    1  300 463540 5.646907e+00 0.898
   7   68  400 617540 5.646034e+00 0.898
   7   10  500 771540 5.210687e+00 0.898
   7    0  600 925540 3.604880e+00 0.898
   7    3  700 1079540 3.512556e+00 0.898
   7    4  800 1233540 3.473207e+00 0.898
   7   14  900 1387540 3.462080e+00 0.898
   7    3 1000 1541540 3.461093e+00 0.898
   8    0    0   1540 1.553986e+01 0.637
   8    7  100 155540 4.547562e+00 0.825
   8   35  200 309540 4.321594e+00 0.825
   8    5  300 463540 4.320776e+00 0.838
   8    1  400 617540 4.290493e+00 0.838
   8    2  500 771540 4.287853e+00 0.838
   8    5  600 925540 4.272929e+00 0.874
   8    9  700 1079540 4.270970e+00 0.874
   8    0  800 1233540 4.268145e+00 0.874
   8    4  900 1387540 4.267257e+00 0.874
   8    3 1000 1541540 4.266913e+00 0.874
   9    0    0   1540 1.515959e+01 0.534
   9    1  100 155540 5.542638e+00 0.887
   9    7  200 309540 4.943651e+00 0.890
   9   16  300 463540 4.790685e+00 0.913
   9   29  400 617540 4.784004e+00 0.913
   9    0  500 771540 4.778526e+00 0.913
   9    4  600 925540 4.736653e+00 0.913
   9   25  700 1079540 4.727682e+00 0.913
   9    2  800 1233540 4.721762e+00 0.913
   9    2  900 1387540 4.716562e+00 0.913
   9    0 1000 1541540 4.679855e+00 0.913
  10    0    0   1540 1.571444e+01 0.729
  10    2  100 155540 5.916247e+00 0.877
  10    3  200 309540 5.864340e+00 0.877
  10    7  300 463540 5.844505e+00 0.877
  10   34  400 617540 5.843990e+00 0.877
  10    1  500 771540 5.156274e+00 0.877
  10    3  600 925540 4.717794e+00 0.877
  10    3  700 1079540 4.689599e+00 0.877
  10    1  800 1233540 4.673342e+00 0.877
  10    0  900 1387540 4.614196e+00 0.877
  10    0 1000 1541540 4.537045e+00 0.877
  11    0    0   1540 1.626193e+01 0.550
  11    8  100 155540 4.877372e+00 0.823
  11    5  200 309540 4.799008e+00 0.827
  11    0  300 463540 4.730509e+00 0.827
  11   21  400 617540 4.725760e+00 0.857
  11   18  500 771540 4.710496e+00 0.890
  11   15  600 925540 4.700925e+00 0.890
  11   14  700 1079540 4.659263e+00 0.911
  11    9  800 1233540 4.655422e+00 0.911
  11    5  900 1387540 4.647315e+00 0.911
  11    3 1000 1541540 4.577063e+00 0.911
  12    0    0   1540 2.250058e+01 0.579
  12    0  100 155540 6.984470e+00 0.782
  12   16  200 309540 6.299748e+00 0.839
  12    1  300 463540 6.203355e+00 0.877
  12    1  400 617540 6.122925e+00 0.877
  12    0  500 771540 6.104613e+00 0.877
  12   15  600 925540 6.088857e+00 0.887
  12    5  700 1079540 5.953204e+00 0.887
  12    0  800 1233540 5.545299e+00 0.887
  12    0  900 1387540 4.487475e+00 0.887
  12    5 1000 1541540 4.454870e+00 0.887
  13    0    0   1540 1.228275e+01 0.480
  13    2  100 155540 5.371962e+00 0.779
  13    8  200 309540 5.221988e+00 0.853
  13    5  300 463540 5.169767e+00 0.853
  13    0  400 617540 5.141989e+00 0.867
  13    1  500 771540 5.138748e+00 0.867
  13   22  600 925540 5.137718e+00 0.867
  13    1  700 1079540 5.066023e+00 0.867
  13    0  800 1233540 5.037395e+00 0.888
  13    0  900 1387540 5.010314e+00 0.888
  13    0 1000 1541540 4.813964e+00 0.888
  14    0    0   1540 2.827934e+01 0.611
  14    3  100 155540 6.008345e+00 0.840
  14    4  200 309540 5.541105e+00 0.846
  14    7  300 463540 5.523513e+00 0.910
  14    4  400 617540 5.499897e+00 0.910
  14   17  500 771540 5.493874e+00 0.910
  14    5  600 925540 5.479014e+00 0.910
  14    9  700 1079540 5.456532e+00 0.910
  14    3  800 1233540 3.866154e+00 0.910
  14    1  900 1387540 3.683416e+00 0.910
  14    0 1000 1541540 3.652536e+00 0.910
  15    0    0   1540 1.682177e+01 0.595
  15    4  100 155540 5.506917e+00 0.847
  15    5  200 309540 5.134085e+00 0.914
  15    9  300 463540 5.103397e+00 0.914
  15   18  400 617540 5.089982e+00 0.914
  15    2  500 771540 4.912040e+00 0.914
  15    1  600 925540 4.821061e+00 0.914
  15   37  700 1079540 4.799918e+00 0.914
  15    3  800 1233540 4.781245e+00 0.914
  15    5  900 1387540 4.773878e+00 0.914
  15    3 1000 1541540 4.707685e+00 0.914
  16    0    0   1540 1.266324e+01 0.606
  16    3  100 155540 5.903743e+00 0.785
  16    4  200 309540 5.626845e+00 0.877
  16    1  300 463540 5.094577e+00 0.877
  16   13  400 617540 4.643469e+00 0.877
  16    0  500 771540 4.639270e+00 0.913
  16   10  600 925540 4.601049e+00 0.913
  16    5  700 1079540 4.598414e+00 0.913
  16   54  800 1233540 4.597780e+00 0.913
  16   37  900 1387540 4.597603e+00 0.913
  16    1 1000 1541540 4.597361e+00 0.913
  17    0    0   1540 1.567453e+01 0.642
  17    5  100 155540 6.299084e+00 0.828
  17    9  200 309540 6.250473e+00 0.828
  17   10  300 463540 6.246701e+00 0.828
  17   10  400 617540 4.771612e+00 0.828
  17    0  500 771540 4.744062e+00 0.828
  17    4  600 925540 4.719202e+00 0.828
  17    2  700 1079540 4.582998e+00 0.867
  17    1  800 1233540 4.575123e+00 0.867
  17    1  900 1387540 4.527576e+00 0.867
  17    2 1000 1541540 4.482364e+00 0.867
  18    0    0   1540 2.844105e+01 0.812
  18    6  100 155540 7.320434e+00 0.812
  18    0  200 309540 5.072501e+00 0.812
  18    3  300 463540 4.791805e+00 0.812
  18    4  400 617540 4.760733e+00 0.812
  18    8  500 771540 4.753550e+00 0.812
  18    2  600 925540 4.750264e+00 0.853
  18    3  700 1079540 4.746968e+00 0.882
  18    2  800 1233540 4.726526e+00 0.882
  18    3  900 1387540 4.716351e+00 0.888
  18    3 1000 1541540 4.701584e+00 0.888
  19    0    0   1540 1.544995e+01 0.637
  19   10  100 155540 5.490298e+00 0.659
  19    2  200 309540 4.421579e+00 0.739
  19    5  300 463540 4.355615e+00 0.896
  19    0  400 617540 4.325289e+00 0.896
  19   48  500 771540 4.289758e+00 0.896
  19    7  600 925540 4.283940e+00 0.896
  19    0  700 1079540 4.274399e+00 0.896
  19    3  800 1233540 4.272203e+00 0.896
  19    9  900 1387540 4.269734e+00 0.896
  19    5 1000 1541540 4.268311e+00 0.896
  20    0    0   1540 1.546978e+01 0.560
  20    6  100 155540 6.229258e+00 0.834
  20   30  200 309540 6.156326e+00 0.862
  20   46  300 463540 6.155259e+00 0.892
  20    2  400 617540 5.691398e+00 0.892
  20    0  500 771540 5.442116e+00 0.892
  20   12  600 925540 5.428501e+00 0.897
  20    7  700 1079540 5.347076e+00 0.897
  20    1  800 1233540 5.308251e+00 0.897
  20    4  900 1387540 5.303853e+00 0.905
  20    1 1000 1541540 5.250243e+00 0.905
  21    0    0   1540 1.193466e+01 0.633
  21    4  100 155540 4.953612e+00 0.874
  21    6  200 309540 4.746703e+00 0.874
  21    2  300 463540 4.699154e+00 0.875
  21   14  400 617540 4.677040e+00 0.889
  21   10  500 771540 4.674142e+00 0.889
  21   17  600 925540 4.654619e+00 0.889
  21    0  700 1079540 4.639861e+00 0.889
  21    4  800 1233540 4.635022e+00 0.911
  21    2  900 1387540 4.603429e+00 0.911
  21    0 1000 1541540 4.548099e+00 0.911
  22    0    0   1540 1.500455e+01 0.596
  22    2  100 155540 5.269218e+00 0.752
  22    7  200 309540 4.645744e+00 0.809
  22   14  300 463540 4.579539e+00 0.809
  22   14  400 617540 4.539470e+00 0.821
  22   11  500 771540 4.529467e+00 0.841
  22    9  600 925540 4.524699e+00 0.841
  22    0  700 1079540 4.518045e+00 0.841
  22    1  800 1233540 4.512092e+00 0.841
  22    0  900 1387540 4.495025e+00 0.841
  22    1 1000 1541540 4.474636e+00 0.905
  23    0    0   1540 1.431172e+01 0.552
  23    4  100 155540 6.076721e+00 0.769
  23    0  200 309540 5.855950e+00 0.816
  23   20  300 463540 5.839637e+00 0.875
  23    5  400 617540 5.836654e+00 0.875
  23    6  500 771540 5.834262e+00 0.875
  23   32  600 925540 5.834004e+00 0.875
  23   42  700 1079540 5.832671e+00 0.875
  23    0  800 1233540 5.822334e+00 0.875
  23    5  900 1387540 5.821199e+00 0.875
  23    5 1000 1541540 5.801724e+00 0.875
  24    0    0   1540 1.407955e+01 0.516
  24    0  100 155540 5.125987e+00 0.812
  24   54  200 309540 5.041136e+00 0.854
  24    3  300 463540 5.014759e+00 0.854
  24    6  400 617540 5.014486e+00 0.898
  24    8  500 771540 4.999661e+00 0.898
  24   15  600 925540 4.996654e+00 0.898
  24   10  700 1079540 4.994231e+00 0.898
  24    1  800 1233540 4.986700e+00 0.899
  24    5  900 1387540 4.941172e+00 0.899
  24   23 1000 1541540 4.939178e+00 0.906
  25    0    0   1540 1.575774e+01 0.552
  25    2  100 155540 7.192732e+00 0.738
  25    8  200 309540 6.319914e+00 0.765
  25   25  300 463540 6.307379e+00 0.775
  25    0  400 617540 6.042078e+00 0.883
  25    0  500 771540 4.931166e+00 0.888
  25   12  600 925540 4.833000e+00 0.888
  25    2  700 1079540 4.618670e+00 0.903
  25   65  800 1233540 4.600045e+00 0.903
  25    0  900 1387540 4.599503e+00 0.903
  25   42 1000 1541540 4.599499e+00 0.903
  26    0    0   1540 1.564204e+01 0.391
  26    4  100 155540 7.229312e+00 0.821
  26    4  200 309540 7.204647e+00 0.821
  26   34  300 463540 7.198684e+00 0.884
  26   16  400 617540 7.151684e+00 0.884
  26    3  500 771540 7.119344e+00 0.884
  26    3  600 925540 7.117337e+00 0.887
  26   28  700 1079540 7.115386e+00 0.887
  26    5  800 1233540 7.073258e+00 0.887
  26   12  900 1387540 7.069521e+00 0.887
  26    2 1000 1541540 6.999993e+00 0.887
  27    0    0   1540 1.702980e+01 0.647
  27    0  100 155540 5.704986e+00 0.791
  27    3  200 309540 5.512287e+00 0.825
  27    0  300 463540 5.463812e+00 0.825
  27    1  400 617540 5.429694e+00 0.825
  27    9  500 771540 5.377978e+00 0.825
  27   16  600 925540 5.325856e+00 0.844
  27    1  700 1079540 5.013272e+00 0.858
  27    2  800 1233540 4.783191e+00 0.918
  27    3  900 1387540 4.737462e+00 0.918
  27    2 1000 1541540 4.731670e+00 0.918
  28    0    0   1540 1.460954e+01 0.624
  28    0  100 155540 7.397059e+00 0.898
  28    5  200 309540 4.865661e+00 0.898
  28    3  300 463540 4.813088e+00 0.898
  28    3  400 617540 4.754828e+00 0.898
  28    6  500 771540 4.703351e+00 0.898
  28   13  600 925540 4.695442e+00 0.898
  28    0  700 1079540 4.671989e+00 0.898
  28    0  800 1233540 4.658310e+00 0.898
  28    5  900 1387540 4.639768e+00 0.898
  28    2 1000 1541540 4.635768e+00 0.898
  29    0    0   1540 1.426411e+01 0.491
  29    0  100 155540 5.172453e+00 0.847
  29    2  200 309540 3.965600e+00 0.847
  29    5  300 463540 3.723158e+00 0.867
  29   25  400 617540 3.679671e+00 0.867
  29    5  500 771540 3.673226e+00 0.867
  29   21  600 925540 3.662860e+00 0.867
  29    5  700 1079540 3.656176e+00 0.867
  29    1  800 1233540 3.615543e+00 0.867
  29    4  900 1387540 3.588954e+00 0.867
  29    2 1000 1541540 3.581255e+00 0.867
