   0    0    0    420 1.068577e+03 0.404
   0    3  100  42420 5.218287e+00 0.451
   0    7  200  84420 5.213812e+00 0.451
   0   61  300 126420 5.213728e+00 0.472
   0    2  400 168420 5.079456e+00 0.472
   0   35  500 210420 5.073993e+00 0.487
   0    2  600 252420 5.069710e+00 0.487
   0   29  700 294420 5.064378e+00 0.487
   0   13  800 336420 5.037790e+00 0.487
   0    1  900 378420 5.030000e+00 0.487
   0    0 1000 420420 5.024541e+00 0.487
   1    0    0    420 1.793794e+01 0.407
   1    1  100  42420 5.092031e+00 0.454
   1   28  200  84420 5.015315e+00 0.454
   1    4  300 126420 4.993820e+00 0.506
   1    6  400 168420 4.988753e+00 0.506
   1   25  500 210420 4.988244e+00 0.506
   1   10  600 252420 4.985640e+00 0.506
   1    6  700 294420 4.946245e+00 0.506
   1    3  800 336420 4.940298e+00 0.506
   1   23  900 378420 4.933870e+00 0.506
   1    0 1000 420420 4.922011e+00 0.506
   2    0    0    420 4.020464e+01 0.377
   2    3  100  42420 5.301368e+00 0.445
   2   15  200  84420 5.221934e+00 0.462
   2    4  300 126420 5.220048e+00 0.462
   2    1  400 168420 5.215749e+00 0.462
   2   13  500 210420 5.018516e+00 0.462
   2    6  600 252420 5.002118e+00 0.496
   2   30  700 294420 4.997866e+00 0.496
   2    1  800 336420 4.995271e+00 0.496
   2    7  900 378420 4.993343e+00 0.496
   2    3 1000 420420 4.987052e+00 0.496
   3    0    0    420 1.951721e+02 0.403
   3    3  100  42420 5.227276e+00 0.456
   3    6  200  84420 5.214980e+00 0.488
   3    2  300 126420 5.169437e+00 0.525
   3   19  400 168420 5.108333e+00 0.525
   3   22  500 210420 5.102158e+00 0.525
   3    0  600 252420 5.050628e+00 0.525
   3   24  700 294420 5.038521e+00 0.525
   3    5  800 336420 5.025022e+00 0.525
   3    3  900 378420 5.017852e+00 0.525
   3    1 1000 420420 5.016080e+00 0.525
   4    0    0    420 6.199700e+01 0.404
   4    2  100  42420 5.275946e+00 0.421
   4    6  200  84420 5.217657e+00 0.462
   4    3  300 126420 5.204336e+00 0.482
   4    9  400 168420 5.198988e+00 0.482
   4    4  500 210420 5.066446e+00 0.525
   4    8  600 252420 5.052473e+00 0.525
   4    4  700 294420 5.051406e+00 0.525
   4    3  800 336420 5.027482e+00 0.525
   4    5  900 378420 5.011431e+00 0.525
   4   10 1000 420420 5.008675e+00 0.525
   5    0    0    420 1.050527e+01 0.411
   5    9  100  42420 5.193070e+00 0.481
   5    1  200  84420 5.166637e+00 0.503
   5   13  300 126420 5.153899e+00 0.503
   5    5  400 168420 5.130716e+00 0.503
   5    4  500 210420 5.113487e+00 0.503
   5    0  600 252420 5.100661e+00 0.503
   5    1  700 294420 5.083867e+00 0.503
   5    0  800 336420 5.081498e+00 0.503
   5    7  900 378420 5.077775e+00 0.503
   5    4 1000 420420 5.075012e+00 0.503
   6    0    0    420 1.796190e+02 0.393
   6    2  100  42420 5.262241e+00 0.470
   6    6  200  84420 5.110834e+00 0.470
   6   11  300 126420 5.095851e+00 0.499
   6   51  400 168420 5.095835e+00 0.499
   6    3  500 210420 5.082665e+00 0.499
   6    2  600 252420 5.036566e+00 0.499
   6   34  700 294420 5.034129e+00 0.499
   6   18  800 336420 5.029087e+00 0.499
   6    0  900 378420 5.025244e+00 0.499
   6    3 1000 420420 5.008907e+00 0.499
   7    0    0    420 4.845741e+01 0.408
   7    8  100  42420 5.457714e+00 0.495
   7    1  200  84420 5.216669e+00 0.495
   7    6  300 126420 5.198921e+00 0.495
   7   31  400 168420 5.196148e+00 0.495
   7    4  500 210420 5.089796e+00 0.495
   7    2  600 252420 5.074758e+00 0.495
   7    6  700 294420 5.030961e+00 0.495
   7    4  800 336420 5.013332e+00 0.520
   7    7  900 378420 4.986691e+00 0.520
   7   14 1000 420420 4.984709e+00 0.520
   8    0    0    420 1.146326e+01 0.391
   8    9  100  42420 5.363317e+00 0.431
   8    0  200  84420 5.246659e+00 0.431
   8    1  300 126420 5.126354e+00 0.435
   8   10  400 168420 5.120094e+00 0.463
   8   16  500 210420 5.050533e+00 0.476
   8   18  600 252420 5.016618e+00 0.476
   8   21  700 294420 5.015289e+00 0.476
   8    9  800 336420 4.993984e+00 0.476
   8   44  900 378420 4.992010e+00 0.476
   8    6 1000 420420 4.974491e+00 0.476
   9    0    0    420 7.527464e+01 0.400
   9    8  100  42420 5.146668e+00 0.446
   9    7  200  84420 5.117838e+00 0.509
   9    4  300 126420 5.117708e+00 0.509
   9   16  400 168420 5.103305e+00 0.509
   9    8  500 210420 5.039668e+00 0.509
   9   16  600 252420 5.030167e+00 0.509
   9    0  700 294420 5.016263e+00 0.509
   9    6  800 336420 5.014199e+00 0.509
   9   34  900 378420 5.014128e+00 0.509
   9    2 1000 420420 5.010768e+00 0.509
  10    0    0    420 1.557273e+01 0.398
  10    1  100  42420 5.176229e+00 0.475
  10   24  200  84420 5.139735e+00 0.500
  10   18  300 126420 5.109436e+00 0.500
  10   10  400 168420 5.037828e+00 0.500
  10    2  500 210420 5.014607e+00 0.500
  10    4  600 252420 5.009923e+00 0.500
  10    3  700 294420 5.006360e+00 0.500
  10   22  800 336420 5.002506e+00 0.500
  10    1  900 378420 5.002036e+00 0.500
  10    6 1000 420420 4.999796e+00 0.500
  11    0    0    420 1.435155e+01 0.407
  11    5  100  42420 5.815527e+00 0.449
  11    7  200  84420 5.316650e+00 0.496
  11    8  300 126420 5.203389e+00 0.496
  11   15  400 168420 5.076051e+00 0.523
  11   12  500 210420 5.066448e+00 0.523
  11    2  600 252420 5.056633e+00 0.523
  11    5  700 294420 5.049893e+00 0.523
  11    4  800 336420 5.028735e+00 0.523
  11    3  900 378420 5.025265e+00 0.523
  11    1 1000 420420 5.014759e+00 0.523
  12    0    0    420 5.605765e+02 0.406
  12   26  100  42420 5.292007e+00 0.506
  12    8  200  84420 5.228163e+00 0.506
  12    0  300 126420 5.184442e+00 0.515
  12    0  400 168420 5.145115e+00 0.515
  12    0  500 210420 5.142766e+00 0.515
  12   14  600 252420 5.139792e+00 0.515
  12    1  700 294420 5.067654e+00 0.515
  12    5  800 336420 5.064557e+00 0.515
  12    6  900 378420 5.016383e+00 0.515
  12    9 1000 420420 5.006539e+00 0.515
  13    0    0    420 7.987174e+01 0.403
  13    2  100  42420 5.334111e+00 0.508
  13    1  200  84420 5.085204e+00 0.508
  13    0  300 126420 5.068418e+00 0.508
  13   30  400 168420 5.043005e+00 0.508
  13    8  500 210420 5.039069e+00 0.508
  13   24  600 252420 5.038936e+00 0.508
  13   64  700 294420 5.038210e+00 0.508
  13    0  800 336420 5.032239e+00 0.508
  13    8  900 378420 5.004679e+00 0.508
  13   12 1000 420420 4.991804e+00 0.508
  14    0    0    420 6.815443e+00 0.391
  14    0  100  42420 5.198594e+00 0.443
  14    5  200  84420 5.189719e+00 0.494
  14    5  300 126420 5.187983e+00 0.494
  14    7  400 168420 5.108906e+00 0.494
  14    6  500 210420 5.099374e+00 0.494
  14    6  600 252420 5.062089e+00 0.503
  14   40  700 294420 5.031662e+00 0.503
  14    6  800 336420 5.020070e+00 0.503
  14    5  900 378420 5.009243e+00 0.503
  14    4 1000 420420 5.006862e+00 0.523
  15    0    0    420 7.674377e+01 0.400
  15    0  100  42420 5.112509e+00 0.487
  15   17  200  84420 5.073140e+00 0.487
  15    3  300 126420 5.058230e+00 0.507
  15    3  400 168420 5.057228e+00 0.507
  15    4  500 210420 5.012773e+00 0.507
  15    2  600 252420 5.012342e+00 0.507
  15    6  700 294420 5.011949e+00 0.507
  15   18  800 336420 5.011683e+00 0.507
  15    3  900 378420 4.990699e+00 0.507
  15    5 1000 420420 4.979348e+00 0.507
  16    0    0    420 3.325004e+01 0.387
  16    3  100  42420 5.353833e+00 0.477
  16    0  200  84420 5.243533e+00 0.477
  16    0  300 126420 5.217693e+00 0.477
  16    8  400 168420 5.173543e+00 0.502
  16    8  500 210420 5.155602e+00 0.502
  16    7  600 252420 5.063590e+00 0.530
  16    4  700 294420 5.043536e+00 0.530
  16    4  800 336420 5.033847e+00 0.530
  16   14  900 378420 5.033558e+00 0.530
  16    2 1000 420420 5.014336e+00 0.530
  17    0    0    420 9.658980e+00 0.425
  17    1  100  42420 5.230636e+00 0.476
  17   12  200  84420 5.143090e+00 0.485
  17   39  300 126420 5.142914e+00 0.485
  17    1  400 168420 5.067280e+00 0.485
  17   11  500 210420 5.055001e+00 0.485
  17   30  600 252420 5.054216e+00 0.485
  17   24  700 294420 5.050644e+00 0.485
  17   14  800 336420 5.049715e+00 0.485
  17    3  900 378420 4.999749e+00 0.485
  17    2 1000 420420 4.991607e+00 0.485
  18    0    0    420 9.944121e+02 0.405
  18    0  100  42420 5.494695e+00 0.505
  18    7  200  84420 5.382890e+00 0.553
  18    2  300 126420 5.119191e+00 0.553
  18    1  400 168420 5.101869e+00 0.553
  18    3  500 210420 5.092821e+00 0.553
  18   13  600 252420 5.069641e+00 0.553
  18    5  700 294420 5.064964e+00 0.553
  18    3  800 336420 5.062666e+00 0.553
  18    2  900 378420 5.040215e+00 0.553
  18    0 1000 420420 5.003348e+00 0.553
  19    0    0    420 2.425301e+02 0.394
  19    2  100  42420 5.126500e+00 0.523
  19   13  200  84420 5.100633e+00 0.523
  19   14  300 126420 5.098258e+00 0.523
  19   14  400 168420 5.094401e+00 0.523
  19    0  500 210420 5.094094e+00 0.523
  19   25  600 252420 5.040140e+00 0.523
  19    9  700 294420 5.038804e+00 0.523
  19    6  800 336420 5.012736e+00 0.523
  19   14  900 378420 5.009805e+00 0.523
  19   19 1000 420420 5.008153e+00 0.523
  20    0    0    420 8.384487e+00 0.386
  20    0  100  42420 5.266865e+00 0.413
  20   20  200  84420 5.236446e+00 0.441
  20    3  300 126420 5.229201e+00 0.447
  20    5  400 168420 5.210370e+00 0.447
  20    1  500 210420 5.210368e+00 0.486
  20    0  600 252420 5.140201e+00 0.486
  20    1  700 294420 5.134403e+00 0.486
  20    1  800 336420 5.109918e+00 0.541
  20    1  900 378420 5.076995e+00 0.541
  20   13 1000 420420 5.068939e+00 0.541
  21    0    0    420 8.544886e+02 0.396
  21    2  100  42420 5.036674e+00 0.449
  21    4  200  84420 5.010555e+00 0.449
  21   27  300 126420 5.006379e+00 0.481
  21    6  400 168420 5.004535e+00 0.491
  21   12  500 210420 5.003506e+00 0.491
  21   24  600 252420 5.003405e+00 0.491
  21    4  700 294420 5.000817e+00 0.491
  21   16  800 336420 5.000391e+00 0.491
  21    0  900 378420 4.991103e+00 0.491
  21    3 1000 420420 4.984748e+00 0.491
  22    0    0    420 6.408162e+00 0.414
  22    0  100  42420 5.476938e+00 0.484
  22   19  200  84420 5.438123e+00 0.503
  22    2  300 126420 5.220499e+00 0.503
  22   26  400 168420 5.216807e+00 0.503
  22    2  500 210420 5.048447e+00 0.503
  22   36  600 252420 5.047414e+00 0.503
  22    1  700 294420 5.039720e+00 0.503
  22    0  800 336420 5.037319e+00 0.503
  22    0  900 378420 5.019097e+00 0.503
  22    0 1000 420420 5.001910e+00 0.503
  23    0    0    420 8.882786e+00 0.404
  23    0  100  42420 5.341817e+00 0.463
  23    5  200  84420 5.286660e+00 0.463
  23    4  300 126420 5.256794e+00 0.506
  23    4  400 168420 5.133069e+00 0.506
  23    1  500 210420 5.048128e+00 0.506
  23   17  600 252420 5.040234e+00 0.506
  23    1  700 294420 5.039366e+00 0.506
  23    6  800 336420 5.028546e+00 0.506
  23    1  900 378420 5.012861e+00 0.506
  23    3 1000 420420 5.003838e+00 0.506
  24    0    0    420 8.402787e+01 0.398
  24    3  100  42420 5.160621e+00 0.460
  24   46  200  84420 5.160224e+00 0.498
  24    8  300 126420 5.142242e+00 0.498
  24    0  400 168420 5.105854e+00 0.498
  24   20  500 210420 5.101018e+00 0.544
  24    3  600 252420 5.009287e+00 0.544
  24   16  700 294420 4.999046e+00 0.544
  24    3  800 336420 4.991688e+00 0.544
  24    5  900 378420 4.991329e+00 0.544
  24    3 1000 420420 4.990262e+00 0.544
  25    0    0    420 2.181144e+01 0.404
  25    0  100  42420 5.640609e+00 0.459
  25    6  200  84420 5.526282e+00 0.459
  25    2  300 126420 5.200951e+00 0.507
  25   53  400 168420 5.142804e+00 0.529
  25   16  500 210420 5.107074e+00 0.529
  25    8  600 252420 5.047759e+00 0.529
  25    1  700 294420 5.032910e+00 0.529
  25   28  800 336420 5.000950e+00 0.529
  25    2  900 378420 5.000002e+00 0.529
  25   30 1000 420420 4.999859e+00 0.529
  26    0    0    420 1.265716e+02 0.411
  26    5  100  42420 5.090984e+00 0.549
  26    8  200  84420 5.035062e+00 0.549
  26    8  300 126420 5.028489e+00 0.549
  26   14  400 168420 5.024159e+00 0.549
  26   19  500 210420 5.021783e+00 0.549
  26   31  600 252420 5.021070e+00 0.549
  26    5  700 294420 5.019085e+00 0.549
  26   18  800 336420 5.015932e+00 0.549
  26    5  900 378420 5.013881e+00 0.549
  26    3 1000 420420 4.984758e+00 0.549
  27    0    0    420 7.385303e+00 0.394
  27    7  100  42420 5.229177e+00 0.474
  27    1  200  84420 5.153394e+00 0.508
  27   37  300 126420 5.115399e+00 0.508
  27    1  400 168420 5.105327e+00 0.556
  27   12  500 210420 5.081176e+00 0.556
  27    4  600 252420 5.080223e+00 0.556
  27   14  700 294420 5.073784e+00 0.556
  27    3  800 336420 5.067359e+00 0.556
  27    1  900 378420 4.996159e+00 0.556
  27    3 1000 420420 4.992220e+00 0.556
  28    0    0    420 7.485844e+00 0.405
  28    1  100  42420 5.040964e+00 0.514
  28    1  200  84420 5.027692e+00 0.514
  28    4  300 126420 5.013584e+00 0.514
  28   15  400 168420 5.011322e+00 0.514
  28   29  500 210420 5.006353e+00 0.514
  28    8  600 252420 5.006249e+00 0.514
  28    9  700 294420 5.002765e+00 0.514
  28   17  800 336420 5.000918e+00 0.514
  28    5  900 378420 4.993450e+00 0.514
  28    0 1000 420420 4.989815e+00 0.514
  29    0    0    420 3.193866e+01 0.400
  29    0  100  42420 5.323542e+00 0.472
  29    3  200  84420 5.176326e+00 0.472
  29   31  300 126420 5.157128e+00 0.489
  29    6  400 168420 5.079868e+00 0.531
  29   84  500 210420 5.079846e+00 0.531
  29   18  600 252420 5.074694e+00 0.531
  29    1  700 294420 5.068391e+00 0.531
  29    0  800 336420 5.044777e+00 0.531
  29    3  900 378420 5.034951e+00 0.531
  29    0 1000 420420 4.998968e+00 0.531
