   0    0    0    340 2.851263e+01 0.898
   0   21  100  34340 2.577899e+00 0.933
   0   12  200  68340 2.430958e+00 0.934
   0    3  300 102340 2.342944e+00 0.934
   0   30  400 136340 2.318117e+00 0.937
   0   19  500 170340 2.316052e+00 0.939
   0   75  600 204340 2.316028e+00 0.939
   0   71  700 238340 2.315711e+00 0.939
   0    2  800 272340 2.314849e+00 0.939
   0    7  900 306340 2.314720e+00 0.943
   0   30 1000 340340 2.302848e+00 0.943
   1    0    0    340 1.169656e+01 0.931
   1    6  100  34340 2.574749e+00 0.936
   1   10  200  68340 2.324785e+00 0.936
   1    9  300 102340 2.303776e+00 0.936
   1   13  400 136340 2.300128e+00 0.936
   1  113  500 170340 2.300128e+00 0.940
   1   51  600 204340 2.299965e+00 0.940
   1   18  700 238340 2.299843e+00 0.944
   1   24  800 272340 2.299757e+00 0.945
   1    2  900 306340 2.299601e+00 0.945
   1   29 1000 340340 2.299378e+00 0.945
   2    0    0    340 1.180658e+01 0.926
   2   13  100  34340 2.417764e+00 0.934
   2   12  200  68340 2.357460e+00 0.934
   2   40  300 102340 2.346420e+00 0.934
   2    8  400 136340 2.339520e+00 0.936
   2   22  500 170340 2.331806e+00 0.936
   2    6  600 204340 2.330756e+00 0.939
   2   23  700 238340 2.330672e+00 0.939
   2    3  800 272340 2.330560e+00 0.939
   2    7  900 306340 2.328692e+00 0.939
   2    0 1000 340340 2.327665e+00 0.939
   3    0    0    340 1.017207e+01 0.933
   3    5  100  34340 2.556000e+00 0.937
   3   13  200  68340 2.406133e+00 0.937
   3   39  300 102340 2.346181e+00 0.937
   3    5  400 136340 2.338980e+00 0.943
   3   90  500 170340 2.337656e+00 0.943
   3    1  600 204340 2.331164e+00 0.943
   3   58  700 238340 2.329511e+00 0.943
   3   25  800 272340 2.328967e+00 0.943
   3    9  900 306340 2.327473e+00 0.943
   3   15 1000 340340 2.327279e+00 0.943
   4    0    0    340 1.018940e+01 0.915
   4    6  100  34340 2.543164e+00 0.934
   4    0  200  68340 2.397061e+00 0.937
   4   15  300 102340 2.342896e+00 0.937
   4   22  400 136340 2.338112e+00 0.937
   4   22  500 170340 2.337600e+00 0.937
   4    2  600 204340 2.331105e+00 0.937
   4    3  700 238340 2.330851e+00 0.937
   4   16  800 272340 2.330377e+00 0.937
   4    7  900 306340 2.329358e+00 0.937
   4    4 1000 340340 2.323999e+00 0.937
   5    0    0    340 1.129734e+01 0.904
   5    1  100  34340 2.482812e+00 0.934
   5    1  200  68340 2.382189e+00 0.934
   5    5  300 102340 2.368966e+00 0.935
   5   39  400 136340 2.333537e+00 0.935
   5   39  500 170340 2.328722e+00 0.935
   5    4  600 204340 2.327580e+00 0.936
   5    0  700 238340 2.325974e+00 0.936
   5   15  800 272340 2.325514e+00 0.936
   5   50  900 306340 2.325472e+00 0.944
   5   12 1000 340340 2.325391e+00 0.944
   6    0    0    340 9.879655e+00 0.884
   6    7  100  34340 2.540885e+00 0.935
   6    7  200  68340 2.466761e+00 0.938
   6    2  300 102340 2.343982e+00 0.938
   6   38  400 136340 2.332739e+00 0.938
   6    0  500 170340 2.321439e+00 0.938
   6   13  600 204340 2.319681e+00 0.938
   6   18  700 238340 2.308599e+00 0.938
   6   29  800 272340 2.308394e+00 0.938
   6    9  900 306340 2.307819e+00 0.938
   6    1 1000 340340 2.307804e+00 0.938
   7    0    0    340 2.383362e+01 0.912
   7    6  100  34340 2.730200e+00 0.934
   7   24  200  68340 2.487855e+00 0.934
   7   18  300 102340 2.479848e+00 0.935
   7   15  400 136340 2.463983e+00 0.937
   7    4  500 170340 2.402809e+00 0.937
   7    3  600 204340 2.376924e+00 0.937
   7    3  700 238340 2.357694e+00 0.937
   7   61  800 272340 2.353185e+00 0.937
   7    1  900 306340 2.340508e+00 0.940
   7    5 1000 340340 2.327126e+00 0.940
   8    0    0    340 7.400242e+00 0.911
   8    4  100  34340 2.343758e+00 0.934
   8    5  200  68340 2.334668e+00 0.934
   8   14  300 102340 2.327354e+00 0.934
   8  114  400 136340 2.327354e+00 0.934
   8   10  500 170340 2.327277e+00 0.934
   8   31  600 204340 2.327128e+00 0.935
   8   17  700 238340 2.327097e+00 0.936
   8   48  800 272340 2.327093e+00 0.936
   8   11  900 306340 2.327092e+00 0.936
   8    2 1000 340340 2.325413e+00 0.936
   9    0    0    340 1.122331e+01 0.915
   9   27  100  34340 2.647915e+00 0.942
   9    1  200  68340 2.347352e+00 0.942
   9    3  300 102340 2.337074e+00 0.942
   9   15  400 136340 2.335878e+00 0.942
   9    0  500 170340 2.331735e+00 0.942
   9    4  600 204340 2.327817e+00 0.942
   9    3  700 238340 2.326296e+00 0.942
   9   14  800 272340 2.325458e+00 0.942
   9   11  900 306340 2.325326e+00 0.942
   9   44 1000 340340 2.324310e+00 0.942
  10    0    0    340 4.750418e+00 0.923
  10    2  100  34340 2.481601e+00 0.934
  10    5  200  68340 2.339133e+00 0.935
  10   22  300 102340 2.335680e+00 0.935
  10    2  400 136340 2.332702e+00 0.935
  10   27  500 170340 2.332324e+00 0.944
  10    5  600 204340 2.332275e+00 0.944
  10    1  700 238340 2.329690e+00 0.944
  10   25  800 272340 2.329553e+00 0.944
  10   12  900 306340 2.326905e+00 0.944
  10   19 1000 340340 2.324310e+00 0.944
  11    0    0    340 8.510913e+00 0.880
  11   19  100  34340 2.396716e+00 0.933
  11   21  200  68340 2.394884e+00 0.934
  11    7  300 102340 2.349268e+00 0.934
  11    6  400 136340 2.342540e+00 0.935
  11   38  500 170340 2.342524e+00 0.940
  11   15  600 204340 2.335193e+00 0.941
  11    3  700 238340 2.334758e+00 0.941
  11   17  800 272340 2.330817e+00 0.941
  11   67  900 306340 2.330626e+00 0.941
  11   54 1000 340340 2.330467e+00 0.941
  12    0    0    340 9.219454e+00 0.909
  12    0  100  34340 2.661872e+00 0.933
  12    0  200  68340 2.333055e+00 0.936
  12   20  300 102340 2.315085e+00 0.942
  12   88  400 136340 2.313890e+00 0.942
  12   21  500 170340 2.313542e+00 0.943
  12   14  600 204340 2.312431e+00 0.943
  12    0  700 238340 2.311891e+00 0.943
  12   23  800 272340 2.306546e+00 0.943
  12   23  900 306340 2.305290e+00 0.943
  12    1 1000 340340 2.303374e+00 0.943
  13    0    0    340 8.458000e+00 0.932
  13   47  100  34340 2.467596e+00 0.934
  13    6  200  68340 2.422446e+00 0.934
  13   13  300 102340 2.362371e+00 0.934
  13   36  400 136340 2.362370e+00 0.940
  13   29  500 170340 2.362005e+00 0.940
  13    4  600 204340 2.343125e+00 0.940
  13   12  700 238340 2.338478e+00 0.940
  13   14  800 272340 2.338462e+00 0.940
  13   38  900 306340 2.338408e+00 0.940
  13    2 1000 340340 2.331615e+00 0.940
  14    0    0    340 9.208841e+00 0.929
  14   16  100  34340 2.486714e+00 0.934
  14    3  200  68340 2.451372e+00 0.940
  14   22  300 102340 2.356696e+00 0.942
  14   21  400 136340 2.333444e+00 0.942
  14   16  500 170340 2.296053e+00 0.942
  14    6  600 204340 2.291176e+00 0.944
  14   15  700 238340 2.288313e+00 0.944
  14  115  800 272340 2.288313e+00 0.946
  14    8  900 306340 2.285585e+00 0.946
  14   12 1000 340340 2.285403e+00 0.946
  15    0    0    340 3.194433e+00 0.911
  15    2  100  34340 2.536009e+00 0.934
  15   25  200  68340 2.379063e+00 0.934
  15   56  300 102340 2.369447e+00 0.939
  15   36  400 136340 2.354064e+00 0.940
  15   16  500 170340 2.352734e+00 0.940
  15   37  600 204340 2.352711e+00 0.940
  15   16  700 238340 2.331664e+00 0.940
  15   38  800 272340 2.326851e+00 0.940
  15   30  900 306340 2.322114e+00 0.940
  15   11 1000 340340 2.321825e+00 0.940
  16    0    0    340 6.207403e+00 0.923
  16    6  100  34340 2.388250e+00 0.937
  16   18  200  68340 2.381306e+00 0.937
  16   28  300 102340 2.380754e+00 0.937
  16    7  400 136340 2.371720e+00 0.937
  16    3  500 170340 2.362784e+00 0.937
  16    4  600 204340 2.359419e+00 0.937
  16   43  700 238340 2.358905e+00 0.937
  16   40  800 272340 2.328727e+00 0.937
  16    8  900 306340 2.328711e+00 0.937
  16   24 1000 340340 2.328683e+00 0.937
  17    0    0    340 5.645529e+00 0.928
  17   13  100  34340 2.528464e+00 0.934
  17    2  200  68340 2.417507e+00 0.934
  17    0  300 102340 2.408343e+00 0.934
  17   32  400 136340 2.405469e+00 0.934
  17    2  500 170340 2.375568e+00 0.934
  17   14  600 204340 2.372050e+00 0.934
  17    5  700 238340 2.362135e+00 0.936
  17    7  800 272340 2.332935e+00 0.936
  17   13  900 306340 2.328797e+00 0.938
  17    0 1000 340340 2.328795e+00 0.938
  18    0    0    340 5.013992e+00 0.919
  18    8  100  34340 2.381314e+00 0.934
  18   92  200  68340 2.381291e+00 0.934
  18   50  300 102340 2.333645e+00 0.934
  18    9  400 136340 2.332514e+00 0.940
  18   17  500 170340 2.331935e+00 0.940
  18    3  600 204340 2.328869e+00 0.940
  18   33  700 238340 2.328867e+00 0.940
  18    2  800 272340 2.328866e+00 0.940
  18    6  900 306340 2.328864e+00 0.940
  18  106 1000 340340 2.328864e+00 0.940
  19    0    0    340 8.494039e+00 0.881
  19    4  100  34340 2.387626e+00 0.935
  19    1  200  68340 2.330398e+00 0.938
  19   14  300 102340 2.329586e+00 0.938
  19   12  400 136340 2.327350e+00 0.938
  19   48  500 170340 2.317558e+00 0.938
  19   50  600 204340 2.317419e+00 0.942
  19   34  700 238340 2.317075e+00 0.942
  19   18  800 272340 2.313196e+00 0.942
  19   13  900 306340 2.313177e+00 0.942
  19    9 1000 340340 2.313086e+00 0.942
  20    0    0    340 1.307805e+01 0.917
  20    2  100  34340 2.877015e+00 0.934
  20    8  200  68340 2.454340e+00 0.934
  20    1  300 102340 2.344452e+00 0.936
  20   46  400 136340 2.339642e+00 0.936
  20   50  500 170340 2.339420e+00 0.936
  20   56  600 204340 2.338519e+00 0.939
  20    0  700 238340 2.329856e+00 0.939
  20   95  800 272340 2.329647e+00 0.939
  20    7  900 306340 2.329242e+00 0.939
  20   65 1000 340340 2.329211e+00 0.939
  21    0    0    340 4.695735e+00 0.898
  21    3  100  34340 2.447838e+00 0.938
  21    6  200  68340 2.427993e+00 0.938
  21    8  300 102340 2.349088e+00 0.938
  21   21  400 136340 2.339222e+00 0.938
  21   38  500 170340 2.338866e+00 0.938
  21   62  600 204340 2.333051e+00 0.938
  21    9  700 238340 2.330078e+00 0.938
  21   56  800 272340 2.329745e+00 0.938
  21   43  900 306340 2.329743e+00 0.938
  21    3 1000 340340 2.328500e+00 0.938
  22    0    0    340 7.196083e+00 0.883
  22    6  100  34340 2.364283e+00 0.940
  22    7  200  68340 2.332384e+00 0.940
  22    1  300 102340 2.310131e+00 0.940
  22  101  400 136340 2.310131e+00 0.940
  22    0  500 170340 2.310065e+00 0.940
  22    3  600 204340 2.310056e+00 0.940
  22  103  700 238340 2.310056e+00 0.940
  22  203  800 272340 2.310056e+00 0.941
  22   67  900 306340 2.310053e+00 0.941
  22   31 1000 340340 2.309755e+00 0.941
  23    0    0    340 1.050288e+01 0.868
  23    0  100  34340 2.403539e+00 0.934
  23   23  200  68340 2.386469e+00 0.945
  23    7  300 102340 2.372668e+00 0.945
  23   67  400 136340 2.371098e+00 0.945
  23    2  500 170340 2.370119e+00 0.945
  23   10  600 204340 2.355433e+00 0.945
  23   11  700 238340 2.329880e+00 0.945
  23   16  800 272340 2.329721e+00 0.945
  23    1  900 306340 2.329648e+00 0.945
  23    6 1000 340340 2.329586e+00 0.945
  24    0    0    340 1.446339e+01 0.908
  24    1  100  34340 2.357089e+00 0.936
  24   20  200  68340 2.353809e+00 0.940
  24    6  300 102340 2.324074e+00 0.941
  24   12  400 136340 2.317140e+00 0.942
  24    3  500 170340 2.308414e+00 0.942
  24   30  600 204340 2.301275e+00 0.946
  24   28  700 238340 2.297615e+00 0.946
  24    5  800 272340 2.291139e+00 0.948
  24    7  900 306340 2.289218e+00 0.948
  24    8 1000 340340 2.287894e+00 0.948
  25    0    0    340 1.287289e+01 0.913
  25   12  100  34340 2.483986e+00 0.936
  25    7  200  68340 2.318323e+00 0.939
  25   28  300 102340 2.310106e+00 0.940
  25    0  400 136340 2.302444e+00 0.940
  25   16  500 170340 2.297533e+00 0.940
  25    6  600 204340 2.293877e+00 0.944
  25    5  700 238340 2.284316e+00 0.945
  25    1  800 272340 2.274619e+00 0.945
  25    3  900 306340 2.274390e+00 0.945
  25   58 1000 340340 2.274164e+00 0.948
  26    0    0    340 2.078590e+01 0.850
  26    5  100  34340 2.345809e+00 0.933
  26   17  200  68340 2.341589e+00 0.936
  26   83  300 102340 2.339180e+00 0.936
  26    2  400 136340 2.339102e+00 0.936
  26   11  500 170340 2.333714e+00 0.939
  26   10  600 204340 2.322287e+00 0.939
  26    1  700 238340 2.321440e+00 0.939
  26    1  800 272340 2.320182e+00 0.939
  26    1  900 306340 2.319707e+00 0.939
  26   82 1000 340340 2.319665e+00 0.939
  27    0    0    340 4.777906e+00 0.934
  27    4  100  34340 3.117721e+00 0.935
  27   26  200  68340 2.651251e+00 0.935
  27    6  300 102340 2.348316e+00 0.935
  27    9  400 136340 2.347786e+00 0.935
  27   27  500 170340 2.345572e+00 0.935
  27   13  600 204340 2.333374e+00 0.935
  27   14  700 238340 2.328608e+00 0.935
  27    2  800 272340 2.324997e+00 0.935
  27   12  900 306340 2.324769e+00 0.935
  27    1 1000 340340 2.324578e+00 0.936
  28    0    0    340 9.590594e+00 0.811
  28   14  100  34340 2.474098e+00 0.933
  28   29  200  68340 2.434881e+00 0.934
  28   87  300 102340 2.434849e+00 0.934
  28   60  400 136340 2.434782e+00 0.936
  28    8  500 170340 2.409374e+00 0.940
  28    3  600 204340 2.390737e+00 0.940
  28    2  700 238340 2.376750e+00 0.940
  28   23  800 272340 2.368600e+00 0.940
  28    5  900 306340 2.353813e+00 0.940
  28    5 1000 340340 2.331593e+00 0.940
  29    0    0    340 7.773268e+00 0.911
  29   14  100  34340 2.326842e+00 0.937
  29   62  200  68340 2.326797e+00 0.937
  29   59  300 102340 2.326792e+00 0.937
  29  159  400 136340 2.326792e+00 0.937
  29   13  500 170340 2.309437e+00 0.945
  29    4  600 204340 2.301647e+00 0.945
  29    0  700 238340 2.285927e+00 0.945
  29   43  800 272340 2.280129e+00 0.946
  29   40  900 306340 2.279719e+00 0.946
  29    4 1000 340340 2.277844e+00 0.946
