   0    0    0    420 4.828038e+00 0.357
   0    0  100  42420 2.891250e+00 0.434
   0    1  200  84420 2.668486e+00 0.434
   0    0  300 126420 2.626481e+00 0.437
   0    6  400 168420 2.378819e+00 0.437
   0   18  500 210420 2.359513e+00 0.437
   0    1  600 252420 2.346221e+00 0.437
   0    1  700 294420 2.333184e+00 0.437
   0    4  800 336420 2.325907e+00 0.437
   0   11  900 378420 2.324152e+00 0.441
   0    3 1000 420420 2.323015e+00 0.441
   1    0    0    420 1.584584e+01 0.370
   1    2  100  42420 2.930548e+00 0.432
   1    1  200  84420 2.649352e+00 0.432
   1   13  300 126420 2.614423e+00 0.432
   1    5  400 168420 2.609131e+00 0.432
   1    2  500 210420 2.584391e+00 0.432
   1    1  600 252420 2.570926e+00 0.441
   1    2  700 294420 2.551752e+00 0.441
   1    2  800 336420 2.537716e+00 0.441
   1    4  900 378420 2.522739e+00 0.441
   1    4 1000 420420 2.517755e+00 0.441
   2    0    0    420 4.954662e+00 0.414
   2    4  100  42420 2.707387e+00 0.445
   2    6  200  84420 2.701275e+00 0.445
   2    0  300 126420 2.659631e+00 0.445
   2    3  400 168420 2.620689e+00 0.445
   2   10  500 210420 2.607293e+00 0.445
   2   22  600 252420 2.602965e+00 0.445
   2   12  700 294420 2.539800e+00 0.445
   2   15  800 336420 2.537918e+00 0.445
   2    0  900 378420 2.532926e+00 0.445
   2    0 1000 420420 2.513110e+00 0.445
   3    0    0    420 7.233428e+00 0.412
   3   16  100  42420 2.610934e+00 0.412
   3    0  200  84420 2.561354e+00 0.412
   3    8  300 126420 2.558044e+00 0.426
   3    5  400 168420 2.552715e+00 0.446
   3    0  500 210420 2.551323e+00 0.446
   3    1  600 252420 2.546814e+00 0.446
   3    0  700 294420 2.543717e+00 0.446
   3    6  800 336420 2.524939e+00 0.446
   3    0  900 378420 2.515639e+00 0.446
   3    1 1000 420420 2.514366e+00 0.446
   4    0    0    420 5.015868e+00 0.366
   4    0  100  42420 2.690928e+00 0.413
   4    9  200  84420 2.649936e+00 0.480
   4   23  300 126420 2.649167e+00 0.480
   4    1  400 168420 2.648964e+00 0.480
   4    6  500 210420 2.647857e+00 0.480
   4    0  600 252420 2.614864e+00 0.480
   4    3  700 294420 2.602989e+00 0.480
   4    0  800 336420 2.533812e+00 0.480
   4    1  900 378420 2.530721e+00 0.480
   4   16 1000 420420 2.527997e+00 0.480
   5    0    0    420 7.944736e+00 0.422
   5    6  100  42420 2.635975e+00 0.422
   5    2  200  84420 2.615886e+00 0.422
   5   15  300 126420 2.613606e+00 0.447
   5    1  400 168420 2.613426e+00 0.447
   5    3  500 210420 2.613382e+00 0.447
   5    8  600 252420 2.613118e+00 0.447
   5   17  700 294420 2.612774e+00 0.447
   5    2  800 336420 2.543705e+00 0.447
   5    0  900 378420 2.538652e+00 0.447
   5    5 1000 420420 2.536339e+00 0.447
   6    0    0    420 8.007711e+00 0.402
   6    0  100  42420 2.713959e+00 0.402
   6    2  200  84420 2.709268e+00 0.411
   6   18  300 126420 2.704104e+00 0.411
   6   12  400 168420 2.378803e+00 0.427
   6    9  500 210420 2.242828e+00 0.446
   6    1  600 252420 2.231148e+00 0.446
   6   10  700 294420 2.231014e+00 0.446
   6    3  800 336420 2.224940e+00 0.446
   6    3  900 378420 2.215084e+00 0.446
   6    1 1000 420420 2.197973e+00 0.446
   7    0    0    420 3.657585e+00 0.386
   7    4  100  42420 2.919455e+00 0.437
   7    0  200  84420 2.793102e+00 0.450
   7   34  300 126420 2.623150e+00 0.450
   7   18  400 168420 2.618606e+00 0.450
   7    8  500 210420 2.578921e+00 0.450
   7    0  600 252420 2.576745e+00 0.450
   7   11  700 294420 2.575431e+00 0.450
   7    1  800 336420 2.520050e+00 0.450
   7    5  900 378420 2.471587e+00 0.450
   7    9 1000 420420 2.467446e+00 0.450
   8    0    0    420 4.208316e+00 0.387
   8    7  100  42420 2.656992e+00 0.416
   8   12  200  84420 2.652915e+00 0.416
   8    8  300 126420 2.550665e+00 0.416
   8    5  400 168420 2.544703e+00 0.436
   8    5  500 210420 2.543706e+00 0.436
   8   16  600 252420 2.542550e+00 0.460
   8    4  700 294420 2.542361e+00 0.460
   8   10  800 336420 2.542330e+00 0.460
   8    9  900 378420 2.542153e+00 0.460
   8    4 1000 420420 2.540254e+00 0.460
   9    0    0    420 4.723234e+00 0.372
   9    2  100  42420 2.741786e+00 0.424
   9    4  200  84420 2.718935e+00 0.449
   9   11  300 126420 2.652216e+00 0.449
   9    1  400 168420 2.549896e+00 0.449
   9   14  500 210420 2.549285e+00 0.449
   9    1  600 252420 2.539848e+00 0.449
   9    1  700 294420 2.533425e+00 0.449
   9    3  800 336420 2.528954e+00 0.449
   9    1  900 378420 2.526637e+00 0.449
   9    4 1000 420420 2.524891e+00 0.449
  10    0    0    420 4.523449e+00 0.360
  10   22  100  42420 2.778219e+00 0.430
  10   23  200  84420 2.746731e+00 0.430
  10    7  300 126420 2.569918e+00 0.430
  10   18  400 168420 2.568421e+00 0.442
  10    4  500 210420 2.563721e+00 0.442
  10    2  600 252420 2.560639e+00 0.442
  10    2  700 294420 2.388411e+00 0.442
  10    4  800 336420 2.371204e+00 0.442
  10    1  900 378420 2.365708e+00 0.442
  10    0 1000 420420 2.314576e+00 0.442
  11    0    0    420 5.259101e+00 0.361
  11    6  100  42420 2.616173e+00 0.471
  11    2  200  84420 2.600256e+00 0.471
  11    0  300 126420 2.495054e+00 0.471
  11   13  400 168420 2.482647e+00 0.471
  11    1  500 210420 2.478031e+00 0.471
  11    6  600 252420 2.476903e+00 0.471
  11    0  700 294420 2.472660e+00 0.471
  11    5  800 336420 2.460663e+00 0.471
  11    2  900 378420 2.415316e+00 0.471
  11    0 1000 420420 2.404775e+00 0.471
  12    0    0    420 1.334092e+01 0.359
  12    0  100  42420 2.631699e+00 0.423
  12   21  200  84420 2.609217e+00 0.465
  12    9  300 126420 2.593707e+00 0.465
  12    7  400 168420 2.588069e+00 0.465
  12   17  500 210420 2.554601e+00 0.465
  12   18  600 252420 2.553936e+00 0.465
  12    9  700 294420 2.548755e+00 0.465
  12    5  800 336420 2.548208e+00 0.465
  12   17  900 378420 2.547935e+00 0.465
  12    1 1000 420420 2.544641e+00 0.465
  13    0    0    420 5.396371e+00 0.368
  13    6  100  42420 2.715757e+00 0.433
  13   41  200  84420 2.668179e+00 0.433
  13    1  300 126420 2.651359e+00 0.433
  13    1  400 168420 2.615519e+00 0.433
  13    3  500 210420 2.602996e+00 0.436
  13    1  600 252420 2.461528e+00 0.436
  13    5  700 294420 2.433655e+00 0.436
  13    0  800 336420 2.421551e+00 0.436
  13    8  900 378420 2.352824e+00 0.436
  13    0 1000 420420 2.285813e+00 0.436
  14    0    0    420 5.013848e+00 0.419
  14    1  100  42420 2.659379e+00 0.451
  14   16  200  84420 2.604418e+00 0.451
  14    2  300 126420 2.576273e+00 0.451
  14   25  400 168420 2.569963e+00 0.451
  14   21  500 210420 2.564948e+00 0.451
  14    5  600 252420 2.536486e+00 0.451
  14    7  700 294420 2.532060e+00 0.451
  14   27  800 336420 2.479868e+00 0.451
  14    6  900 378420 2.478841e+00 0.451
  14    0 1000 420420 2.477389e+00 0.451
  15    0    0    420 5.325394e+00 0.360
  15    9  100  42420 2.585849e+00 0.441
  15    6  200  84420 2.493418e+00 0.463
  15   38  300 126420 2.481595e+00 0.463
  15    0  400 168420 2.473927e+00 0.463
  15    7  500 210420 2.472879e+00 0.463
  15    6  600 252420 2.471347e+00 0.463
  15    0  700 294420 2.470000e+00 0.463
  15    0  800 336420 2.465188e+00 0.463
  15    4  900 378420 2.455350e+00 0.463
  15    1 1000 420420 2.318641e+00 0.463
  16    0    0    420 1.001978e+02 0.374
  16    0  100  42420 2.637607e+00 0.407
  16   21  200  84420 2.568092e+00 0.464
  16    2  300 126420 2.558710e+00 0.464
  16   11  400 168420 2.534552e+00 0.464
  16   11  500 210420 2.534069e+00 0.464
  16    4  600 252420 2.533817e+00 0.464
  16    2  700 294420 2.486628e+00 0.464
  16    0  800 336420 2.309062e+00 0.464
  16    1  900 378420 2.229547e+00 0.472
  16    2 1000 420420 2.224324e+00 0.472
  17    0    0    420 7.141770e+00 0.376
  17   20  100  42420 2.754995e+00 0.401
  17   12  200  84420 2.748597e+00 0.422
  17    4  300 126420 2.728845e+00 0.438
  17    5  400 168420 2.712174e+00 0.448
  17    1  500 210420 2.298979e+00 0.448
  17   24  600 252420 2.297669e+00 0.448
  17    0  700 294420 2.291897e+00 0.448
  17    7  800 336420 2.283201e+00 0.448
  17    1  900 378420 2.258876e+00 0.448
  17    0 1000 420420 2.234378e+00 0.448
  18    0    0    420 4.474424e+00 0.367
  18    2  100  42420 2.647116e+00 0.421
  18   11  200  84420 2.541085e+00 0.421
  18   21  300 126420 2.537625e+00 0.421
  18   20  400 168420 2.534311e+00 0.441
  18   24  500 210420 2.532770e+00 0.441
  18   13  600 252420 2.530763e+00 0.441
  18    1  700 294420 2.528394e+00 0.441
  18    0  800 336420 2.526669e+00 0.441
  18    8  900 378420 2.518620e+00 0.441
  18    0 1000 420420 2.515116e+00 0.441
  19    0    0    420 5.006906e+00 0.429
  19    5  100  42420 2.727629e+00 0.429
  19   34  200  84420 2.724353e+00 0.444
  19    0  300 126420 2.300202e+00 0.444
  19   14  400 168420 2.247067e+00 0.444
  19    5  500 210420 2.232502e+00 0.444
  19   37  600 252420 2.231928e+00 0.444
  19    2  700 294420 2.216623e+00 0.444
  19   18  800 336420 2.212620e+00 0.444
  19    7  900 378420 2.207346e+00 0.444
  19    2 1000 420420 2.201327e+00 0.444
  20    0    0    420 3.207357e+00 0.391
  20   16  100  42420 2.930255e+00 0.430
  20    1  200  84420 2.885714e+00 0.430
  20    0  300 126420 2.596896e+00 0.444
  20    0  400 168420 2.581714e+00 0.444
  20    2  500 210420 2.570828e+00 0.444
  20    1  600 252420 2.470540e+00 0.444
  20    0  700 294420 2.449657e+00 0.444
  20    2  800 336420 2.446492e+00 0.444
  20    0  900 378420 2.281561e+00 0.444
  20    8 1000 420420 2.212241e+00 0.444
  21    0    0    420 4.555505e+00 0.390
  21    7  100  42420 2.864344e+00 0.432
  21   17  200  84420 2.621220e+00 0.448
  21   10  300 126420 2.618105e+00 0.448
  21   10  400 168420 2.617644e+00 0.448
  21    8  500 210420 2.591244e+00 0.463
  21    0  600 252420 2.537540e+00 0.463
  21    0  700 294420 2.506006e+00 0.463
  21    9  800 336420 2.505202e+00 0.463
  21    5  900 378420 2.504089e+00 0.463
  21    6 1000 420420 2.496976e+00 0.463
  22    0    0    420 2.683069e+01 0.399
  22    0  100  42420 2.809517e+00 0.416
  22    0  200  84420 2.636320e+00 0.416
  22    3  300 126420 2.578634e+00 0.416
  22    2  400 168420 2.557882e+00 0.423
  22    6  500 210420 2.550947e+00 0.423
  22   27  600 252420 2.549848e+00 0.423
  22    1  700 294420 2.545189e+00 0.423
  22   79  800 336420 2.544829e+00 0.423
  22   14  900 378420 2.541274e+00 0.423
  22    2 1000 420420 2.535526e+00 0.423
  23    0    0    420 5.512562e+00 0.369
  23   18  100  42420 2.916953e+00 0.423
  23    4  200  84420 2.849142e+00 0.432
  23    0  300 126420 2.633645e+00 0.432
  23    3  400 168420 2.526574e+00 0.451
  23   56  500 210420 2.509348e+00 0.451
  23   49  600 252420 2.509336e+00 0.451
  23    0  700 294420 2.507984e+00 0.451
  23   11  800 336420 2.507858e+00 0.451
  23    1  900 378420 2.506840e+00 0.451
  23    0 1000 420420 2.490929e+00 0.451
  24    0    0    420 4.630268e+00 0.360
  24    1  100  42420 2.570899e+00 0.416
  24   24  200  84420 2.565229e+00 0.422
  24    1  300 126420 2.559214e+00 0.445
  24   36  400 168420 2.549660e+00 0.445
  24    8  500 210420 2.528700e+00 0.445
  24    1  600 252420 2.526832e+00 0.445
  24    3  700 294420 2.526192e+00 0.445
  24    0  800 336420 2.526123e+00 0.445
  24    3  900 378420 2.525511e+00 0.445
  24    1 1000 420420 2.520203e+00 0.445
  25    0    0    420 4.286942e+00 0.364
  25    1  100  42420 2.725128e+00 0.457
  25   20  200  84420 2.719864e+00 0.457
  25    2  300 126420 2.604445e+00 0.457
  25    2  400 168420 2.599405e+00 0.457
  25    9  500 210420 2.582864e+00 0.457
  25    1  600 252420 2.580903e+00 0.457
  25    2  700 294420 2.578240e+00 0.457
  25    0  800 336420 2.566217e+00 0.457
  25    2  900 378420 2.547902e+00 0.457
  25    7 1000 420420 2.547719e+00 0.457
  26    0    0    420 3.249915e+00 0.396
  26    0  100  42420 2.555531e+00 0.489
  26   41  200  84420 2.550230e+00 0.489
  26    3  300 126420 2.548891e+00 0.489
  26   76  400 168420 2.548757e+00 0.489
  26   35  500 210420 2.548328e+00 0.489
  26   89  600 252420 2.548328e+00 0.489
  26   19  700 294420 2.548066e+00 0.489
  26   30  800 336420 2.547782e+00 0.489
  26    5  900 378420 2.547672e+00 0.489
  26    1 1000 420420 2.547469e+00 0.489
  27    0    0    420 8.295388e+00 0.360
  27    0  100  42420 2.739693e+00 0.441
  27    7  200  84420 2.565290e+00 0.451
  27    9  300 126420 2.563336e+00 0.451
  27    6  400 168420 2.557179e+00 0.451
  27    9  500 210420 2.552927e+00 0.451
  27    2  600 252420 2.544731e+00 0.451
  27   15  700 294420 2.544598e+00 0.470
  27    1  800 336420 2.543076e+00 0.470
  27    5  900 378420 2.537788e+00 0.470
  27   14 1000 420420 2.534314e+00 0.470
  28    0    0    420 5.986603e+01 0.377
  28    3  100  42420 2.827335e+00 0.427
  28    0  200  84420 2.636641e+00 0.453
  28    0  300 126420 2.582651e+00 0.453
  28   11  400 168420 2.502953e+00 0.453
  28    2  500 210420 2.497018e+00 0.453
  28    7  600 252420 2.477360e+00 0.457
  28    0  700 294420 2.459308e+00 0.475
  28    2  800 336420 2.456992e+00 0.475
  28    2  900 378420 2.455658e+00 0.475
  28   22 1000 420420 2.454655e+00 0.475
  29    0    0    420 4.550682e+00 0.395
  29    4  100  42420 2.579173e+00 0.440
  29   24  200  84420 2.571000e+00 0.440
  29    3  300 126420 2.568872e+00 0.440
  29    0  400 168420 2.513855e+00 0.453
  29    9  500 210420 2.512665e+00 0.453
  29    1  600 252420 2.360150e+00 0.453
  29    2  700 294420 2.335326e+00 0.453
  29   23  800 336420 2.316466e+00 0.458
  29    2  900 378420 2.308549e+00 0.458
  29    1 1000 420420 2.303190e+00 0.458
