Seed:1578434710
N:0 Run:0 0.182608 0.180772 0.177908 0.204157 0.283831 0.414561 0.534525 0.580305 0.596787 0.557323 0.569945 0.60036 0.446927 0.248994 0.219669 0.200111 0.196005 0.189352 0.19168 0.187171 0.190173 5.016118e-02 0.981
N:0 Run:1 0.201271 0.186286 0.191553 0.19762 0.245853 0.330144 0.435767 0.512055 0.570665 0.5708 0.579376 0.545602 0.492751 0.282613 0.247272 0.203947 0.19072 0.175474 0.187326 0.193647 0.179527 5.016118e-02 0.981
N:0 Run:2 0.139855 0.182591 0.176942 0.18951 0.182493 0.181677 0.198243 0.194989 0.203705 0.244846 0.304054 0.424822 0.261261 0.218236 0.198171 0.194868 0.200685 0.184029 0.183594 0.183558 0.196015 5.016118e-02 0.981
N:0 Run:3 0.201673 0.195687 0.196197 0.191222 0.203904 0.209576 0.290359 0.44717 0.442008 0.480139 0.548414 0.557481 0.351515 0.227213 0.198516 0.188748 0.189973 0.17955 0.205719 0.188073 0.177344 5.016118e-02 0.981
N:0 Run:4 0.199725 0.19682 0.188646 0.209884 0.308776 0.510278 0.591872 0.61484 0.605396 0.60881 0.620431 0.617914 0.412683 0.240331 0.196226 0.188194 0.176158 0.189441 0.18357 0.168903 0.176874 5.016118e-02 0.981
N:0 Run:5 0.167145 0.179664 0.181055 0.182703 0.192623 0.230326 0.264863 0.313832 0.293063 0.284111 0.306576 0.288971 0.213325 0.199634 0.192327 0.214795 0.190715 0.176085 0.184334 0.196342 0.194506 5.016118e-02 0.981
N:0 Run:6 0.161295 0.181579 0.179821 0.185511 0.24349 0.446743 0.55972 0.586473 0.600111 0.602608 0.612963 0.614756 0.47611 0.264493 0.23222 0.197521 0.191348 0.187395 0.179518 0.189638 0.194088 5.016118e-02 0.981
N:0 Run:7 0.192116 0.183861 0.175315 0.182627 0.218668 0.293318 0.39129 0.434407 0.498127 0.500371 0.554382 0.567689 0.383542 0.232772 0.206433 0.187287 0.185731 0.175222 0.187975 0.190066 0.187719 5.016118e-02 0.981
N:0 Run:8 0.2126 0.192583 0.192588 0.192638 0.183886 0.183963 0.191342 0.182864 0.184929 0.193678 0.182574 0.189456 0.20841 0.185034 0.197637 0.189791 0.183162 0.190269 0.188128 0.18482 0.186575 5.016118e-02 0.981
N:0 Run:9 0.253698 0.202154 0.195657 0.23502 0.397718 0.49969 0.582876 0.608234 0.609088 0.606376 0.616328 0.621324 0.434221 0.254796 0.200249 0.193847 0.182928 0.185911 0.180911 0.17796 0.170249 5.016118e-02 0.981
N:1 Run:0 0.182608 0.180772 0.177908 0.204157 0.283831 0.414561 0.534525 0.580305 0.596787 0.557323 0.569945 0.60036 0.446927 0.248994 0.219669 0.200111 0.196005 0.189352 0.19168 0.187171 0.190173 5.024891e-02 0.980
N:1 Run:1 0.201271 0.186286 0.191553 0.19762 0.245853 0.330144 0.435767 0.512055 0.570665 0.5708 0.579376 0.545602 0.492751 0.282613 0.247272 0.203947 0.19072 0.175474 0.187326 0.193647 0.179527 5.024891e-02 0.980
N:1 Run:2 0.139855 0.182591 0.176942 0.18951 0.182493 0.181677 0.198243 0.194989 0.203705 0.244846 0.304054 0.424822 0.261261 0.218236 0.198171 0.194868 0.200685 0.184029 0.183594 0.183558 0.196015 5.024891e-02 0.980
N:1 Run:3 0.201673 0.195687 0.196197 0.191222 0.203904 0.209576 0.290359 0.44717 0.442008 0.480139 0.548414 0.557481 0.351515 0.227213 0.198516 0.188748 0.189973 0.17955 0.205719 0.188073 0.177344 5.024891e-02 0.980
N:1 Run:4 0.199725 0.19682 0.188646 0.209884 0.308776 0.510278 0.591872 0.61484 0.605396 0.60881 0.620431 0.617914 0.412683 0.240331 0.196226 0.188194 0.176158 0.189441 0.18357 0.168903 0.176874 5.024891e-02 0.980
N:1 Run:5 0.167145 0.179664 0.181055 0.182703 0.192623 0.230326 0.264863 0.313832 0.293063 0.284111 0.306576 0.288971 0.213325 0.199634 0.192327 0.214795 0.190715 0.176085 0.184334 0.196342 0.194506 5.024891e-02 0.980
N:1 Run:6 0.161295 0.181579 0.179821 0.185511 0.24349 0.446743 0.55972 0.586473 0.600111 0.602608 0.612963 0.614756 0.47611 0.264493 0.23222 0.197521 0.191348 0.187395 0.179518 0.189638 0.194088 5.024891e-02 0.980
N:1 Run:7 0.192116 0.183861 0.175315 0.182627 0.218668 0.293318 0.39129 0.434407 0.498127 0.500371 0.554382 0.567689 0.383542 0.232772 0.206433 0.187287 0.185731 0.175222 0.187975 0.190066 0.187719 5.024891e-02 0.980
N:1 Run:8 0.2126 0.192583 0.192588 0.192638 0.183886 0.183963 0.191342 0.182864 0.184929 0.193678 0.182574 0.189456 0.20841 0.185034 0.197637 0.189791 0.183162 0.190269 0.188128 0.18482 0.186575 5.024891e-02 0.980
N:1 Run:9 0.253698 0.202154 0.195657 0.23502 0.397718 0.49969 0.582876 0.608234 0.609088 0.606376 0.616328 0.621324 0.434221 0.254796 0.200249 0.193847 0.182928 0.185911 0.180911 0.17796 0.170249 5.024891e-02 0.980
N:2 Run:0 0.182608 0.184118 0.182418 0.199685 0.268054 0.418074 0.537263 0.577174 0.591605 0.571895 0.582553 0.591221 0.447975 0.25363 0.217758 0.198905 0.195961 0.190237 0.192983 0.188872 0.191036 4.995055e-02 0.980
N:2 Run:1 0.201271 0.188832 0.191346 0.195427 0.236685 0.316232 0.446715 0.524392 0.570462 0.568082 0.582302 0.555689 0.4989 0.284548 0.241875 0.205012 0.19248 0.181973 0.189019 0.194905 0.184795 4.995055e-02 0.980
N:2 Run:2 0.139855 0.180333 0.180872 0.189599 0.185538 0.185092 0.195509 0.193376 0.200476 0.236472 0.289332 0.419484 0.259151 0.215023 0.197422 0.195377 0.197629 0.187267 0.186242 0.188676 0.195598 4.995055e-02 0.980
N:2 Run:3 0.201673 0.195656 0.194246 0.191003 0.200126 0.204594 0.275218 0.438918 0.433381 0.478805 0.5443 0.556975 0.349161 0.230599 0.200545 0.192013 0.190634 0.18499 0.201345 0.190264 0.182882 4.995055e-02 0.980
N:2 Run:4 0.199725 0.195853 0.189955 0.20432 0.293756 0.495416 0.566638 0.587739 0.586599 0.593973 0.598184 0.59401 0.405921 0.242933 0.200214 0.191203 0.182361 0.191314 0.186724 0.177969 0.182061 4.995055e-02 0.980
N:2 Run:5 0.167145 0.181307 0.177838 0.171464 0.196135 0.236328 0.274772 0.273091 0.262826 0.323133 0.287164 0.280817 0.254804 0.214631 0.199726 0.21067 0.192058 0.182021 0.186401 0.194918 0.193084 4.995055e-02 0.980
N:2 Run:6 0.161295 0.182391 0.184075 0.188567 0.232344 0.44807 0.549954 0.578157 0.596 0.5981 0.596513 0.600662 0.475388 0.267111 0.226937 0.198287 0.192007 0.190506 0.183924 0.189766 0.19247 4.995055e-02 0.980
N:2 Run:7 0.192116 0.186395 0.180727 0.184399 0.209036 0.29119 0.398114 0.465927 0.530647 0.547275 0.564257 0.580571 0.396485 0.245501 0.208653 0.1922 0.188623 0.181794 0.189649 0.190757 0.188941 4.995055e-02 0.980
N:2 Run:8 0.2126 0.194643 0.192412 0.191836 0.186404 0.186549 0.191314 0.185984 0.18722 0.19327 0.186535 0.189731 0.202181 0.187519 0.195043 0.189753 0.185783 0.19018 0.189693 0.186916 0.187924 4.995055e-02 0.980
N:2 Run:9 0.253698 0.204228 0.195439 0.224345 0.388694 0.505615 0.576713 0.592681 0.599938 0.598668 0.598425 0.60006 0.42852 0.255187 0.203866 0.194659 0.186868 0.187679 0.185396 0.183792 0.179339 4.995055e-02 0.980
N:3 Run:0 0.182608 0.184118 0.182418 0.199685 0.268054 0.418074 0.537263 0.577174 0.591605 0.571895 0.582553 0.591221 0.447975 0.25363 0.217758 0.198905 0.195961 0.190237 0.192983 0.188872 0.191036 5.062282e-02 0.980
N:3 Run:1 0.201271 0.188832 0.191346 0.195427 0.236685 0.316232 0.446715 0.524392 0.570462 0.568082 0.582302 0.555689 0.4989 0.284548 0.241875 0.205012 0.19248 0.181973 0.189019 0.194905 0.184795 5.062282e-02 0.980
N:3 Run:2 0.139855 0.180333 0.180872 0.189599 0.185538 0.185092 0.195509 0.193376 0.200476 0.236472 0.289332 0.419484 0.259151 0.215023 0.197422 0.195377 0.197629 0.187267 0.186242 0.188676 0.195598 5.062282e-02 0.980
N:3 Run:3 0.201673 0.195656 0.194246 0.191003 0.200126 0.204594 0.275218 0.438918 0.433381 0.478805 0.5443 0.556975 0.349161 0.230599 0.200545 0.192013 0.190634 0.18499 0.201345 0.190264 0.182882 5.062282e-02 0.980
N:3 Run:4 0.199725 0.195853 0.189955 0.20432 0.293756 0.495416 0.566638 0.587739 0.586599 0.593973 0.598184 0.59401 0.405921 0.242933 0.200214 0.191203 0.182361 0.191314 0.186724 0.177969 0.182061 5.062282e-02 0.980
N:3 Run:5 0.167145 0.181307 0.177838 0.171464 0.196135 0.236328 0.274772 0.273091 0.262826 0.323133 0.287164 0.280817 0.254804 0.214631 0.199726 0.21067 0.192058 0.182021 0.186401 0.194918 0.193084 5.062282e-02 0.980
N:3 Run:6 0.161295 0.182391 0.184075 0.188567 0.232344 0.44807 0.549954 0.578157 0.596 0.5981 0.596513 0.600662 0.475388 0.267111 0.226937 0.198287 0.192007 0.190506 0.183924 0.189766 0.19247 5.062282e-02 0.980
N:3 Run:7 0.192116 0.186395 0.180727 0.184399 0.209036 0.29119 0.398114 0.465927 0.530647 0.547275 0.564257 0.580571 0.396485 0.245501 0.208653 0.1922 0.188623 0.181794 0.189649 0.190757 0.188941 5.062282e-02 0.980
N:3 Run:8 0.2126 0.194643 0.192412 0.191836 0.186404 0.186549 0.191314 0.185984 0.18722 0.19327 0.186535 0.189731 0.202181 0.187519 0.195043 0.189753 0.185783 0.19018 0.189693 0.186916 0.187924 5.062282e-02 0.980
N:3 Run:9 0.253698 0.204228 0.195439 0.224345 0.388694 0.505615 0.576713 0.592681 0.599938 0.598668 0.598425 0.60006 0.42852 0.255187 0.203866 0.194659 0.186868 0.187679 0.185396 0.183792 0.179339 5.062282e-02 0.980
N:4 Run:0 0.182608 0.184118 0.182418 0.199685 0.268054 0.418074 0.537263 0.577174 0.591605 0.571895 0.582553 0.591221 0.447975 0.25363 0.217758 0.198905 0.195961 0.190237 0.192983 0.188872 0.191036 5.612211e-02 0.982
N:4 Run:1 0.201271 0.188832 0.191346 0.195427 0.236685 0.316232 0.446715 0.524392 0.570462 0.568082 0.582302 0.555689 0.4989 0.284548 0.241875 0.205012 0.19248 0.181973 0.189019 0.194905 0.184795 5.612211e-02 0.982
N:4 Run:2 0.139855 0.180333 0.180872 0.189599 0.185538 0.185092 0.195509 0.193376 0.200476 0.236472 0.289332 0.419484 0.259151 0.215023 0.197422 0.195377 0.197629 0.187267 0.186242 0.188676 0.195598 5.612211e-02 0.982
N:4 Run:3 0.201673 0.195656 0.194246 0.191003 0.200126 0.204594 0.275218 0.438918 0.433381 0.478805 0.5443 0.556975 0.349161 0.230599 0.200545 0.192013 0.190634 0.18499 0.201345 0.190264 0.182882 5.612211e-02 0.982
N:4 Run:4 0.199725 0.195853 0.189955 0.20432 0.293756 0.495416 0.566638 0.587739 0.586599 0.593973 0.598184 0.59401 0.405921 0.242933 0.200214 0.191203 0.182361 0.191314 0.186724 0.177969 0.182061 5.612211e-02 0.982
N:4 Run:5 0.167145 0.181307 0.177838 0.171464 0.196135 0.236328 0.274772 0.273091 0.262826 0.323133 0.287164 0.280817 0.254804 0.214631 0.199726 0.21067 0.192058 0.182021 0.186401 0.194918 0.193084 5.612211e-02 0.982
N:4 Run:6 0.161295 0.182391 0.184075 0.188567 0.232344 0.44807 0.549954 0.578157 0.596 0.5981 0.596513 0.600662 0.475388 0.267111 0.226937 0.198287 0.192007 0.190506 0.183924 0.189766 0.19247 5.612211e-02 0.982
N:4 Run:7 0.192116 0.186395 0.180727 0.184399 0.209036 0.29119 0.398114 0.465927 0.530647 0.547275 0.564257 0.580571 0.396485 0.245501 0.208653 0.1922 0.188623 0.181794 0.189649 0.190757 0.188941 5.612211e-02 0.982
N:4 Run:8 0.2126 0.194643 0.192412 0.191836 0.186404 0.186549 0.191314 0.185984 0.18722 0.19327 0.186535 0.189731 0.202181 0.187519 0.195043 0.189753 0.185783 0.19018 0.189693 0.186916 0.187924 5.612211e-02 0.982
N:4 Run:9 0.253698 0.204228 0.195439 0.224345 0.388694 0.505615 0.576713 0.592681 0.599938 0.598668 0.598425 0.60006 0.42852 0.255187 0.203866 0.194659 0.186868 0.187679 0.185396 0.183792 0.179339 5.612211e-02 0.982
N:5 Run:0 0.182608 0.184118 0.182418 0.199685 0.268054 0.418074 0.537263 0.577174 0.591605 0.571895 0.582553 0.591221 0.447975 0.25363 0.217758 0.198905 0.195961 0.190237 0.192983 0.188872 0.191036 5.023833e-02 0.981
N:5 Run:1 0.201271 0.188832 0.191346 0.195427 0.236685 0.316232 0.446715 0.524392 0.570462 0.568082 0.582302 0.555689 0.4989 0.284548 0.241875 0.205012 0.19248 0.181973 0.189019 0.194905 0.184795 5.023833e-02 0.981
N:5 Run:2 0.139855 0.180333 0.180872 0.189599 0.185538 0.185092 0.195509 0.193376 0.200476 0.236472 0.289332 0.419484 0.259151 0.215023 0.197422 0.195377 0.197629 0.187267 0.186242 0.188676 0.195598 5.023833e-02 0.981
N:5 Run:3 0.201673 0.195656 0.194246 0.191003 0.200126 0.204594 0.275218 0.438918 0.433381 0.478805 0.5443 0.556975 0.349161 0.230599 0.200545 0.192013 0.190634 0.18499 0.201345 0.190264 0.182882 5.023833e-02 0.981
N:5 Run:4 0.199725 0.195853 0.189955 0.20432 0.293756 0.495416 0.566638 0.587739 0.586599 0.593973 0.598184 0.59401 0.405921 0.242933 0.200214 0.191203 0.182361 0.191314 0.186724 0.177969 0.182061 5.023833e-02 0.981
N:5 Run:5 0.167145 0.181307 0.177838 0.171464 0.196135 0.236328 0.274772 0.273091 0.262826 0.323133 0.287164 0.280817 0.254804 0.214631 0.199726 0.21067 0.192058 0.182021 0.186401 0.194918 0.193084 5.023833e-02 0.981
N:5 Run:6 0.161295 0.182391 0.184075 0.188567 0.232344 0.44807 0.549954 0.578157 0.596 0.5981 0.596513 0.600662 0.475388 0.267111 0.226937 0.198287 0.192007 0.190506 0.183924 0.189766 0.19247 5.023833e-02 0.981
N:5 Run:7 0.192116 0.186395 0.180727 0.184399 0.209036 0.29119 0.398114 0.465927 0.530647 0.547275 0.564257 0.580571 0.396485 0.245501 0.208653 0.1922 0.188623 0.181794 0.189649 0.190757 0.188941 5.023833e-02 0.981
N:5 Run:8 0.2126 0.194643 0.192412 0.191836 0.186404 0.186549 0.191314 0.185984 0.18722 0.19327 0.186535 0.189731 0.202181 0.187519 0.195043 0.189753 0.185783 0.19018 0.189693 0.186916 0.187924 5.023833e-02 0.981
N:5 Run:9 0.253698 0.204228 0.195439 0.224345 0.388694 0.505615 0.576713 0.592681 0.599938 0.598668 0.598425 0.60006 0.42852 0.255187 0.203866 0.194659 0.186868 0.187679 0.185396 0.183792 0.179339 5.023833e-02 0.981
N:6 Run:0 0.182608 0.184118 0.182418 0.199685 0.268054 0.418074 0.537263 0.577174 0.591605 0.571895 0.582553 0.591221 0.447975 0.25363 0.217758 0.198905 0.195961 0.190237 0.192983 0.188872 0.191036 5.006468e-02 0.981
N:6 Run:1 0.201271 0.188832 0.191346 0.195427 0.236685 0.316232 0.446715 0.524392 0.570462 0.568082 0.582302 0.555689 0.4989 0.284548 0.241875 0.205012 0.19248 0.181973 0.189019 0.194905 0.184795 5.006468e-02 0.981
N:6 Run:2 0.139855 0.180333 0.180872 0.189599 0.185538 0.185092 0.195509 0.193376 0.200476 0.236472 0.289332 0.419484 0.259151 0.215023 0.197422 0.195377 0.197629 0.187267 0.186242 0.188676 0.195598 5.006468e-02 0.981
N:6 Run:3 0.201673 0.195656 0.194246 0.191003 0.200126 0.204594 0.275218 0.438918 0.433381 0.478805 0.5443 0.556975 0.349161 0.230599 0.200545 0.192013 0.190634 0.18499 0.201345 0.190264 0.182882 5.006468e-02 0.981
N:6 Run:4 0.199725 0.195853 0.189955 0.20432 0.293756 0.495416 0.566638 0.587739 0.586599 0.593973 0.598184 0.59401 0.405921 0.242933 0.200214 0.191203 0.182361 0.191314 0.186724 0.177969 0.182061 5.006468e-02 0.981
N:6 Run:5 0.167145 0.181307 0.177838 0.171464 0.196135 0.236328 0.274772 0.273091 0.262826 0.323133 0.287164 0.280817 0.254804 0.214631 0.199726 0.21067 0.192058 0.182021 0.186401 0.194918 0.193084 5.006468e-02 0.981
N:6 Run:6 0.161295 0.182391 0.184075 0.188567 0.232344 0.44807 0.549954 0.578157 0.596 0.5981 0.596513 0.600662 0.475388 0.267111 0.226937 0.198287 0.192007 0.190506 0.183924 0.189766 0.19247 5.006468e-02 0.981
N:6 Run:7 0.192116 0.186395 0.180727 0.184399 0.209036 0.29119 0.398114 0.465927 0.530647 0.547275 0.564257 0.580571 0.396485 0.245501 0.208653 0.1922 0.188623 0.181794 0.189649 0.190757 0.188941 5.006468e-02 0.981
N:6 Run:8 0.2126 0.194643 0.192412 0.191836 0.186404 0.186549 0.191314 0.185984 0.18722 0.19327 0.186535 0.189731 0.202181 0.187519 0.195043 0.189753 0.185783 0.19018 0.189693 0.186916 0.187924 5.006468e-02 0.981
N:6 Run:9 0.253698 0.204228 0.195439 0.224345 0.388694 0.505615 0.576713 0.592681 0.599938 0.598668 0.598425 0.60006 0.42852 0.255187 0.203866 0.194659 0.186868 0.187679 0.185396 0.183792 0.179339 5.006468e-02 0.981
N:7 Run:0 0.182608 0.184118 0.182418 0.199685 0.268054 0.418074 0.537263 0.577174 0.591605 0.571895 0.582553 0.591221 0.447975 0.25363 0.217758 0.198905 0.195961 0.190237 0.192983 0.188872 0.191036 5.524388e-02 0.982
N:7 Run:1 0.201271 0.188832 0.191346 0.195427 0.236685 0.316232 0.446715 0.524392 0.570462 0.568082 0.582302 0.555689 0.4989 0.284548 0.241875 0.205012 0.19248 0.181973 0.189019 0.194905 0.184795 5.524388e-02 0.982
N:7 Run:2 0.139855 0.180333 0.180872 0.189599 0.185538 0.185092 0.195509 0.193376 0.200476 0.236472 0.289332 0.419484 0.259151 0.215023 0.197422 0.195377 0.197629 0.187267 0.186242 0.188676 0.195598 5.524388e-02 0.982
N:7 Run:3 0.201673 0.195656 0.194246 0.191003 0.200126 0.204594 0.275218 0.438918 0.433381 0.478805 0.5443 0.556975 0.349161 0.230599 0.200545 0.192013 0.190634 0.18499 0.201345 0.190264 0.182882 5.524388e-02 0.982
N:7 Run:4 0.199725 0.195853 0.189955 0.20432 0.293756 0.495416 0.566638 0.587739 0.586599 0.593973 0.598184 0.59401 0.405921 0.242933 0.200214 0.191203 0.182361 0.191314 0.186724 0.177969 0.182061 5.524388e-02 0.982
N:7 Run:5 0.167145 0.181307 0.177838 0.171464 0.196135 0.236328 0.274772 0.273091 0.262826 0.323133 0.287164 0.280817 0.254804 0.214631 0.199726 0.21067 0.192058 0.182021 0.186401 0.194918 0.193084 5.524388e-02 0.982
N:7 Run:6 0.161295 0.182391 0.184075 0.188567 0.232344 0.44807 0.549954 0.578157 0.596 0.5981 0.596513 0.600662 0.475388 0.267111 0.226937 0.198287 0.192007 0.190506 0.183924 0.189766 0.19247 5.524388e-02 0.982
N:7 Run:7 0.192116 0.186395 0.180727 0.184399 0.209036 0.29119 0.398114 0.465927 0.530647 0.547275 0.564257 0.580571 0.396485 0.245501 0.208653 0.1922 0.188623 0.181794 0.189649 0.190757 0.188941 5.524388e-02 0.982
N:7 Run:8 0.2126 0.194643 0.192412 0.191836 0.186404 0.186549 0.191314 0.185984 0.18722 0.19327 0.186535 0.189731 0.202181 0.187519 0.195043 0.189753 0.185783 0.19018 0.189693 0.186916 0.187924 5.524388e-02 0.982
N:7 Run:9 0.253698 0.204228 0.195439 0.224345 0.388694 0.505615 0.576713 0.592681 0.599938 0.598668 0.598425 0.60006 0.42852 0.255187 0.203866 0.194659 0.186868 0.187679 0.185396 0.183792 0.179339 5.524388e-02 0.982
N:8 Run:0 0.182608 0.184118 0.182418 0.199685 0.268054 0.418074 0.537263 0.577174 0.591605 0.571895 0.582553 0.591221 0.447975 0.25363 0.217758 0.198905 0.195961 0.190237 0.192983 0.188872 0.191036 5.362169e-02 0.977
N:8 Run:1 0.201271 0.188832 0.191346 0.195427 0.236685 0.316232 0.446715 0.524392 0.570462 0.568082 0.582302 0.555689 0.4989 0.284548 0.241875 0.205012 0.19248 0.181973 0.189019 0.194905 0.184795 5.362169e-02 0.977
N:8 Run:2 0.139855 0.180333 0.180872 0.189599 0.185538 0.185092 0.195509 0.193376 0.200476 0.236472 0.289332 0.419484 0.259151 0.215023 0.197422 0.195377 0.197629 0.187267 0.186242 0.188676 0.195598 5.362169e-02 0.977
N:8 Run:3 0.201673 0.195656 0.194246 0.191003 0.200126 0.204594 0.275218 0.438918 0.433381 0.478805 0.5443 0.556975 0.349161 0.230599 0.200545 0.192013 0.190634 0.18499 0.201345 0.190264 0.182882 5.362169e-02 0.977
N:8 Run:4 0.199725 0.195853 0.189955 0.20432 0.293756 0.495416 0.566638 0.587739 0.586599 0.593973 0.598184 0.59401 0.405921 0.242933 0.200214 0.191203 0.182361 0.191314 0.186724 0.177969 0.182061 5.362169e-02 0.977
N:8 Run:5 0.167145 0.181307 0.177838 0.171464 0.196135 0.236328 0.274772 0.273091 0.262826 0.323133 0.287164 0.280817 0.254804 0.214631 0.199726 0.21067 0.192058 0.182021 0.186401 0.194918 0.193084 5.362169e-02 0.977
N:8 Run:6 0.161295 0.182391 0.184075 0.188567 0.232344 0.44807 0.549954 0.578157 0.596 0.5981 0.596513 0.600662 0.475388 0.267111 0.226937 0.198287 0.192007 0.190506 0.183924 0.189766 0.19247 5.362169e-02 0.977
N:8 Run:7 0.192116 0.186395 0.180727 0.184399 0.209036 0.29119 0.398114 0.465927 0.530647 0.547275 0.564257 0.580571 0.396485 0.245501 0.208653 0.1922 0.188623 0.181794 0.189649 0.190757 0.188941 5.362169e-02 0.977
N:8 Run:8 0.2126 0.194643 0.192412 0.191836 0.186404 0.186549 0.191314 0.185984 0.18722 0.19327 0.186535 0.189731 0.202181 0.187519 0.195043 0.189753 0.185783 0.19018 0.189693 0.186916 0.187924 5.362169e-02 0.977
N:8 Run:9 0.253698 0.204228 0.195439 0.224345 0.388694 0.505615 0.576713 0.592681 0.599938 0.598668 0.598425 0.60006 0.42852 0.255187 0.203866 0.194659 0.186868 0.187679 0.185396 0.183792 0.179339 5.362169e-02 0.977
N:9 Run:0 0.182608 0.183418 0.181057 0.202743 0.282986 0.428294 0.54781 0.592367 0.606375 0.57904 0.597548 0.595896 0.447125 0.245808 0.219412 0.199354 0.198145 0.190544 0.194781 0.189079 0.192447 4.987522e-02 0.979
N:9 Run:1 0.201271 0.18734 0.193776 0.197249 0.247853 0.322094 0.453678 0.53416 0.580507 0.572484 0.603471 0.563179 0.499347 0.283756 0.242345 0.205989 0.192244 0.177947 0.190012 0.198614 0.183714 4.987522e-02 0.979
N:9 Run:2 0.139855 0.185095 0.179678 0.190814 0.18535 0.184917 0.198977 0.194929 0.205673 0.249913 0.296841 0.428636 0.257417 0.216303 0.197656 0.197619 0.201956 0.18606 0.18621 0.189054 0.198583 4.987522e-02 0.979
N:9 Run:3 0.201673 0.197576 0.194165 0.190889 0.203023 0.208565 0.286157 0.436886 0.417106 0.461216 0.537604 0.549883 0.346961 0.226682 0.200114 0.192754 0.191397 0.183583 0.206708 0.190715 0.181189 4.987522e-02 0.979
N:9 Run:4 0.199725 0.196579 0.189531 0.209522 0.303993 0.494298 0.562612 0.589369 0.574224 0.598408 0.614605 0.597444 0.406805 0.23789 0.196176 0.189554 0.179155 0.193553 0.186984 0.174283 0.180532 4.987522e-02 0.979
N:9 Run:5 0.167145 0.182197 0.170732 0.16487 0.190304 0.22927 0.275865 0.29209 0.282075 0.320861 0.308634 0.304855 0.266342 0.217632 0.202835 0.219357 0.192758 0.179656 0.186988 0.198463 0.195467 4.987522e-02 0.979
N:9 Run:6 0.161295 0.186522 0.183813 0.189608 0.245577 0.453523 0.55038 0.579536 0.619608 0.619415 0.606399 0.62711 0.480598 0.263165 0.231267 0.198766 0.192909 0.190757 0.182451 0.191447 0.195158 4.987522e-02 0.979
N:9 Run:7 0.192116 0.18534 0.175222 0.179445 0.204153 0.286959 0.370018 0.425253 0.490674 0.503246 0.526591 0.559893 0.384964 0.237983 0.208404 0.193082 0.188935 0.178922 0.190463 0.191616 0.18988 4.987522e-02 0.979
N:9 Run:8 0.2126 0.194713 0.192503 0.190483 0.185462 0.185575 0.192058 0.184225 0.186091 0.193187 0.185639 0.189825 0.205995 0.185617 0.196612 0.190409 0.184575 0.19205 0.191207 0.187358 0.189064 4.987522e-02 0.979
N:9 Run:9 0.253698 0.202555 0.19727 0.233812 0.392348 0.518092 0.595583 0.60737 0.629431 0.616947 0.61406 0.622266 0.431154 0.252192 0.202257 0.195479 0.186501 0.187767 0.185368 0.183702 0.175817 4.987522e-02 0.979
N:10 Run:0 0.182608 0.183418 0.181057 0.202743 0.282986 0.428294 0.54781 0.592367 0.606375 0.57904 0.597548 0.595896 0.447125 0.245808 0.219412 0.199354 0.198145 0.190544 0.194781 0.189079 0.192447 5.065439e-02 0.981
N:10 Run:1 0.201271 0.18734 0.193776 0.197249 0.247853 0.322094 0.453678 0.53416 0.580507 0.572484 0.603471 0.563179 0.499347 0.283756 0.242345 0.205989 0.192244 0.177947 0.190012 0.198614 0.183714 5.065439e-02 0.981
N:10 Run:2 0.139855 0.185095 0.179678 0.190814 0.18535 0.184917 0.198977 0.194929 0.205673 0.249913 0.296841 0.428636 0.257417 0.216303 0.197656 0.197619 0.201956 0.18606 0.18621 0.189054 0.198583 5.065439e-02 0.981
N:10 Run:3 0.201673 0.197576 0.194165 0.190889 0.203023 0.208565 0.286157 0.436886 0.417106 0.461216 0.537604 0.549883 0.346961 0.226682 0.200114 0.192754 0.191397 0.183583 0.206708 0.190715 0.181189 5.065439e-02 0.981
N:10 Run:4 0.199725 0.196579 0.189531 0.209522 0.303993 0.494298 0.562612 0.589369 0.574224 0.598408 0.614605 0.597444 0.406805 0.23789 0.196176 0.189554 0.179155 0.193553 0.186984 0.174283 0.180532 5.065439e-02 0.981
N:10 Run:5 0.167145 0.182197 0.170732 0.16487 0.190304 0.22927 0.275865 0.29209 0.282075 0.320861 0.308634 0.304855 0.266342 0.217632 0.202835 0.219357 0.192758 0.179656 0.186988 0.198463 0.195467 5.065439e-02 0.981
N:10 Run:6 0.161295 0.186522 0.183813 0.189608 0.245577 0.453523 0.55038 0.579536 0.619608 0.619415 0.606399 0.62711 0.480598 0.263165 0.231267 0.198766 0.192909 0.190757 0.182451 0.191447 0.195158 5.065439e-02 0.981
N:10 Run:7 0.192116 0.18534 0.175222 0.179445 0.204153 0.286959 0.370018 0.425253 0.490674 0.503246 0.526591 0.559893 0.384964 0.237983 0.208404 0.193082 0.188935 0.178922 0.190463 0.191616 0.18988 5.065439e-02 0.981
N:10 Run:8 0.2126 0.194713 0.192503 0.190483 0.185462 0.185575 0.192058 0.184225 0.186091 0.193187 0.185639 0.189825 0.205995 0.185617 0.196612 0.190409 0.184575 0.19205 0.191207 0.187358 0.189064 5.065439e-02 0.981
N:10 Run:9 0.253698 0.202555 0.19727 0.233812 0.392348 0.518092 0.595583 0.60737 0.629431 0.616947 0.61406 0.622266 0.431154 0.252192 0.202257 0.195479 0.186501 0.187767 0.185368 0.183702 0.175817 5.065439e-02 0.981
N:11 Run:0 0.182608 0.183418 0.181057 0.202743 0.282986 0.428294 0.54781 0.592367 0.606375 0.57904 0.597548 0.595896 0.447125 0.245808 0.219412 0.199354 0.198145 0.190544 0.194781 0.189079 0.192447 5.029118e-02 0.980
N:11 Run:1 0.201271 0.18734 0.193776 0.197249 0.247853 0.322094 0.453678 0.53416 0.580507 0.572484 0.603471 0.563179 0.499347 0.283756 0.242345 0.205989 0.192244 0.177947 0.190012 0.198614 0.183714 5.029118e-02 0.980
N:11 Run:2 0.139855 0.185095 0.179678 0.190814 0.18535 0.184917 0.198977 0.194929 0.205673 0.249913 0.296841 0.428636 0.257417 0.216303 0.197656 0.197619 0.201956 0.18606 0.18621 0.189054 0.198583 5.029118e-02 0.980
N:11 Run:3 0.201673 0.197576 0.194165 0.190889 0.203023 0.208565 0.286157 0.436886 0.417106 0.461216 0.537604 0.549883 0.346961 0.226682 0.200114 0.192754 0.191397 0.183583 0.206708 0.190715 0.181189 5.029118e-02 0.980
N:11 Run:4 0.199725 0.196579 0.189531 0.209522 0.303993 0.494298 0.562612 0.589369 0.574224 0.598408 0.614605 0.597444 0.406805 0.23789 0.196176 0.189554 0.179155 0.193553 0.186984 0.174283 0.180532 5.029118e-02 0.980
N:11 Run:5 0.167145 0.182197 0.170732 0.16487 0.190304 0.22927 0.275865 0.29209 0.282075 0.320861 0.308634 0.304855 0.266342 0.217632 0.202835 0.219357 0.192758 0.179656 0.186988 0.198463 0.195467 5.029118e-02 0.980
N:11 Run:6 0.161295 0.186522 0.183813 0.189608 0.245577 0.453523 0.55038 0.579536 0.619608 0.619415 0.606399 0.62711 0.480598 0.263165 0.231267 0.198766 0.192909 0.190757 0.182451 0.191447 0.195158 5.029118e-02 0.980
N:11 Run:7 0.192116 0.18534 0.175222 0.179445 0.204153 0.286959 0.370018 0.425253 0.490674 0.503246 0.526591 0.559893 0.384964 0.237983 0.208404 0.193082 0.188935 0.178922 0.190463 0.191616 0.18988 5.029118e-02 0.980
N:11 Run:8 0.2126 0.194713 0.192503 0.190483 0.185462 0.185575 0.192058 0.184225 0.186091 0.193187 0.185639 0.189825 0.205995 0.185617 0.196612 0.190409 0.184575 0.19205 0.191207 0.187358 0.189064 5.029118e-02 0.980
N:11 Run:9 0.253698 0.202555 0.19727 0.233812 0.392348 0.518092 0.595583 0.60737 0.629431 0.616947 0.61406 0.622266 0.431154 0.252192 0.202257 0.195479 0.186501 0.187767 0.185368 0.183702 0.175817 5.029118e-02 0.980
N:12 Run:0 0.182608 0.183418 0.181057 0.202743 0.282986 0.428294 0.54781 0.592367 0.606375 0.57904 0.597548 0.595896 0.447125 0.245808 0.219412 0.199354 0.198145 0.190544 0.194781 0.189079 0.192447 5.601586e-02 0.981
N:12 Run:1 0.201271 0.18734 0.193776 0.197249 0.247853 0.322094 0.453678 0.53416 0.580507 0.572484 0.603471 0.563179 0.499347 0.283756 0.242345 0.205989 0.192244 0.177947 0.190012 0.198614 0.183714 5.601586e-02 0.981
N:12 Run:2 0.139855 0.185095 0.179678 0.190814 0.18535 0.184917 0.198977 0.194929 0.205673 0.249913 0.296841 0.428636 0.257417 0.216303 0.197656 0.197619 0.201956 0.18606 0.18621 0.189054 0.198583 5.601586e-02 0.981
N:12 Run:3 0.201673 0.197576 0.194165 0.190889 0.203023 0.208565 0.286157 0.436886 0.417106 0.461216 0.537604 0.549883 0.346961 0.226682 0.200114 0.192754 0.191397 0.183583 0.206708 0.190715 0.181189 5.601586e-02 0.981
N:12 Run:4 0.199725 0.196579 0.189531 0.209522 0.303993 0.494298 0.562612 0.589369 0.574224 0.598408 0.614605 0.597444 0.406805 0.23789 0.196176 0.189554 0.179155 0.193553 0.186984 0.174283 0.180532 5.601586e-02 0.981
N:12 Run:5 0.167145 0.182197 0.170732 0.16487 0.190304 0.22927 0.275865 0.29209 0.282075 0.320861 0.308634 0.304855 0.266342 0.217632 0.202835 0.219357 0.192758 0.179656 0.186988 0.198463 0.195467 5.601586e-02 0.981
N:12 Run:6 0.161295 0.186522 0.183813 0.189608 0.245577 0.453523 0.55038 0.579536 0.619608 0.619415 0.606399 0.62711 0.480598 0.263165 0.231267 0.198766 0.192909 0.190757 0.182451 0.191447 0.195158 5.601586e-02 0.981
N:12 Run:7 0.192116 0.18534 0.175222 0.179445 0.204153 0.286959 0.370018 0.425253 0.490674 0.503246 0.526591 0.559893 0.384964 0.237983 0.208404 0.193082 0.188935 0.178922 0.190463 0.191616 0.18988 5.601586e-02 0.981
N:12 Run:8 0.2126 0.194713 0.192503 0.190483 0.185462 0.185575 0.192058 0.184225 0.186091 0.193187 0.185639 0.189825 0.205995 0.185617 0.196612 0.190409 0.184575 0.19205 0.191207 0.187358 0.189064 5.601586e-02 0.981
N:12 Run:9 0.253698 0.202555 0.19727 0.233812 0.392348 0.518092 0.595583 0.60737 0.629431 0.616947 0.61406 0.622266 0.431154 0.252192 0.202257 0.195479 0.186501 0.187767 0.185368 0.183702 0.175817 5.601586e-02 0.981
N:13 Run:0 0.182608 0.183418 0.181057 0.202743 0.282986 0.428294 0.54781 0.592367 0.606375 0.57904 0.597548 0.595896 0.447125 0.245808 0.219412 0.199354 0.198145 0.190544 0.194781 0.189079 0.192447 5.024225e-02 0.981
N:13 Run:1 0.201271 0.18734 0.193776 0.197249 0.247853 0.322094 0.453678 0.53416 0.580507 0.572484 0.603471 0.563179 0.499347 0.283756 0.242345 0.205989 0.192244 0.177947 0.190012 0.198614 0.183714 5.024225e-02 0.981
N:13 Run:2 0.139855 0.185095 0.179678 0.190814 0.18535 0.184917 0.198977 0.194929 0.205673 0.249913 0.296841 0.428636 0.257417 0.216303 0.197656 0.197619 0.201956 0.18606 0.18621 0.189054 0.198583 5.024225e-02 0.981
N:13 Run:3 0.201673 0.197576 0.194165 0.190889 0.203023 0.208565 0.286157 0.436886 0.417106 0.461216 0.537604 0.549883 0.346961 0.226682 0.200114 0.192754 0.191397 0.183583 0.206708 0.190715 0.181189 5.024225e-02 0.981
N:13 Run:4 0.199725 0.196579 0.189531 0.209522 0.303993 0.494298 0.562612 0.589369 0.574224 0.598408 0.614605 0.597444 0.406805 0.23789 0.196176 0.189554 0.179155 0.193553 0.186984 0.174283 0.180532 5.024225e-02 0.981
N:13 Run:5 0.167145 0.182197 0.170732 0.16487 0.190304 0.22927 0.275865 0.29209 0.282075 0.320861 0.308634 0.304855 0.266342 0.217632 0.202835 0.219357 0.192758 0.179656 0.186988 0.198463 0.195467 5.024225e-02 0.981
N:13 Run:6 0.161295 0.186522 0.183813 0.189608 0.245577 0.453523 0.55038 0.579536 0.619608 0.619415 0.606399 0.62711 0.480598 0.263165 0.231267 0.198766 0.192909 0.190757 0.182451 0.191447 0.195158 5.024225e-02 0.981
N:13 Run:7 0.192116 0.18534 0.175222 0.179445 0.204153 0.286959 0.370018 0.425253 0.490674 0.503246 0.526591 0.559893 0.384964 0.237983 0.208404 0.193082 0.188935 0.178922 0.190463 0.191616 0.18988 5.024225e-02 0.981
N:13 Run:8 0.2126 0.194713 0.192503 0.190483 0.185462 0.185575 0.192058 0.184225 0.186091 0.193187 0.185639 0.189825 0.205995 0.185617 0.196612 0.190409 0.184575 0.19205 0.191207 0.187358 0.189064 5.024225e-02 0.981
N:13 Run:9 0.253698 0.202555 0.19727 0.233812 0.392348 0.518092 0.595583 0.60737 0.629431 0.616947 0.61406 0.622266 0.431154 0.252192 0.202257 0.195479 0.186501 0.187767 0.185368 0.183702 0.175817 5.024225e-02 0.981
N:14 Run:0 0.182608 0.183418 0.181057 0.202743 0.282986 0.428294 0.54781 0.592367 0.606375 0.57904 0.597548 0.595896 0.447125 0.245808 0.219412 0.199354 0.198145 0.190544 0.194781 0.189079 0.192447 5.006375e-02 0.979
N:14 Run:1 0.201271 0.18734 0.193776 0.197249 0.247853 0.322094 0.453678 0.53416 0.580507 0.572484 0.603471 0.563179 0.499347 0.283756 0.242345 0.205989 0.192244 0.177947 0.190012 0.198614 0.183714 5.006375e-02 0.979
N:14 Run:2 0.139855 0.185095 0.179678 0.190814 0.18535 0.184917 0.198977 0.194929 0.205673 0.249913 0.296841 0.428636 0.257417 0.216303 0.197656 0.197619 0.201956 0.18606 0.18621 0.189054 0.198583 5.006375e-02 0.979
N:14 Run:3 0.201673 0.197576 0.194165 0.190889 0.203023 0.208565 0.286157 0.436886 0.417106 0.461216 0.537604 0.549883 0.346961 0.226682 0.200114 0.192754 0.191397 0.183583 0.206708 0.190715 0.181189 5.006375e-02 0.979
N:14 Run:4 0.199725 0.196579 0.189531 0.209522 0.303993 0.494298 0.562612 0.589369 0.574224 0.598408 0.614605 0.597444 0.406805 0.23789 0.196176 0.189554 0.179155 0.193553 0.186984 0.174283 0.180532 5.006375e-02 0.979
N:14 Run:5 0.167145 0.182197 0.170732 0.16487 0.190304 0.22927 0.275865 0.29209 0.282075 0.320861 0.308634 0.304855 0.266342 0.217632 0.202835 0.219357 0.192758 0.179656 0.186988 0.198463 0.195467 5.006375e-02 0.979
N:14 Run:6 0.161295 0.186522 0.183813 0.189608 0.245577 0.453523 0.55038 0.579536 0.619608 0.619415 0.606399 0.62711 0.480598 0.263165 0.231267 0.198766 0.192909 0.190757 0.182451 0.191447 0.195158 5.006375e-02 0.979
N:14 Run:7 0.192116 0.18534 0.175222 0.179445 0.204153 0.286959 0.370018 0.425253 0.490674 0.503246 0.526591 0.559893 0.384964 0.237983 0.208404 0.193082 0.188935 0.178922 0.190463 0.191616 0.18988 5.006375e-02 0.979
N:14 Run:8 0.2126 0.194713 0.192503 0.190483 0.185462 0.185575 0.192058 0.184225 0.186091 0.193187 0.185639 0.189825 0.205995 0.185617 0.196612 0.190409 0.184575 0.19205 0.191207 0.187358 0.189064 5.006375e-02 0.979
N:14 Run:9 0.253698 0.202555 0.19727 0.233812 0.392348 0.518092 0.595583 0.60737 0.629431 0.616947 0.61406 0.622266 0.431154 0.252192 0.202257 0.195479 0.186501 0.187767 0.185368 0.183702 0.175817 5.006375e-02 0.979
N:15 Run:0 0.182608 0.183418 0.181057 0.202743 0.282986 0.428294 0.54781 0.592367 0.606375 0.57904 0.597548 0.595896 0.447125 0.245808 0.219412 0.199354 0.198145 0.190544 0.194781 0.189079 0.192447 5.175260e-02 0.980
N:15 Run:1 0.201271 0.18734 0.193776 0.197249 0.247853 0.322094 0.453678 0.53416 0.580507 0.572484 0.603471 0.563179 0.499347 0.283756 0.242345 0.205989 0.192244 0.177947 0.190012 0.198614 0.183714 5.175260e-02 0.980
N:15 Run:2 0.139855 0.185095 0.179678 0.190814 0.18535 0.184917 0.198977 0.194929 0.205673 0.249913 0.296841 0.428636 0.257417 0.216303 0.197656 0.197619 0.201956 0.18606 0.18621 0.189054 0.198583 5.175260e-02 0.980
N:15 Run:3 0.201673 0.197576 0.194165 0.190889 0.203023 0.208565 0.286157 0.436886 0.417106 0.461216 0.537604 0.549883 0.346961 0.226682 0.200114 0.192754 0.191397 0.183583 0.206708 0.190715 0.181189 5.175260e-02 0.980
N:15 Run:4 0.199725 0.196579 0.189531 0.209522 0.303993 0.494298 0.562612 0.589369 0.574224 0.598408 0.614605 0.597444 0.406805 0.23789 0.196176 0.189554 0.179155 0.193553 0.186984 0.174283 0.180532 5.175260e-02 0.980
N:15 Run:5 0.167145 0.182197 0.170732 0.16487 0.190304 0.22927 0.275865 0.29209 0.282075 0.320861 0.308634 0.304855 0.266342 0.217632 0.202835 0.219357 0.192758 0.179656 0.186988 0.198463 0.195467 5.175260e-02 0.980
N:15 Run:6 0.161295 0.186522 0.183813 0.189608 0.245577 0.453523 0.55038 0.579536 0.619608 0.619415 0.606399 0.62711 0.480598 0.263165 0.231267 0.198766 0.192909 0.190757 0.182451 0.191447 0.195158 5.175260e-02 0.980
N:15 Run:7 0.192116 0.18534 0.175222 0.179445 0.204153 0.286959 0.370018 0.425253 0.490674 0.503246 0.526591 0.559893 0.384964 0.237983 0.208404 0.193082 0.188935 0.178922 0.190463 0.191616 0.18988 5.175260e-02 0.980
N:15 Run:8 0.2126 0.194713 0.192503 0.190483 0.185462 0.185575 0.192058 0.184225 0.186091 0.193187 0.185639 0.189825 0.205995 0.185617 0.196612 0.190409 0.184575 0.19205 0.191207 0.187358 0.189064 5.175260e-02 0.980
N:15 Run:9 0.253698 0.202555 0.19727 0.233812 0.392348 0.518092 0.595583 0.60737 0.629431 0.616947 0.61406 0.622266 0.431154 0.252192 0.202257 0.195479 0.186501 0.187767 0.185368 0.183702 0.175817 5.175260e-02 0.980
N:16 Run:0 0.182608 0.183418 0.181057 0.202743 0.282986 0.428294 0.54781 0.592367 0.606375 0.57904 0.597548 0.595896 0.447125 0.245808 0.219412 0.199354 0.198145 0.190544 0.194781 0.189079 0.192447 4.997816e-02 0.977
N:16 Run:1 0.201271 0.18734 0.193776 0.197249 0.247853 0.322094 0.453678 0.53416 0.580507 0.572484 0.603471 0.563179 0.499347 0.283756 0.242345 0.205989 0.192244 0.177947 0.190012 0.198614 0.183714 4.997816e-02 0.977
N:16 Run:2 0.139855 0.185095 0.179678 0.190814 0.18535 0.184917 0.198977 0.194929 0.205673 0.249913 0.296841 0.428636 0.257417 0.216303 0.197656 0.197619 0.201956 0.18606 0.18621 0.189054 0.198583 4.997816e-02 0.977
N:16 Run:3 0.201673 0.197576 0.194165 0.190889 0.203023 0.208565 0.286157 0.436886 0.417106 0.461216 0.537604 0.549883 0.346961 0.226682 0.200114 0.192754 0.191397 0.183583 0.206708 0.190715 0.181189 4.997816e-02 0.977
N:16 Run:4 0.199725 0.196579 0.189531 0.209522 0.303993 0.494298 0.562612 0.589369 0.574224 0.598408 0.614605 0.597444 0.406805 0.23789 0.196176 0.189554 0.179155 0.193553 0.186984 0.174283 0.180532 4.997816e-02 0.977
N:16 Run:5 0.167145 0.182197 0.170732 0.16487 0.190304 0.22927 0.275865 0.29209 0.282075 0.320861 0.308634 0.304855 0.266342 0.217632 0.202835 0.219357 0.192758 0.179656 0.186988 0.198463 0.195467 4.997816e-02 0.977
N:16 Run:6 0.161295 0.186522 0.183813 0.189608 0.245577 0.453523 0.55038 0.579536 0.619608 0.619415 0.606399 0.62711 0.480598 0.263165 0.231267 0.198766 0.192909 0.190757 0.182451 0.191447 0.195158 4.997816e-02 0.977
N:16 Run:7 0.192116 0.18534 0.175222 0.179445 0.204153 0.286959 0.370018 0.425253 0.490674 0.503246 0.526591 0.559893 0.384964 0.237983 0.208404 0.193082 0.188935 0.178922 0.190463 0.191616 0.18988 4.997816e-02 0.977
N:16 Run:8 0.2126 0.194713 0.192503 0.190483 0.185462 0.185575 0.192058 0.184225 0.186091 0.193187 0.185639 0.189825 0.205995 0.185617 0.196612 0.190409 0.184575 0.19205 0.191207 0.187358 0.189064 4.997816e-02 0.977
N:16 Run:9 0.253698 0.202555 0.19727 0.233812 0.392348 0.518092 0.595583 0.60737 0.629431 0.616947 0.61406 0.622266 0.431154 0.252192 0.202257 0.195479 0.186501 0.187767 0.185368 0.183702 0.175817 4.997816e-02 0.977
N:17 Run:0 0.182608 0.183418 0.181057 0.202743 0.282986 0.428294 0.54781 0.592367 0.606375 0.57904 0.597548 0.595896 0.447125 0.245808 0.219412 0.199354 0.198145 0.190544 0.194781 0.189079 0.192447 5.053125e-02 0.982
N:17 Run:1 0.201271 0.18734 0.193776 0.197249 0.247853 0.322094 0.453678 0.53416 0.580507 0.572484 0.603471 0.563179 0.499347 0.283756 0.242345 0.205989 0.192244 0.177947 0.190012 0.198614 0.183714 5.053125e-02 0.982
N:17 Run:2 0.139855 0.185095 0.179678 0.190814 0.18535 0.184917 0.198977 0.194929 0.205673 0.249913 0.296841 0.428636 0.257417 0.216303 0.197656 0.197619 0.201956 0.18606 0.18621 0.189054 0.198583 5.053125e-02 0.982
N:17 Run:3 0.201673 0.197576 0.194165 0.190889 0.203023 0.208565 0.286157 0.436886 0.417106 0.461216 0.537604 0.549883 0.346961 0.226682 0.200114 0.192754 0.191397 0.183583 0.206708 0.190715 0.181189 5.053125e-02 0.982
N:17 Run:4 0.199725 0.196579 0.189531 0.209522 0.303993 0.494298 0.562612 0.589369 0.574224 0.598408 0.614605 0.597444 0.406805 0.23789 0.196176 0.189554 0.179155 0.193553 0.186984 0.174283 0.180532 5.053125e-02 0.982
N:17 Run:5 0.167145 0.182197 0.170732 0.16487 0.190304 0.22927 0.275865 0.29209 0.282075 0.320861 0.308634 0.304855 0.266342 0.217632 0.202835 0.219357 0.192758 0.179656 0.186988 0.198463 0.195467 5.053125e-02 0.982
N:17 Run:6 0.161295 0.186522 0.183813 0.189608 0.245577 0.453523 0.55038 0.579536 0.619608 0.619415 0.606399 0.62711 0.480598 0.263165 0.231267 0.198766 0.192909 0.190757 0.182451 0.191447 0.195158 5.053125e-02 0.982
N:17 Run:7 0.192116 0.18534 0.175222 0.179445 0.204153 0.286959 0.370018 0.425253 0.490674 0.503246 0.526591 0.559893 0.384964 0.237983 0.208404 0.193082 0.188935 0.178922 0.190463 0.191616 0.18988 5.053125e-02 0.982
N:17 Run:8 0.2126 0.194713 0.192503 0.190483 0.185462 0.185575 0.192058 0.184225 0.186091 0.193187 0.185639 0.189825 0.205995 0.185617 0.196612 0.190409 0.184575 0.19205 0.191207 0.187358 0.189064 5.053125e-02 0.982
N:17 Run:9 0.253698 0.202555 0.19727 0.233812 0.392348 0.518092 0.595583 0.60737 0.629431 0.616947 0.61406 0.622266 0.431154 0.252192 0.202257 0.195479 0.186501 0.187767 0.185368 0.183702 0.175817 5.053125e-02 0.982
N:18 Run:0 0.182608 0.183418 0.181057 0.202743 0.282986 0.428294 0.54781 0.592367 0.606375 0.57904 0.597548 0.595896 0.447125 0.245808 0.219412 0.199354 0.198145 0.190544 0.194781 0.189079 0.192447 5.613523e-02 0.982
N:18 Run:1 0.201271 0.18734 0.193776 0.197249 0.247853 0.322094 0.453678 0.53416 0.580507 0.572484 0.603471 0.563179 0.499347 0.283756 0.242345 0.205989 0.192244 0.177947 0.190012 0.198614 0.183714 5.613523e-02 0.982
N:18 Run:2 0.139855 0.185095 0.179678 0.190814 0.18535 0.184917 0.198977 0.194929 0.205673 0.249913 0.296841 0.428636 0.257417 0.216303 0.197656 0.197619 0.201956 0.18606 0.18621 0.189054 0.198583 5.613523e-02 0.982
N:18 Run:3 0.201673 0.197576 0.194165 0.190889 0.203023 0.208565 0.286157 0.436886 0.417106 0.461216 0.537604 0.549883 0.346961 0.226682 0.200114 0.192754 0.191397 0.183583 0.206708 0.190715 0.181189 5.613523e-02 0.982
N:18 Run:4 0.199725 0.196579 0.189531 0.209522 0.303993 0.494298 0.562612 0.589369 0.574224 0.598408 0.614605 0.597444 0.406805 0.23789 0.196176 0.189554 0.179155 0.193553 0.186984 0.174283 0.180532 5.613523e-02 0.982
N:18 Run:5 0.167145 0.182197 0.170732 0.16487 0.190304 0.22927 0.275865 0.29209 0.282075 0.320861 0.308634 0.304855 0.266342 0.217632 0.202835 0.219357 0.192758 0.179656 0.186988 0.198463 0.195467 5.613523e-02 0.982
N:18 Run:6 0.161295 0.186522 0.183813 0.189608 0.245577 0.453523 0.55038 0.579536 0.619608 0.619415 0.606399 0.62711 0.480598 0.263165 0.231267 0.198766 0.192909 0.190757 0.182451 0.191447 0.195158 5.613523e-02 0.982
N:18 Run:7 0.192116 0.18534 0.175222 0.179445 0.204153 0.286959 0.370018 0.425253 0.490674 0.503246 0.526591 0.559893 0.384964 0.237983 0.208404 0.193082 0.188935 0.178922 0.190463 0.191616 0.18988 5.613523e-02 0.982
N:18 Run:8 0.2126 0.194713 0.192503 0.190483 0.185462 0.185575 0.192058 0.184225 0.186091 0.193187 0.185639 0.189825 0.205995 0.185617 0.196612 0.190409 0.184575 0.19205 0.191207 0.187358 0.189064 5.613523e-02 0.982
N:18 Run:9 0.253698 0.202555 0.19727 0.233812 0.392348 0.518092 0.595583 0.60737 0.629431 0.616947 0.61406 0.622266 0.431154 0.252192 0.202257 0.195479 0.186501 0.187767 0.185368 0.183702 0.175817 5.613523e-02 0.982
N:19 Run:0 0.182608 0.183418 0.181057 0.202743 0.282986 0.428294 0.54781 0.592367 0.606375 0.57904 0.597548 0.595896 0.447125 0.245808 0.219412 0.199354 0.198145 0.190544 0.194781 0.189079 0.192447 5.195617e-02 0.982
N:19 Run:1 0.201271 0.18734 0.193776 0.197249 0.247853 0.322094 0.453678 0.53416 0.580507 0.572484 0.603471 0.563179 0.499347 0.283756 0.242345 0.205989 0.192244 0.177947 0.190012 0.198614 0.183714 5.195617e-02 0.982
N:19 Run:2 0.139855 0.185095 0.179678 0.190814 0.18535 0.184917 0.198977 0.194929 0.205673 0.249913 0.296841 0.428636 0.257417 0.216303 0.197656 0.197619 0.201956 0.18606 0.18621 0.189054 0.198583 5.195617e-02 0.982
N:19 Run:3 0.201673 0.197576 0.194165 0.190889 0.203023 0.208565 0.286157 0.436886 0.417106 0.461216 0.537604 0.549883 0.346961 0.226682 0.200114 0.192754 0.191397 0.183583 0.206708 0.190715 0.181189 5.195617e-02 0.982
N:19 Run:4 0.199725 0.196579 0.189531 0.209522 0.303993 0.494298 0.562612 0.589369 0.574224 0.598408 0.614605 0.597444 0.406805 0.23789 0.196176 0.189554 0.179155 0.193553 0.186984 0.174283 0.180532 5.195617e-02 0.982
N:19 Run:5 0.167145 0.182197 0.170732 0.16487 0.190304 0.22927 0.275865 0.29209 0.282075 0.320861 0.308634 0.304855 0.266342 0.217632 0.202835 0.219357 0.192758 0.179656 0.186988 0.198463 0.195467 5.195617e-02 0.982
N:19 Run:6 0.161295 0.186522 0.183813 0.189608 0.245577 0.453523 0.55038 0.579536 0.619608 0.619415 0.606399 0.62711 0.480598 0.263165 0.231267 0.198766 0.192909 0.190757 0.182451 0.191447 0.195158 5.195617e-02 0.982
N:19 Run:7 0.192116 0.18534 0.175222 0.179445 0.204153 0.286959 0.370018 0.425253 0.490674 0.503246 0.526591 0.559893 0.384964 0.237983 0.208404 0.193082 0.188935 0.178922 0.190463 0.191616 0.18988 5.195617e-02 0.982
N:19 Run:8 0.2126 0.194713 0.192503 0.190483 0.185462 0.185575 0.192058 0.184225 0.186091 0.193187 0.185639 0.189825 0.205995 0.185617 0.196612 0.190409 0.184575 0.19205 0.191207 0.187358 0.189064 5.195617e-02 0.982
N:19 Run:9 0.253698 0.202555 0.19727 0.233812 0.392348 0.518092 0.595583 0.60737 0.629431 0.616947 0.61406 0.622266 0.431154 0.252192 0.202257 0.195479 0.186501 0.187767 0.185368 0.183702 0.175817 5.195617e-02 0.982
N:20 Run:0 0.182608 0.183418 0.181057 0.202743 0.282986 0.428294 0.54781 0.592367 0.606375 0.57904 0.597548 0.595896 0.447125 0.245808 0.219412 0.199354 0.198145 0.190544 0.194781 0.189079 0.192447 5.047225e-02 0.983
N:20 Run:1 0.201271 0.18734 0.193776 0.197249 0.247853 0.322094 0.453678 0.53416 0.580507 0.572484 0.603471 0.563179 0.499347 0.283756 0.242345 0.205989 0.192244 0.177947 0.190012 0.198614 0.183714 5.047225e-02 0.983
N:20 Run:2 0.139855 0.185095 0.179678 0.190814 0.18535 0.184917 0.198977 0.194929 0.205673 0.249913 0.296841 0.428636 0.257417 0.216303 0.197656 0.197619 0.201956 0.18606 0.18621 0.189054 0.198583 5.047225e-02 0.983
N:20 Run:3 0.201673 0.197576 0.194165 0.190889 0.203023 0.208565 0.286157 0.436886 0.417106 0.461216 0.537604 0.549883 0.346961 0.226682 0.200114 0.192754 0.191397 0.183583 0.206708 0.190715 0.181189 5.047225e-02 0.983
N:20 Run:4 0.199725 0.196579 0.189531 0.209522 0.303993 0.494298 0.562612 0.589369 0.574224 0.598408 0.614605 0.597444 0.406805 0.23789 0.196176 0.189554 0.179155 0.193553 0.186984 0.174283 0.180532 5.047225e-02 0.983
N:20 Run:5 0.167145 0.182197 0.170732 0.16487 0.190304 0.22927 0.275865 0.29209 0.282075 0.320861 0.308634 0.304855 0.266342 0.217632 0.202835 0.219357 0.192758 0.179656 0.186988 0.198463 0.195467 5.047225e-02 0.983
N:20 Run:6 0.161295 0.186522 0.183813 0.189608 0.245577 0.453523 0.55038 0.579536 0.619608 0.619415 0.606399 0.62711 0.480598 0.263165 0.231267 0.198766 0.192909 0.190757 0.182451 0.191447 0.195158 5.047225e-02 0.983
N:20 Run:7 0.192116 0.18534 0.175222 0.179445 0.204153 0.286959 0.370018 0.425253 0.490674 0.503246 0.526591 0.559893 0.384964 0.237983 0.208404 0.193082 0.188935 0.178922 0.190463 0.191616 0.18988 5.047225e-02 0.983
N:20 Run:8 0.2126 0.194713 0.192503 0.190483 0.185462 0.185575 0.192058 0.184225 0.186091 0.193187 0.185639 0.189825 0.205995 0.185617 0.196612 0.190409 0.184575 0.19205 0.191207 0.187358 0.189064 5.047225e-02 0.983
N:20 Run:9 0.253698 0.202555 0.19727 0.233812 0.392348 0.518092 0.595583 0.60737 0.629431 0.616947 0.61406 0.622266 0.431154 0.252192 0.202257 0.195479 0.186501 0.187767 0.185368 0.183702 0.175817 5.047225e-02 0.983
N:21 Run:0 0.182608 0.183418 0.181057 0.202743 0.282986 0.428294 0.54781 0.592367 0.606375 0.57904 0.597548 0.595896 0.447125 0.245808 0.219412 0.199354 0.198145 0.190544 0.194781 0.189079 0.192447 5.002431e-02 0.982
N:21 Run:1 0.201271 0.18734 0.193776 0.197249 0.247853 0.322094 0.453678 0.53416 0.580507 0.572484 0.603471 0.563179 0.499347 0.283756 0.242345 0.205989 0.192244 0.177947 0.190012 0.198614 0.183714 5.002431e-02 0.982
N:21 Run:2 0.139855 0.185095 0.179678 0.190814 0.18535 0.184917 0.198977 0.194929 0.205673 0.249913 0.296841 0.428636 0.257417 0.216303 0.197656 0.197619 0.201956 0.18606 0.18621 0.189054 0.198583 5.002431e-02 0.982
N:21 Run:3 0.201673 0.197576 0.194165 0.190889 0.203023 0.208565 0.286157 0.436886 0.417106 0.461216 0.537604 0.549883 0.346961 0.226682 0.200114 0.192754 0.191397 0.183583 0.206708 0.190715 0.181189 5.002431e-02 0.982
N:21 Run:4 0.199725 0.196579 0.189531 0.209522 0.303993 0.494298 0.562612 0.589369 0.574224 0.598408 0.614605 0.597444 0.406805 0.23789 0.196176 0.189554 0.179155 0.193553 0.186984 0.174283 0.180532 5.002431e-02 0.982
N:21 Run:5 0.167145 0.182197 0.170732 0.16487 0.190304 0.22927 0.275865 0.29209 0.282075 0.320861 0.308634 0.304855 0.266342 0.217632 0.202835 0.219357 0.192758 0.179656 0.186988 0.198463 0.195467 5.002431e-02 0.982
N:21 Run:6 0.161295 0.186522 0.183813 0.189608 0.245577 0.453523 0.55038 0.579536 0.619608 0.619415 0.606399 0.62711 0.480598 0.263165 0.231267 0.198766 0.192909 0.190757 0.182451 0.191447 0.195158 5.002431e-02 0.982
N:21 Run:7 0.192116 0.18534 0.175222 0.179445 0.204153 0.286959 0.370018 0.425253 0.490674 0.503246 0.526591 0.559893 0.384964 0.237983 0.208404 0.193082 0.188935 0.178922 0.190463 0.191616 0.18988 5.002431e-02 0.982
N:21 Run:8 0.2126 0.194713 0.192503 0.190483 0.185462 0.185575 0.192058 0.184225 0.186091 0.193187 0.185639 0.189825 0.205995 0.185617 0.196612 0.190409 0.184575 0.19205 0.191207 0.187358 0.189064 5.002431e-02 0.982
N:21 Run:9 0.253698 0.202555 0.19727 0.233812 0.392348 0.518092 0.595583 0.60737 0.629431 0.616947 0.61406 0.622266 0.431154 0.252192 0.202257 0.195479 0.186501 0.187767 0.185368 0.183702 0.175817 5.002431e-02 0.982
N:22 Run:0 0.182608 0.183418 0.181057 0.202743 0.282986 0.428294 0.54781 0.592367 0.606375 0.57904 0.597548 0.595896 0.447125 0.245808 0.219412 0.199354 0.198145 0.190544 0.194781 0.189079 0.192447 5.567828e-02 0.981
N:22 Run:1 0.201271 0.18734 0.193776 0.197249 0.247853 0.322094 0.453678 0.53416 0.580507 0.572484 0.603471 0.563179 0.499347 0.283756 0.242345 0.205989 0.192244 0.177947 0.190012 0.198614 0.183714 5.567828e-02 0.981
N:22 Run:2 0.139855 0.185095 0.179678 0.190814 0.18535 0.184917 0.198977 0.194929 0.205673 0.249913 0.296841 0.428636 0.257417 0.216303 0.197656 0.197619 0.201956 0.18606 0.18621 0.189054 0.198583 5.567828e-02 0.981
N:22 Run:3 0.201673 0.197576 0.194165 0.190889 0.203023 0.208565 0.286157 0.436886 0.417106 0.461216 0.537604 0.549883 0.346961 0.226682 0.200114 0.192754 0.191397 0.183583 0.206708 0.190715 0.181189 5.567828e-02 0.981
N:22 Run:4 0.199725 0.196579 0.189531 0.209522 0.303993 0.494298 0.562612 0.589369 0.574224 0.598408 0.614605 0.597444 0.406805 0.23789 0.196176 0.189554 0.179155 0.193553 0.186984 0.174283 0.180532 5.567828e-02 0.981
N:22 Run:5 0.167145 0.182197 0.170732 0.16487 0.190304 0.22927 0.275865 0.29209 0.282075 0.320861 0.308634 0.304855 0.266342 0.217632 0.202835 0.219357 0.192758 0.179656 0.186988 0.198463 0.195467 5.567828e-02 0.981
N:22 Run:6 0.161295 0.186522 0.183813 0.189608 0.245577 0.453523 0.55038 0.579536 0.619608 0.619415 0.606399 0.62711 0.480598 0.263165 0.231267 0.198766 0.192909 0.190757 0.182451 0.191447 0.195158 5.567828e-02 0.981
N:22 Run:7 0.192116 0.18534 0.175222 0.179445 0.204153 0.286959 0.370018 0.425253 0.490674 0.503246 0.526591 0.559893 0.384964 0.237983 0.208404 0.193082 0.188935 0.178922 0.190463 0.191616 0.18988 5.567828e-02 0.981
N:22 Run:8 0.2126 0.194713 0.192503 0.190483 0.185462 0.185575 0.192058 0.184225 0.186091 0.193187 0.185639 0.189825 0.205995 0.185617 0.196612 0.190409 0.184575 0.19205 0.191207 0.187358 0.189064 5.567828e-02 0.981
N:22 Run:9 0.253698 0.202555 0.19727 0.233812 0.392348 0.518092 0.595583 0.60737 0.629431 0.616947 0.61406 0.622266 0.431154 0.252192 0.202257 0.195479 0.186501 0.187767 0.185368 0.183702 0.175817 5.567828e-02 0.981
N:23 Run:0 0.182608 0.183418 0.181057 0.202743 0.282986 0.428294 0.54781 0.592367 0.606375 0.57904 0.597548 0.595896 0.447125 0.245808 0.219412 0.199354 0.198145 0.190544 0.194781 0.189079 0.192447 5.585516e-02 0.981
N:23 Run:1 0.201271 0.18734 0.193776 0.197249 0.247853 0.322094 0.453678 0.53416 0.580507 0.572484 0.603471 0.563179 0.499347 0.283756 0.242345 0.205989 0.192244 0.177947 0.190012 0.198614 0.183714 5.585516e-02 0.981
N:23 Run:2 0.139855 0.185095 0.179678 0.190814 0.18535 0.184917 0.198977 0.194929 0.205673 0.249913 0.296841 0.428636 0.257417 0.216303 0.197656 0.197619 0.201956 0.18606 0.18621 0.189054 0.198583 5.585516e-02 0.981
N:23 Run:3 0.201673 0.197576 0.194165 0.190889 0.203023 0.208565 0.286157 0.436886 0.417106 0.461216 0.537604 0.549883 0.346961 0.226682 0.200114 0.192754 0.191397 0.183583 0.206708 0.190715 0.181189 5.585516e-02 0.981
N:23 Run:4 0.199725 0.196579 0.189531 0.209522 0.303993 0.494298 0.562612 0.589369 0.574224 0.598408 0.614605 0.597444 0.406805 0.23789 0.196176 0.189554 0.179155 0.193553 0.186984 0.174283 0.180532 5.585516e-02 0.981
N:23 Run:5 0.167145 0.182197 0.170732 0.16487 0.190304 0.22927 0.275865 0.29209 0.282075 0.320861 0.308634 0.304855 0.266342 0.217632 0.202835 0.219357 0.192758 0.179656 0.186988 0.198463 0.195467 5.585516e-02 0.981
N:23 Run:6 0.161295 0.186522 0.183813 0.189608 0.245577 0.453523 0.55038 0.579536 0.619608 0.619415 0.606399 0.62711 0.480598 0.263165 0.231267 0.198766 0.192909 0.190757 0.182451 0.191447 0.195158 5.585516e-02 0.981
N:23 Run:7 0.192116 0.18534 0.175222 0.179445 0.204153 0.286959 0.370018 0.425253 0.490674 0.503246 0.526591 0.559893 0.384964 0.237983 0.208404 0.193082 0.188935 0.178922 0.190463 0.191616 0.18988 5.585516e-02 0.981
N:23 Run:8 0.2126 0.194713 0.192503 0.190483 0.185462 0.185575 0.192058 0.184225 0.186091 0.193187 0.185639 0.189825 0.205995 0.185617 0.196612 0.190409 0.184575 0.19205 0.191207 0.187358 0.189064 5.585516e-02 0.981
N:23 Run:9 0.253698 0.202555 0.19727 0.233812 0.392348 0.518092 0.595583 0.60737 0.629431 0.616947 0.61406 0.622266 0.431154 0.252192 0.202257 0.195479 0.186501 0.187767 0.185368 0.183702 0.175817 5.585516e-02 0.981
N:24 Run:0 0.182608 0.183418 0.181057 0.202743 0.282986 0.428294 0.54781 0.592367 0.606375 0.57904 0.597548 0.595896 0.447125 0.245808 0.219412 0.199354 0.198145 0.190544 0.194781 0.189079 0.192447 5.035078e-02 0.980
N:24 Run:1 0.201271 0.18734 0.193776 0.197249 0.247853 0.322094 0.453678 0.53416 0.580507 0.572484 0.603471 0.563179 0.499347 0.283756 0.242345 0.205989 0.192244 0.177947 0.190012 0.198614 0.183714 5.035078e-02 0.980
N:24 Run:2 0.139855 0.185095 0.179678 0.190814 0.18535 0.184917 0.198977 0.194929 0.205673 0.249913 0.296841 0.428636 0.257417 0.216303 0.197656 0.197619 0.201956 0.18606 0.18621 0.189054 0.198583 5.035078e-02 0.980
N:24 Run:3 0.201673 0.197576 0.194165 0.190889 0.203023 0.208565 0.286157 0.436886 0.417106 0.461216 0.537604 0.549883 0.346961 0.226682 0.200114 0.192754 0.191397 0.183583 0.206708 0.190715 0.181189 5.035078e-02 0.980
N:24 Run:4 0.199725 0.196579 0.189531 0.209522 0.303993 0.494298 0.562612 0.589369 0.574224 0.598408 0.614605 0.597444 0.406805 0.23789 0.196176 0.189554 0.179155 0.193553 0.186984 0.174283 0.180532 5.035078e-02 0.980
N:24 Run:5 0.167145 0.182197 0.170732 0.16487 0.190304 0.22927 0.275865 0.29209 0.282075 0.320861 0.308634 0.304855 0.266342 0.217632 0.202835 0.219357 0.192758 0.179656 0.186988 0.198463 0.195467 5.035078e-02 0.980
N:24 Run:6 0.161295 0.186522 0.183813 0.189608 0.245577 0.453523 0.55038 0.579536 0.619608 0.619415 0.606399 0.62711 0.480598 0.263165 0.231267 0.198766 0.192909 0.190757 0.182451 0.191447 0.195158 5.035078e-02 0.980
N:24 Run:7 0.192116 0.18534 0.175222 0.179445 0.204153 0.286959 0.370018 0.425253 0.490674 0.503246 0.526591 0.559893 0.384964 0.237983 0.208404 0.193082 0.188935 0.178922 0.190463 0.191616 0.18988 5.035078e-02 0.980
N:24 Run:8 0.2126 0.194713 0.192503 0.190483 0.185462 0.185575 0.192058 0.184225 0.186091 0.193187 0.185639 0.189825 0.205995 0.185617 0.196612 0.190409 0.184575 0.19205 0.191207 0.187358 0.189064 5.035078e-02 0.980
N:24 Run:9 0.253698 0.202555 0.19727 0.233812 0.392348 0.518092 0.595583 0.60737 0.629431 0.616947 0.61406 0.622266 0.431154 0.252192 0.202257 0.195479 0.186501 0.187767 0.185368 0.183702 0.175817 5.035078e-02 0.980
N:25 Run:0 0.182608 0.183418 0.181057 0.202743 0.282986 0.428294 0.54781 0.592367 0.606375 0.57904 0.597548 0.595896 0.447125 0.245808 0.219412 0.199354 0.198145 0.190544 0.194781 0.189079 0.192447 5.077123e-02 0.983
N:25 Run:1 0.201271 0.18734 0.193776 0.197249 0.247853 0.322094 0.453678 0.53416 0.580507 0.572484 0.603471 0.563179 0.499347 0.283756 0.242345 0.205989 0.192244 0.177947 0.190012 0.198614 0.183714 5.077123e-02 0.983
N:25 Run:2 0.139855 0.185095 0.179678 0.190814 0.18535 0.184917 0.198977 0.194929 0.205673 0.249913 0.296841 0.428636 0.257417 0.216303 0.197656 0.197619 0.201956 0.18606 0.18621 0.189054 0.198583 5.077123e-02 0.983
N:25 Run:3 0.201673 0.197576 0.194165 0.190889 0.203023 0.208565 0.286157 0.436886 0.417106 0.461216 0.537604 0.549883 0.346961 0.226682 0.200114 0.192754 0.191397 0.183583 0.206708 0.190715 0.181189 5.077123e-02 0.983
N:25 Run:4 0.199725 0.196579 0.189531 0.209522 0.303993 0.494298 0.562612 0.589369 0.574224 0.598408 0.614605 0.597444 0.406805 0.23789 0.196176 0.189554 0.179155 0.193553 0.186984 0.174283 0.180532 5.077123e-02 0.983
N:25 Run:5 0.167145 0.182197 0.170732 0.16487 0.190304 0.22927 0.275865 0.29209 0.282075 0.320861 0.308634 0.304855 0.266342 0.217632 0.202835 0.219357 0.192758 0.179656 0.186988 0.198463 0.195467 5.077123e-02 0.983
N:25 Run:6 0.161295 0.186522 0.183813 0.189608 0.245577 0.453523 0.55038 0.579536 0.619608 0.619415 0.606399 0.62711 0.480598 0.263165 0.231267 0.198766 0.192909 0.190757 0.182451 0.191447 0.195158 5.077123e-02 0.983
N:25 Run:7 0.192116 0.18534 0.175222 0.179445 0.204153 0.286959 0.370018 0.425253 0.490674 0.503246 0.526591 0.559893 0.384964 0.237983 0.208404 0.193082 0.188935 0.178922 0.190463 0.191616 0.18988 5.077123e-02 0.983
N:25 Run:8 0.2126 0.194713 0.192503 0.190483 0.185462 0.185575 0.192058 0.184225 0.186091 0.193187 0.185639 0.189825 0.205995 0.185617 0.196612 0.190409 0.184575 0.19205 0.191207 0.187358 0.189064 5.077123e-02 0.983
N:25 Run:9 0.253698 0.202555 0.19727 0.233812 0.392348 0.518092 0.595583 0.60737 0.629431 0.616947 0.61406 0.622266 0.431154 0.252192 0.202257 0.195479 0.186501 0.187767 0.185368 0.183702 0.175817 5.077123e-02 0.983
N:26 Run:0 0.182608 0.183418 0.181057 0.202743 0.282986 0.428294 0.54781 0.592367 0.606375 0.57904 0.597548 0.595896 0.447125 0.245808 0.219412 0.199354 0.198145 0.190544 0.194781 0.189079 0.192447 5.008503e-02 0.979
N:26 Run:1 0.201271 0.18734 0.193776 0.197249 0.247853 0.322094 0.453678 0.53416 0.580507 0.572484 0.603471 0.563179 0.499347 0.283756 0.242345 0.205989 0.192244 0.177947 0.190012 0.198614 0.183714 5.008503e-02 0.979
N:26 Run:2 0.139855 0.185095 0.179678 0.190814 0.18535 0.184917 0.198977 0.194929 0.205673 0.249913 0.296841 0.428636 0.257417 0.216303 0.197656 0.197619 0.201956 0.18606 0.18621 0.189054 0.198583 5.008503e-02 0.979
N:26 Run:3 0.201673 0.197576 0.194165 0.190889 0.203023 0.208565 0.286157 0.436886 0.417106 0.461216 0.537604 0.549883 0.346961 0.226682 0.200114 0.192754 0.191397 0.183583 0.206708 0.190715 0.181189 5.008503e-02 0.979
N:26 Run:4 0.199725 0.196579 0.189531 0.209522 0.303993 0.494298 0.562612 0.589369 0.574224 0.598408 0.614605 0.597444 0.406805 0.23789 0.196176 0.189554 0.179155 0.193553 0.186984 0.174283 0.180532 5.008503e-02 0.979
N:26 Run:5 0.167145 0.182197 0.170732 0.16487 0.190304 0.22927 0.275865 0.29209 0.282075 0.320861 0.308634 0.304855 0.266342 0.217632 0.202835 0.219357 0.192758 0.179656 0.186988 0.198463 0.195467 5.008503e-02 0.979
N:26 Run:6 0.161295 0.186522 0.183813 0.189608 0.245577 0.453523 0.55038 0.579536 0.619608 0.619415 0.606399 0.62711 0.480598 0.263165 0.231267 0.198766 0.192909 0.190757 0.182451 0.191447 0.195158 5.008503e-02 0.979
N:26 Run:7 0.192116 0.18534 0.175222 0.179445 0.204153 0.286959 0.370018 0.425253 0.490674 0.503246 0.526591 0.559893 0.384964 0.237983 0.208404 0.193082 0.188935 0.178922 0.190463 0.191616 0.18988 5.008503e-02 0.979
N:26 Run:8 0.2126 0.194713 0.192503 0.190483 0.185462 0.185575 0.192058 0.184225 0.186091 0.193187 0.185639 0.189825 0.205995 0.185617 0.196612 0.190409 0.184575 0.19205 0.191207 0.187358 0.189064 5.008503e-02 0.979
N:26 Run:9 0.253698 0.202555 0.19727 0.233812 0.392348 0.518092 0.595583 0.60737 0.629431 0.616947 0.61406 0.622266 0.431154 0.252192 0.202257 0.195479 0.186501 0.187767 0.185368 0.183702 0.175817 5.008503e-02 0.979
N:27 Run:0 0.182608 0.183418 0.181057 0.202743 0.282986 0.428294 0.54781 0.592367 0.606375 0.57904 0.597548 0.595896 0.447125 0.245808 0.219412 0.199354 0.198145 0.190544 0.194781 0.189079 0.192447 5.025717e-02 0.980
N:27 Run:1 0.201271 0.18734 0.193776 0.197249 0.247853 0.322094 0.453678 0.53416 0.580507 0.572484 0.603471 0.563179 0.499347 0.283756 0.242345 0.205989 0.192244 0.177947 0.190012 0.198614 0.183714 5.025717e-02 0.980
N:27 Run:2 0.139855 0.185095 0.179678 0.190814 0.18535 0.184917 0.198977 0.194929 0.205673 0.249913 0.296841 0.428636 0.257417 0.216303 0.197656 0.197619 0.201956 0.18606 0.18621 0.189054 0.198583 5.025717e-02 0.980
N:27 Run:3 0.201673 0.197576 0.194165 0.190889 0.203023 0.208565 0.286157 0.436886 0.417106 0.461216 0.537604 0.549883 0.346961 0.226682 0.200114 0.192754 0.191397 0.183583 0.206708 0.190715 0.181189 5.025717e-02 0.980
N:27 Run:4 0.199725 0.196579 0.189531 0.209522 0.303993 0.494298 0.562612 0.589369 0.574224 0.598408 0.614605 0.597444 0.406805 0.23789 0.196176 0.189554 0.179155 0.193553 0.186984 0.174283 0.180532 5.025717e-02 0.980
N:27 Run:5 0.167145 0.182197 0.170732 0.16487 0.190304 0.22927 0.275865 0.29209 0.282075 0.320861 0.308634 0.304855 0.266342 0.217632 0.202835 0.219357 0.192758 0.179656 0.186988 0.198463 0.195467 5.025717e-02 0.980
N:27 Run:6 0.161295 0.186522 0.183813 0.189608 0.245577 0.453523 0.55038 0.579536 0.619608 0.619415 0.606399 0.62711 0.480598 0.263165 0.231267 0.198766 0.192909 0.190757 0.182451 0.191447 0.195158 5.025717e-02 0.980
N:27 Run:7 0.192116 0.18534 0.175222 0.179445 0.204153 0.286959 0.370018 0.425253 0.490674 0.503246 0.526591 0.559893 0.384964 0.237983 0.208404 0.193082 0.188935 0.178922 0.190463 0.191616 0.18988 5.025717e-02 0.980
N:27 Run:8 0.2126 0.194713 0.192503 0.190483 0.185462 0.185575 0.192058 0.184225 0.186091 0.193187 0.185639 0.189825 0.205995 0.185617 0.196612 0.190409 0.184575 0.19205 0.191207 0.187358 0.189064 5.025717e-02 0.980
N:27 Run:9 0.253698 0.202555 0.19727 0.233812 0.392348 0.518092 0.595583 0.60737 0.629431 0.616947 0.61406 0.622266 0.431154 0.252192 0.202257 0.195479 0.186501 0.187767 0.185368 0.183702 0.175817 5.025717e-02 0.980
N:28 Run:0 0.182608 0.183418 0.181057 0.202743 0.282986 0.428294 0.54781 0.592367 0.606375 0.57904 0.597548 0.595896 0.447125 0.245808 0.219412 0.199354 0.198145 0.190544 0.194781 0.189079 0.192447 5.511150e-02 0.983
N:28 Run:1 0.201271 0.18734 0.193776 0.197249 0.247853 0.322094 0.453678 0.53416 0.580507 0.572484 0.603471 0.563179 0.499347 0.283756 0.242345 0.205989 0.192244 0.177947 0.190012 0.198614 0.183714 5.511150e-02 0.983
N:28 Run:2 0.139855 0.185095 0.179678 0.190814 0.18535 0.184917 0.198977 0.194929 0.205673 0.249913 0.296841 0.428636 0.257417 0.216303 0.197656 0.197619 0.201956 0.18606 0.18621 0.189054 0.198583 5.511150e-02 0.983
N:28 Run:3 0.201673 0.197576 0.194165 0.190889 0.203023 0.208565 0.286157 0.436886 0.417106 0.461216 0.537604 0.549883 0.346961 0.226682 0.200114 0.192754 0.191397 0.183583 0.206708 0.190715 0.181189 5.511150e-02 0.983
N:28 Run:4 0.199725 0.196579 0.189531 0.209522 0.303993 0.494298 0.562612 0.589369 0.574224 0.598408 0.614605 0.597444 0.406805 0.23789 0.196176 0.189554 0.179155 0.193553 0.186984 0.174283 0.180532 5.511150e-02 0.983
N:28 Run:5 0.167145 0.182197 0.170732 0.16487 0.190304 0.22927 0.275865 0.29209 0.282075 0.320861 0.308634 0.304855 0.266342 0.217632 0.202835 0.219357 0.192758 0.179656 0.186988 0.198463 0.195467 5.511150e-02 0.983
N:28 Run:6 0.161295 0.186522 0.183813 0.189608 0.245577 0.453523 0.55038 0.579536 0.619608 0.619415 0.606399 0.62711 0.480598 0.263165 0.231267 0.198766 0.192909 0.190757 0.182451 0.191447 0.195158 5.511150e-02 0.983
N:28 Run:7 0.192116 0.18534 0.175222 0.179445 0.204153 0.286959 0.370018 0.425253 0.490674 0.503246 0.526591 0.559893 0.384964 0.237983 0.208404 0.193082 0.188935 0.178922 0.190463 0.191616 0.18988 5.511150e-02 0.983
N:28 Run:8 0.2126 0.194713 0.192503 0.190483 0.185462 0.185575 0.192058 0.184225 0.186091 0.193187 0.185639 0.189825 0.205995 0.185617 0.196612 0.190409 0.184575 0.19205 0.191207 0.187358 0.189064 5.511150e-02 0.983
N:28 Run:9 0.253698 0.202555 0.19727 0.233812 0.392348 0.518092 0.595583 0.60737 0.629431 0.616947 0.61406 0.622266 0.431154 0.252192 0.202257 0.195479 0.186501 0.187767 0.185368 0.183702 0.175817 5.511150e-02 0.983
N:29 Run:0 0.182608 0.183418 0.181057 0.202743 0.282986 0.428294 0.54781 0.592367 0.606375 0.57904 0.597548 0.595896 0.447125 0.245808 0.219412 0.199354 0.198145 0.190544 0.194781 0.189079 0.192447 5.046469e-02 0.979
N:29 Run:1 0.201271 0.18734 0.193776 0.197249 0.247853 0.322094 0.453678 0.53416 0.580507 0.572484 0.603471 0.563179 0.499347 0.283756 0.242345 0.205989 0.192244 0.177947 0.190012 0.198614 0.183714 5.046469e-02 0.979
N:29 Run:2 0.139855 0.185095 0.179678 0.190814 0.18535 0.184917 0.198977 0.194929 0.205673 0.249913 0.296841 0.428636 0.257417 0.216303 0.197656 0.197619 0.201956 0.18606 0.18621 0.189054 0.198583 5.046469e-02 0.979
N:29 Run:3 0.201673 0.197576 0.194165 0.190889 0.203023 0.208565 0.286157 0.436886 0.417106 0.461216 0.537604 0.549883 0.346961 0.226682 0.200114 0.192754 0.191397 0.183583 0.206708 0.190715 0.181189 5.046469e-02 0.979
N:29 Run:4 0.199725 0.196579 0.189531 0.209522 0.303993 0.494298 0.562612 0.589369 0.574224 0.598408 0.614605 0.597444 0.406805 0.23789 0.196176 0.189554 0.179155 0.193553 0.186984 0.174283 0.180532 5.046469e-02 0.979
N:29 Run:5 0.167145 0.182197 0.170732 0.16487 0.190304 0.22927 0.275865 0.29209 0.282075 0.320861 0.308634 0.304855 0.266342 0.217632 0.202835 0.219357 0.192758 0.179656 0.186988 0.198463 0.195467 5.046469e-02 0.979
N:29 Run:6 0.161295 0.186522 0.183813 0.189608 0.245577 0.453523 0.55038 0.579536 0.619608 0.619415 0.606399 0.62711 0.480598 0.263165 0.231267 0.198766 0.192909 0.190757 0.182451 0.191447 0.195158 5.046469e-02 0.979
N:29 Run:7 0.192116 0.18534 0.175222 0.179445 0.204153 0.286959 0.370018 0.425253 0.490674 0.503246 0.526591 0.559893 0.384964 0.237983 0.208404 0.193082 0.188935 0.178922 0.190463 0.191616 0.18988 5.046469e-02 0.979
N:29 Run:8 0.2126 0.194713 0.192503 0.190483 0.185462 0.185575 0.192058 0.184225 0.186091 0.193187 0.185639 0.189825 0.205995 0.185617 0.196612 0.190409 0.184575 0.19205 0.191207 0.187358 0.189064 5.046469e-02 0.979
N:29 Run:9 0.253698 0.202555 0.19727 0.233812 0.392348 0.518092 0.595583 0.60737 0.629431 0.616947 0.61406 0.622266 0.431154 0.252192 0.202257 0.195479 0.186501 0.187767 0.185368 0.183702 0.175817 5.046469e-02 0.979
