Seed:1578434710
N:0 Run:0 0.554107 0.593008 0.604329 0.614949 0.619322 0.618115 0.585355 0.583099 0.595948 0.596271 0.577248 0.541688 0.513441 0.550669 0.572949 0.589852 0.599327 0.618336 0.619276 0.610175 0.602826 1.034566e-01 0.624
N:0 Run:1 0.585658 0.60652 0.611716 0.550974 0.469481 0.423211 0.339399 0.332423 0.286205 0.284086 0.272562 0.294411 0.349093 0.443008 0.485552 0.540178 0.580742 0.604532 0.604517 0.634542 0.630826 1.034566e-01 0.624
N:0 Run:2 0.537605 0.597928 0.599552 0.55145 0.469293 0.374424 0.289255 0.218365 0.183785 0.152291 0.192826 0.204131 0.290372 0.413152 0.515035 0.543253 0.567762 0.575391 0.596074 0.599296 0.59291 1.034566e-01 0.624
N:0 Run:3 0.584123 0.627623 0.638492 0.620642 0.61021 0.59567 0.598553 0.615073 0.61007 0.608273 0.595344 0.596592 0.614477 0.622442 0.629758 0.620413 0.608995 0.607316 0.645936 0.639297 0.669574 1.034566e-01 0.624
N:0 Run:4 0.584473 0.629769 0.634343 0.644677 0.665433 0.668679 0.676768 0.679082 0.645738 0.652474 0.678392 0.673273 0.658259 0.637784 0.64284 0.61296 0.598415 0.602849 0.618251 0.611693 0.632041 1.034566e-01 0.624
N:0 Run:5 0.550731 0.592288 0.625029 0.637234 0.626081 0.633958 0.629185 0.608008 0.611876 0.630753 0.628558 0.648294 0.625424 0.609053 0.602485 0.614468 0.588447 0.631543 0.640796 0.63793 0.646796 1.034566e-01 0.624
N:0 Run:6 0.652511 0.626826 0.62456 0.600502 0.545633 0.53282 0.520639 0.498609 0.526737 0.492991 0.47309 0.486855 0.496647 0.534466 0.579222 0.565521 0.559523 0.587587 0.608157 0.622405 0.625377 1.034566e-01 0.624
N:0 Run:7 0.581708 0.603252 0.597221 0.60133 0.619126 0.617235 0.614241 0.617288 0.618731 0.624903 0.604798 0.617848 0.623053 0.61688 0.624487 0.597951 0.595609 0.592603 0.590607 0.607843 0.60162 1.034566e-01 0.624
N:0 Run:8 0.813802 0.700104 0.585538 0.452338 0.4125 0.284201 0.264734 0.205728 0.173892 0.114831 0.131635 0.102213 0.229836 0.398246 0.493922 0.561524 0.579793 0.579317 0.622063 0.620916 0.621916 1.034566e-01 0.624
N:0 Run:9 0.642772 0.626787 0.635831 0.658627 0.64768 0.637629 0.648008 0.639923 0.622667 0.630345 0.628101 0.633569 0.64818 0.639968 0.641904 0.623532 0.607481 0.592126 0.620775 0.616011 0.624535 1.034566e-01 0.624
N:1 Run:0 0.554107 0.581949 0.570899 0.54849 0.54927 0.534414 0.520638 0.517279 0.510832 0.52765 0.530214 0.529298 0.567397 0.592398 0.601557 0.616501 0.617406 0.630087 0.615347 0.616015 0.622995 1.033370e-01 0.599
N:1 Run:1 0.585658 0.592127 0.561826 0.518338 0.438549 0.404221 0.355939 0.33425 0.316859 0.299062 0.28374 0.299118 0.398161 0.481022 0.53125 0.57082 0.586853 0.604517 0.60975 0.616582 0.613363 1.033370e-01 0.599
N:1 Run:2 0.537605 0.579268 0.544736 0.490165 0.380455 0.3114 0.274297 0.223211 0.19763 0.197768 0.206245 0.189311 0.32585 0.420757 0.483246 0.528821 0.572496 0.583421 0.599425 0.613591 0.624312 1.033370e-01 0.599
N:1 Run:3 0.584123 0.607958 0.607886 0.615556 0.617452 0.606552 0.616688 0.625817 0.630229 0.632807 0.635455 0.63275 0.636417 0.634463 0.637437 0.641732 0.640834 0.625746 0.627809 0.635497 0.62214 1.033370e-01 0.599
N:1 Run:4 0.584473 0.596805 0.616026 0.618324 0.611168 0.61582 0.611386 0.626546 0.638215 0.63764 0.637443 0.62862 0.630751 0.625895 0.628438 0.639132 0.636256 0.628899 0.634803 0.6403 0.642523 1.033370e-01 0.599
N:1 Run:5 0.550731 0.571669 0.592386 0.605886 0.616157 0.615139 0.616585 0.618718 0.622866 0.611658 0.603529 0.610746 0.629481 0.627581 0.620339 0.624655 0.638798 0.63446 0.631904 0.638664 0.633827 1.033370e-01 0.599
N:1 Run:6 0.652511 0.643098 0.617293 0.578522 0.58002 0.577019 0.570216 0.588398 0.568254 0.550782 0.531493 0.539791 0.568465 0.59175 0.605676 0.615005 0.614853 0.613699 0.62844 0.623462 0.621652 1.033370e-01 0.599
N:1 Run:7 0.581708 0.599486 0.609615 0.607582 0.609424 0.623537 0.629686 0.634066 0.628835 0.621219 0.614525 0.637788 0.642911 0.623875 0.622048 0.628075 0.618075 0.606338 0.613721 0.60763 0.599041 1.033370e-01 0.599
N:1 Run:8 0.813802 0.748331 0.581307 0.427608 0.356234 0.27814 0.221384 0.175443 0.166828 0.122563 0.101273 0.0831233 0.229952 0.354409 0.447614 0.50803 0.549879 0.586043 0.597759 0.609151 0.626231 1.033370e-01 0.599
N:1 Run:9 0.642772 0.629663 0.628409 0.626677 0.623186 0.632999 0.629827 0.631947 0.631995 0.625328 0.624154 0.614276 0.619334 0.627859 0.622803 0.622048 0.625735 0.616871 0.615801 0.646542 0.641757 1.033370e-01 0.599
N:2 Run:0 0.554107 0.597562 0.583658 0.578785 0.57424 0.569191 0.544424 0.542979 0.550483 0.546308 0.529463 0.494793 0.482803 0.53975 0.575433 0.597745 0.611064 0.633935 0.634125 0.624408 0.617619 1.026308e-01 0.615
N:2 Run:1 0.585658 0.616254 0.638272 0.578562 0.503497 0.450005 0.347074 0.340163 0.278686 0.286371 0.285008 0.288505 0.323639 0.42658 0.476499 0.539933 0.586826 0.616862 0.620567 0.653512 0.648767 1.026308e-01 0.615
N:2 Run:2 0.537605 0.606224 0.611875 0.560366 0.461996 0.345482 0.242731 0.162782 0.122797 0.0912038 0.12551 0.135689 0.232164 0.379132 0.501935 0.541254 0.571824 0.58385 0.607725 0.612918 0.603616 1.026308e-01 0.615
N:2 Run:3 0.584123 0.638573 0.650978 0.636084 0.62381 0.607742 0.611488 0.631568 0.62448 0.623259 0.604737 0.606567 0.625789 0.639125 0.647059 0.636741 0.625708 0.62299 0.662963 0.658136 0.690347 1.026308e-01 0.615
N:2 Run:4 0.584473 0.639359 0.611672 0.604761 0.608876 0.615602 0.612671 0.610657 0.57635 0.594653 0.618262 0.609841 0.638362 0.640771 0.655525 0.629688 0.614693 0.619093 0.635704 0.628346 0.651374 1.026308e-01 0.615
N:2 Run:5 0.550731 0.597393 0.635721 0.650209 0.642349 0.649929 0.64742 0.627477 0.62842 0.647715 0.647631 0.667529 0.644399 0.625591 0.617637 0.630053 0.603156 0.645954 0.658091 0.656668 0.666326 1.026308e-01 0.615
N:2 Run:6 0.652511 0.638358 0.637208 0.614047 0.553273 0.537569 0.521916 0.495693 0.525421 0.48827 0.462411 0.477166 0.487199 0.53477 0.587425 0.575696 0.564906 0.592965 0.620723 0.637806 0.638075 1.026308e-01 0.615
N:2 Run:7 0.581708 0.613631 0.604067 0.601983 0.617276 0.619815 0.613172 0.623081 0.6245 0.628802 0.609881 0.623983 0.636533 0.629465 0.639786 0.613005 0.60964 0.605103 0.599513 0.620627 0.616093 1.026308e-01 0.615
N:2 Run:8 0.813802 0.716009 0.622563 0.565084 0.469493 0.344688 0.318723 0.277735 0.191098 0.197517 0.207739 0.196973 0.240283 0.401766 0.49073 0.56613 0.589703 0.590287 0.637349 0.637701 0.6417 1.026308e-01 0.615
N:2 Run:9 0.642772 0.63635 0.616065 0.600668 0.595982 0.591158 0.596924 0.579436 0.568052 0.573288 0.567208 0.570374 0.625546 0.639243 0.652583 0.630485 0.618665 0.605386 0.638522 0.632565 0.637693 1.026308e-01 0.615
N:3 Run:0 0.554107 0.597562 0.583658 0.578785 0.57424 0.569191 0.544424 0.542979 0.550483 0.546308 0.529463 0.494793 0.482803 0.53975 0.575433 0.597745 0.611064 0.633935 0.634125 0.624408 0.617619 1.095092e-01 0.616
N:3 Run:1 0.585658 0.616254 0.638272 0.578562 0.503497 0.450005 0.347074 0.340163 0.278686 0.286371 0.285008 0.288505 0.323639 0.42658 0.476499 0.539933 0.586826 0.616862 0.620567 0.653512 0.648767 1.095092e-01 0.616
N:3 Run:2 0.537605 0.606224 0.611875 0.560366 0.461996 0.345482 0.242731 0.162782 0.122797 0.0912038 0.12551 0.135689 0.232164 0.379132 0.501935 0.541254 0.571824 0.58385 0.607725 0.612918 0.603616 1.095092e-01 0.616
N:3 Run:3 0.584123 0.638573 0.650978 0.636084 0.62381 0.607742 0.611488 0.631568 0.62448 0.623259 0.604737 0.606567 0.625789 0.639125 0.647059 0.636741 0.625708 0.62299 0.662963 0.658136 0.690347 1.095092e-01 0.616
N:3 Run:4 0.584473 0.639359 0.611672 0.604761 0.608876 0.615602 0.612671 0.610657 0.57635 0.594653 0.618262 0.609841 0.638362 0.640771 0.655525 0.629688 0.614693 0.619093 0.635704 0.628346 0.651374 1.095092e-01 0.616
N:3 Run:5 0.550731 0.597393 0.635721 0.650209 0.642349 0.649929 0.64742 0.627477 0.62842 0.647715 0.647631 0.667529 0.644399 0.625591 0.617637 0.630053 0.603156 0.645954 0.658091 0.656668 0.666326 1.095092e-01 0.616
N:3 Run:6 0.652511 0.638358 0.637208 0.614047 0.553273 0.537569 0.521916 0.495693 0.525421 0.48827 0.462411 0.477166 0.487199 0.53477 0.587425 0.575696 0.564906 0.592965 0.620723 0.637806 0.638075 1.095092e-01 0.616
N:3 Run:7 0.581708 0.613631 0.604067 0.601983 0.617276 0.619815 0.613172 0.623081 0.6245 0.628802 0.609881 0.623983 0.636533 0.629465 0.639786 0.613005 0.60964 0.605103 0.599513 0.620627 0.616093 1.095092e-01 0.616
N:3 Run:8 0.813802 0.716009 0.622563 0.565084 0.469493 0.344688 0.318723 0.277735 0.191098 0.197517 0.207739 0.196973 0.240283 0.401766 0.49073 0.56613 0.589703 0.590287 0.637349 0.637701 0.6417 1.095092e-01 0.616
N:3 Run:9 0.642772 0.63635 0.616065 0.600668 0.595982 0.591158 0.596924 0.579436 0.568052 0.573288 0.567208 0.570374 0.625546 0.639243 0.652583 0.630485 0.618665 0.605386 0.638522 0.632565 0.637693 1.095092e-01 0.616
N:4 Run:0 0.554107 0.581425 0.615766 0.629204 0.61082 0.634482 0.600075 0.591165 0.606527 0.601796 0.5939 0.563268 0.537514 0.580208 0.601154 0.615155 0.607727 0.606962 0.617506 0.624493 0.617185 8.530036e-02 0.655
N:4 Run:1 0.585658 0.612967 0.657062 0.62653 0.550157 0.470056 0.286725 0.284902 0.203758 0.211078 0.208344 0.212903 0.270196 0.44881 0.518314 0.578632 0.60401 0.606213 0.619772 0.619131 0.617089 8.530036e-02 0.655
N:4 Run:2 0.537605 0.59617 0.592751 0.578657 0.432579 0.260435 0.180311 0.150841 0.141004 0.137569 0.138691 0.138485 0.192702 0.402349 0.544172 0.56775 0.596 0.626831 0.613136 0.625591 0.630617 8.530036e-02 0.655
N:4 Run:3 0.584123 0.602051 0.623231 0.635332 0.647742 0.668175 0.658045 0.655512 0.660999 0.664656 0.657046 0.641208 0.668514 0.669904 0.638391 0.637094 0.620212 0.607515 0.624403 0.637358 0.633513 8.530036e-02 0.655
N:4 Run:4 0.584473 0.622608 0.6294 0.623014 0.625972 0.625638 0.641665 0.629608 0.612743 0.600481 0.598354 0.612978 0.615917 0.610816 0.608032 0.599622 0.599369 0.604731 0.580838 0.59633 0.611521 8.530036e-02 0.655
N:4 Run:5 0.550731 0.601065 0.594561 0.614534 0.599309 0.611095 0.602275 0.592029 0.595182 0.615863 0.608213 0.588516 0.59632 0.607238 0.604215 0.60532 0.601647 0.598157 0.609132 0.595855 0.60084 8.530036e-02 0.655
N:4 Run:6 0.652511 0.613378 0.628702 0.647467 0.59903 0.602937 0.579314 0.553527 0.601123 0.552214 0.508637 0.558097 0.557449 0.598963 0.608783 0.587562 0.584602 0.605311 0.608347 0.610879 0.597525 8.530036e-02 0.655
N:4 Run:7 0.581708 0.598324 0.600732 0.584805 0.609919 0.592339 0.589727 0.574715 0.574366 0.60339 0.584159 0.603 0.607539 0.606283 0.594464 0.571483 0.612461 0.613432 0.612541 0.625717 0.622569 8.530036e-02 0.655
N:4 Run:8 0.813802 0.671203 0.62813 0.615972 0.515699 0.307669 0.278244 0.21093 0.161868 0.156294 0.157499 0.151437 0.168077 0.405174 0.530656 0.565898 0.585477 0.607358 0.610687 0.622302 0.611559 8.530036e-02 0.655
N:4 Run:9 0.642772 0.604716 0.621625 0.62486 0.61901 0.606083 0.589869 0.609595 0.614913 0.591447 0.59972 0.608206 0.627016 0.629884 0.632995 0.63179 0.614673 0.604992 0.60508 0.612404 0.597112 8.530036e-02 0.655
N:5 Run:0 0.554107 0.581425 0.615766 0.629204 0.61082 0.634482 0.600075 0.591165 0.606527 0.601796 0.5939 0.563268 0.537514 0.580208 0.601154 0.615155 0.607727 0.606962 0.617506 0.624493 0.617185 8.972571e-02 0.601
N:5 Run:1 0.585658 0.612967 0.657062 0.62653 0.550157 0.470056 0.286725 0.284902 0.203758 0.211078 0.208344 0.212903 0.270196 0.44881 0.518314 0.578632 0.60401 0.606213 0.619772 0.619131 0.617089 8.972571e-02 0.601
N:5 Run:2 0.537605 0.59617 0.592751 0.578657 0.432579 0.260435 0.180311 0.150841 0.141004 0.137569 0.138691 0.138485 0.192702 0.402349 0.544172 0.56775 0.596 0.626831 0.613136 0.625591 0.630617 8.972571e-02 0.601
N:5 Run:3 0.584123 0.602051 0.623231 0.635332 0.647742 0.668175 0.658045 0.655512 0.660999 0.664656 0.657046 0.641208 0.668514 0.669904 0.638391 0.637094 0.620212 0.607515 0.624403 0.637358 0.633513 8.972571e-02 0.601
N:5 Run:4 0.584473 0.622608 0.6294 0.623014 0.625972 0.625638 0.641665 0.629608 0.612743 0.600481 0.598354 0.612978 0.615917 0.610816 0.608032 0.599622 0.599369 0.604731 0.580838 0.59633 0.611521 8.972571e-02 0.601
N:5 Run:5 0.550731 0.601065 0.594561 0.614534 0.599309 0.611095 0.602275 0.592029 0.595182 0.615863 0.608213 0.588516 0.59632 0.607238 0.604215 0.60532 0.601647 0.598157 0.609132 0.595855 0.60084 8.972571e-02 0.601
N:5 Run:6 0.652511 0.613378 0.628702 0.647467 0.59903 0.602937 0.579314 0.553527 0.601123 0.552214 0.508637 0.558097 0.557449 0.598963 0.608783 0.587562 0.584602 0.605311 0.608347 0.610879 0.597525 8.972571e-02 0.601
N:5 Run:7 0.581708 0.598324 0.600732 0.584805 0.609919 0.592339 0.589727 0.574715 0.574366 0.60339 0.584159 0.603 0.607539 0.606283 0.594464 0.571483 0.612461 0.613432 0.612541 0.625717 0.622569 8.972571e-02 0.601
N:5 Run:8 0.813802 0.671203 0.62813 0.615972 0.515699 0.307669 0.278244 0.21093 0.161868 0.156294 0.157499 0.151437 0.168077 0.405174 0.530656 0.565898 0.585477 0.607358 0.610687 0.622302 0.611559 8.972571e-02 0.601
N:5 Run:9 0.642772 0.604716 0.621625 0.62486 0.61901 0.606083 0.589869 0.609595 0.614913 0.591447 0.59972 0.608206 0.627016 0.629884 0.632995 0.63179 0.614673 0.604992 0.60508 0.612404 0.597112 8.972571e-02 0.601
N:6 Run:0 0.554107 0.581425 0.615766 0.629204 0.61082 0.634482 0.600075 0.591165 0.606527 0.601796 0.5939 0.563268 0.537514 0.580208 0.601154 0.615155 0.607727 0.606962 0.617506 0.624493 0.617185 1.295692e-01 0.546
N:6 Run:1 0.585658 0.612967 0.657062 0.62653 0.550157 0.470056 0.286725 0.284902 0.203758 0.211078 0.208344 0.212903 0.270196 0.44881 0.518314 0.578632 0.60401 0.606213 0.619772 0.619131 0.617089 1.295692e-01 0.546
N:6 Run:2 0.537605 0.59617 0.592751 0.578657 0.432579 0.260435 0.180311 0.150841 0.141004 0.137569 0.138691 0.138485 0.192702 0.402349 0.544172 0.56775 0.596 0.626831 0.613136 0.625591 0.630617 1.295692e-01 0.546
N:6 Run:3 0.584123 0.602051 0.623231 0.635332 0.647742 0.668175 0.658045 0.655512 0.660999 0.664656 0.657046 0.641208 0.668514 0.669904 0.638391 0.637094 0.620212 0.607515 0.624403 0.637358 0.633513 1.295692e-01 0.546
N:6 Run:4 0.584473 0.622608 0.6294 0.623014 0.625972 0.625638 0.641665 0.629608 0.612743 0.600481 0.598354 0.612978 0.615917 0.610816 0.608032 0.599622 0.599369 0.604731 0.580838 0.59633 0.611521 1.295692e-01 0.546
N:6 Run:5 0.550731 0.601065 0.594561 0.614534 0.599309 0.611095 0.602275 0.592029 0.595182 0.615863 0.608213 0.588516 0.59632 0.607238 0.604215 0.60532 0.601647 0.598157 0.609132 0.595855 0.60084 1.295692e-01 0.546
N:6 Run:6 0.652511 0.613378 0.628702 0.647467 0.59903 0.602937 0.579314 0.553527 0.601123 0.552214 0.508637 0.558097 0.557449 0.598963 0.608783 0.587562 0.584602 0.605311 0.608347 0.610879 0.597525 1.295692e-01 0.546
N:6 Run:7 0.581708 0.598324 0.600732 0.584805 0.609919 0.592339 0.589727 0.574715 0.574366 0.60339 0.584159 0.603 0.607539 0.606283 0.594464 0.571483 0.612461 0.613432 0.612541 0.625717 0.622569 1.295692e-01 0.546
N:6 Run:8 0.813802 0.671203 0.62813 0.615972 0.515699 0.307669 0.278244 0.21093 0.161868 0.156294 0.157499 0.151437 0.168077 0.405174 0.530656 0.565898 0.585477 0.607358 0.610687 0.622302 0.611559 1.295692e-01 0.546
N:6 Run:9 0.642772 0.604716 0.621625 0.62486 0.61901 0.606083 0.589869 0.609595 0.614913 0.591447 0.59972 0.608206 0.627016 0.629884 0.632995 0.63179 0.614673 0.604992 0.60508 0.612404 0.597112 1.295692e-01 0.546
N:7 Run:0 0.554107 0.581425 0.615766 0.629204 0.61082 0.634482 0.600075 0.591165 0.606527 0.601796 0.5939 0.563268 0.537514 0.580208 0.601154 0.615155 0.607727 0.606962 0.617506 0.624493 0.617185 1.059038e-01 0.600
N:7 Run:1 0.585658 0.612967 0.657062 0.62653 0.550157 0.470056 0.286725 0.284902 0.203758 0.211078 0.208344 0.212903 0.270196 0.44881 0.518314 0.578632 0.60401 0.606213 0.619772 0.619131 0.617089 1.059038e-01 0.600
N:7 Run:2 0.537605 0.59617 0.592751 0.578657 0.432579 0.260435 0.180311 0.150841 0.141004 0.137569 0.138691 0.138485 0.192702 0.402349 0.544172 0.56775 0.596 0.626831 0.613136 0.625591 0.630617 1.059038e-01 0.600
N:7 Run:3 0.584123 0.602051 0.623231 0.635332 0.647742 0.668175 0.658045 0.655512 0.660999 0.664656 0.657046 0.641208 0.668514 0.669904 0.638391 0.637094 0.620212 0.607515 0.624403 0.637358 0.633513 1.059038e-01 0.600
N:7 Run:4 0.584473 0.622608 0.6294 0.623014 0.625972 0.625638 0.641665 0.629608 0.612743 0.600481 0.598354 0.612978 0.615917 0.610816 0.608032 0.599622 0.599369 0.604731 0.580838 0.59633 0.611521 1.059038e-01 0.600
N:7 Run:5 0.550731 0.601065 0.594561 0.614534 0.599309 0.611095 0.602275 0.592029 0.595182 0.615863 0.608213 0.588516 0.59632 0.607238 0.604215 0.60532 0.601647 0.598157 0.609132 0.595855 0.60084 1.059038e-01 0.600
N:7 Run:6 0.652511 0.613378 0.628702 0.647467 0.59903 0.602937 0.579314 0.553527 0.601123 0.552214 0.508637 0.558097 0.557449 0.598963 0.608783 0.587562 0.584602 0.605311 0.608347 0.610879 0.597525 1.059038e-01 0.600
N:7 Run:7 0.581708 0.598324 0.600732 0.584805 0.609919 0.592339 0.589727 0.574715 0.574366 0.60339 0.584159 0.603 0.607539 0.606283 0.594464 0.571483 0.612461 0.613432 0.612541 0.625717 0.622569 1.059038e-01 0.600
N:7 Run:8 0.813802 0.671203 0.62813 0.615972 0.515699 0.307669 0.278244 0.21093 0.161868 0.156294 0.157499 0.151437 0.168077 0.405174 0.530656 0.565898 0.585477 0.607358 0.610687 0.622302 0.611559 1.059038e-01 0.600
N:7 Run:9 0.642772 0.604716 0.621625 0.62486 0.61901 0.606083 0.589869 0.609595 0.614913 0.591447 0.59972 0.608206 0.627016 0.629884 0.632995 0.63179 0.614673 0.604992 0.60508 0.612404 0.597112 1.059038e-01 0.600
N:8 Run:0 0.554107 0.581425 0.615766 0.629204 0.61082 0.634482 0.600075 0.591165 0.606527 0.601796 0.5939 0.563268 0.537514 0.580208 0.601154 0.615155 0.607727 0.606962 0.617506 0.624493 0.617185 1.052744e-01 0.623
N:8 Run:1 0.585658 0.612967 0.657062 0.62653 0.550157 0.470056 0.286725 0.284902 0.203758 0.211078 0.208344 0.212903 0.270196 0.44881 0.518314 0.578632 0.60401 0.606213 0.619772 0.619131 0.617089 1.052744e-01 0.623
N:8 Run:2 0.537605 0.59617 0.592751 0.578657 0.432579 0.260435 0.180311 0.150841 0.141004 0.137569 0.138691 0.138485 0.192702 0.402349 0.544172 0.56775 0.596 0.626831 0.613136 0.625591 0.630617 1.052744e-01 0.623
N:8 Run:3 0.584123 0.602051 0.623231 0.635332 0.647742 0.668175 0.658045 0.655512 0.660999 0.664656 0.657046 0.641208 0.668514 0.669904 0.638391 0.637094 0.620212 0.607515 0.624403 0.637358 0.633513 1.052744e-01 0.623
N:8 Run:4 0.584473 0.622608 0.6294 0.623014 0.625972 0.625638 0.641665 0.629608 0.612743 0.600481 0.598354 0.612978 0.615917 0.610816 0.608032 0.599622 0.599369 0.604731 0.580838 0.59633 0.611521 1.052744e-01 0.623
N:8 Run:5 0.550731 0.601065 0.594561 0.614534 0.599309 0.611095 0.602275 0.592029 0.595182 0.615863 0.608213 0.588516 0.59632 0.607238 0.604215 0.60532 0.601647 0.598157 0.609132 0.595855 0.60084 1.052744e-01 0.623
N:8 Run:6 0.652511 0.613378 0.628702 0.647467 0.59903 0.602937 0.579314 0.553527 0.601123 0.552214 0.508637 0.558097 0.557449 0.598963 0.608783 0.587562 0.584602 0.605311 0.608347 0.610879 0.597525 1.052744e-01 0.623
N:8 Run:7 0.581708 0.598324 0.600732 0.584805 0.609919 0.592339 0.589727 0.574715 0.574366 0.60339 0.584159 0.603 0.607539 0.606283 0.594464 0.571483 0.612461 0.613432 0.612541 0.625717 0.622569 1.052744e-01 0.623
N:8 Run:8 0.813802 0.671203 0.62813 0.615972 0.515699 0.307669 0.278244 0.21093 0.161868 0.156294 0.157499 0.151437 0.168077 0.405174 0.530656 0.565898 0.585477 0.607358 0.610687 0.622302 0.611559 1.052744e-01 0.623
N:8 Run:9 0.642772 0.604716 0.621625 0.62486 0.61901 0.606083 0.589869 0.609595 0.614913 0.591447 0.59972 0.608206 0.627016 0.629884 0.632995 0.63179 0.614673 0.604992 0.60508 0.612404 0.597112 1.052744e-01 0.623
N:9 Run:0 0.554107 0.581425 0.615766 0.629204 0.61082 0.634482 0.600075 0.591165 0.606527 0.601796 0.5939 0.563268 0.537514 0.580208 0.601154 0.615155 0.607727 0.606962 0.617506 0.624493 0.617185 9.073804e-02 0.631
N:9 Run:1 0.585658 0.612967 0.657062 0.62653 0.550157 0.470056 0.286725 0.284902 0.203758 0.211078 0.208344 0.212903 0.270196 0.44881 0.518314 0.578632 0.60401 0.606213 0.619772 0.619131 0.617089 9.073804e-02 0.631
N:9 Run:2 0.537605 0.59617 0.592751 0.578657 0.432579 0.260435 0.180311 0.150841 0.141004 0.137569 0.138691 0.138485 0.192702 0.402349 0.544172 0.56775 0.596 0.626831 0.613136 0.625591 0.630617 9.073804e-02 0.631
N:9 Run:3 0.584123 0.602051 0.623231 0.635332 0.647742 0.668175 0.658045 0.655512 0.660999 0.664656 0.657046 0.641208 0.668514 0.669904 0.638391 0.637094 0.620212 0.607515 0.624403 0.637358 0.633513 9.073804e-02 0.631
N:9 Run:4 0.584473 0.622608 0.6294 0.623014 0.625972 0.625638 0.641665 0.629608 0.612743 0.600481 0.598354 0.612978 0.615917 0.610816 0.608032 0.599622 0.599369 0.604731 0.580838 0.59633 0.611521 9.073804e-02 0.631
N:9 Run:5 0.550731 0.601065 0.594561 0.614534 0.599309 0.611095 0.602275 0.592029 0.595182 0.615863 0.608213 0.588516 0.59632 0.607238 0.604215 0.60532 0.601647 0.598157 0.609132 0.595855 0.60084 9.073804e-02 0.631
N:9 Run:6 0.652511 0.613378 0.628702 0.647467 0.59903 0.602937 0.579314 0.553527 0.601123 0.552214 0.508637 0.558097 0.557449 0.598963 0.608783 0.587562 0.584602 0.605311 0.608347 0.610879 0.597525 9.073804e-02 0.631
N:9 Run:7 0.581708 0.598324 0.600732 0.584805 0.609919 0.592339 0.589727 0.574715 0.574366 0.60339 0.584159 0.603 0.607539 0.606283 0.594464 0.571483 0.612461 0.613432 0.612541 0.625717 0.622569 9.073804e-02 0.631
N:9 Run:8 0.813802 0.671203 0.62813 0.615972 0.515699 0.307669 0.278244 0.21093 0.161868 0.156294 0.157499 0.151437 0.168077 0.405174 0.530656 0.565898 0.585477 0.607358 0.610687 0.622302 0.611559 9.073804e-02 0.631
N:9 Run:9 0.642772 0.604716 0.621625 0.62486 0.61901 0.606083 0.589869 0.609595 0.614913 0.591447 0.59972 0.608206 0.627016 0.629884 0.632995 0.63179 0.614673 0.604992 0.60508 0.612404 0.597112 9.073804e-02 0.631
N:10 Run:0 0.554107 0.581425 0.615766 0.629204 0.61082 0.634482 0.600075 0.591165 0.606527 0.601796 0.5939 0.563268 0.537514 0.580208 0.601154 0.615155 0.607727 0.606962 0.617506 0.624493 0.617185 9.914542e-02 0.597
N:10 Run:1 0.585658 0.612967 0.657062 0.62653 0.550157 0.470056 0.286725 0.284902 0.203758 0.211078 0.208344 0.212903 0.270196 0.44881 0.518314 0.578632 0.60401 0.606213 0.619772 0.619131 0.617089 9.914542e-02 0.597
N:10 Run:2 0.537605 0.59617 0.592751 0.578657 0.432579 0.260435 0.180311 0.150841 0.141004 0.137569 0.138691 0.138485 0.192702 0.402349 0.544172 0.56775 0.596 0.626831 0.613136 0.625591 0.630617 9.914542e-02 0.597
N:10 Run:3 0.584123 0.602051 0.623231 0.635332 0.647742 0.668175 0.658045 0.655512 0.660999 0.664656 0.657046 0.641208 0.668514 0.669904 0.638391 0.637094 0.620212 0.607515 0.624403 0.637358 0.633513 9.914542e-02 0.597
N:10 Run:4 0.584473 0.622608 0.6294 0.623014 0.625972 0.625638 0.641665 0.629608 0.612743 0.600481 0.598354 0.612978 0.615917 0.610816 0.608032 0.599622 0.599369 0.604731 0.580838 0.59633 0.611521 9.914542e-02 0.597
N:10 Run:5 0.550731 0.601065 0.594561 0.614534 0.599309 0.611095 0.602275 0.592029 0.595182 0.615863 0.608213 0.588516 0.59632 0.607238 0.604215 0.60532 0.601647 0.598157 0.609132 0.595855 0.60084 9.914542e-02 0.597
N:10 Run:6 0.652511 0.613378 0.628702 0.647467 0.59903 0.602937 0.579314 0.553527 0.601123 0.552214 0.508637 0.558097 0.557449 0.598963 0.608783 0.587562 0.584602 0.605311 0.608347 0.610879 0.597525 9.914542e-02 0.597
N:10 Run:7 0.581708 0.598324 0.600732 0.584805 0.609919 0.592339 0.589727 0.574715 0.574366 0.60339 0.584159 0.603 0.607539 0.606283 0.594464 0.571483 0.612461 0.613432 0.612541 0.625717 0.622569 9.914542e-02 0.597
N:10 Run:8 0.813802 0.671203 0.62813 0.615972 0.515699 0.307669 0.278244 0.21093 0.161868 0.156294 0.157499 0.151437 0.168077 0.405174 0.530656 0.565898 0.585477 0.607358 0.610687 0.622302 0.611559 9.914542e-02 0.597
N:10 Run:9 0.642772 0.604716 0.621625 0.62486 0.61901 0.606083 0.589869 0.609595 0.614913 0.591447 0.59972 0.608206 0.627016 0.629884 0.632995 0.63179 0.614673 0.604992 0.60508 0.612404 0.597112 9.914542e-02 0.597
N:11 Run:0 0.554107 0.581425 0.615766 0.629204 0.61082 0.634482 0.600075 0.591165 0.606527 0.601796 0.5939 0.563268 0.537514 0.580208 0.601154 0.615155 0.607727 0.606962 0.617506 0.624493 0.617185 9.227199e-02 0.631
N:11 Run:1 0.585658 0.612967 0.657062 0.62653 0.550157 0.470056 0.286725 0.284902 0.203758 0.211078 0.208344 0.212903 0.270196 0.44881 0.518314 0.578632 0.60401 0.606213 0.619772 0.619131 0.617089 9.227199e-02 0.631
N:11 Run:2 0.537605 0.59617 0.592751 0.578657 0.432579 0.260435 0.180311 0.150841 0.141004 0.137569 0.138691 0.138485 0.192702 0.402349 0.544172 0.56775 0.596 0.626831 0.613136 0.625591 0.630617 9.227199e-02 0.631
N:11 Run:3 0.584123 0.602051 0.623231 0.635332 0.647742 0.668175 0.658045 0.655512 0.660999 0.664656 0.657046 0.641208 0.668514 0.669904 0.638391 0.637094 0.620212 0.607515 0.624403 0.637358 0.633513 9.227199e-02 0.631
N:11 Run:4 0.584473 0.622608 0.6294 0.623014 0.625972 0.625638 0.641665 0.629608 0.612743 0.600481 0.598354 0.612978 0.615917 0.610816 0.608032 0.599622 0.599369 0.604731 0.580838 0.59633 0.611521 9.227199e-02 0.631
N:11 Run:5 0.550731 0.601065 0.594561 0.614534 0.599309 0.611095 0.602275 0.592029 0.595182 0.615863 0.608213 0.588516 0.59632 0.607238 0.604215 0.60532 0.601647 0.598157 0.609132 0.595855 0.60084 9.227199e-02 0.631
N:11 Run:6 0.652511 0.613378 0.628702 0.647467 0.59903 0.602937 0.579314 0.553527 0.601123 0.552214 0.508637 0.558097 0.557449 0.598963 0.608783 0.587562 0.584602 0.605311 0.608347 0.610879 0.597525 9.227199e-02 0.631
N:11 Run:7 0.581708 0.598324 0.600732 0.584805 0.609919 0.592339 0.589727 0.574715 0.574366 0.60339 0.584159 0.603 0.607539 0.606283 0.594464 0.571483 0.612461 0.613432 0.612541 0.625717 0.622569 9.227199e-02 0.631
N:11 Run:8 0.813802 0.671203 0.62813 0.615972 0.515699 0.307669 0.278244 0.21093 0.161868 0.156294 0.157499 0.151437 0.168077 0.405174 0.530656 0.565898 0.585477 0.607358 0.610687 0.622302 0.611559 9.227199e-02 0.631
N:11 Run:9 0.642772 0.604716 0.621625 0.62486 0.61901 0.606083 0.589869 0.609595 0.614913 0.591447 0.59972 0.608206 0.627016 0.629884 0.632995 0.63179 0.614673 0.604992 0.60508 0.612404 0.597112 9.227199e-02 0.631
N:12 Run:0 0.554107 0.581425 0.615766 0.629204 0.61082 0.634482 0.600075 0.591165 0.606527 0.601796 0.5939 0.563268 0.537514 0.580208 0.601154 0.615155 0.607727 0.606962 0.617506 0.624493 0.617185 9.982837e-02 0.632
N:12 Run:1 0.585658 0.612967 0.657062 0.62653 0.550157 0.470056 0.286725 0.284902 0.203758 0.211078 0.208344 0.212903 0.270196 0.44881 0.518314 0.578632 0.60401 0.606213 0.619772 0.619131 0.617089 9.982837e-02 0.632
N:12 Run:2 0.537605 0.59617 0.592751 0.578657 0.432579 0.260435 0.180311 0.150841 0.141004 0.137569 0.138691 0.138485 0.192702 0.402349 0.544172 0.56775 0.596 0.626831 0.613136 0.625591 0.630617 9.982837e-02 0.632
N:12 Run:3 0.584123 0.602051 0.623231 0.635332 0.647742 0.668175 0.658045 0.655512 0.660999 0.664656 0.657046 0.641208 0.668514 0.669904 0.638391 0.637094 0.620212 0.607515 0.624403 0.637358 0.633513 9.982837e-02 0.632
N:12 Run:4 0.584473 0.622608 0.6294 0.623014 0.625972 0.625638 0.641665 0.629608 0.612743 0.600481 0.598354 0.612978 0.615917 0.610816 0.608032 0.599622 0.599369 0.604731 0.580838 0.59633 0.611521 9.982837e-02 0.632
N:12 Run:5 0.550731 0.601065 0.594561 0.614534 0.599309 0.611095 0.602275 0.592029 0.595182 0.615863 0.608213 0.588516 0.59632 0.607238 0.604215 0.60532 0.601647 0.598157 0.609132 0.595855 0.60084 9.982837e-02 0.632
N:12 Run:6 0.652511 0.613378 0.628702 0.647467 0.59903 0.602937 0.579314 0.553527 0.601123 0.552214 0.508637 0.558097 0.557449 0.598963 0.608783 0.587562 0.584602 0.605311 0.608347 0.610879 0.597525 9.982837e-02 0.632
N:12 Run:7 0.581708 0.598324 0.600732 0.584805 0.609919 0.592339 0.589727 0.574715 0.574366 0.60339 0.584159 0.603 0.607539 0.606283 0.594464 0.571483 0.612461 0.613432 0.612541 0.625717 0.622569 9.982837e-02 0.632
N:12 Run:8 0.813802 0.671203 0.62813 0.615972 0.515699 0.307669 0.278244 0.21093 0.161868 0.156294 0.157499 0.151437 0.168077 0.405174 0.530656 0.565898 0.585477 0.607358 0.610687 0.622302 0.611559 9.982837e-02 0.632
N:12 Run:9 0.642772 0.604716 0.621625 0.62486 0.61901 0.606083 0.589869 0.609595 0.614913 0.591447 0.59972 0.608206 0.627016 0.629884 0.632995 0.63179 0.614673 0.604992 0.60508 0.612404 0.597112 9.982837e-02 0.632
N:13 Run:0 0.554107 0.581425 0.615766 0.629204 0.61082 0.634482 0.600075 0.591165 0.606527 0.601796 0.5939 0.563268 0.537514 0.580208 0.601154 0.615155 0.607727 0.606962 0.617506 0.624493 0.617185 1.086241e-01 0.598
N:13 Run:1 0.585658 0.612967 0.657062 0.62653 0.550157 0.470056 0.286725 0.284902 0.203758 0.211078 0.208344 0.212903 0.270196 0.44881 0.518314 0.578632 0.60401 0.606213 0.619772 0.619131 0.617089 1.086241e-01 0.598
N:13 Run:2 0.537605 0.59617 0.592751 0.578657 0.432579 0.260435 0.180311 0.150841 0.141004 0.137569 0.138691 0.138485 0.192702 0.402349 0.544172 0.56775 0.596 0.626831 0.613136 0.625591 0.630617 1.086241e-01 0.598
N:13 Run:3 0.584123 0.602051 0.623231 0.635332 0.647742 0.668175 0.658045 0.655512 0.660999 0.664656 0.657046 0.641208 0.668514 0.669904 0.638391 0.637094 0.620212 0.607515 0.624403 0.637358 0.633513 1.086241e-01 0.598
N:13 Run:4 0.584473 0.622608 0.6294 0.623014 0.625972 0.625638 0.641665 0.629608 0.612743 0.600481 0.598354 0.612978 0.615917 0.610816 0.608032 0.599622 0.599369 0.604731 0.580838 0.59633 0.611521 1.086241e-01 0.598
N:13 Run:5 0.550731 0.601065 0.594561 0.614534 0.599309 0.611095 0.602275 0.592029 0.595182 0.615863 0.608213 0.588516 0.59632 0.607238 0.604215 0.60532 0.601647 0.598157 0.609132 0.595855 0.60084 1.086241e-01 0.598
N:13 Run:6 0.652511 0.613378 0.628702 0.647467 0.59903 0.602937 0.579314 0.553527 0.601123 0.552214 0.508637 0.558097 0.557449 0.598963 0.608783 0.587562 0.584602 0.605311 0.608347 0.610879 0.597525 1.086241e-01 0.598
N:13 Run:7 0.581708 0.598324 0.600732 0.584805 0.609919 0.592339 0.589727 0.574715 0.574366 0.60339 0.584159 0.603 0.607539 0.606283 0.594464 0.571483 0.612461 0.613432 0.612541 0.625717 0.622569 1.086241e-01 0.598
N:13 Run:8 0.813802 0.671203 0.62813 0.615972 0.515699 0.307669 0.278244 0.21093 0.161868 0.156294 0.157499 0.151437 0.168077 0.405174 0.530656 0.565898 0.585477 0.607358 0.610687 0.622302 0.611559 1.086241e-01 0.598
N:13 Run:9 0.642772 0.604716 0.621625 0.62486 0.61901 0.606083 0.589869 0.609595 0.614913 0.591447 0.59972 0.608206 0.627016 0.629884 0.632995 0.63179 0.614673 0.604992 0.60508 0.612404 0.597112 1.086241e-01 0.598
N:14 Run:0 0.554107 0.581425 0.615766 0.629204 0.61082 0.634482 0.600075 0.591165 0.606527 0.601796 0.5939 0.563268 0.537514 0.580208 0.601154 0.615155 0.607727 0.606962 0.617506 0.624493 0.617185 9.399696e-02 0.602
N:14 Run:1 0.585658 0.612967 0.657062 0.62653 0.550157 0.470056 0.286725 0.284902 0.203758 0.211078 0.208344 0.212903 0.270196 0.44881 0.518314 0.578632 0.60401 0.606213 0.619772 0.619131 0.617089 9.399696e-02 0.602
N:14 Run:2 0.537605 0.59617 0.592751 0.578657 0.432579 0.260435 0.180311 0.150841 0.141004 0.137569 0.138691 0.138485 0.192702 0.402349 0.544172 0.56775 0.596 0.626831 0.613136 0.625591 0.630617 9.399696e-02 0.602
N:14 Run:3 0.584123 0.602051 0.623231 0.635332 0.647742 0.668175 0.658045 0.655512 0.660999 0.664656 0.657046 0.641208 0.668514 0.669904 0.638391 0.637094 0.620212 0.607515 0.624403 0.637358 0.633513 9.399696e-02 0.602
N:14 Run:4 0.584473 0.622608 0.6294 0.623014 0.625972 0.625638 0.641665 0.629608 0.612743 0.600481 0.598354 0.612978 0.615917 0.610816 0.608032 0.599622 0.599369 0.604731 0.580838 0.59633 0.611521 9.399696e-02 0.602
N:14 Run:5 0.550731 0.601065 0.594561 0.614534 0.599309 0.611095 0.602275 0.592029 0.595182 0.615863 0.608213 0.588516 0.59632 0.607238 0.604215 0.60532 0.601647 0.598157 0.609132 0.595855 0.60084 9.399696e-02 0.602
N:14 Run:6 0.652511 0.613378 0.628702 0.647467 0.59903 0.602937 0.579314 0.553527 0.601123 0.552214 0.508637 0.558097 0.557449 0.598963 0.608783 0.587562 0.584602 0.605311 0.608347 0.610879 0.597525 9.399696e-02 0.602
N:14 Run:7 0.581708 0.598324 0.600732 0.584805 0.609919 0.592339 0.589727 0.574715 0.574366 0.60339 0.584159 0.603 0.607539 0.606283 0.594464 0.571483 0.612461 0.613432 0.612541 0.625717 0.622569 9.399696e-02 0.602
N:14 Run:8 0.813802 0.671203 0.62813 0.615972 0.515699 0.307669 0.278244 0.21093 0.161868 0.156294 0.157499 0.151437 0.168077 0.405174 0.530656 0.565898 0.585477 0.607358 0.610687 0.622302 0.611559 9.399696e-02 0.602
N:14 Run:9 0.642772 0.604716 0.621625 0.62486 0.61901 0.606083 0.589869 0.609595 0.614913 0.591447 0.59972 0.608206 0.627016 0.629884 0.632995 0.63179 0.614673 0.604992 0.60508 0.612404 0.597112 9.399696e-02 0.602
N:15 Run:0 0.554107 0.592432 0.610858 0.616532 0.616861 0.608022 0.60886 0.609208 0.607966 0.605874 0.604397 0.595405 0.578379 0.60028 0.597971 0.603983 0.607817 0.6092 0.61402 0.620801 0.612487 8.343614e-02 0.636
N:15 Run:1 0.585658 0.601155 0.618996 0.600254 0.538269 0.476975 0.290448 0.274927 0.201439 0.199491 0.193488 0.194157 0.257773 0.452301 0.532852 0.580242 0.604378 0.618184 0.621524 0.618261 0.626322 8.343614e-02 0.636
N:15 Run:2 0.537605 0.583582 0.606068 0.599504 0.466354 0.280551 0.196804 0.164539 0.152411 0.147838 0.146626 0.146024 0.186192 0.41249 0.540618 0.578361 0.60011 0.599965 0.61133 0.608691 0.617141 8.343614e-02 0.636
N:15 Run:3 0.584123 0.595733 0.606831 0.608567 0.614547 0.614145 0.60814 0.622655 0.622682 0.619338 0.618113 0.611168 0.619074 0.627607 0.613587 0.614018 0.615265 0.611138 0.615701 0.611546 0.621279 8.343614e-02 0.636
N:15 Run:4 0.584473 0.607738 0.610557 0.609554 0.61558 0.618566 0.608082 0.608651 0.608761 0.611756 0.61017 0.610725 0.612129 0.617343 0.619475 0.61752 0.621569 0.615622 0.620564 0.614826 0.606525 8.343614e-02 0.636
N:15 Run:5 0.550731 0.596405 0.615658 0.624569 0.625967 0.620956 0.627099 0.621908 0.619696 0.617884 0.627668 0.628754 0.618248 0.610894 0.61299 0.615691 0.612925 0.61872 0.621027 0.610926 0.620759 8.343614e-02 0.636
N:15 Run:6 0.652511 0.625685 0.624782 0.622684 0.588413 0.58973 0.57603 0.557402 0.578094 0.550759 0.523541 0.545857 0.560552 0.586286 0.605541 0.603788 0.606333 0.612043 0.608404 0.606989 0.617566 8.343614e-02 0.636
N:15 Run:7 0.581708 0.606549 0.59856 0.594391 0.592872 0.580789 0.589611 0.588894 0.595308 0.593315 0.577327 0.592235 0.606782 0.604984 0.605476 0.608719 0.611414 0.614255 0.611189 0.617617 0.611545 8.343614e-02 0.636
N:15 Run:8 0.813802 0.685598 0.633885 0.607817 0.54792 0.330225 0.292474 0.220631 0.173738 0.162568 0.161301 0.155339 0.173159 0.422201 0.529091 0.590113 0.606948 0.611478 0.605733 0.612858 0.60899 8.343614e-02 0.636
N:15 Run:9 0.642772 0.625269 0.618357 0.632798 0.631734 0.626614 0.623112 0.62383 0.610612 0.607875 0.616788 0.620403 0.622813 0.617148 0.620109 0.622081 0.610389 0.607713 0.608022 0.610295 0.613066 8.343614e-02 0.636
N:16 Run:0 0.554107 0.592432 0.610858 0.616532 0.616861 0.608022 0.60886 0.609208 0.607966 0.605874 0.604397 0.595405 0.578379 0.60028 0.597971 0.603983 0.607817 0.6092 0.61402 0.620801 0.612487 1.033189e-01 0.615
N:16 Run:1 0.585658 0.601155 0.618996 0.600254 0.538269 0.476975 0.290448 0.274927 0.201439 0.199491 0.193488 0.194157 0.257773 0.452301 0.532852 0.580242 0.604378 0.618184 0.621524 0.618261 0.626322 1.033189e-01 0.615
N:16 Run:2 0.537605 0.583582 0.606068 0.599504 0.466354 0.280551 0.196804 0.164539 0.152411 0.147838 0.146626 0.146024 0.186192 0.41249 0.540618 0.578361 0.60011 0.599965 0.61133 0.608691 0.617141 1.033189e-01 0.615
N:16 Run:3 0.584123 0.595733 0.606831 0.608567 0.614547 0.614145 0.60814 0.622655 0.622682 0.619338 0.618113 0.611168 0.619074 0.627607 0.613587 0.614018 0.615265 0.611138 0.615701 0.611546 0.621279 1.033189e-01 0.615
N:16 Run:4 0.584473 0.607738 0.610557 0.609554 0.61558 0.618566 0.608082 0.608651 0.608761 0.611756 0.61017 0.610725 0.612129 0.617343 0.619475 0.61752 0.621569 0.615622 0.620564 0.614826 0.606525 1.033189e-01 0.615
N:16 Run:5 0.550731 0.596405 0.615658 0.624569 0.625967 0.620956 0.627099 0.621908 0.619696 0.617884 0.627668 0.628754 0.618248 0.610894 0.61299 0.615691 0.612925 0.61872 0.621027 0.610926 0.620759 1.033189e-01 0.615
N:16 Run:6 0.652511 0.625685 0.624782 0.622684 0.588413 0.58973 0.57603 0.557402 0.578094 0.550759 0.523541 0.545857 0.560552 0.586286 0.605541 0.603788 0.606333 0.612043 0.608404 0.606989 0.617566 1.033189e-01 0.615
N:16 Run:7 0.581708 0.606549 0.59856 0.594391 0.592872 0.580789 0.589611 0.588894 0.595308 0.593315 0.577327 0.592235 0.606782 0.604984 0.605476 0.608719 0.611414 0.614255 0.611189 0.617617 0.611545 1.033189e-01 0.615
N:16 Run:8 0.813802 0.685598 0.633885 0.607817 0.54792 0.330225 0.292474 0.220631 0.173738 0.162568 0.161301 0.155339 0.173159 0.422201 0.529091 0.590113 0.606948 0.611478 0.605733 0.612858 0.60899 1.033189e-01 0.615
N:16 Run:9 0.642772 0.625269 0.618357 0.632798 0.631734 0.626614 0.623112 0.62383 0.610612 0.607875 0.616788 0.620403 0.622813 0.617148 0.620109 0.622081 0.610389 0.607713 0.608022 0.610295 0.613066 1.033189e-01 0.615
N:17 Run:0 0.554107 0.592432 0.610858 0.616532 0.616861 0.608022 0.60886 0.609208 0.607966 0.605874 0.604397 0.595405 0.578379 0.60028 0.597971 0.603983 0.607817 0.6092 0.61402 0.620801 0.612487 9.450166e-02 0.596
N:17 Run:1 0.585658 0.601155 0.618996 0.600254 0.538269 0.476975 0.290448 0.274927 0.201439 0.199491 0.193488 0.194157 0.257773 0.452301 0.532852 0.580242 0.604378 0.618184 0.621524 0.618261 0.626322 9.450166e-02 0.596
N:17 Run:2 0.537605 0.583582 0.606068 0.599504 0.466354 0.280551 0.196804 0.164539 0.152411 0.147838 0.146626 0.146024 0.186192 0.41249 0.540618 0.578361 0.60011 0.599965 0.61133 0.608691 0.617141 9.450166e-02 0.596
N:17 Run:3 0.584123 0.595733 0.606831 0.608567 0.614547 0.614145 0.60814 0.622655 0.622682 0.619338 0.618113 0.611168 0.619074 0.627607 0.613587 0.614018 0.615265 0.611138 0.615701 0.611546 0.621279 9.450166e-02 0.596
N:17 Run:4 0.584473 0.607738 0.610557 0.609554 0.61558 0.618566 0.608082 0.608651 0.608761 0.611756 0.61017 0.610725 0.612129 0.617343 0.619475 0.61752 0.621569 0.615622 0.620564 0.614826 0.606525 9.450166e-02 0.596
N:17 Run:5 0.550731 0.596405 0.615658 0.624569 0.625967 0.620956 0.627099 0.621908 0.619696 0.617884 0.627668 0.628754 0.618248 0.610894 0.61299 0.615691 0.612925 0.61872 0.621027 0.610926 0.620759 9.450166e-02 0.596
N:17 Run:6 0.652511 0.625685 0.624782 0.622684 0.588413 0.58973 0.57603 0.557402 0.578094 0.550759 0.523541 0.545857 0.560552 0.586286 0.605541 0.603788 0.606333 0.612043 0.608404 0.606989 0.617566 9.450166e-02 0.596
N:17 Run:7 0.581708 0.606549 0.59856 0.594391 0.592872 0.580789 0.589611 0.588894 0.595308 0.593315 0.577327 0.592235 0.606782 0.604984 0.605476 0.608719 0.611414 0.614255 0.611189 0.617617 0.611545 9.450166e-02 0.596
N:17 Run:8 0.813802 0.685598 0.633885 0.607817 0.54792 0.330225 0.292474 0.220631 0.173738 0.162568 0.161301 0.155339 0.173159 0.422201 0.529091 0.590113 0.606948 0.611478 0.605733 0.612858 0.60899 9.450166e-02 0.596
N:17 Run:9 0.642772 0.625269 0.618357 0.632798 0.631734 0.626614 0.623112 0.62383 0.610612 0.607875 0.616788 0.620403 0.622813 0.617148 0.620109 0.622081 0.610389 0.607713 0.608022 0.610295 0.613066 9.450166e-02 0.596
N:18 Run:0 0.554107 0.587045 0.601224 0.610867 0.61675 0.618641 0.612776 0.613471 0.616189 0.616367 0.612013 0.597066 0.579485 0.597509 0.607234 0.613148 0.610066 0.616828 0.618431 0.615793 0.615851 8.163790e-02 0.644
N:18 Run:1 0.585658 0.596171 0.597099 0.587704 0.547624 0.501572 0.331558 0.322384 0.224636 0.225372 0.217691 0.220716 0.290096 0.446338 0.520761 0.571289 0.597463 0.610899 0.614615 0.619274 0.621008 8.163790e-02 0.644
N:18 Run:2 0.537605 0.584003 0.599116 0.586777 0.4984 0.319502 0.202833 0.145519 0.119405 0.10733 0.105153 0.103361 0.181302 0.391744 0.513902 0.565572 0.592664 0.604043 0.612703 0.615028 0.615302 8.163790e-02 0.644
N:18 Run:3 0.584123 0.603177 0.614026 0.612497 0.61462 0.6148 0.61558 0.618426 0.618276 0.617674 0.61503 0.615845 0.617904 0.61912 0.619777 0.616993 0.615634 0.616688 0.621276 0.621403 0.620506 8.163790e-02 0.644
N:18 Run:4 0.584473 0.602952 0.61184 0.614866 0.618918 0.620104 0.620566 0.618887 0.614004 0.604385 0.613247 0.615921 0.614898 0.614756 0.618994 0.61435 0.611798 0.610691 0.616147 0.617676 0.621382 8.163790e-02 0.644
N:18 Run:5 0.550731 0.58525 0.595088 0.611186 0.61697 0.621037 0.622115 0.619627 0.620562 0.623007 0.623084 0.625043 0.622579 0.619925 0.616367 0.617164 0.609015 0.613474 0.619279 0.617885 0.619693 8.163790e-02 0.644
N:18 Run:6 0.652511 0.633373 0.625827 0.615753 0.594725 0.591751 0.585892 0.568008 0.58606 0.55845 0.53717 0.553249 0.564215 0.587378 0.605378 0.60566 0.605228 0.612754 0.61686 0.618783 0.617489 8.163790e-02 0.644
N:18 Run:7 0.581708 0.600195 0.606838 0.612658 0.618197 0.619717 0.61989 0.620543 0.621008 0.621541 0.618082 0.620499 0.619745 0.616525 0.619256 0.61601 0.616616 0.613777 0.612066 0.614998 0.615756 8.163790e-02 0.644
N:18 Run:8 0.813802 0.706809 0.603284 0.534357 0.44489 0.301805 0.272932 0.207967 0.148948 0.135071 0.123496 0.120298 0.164233 0.397299 0.511818 0.570856 0.595862 0.605212 0.614007 0.614206 0.6065 8.163790e-02 0.644
N:18 Run:9 0.642772 0.626368 0.612094 0.595597 0.600892 0.601992 0.606581 0.60408 0.596203 0.606937 0.611322 0.614485 0.618787 0.612914 0.614905 0.609967 0.611226 0.61017 0.616703 0.617465 0.617206 8.163790e-02 0.644
N:19 Run:0 0.554107 0.587045 0.601224 0.610867 0.61675 0.618641 0.612776 0.613471 0.616189 0.616367 0.612013 0.597066 0.579485 0.597509 0.607234 0.613148 0.610066 0.616828 0.618431 0.615793 0.615851 1.079686e-01 0.614
N:19 Run:1 0.585658 0.596171 0.597099 0.587704 0.547624 0.501572 0.331558 0.322384 0.224636 0.225372 0.217691 0.220716 0.290096 0.446338 0.520761 0.571289 0.597463 0.610899 0.614615 0.619274 0.621008 1.079686e-01 0.614
N:19 Run:2 0.537605 0.584003 0.599116 0.586777 0.4984 0.319502 0.202833 0.145519 0.119405 0.10733 0.105153 0.103361 0.181302 0.391744 0.513902 0.565572 0.592664 0.604043 0.612703 0.615028 0.615302 1.079686e-01 0.614
N:19 Run:3 0.584123 0.603177 0.614026 0.612497 0.61462 0.6148 0.61558 0.618426 0.618276 0.617674 0.61503 0.615845 0.617904 0.61912 0.619777 0.616993 0.615634 0.616688 0.621276 0.621403 0.620506 1.079686e-01 0.614
N:19 Run:4 0.584473 0.602952 0.61184 0.614866 0.618918 0.620104 0.620566 0.618887 0.614004 0.604385 0.613247 0.615921 0.614898 0.614756 0.618994 0.61435 0.611798 0.610691 0.616147 0.617676 0.621382 1.079686e-01 0.614
N:19 Run:5 0.550731 0.58525 0.595088 0.611186 0.61697 0.621037 0.622115 0.619627 0.620562 0.623007 0.623084 0.625043 0.622579 0.619925 0.616367 0.617164 0.609015 0.613474 0.619279 0.617885 0.619693 1.079686e-01 0.614
N:19 Run:6 0.652511 0.633373 0.625827 0.615753 0.594725 0.591751 0.585892 0.568008 0.58606 0.55845 0.53717 0.553249 0.564215 0.587378 0.605378 0.60566 0.605228 0.612754 0.61686 0.618783 0.617489 1.079686e-01 0.614
N:19 Run:7 0.581708 0.600195 0.606838 0.612658 0.618197 0.619717 0.61989 0.620543 0.621008 0.621541 0.618082 0.620499 0.619745 0.616525 0.619256 0.61601 0.616616 0.613777 0.612066 0.614998 0.615756 1.079686e-01 0.614
N:19 Run:8 0.813802 0.706809 0.603284 0.534357 0.44489 0.301805 0.272932 0.207967 0.148948 0.135071 0.123496 0.120298 0.164233 0.397299 0.511818 0.570856 0.595862 0.605212 0.614007 0.614206 0.6065 1.079686e-01 0.614
N:19 Run:9 0.642772 0.626368 0.612094 0.595597 0.600892 0.601992 0.606581 0.60408 0.596203 0.606937 0.611322 0.614485 0.618787 0.612914 0.614905 0.609967 0.611226 0.61017 0.616703 0.617465 0.617206 1.079686e-01 0.614
N:20 Run:0 0.554107 0.587045 0.601224 0.610867 0.61675 0.618641 0.612776 0.613471 0.616189 0.616367 0.612013 0.597066 0.579485 0.597509 0.607234 0.613148 0.610066 0.616828 0.618431 0.615793 0.615851 8.176844e-02 0.609
N:20 Run:1 0.585658 0.596171 0.597099 0.587704 0.547624 0.501572 0.331558 0.322384 0.224636 0.225372 0.217691 0.220716 0.290096 0.446338 0.520761 0.571289 0.597463 0.610899 0.614615 0.619274 0.621008 8.176844e-02 0.609
N:20 Run:2 0.537605 0.584003 0.599116 0.586777 0.4984 0.319502 0.202833 0.145519 0.119405 0.10733 0.105153 0.103361 0.181302 0.391744 0.513902 0.565572 0.592664 0.604043 0.612703 0.615028 0.615302 8.176844e-02 0.609
N:20 Run:3 0.584123 0.603177 0.614026 0.612497 0.61462 0.6148 0.61558 0.618426 0.618276 0.617674 0.61503 0.615845 0.617904 0.61912 0.619777 0.616993 0.615634 0.616688 0.621276 0.621403 0.620506 8.176844e-02 0.609
N:20 Run:4 0.584473 0.602952 0.61184 0.614866 0.618918 0.620104 0.620566 0.618887 0.614004 0.604385 0.613247 0.615921 0.614898 0.614756 0.618994 0.61435 0.611798 0.610691 0.616147 0.617676 0.621382 8.176844e-02 0.609
N:20 Run:5 0.550731 0.58525 0.595088 0.611186 0.61697 0.621037 0.622115 0.619627 0.620562 0.623007 0.623084 0.625043 0.622579 0.619925 0.616367 0.617164 0.609015 0.613474 0.619279 0.617885 0.619693 8.176844e-02 0.609
N:20 Run:6 0.652511 0.633373 0.625827 0.615753 0.594725 0.591751 0.585892 0.568008 0.58606 0.55845 0.53717 0.553249 0.564215 0.587378 0.605378 0.60566 0.605228 0.612754 0.61686 0.618783 0.617489 8.176844e-02 0.609
N:20 Run:7 0.581708 0.600195 0.606838 0.612658 0.618197 0.619717 0.61989 0.620543 0.621008 0.621541 0.618082 0.620499 0.619745 0.616525 0.619256 0.61601 0.616616 0.613777 0.612066 0.614998 0.615756 8.176844e-02 0.609
N:20 Run:8 0.813802 0.706809 0.603284 0.534357 0.44489 0.301805 0.272932 0.207967 0.148948 0.135071 0.123496 0.120298 0.164233 0.397299 0.511818 0.570856 0.595862 0.605212 0.614007 0.614206 0.6065 8.176844e-02 0.609
N:20 Run:9 0.642772 0.626368 0.612094 0.595597 0.600892 0.601992 0.606581 0.60408 0.596203 0.606937 0.611322 0.614485 0.618787 0.612914 0.614905 0.609967 0.611226 0.61017 0.616703 0.617465 0.617206 8.176844e-02 0.609
N:21 Run:0 0.554107 0.593945 0.594323 0.592327 0.5893 0.587955 0.586426 0.587611 0.587274 0.584806 0.581455 0.566502 0.55864 0.590833 0.607328 0.61503 0.619014 0.623135 0.622949 0.621546 0.620881 8.162557e-02 0.601
N:21 Run:1 0.585658 0.608734 0.619437 0.604413 0.546712 0.484475 0.301271 0.286278 0.203128 0.201421 0.194403 0.196685 0.262399 0.446626 0.526516 0.578912 0.604139 0.61632 0.620242 0.625216 0.624812 8.162557e-02 0.601
N:21 Run:2 0.537605 0.590099 0.608488 0.595655 0.475363 0.290089 0.193731 0.152658 0.135854 0.128932 0.127286 0.126294 0.179295 0.405359 0.53033 0.577641 0.600627 0.610012 0.617343 0.619634 0.617554 8.162557e-02 0.601
N:21 Run:3 0.584123 0.610358 0.618838 0.620971 0.620261 0.617988 0.619447 0.623192 0.621691 0.621803 0.617183 0.618032 0.621044 0.624101 0.624974 0.623491 0.622302 0.621867 0.625777 0.625958 0.628531 8.162557e-02 0.601
N:21 Run:4 0.584473 0.6101 0.599929 0.594677 0.588863 0.591765 0.586345 0.584109 0.57875 0.587467 0.589312 0.586462 0.608393 0.618117 0.623395 0.621809 0.620154 0.621397 0.623903 0.622779 0.625854 8.162557e-02 0.601
N:21 Run:5 0.550731 0.592927 0.612503 0.619986 0.622413 0.623886 0.624756 0.622652 0.622478 0.624729 0.625363 0.626913 0.624527 0.621813 0.620753 0.622722 0.61763 0.622994 0.625377 0.625826 0.626843 8.162557e-02 0.601
N:21 Run:6 0.652511 0.635192 0.627757 0.621513 0.595201 0.591983 0.584569 0.56217 0.585356 0.550137 0.522886 0.545643 0.559051 0.589406 0.609366 0.609232 0.606583 0.613639 0.62042 0.623439 0.622563 8.162557e-02 0.601
N:21 Run:7 0.581708 0.607232 0.611757 0.612368 0.614592 0.616989 0.614937 0.618758 0.618876 0.618594 0.61638 0.618868 0.622726 0.621601 0.623648 0.61945 0.619309 0.61843 0.616598 0.620915 0.620726 8.162557e-02 0.601
N:21 Run:8 0.813802 0.701867 0.63004 0.598808 0.531521 0.332239 0.294189 0.222355 0.164909 0.151288 0.149812 0.141605 0.165395 0.415852 0.527672 0.583611 0.605049 0.611471 0.621186 0.622994 0.624793 8.162557e-02 0.601
N:21 Run:9 0.642772 0.630998 0.610559 0.588948 0.590955 0.592694 0.591175 0.584268 0.585394 0.58544 0.582752 0.58229 0.606165 0.616842 0.622553 0.619094 0.619396 0.618121 0.623848 0.623059 0.622638 8.162557e-02 0.601
N:22 Run:0 0.554107 0.593945 0.594323 0.592327 0.5893 0.587955 0.586426 0.587611 0.587274 0.584806 0.581455 0.566502 0.55864 0.590833 0.607328 0.61503 0.619014 0.623135 0.622949 0.621546 0.620881 9.956430e-02 0.652
N:22 Run:1 0.585658 0.608734 0.619437 0.604413 0.546712 0.484475 0.301271 0.286278 0.203128 0.201421 0.194403 0.196685 0.262399 0.446626 0.526516 0.578912 0.604139 0.61632 0.620242 0.625216 0.624812 9.956430e-02 0.652
N:22 Run:2 0.537605 0.590099 0.608488 0.595655 0.475363 0.290089 0.193731 0.152658 0.135854 0.128932 0.127286 0.126294 0.179295 0.405359 0.53033 0.577641 0.600627 0.610012 0.617343 0.619634 0.617554 9.956430e-02 0.652
N:22 Run:3 0.584123 0.610358 0.618838 0.620971 0.620261 0.617988 0.619447 0.623192 0.621691 0.621803 0.617183 0.618032 0.621044 0.624101 0.624974 0.623491 0.622302 0.621867 0.625777 0.625958 0.628531 9.956430e-02 0.652
N:22 Run:4 0.584473 0.6101 0.599929 0.594677 0.588863 0.591765 0.586345 0.584109 0.57875 0.587467 0.589312 0.586462 0.608393 0.618117 0.623395 0.621809 0.620154 0.621397 0.623903 0.622779 0.625854 9.956430e-02 0.652
N:22 Run:5 0.550731 0.592927 0.612503 0.619986 0.622413 0.623886 0.624756 0.622652 0.622478 0.624729 0.625363 0.626913 0.624527 0.621813 0.620753 0.622722 0.61763 0.622994 0.625377 0.625826 0.626843 9.956430e-02 0.652
N:22 Run:6 0.652511 0.635192 0.627757 0.621513 0.595201 0.591983 0.584569 0.56217 0.585356 0.550137 0.522886 0.545643 0.559051 0.589406 0.609366 0.609232 0.606583 0.613639 0.62042 0.623439 0.622563 9.956430e-02 0.652
N:22 Run:7 0.581708 0.607232 0.611757 0.612368 0.614592 0.616989 0.614937 0.618758 0.618876 0.618594 0.61638 0.618868 0.622726 0.621601 0.623648 0.61945 0.619309 0.61843 0.616598 0.620915 0.620726 9.956430e-02 0.652
N:22 Run:8 0.813802 0.701867 0.63004 0.598808 0.531521 0.332239 0.294189 0.222355 0.164909 0.151288 0.149812 0.141605 0.165395 0.415852 0.527672 0.583611 0.605049 0.611471 0.621186 0.622994 0.624793 9.956430e-02 0.652
N:22 Run:9 0.642772 0.630998 0.610559 0.588948 0.590955 0.592694 0.591175 0.584268 0.585394 0.58544 0.582752 0.58229 0.606165 0.616842 0.622553 0.619094 0.619396 0.618121 0.623848 0.623059 0.622638 9.956430e-02 0.652
N:23 Run:0 0.554107 0.593945 0.594323 0.592327 0.5893 0.587955 0.586426 0.587611 0.587274 0.584806 0.581455 0.566502 0.55864 0.590833 0.607328 0.61503 0.619014 0.623135 0.622949 0.621546 0.620881 8.170327e-02 0.618
N:23 Run:1 0.585658 0.608734 0.619437 0.604413 0.546712 0.484475 0.301271 0.286278 0.203128 0.201421 0.194403 0.196685 0.262399 0.446626 0.526516 0.578912 0.604139 0.61632 0.620242 0.625216 0.624812 8.170327e-02 0.618
N:23 Run:2 0.537605 0.590099 0.608488 0.595655 0.475363 0.290089 0.193731 0.152658 0.135854 0.128932 0.127286 0.126294 0.179295 0.405359 0.53033 0.577641 0.600627 0.610012 0.617343 0.619634 0.617554 8.170327e-02 0.618
N:23 Run:3 0.584123 0.610358 0.618838 0.620971 0.620261 0.617988 0.619447 0.623192 0.621691 0.621803 0.617183 0.618032 0.621044 0.624101 0.624974 0.623491 0.622302 0.621867 0.625777 0.625958 0.628531 8.170327e-02 0.618
N:23 Run:4 0.584473 0.6101 0.599929 0.594677 0.588863 0.591765 0.586345 0.584109 0.57875 0.587467 0.589312 0.586462 0.608393 0.618117 0.623395 0.621809 0.620154 0.621397 0.623903 0.622779 0.625854 8.170327e-02 0.618
N:23 Run:5 0.550731 0.592927 0.612503 0.619986 0.622413 0.623886 0.624756 0.622652 0.622478 0.624729 0.625363 0.626913 0.624527 0.621813 0.620753 0.622722 0.61763 0.622994 0.625377 0.625826 0.626843 8.170327e-02 0.618
N:23 Run:6 0.652511 0.635192 0.627757 0.621513 0.595201 0.591983 0.584569 0.56217 0.585356 0.550137 0.522886 0.545643 0.559051 0.589406 0.609366 0.609232 0.606583 0.613639 0.62042 0.623439 0.622563 8.170327e-02 0.618
N:23 Run:7 0.581708 0.607232 0.611757 0.612368 0.614592 0.616989 0.614937 0.618758 0.618876 0.618594 0.61638 0.618868 0.622726 0.621601 0.623648 0.61945 0.619309 0.61843 0.616598 0.620915 0.620726 8.170327e-02 0.618
N:23 Run:8 0.813802 0.701867 0.63004 0.598808 0.531521 0.332239 0.294189 0.222355 0.164909 0.151288 0.149812 0.141605 0.165395 0.415852 0.527672 0.583611 0.605049 0.611471 0.621186 0.622994 0.624793 8.170327e-02 0.618
N:23 Run:9 0.642772 0.630998 0.610559 0.588948 0.590955 0.592694 0.591175 0.584268 0.585394 0.58544 0.582752 0.58229 0.606165 0.616842 0.622553 0.619094 0.619396 0.618121 0.623848 0.623059 0.622638 8.170327e-02 0.618
N:24 Run:0 0.554107 0.593945 0.594323 0.592327 0.5893 0.587955 0.586426 0.587611 0.587274 0.584806 0.581455 0.566502 0.55864 0.590833 0.607328 0.61503 0.619014 0.623135 0.622949 0.621546 0.620881 8.254985e-02 0.622
N:24 Run:1 0.585658 0.608734 0.619437 0.604413 0.546712 0.484475 0.301271 0.286278 0.203128 0.201421 0.194403 0.196685 0.262399 0.446626 0.526516 0.578912 0.604139 0.61632 0.620242 0.625216 0.624812 8.254985e-02 0.622
N:24 Run:2 0.537605 0.590099 0.608488 0.595655 0.475363 0.290089 0.193731 0.152658 0.135854 0.128932 0.127286 0.126294 0.179295 0.405359 0.53033 0.577641 0.600627 0.610012 0.617343 0.619634 0.617554 8.254985e-02 0.622
N:24 Run:3 0.584123 0.610358 0.618838 0.620971 0.620261 0.617988 0.619447 0.623192 0.621691 0.621803 0.617183 0.618032 0.621044 0.624101 0.624974 0.623491 0.622302 0.621867 0.625777 0.625958 0.628531 8.254985e-02 0.622
N:24 Run:4 0.584473 0.6101 0.599929 0.594677 0.588863 0.591765 0.586345 0.584109 0.57875 0.587467 0.589312 0.586462 0.608393 0.618117 0.623395 0.621809 0.620154 0.621397 0.623903 0.622779 0.625854 8.254985e-02 0.622
N:24 Run:5 0.550731 0.592927 0.612503 0.619986 0.622413 0.623886 0.624756 0.622652 0.622478 0.624729 0.625363 0.626913 0.624527 0.621813 0.620753 0.622722 0.61763 0.622994 0.625377 0.625826 0.626843 8.254985e-02 0.622
N:24 Run:6 0.652511 0.635192 0.627757 0.621513 0.595201 0.591983 0.584569 0.56217 0.585356 0.550137 0.522886 0.545643 0.559051 0.589406 0.609366 0.609232 0.606583 0.613639 0.62042 0.623439 0.622563 8.254985e-02 0.622
N:24 Run:7 0.581708 0.607232 0.611757 0.612368 0.614592 0.616989 0.614937 0.618758 0.618876 0.618594 0.61638 0.618868 0.622726 0.621601 0.623648 0.61945 0.619309 0.61843 0.616598 0.620915 0.620726 8.254985e-02 0.622
N:24 Run:8 0.813802 0.701867 0.63004 0.598808 0.531521 0.332239 0.294189 0.222355 0.164909 0.151288 0.149812 0.141605 0.165395 0.415852 0.527672 0.583611 0.605049 0.611471 0.621186 0.622994 0.624793 8.254985e-02 0.622
N:24 Run:9 0.642772 0.630998 0.610559 0.588948 0.590955 0.592694 0.591175 0.584268 0.585394 0.58544 0.582752 0.58229 0.606165 0.616842 0.622553 0.619094 0.619396 0.618121 0.623848 0.623059 0.622638 8.254985e-02 0.622
N:25 Run:0 0.554107 0.593945 0.594323 0.592327 0.5893 0.587955 0.586426 0.587611 0.587274 0.584806 0.581455 0.566502 0.55864 0.590833 0.607328 0.61503 0.619014 0.623135 0.622949 0.621546 0.620881 8.775342e-02 0.641
N:25 Run:1 0.585658 0.608734 0.619437 0.604413 0.546712 0.484475 0.301271 0.286278 0.203128 0.201421 0.194403 0.196685 0.262399 0.446626 0.526516 0.578912 0.604139 0.61632 0.620242 0.625216 0.624812 8.775342e-02 0.641
N:25 Run:2 0.537605 0.590099 0.608488 0.595655 0.475363 0.290089 0.193731 0.152658 0.135854 0.128932 0.127286 0.126294 0.179295 0.405359 0.53033 0.577641 0.600627 0.610012 0.617343 0.619634 0.617554 8.775342e-02 0.641
N:25 Run:3 0.584123 0.610358 0.618838 0.620971 0.620261 0.617988 0.619447 0.623192 0.621691 0.621803 0.617183 0.618032 0.621044 0.624101 0.624974 0.623491 0.622302 0.621867 0.625777 0.625958 0.628531 8.775342e-02 0.641
N:25 Run:4 0.584473 0.6101 0.599929 0.594677 0.588863 0.591765 0.586345 0.584109 0.57875 0.587467 0.589312 0.586462 0.608393 0.618117 0.623395 0.621809 0.620154 0.621397 0.623903 0.622779 0.625854 8.775342e-02 0.641
N:25 Run:5 0.550731 0.592927 0.612503 0.619986 0.622413 0.623886 0.624756 0.622652 0.622478 0.624729 0.625363 0.626913 0.624527 0.621813 0.620753 0.622722 0.61763 0.622994 0.625377 0.625826 0.626843 8.775342e-02 0.641
N:25 Run:6 0.652511 0.635192 0.627757 0.621513 0.595201 0.591983 0.584569 0.56217 0.585356 0.550137 0.522886 0.545643 0.559051 0.589406 0.609366 0.609232 0.606583 0.613639 0.62042 0.623439 0.622563 8.775342e-02 0.641
N:25 Run:7 0.581708 0.607232 0.611757 0.612368 0.614592 0.616989 0.614937 0.618758 0.618876 0.618594 0.61638 0.618868 0.622726 0.621601 0.623648 0.61945 0.619309 0.61843 0.616598 0.620915 0.620726 8.775342e-02 0.641
N:25 Run:8 0.813802 0.701867 0.63004 0.598808 0.531521 0.332239 0.294189 0.222355 0.164909 0.151288 0.149812 0.141605 0.165395 0.415852 0.527672 0.583611 0.605049 0.611471 0.621186 0.622994 0.624793 8.775342e-02 0.641
N:25 Run:9 0.642772 0.630998 0.610559 0.588948 0.590955 0.592694 0.591175 0.584268 0.585394 0.58544 0.582752 0.58229 0.606165 0.616842 0.622553 0.619094 0.619396 0.618121 0.623848 0.623059 0.622638 8.775342e-02 0.641
N:26 Run:0 0.554107 0.593945 0.594323 0.592327 0.5893 0.587955 0.586426 0.587611 0.587274 0.584806 0.581455 0.566502 0.55864 0.590833 0.607328 0.61503 0.619014 0.623135 0.622949 0.621546 0.620881 8.237133e-02 0.629
N:26 Run:1 0.585658 0.608734 0.619437 0.604413 0.546712 0.484475 0.301271 0.286278 0.203128 0.201421 0.194403 0.196685 0.262399 0.446626 0.526516 0.578912 0.604139 0.61632 0.620242 0.625216 0.624812 8.237133e-02 0.629
N:26 Run:2 0.537605 0.590099 0.608488 0.595655 0.475363 0.290089 0.193731 0.152658 0.135854 0.128932 0.127286 0.126294 0.179295 0.405359 0.53033 0.577641 0.600627 0.610012 0.617343 0.619634 0.617554 8.237133e-02 0.629
N:26 Run:3 0.584123 0.610358 0.618838 0.620971 0.620261 0.617988 0.619447 0.623192 0.621691 0.621803 0.617183 0.618032 0.621044 0.624101 0.624974 0.623491 0.622302 0.621867 0.625777 0.625958 0.628531 8.237133e-02 0.629
N:26 Run:4 0.584473 0.6101 0.599929 0.594677 0.588863 0.591765 0.586345 0.584109 0.57875 0.587467 0.589312 0.586462 0.608393 0.618117 0.623395 0.621809 0.620154 0.621397 0.623903 0.622779 0.625854 8.237133e-02 0.629
N:26 Run:5 0.550731 0.592927 0.612503 0.619986 0.622413 0.623886 0.624756 0.622652 0.622478 0.624729 0.625363 0.626913 0.624527 0.621813 0.620753 0.622722 0.61763 0.622994 0.625377 0.625826 0.626843 8.237133e-02 0.629
N:26 Run:6 0.652511 0.635192 0.627757 0.621513 0.595201 0.591983 0.584569 0.56217 0.585356 0.550137 0.522886 0.545643 0.559051 0.589406 0.609366 0.609232 0.606583 0.613639 0.62042 0.623439 0.622563 8.237133e-02 0.629
N:26 Run:7 0.581708 0.607232 0.611757 0.612368 0.614592 0.616989 0.614937 0.618758 0.618876 0.618594 0.61638 0.618868 0.622726 0.621601 0.623648 0.61945 0.619309 0.61843 0.616598 0.620915 0.620726 8.237133e-02 0.629
N:26 Run:8 0.813802 0.701867 0.63004 0.598808 0.531521 0.332239 0.294189 0.222355 0.164909 0.151288 0.149812 0.141605 0.165395 0.415852 0.527672 0.583611 0.605049 0.611471 0.621186 0.622994 0.624793 8.237133e-02 0.629
N:26 Run:9 0.642772 0.630998 0.610559 0.588948 0.590955 0.592694 0.591175 0.584268 0.585394 0.58544 0.582752 0.58229 0.606165 0.616842 0.622553 0.619094 0.619396 0.618121 0.623848 0.623059 0.622638 8.237133e-02 0.629
N:27 Run:0 0.554107 0.593945 0.594323 0.592327 0.5893 0.587955 0.586426 0.587611 0.587274 0.584806 0.581455 0.566502 0.55864 0.590833 0.607328 0.61503 0.619014 0.623135 0.622949 0.621546 0.620881 1.024048e-01 0.607
N:27 Run:1 0.585658 0.608734 0.619437 0.604413 0.546712 0.484475 0.301271 0.286278 0.203128 0.201421 0.194403 0.196685 0.262399 0.446626 0.526516 0.578912 0.604139 0.61632 0.620242 0.625216 0.624812 1.024048e-01 0.607
N:27 Run:2 0.537605 0.590099 0.608488 0.595655 0.475363 0.290089 0.193731 0.152658 0.135854 0.128932 0.127286 0.126294 0.179295 0.405359 0.53033 0.577641 0.600627 0.610012 0.617343 0.619634 0.617554 1.024048e-01 0.607
N:27 Run:3 0.584123 0.610358 0.618838 0.620971 0.620261 0.617988 0.619447 0.623192 0.621691 0.621803 0.617183 0.618032 0.621044 0.624101 0.624974 0.623491 0.622302 0.621867 0.625777 0.625958 0.628531 1.024048e-01 0.607
N:27 Run:4 0.584473 0.6101 0.599929 0.594677 0.588863 0.591765 0.586345 0.584109 0.57875 0.587467 0.589312 0.586462 0.608393 0.618117 0.623395 0.621809 0.620154 0.621397 0.623903 0.622779 0.625854 1.024048e-01 0.607
N:27 Run:5 0.550731 0.592927 0.612503 0.619986 0.622413 0.623886 0.624756 0.622652 0.622478 0.624729 0.625363 0.626913 0.624527 0.621813 0.620753 0.622722 0.61763 0.622994 0.625377 0.625826 0.626843 1.024048e-01 0.607
N:27 Run:6 0.652511 0.635192 0.627757 0.621513 0.595201 0.591983 0.584569 0.56217 0.585356 0.550137 0.522886 0.545643 0.559051 0.589406 0.609366 0.609232 0.606583 0.613639 0.62042 0.623439 0.622563 1.024048e-01 0.607
N:27 Run:7 0.581708 0.607232 0.611757 0.612368 0.614592 0.616989 0.614937 0.618758 0.618876 0.618594 0.61638 0.618868 0.622726 0.621601 0.623648 0.61945 0.619309 0.61843 0.616598 0.620915 0.620726 1.024048e-01 0.607
N:27 Run:8 0.813802 0.701867 0.63004 0.598808 0.531521 0.332239 0.294189 0.222355 0.164909 0.151288 0.149812 0.141605 0.165395 0.415852 0.527672 0.583611 0.605049 0.611471 0.621186 0.622994 0.624793 1.024048e-01 0.607
N:27 Run:9 0.642772 0.630998 0.610559 0.588948 0.590955 0.592694 0.591175 0.584268 0.585394 0.58544 0.582752 0.58229 0.606165 0.616842 0.622553 0.619094 0.619396 0.618121 0.623848 0.623059 0.622638 1.024048e-01 0.607
N:28 Run:0 0.554107 0.593945 0.594323 0.592327 0.5893 0.587955 0.586426 0.587611 0.587274 0.584806 0.581455 0.566502 0.55864 0.590833 0.607328 0.61503 0.619014 0.623135 0.622949 0.621546 0.620881 1.018932e-01 0.623
N:28 Run:1 0.585658 0.608734 0.619437 0.604413 0.546712 0.484475 0.301271 0.286278 0.203128 0.201421 0.194403 0.196685 0.262399 0.446626 0.526516 0.578912 0.604139 0.61632 0.620242 0.625216 0.624812 1.018932e-01 0.623
N:28 Run:2 0.537605 0.590099 0.608488 0.595655 0.475363 0.290089 0.193731 0.152658 0.135854 0.128932 0.127286 0.126294 0.179295 0.405359 0.53033 0.577641 0.600627 0.610012 0.617343 0.619634 0.617554 1.018932e-01 0.623
N:28 Run:3 0.584123 0.610358 0.618838 0.620971 0.620261 0.617988 0.619447 0.623192 0.621691 0.621803 0.617183 0.618032 0.621044 0.624101 0.624974 0.623491 0.622302 0.621867 0.625777 0.625958 0.628531 1.018932e-01 0.623
N:28 Run:4 0.584473 0.6101 0.599929 0.594677 0.588863 0.591765 0.586345 0.584109 0.57875 0.587467 0.589312 0.586462 0.608393 0.618117 0.623395 0.621809 0.620154 0.621397 0.623903 0.622779 0.625854 1.018932e-01 0.623
N:28 Run:5 0.550731 0.592927 0.612503 0.619986 0.622413 0.623886 0.624756 0.622652 0.622478 0.624729 0.625363 0.626913 0.624527 0.621813 0.620753 0.622722 0.61763 0.622994 0.625377 0.625826 0.626843 1.018932e-01 0.623
N:28 Run:6 0.652511 0.635192 0.627757 0.621513 0.595201 0.591983 0.584569 0.56217 0.585356 0.550137 0.522886 0.545643 0.559051 0.589406 0.609366 0.609232 0.606583 0.613639 0.62042 0.623439 0.622563 1.018932e-01 0.623
N:28 Run:7 0.581708 0.607232 0.611757 0.612368 0.614592 0.616989 0.614937 0.618758 0.618876 0.618594 0.61638 0.618868 0.622726 0.621601 0.623648 0.61945 0.619309 0.61843 0.616598 0.620915 0.620726 1.018932e-01 0.623
N:28 Run:8 0.813802 0.701867 0.63004 0.598808 0.531521 0.332239 0.294189 0.222355 0.164909 0.151288 0.149812 0.141605 0.165395 0.415852 0.527672 0.583611 0.605049 0.611471 0.621186 0.622994 0.624793 1.018932e-01 0.623
N:28 Run:9 0.642772 0.630998 0.610559 0.588948 0.590955 0.592694 0.591175 0.584268 0.585394 0.58544 0.582752 0.58229 0.606165 0.616842 0.622553 0.619094 0.619396 0.618121 0.623848 0.623059 0.622638 1.018932e-01 0.623
N:29 Run:0 0.554107 0.593945 0.594323 0.592327 0.5893 0.587955 0.586426 0.587611 0.587274 0.584806 0.581455 0.566502 0.55864 0.590833 0.607328 0.61503 0.619014 0.623135 0.622949 0.621546 0.620881 9.906905e-02 0.607
N:29 Run:1 0.585658 0.608734 0.619437 0.604413 0.546712 0.484475 0.301271 0.286278 0.203128 0.201421 0.194403 0.196685 0.262399 0.446626 0.526516 0.578912 0.604139 0.61632 0.620242 0.625216 0.624812 9.906905e-02 0.607
N:29 Run:2 0.537605 0.590099 0.608488 0.595655 0.475363 0.290089 0.193731 0.152658 0.135854 0.128932 0.127286 0.126294 0.179295 0.405359 0.53033 0.577641 0.600627 0.610012 0.617343 0.619634 0.617554 9.906905e-02 0.607
N:29 Run:3 0.584123 0.610358 0.618838 0.620971 0.620261 0.617988 0.619447 0.623192 0.621691 0.621803 0.617183 0.618032 0.621044 0.624101 0.624974 0.623491 0.622302 0.621867 0.625777 0.625958 0.628531 9.906905e-02 0.607
N:29 Run:4 0.584473 0.6101 0.599929 0.594677 0.588863 0.591765 0.586345 0.584109 0.57875 0.587467 0.589312 0.586462 0.608393 0.618117 0.623395 0.621809 0.620154 0.621397 0.623903 0.622779 0.625854 9.906905e-02 0.607
N:29 Run:5 0.550731 0.592927 0.612503 0.619986 0.622413 0.623886 0.624756 0.622652 0.622478 0.624729 0.625363 0.626913 0.624527 0.621813 0.620753 0.622722 0.61763 0.622994 0.625377 0.625826 0.626843 9.906905e-02 0.607
N:29 Run:6 0.652511 0.635192 0.627757 0.621513 0.595201 0.591983 0.584569 0.56217 0.585356 0.550137 0.522886 0.545643 0.559051 0.589406 0.609366 0.609232 0.606583 0.613639 0.62042 0.623439 0.622563 9.906905e-02 0.607
N:29 Run:7 0.581708 0.607232 0.611757 0.612368 0.614592 0.616989 0.614937 0.618758 0.618876 0.618594 0.61638 0.618868 0.622726 0.621601 0.623648 0.61945 0.619309 0.61843 0.616598 0.620915 0.620726 9.906905e-02 0.607
N:29 Run:8 0.813802 0.701867 0.63004 0.598808 0.531521 0.332239 0.294189 0.222355 0.164909 0.151288 0.149812 0.141605 0.165395 0.415852 0.527672 0.583611 0.605049 0.611471 0.621186 0.622994 0.624793 9.906905e-02 0.607
N:29 Run:9 0.642772 0.630998 0.610559 0.588948 0.590955 0.592694 0.591175 0.584268 0.585394 0.58544 0.582752 0.58229 0.606165 0.616842 0.622553 0.619094 0.619396 0.618121 0.623848 0.623059 0.622638 9.906905e-02 0.607
