Seed:1578434711
N:0 Run:0 0.0030338 0.00535969 0.00829558 0.0119722 0.0113048 0.0106945 0.0102224 0.00992278 0.00971388 0.00957785 0.00948864 0.00944285 0.00939549 0.00937687 0.00936131 0.00954316 0.00959607 0.00979001 0.00969014 0.0101049 0.00987067 4.242148e-03 0.885
N:0 Run:1 0.0145835 0.013768 0.0125742 0.0122589 0.0117044 0.0110502 0.0104813 0.0101048 0.00983486 0.0096541 0.00953383 0.00945527 0.00940464 0.0093734 0.0093581 0.00940081 0.00942501 0.00961933 0.00951847 0.00989877 0.00984674 4.242148e-03 0.885
N:0 Run:2 0.0231607 0.0188074 0.0155864 0.0134582 0.0125038 0.0115942 0.0109629 0.0113875 0.0106868 0.0102514 0.00995283 0.00973254 0.00959598 0.00956304 0.00967222 0.00962035 0.00976501 0.0098291 0.00988736 0.010564 0.0106741 4.242148e-03 0.885
N:0 Run:3 0.0013486 0.00423855 0.00968309 0.0179395 0.094504 0.0968082 0.294338 0.22654 0.259174 0.231204 0.16572 0.135272 0.0922312 0.0640144 0.0453966 0.0331658 0.0252547 0.0201024 0.0168742 0.014385 0.0127995 4.242148e-03 0.885
N:0 Run:4 0.0092614 0.00938598 0.0110258 0.0139094 0.0166352 0.0173949 0.0186576 0.0397456 0.0328474 0.0285102 0.0228429 0.0189332 0.0156556 0.0134895 0.012121 0.011383 0.0107706 0.010361 0.010061 0.0100016 0.0104458 4.242148e-03 0.885
N:0 Run:5 0.0018136 0.00478292 0.00632876 0.00734483 0.00801351 0.00845478 0.00874401 0.00893515 0.00906017 0.0091424 0.00919651 0.00923213 0.00925597 0.00928759 0.00931699 0.00961793 0.00995658 0.0112105 0.0108727 0.0107619 0.010478 4.242148e-03 0.885
N:0 Run:6 0.0051981 0.00716415 0.00942968 0.00938837 0.00938675 0.00940093 0.00937094 0.00934873 0.00933372 0.00932354 0.00931591 0.00931097 0.0093081 0.00930675 0.00932789 0.0094695 0.00951351 0.00979088 0.00980179 0.0110745 0.0106494 4.242148e-03 0.885
N:0 Run:7 0.0134985 0.0134629 0.0130804 0.0122987 0.0146043 0.0132413 0.0131944 0.0150171 0.0165285 0.0160824 0.0160546 0.0154744 0.0133753 0.0120172 0.0116264 0.0111368 0.0106098 0.0109873 0.0106242 0.010655 0.0119776 4.242148e-03 0.885
N:0 Run:8 0.0090408 0.00952355 0.0105241 0.0109705 0.0117042 0.0128398 0.0132433 0.0138591 0.0128407 0.0129149 0.0123026 0.0117221 0.0114807 0.011769 0.0110863 0.0106325 0.0112064 0.0114691 0.0116786 0.0122815 0.0117676 4.242148e-03 0.885
N:0 Run:9 0.0028481 0.00641827 0.00775828 0.00842783 0.00935397 0.00945137 0.00941519 0.00938532 0.00935824 0.00934887 0.00933754 0.0093351 0.00932999 0.00933225 0.00934955 0.00945746 0.00944919 0.00989693 0.0105827 0.0102757 0.0100379 4.242148e-03 0.885
N:1 Run:0 0.0030338 0.00646957 0.00792692 0.0085579 0.00881957 0.00893495 0.0089745 0.00899722 0.00900789 0.0090121 0.00901904 0.00901645 0.00900506 0.00899911 0.00899871 0.00899555 0.00899875 0.00899579 0.00899426 0.0089958 0.00899507 3.345364e-03 0.872
N:1 Run:1 0.0145835 0.0113606 0.0103511 0.0130015 0.0138878 0.0133871 0.0202242 0.0203341 0.0192674 0.0163043 0.0231994 0.0175993 0.0126404 0.0105386 0.00965115 0.00927462 0.00911379 0.00904395 0.00901475 0.00900252 0.00899694 3.345364e-03 0.872
N:1 Run:2 0.0231607 0.0149949 0.0115354 0.0100699 0.00944857 0.00918686 0.00907531 0.00902767 0.00900775 0.00899888 0.00899563 0.00899367 0.0089939 0.00899353 0.00899301 0.0089923 0.00899412 0.00899457 0.00899404 0.00899299 0.00899237 3.345364e-03 0.872
N:1 Run:3 0.0013486 0.00575548 0.0118313 0.0567635 0.0989075 0.161405 0.230646 0.252699 0.234531 0.177642 0.192891 0.233184 0.103967 0.0492368 0.026043 0.0162151 0.0120527 0.010289 0.00954185 0.00922711 0.00909177 3.345364e-03 0.872
N:1 Run:4 0.0092614 0.0091089 0.0091055 0.00961753 0.00947985 0.00971308 0.00946485 0.00976281 0.00983867 0.0102027 0.00958917 0.0104341 0.00960365 0.00925229 0.00910342 0.009044 0.00901491 0.0090029 0.00899793 0.00899557 0.00899471 3.345364e-03 0.872
N:1 Run:5 0.0018136 0.00595941 0.00770703 0.00844752 0.00876173 0.00889403 0.0089501 0.00897383 0.00898392 0.00898836 0.00899007 0.00899085 0.00899125 0.00899211 0.00899325 0.00899347 0.00899299 0.00899488 0.00899355 0.00899399 0.00899369 3.345364e-03 0.872
N:1 Run:6 0.0051981 0.00738616 0.00858396 0.0114938 0.0169329 0.0183259 0.0184145 0.0171878 0.026805 0.0203005 0.0226407 0.0338315 0.0195194 0.013452 0.0108823 0.00979337 0.00933365 0.00913938 0.00905682 0.00902044 0.00900439 3.345364e-03 0.872
N:1 Run:7 0.0134985 0.0109011 0.01113 0.0192617 0.0164642 0.0156938 0.0267756 0.021018 0.0241042 0.0185703 0.0153717 0.0257955 0.0161189 0.0120145 0.0102745 0.00953637 0.00923142 0.00909538 0.00903918 0.00901251 0.00900136 3.345364e-03 0.872
N:1 Run:8 0.0090408 0.00901247 0.00900067 0.0089961 0.00899498 0.00899589 0.00899358 0.00899272 0.00899468 0.00899317 0.00899483 0.00899315 0.00899385 0.00899982 0.00899797 0.00899495 0.0089933 0.0089923 0.00899256 0.00899317 0.00899368 3.345364e-03 0.872
N:1 Run:9 0.0028481 0.00638991 0.00811905 0.00911453 0.0103334 0.0110301 0.0142977 0.0124288 0.011974 0.0131192 0.0116217 0.0110073 0.009868 0.00936328 0.00914933 0.00905851 0.0090205 0.00900475 0.00899993 0.00899554 0.00899339 3.345364e-03 0.872
N:2 Run:0 0.0030338 0.00484819 0.00946422 0.0124328 0.0114292 0.0105936 0.008399 0.00961511 0.00969301 0.00940285 0.00843158 0.00704482 0.00678708 0.00680046 0.00773971 0.00747567 0.00814771 0.00738945 0.00814615 0.0088977 0.00774198 2.319173e-03 0.882
N:2 Run:1 0.0145835 0.0110261 0.0142213 0.0100889 0.0096027 0.00956127 0.00769592 0.00925964 0.00941202 0.00788927 0.0097715 0.0100228 0.00914525 0.00868468 0.00733971 0.0117841 0.00869966 0.0070986 0.00699091 0.00927763 0.00808838 2.319173e-03 0.882
N:2 Run:2 0.0231607 0.0167727 0.0124404 0.0122552 0.0218112 0.0160256 0.0118287 0.0101244 0.0110167 0.00965931 0.00947789 0.00864965 0.00914425 0.00988656 0.00795622 0.00979213 0.00886781 0.00750495 0.00756798 0.0148219 0.0120563 2.319173e-03 0.882
N:2 Run:3 0.0013486 0.00777317 0.024468 0.0452677 0.132311 0.142035 0.239468 0.267101 0.241526 0.207478 0.206613 0.155687 0.0924312 0.0543889 0.033762 0.022712 0.0171129 0.013787 0.0134185 0.00975116 0.00750957 2.319173e-03 0.882
N:2 Run:4 0.0092614 0.0212535 0.0162578 0.0156481 0.0154147 0.0108531 0.00866106 0.00806916 0.00707618 0.00882376 0.00755248 0.00777353 0.00750387 0.00686773 0.00672504 0.00908824 0.00853665 0.0078462 0.00751846 0.00797094 0.0107045 2.319173e-03 0.882
N:2 Run:5 0.0018136 0.00522251 0.00471182 0.00436187 0.00388439 0.00349176 0.00327292 0.00316565 0.0030925 0.00305141 0.00302917 0.00301749 0.00301047 0.00337428 0.00381339 0.00386585 0.00565295 0.0059766 0.00712134 0.00574642 0.00670542 2.319173e-03 0.882
N:2 Run:6 0.0051981 0.00711125 0.0138935 0.0199186 0.0189322 0.0234984 0.0545001 0.0506032 0.0391509 0.0333206 0.0412947 0.0401418 0.0314548 0.0222647 0.0203736 0.0188589 0.0212342 0.019906 0.0139519 0.0111767 0.00891573 2.319173e-03 0.882
N:2 Run:7 0.0134985 0.0110679 0.009714 0.012351 0.00940585 0.0068766 0.00521541 0.00428597 0.0041944 0.00371584 0.00349715 0.00358556 0.00362288 0.00541989 0.00609724 0.00630954 0.00647051 0.00637706 0.00776441 0.00839438 0.0100998 2.319173e-03 0.882
N:2 Run:8 0.0090408 0.00965017 0.014781 0.0117817 0.0093635 0.0113955 0.00856689 0.00831657 0.00747071 0.0066748 0.00609639 0.00788856 0.00703586 0.00611743 0.0062845 0.00615519 0.00727635 0.00656527 0.00625449 0.00703134 0.00774685 2.319173e-03 0.882
N:2 Run:9 0.0028481 0.00456974 0.010178 0.0152746 0.0174693 0.0148984 0.0174084 0.0185031 0.0184343 0.0166428 0.0144456 0.023803 0.019222 0.0181797 0.0153817 0.0160705 0.0125174 0.011103 0.0115973 0.0166817 0.0134567 2.319173e-03 0.882
N:3 Run:0 0.0030338 0.00484819 0.00946422 0.0124328 0.0114292 0.0105936 0.008399 0.00961511 0.00969301 0.00940285 0.00843158 0.00704482 0.00678708 0.00680046 0.00773971 0.00747567 0.00814771 0.00738945 0.00814615 0.0088977 0.00774198 3.955887e-03 0.901
N:3 Run:1 0.0145835 0.0110261 0.0142213 0.0100889 0.0096027 0.00956127 0.00769592 0.00925964 0.00941202 0.00788927 0.0097715 0.0100228 0.00914525 0.00868468 0.00733971 0.0117841 0.00869966 0.0070986 0.00699091 0.00927763 0.00808838 3.955887e-03 0.901
N:3 Run:2 0.0231607 0.0167727 0.0124404 0.0122552 0.0218112 0.0160256 0.0118287 0.0101244 0.0110167 0.00965931 0.00947789 0.00864965 0.00914425 0.00988656 0.00795622 0.00979213 0.00886781 0.00750495 0.00756798 0.0148219 0.0120563 3.955887e-03 0.901
N:3 Run:3 0.0013486 0.00777317 0.024468 0.0452677 0.132311 0.142035 0.239468 0.267101 0.241526 0.207478 0.206613 0.155687 0.0924312 0.0543889 0.033762 0.022712 0.0171129 0.013787 0.0134185 0.00975116 0.00750957 3.955887e-03 0.901
N:3 Run:4 0.0092614 0.0212535 0.0162578 0.0156481 0.0154147 0.0108531 0.00866106 0.00806916 0.00707618 0.00882376 0.00755248 0.00777353 0.00750387 0.00686773 0.00672504 0.00908824 0.00853665 0.0078462 0.00751846 0.00797094 0.0107045 3.955887e-03 0.901
N:3 Run:5 0.0018136 0.00522251 0.00471182 0.00436187 0.00388439 0.00349176 0.00327292 0.00316565 0.0030925 0.00305141 0.00302917 0.00301749 0.00301047 0.00337428 0.00381339 0.00386585 0.00565295 0.0059766 0.00712134 0.00574642 0.00670542 3.955887e-03 0.901
N:3 Run:6 0.0051981 0.00711125 0.0138935 0.0199186 0.0189322 0.0234984 0.0545001 0.0506032 0.0391509 0.0333206 0.0412947 0.0401418 0.0314548 0.0222647 0.0203736 0.0188589 0.0212342 0.019906 0.0139519 0.0111767 0.00891573 3.955887e-03 0.901
N:3 Run:7 0.0134985 0.0110679 0.009714 0.012351 0.00940585 0.0068766 0.00521541 0.00428597 0.0041944 0.00371584 0.00349715 0.00358556 0.00362288 0.00541989 0.00609724 0.00630954 0.00647051 0.00637706 0.00776441 0.00839438 0.0100998 3.955887e-03 0.901
N:3 Run:8 0.0090408 0.00965017 0.014781 0.0117817 0.0093635 0.0113955 0.00856689 0.00831657 0.00747071 0.0066748 0.00609639 0.00788856 0.00703586 0.00611743 0.0062845 0.00615519 0.00727635 0.00656527 0.00625449 0.00703134 0.00774685 3.955887e-03 0.901
N:3 Run:9 0.0028481 0.00456974 0.010178 0.0152746 0.0174693 0.0148984 0.0174084 0.0185031 0.0184343 0.0166428 0.0144456 0.023803 0.019222 0.0181797 0.0153817 0.0160705 0.0125174 0.011103 0.0115973 0.0166817 0.0134567 3.955887e-03 0.901
N:4 Run:0 0.0030338 0.00484819 0.00946422 0.0124328 0.0114292 0.0105936 0.008399 0.00961511 0.00969301 0.00940285 0.00843158 0.00704482 0.00678708 0.00680046 0.00773971 0.00747567 0.00814771 0.00738945 0.00814615 0.0088977 0.00774198 3.325584e-03 0.863
N:4 Run:1 0.0145835 0.0110261 0.0142213 0.0100889 0.0096027 0.00956127 0.00769592 0.00925964 0.00941202 0.00788927 0.0097715 0.0100228 0.00914525 0.00868468 0.00733971 0.0117841 0.00869966 0.0070986 0.00699091 0.00927763 0.00808838 3.325584e-03 0.863
N:4 Run:2 0.0231607 0.0167727 0.0124404 0.0122552 0.0218112 0.0160256 0.0118287 0.0101244 0.0110167 0.00965931 0.00947789 0.00864965 0.00914425 0.00988656 0.00795622 0.00979213 0.00886781 0.00750495 0.00756798 0.0148219 0.0120563 3.325584e-03 0.863
N:4 Run:3 0.0013486 0.00777317 0.024468 0.0452677 0.132311 0.142035 0.239468 0.267101 0.241526 0.207478 0.206613 0.155687 0.0924312 0.0543889 0.033762 0.022712 0.0171129 0.013787 0.0134185 0.00975116 0.00750957 3.325584e-03 0.863
N:4 Run:4 0.0092614 0.0212535 0.0162578 0.0156481 0.0154147 0.0108531 0.00866106 0.00806916 0.00707618 0.00882376 0.00755248 0.00777353 0.00750387 0.00686773 0.00672504 0.00908824 0.00853665 0.0078462 0.00751846 0.00797094 0.0107045 3.325584e-03 0.863
N:4 Run:5 0.0018136 0.00522251 0.00471182 0.00436187 0.00388439 0.00349176 0.00327292 0.00316565 0.0030925 0.00305141 0.00302917 0.00301749 0.00301047 0.00337428 0.00381339 0.00386585 0.00565295 0.0059766 0.00712134 0.00574642 0.00670542 3.325584e-03 0.863
N:4 Run:6 0.0051981 0.00711125 0.0138935 0.0199186 0.0189322 0.0234984 0.0545001 0.0506032 0.0391509 0.0333206 0.0412947 0.0401418 0.0314548 0.0222647 0.0203736 0.0188589 0.0212342 0.019906 0.0139519 0.0111767 0.00891573 3.325584e-03 0.863
N:4 Run:7 0.0134985 0.0110679 0.009714 0.012351 0.00940585 0.0068766 0.00521541 0.00428597 0.0041944 0.00371584 0.00349715 0.00358556 0.00362288 0.00541989 0.00609724 0.00630954 0.00647051 0.00637706 0.00776441 0.00839438 0.0100998 3.325584e-03 0.863
N:4 Run:8 0.0090408 0.00965017 0.014781 0.0117817 0.0093635 0.0113955 0.00856689 0.00831657 0.00747071 0.0066748 0.00609639 0.00788856 0.00703586 0.00611743 0.0062845 0.00615519 0.00727635 0.00656527 0.00625449 0.00703134 0.00774685 3.325584e-03 0.863
N:4 Run:9 0.0028481 0.00456974 0.010178 0.0152746 0.0174693 0.0148984 0.0174084 0.0185031 0.0184343 0.0166428 0.0144456 0.023803 0.019222 0.0181797 0.0153817 0.0160705 0.0125174 0.011103 0.0115973 0.0166817 0.0134567 3.325584e-03 0.863
N:5 Run:0 0.0030338 0.00484819 0.00946422 0.0124328 0.0114292 0.0105936 0.008399 0.00961511 0.00969301 0.00940285 0.00843158 0.00704482 0.00678708 0.00680046 0.00773971 0.00747567 0.00814771 0.00738945 0.00814615 0.0088977 0.00774198 3.074585e-03 0.877
N:5 Run:1 0.0145835 0.0110261 0.0142213 0.0100889 0.0096027 0.00956127 0.00769592 0.00925964 0.00941202 0.00788927 0.0097715 0.0100228 0.00914525 0.00868468 0.00733971 0.0117841 0.00869966 0.0070986 0.00699091 0.00927763 0.00808838 3.074585e-03 0.877
N:5 Run:2 0.0231607 0.0167727 0.0124404 0.0122552 0.0218112 0.0160256 0.0118287 0.0101244 0.0110167 0.00965931 0.00947789 0.00864965 0.00914425 0.00988656 0.00795622 0.00979213 0.00886781 0.00750495 0.00756798 0.0148219 0.0120563 3.074585e-03 0.877
N:5 Run:3 0.0013486 0.00777317 0.024468 0.0452677 0.132311 0.142035 0.239468 0.267101 0.241526 0.207478 0.206613 0.155687 0.0924312 0.0543889 0.033762 0.022712 0.0171129 0.013787 0.0134185 0.00975116 0.00750957 3.074585e-03 0.877
N:5 Run:4 0.0092614 0.0212535 0.0162578 0.0156481 0.0154147 0.0108531 0.00866106 0.00806916 0.00707618 0.00882376 0.00755248 0.00777353 0.00750387 0.00686773 0.00672504 0.00908824 0.00853665 0.0078462 0.00751846 0.00797094 0.0107045 3.074585e-03 0.877
N:5 Run:5 0.0018136 0.00522251 0.00471182 0.00436187 0.00388439 0.00349176 0.00327292 0.00316565 0.0030925 0.00305141 0.00302917 0.00301749 0.00301047 0.00337428 0.00381339 0.00386585 0.00565295 0.0059766 0.00712134 0.00574642 0.00670542 3.074585e-03 0.877
N:5 Run:6 0.0051981 0.00711125 0.0138935 0.0199186 0.0189322 0.0234984 0.0545001 0.0506032 0.0391509 0.0333206 0.0412947 0.0401418 0.0314548 0.0222647 0.0203736 0.0188589 0.0212342 0.019906 0.0139519 0.0111767 0.00891573 3.074585e-03 0.877
N:5 Run:7 0.0134985 0.0110679 0.009714 0.012351 0.00940585 0.0068766 0.00521541 0.00428597 0.0041944 0.00371584 0.00349715 0.00358556 0.00362288 0.00541989 0.00609724 0.00630954 0.00647051 0.00637706 0.00776441 0.00839438 0.0100998 3.074585e-03 0.877
N:5 Run:8 0.0090408 0.00965017 0.014781 0.0117817 0.0093635 0.0113955 0.00856689 0.00831657 0.00747071 0.0066748 0.00609639 0.00788856 0.00703586 0.00611743 0.0062845 0.00615519 0.00727635 0.00656527 0.00625449 0.00703134 0.00774685 3.074585e-03 0.877
N:5 Run:9 0.0028481 0.00456974 0.010178 0.0152746 0.0174693 0.0148984 0.0174084 0.0185031 0.0184343 0.0166428 0.0144456 0.023803 0.019222 0.0181797 0.0153817 0.0160705 0.0125174 0.011103 0.0115973 0.0166817 0.0134567 3.074585e-03 0.877
N:6 Run:0 0.0030338 0.00484819 0.00946422 0.0124328 0.0114292 0.0105936 0.008399 0.00961511 0.00969301 0.00940285 0.00843158 0.00704482 0.00678708 0.00680046 0.00773971 0.00747567 0.00814771 0.00738945 0.00814615 0.0088977 0.00774198 2.461722e-03 0.889
N:6 Run:1 0.0145835 0.0110261 0.0142213 0.0100889 0.0096027 0.00956127 0.00769592 0.00925964 0.00941202 0.00788927 0.0097715 0.0100228 0.00914525 0.00868468 0.00733971 0.0117841 0.00869966 0.0070986 0.00699091 0.00927763 0.00808838 2.461722e-03 0.889
N:6 Run:2 0.0231607 0.0167727 0.0124404 0.0122552 0.0218112 0.0160256 0.0118287 0.0101244 0.0110167 0.00965931 0.00947789 0.00864965 0.00914425 0.00988656 0.00795622 0.00979213 0.00886781 0.00750495 0.00756798 0.0148219 0.0120563 2.461722e-03 0.889
N:6 Run:3 0.0013486 0.00777317 0.024468 0.0452677 0.132311 0.142035 0.239468 0.267101 0.241526 0.207478 0.206613 0.155687 0.0924312 0.0543889 0.033762 0.022712 0.0171129 0.013787 0.0134185 0.00975116 0.00750957 2.461722e-03 0.889
N:6 Run:4 0.0092614 0.0212535 0.0162578 0.0156481 0.0154147 0.0108531 0.00866106 0.00806916 0.00707618 0.00882376 0.00755248 0.00777353 0.00750387 0.00686773 0.00672504 0.00908824 0.00853665 0.0078462 0.00751846 0.00797094 0.0107045 2.461722e-03 0.889
N:6 Run:5 0.0018136 0.00522251 0.00471182 0.00436187 0.00388439 0.00349176 0.00327292 0.00316565 0.0030925 0.00305141 0.00302917 0.00301749 0.00301047 0.00337428 0.00381339 0.00386585 0.00565295 0.0059766 0.00712134 0.00574642 0.00670542 2.461722e-03 0.889
N:6 Run:6 0.0051981 0.00711125 0.0138935 0.0199186 0.0189322 0.0234984 0.0545001 0.0506032 0.0391509 0.0333206 0.0412947 0.0401418 0.0314548 0.0222647 0.0203736 0.0188589 0.0212342 0.019906 0.0139519 0.0111767 0.00891573 2.461722e-03 0.889
N:6 Run:7 0.0134985 0.0110679 0.009714 0.012351 0.00940585 0.0068766 0.00521541 0.00428597 0.0041944 0.00371584 0.00349715 0.00358556 0.00362288 0.00541989 0.00609724 0.00630954 0.00647051 0.00637706 0.00776441 0.00839438 0.0100998 2.461722e-03 0.889
N:6 Run:8 0.0090408 0.00965017 0.014781 0.0117817 0.0093635 0.0113955 0.00856689 0.00831657 0.00747071 0.0066748 0.00609639 0.00788856 0.00703586 0.00611743 0.0062845 0.00615519 0.00727635 0.00656527 0.00625449 0.00703134 0.00774685 2.461722e-03 0.889
N:6 Run:9 0.0028481 0.00456974 0.010178 0.0152746 0.0174693 0.0148984 0.0174084 0.0185031 0.0184343 0.0166428 0.0144456 0.023803 0.019222 0.0181797 0.0153817 0.0160705 0.0125174 0.011103 0.0115973 0.0166817 0.0134567 2.461722e-03 0.889
N:7 Run:0 0.0030338 0.00484819 0.00946422 0.0124328 0.0114292 0.0105936 0.008399 0.00961511 0.00969301 0.00940285 0.00843158 0.00704482 0.00678708 0.00680046 0.00773971 0.00747567 0.00814771 0.00738945 0.00814615 0.0088977 0.00774198 4.670723e-03 0.871
N:7 Run:1 0.0145835 0.0110261 0.0142213 0.0100889 0.0096027 0.00956127 0.00769592 0.00925964 0.00941202 0.00788927 0.0097715 0.0100228 0.00914525 0.00868468 0.00733971 0.0117841 0.00869966 0.0070986 0.00699091 0.00927763 0.00808838 4.670723e-03 0.871
N:7 Run:2 0.0231607 0.0167727 0.0124404 0.0122552 0.0218112 0.0160256 0.0118287 0.0101244 0.0110167 0.00965931 0.00947789 0.00864965 0.00914425 0.00988656 0.00795622 0.00979213 0.00886781 0.00750495 0.00756798 0.0148219 0.0120563 4.670723e-03 0.871
N:7 Run:3 0.0013486 0.00777317 0.024468 0.0452677 0.132311 0.142035 0.239468 0.267101 0.241526 0.207478 0.206613 0.155687 0.0924312 0.0543889 0.033762 0.022712 0.0171129 0.013787 0.0134185 0.00975116 0.00750957 4.670723e-03 0.871
N:7 Run:4 0.0092614 0.0212535 0.0162578 0.0156481 0.0154147 0.0108531 0.00866106 0.00806916 0.00707618 0.00882376 0.00755248 0.00777353 0.00750387 0.00686773 0.00672504 0.00908824 0.00853665 0.0078462 0.00751846 0.00797094 0.0107045 4.670723e-03 0.871
N:7 Run:5 0.0018136 0.00522251 0.00471182 0.00436187 0.00388439 0.00349176 0.00327292 0.00316565 0.0030925 0.00305141 0.00302917 0.00301749 0.00301047 0.00337428 0.00381339 0.00386585 0.00565295 0.0059766 0.00712134 0.00574642 0.00670542 4.670723e-03 0.871
N:7 Run:6 0.0051981 0.00711125 0.0138935 0.0199186 0.0189322 0.0234984 0.0545001 0.0506032 0.0391509 0.0333206 0.0412947 0.0401418 0.0314548 0.0222647 0.0203736 0.0188589 0.0212342 0.019906 0.0139519 0.0111767 0.00891573 4.670723e-03 0.871
N:7 Run:7 0.0134985 0.0110679 0.009714 0.012351 0.00940585 0.0068766 0.00521541 0.00428597 0.0041944 0.00371584 0.00349715 0.00358556 0.00362288 0.00541989 0.00609724 0.00630954 0.00647051 0.00637706 0.00776441 0.00839438 0.0100998 4.670723e-03 0.871
N:7 Run:8 0.0090408 0.00965017 0.014781 0.0117817 0.0093635 0.0113955 0.00856689 0.00831657 0.00747071 0.0066748 0.00609639 0.00788856 0.00703586 0.00611743 0.0062845 0.00615519 0.00727635 0.00656527 0.00625449 0.00703134 0.00774685 4.670723e-03 0.871
N:7 Run:9 0.0028481 0.00456974 0.010178 0.0152746 0.0174693 0.0148984 0.0174084 0.0185031 0.0184343 0.0166428 0.0144456 0.023803 0.019222 0.0181797 0.0153817 0.0160705 0.0125174 0.011103 0.0115973 0.0166817 0.0134567 4.670723e-03 0.871
N:8 Run:0 0.0030338 0.00484819 0.00946422 0.0124328 0.0114292 0.0105936 0.008399 0.00961511 0.00969301 0.00940285 0.00843158 0.00704482 0.00678708 0.00680046 0.00773971 0.00747567 0.00814771 0.00738945 0.00814615 0.0088977 0.00774198 3.370221e-03 0.893
N:8 Run:1 0.0145835 0.0110261 0.0142213 0.0100889 0.0096027 0.00956127 0.00769592 0.00925964 0.00941202 0.00788927 0.0097715 0.0100228 0.00914525 0.00868468 0.00733971 0.0117841 0.00869966 0.0070986 0.00699091 0.00927763 0.00808838 3.370221e-03 0.893
N:8 Run:2 0.0231607 0.0167727 0.0124404 0.0122552 0.0218112 0.0160256 0.0118287 0.0101244 0.0110167 0.00965931 0.00947789 0.00864965 0.00914425 0.00988656 0.00795622 0.00979213 0.00886781 0.00750495 0.00756798 0.0148219 0.0120563 3.370221e-03 0.893
N:8 Run:3 0.0013486 0.00777317 0.024468 0.0452677 0.132311 0.142035 0.239468 0.267101 0.241526 0.207478 0.206613 0.155687 0.0924312 0.0543889 0.033762 0.022712 0.0171129 0.013787 0.0134185 0.00975116 0.00750957 3.370221e-03 0.893
N:8 Run:4 0.0092614 0.0212535 0.0162578 0.0156481 0.0154147 0.0108531 0.00866106 0.00806916 0.00707618 0.00882376 0.00755248 0.00777353 0.00750387 0.00686773 0.00672504 0.00908824 0.00853665 0.0078462 0.00751846 0.00797094 0.0107045 3.370221e-03 0.893
N:8 Run:5 0.0018136 0.00522251 0.00471182 0.00436187 0.00388439 0.00349176 0.00327292 0.00316565 0.0030925 0.00305141 0.00302917 0.00301749 0.00301047 0.00337428 0.00381339 0.00386585 0.00565295 0.0059766 0.00712134 0.00574642 0.00670542 3.370221e-03 0.893
N:8 Run:6 0.0051981 0.00711125 0.0138935 0.0199186 0.0189322 0.0234984 0.0545001 0.0506032 0.0391509 0.0333206 0.0412947 0.0401418 0.0314548 0.0222647 0.0203736 0.0188589 0.0212342 0.019906 0.0139519 0.0111767 0.00891573 3.370221e-03 0.893
N:8 Run:7 0.0134985 0.0110679 0.009714 0.012351 0.00940585 0.0068766 0.00521541 0.00428597 0.0041944 0.00371584 0.00349715 0.00358556 0.00362288 0.00541989 0.00609724 0.00630954 0.00647051 0.00637706 0.00776441 0.00839438 0.0100998 3.370221e-03 0.893
N:8 Run:8 0.0090408 0.00965017 0.014781 0.0117817 0.0093635 0.0113955 0.00856689 0.00831657 0.00747071 0.0066748 0.00609639 0.00788856 0.00703586 0.00611743 0.0062845 0.00615519 0.00727635 0.00656527 0.00625449 0.00703134 0.00774685 3.370221e-03 0.893
N:8 Run:9 0.0028481 0.00456974 0.010178 0.0152746 0.0174693 0.0148984 0.0174084 0.0185031 0.0184343 0.0166428 0.0144456 0.023803 0.019222 0.0181797 0.0153817 0.0160705 0.0125174 0.011103 0.0115973 0.0166817 0.0134567 3.370221e-03 0.893
N:9 Run:0 0.0030338 0.00484819 0.00946422 0.0124328 0.0114292 0.0105936 0.008399 0.00961511 0.00969301 0.00940285 0.00843158 0.00704482 0.00678708 0.00680046 0.00773971 0.00747567 0.00814771 0.00738945 0.00814615 0.0088977 0.00774198 4.578102e-03 0.881
N:9 Run:1 0.0145835 0.0110261 0.0142213 0.0100889 0.0096027 0.00956127 0.00769592 0.00925964 0.00941202 0.00788927 0.0097715 0.0100228 0.00914525 0.00868468 0.00733971 0.0117841 0.00869966 0.0070986 0.00699091 0.00927763 0.00808838 4.578102e-03 0.881
N:9 Run:2 0.0231607 0.0167727 0.0124404 0.0122552 0.0218112 0.0160256 0.0118287 0.0101244 0.0110167 0.00965931 0.00947789 0.00864965 0.00914425 0.00988656 0.00795622 0.00979213 0.00886781 0.00750495 0.00756798 0.0148219 0.0120563 4.578102e-03 0.881
N:9 Run:3 0.0013486 0.00777317 0.024468 0.0452677 0.132311 0.142035 0.239468 0.267101 0.241526 0.207478 0.206613 0.155687 0.0924312 0.0543889 0.033762 0.022712 0.0171129 0.013787 0.0134185 0.00975116 0.00750957 4.578102e-03 0.881
N:9 Run:4 0.0092614 0.0212535 0.0162578 0.0156481 0.0154147 0.0108531 0.00866106 0.00806916 0.00707618 0.00882376 0.00755248 0.00777353 0.00750387 0.00686773 0.00672504 0.00908824 0.00853665 0.0078462 0.00751846 0.00797094 0.0107045 4.578102e-03 0.881
N:9 Run:5 0.0018136 0.00522251 0.00471182 0.00436187 0.00388439 0.00349176 0.00327292 0.00316565 0.0030925 0.00305141 0.00302917 0.00301749 0.00301047 0.00337428 0.00381339 0.00386585 0.00565295 0.0059766 0.00712134 0.00574642 0.00670542 4.578102e-03 0.881
N:9 Run:6 0.0051981 0.00711125 0.0138935 0.0199186 0.0189322 0.0234984 0.0545001 0.0506032 0.0391509 0.0333206 0.0412947 0.0401418 0.0314548 0.0222647 0.0203736 0.0188589 0.0212342 0.019906 0.0139519 0.0111767 0.00891573 4.578102e-03 0.881
N:9 Run:7 0.0134985 0.0110679 0.009714 0.012351 0.00940585 0.0068766 0.00521541 0.00428597 0.0041944 0.00371584 0.00349715 0.00358556 0.00362288 0.00541989 0.00609724 0.00630954 0.00647051 0.00637706 0.00776441 0.00839438 0.0100998 4.578102e-03 0.881
N:9 Run:8 0.0090408 0.00965017 0.014781 0.0117817 0.0093635 0.0113955 0.00856689 0.00831657 0.00747071 0.0066748 0.00609639 0.00788856 0.00703586 0.00611743 0.0062845 0.00615519 0.00727635 0.00656527 0.00625449 0.00703134 0.00774685 4.578102e-03 0.881
N:9 Run:9 0.0028481 0.00456974 0.010178 0.0152746 0.0174693 0.0148984 0.0174084 0.0185031 0.0184343 0.0166428 0.0144456 0.023803 0.019222 0.0181797 0.0153817 0.0160705 0.0125174 0.011103 0.0115973 0.0166817 0.0134567 4.578102e-03 0.881
N:10 Run:0 0.0030338 0.00484819 0.00946422 0.0124328 0.0114292 0.0105936 0.008399 0.00961511 0.00969301 0.00940285 0.00843158 0.00704482 0.00678708 0.00680046 0.00773971 0.00747567 0.00814771 0.00738945 0.00814615 0.0088977 0.00774198 3.075160e-03 0.905
N:10 Run:1 0.0145835 0.0110261 0.0142213 0.0100889 0.0096027 0.00956127 0.00769592 0.00925964 0.00941202 0.00788927 0.0097715 0.0100228 0.00914525 0.00868468 0.00733971 0.0117841 0.00869966 0.0070986 0.00699091 0.00927763 0.00808838 3.075160e-03 0.905
N:10 Run:2 0.0231607 0.0167727 0.0124404 0.0122552 0.0218112 0.0160256 0.0118287 0.0101244 0.0110167 0.00965931 0.00947789 0.00864965 0.00914425 0.00988656 0.00795622 0.00979213 0.00886781 0.00750495 0.00756798 0.0148219 0.0120563 3.075160e-03 0.905
N:10 Run:3 0.0013486 0.00777317 0.024468 0.0452677 0.132311 0.142035 0.239468 0.267101 0.241526 0.207478 0.206613 0.155687 0.0924312 0.0543889 0.033762 0.022712 0.0171129 0.013787 0.0134185 0.00975116 0.00750957 3.075160e-03 0.905
N:10 Run:4 0.0092614 0.0212535 0.0162578 0.0156481 0.0154147 0.0108531 0.00866106 0.00806916 0.00707618 0.00882376 0.00755248 0.00777353 0.00750387 0.00686773 0.00672504 0.00908824 0.00853665 0.0078462 0.00751846 0.00797094 0.0107045 3.075160e-03 0.905
N:10 Run:5 0.0018136 0.00522251 0.00471182 0.00436187 0.00388439 0.00349176 0.00327292 0.00316565 0.0030925 0.00305141 0.00302917 0.00301749 0.00301047 0.00337428 0.00381339 0.00386585 0.00565295 0.0059766 0.00712134 0.00574642 0.00670542 3.075160e-03 0.905
N:10 Run:6 0.0051981 0.00711125 0.0138935 0.0199186 0.0189322 0.0234984 0.0545001 0.0506032 0.0391509 0.0333206 0.0412947 0.0401418 0.0314548 0.0222647 0.0203736 0.0188589 0.0212342 0.019906 0.0139519 0.0111767 0.00891573 3.075160e-03 0.905
N:10 Run:7 0.0134985 0.0110679 0.009714 0.012351 0.00940585 0.0068766 0.00521541 0.00428597 0.0041944 0.00371584 0.00349715 0.00358556 0.00362288 0.00541989 0.00609724 0.00630954 0.00647051 0.00637706 0.00776441 0.00839438 0.0100998 3.075160e-03 0.905
N:10 Run:8 0.0090408 0.00965017 0.014781 0.0117817 0.0093635 0.0113955 0.00856689 0.00831657 0.00747071 0.0066748 0.00609639 0.00788856 0.00703586 0.00611743 0.0062845 0.00615519 0.00727635 0.00656527 0.00625449 0.00703134 0.00774685 3.075160e-03 0.905
N:10 Run:9 0.0028481 0.00456974 0.010178 0.0152746 0.0174693 0.0148984 0.0174084 0.0185031 0.0184343 0.0166428 0.0144456 0.023803 0.019222 0.0181797 0.0153817 0.0160705 0.0125174 0.011103 0.0115973 0.0166817 0.0134567 3.075160e-03 0.905
N:11 Run:0 0.0030338 0.00492102 0.00981854 0.0125185 0.0112734 0.0101444 0.00796569 0.00927298 0.00931756 0.00921068 0.00828113 0.00694635 0.00672429 0.00672191 0.00755168 0.00724449 0.0080038 0.00718927 0.00790941 0.00869059 0.00752937 2.282632e-03 0.885
N:11 Run:1 0.0145835 0.0109045 0.0138475 0.00965022 0.00910208 0.00922981 0.00743781 0.00885204 0.00902172 0.00765933 0.00919431 0.0091982 0.0085465 0.00810988 0.00694694 0.0111563 0.00824218 0.0067347 0.00674318 0.00932005 0.00793208 2.282632e-03 0.885
N:11 Run:2 0.0231607 0.01642 0.012023 0.0116214 0.0207336 0.015411 0.0113712 0.0096102 0.0107782 0.00950367 0.00924691 0.00837983 0.00866645 0.00930675 0.00746729 0.00943828 0.00849055 0.0071677 0.00734564 0.0138745 0.0113924 2.282632e-03 0.885
N:11 Run:3 0.0013486 0.0080424 0.0235523 0.0466327 0.134362 0.142502 0.231855 0.270108 0.239605 0.212213 0.213288 0.154244 0.0899123 0.0517648 0.0316576 0.0210896 0.0160302 0.0130962 0.0126176 0.00923477 0.00717382 2.282632e-03 0.885
N:11 Run:4 0.0092614 0.0198421 0.0149837 0.0146958 0.0142907 0.0100724 0.00816844 0.0077416 0.00684502 0.00880229 0.00743662 0.00763757 0.00748191 0.00686549 0.00674305 0.0090642 0.00842487 0.00777879 0.00761949 0.00774811 0.0103348 2.282632e-03 0.885
N:11 Run:5 0.0018136 0.00530758 0.00471745 0.00436612 0.00382158 0.00330735 0.00302264 0.00289747 0.00279934 0.00274292 0.00271321 0.00269863 0.00268895 0.00321772 0.00368467 0.00373499 0.00559822 0.00579123 0.00694408 0.00554624 0.00660328 2.282632e-03 0.885
N:11 Run:6 0.0051981 0.00719812 0.0142914 0.0218314 0.021376 0.0264555 0.0567185 0.0514594 0.0409302 0.0345708 0.0422655 0.0434314 0.0322695 0.0222796 0.0200468 0.018044 0.0194719 0.0181844 0.0126186 0.0102698 0.0082154 2.282632e-03 0.885
N:11 Run:7 0.0134985 0.0108881 0.00955671 0.0120606 0.00908822 0.0065919 0.00492556 0.00402474 0.00410872 0.0035663 0.00333809 0.00346241 0.00348506 0.00531158 0.00612854 0.00634594 0.00653518 0.0062372 0.00769408 0.00818087 0.00956552 2.282632e-03 0.885
N:11 Run:8 0.0090408 0.00923685 0.0140314 0.0112471 0.00906042 0.0110198 0.00832017 0.00809291 0.00727942 0.00649108 0.00598084 0.00790884 0.00701908 0.00615577 0.00609638 0.00595765 0.00736967 0.0063949 0.00594606 0.00674025 0.00722055 2.282632e-03 0.885
N:11 Run:9 0.0028481 0.00452427 0.00994258 0.0138805 0.0155299 0.0131777 0.0154742 0.0162373 0.0161858 0.014487 0.0129234 0.0206413 0.0171048 0.01663 0.0142346 0.0152697 0.0117888 0.0104519 0.0112076 0.0154683 0.0125851 2.282632e-03 0.885
N:12 Run:0 0.0030338 0.00492102 0.00981854 0.0125185 0.0112734 0.0101444 0.00796569 0.00927298 0.00931756 0.00921068 0.00828113 0.00694635 0.00672429 0.00672191 0.00755168 0.00724449 0.0080038 0.00718927 0.00790941 0.00869059 0.00752937 2.290470e-03 0.889
N:12 Run:1 0.0145835 0.0109045 0.0138475 0.00965022 0.00910208 0.00922981 0.00743781 0.00885204 0.00902172 0.00765933 0.00919431 0.0091982 0.0085465 0.00810988 0.00694694 0.0111563 0.00824218 0.0067347 0.00674318 0.00932005 0.00793208 2.290470e-03 0.889
N:12 Run:2 0.0231607 0.01642 0.012023 0.0116214 0.0207336 0.015411 0.0113712 0.0096102 0.0107782 0.00950367 0.00924691 0.00837983 0.00866645 0.00930675 0.00746729 0.00943828 0.00849055 0.0071677 0.00734564 0.0138745 0.0113924 2.290470e-03 0.889
N:12 Run:3 0.0013486 0.0080424 0.0235523 0.0466327 0.134362 0.142502 0.231855 0.270108 0.239605 0.212213 0.213288 0.154244 0.0899123 0.0517648 0.0316576 0.0210896 0.0160302 0.0130962 0.0126176 0.00923477 0.00717382 2.290470e-03 0.889
N:12 Run:4 0.0092614 0.0198421 0.0149837 0.0146958 0.0142907 0.0100724 0.00816844 0.0077416 0.00684502 0.00880229 0.00743662 0.00763757 0.00748191 0.00686549 0.00674305 0.0090642 0.00842487 0.00777879 0.00761949 0.00774811 0.0103348 2.290470e-03 0.889
N:12 Run:5 0.0018136 0.00530758 0.00471745 0.00436612 0.00382158 0.00330735 0.00302264 0.00289747 0.00279934 0.00274292 0.00271321 0.00269863 0.00268895 0.00321772 0.00368467 0.00373499 0.00559822 0.00579123 0.00694408 0.00554624 0.00660328 2.290470e-03 0.889
N:12 Run:6 0.0051981 0.00719812 0.0142914 0.0218314 0.021376 0.0264555 0.0567185 0.0514594 0.0409302 0.0345708 0.0422655 0.0434314 0.0322695 0.0222796 0.0200468 0.018044 0.0194719 0.0181844 0.0126186 0.0102698 0.0082154 2.290470e-03 0.889
N:12 Run:7 0.0134985 0.0108881 0.00955671 0.0120606 0.00908822 0.0065919 0.00492556 0.00402474 0.00410872 0.0035663 0.00333809 0.00346241 0.00348506 0.00531158 0.00612854 0.00634594 0.00653518 0.0062372 0.00769408 0.00818087 0.00956552 2.290470e-03 0.889
N:12 Run:8 0.0090408 0.00923685 0.0140314 0.0112471 0.00906042 0.0110198 0.00832017 0.00809291 0.00727942 0.00649108 0.00598084 0.00790884 0.00701908 0.00615577 0.00609638 0.00595765 0.00736967 0.0063949 0.00594606 0.00674025 0.00722055 2.290470e-03 0.889
N:12 Run:9 0.0028481 0.00452427 0.00994258 0.0138805 0.0155299 0.0131777 0.0154742 0.0162373 0.0161858 0.014487 0.0129234 0.0206413 0.0171048 0.01663 0.0142346 0.0152697 0.0117888 0.0104519 0.0112076 0.0154683 0.0125851 2.290470e-03 0.889
N:13 Run:0 0.0030338 0.00492102 0.00981854 0.0125185 0.0112734 0.0101444 0.00796569 0.00927298 0.00931756 0.00921068 0.00828113 0.00694635 0.00672429 0.00672191 0.00755168 0.00724449 0.0080038 0.00718927 0.00790941 0.00869059 0.00752937 3.071835e-03 0.899
N:13 Run:1 0.0145835 0.0109045 0.0138475 0.00965022 0.00910208 0.00922981 0.00743781 0.00885204 0.00902172 0.00765933 0.00919431 0.0091982 0.0085465 0.00810988 0.00694694 0.0111563 0.00824218 0.0067347 0.00674318 0.00932005 0.00793208 3.071835e-03 0.899
N:13 Run:2 0.0231607 0.01642 0.012023 0.0116214 0.0207336 0.015411 0.0113712 0.0096102 0.0107782 0.00950367 0.00924691 0.00837983 0.00866645 0.00930675 0.00746729 0.00943828 0.00849055 0.0071677 0.00734564 0.0138745 0.0113924 3.071835e-03 0.899
N:13 Run:3 0.0013486 0.0080424 0.0235523 0.0466327 0.134362 0.142502 0.231855 0.270108 0.239605 0.212213 0.213288 0.154244 0.0899123 0.0517648 0.0316576 0.0210896 0.0160302 0.0130962 0.0126176 0.00923477 0.00717382 3.071835e-03 0.899
N:13 Run:4 0.0092614 0.0198421 0.0149837 0.0146958 0.0142907 0.0100724 0.00816844 0.0077416 0.00684502 0.00880229 0.00743662 0.00763757 0.00748191 0.00686549 0.00674305 0.0090642 0.00842487 0.00777879 0.00761949 0.00774811 0.0103348 3.071835e-03 0.899
N:13 Run:5 0.0018136 0.00530758 0.00471745 0.00436612 0.00382158 0.00330735 0.00302264 0.00289747 0.00279934 0.00274292 0.00271321 0.00269863 0.00268895 0.00321772 0.00368467 0.00373499 0.00559822 0.00579123 0.00694408 0.00554624 0.00660328 3.071835e-03 0.899
N:13 Run:6 0.0051981 0.00719812 0.0142914 0.0218314 0.021376 0.0264555 0.0567185 0.0514594 0.0409302 0.0345708 0.0422655 0.0434314 0.0322695 0.0222796 0.0200468 0.018044 0.0194719 0.0181844 0.0126186 0.0102698 0.0082154 3.071835e-03 0.899
N:13 Run:7 0.0134985 0.0108881 0.00955671 0.0120606 0.00908822 0.0065919 0.00492556 0.00402474 0.00410872 0.0035663 0.00333809 0.00346241 0.00348506 0.00531158 0.00612854 0.00634594 0.00653518 0.0062372 0.00769408 0.00818087 0.00956552 3.071835e-03 0.899
N:13 Run:8 0.0090408 0.00923685 0.0140314 0.0112471 0.00906042 0.0110198 0.00832017 0.00809291 0.00727942 0.00649108 0.00598084 0.00790884 0.00701908 0.00615577 0.00609638 0.00595765 0.00736967 0.0063949 0.00594606 0.00674025 0.00722055 3.071835e-03 0.899
N:13 Run:9 0.0028481 0.00452427 0.00994258 0.0138805 0.0155299 0.0131777 0.0154742 0.0162373 0.0161858 0.014487 0.0129234 0.0206413 0.0171048 0.01663 0.0142346 0.0152697 0.0117888 0.0104519 0.0112076 0.0154683 0.0125851 3.071835e-03 0.899
N:14 Run:0 0.0030338 0.00492102 0.00981854 0.0125185 0.0112734 0.0101444 0.00796569 0.00927298 0.00931756 0.00921068 0.00828113 0.00694635 0.00672429 0.00672191 0.00755168 0.00724449 0.0080038 0.00718927 0.00790941 0.00869059 0.00752937 3.954462e-03 0.901
N:14 Run:1 0.0145835 0.0109045 0.0138475 0.00965022 0.00910208 0.00922981 0.00743781 0.00885204 0.00902172 0.00765933 0.00919431 0.0091982 0.0085465 0.00810988 0.00694694 0.0111563 0.00824218 0.0067347 0.00674318 0.00932005 0.00793208 3.954462e-03 0.901
N:14 Run:2 0.0231607 0.01642 0.012023 0.0116214 0.0207336 0.015411 0.0113712 0.0096102 0.0107782 0.00950367 0.00924691 0.00837983 0.00866645 0.00930675 0.00746729 0.00943828 0.00849055 0.0071677 0.00734564 0.0138745 0.0113924 3.954462e-03 0.901
N:14 Run:3 0.0013486 0.0080424 0.0235523 0.0466327 0.134362 0.142502 0.231855 0.270108 0.239605 0.212213 0.213288 0.154244 0.0899123 0.0517648 0.0316576 0.0210896 0.0160302 0.0130962 0.0126176 0.00923477 0.00717382 3.954462e-03 0.901
N:14 Run:4 0.0092614 0.0198421 0.0149837 0.0146958 0.0142907 0.0100724 0.00816844 0.0077416 0.00684502 0.00880229 0.00743662 0.00763757 0.00748191 0.00686549 0.00674305 0.0090642 0.00842487 0.00777879 0.00761949 0.00774811 0.0103348 3.954462e-03 0.901
N:14 Run:5 0.0018136 0.00530758 0.00471745 0.00436612 0.00382158 0.00330735 0.00302264 0.00289747 0.00279934 0.00274292 0.00271321 0.00269863 0.00268895 0.00321772 0.00368467 0.00373499 0.00559822 0.00579123 0.00694408 0.00554624 0.00660328 3.954462e-03 0.901
N:14 Run:6 0.0051981 0.00719812 0.0142914 0.0218314 0.021376 0.0264555 0.0567185 0.0514594 0.0409302 0.0345708 0.0422655 0.0434314 0.0322695 0.0222796 0.0200468 0.018044 0.0194719 0.0181844 0.0126186 0.0102698 0.0082154 3.954462e-03 0.901
N:14 Run:7 0.0134985 0.0108881 0.00955671 0.0120606 0.00908822 0.0065919 0.00492556 0.00402474 0.00410872 0.0035663 0.00333809 0.00346241 0.00348506 0.00531158 0.00612854 0.00634594 0.00653518 0.0062372 0.00769408 0.00818087 0.00956552 3.954462e-03 0.901
N:14 Run:8 0.0090408 0.00923685 0.0140314 0.0112471 0.00906042 0.0110198 0.00832017 0.00809291 0.00727942 0.00649108 0.00598084 0.00790884 0.00701908 0.00615577 0.00609638 0.00595765 0.00736967 0.0063949 0.00594606 0.00674025 0.00722055 3.954462e-03 0.901
N:14 Run:9 0.0028481 0.00452427 0.00994258 0.0138805 0.0155299 0.0131777 0.0154742 0.0162373 0.0161858 0.014487 0.0129234 0.0206413 0.0171048 0.01663 0.0142346 0.0152697 0.0117888 0.0104519 0.0112076 0.0154683 0.0125851 3.954462e-03 0.901
N:15 Run:0 0.0030338 0.00492102 0.00981854 0.0125185 0.0112734 0.0101444 0.00796569 0.00927298 0.00931756 0.00921068 0.00828113 0.00694635 0.00672429 0.00672191 0.00755168 0.00724449 0.0080038 0.00718927 0.00790941 0.00869059 0.00752937 3.848004e-03 0.890
N:15 Run:1 0.0145835 0.0109045 0.0138475 0.00965022 0.00910208 0.00922981 0.00743781 0.00885204 0.00902172 0.00765933 0.00919431 0.0091982 0.0085465 0.00810988 0.00694694 0.0111563 0.00824218 0.0067347 0.00674318 0.00932005 0.00793208 3.848004e-03 0.890
N:15 Run:2 0.0231607 0.01642 0.012023 0.0116214 0.0207336 0.015411 0.0113712 0.0096102 0.0107782 0.00950367 0.00924691 0.00837983 0.00866645 0.00930675 0.00746729 0.00943828 0.00849055 0.0071677 0.00734564 0.0138745 0.0113924 3.848004e-03 0.890
N:15 Run:3 0.0013486 0.0080424 0.0235523 0.0466327 0.134362 0.142502 0.231855 0.270108 0.239605 0.212213 0.213288 0.154244 0.0899123 0.0517648 0.0316576 0.0210896 0.0160302 0.0130962 0.0126176 0.00923477 0.00717382 3.848004e-03 0.890
N:15 Run:4 0.0092614 0.0198421 0.0149837 0.0146958 0.0142907 0.0100724 0.00816844 0.0077416 0.00684502 0.00880229 0.00743662 0.00763757 0.00748191 0.00686549 0.00674305 0.0090642 0.00842487 0.00777879 0.00761949 0.00774811 0.0103348 3.848004e-03 0.890
N:15 Run:5 0.0018136 0.00530758 0.00471745 0.00436612 0.00382158 0.00330735 0.00302264 0.00289747 0.00279934 0.00274292 0.00271321 0.00269863 0.00268895 0.00321772 0.00368467 0.00373499 0.00559822 0.00579123 0.00694408 0.00554624 0.00660328 3.848004e-03 0.890
N:15 Run:6 0.0051981 0.00719812 0.0142914 0.0218314 0.021376 0.0264555 0.0567185 0.0514594 0.0409302 0.0345708 0.0422655 0.0434314 0.0322695 0.0222796 0.0200468 0.018044 0.0194719 0.0181844 0.0126186 0.0102698 0.0082154 3.848004e-03 0.890
N:15 Run:7 0.0134985 0.0108881 0.00955671 0.0120606 0.00908822 0.0065919 0.00492556 0.00402474 0.00410872 0.0035663 0.00333809 0.00346241 0.00348506 0.00531158 0.00612854 0.00634594 0.00653518 0.0062372 0.00769408 0.00818087 0.00956552 3.848004e-03 0.890
N:15 Run:8 0.0090408 0.00923685 0.0140314 0.0112471 0.00906042 0.0110198 0.00832017 0.00809291 0.00727942 0.00649108 0.00598084 0.00790884 0.00701908 0.00615577 0.00609638 0.00595765 0.00736967 0.0063949 0.00594606 0.00674025 0.00722055 3.848004e-03 0.890
N:15 Run:9 0.0028481 0.00452427 0.00994258 0.0138805 0.0155299 0.0131777 0.0154742 0.0162373 0.0161858 0.014487 0.0129234 0.0206413 0.0171048 0.01663 0.0142346 0.0152697 0.0117888 0.0104519 0.0112076 0.0154683 0.0125851 3.848004e-03 0.890
N:16 Run:0 0.0030338 0.00492102 0.00981854 0.0125185 0.0112734 0.0101444 0.00796569 0.00927298 0.00931756 0.00921068 0.00828113 0.00694635 0.00672429 0.00672191 0.00755168 0.00724449 0.0080038 0.00718927 0.00790941 0.00869059 0.00752937 3.351206e-03 0.887
N:16 Run:1 0.0145835 0.0109045 0.0138475 0.00965022 0.00910208 0.00922981 0.00743781 0.00885204 0.00902172 0.00765933 0.00919431 0.0091982 0.0085465 0.00810988 0.00694694 0.0111563 0.00824218 0.0067347 0.00674318 0.00932005 0.00793208 3.351206e-03 0.887
N:16 Run:2 0.0231607 0.01642 0.012023 0.0116214 0.0207336 0.015411 0.0113712 0.0096102 0.0107782 0.00950367 0.00924691 0.00837983 0.00866645 0.00930675 0.00746729 0.00943828 0.00849055 0.0071677 0.00734564 0.0138745 0.0113924 3.351206e-03 0.887
N:16 Run:3 0.0013486 0.0080424 0.0235523 0.0466327 0.134362 0.142502 0.231855 0.270108 0.239605 0.212213 0.213288 0.154244 0.0899123 0.0517648 0.0316576 0.0210896 0.0160302 0.0130962 0.0126176 0.00923477 0.00717382 3.351206e-03 0.887
N:16 Run:4 0.0092614 0.0198421 0.0149837 0.0146958 0.0142907 0.0100724 0.00816844 0.0077416 0.00684502 0.00880229 0.00743662 0.00763757 0.00748191 0.00686549 0.00674305 0.0090642 0.00842487 0.00777879 0.00761949 0.00774811 0.0103348 3.351206e-03 0.887
N:16 Run:5 0.0018136 0.00530758 0.00471745 0.00436612 0.00382158 0.00330735 0.00302264 0.00289747 0.00279934 0.00274292 0.00271321 0.00269863 0.00268895 0.00321772 0.00368467 0.00373499 0.00559822 0.00579123 0.00694408 0.00554624 0.00660328 3.351206e-03 0.887
N:16 Run:6 0.0051981 0.00719812 0.0142914 0.0218314 0.021376 0.0264555 0.0567185 0.0514594 0.0409302 0.0345708 0.0422655 0.0434314 0.0322695 0.0222796 0.0200468 0.018044 0.0194719 0.0181844 0.0126186 0.0102698 0.0082154 3.351206e-03 0.887
N:16 Run:7 0.0134985 0.0108881 0.00955671 0.0120606 0.00908822 0.0065919 0.00492556 0.00402474 0.00410872 0.0035663 0.00333809 0.00346241 0.00348506 0.00531158 0.00612854 0.00634594 0.00653518 0.0062372 0.00769408 0.00818087 0.00956552 3.351206e-03 0.887
N:16 Run:8 0.0090408 0.00923685 0.0140314 0.0112471 0.00906042 0.0110198 0.00832017 0.00809291 0.00727942 0.00649108 0.00598084 0.00790884 0.00701908 0.00615577 0.00609638 0.00595765 0.00736967 0.0063949 0.00594606 0.00674025 0.00722055 3.351206e-03 0.887
N:16 Run:9 0.0028481 0.00452427 0.00994258 0.0138805 0.0155299 0.0131777 0.0154742 0.0162373 0.0161858 0.014487 0.0129234 0.0206413 0.0171048 0.01663 0.0142346 0.0152697 0.0117888 0.0104519 0.0112076 0.0154683 0.0125851 3.351206e-03 0.887
N:17 Run:0 0.0030338 0.00492102 0.00981854 0.0125185 0.0112734 0.0101444 0.00796569 0.00927298 0.00931756 0.00921068 0.00828113 0.00694635 0.00672429 0.00672191 0.00755168 0.00724449 0.0080038 0.00718927 0.00790941 0.00869059 0.00752937 3.342354e-03 0.872
N:17 Run:1 0.0145835 0.0109045 0.0138475 0.00965022 0.00910208 0.00922981 0.00743781 0.00885204 0.00902172 0.00765933 0.00919431 0.0091982 0.0085465 0.00810988 0.00694694 0.0111563 0.00824218 0.0067347 0.00674318 0.00932005 0.00793208 3.342354e-03 0.872
N:17 Run:2 0.0231607 0.01642 0.012023 0.0116214 0.0207336 0.015411 0.0113712 0.0096102 0.0107782 0.00950367 0.00924691 0.00837983 0.00866645 0.00930675 0.00746729 0.00943828 0.00849055 0.0071677 0.00734564 0.0138745 0.0113924 3.342354e-03 0.872
N:17 Run:3 0.0013486 0.0080424 0.0235523 0.0466327 0.134362 0.142502 0.231855 0.270108 0.239605 0.212213 0.213288 0.154244 0.0899123 0.0517648 0.0316576 0.0210896 0.0160302 0.0130962 0.0126176 0.00923477 0.00717382 3.342354e-03 0.872
N:17 Run:4 0.0092614 0.0198421 0.0149837 0.0146958 0.0142907 0.0100724 0.00816844 0.0077416 0.00684502 0.00880229 0.00743662 0.00763757 0.00748191 0.00686549 0.00674305 0.0090642 0.00842487 0.00777879 0.00761949 0.00774811 0.0103348 3.342354e-03 0.872
N:17 Run:5 0.0018136 0.00530758 0.00471745 0.00436612 0.00382158 0.00330735 0.00302264 0.00289747 0.00279934 0.00274292 0.00271321 0.00269863 0.00268895 0.00321772 0.00368467 0.00373499 0.00559822 0.00579123 0.00694408 0.00554624 0.00660328 3.342354e-03 0.872
N:17 Run:6 0.0051981 0.00719812 0.0142914 0.0218314 0.021376 0.0264555 0.0567185 0.0514594 0.0409302 0.0345708 0.0422655 0.0434314 0.0322695 0.0222796 0.0200468 0.018044 0.0194719 0.0181844 0.0126186 0.0102698 0.0082154 3.342354e-03 0.872
N:17 Run:7 0.0134985 0.0108881 0.00955671 0.0120606 0.00908822 0.0065919 0.00492556 0.00402474 0.00410872 0.0035663 0.00333809 0.00346241 0.00348506 0.00531158 0.00612854 0.00634594 0.00653518 0.0062372 0.00769408 0.00818087 0.00956552 3.342354e-03 0.872
N:17 Run:8 0.0090408 0.00923685 0.0140314 0.0112471 0.00906042 0.0110198 0.00832017 0.00809291 0.00727942 0.00649108 0.00598084 0.00790884 0.00701908 0.00615577 0.00609638 0.00595765 0.00736967 0.0063949 0.00594606 0.00674025 0.00722055 3.342354e-03 0.872
N:17 Run:9 0.0028481 0.00452427 0.00994258 0.0138805 0.0155299 0.0131777 0.0154742 0.0162373 0.0161858 0.014487 0.0129234 0.0206413 0.0171048 0.01663 0.0142346 0.0152697 0.0117888 0.0104519 0.0112076 0.0154683 0.0125851 3.342354e-03 0.872
N:18 Run:0 0.0030338 0.00492102 0.00981854 0.0125185 0.0112734 0.0101444 0.00796569 0.00927298 0.00931756 0.00921068 0.00828113 0.00694635 0.00672429 0.00672191 0.00755168 0.00724449 0.0080038 0.00718927 0.00790941 0.00869059 0.00752937 4.394704e-03 0.898
N:18 Run:1 0.0145835 0.0109045 0.0138475 0.00965022 0.00910208 0.00922981 0.00743781 0.00885204 0.00902172 0.00765933 0.00919431 0.0091982 0.0085465 0.00810988 0.00694694 0.0111563 0.00824218 0.0067347 0.00674318 0.00932005 0.00793208 4.394704e-03 0.898
N:18 Run:2 0.0231607 0.01642 0.012023 0.0116214 0.0207336 0.015411 0.0113712 0.0096102 0.0107782 0.00950367 0.00924691 0.00837983 0.00866645 0.00930675 0.00746729 0.00943828 0.00849055 0.0071677 0.00734564 0.0138745 0.0113924 4.394704e-03 0.898
N:18 Run:3 0.0013486 0.0080424 0.0235523 0.0466327 0.134362 0.142502 0.231855 0.270108 0.239605 0.212213 0.213288 0.154244 0.0899123 0.0517648 0.0316576 0.0210896 0.0160302 0.0130962 0.0126176 0.00923477 0.00717382 4.394704e-03 0.898
N:18 Run:4 0.0092614 0.0198421 0.0149837 0.0146958 0.0142907 0.0100724 0.00816844 0.0077416 0.00684502 0.00880229 0.00743662 0.00763757 0.00748191 0.00686549 0.00674305 0.0090642 0.00842487 0.00777879 0.00761949 0.00774811 0.0103348 4.394704e-03 0.898
N:18 Run:5 0.0018136 0.00530758 0.00471745 0.00436612 0.00382158 0.00330735 0.00302264 0.00289747 0.00279934 0.00274292 0.00271321 0.00269863 0.00268895 0.00321772 0.00368467 0.00373499 0.00559822 0.00579123 0.00694408 0.00554624 0.00660328 4.394704e-03 0.898
N:18 Run:6 0.0051981 0.00719812 0.0142914 0.0218314 0.021376 0.0264555 0.0567185 0.0514594 0.0409302 0.0345708 0.0422655 0.0434314 0.0322695 0.0222796 0.0200468 0.018044 0.0194719 0.0181844 0.0126186 0.0102698 0.0082154 4.394704e-03 0.898
N:18 Run:7 0.0134985 0.0108881 0.00955671 0.0120606 0.00908822 0.0065919 0.00492556 0.00402474 0.00410872 0.0035663 0.00333809 0.00346241 0.00348506 0.00531158 0.00612854 0.00634594 0.00653518 0.0062372 0.00769408 0.00818087 0.00956552 4.394704e-03 0.898
N:18 Run:8 0.0090408 0.00923685 0.0140314 0.0112471 0.00906042 0.0110198 0.00832017 0.00809291 0.00727942 0.00649108 0.00598084 0.00790884 0.00701908 0.00615577 0.00609638 0.00595765 0.00736967 0.0063949 0.00594606 0.00674025 0.00722055 4.394704e-03 0.898
N:18 Run:9 0.0028481 0.00452427 0.00994258 0.0138805 0.0155299 0.0131777 0.0154742 0.0162373 0.0161858 0.014487 0.0129234 0.0206413 0.0171048 0.01663 0.0142346 0.0152697 0.0117888 0.0104519 0.0112076 0.0154683 0.0125851 4.394704e-03 0.898
N:19 Run:0 0.0030338 0.00492102 0.00981854 0.0125185 0.0112734 0.0101444 0.00796569 0.00927298 0.00931756 0.00921068 0.00828113 0.00694635 0.00672429 0.00672191 0.00755168 0.00724449 0.0080038 0.00718927 0.00790941 0.00869059 0.00752937 3.132294e-03 0.886
N:19 Run:1 0.0145835 0.0109045 0.0138475 0.00965022 0.00910208 0.00922981 0.00743781 0.00885204 0.00902172 0.00765933 0.00919431 0.0091982 0.0085465 0.00810988 0.00694694 0.0111563 0.00824218 0.0067347 0.00674318 0.00932005 0.00793208 3.132294e-03 0.886
N:19 Run:2 0.0231607 0.01642 0.012023 0.0116214 0.0207336 0.015411 0.0113712 0.0096102 0.0107782 0.00950367 0.00924691 0.00837983 0.00866645 0.00930675 0.00746729 0.00943828 0.00849055 0.0071677 0.00734564 0.0138745 0.0113924 3.132294e-03 0.886
N:19 Run:3 0.0013486 0.0080424 0.0235523 0.0466327 0.134362 0.142502 0.231855 0.270108 0.239605 0.212213 0.213288 0.154244 0.0899123 0.0517648 0.0316576 0.0210896 0.0160302 0.0130962 0.0126176 0.00923477 0.00717382 3.132294e-03 0.886
N:19 Run:4 0.0092614 0.0198421 0.0149837 0.0146958 0.0142907 0.0100724 0.00816844 0.0077416 0.00684502 0.00880229 0.00743662 0.00763757 0.00748191 0.00686549 0.00674305 0.0090642 0.00842487 0.00777879 0.00761949 0.00774811 0.0103348 3.132294e-03 0.886
N:19 Run:5 0.0018136 0.00530758 0.00471745 0.00436612 0.00382158 0.00330735 0.00302264 0.00289747 0.00279934 0.00274292 0.00271321 0.00269863 0.00268895 0.00321772 0.00368467 0.00373499 0.00559822 0.00579123 0.00694408 0.00554624 0.00660328 3.132294e-03 0.886
N:19 Run:6 0.0051981 0.00719812 0.0142914 0.0218314 0.021376 0.0264555 0.0567185 0.0514594 0.0409302 0.0345708 0.0422655 0.0434314 0.0322695 0.0222796 0.0200468 0.018044 0.0194719 0.0181844 0.0126186 0.0102698 0.0082154 3.132294e-03 0.886
N:19 Run:7 0.0134985 0.0108881 0.00955671 0.0120606 0.00908822 0.0065919 0.00492556 0.00402474 0.00410872 0.0035663 0.00333809 0.00346241 0.00348506 0.00531158 0.00612854 0.00634594 0.00653518 0.0062372 0.00769408 0.00818087 0.00956552 3.132294e-03 0.886
N:19 Run:8 0.0090408 0.00923685 0.0140314 0.0112471 0.00906042 0.0110198 0.00832017 0.00809291 0.00727942 0.00649108 0.00598084 0.00790884 0.00701908 0.00615577 0.00609638 0.00595765 0.00736967 0.0063949 0.00594606 0.00674025 0.00722055 3.132294e-03 0.886
N:19 Run:9 0.0028481 0.00452427 0.00994258 0.0138805 0.0155299 0.0131777 0.0154742 0.0162373 0.0161858 0.014487 0.0129234 0.0206413 0.0171048 0.01663 0.0142346 0.0152697 0.0117888 0.0104519 0.0112076 0.0154683 0.0125851 3.132294e-03 0.886
N:20 Run:0 0.0030338 0.00491307 0.00947899 0.0121541 0.0110963 0.0101621 0.00812333 0.0093097 0.00936363 0.00919305 0.00830837 0.00704259 0.00682073 0.00682406 0.00764081 0.00737047 0.00804574 0.00730749 0.00799351 0.00871203 0.00763016 2.262287e-03 0.887
N:20 Run:1 0.0145835 0.0109895 0.0137448 0.00978335 0.00925597 0.00928832 0.00757616 0.00894961 0.00909678 0.00776039 0.00933326 0.00943743 0.00873386 0.00831416 0.00715658 0.0111934 0.00840033 0.00695289 0.00691174 0.00921266 0.00799049 2.262287e-03 0.887
N:20 Run:2 0.0231607 0.0165366 0.0122025 0.0117781 0.0205011 0.0152596 0.0113743 0.00972346 0.0106978 0.00946494 0.0092484 0.00845002 0.00879817 0.00943523 0.00768156 0.00947122 0.00859303 0.00734192 0.00746179 0.013886 0.0114362 2.262287e-03 0.887
N:20 Run:3 0.0013486 0.00771304 0.022982 0.0446075 0.132723 0.140826 0.23579 0.272099 0.241523 0.211154 0.211418 0.153955 0.0902653 0.0524723 0.0322959 0.021593 0.0163116 0.0132327 0.0127323 0.00940677 0.00738251 2.262287e-03 0.887
N:20 Run:4 0.0092614 0.0197782 0.0151048 0.0146733 0.0143435 0.0102503 0.00834825 0.00787845 0.00700123 0.00875019 0.00751003 0.007703 0.00751277 0.00692957 0.00680706 0.00899474 0.00842975 0.00780815 0.00759445 0.00784078 0.0103187 2.262287e-03 0.887
N:20 Run:5 0.0018136 0.00522643 0.00480798 0.00453396 0.00408142 0.00366826 0.00343858 0.00333304 0.00325447 0.00320978 0.00318595 0.00317391 0.00316625 0.00359005 0.00401346 0.00406142 0.00576739 0.00599786 0.00706938 0.00577664 0.00672308 2.262287e-03 0.887
N:20 Run:6 0.0051981 0.00711305 0.0137262 0.0204041 0.0197922 0.0244786 0.0542133 0.0494486 0.0389323 0.0329306 0.0403985 0.0407912 0.0309197 0.0216415 0.0195662 0.0178105 0.0195181 0.0182587 0.0128679 0.0104832 0.00847275 2.262287e-03 0.887
N:20 Run:7 0.0134985 0.0109574 0.00961163 0.0119632 0.00916644 0.0068078 0.00524707 0.00438955 0.00439356 0.0039126 0.00370285 0.00380411 0.00383158 0.00552074 0.00622808 0.00642879 0.0065945 0.00639665 0.00772963 0.00823918 0.00966133 2.262287e-03 0.887
N:20 Run:8 0.0090408 0.00935085 0.0139676 0.0112573 0.00911135 0.0109684 0.00839146 0.00816511 0.00739071 0.0066511 0.00614784 0.0078968 0.00707987 0.00625227 0.00628509 0.00615802 0.00736499 0.00655877 0.00619304 0.00692445 0.00746735 2.262287e-03 0.887
N:20 Run:9 0.0028481 0.00458189 0.00981293 0.0140474 0.0158392 0.0135356 0.0157785 0.0166455 0.0165828 0.0149532 0.0132129 0.0212634 0.0174441 0.0167322 0.0143013 0.0151301 0.0118313 0.0105414 0.0111449 0.0154854 0.0126349 2.262287e-03 0.887
N:21 Run:0 0.0030338 0.00491307 0.00947899 0.0121541 0.0110963 0.0101621 0.00812333 0.0093097 0.00936363 0.00919305 0.00830837 0.00704259 0.00682073 0.00682406 0.00764081 0.00737047 0.00804574 0.00730749 0.00799351 0.00871203 0.00763016 3.020849e-03 0.880
N:21 Run:1 0.0145835 0.0109895 0.0137448 0.00978335 0.00925597 0.00928832 0.00757616 0.00894961 0.00909678 0.00776039 0.00933326 0.00943743 0.00873386 0.00831416 0.00715658 0.0111934 0.00840033 0.00695289 0.00691174 0.00921266 0.00799049 3.020849e-03 0.880
N:21 Run:2 0.0231607 0.0165366 0.0122025 0.0117781 0.0205011 0.0152596 0.0113743 0.00972346 0.0106978 0.00946494 0.0092484 0.00845002 0.00879817 0.00943523 0.00768156 0.00947122 0.00859303 0.00734192 0.00746179 0.013886 0.0114362 3.020849e-03 0.880
N:21 Run:3 0.0013486 0.00771304 0.022982 0.0446075 0.132723 0.140826 0.23579 0.272099 0.241523 0.211154 0.211418 0.153955 0.0902653 0.0524723 0.0322959 0.021593 0.0163116 0.0132327 0.0127323 0.00940677 0.00738251 3.020849e-03 0.880
N:21 Run:4 0.0092614 0.0197782 0.0151048 0.0146733 0.0143435 0.0102503 0.00834825 0.00787845 0.00700123 0.00875019 0.00751003 0.007703 0.00751277 0.00692957 0.00680706 0.00899474 0.00842975 0.00780815 0.00759445 0.00784078 0.0103187 3.020849e-03 0.880
N:21 Run:5 0.0018136 0.00522643 0.00480798 0.00453396 0.00408142 0.00366826 0.00343858 0.00333304 0.00325447 0.00320978 0.00318595 0.00317391 0.00316625 0.00359005 0.00401346 0.00406142 0.00576739 0.00599786 0.00706938 0.00577664 0.00672308 3.020849e-03 0.880
N:21 Run:6 0.0051981 0.00711305 0.0137262 0.0204041 0.0197922 0.0244786 0.0542133 0.0494486 0.0389323 0.0329306 0.0403985 0.0407912 0.0309197 0.0216415 0.0195662 0.0178105 0.0195181 0.0182587 0.0128679 0.0104832 0.00847275 3.020849e-03 0.880
N:21 Run:7 0.0134985 0.0109574 0.00961163 0.0119632 0.00916644 0.0068078 0.00524707 0.00438955 0.00439356 0.0039126 0.00370285 0.00380411 0.00383158 0.00552074 0.00622808 0.00642879 0.0065945 0.00639665 0.00772963 0.00823918 0.00966133 3.020849e-03 0.880
N:21 Run:8 0.0090408 0.00935085 0.0139676 0.0112573 0.00911135 0.0109684 0.00839146 0.00816511 0.00739071 0.0066511 0.00614784 0.0078968 0.00707987 0.00625227 0.00628509 0.00615802 0.00736499 0.00655877 0.00619304 0.00692445 0.00746735 3.020849e-03 0.880
N:21 Run:9 0.0028481 0.00458189 0.00981293 0.0140474 0.0158392 0.0135356 0.0157785 0.0166455 0.0165828 0.0149532 0.0132129 0.0212634 0.0174441 0.0167322 0.0143013 0.0151301 0.0118313 0.0105414 0.0111449 0.0154854 0.0126349 3.020849e-03 0.880
N:22 Run:0 0.0030338 0.00491307 0.00947899 0.0121541 0.0110963 0.0101621 0.00812333 0.0093097 0.00936363 0.00919305 0.00830837 0.00704259 0.00682073 0.00682406 0.00764081 0.00737047 0.00804574 0.00730749 0.00799351 0.00871203 0.00763016 3.106945e-03 0.878
N:22 Run:1 0.0145835 0.0109895 0.0137448 0.00978335 0.00925597 0.00928832 0.00757616 0.00894961 0.00909678 0.00776039 0.00933326 0.00943743 0.00873386 0.00831416 0.00715658 0.0111934 0.00840033 0.00695289 0.00691174 0.00921266 0.00799049 3.106945e-03 0.878
N:22 Run:2 0.0231607 0.0165366 0.0122025 0.0117781 0.0205011 0.0152596 0.0113743 0.00972346 0.0106978 0.00946494 0.0092484 0.00845002 0.00879817 0.00943523 0.00768156 0.00947122 0.00859303 0.00734192 0.00746179 0.013886 0.0114362 3.106945e-03 0.878
N:22 Run:3 0.0013486 0.00771304 0.022982 0.0446075 0.132723 0.140826 0.23579 0.272099 0.241523 0.211154 0.211418 0.153955 0.0902653 0.0524723 0.0322959 0.021593 0.0163116 0.0132327 0.0127323 0.00940677 0.00738251 3.106945e-03 0.878
N:22 Run:4 0.0092614 0.0197782 0.0151048 0.0146733 0.0143435 0.0102503 0.00834825 0.00787845 0.00700123 0.00875019 0.00751003 0.007703 0.00751277 0.00692957 0.00680706 0.00899474 0.00842975 0.00780815 0.00759445 0.00784078 0.0103187 3.106945e-03 0.878
N:22 Run:5 0.0018136 0.00522643 0.00480798 0.00453396 0.00408142 0.00366826 0.00343858 0.00333304 0.00325447 0.00320978 0.00318595 0.00317391 0.00316625 0.00359005 0.00401346 0.00406142 0.00576739 0.00599786 0.00706938 0.00577664 0.00672308 3.106945e-03 0.878
N:22 Run:6 0.0051981 0.00711305 0.0137262 0.0204041 0.0197922 0.0244786 0.0542133 0.0494486 0.0389323 0.0329306 0.0403985 0.0407912 0.0309197 0.0216415 0.0195662 0.0178105 0.0195181 0.0182587 0.0128679 0.0104832 0.00847275 3.106945e-03 0.878
N:22 Run:7 0.0134985 0.0109574 0.00961163 0.0119632 0.00916644 0.0068078 0.00524707 0.00438955 0.00439356 0.0039126 0.00370285 0.00380411 0.00383158 0.00552074 0.00622808 0.00642879 0.0065945 0.00639665 0.00772963 0.00823918 0.00966133 3.106945e-03 0.878
N:22 Run:8 0.0090408 0.00935085 0.0139676 0.0112573 0.00911135 0.0109684 0.00839146 0.00816511 0.00739071 0.0066511 0.00614784 0.0078968 0.00707987 0.00625227 0.00628509 0.00615802 0.00736499 0.00655877 0.00619304 0.00692445 0.00746735 3.106945e-03 0.878
N:22 Run:9 0.0028481 0.00458189 0.00981293 0.0140474 0.0158392 0.0135356 0.0157785 0.0166455 0.0165828 0.0149532 0.0132129 0.0212634 0.0174441 0.0167322 0.0143013 0.0151301 0.0118313 0.0105414 0.0111449 0.0154854 0.0126349 3.106945e-03 0.878
N:23 Run:0 0.0030338 0.00491307 0.00947899 0.0121541 0.0110963 0.0101621 0.00812333 0.0093097 0.00936363 0.00919305 0.00830837 0.00704259 0.00682073 0.00682406 0.00764081 0.00737047 0.00804574 0.00730749 0.00799351 0.00871203 0.00763016 3.087053e-03 0.876
N:23 Run:1 0.0145835 0.0109895 0.0137448 0.00978335 0.00925597 0.00928832 0.00757616 0.00894961 0.00909678 0.00776039 0.00933326 0.00943743 0.00873386 0.00831416 0.00715658 0.0111934 0.00840033 0.00695289 0.00691174 0.00921266 0.00799049 3.087053e-03 0.876
N:23 Run:2 0.0231607 0.0165366 0.0122025 0.0117781 0.0205011 0.0152596 0.0113743 0.00972346 0.0106978 0.00946494 0.0092484 0.00845002 0.00879817 0.00943523 0.00768156 0.00947122 0.00859303 0.00734192 0.00746179 0.013886 0.0114362 3.087053e-03 0.876
N:23 Run:3 0.0013486 0.00771304 0.022982 0.0446075 0.132723 0.140826 0.23579 0.272099 0.241523 0.211154 0.211418 0.153955 0.0902653 0.0524723 0.0322959 0.021593 0.0163116 0.0132327 0.0127323 0.00940677 0.00738251 3.087053e-03 0.876
N:23 Run:4 0.0092614 0.0197782 0.0151048 0.0146733 0.0143435 0.0102503 0.00834825 0.00787845 0.00700123 0.00875019 0.00751003 0.007703 0.00751277 0.00692957 0.00680706 0.00899474 0.00842975 0.00780815 0.00759445 0.00784078 0.0103187 3.087053e-03 0.876
N:23 Run:5 0.0018136 0.00522643 0.00480798 0.00453396 0.00408142 0.00366826 0.00343858 0.00333304 0.00325447 0.00320978 0.00318595 0.00317391 0.00316625 0.00359005 0.00401346 0.00406142 0.00576739 0.00599786 0.00706938 0.00577664 0.00672308 3.087053e-03 0.876
N:23 Run:6 0.0051981 0.00711305 0.0137262 0.0204041 0.0197922 0.0244786 0.0542133 0.0494486 0.0389323 0.0329306 0.0403985 0.0407912 0.0309197 0.0216415 0.0195662 0.0178105 0.0195181 0.0182587 0.0128679 0.0104832 0.00847275 3.087053e-03 0.876
N:23 Run:7 0.0134985 0.0109574 0.00961163 0.0119632 0.00916644 0.0068078 0.00524707 0.00438955 0.00439356 0.0039126 0.00370285 0.00380411 0.00383158 0.00552074 0.00622808 0.00642879 0.0065945 0.00639665 0.00772963 0.00823918 0.00966133 3.087053e-03 0.876
N:23 Run:8 0.0090408 0.00935085 0.0139676 0.0112573 0.00911135 0.0109684 0.00839146 0.00816511 0.00739071 0.0066511 0.00614784 0.0078968 0.00707987 0.00625227 0.00628509 0.00615802 0.00736499 0.00655877 0.00619304 0.00692445 0.00746735 3.087053e-03 0.876
N:23 Run:9 0.0028481 0.00458189 0.00981293 0.0140474 0.0158392 0.0135356 0.0157785 0.0166455 0.0165828 0.0149532 0.0132129 0.0212634 0.0174441 0.0167322 0.0143013 0.0151301 0.0118313 0.0105414 0.0111449 0.0154854 0.0126349 3.087053e-03 0.876
N:24 Run:0 0.0030338 0.00491307 0.00947899 0.0121541 0.0110963 0.0101621 0.00812333 0.0093097 0.00936363 0.00919305 0.00830837 0.00704259 0.00682073 0.00682406 0.00764081 0.00737047 0.00804574 0.00730749 0.00799351 0.00871203 0.00763016 3.484185e-03 0.861
N:24 Run:1 0.0145835 0.0109895 0.0137448 0.00978335 0.00925597 0.00928832 0.00757616 0.00894961 0.00909678 0.00776039 0.00933326 0.00943743 0.00873386 0.00831416 0.00715658 0.0111934 0.00840033 0.00695289 0.00691174 0.00921266 0.00799049 3.484185e-03 0.861
N:24 Run:2 0.0231607 0.0165366 0.0122025 0.0117781 0.0205011 0.0152596 0.0113743 0.00972346 0.0106978 0.00946494 0.0092484 0.00845002 0.00879817 0.00943523 0.00768156 0.00947122 0.00859303 0.00734192 0.00746179 0.013886 0.0114362 3.484185e-03 0.861
N:24 Run:3 0.0013486 0.00771304 0.022982 0.0446075 0.132723 0.140826 0.23579 0.272099 0.241523 0.211154 0.211418 0.153955 0.0902653 0.0524723 0.0322959 0.021593 0.0163116 0.0132327 0.0127323 0.00940677 0.00738251 3.484185e-03 0.861
N:24 Run:4 0.0092614 0.0197782 0.0151048 0.0146733 0.0143435 0.0102503 0.00834825 0.00787845 0.00700123 0.00875019 0.00751003 0.007703 0.00751277 0.00692957 0.00680706 0.00899474 0.00842975 0.00780815 0.00759445 0.00784078 0.0103187 3.484185e-03 0.861
N:24 Run:5 0.0018136 0.00522643 0.00480798 0.00453396 0.00408142 0.00366826 0.00343858 0.00333304 0.00325447 0.00320978 0.00318595 0.00317391 0.00316625 0.00359005 0.00401346 0.00406142 0.00576739 0.00599786 0.00706938 0.00577664 0.00672308 3.484185e-03 0.861
N:24 Run:6 0.0051981 0.00711305 0.0137262 0.0204041 0.0197922 0.0244786 0.0542133 0.0494486 0.0389323 0.0329306 0.0403985 0.0407912 0.0309197 0.0216415 0.0195662 0.0178105 0.0195181 0.0182587 0.0128679 0.0104832 0.00847275 3.484185e-03 0.861
N:24 Run:7 0.0134985 0.0109574 0.00961163 0.0119632 0.00916644 0.0068078 0.00524707 0.00438955 0.00439356 0.0039126 0.00370285 0.00380411 0.00383158 0.00552074 0.00622808 0.00642879 0.0065945 0.00639665 0.00772963 0.00823918 0.00966133 3.484185e-03 0.861
N:24 Run:8 0.0090408 0.00935085 0.0139676 0.0112573 0.00911135 0.0109684 0.00839146 0.00816511 0.00739071 0.0066511 0.00614784 0.0078968 0.00707987 0.00625227 0.00628509 0.00615802 0.00736499 0.00655877 0.00619304 0.00692445 0.00746735 3.484185e-03 0.861
N:24 Run:9 0.0028481 0.00458189 0.00981293 0.0140474 0.0158392 0.0135356 0.0157785 0.0166455 0.0165828 0.0149532 0.0132129 0.0212634 0.0174441 0.0167322 0.0143013 0.0151301 0.0118313 0.0105414 0.0111449 0.0154854 0.0126349 3.484185e-03 0.861
N:25 Run:0 0.0030338 0.00491307 0.00947899 0.0121541 0.0110963 0.0101621 0.00812333 0.0093097 0.00936363 0.00919305 0.00830837 0.00704259 0.00682073 0.00682406 0.00764081 0.00737047 0.00804574 0.00730749 0.00799351 0.00871203 0.00763016 3.088076e-03 0.888
N:25 Run:1 0.0145835 0.0109895 0.0137448 0.00978335 0.00925597 0.00928832 0.00757616 0.00894961 0.00909678 0.00776039 0.00933326 0.00943743 0.00873386 0.00831416 0.00715658 0.0111934 0.00840033 0.00695289 0.00691174 0.00921266 0.00799049 3.088076e-03 0.888
N:25 Run:2 0.0231607 0.0165366 0.0122025 0.0117781 0.0205011 0.0152596 0.0113743 0.00972346 0.0106978 0.00946494 0.0092484 0.00845002 0.00879817 0.00943523 0.00768156 0.00947122 0.00859303 0.00734192 0.00746179 0.013886 0.0114362 3.088076e-03 0.888
N:25 Run:3 0.0013486 0.00771304 0.022982 0.0446075 0.132723 0.140826 0.23579 0.272099 0.241523 0.211154 0.211418 0.153955 0.0902653 0.0524723 0.0322959 0.021593 0.0163116 0.0132327 0.0127323 0.00940677 0.00738251 3.088076e-03 0.888
N:25 Run:4 0.0092614 0.0197782 0.0151048 0.0146733 0.0143435 0.0102503 0.00834825 0.00787845 0.00700123 0.00875019 0.00751003 0.007703 0.00751277 0.00692957 0.00680706 0.00899474 0.00842975 0.00780815 0.00759445 0.00784078 0.0103187 3.088076e-03 0.888
N:25 Run:5 0.0018136 0.00522643 0.00480798 0.00453396 0.00408142 0.00366826 0.00343858 0.00333304 0.00325447 0.00320978 0.00318595 0.00317391 0.00316625 0.00359005 0.00401346 0.00406142 0.00576739 0.00599786 0.00706938 0.00577664 0.00672308 3.088076e-03 0.888
N:25 Run:6 0.0051981 0.00711305 0.0137262 0.0204041 0.0197922 0.0244786 0.0542133 0.0494486 0.0389323 0.0329306 0.0403985 0.0407912 0.0309197 0.0216415 0.0195662 0.0178105 0.0195181 0.0182587 0.0128679 0.0104832 0.00847275 3.088076e-03 0.888
N:25 Run:7 0.0134985 0.0109574 0.00961163 0.0119632 0.00916644 0.0068078 0.00524707 0.00438955 0.00439356 0.0039126 0.00370285 0.00380411 0.00383158 0.00552074 0.00622808 0.00642879 0.0065945 0.00639665 0.00772963 0.00823918 0.00966133 3.088076e-03 0.888
N:25 Run:8 0.0090408 0.00935085 0.0139676 0.0112573 0.00911135 0.0109684 0.00839146 0.00816511 0.00739071 0.0066511 0.00614784 0.0078968 0.00707987 0.00625227 0.00628509 0.00615802 0.00736499 0.00655877 0.00619304 0.00692445 0.00746735 3.088076e-03 0.888
N:25 Run:9 0.0028481 0.00458189 0.00981293 0.0140474 0.0158392 0.0135356 0.0157785 0.0166455 0.0165828 0.0149532 0.0132129 0.0212634 0.0174441 0.0167322 0.0143013 0.0151301 0.0118313 0.0105414 0.0111449 0.0154854 0.0126349 3.088076e-03 0.888
N:26 Run:0 0.0030338 0.00491307 0.00947899 0.0121541 0.0110963 0.0101621 0.00812333 0.0093097 0.00936363 0.00919305 0.00830837 0.00704259 0.00682073 0.00682406 0.00764081 0.00737047 0.00804574 0.00730749 0.00799351 0.00871203 0.00763016 3.286397e-03 0.885
N:26 Run:1 0.0145835 0.0109895 0.0137448 0.00978335 0.00925597 0.00928832 0.00757616 0.00894961 0.00909678 0.00776039 0.00933326 0.00943743 0.00873386 0.00831416 0.00715658 0.0111934 0.00840033 0.00695289 0.00691174 0.00921266 0.00799049 3.286397e-03 0.885
N:26 Run:2 0.0231607 0.0165366 0.0122025 0.0117781 0.0205011 0.0152596 0.0113743 0.00972346 0.0106978 0.00946494 0.0092484 0.00845002 0.00879817 0.00943523 0.00768156 0.00947122 0.00859303 0.00734192 0.00746179 0.013886 0.0114362 3.286397e-03 0.885
N:26 Run:3 0.0013486 0.00771304 0.022982 0.0446075 0.132723 0.140826 0.23579 0.272099 0.241523 0.211154 0.211418 0.153955 0.0902653 0.0524723 0.0322959 0.021593 0.0163116 0.0132327 0.0127323 0.00940677 0.00738251 3.286397e-03 0.885
N:26 Run:4 0.0092614 0.0197782 0.0151048 0.0146733 0.0143435 0.0102503 0.00834825 0.00787845 0.00700123 0.00875019 0.00751003 0.007703 0.00751277 0.00692957 0.00680706 0.00899474 0.00842975 0.00780815 0.00759445 0.00784078 0.0103187 3.286397e-03 0.885
N:26 Run:5 0.0018136 0.00522643 0.00480798 0.00453396 0.00408142 0.00366826 0.00343858 0.00333304 0.00325447 0.00320978 0.00318595 0.00317391 0.00316625 0.00359005 0.00401346 0.00406142 0.00576739 0.00599786 0.00706938 0.00577664 0.00672308 3.286397e-03 0.885
N:26 Run:6 0.0051981 0.00711305 0.0137262 0.0204041 0.0197922 0.0244786 0.0542133 0.0494486 0.0389323 0.0329306 0.0403985 0.0407912 0.0309197 0.0216415 0.0195662 0.0178105 0.0195181 0.0182587 0.0128679 0.0104832 0.00847275 3.286397e-03 0.885
N:26 Run:7 0.0134985 0.0109574 0.00961163 0.0119632 0.00916644 0.0068078 0.00524707 0.00438955 0.00439356 0.0039126 0.00370285 0.00380411 0.00383158 0.00552074 0.00622808 0.00642879 0.0065945 0.00639665 0.00772963 0.00823918 0.00966133 3.286397e-03 0.885
N:26 Run:8 0.0090408 0.00935085 0.0139676 0.0112573 0.00911135 0.0109684 0.00839146 0.00816511 0.00739071 0.0066511 0.00614784 0.0078968 0.00707987 0.00625227 0.00628509 0.00615802 0.00736499 0.00655877 0.00619304 0.00692445 0.00746735 3.286397e-03 0.885
N:26 Run:9 0.0028481 0.00458189 0.00981293 0.0140474 0.0158392 0.0135356 0.0157785 0.0166455 0.0165828 0.0149532 0.0132129 0.0212634 0.0174441 0.0167322 0.0143013 0.0151301 0.0118313 0.0105414 0.0111449 0.0154854 0.0126349 3.286397e-03 0.885
N:27 Run:0 0.0030338 0.00491307 0.00947899 0.0121541 0.0110963 0.0101621 0.00812333 0.0093097 0.00936363 0.00919305 0.00830837 0.00704259 0.00682073 0.00682406 0.00764081 0.00737047 0.00804574 0.00730749 0.00799351 0.00871203 0.00763016 3.965563e-03 0.899
N:27 Run:1 0.0145835 0.0109895 0.0137448 0.00978335 0.00925597 0.00928832 0.00757616 0.00894961 0.00909678 0.00776039 0.00933326 0.00943743 0.00873386 0.00831416 0.00715658 0.0111934 0.00840033 0.00695289 0.00691174 0.00921266 0.00799049 3.965563e-03 0.899
N:27 Run:2 0.0231607 0.0165366 0.0122025 0.0117781 0.0205011 0.0152596 0.0113743 0.00972346 0.0106978 0.00946494 0.0092484 0.00845002 0.00879817 0.00943523 0.00768156 0.00947122 0.00859303 0.00734192 0.00746179 0.013886 0.0114362 3.965563e-03 0.899
N:27 Run:3 0.0013486 0.00771304 0.022982 0.0446075 0.132723 0.140826 0.23579 0.272099 0.241523 0.211154 0.211418 0.153955 0.0902653 0.0524723 0.0322959 0.021593 0.0163116 0.0132327 0.0127323 0.00940677 0.00738251 3.965563e-03 0.899
N:27 Run:4 0.0092614 0.0197782 0.0151048 0.0146733 0.0143435 0.0102503 0.00834825 0.00787845 0.00700123 0.00875019 0.00751003 0.007703 0.00751277 0.00692957 0.00680706 0.00899474 0.00842975 0.00780815 0.00759445 0.00784078 0.0103187 3.965563e-03 0.899
N:27 Run:5 0.0018136 0.00522643 0.00480798 0.00453396 0.00408142 0.00366826 0.00343858 0.00333304 0.00325447 0.00320978 0.00318595 0.00317391 0.00316625 0.00359005 0.00401346 0.00406142 0.00576739 0.00599786 0.00706938 0.00577664 0.00672308 3.965563e-03 0.899
N:27 Run:6 0.0051981 0.00711305 0.0137262 0.0204041 0.0197922 0.0244786 0.0542133 0.0494486 0.0389323 0.0329306 0.0403985 0.0407912 0.0309197 0.0216415 0.0195662 0.0178105 0.0195181 0.0182587 0.0128679 0.0104832 0.00847275 3.965563e-03 0.899
N:27 Run:7 0.0134985 0.0109574 0.00961163 0.0119632 0.00916644 0.0068078 0.00524707 0.00438955 0.00439356 0.0039126 0.00370285 0.00380411 0.00383158 0.00552074 0.00622808 0.00642879 0.0065945 0.00639665 0.00772963 0.00823918 0.00966133 3.965563e-03 0.899
N:27 Run:8 0.0090408 0.00935085 0.0139676 0.0112573 0.00911135 0.0109684 0.00839146 0.00816511 0.00739071 0.0066511 0.00614784 0.0078968 0.00707987 0.00625227 0.00628509 0.00615802 0.00736499 0.00655877 0.00619304 0.00692445 0.00746735 3.965563e-03 0.899
N:27 Run:9 0.0028481 0.00458189 0.00981293 0.0140474 0.0158392 0.0135356 0.0157785 0.0166455 0.0165828 0.0149532 0.0132129 0.0212634 0.0174441 0.0167322 0.0143013 0.0151301 0.0118313 0.0105414 0.0111449 0.0154854 0.0126349 3.965563e-03 0.899
N:28 Run:0 0.0030338 0.00491307 0.00947899 0.0121541 0.0110963 0.0101621 0.00812333 0.0093097 0.00936363 0.00919305 0.00830837 0.00704259 0.00682073 0.00682406 0.00764081 0.00737047 0.00804574 0.00730749 0.00799351 0.00871203 0.00763016 4.577600e-03 0.872
N:28 Run:1 0.0145835 0.0109895 0.0137448 0.00978335 0.00925597 0.00928832 0.00757616 0.00894961 0.00909678 0.00776039 0.00933326 0.00943743 0.00873386 0.00831416 0.00715658 0.0111934 0.00840033 0.00695289 0.00691174 0.00921266 0.00799049 4.577600e-03 0.872
N:28 Run:2 0.0231607 0.0165366 0.0122025 0.0117781 0.0205011 0.0152596 0.0113743 0.00972346 0.0106978 0.00946494 0.0092484 0.00845002 0.00879817 0.00943523 0.00768156 0.00947122 0.00859303 0.00734192 0.00746179 0.013886 0.0114362 4.577600e-03 0.872
N:28 Run:3 0.0013486 0.00771304 0.022982 0.0446075 0.132723 0.140826 0.23579 0.272099 0.241523 0.211154 0.211418 0.153955 0.0902653 0.0524723 0.0322959 0.021593 0.0163116 0.0132327 0.0127323 0.00940677 0.00738251 4.577600e-03 0.872
N:28 Run:4 0.0092614 0.0197782 0.0151048 0.0146733 0.0143435 0.0102503 0.00834825 0.00787845 0.00700123 0.00875019 0.00751003 0.007703 0.00751277 0.00692957 0.00680706 0.00899474 0.00842975 0.00780815 0.00759445 0.00784078 0.0103187 4.577600e-03 0.872
N:28 Run:5 0.0018136 0.00522643 0.00480798 0.00453396 0.00408142 0.00366826 0.00343858 0.00333304 0.00325447 0.00320978 0.00318595 0.00317391 0.00316625 0.00359005 0.00401346 0.00406142 0.00576739 0.00599786 0.00706938 0.00577664 0.00672308 4.577600e-03 0.872
N:28 Run:6 0.0051981 0.00711305 0.0137262 0.0204041 0.0197922 0.0244786 0.0542133 0.0494486 0.0389323 0.0329306 0.0403985 0.0407912 0.0309197 0.0216415 0.0195662 0.0178105 0.0195181 0.0182587 0.0128679 0.0104832 0.00847275 4.577600e-03 0.872
N:28 Run:7 0.0134985 0.0109574 0.00961163 0.0119632 0.00916644 0.0068078 0.00524707 0.00438955 0.00439356 0.0039126 0.00370285 0.00380411 0.00383158 0.00552074 0.00622808 0.00642879 0.0065945 0.00639665 0.00772963 0.00823918 0.00966133 4.577600e-03 0.872
N:28 Run:8 0.0090408 0.00935085 0.0139676 0.0112573 0.00911135 0.0109684 0.00839146 0.00816511 0.00739071 0.0066511 0.00614784 0.0078968 0.00707987 0.00625227 0.00628509 0.00615802 0.00736499 0.00655877 0.00619304 0.00692445 0.00746735 4.577600e-03 0.872
N:28 Run:9 0.0028481 0.00458189 0.00981293 0.0140474 0.0158392 0.0135356 0.0157785 0.0166455 0.0165828 0.0149532 0.0132129 0.0212634 0.0174441 0.0167322 0.0143013 0.0151301 0.0118313 0.0105414 0.0111449 0.0154854 0.0126349 4.577600e-03 0.872
N:29 Run:0 0.0030338 0.00491307 0.00947899 0.0121541 0.0110963 0.0101621 0.00812333 0.0093097 0.00936363 0.00919305 0.00830837 0.00704259 0.00682073 0.00682406 0.00764081 0.00737047 0.00804574 0.00730749 0.00799351 0.00871203 0.00763016 2.279979e-03 0.883
N:29 Run:1 0.0145835 0.0109895 0.0137448 0.00978335 0.00925597 0.00928832 0.00757616 0.00894961 0.00909678 0.00776039 0.00933326 0.00943743 0.00873386 0.00831416 0.00715658 0.0111934 0.00840033 0.00695289 0.00691174 0.00921266 0.00799049 2.279979e-03 0.883
N:29 Run:2 0.0231607 0.0165366 0.0122025 0.0117781 0.0205011 0.0152596 0.0113743 0.00972346 0.0106978 0.00946494 0.0092484 0.00845002 0.00879817 0.00943523 0.00768156 0.00947122 0.00859303 0.00734192 0.00746179 0.013886 0.0114362 2.279979e-03 0.883
N:29 Run:3 0.0013486 0.00771304 0.022982 0.0446075 0.132723 0.140826 0.23579 0.272099 0.241523 0.211154 0.211418 0.153955 0.0902653 0.0524723 0.0322959 0.021593 0.0163116 0.0132327 0.0127323 0.00940677 0.00738251 2.279979e-03 0.883
N:29 Run:4 0.0092614 0.0197782 0.0151048 0.0146733 0.0143435 0.0102503 0.00834825 0.00787845 0.00700123 0.00875019 0.00751003 0.007703 0.00751277 0.00692957 0.00680706 0.00899474 0.00842975 0.00780815 0.00759445 0.00784078 0.0103187 2.279979e-03 0.883
N:29 Run:5 0.0018136 0.00522643 0.00480798 0.00453396 0.00408142 0.00366826 0.00343858 0.00333304 0.00325447 0.00320978 0.00318595 0.00317391 0.00316625 0.00359005 0.00401346 0.00406142 0.00576739 0.00599786 0.00706938 0.00577664 0.00672308 2.279979e-03 0.883
N:29 Run:6 0.0051981 0.00711305 0.0137262 0.0204041 0.0197922 0.0244786 0.0542133 0.0494486 0.0389323 0.0329306 0.0403985 0.0407912 0.0309197 0.0216415 0.0195662 0.0178105 0.0195181 0.0182587 0.0128679 0.0104832 0.00847275 2.279979e-03 0.883
N:29 Run:7 0.0134985 0.0109574 0.00961163 0.0119632 0.00916644 0.0068078 0.00524707 0.00438955 0.00439356 0.0039126 0.00370285 0.00380411 0.00383158 0.00552074 0.00622808 0.00642879 0.0065945 0.00639665 0.00772963 0.00823918 0.00966133 2.279979e-03 0.883
N:29 Run:8 0.0090408 0.00935085 0.0139676 0.0112573 0.00911135 0.0109684 0.00839146 0.00816511 0.00739071 0.0066511 0.00614784 0.0078968 0.00707987 0.00625227 0.00628509 0.00615802 0.00736499 0.00655877 0.00619304 0.00692445 0.00746735 2.279979e-03 0.883
N:29 Run:9 0.0028481 0.00458189 0.00981293 0.0140474 0.0158392 0.0135356 0.0157785 0.0166455 0.0165828 0.0149532 0.0132129 0.0212634 0.0174441 0.0167322 0.0143013 0.0151301 0.0118313 0.0105414 0.0111449 0.0154854 0.0126349 2.279979e-03 0.883
