Seed:1578446295
N:0 Run:0 0.0263338 0.0345864 0.0285004 0.0248251 0.0242044 0.0260099 0.0244195 0.0268572 0.0240484 0.0256077 0.0235171 0.0247538 0.0310362 0.0332629 0.0345196 0.0368874 0.0346626 0.0381433 0.0369202 0.0366599 0.0352445 4.470472e-03 0.692
N:0 Run:1 0.0249258 0.0328904 0.0318056 0.0323621 0.0318388 0.0316539 0.0346104 0.0341225 0.031497 0.0313179 0.0342415 0.0326854 0.0358129 0.0309363 0.0337365 0.0345709 0.0344102 0.0335099 0.0375253 0.0372107 0.0383859 4.470472e-03 0.692
N:0 Run:2 0.0373837 0.0366388 0.035498 0.0313829 0.0342502 0.0328274 0.0358851 0.0310927 0.0330118 0.0366061 0.0367119 0.031624 0.0334058 0.0342186 0.0330274 0.0359692 0.0341006 0.0359868 0.0294779 0.0350449 0.0352189 4.470472e-03 0.692
N:0 Run:3 0.0380651 0.0333325 0.0377091 0.0462146 0.048132 0.0492192 0.048429 0.0485028 0.0475237 0.0476495 0.0488622 0.0476552 0.0476862 0.0385898 0.038107 0.0357581 0.0331082 0.0354022 0.0347435 0.031097 0.0353357 4.470472e-03 0.692
N:0 Run:4 0.0815335 0.0335413 0.0286823 0.0243195 0.0241193 0.0245566 0.0231603 0.0240442 0.0250003 0.0238596 0.0249655 0.0249492 0.0318155 0.0340017 0.0350298 0.0377283 0.0324364 0.0348608 0.0317521 0.0322295 0.0362062 4.470472e-03 0.692
N:0 Run:5 0.0437617 0.0351016 0.0309594 0.0292789 0.0279411 0.0295939 0.0317277 0.0287839 0.0300072 0.0297759 0.0295914 0.0260157 0.0425461 0.0348595 0.0348373 0.0324116 0.0341404 0.0378909 0.0310535 0.0346833 0.0352574 4.470472e-03 0.692
N:0 Run:6 0.0357112 0.0399283 0.0344279 0.0410197 0.0395561 0.0417233 0.0419475 0.046099 0.0448933 0.0404147 0.038881 0.0407824 0.0370846 0.0346465 0.0341916 0.031616 0.0317289 0.0319979 0.0304195 0.0348778 0.0342794 4.470472e-03 0.692
N:0 Run:7 0.0133364 0.0307973 0.0319397 0.0333986 0.0304895 0.0372647 0.0372714 0.0435462 0.0407854 0.0380554 0.0338015 0.0379974 0.0361924 0.0353879 0.0299122 0.0327403 0.0364264 0.0331491 0.0311782 0.0328606 0.0350763 4.470472e-03 0.692
N:0 Run:8 0.0155512 0.034959 0.0343183 0.0371485 0.0348703 0.0358383 0.0350477 0.0366619 0.0350635 0.0320077 0.0326407 0.0354665 0.0347957 0.0356219 0.0351585 0.037115 0.0350397 0.0357274 0.0323451 0.0318897 0.0351284 4.470472e-03 0.692
N:0 Run:9 0.0175307 0.0333745 0.0274945 0.024848 0.023683 0.0248214 0.0259916 0.0231985 0.0233775 0.0260167 0.0244189 0.0241264 0.0321823 0.0402716 0.0333833 0.0369038 0.0353297 0.0344069 0.0322648 0.0329356 0.0362284 4.470472e-03 0.692
N:1 Run:0 0.0263338 0.0338663 0.0290853 0.0251567 0.0241648 0.0259719 0.0244423 0.0269588 0.0241969 0.0256599 0.0236506 0.0245292 0.0301586 0.0327985 0.0343263 0.0367491 0.0348985 0.0380612 0.037142 0.0368284 0.0354433 4.467996e-03 0.671
N:1 Run:1 0.0249258 0.0319785 0.0317076 0.0321624 0.0316894 0.0314789 0.0343724 0.0341499 0.0315439 0.031195 0.0339932 0.0326831 0.0355726 0.0309619 0.0334513 0.0343349 0.0343462 0.033414 0.037304 0.0373598 0.0384894 4.467996e-03 0.671
N:1 Run:2 0.0373837 0.0368122 0.0356335 0.0314149 0.0339263 0.0327189 0.0355951 0.0311759 0.0327572 0.036371 0.0367864 0.0317561 0.0330616 0.0340243 0.0329783 0.0357411 0.0341637 0.0358741 0.0295639 0.0346011 0.0351959 4.467996e-03 0.671
N:1 Run:3 0.0380651 0.0335645 0.0375322 0.0451997 0.0474996 0.0482266 0.0476893 0.0476013 0.0468208 0.0467897 0.0479165 0.0469125 0.04715 0.0395315 0.0384409 0.0361099 0.033192 0.0351995 0.0347371 0.0310901 0.0349693 4.467996e-03 0.671
N:1 Run:4 0.0815335 0.0376324 0.029749 0.0248682 0.0240667 0.0244823 0.0231751 0.0239542 0.0249834 0.0238634 0.0246921 0.0249577 0.0310848 0.0336818 0.0349047 0.0376302 0.0326554 0.0346856 0.031822 0.0320245 0.0358945 4.467996e-03 0.671
N:1 Run:5 0.0437617 0.0358593 0.0317668 0.0300159 0.0286465 0.0299689 0.0319517 0.0295025 0.0303875 0.0302349 0.0300661 0.026838 0.0411079 0.0353874 0.0348944 0.0324428 0.0339635 0.0376839 0.0313182 0.034384 0.0351921 4.467996e-03 0.671
N:1 Run:6 0.0357112 0.0397761 0.0348072 0.0407073 0.0398759 0.0417978 0.0421655 0.0457102 0.0449314 0.0410648 0.0393068 0.0408886 0.0375965 0.0349013 0.0341373 0.0315098 0.0314461 0.0316579 0.0301892 0.0344498 0.0342418 4.467996e-03 0.671
N:1 Run:7 0.0133364 0.0289211 0.0313665 0.0331805 0.0303488 0.036803 0.0373889 0.0431706 0.0412113 0.0385303 0.0342481 0.0378589 0.0364051 0.0355356 0.029961 0.0323043 0.0361271 0.033282 0.0309954 0.0325154 0.0348188 4.467996e-03 0.671
N:1 Run:8 0.0155512 0.0332656 0.0341488 0.0369657 0.0350504 0.03585 0.035134 0.0366154 0.0352084 0.0320913 0.0323432 0.0352118 0.0348105 0.0355487 0.0351843 0.0370707 0.0352079 0.0356975 0.0324673 0.0317014 0.0348004 4.467996e-03 0.671
N:1 Run:9 0.0175307 0.0318477 0.0278228 0.0253179 0.0239593 0.024992 0.026255 0.0233843 0.0233989 0.0260522 0.0248205 0.024365 0.0313757 0.0396607 0.0337906 0.0367405 0.0353977 0.0344741 0.0322621 0.0326933 0.0360115 4.467996e-03 0.671
N:2 Run:0 0.0263338 0.0338663 0.0290853 0.0251567 0.0241648 0.0259719 0.0244423 0.0269588 0.0241969 0.0256599 0.0236506 0.0245292 0.0301586 0.0327985 0.0343263 0.0367491 0.0348985 0.0380612 0.037142 0.0368284 0.0354433 4.473861e-03 0.682
N:2 Run:1 0.0249258 0.0319785 0.0317076 0.0321624 0.0316894 0.0314789 0.0343724 0.0341499 0.0315439 0.031195 0.0339932 0.0326831 0.0355726 0.0309619 0.0334513 0.0343349 0.0343462 0.033414 0.037304 0.0373598 0.0384894 4.473861e-03 0.682
N:2 Run:2 0.0373837 0.0368122 0.0356335 0.0314149 0.0339263 0.0327189 0.0355951 0.0311759 0.0327572 0.036371 0.0367864 0.0317561 0.0330616 0.0340243 0.0329783 0.0357411 0.0341637 0.0358741 0.0295639 0.0346011 0.0351959 4.473861e-03 0.682
N:2 Run:3 0.0380651 0.0335645 0.0375322 0.0451997 0.0474996 0.0482266 0.0476893 0.0476013 0.0468208 0.0467897 0.0479165 0.0469125 0.04715 0.0395315 0.0384409 0.0361099 0.033192 0.0351995 0.0347371 0.0310901 0.0349693 4.473861e-03 0.682
N:2 Run:4 0.0815335 0.0376324 0.029749 0.0248682 0.0240667 0.0244823 0.0231751 0.0239542 0.0249834 0.0238634 0.0246921 0.0249577 0.0310848 0.0336818 0.0349047 0.0376302 0.0326554 0.0346856 0.031822 0.0320245 0.0358945 4.473861e-03 0.682
N:2 Run:5 0.0437617 0.0358593 0.0317668 0.0300159 0.0286465 0.0299689 0.0319517 0.0295025 0.0303875 0.0302349 0.0300661 0.026838 0.0411079 0.0353874 0.0348944 0.0324428 0.0339635 0.0376839 0.0313182 0.034384 0.0351921 4.473861e-03 0.682
N:2 Run:6 0.0357112 0.0397761 0.0348072 0.0407073 0.0398759 0.0417978 0.0421655 0.0457102 0.0449314 0.0410648 0.0393068 0.0408886 0.0375965 0.0349013 0.0341373 0.0315098 0.0314461 0.0316579 0.0301892 0.0344498 0.0342418 4.473861e-03 0.682
N:2 Run:7 0.0133364 0.0289211 0.0313665 0.0331805 0.0303488 0.036803 0.0373889 0.0431706 0.0412113 0.0385303 0.0342481 0.0378589 0.0364051 0.0355356 0.029961 0.0323043 0.0361271 0.033282 0.0309954 0.0325154 0.0348188 4.473861e-03 0.682
N:2 Run:8 0.0155512 0.0332656 0.0341488 0.0369657 0.0350504 0.03585 0.035134 0.0366154 0.0352084 0.0320913 0.0323432 0.0352118 0.0348105 0.0355487 0.0351843 0.0370707 0.0352079 0.0356975 0.0324673 0.0317014 0.0348004 4.473861e-03 0.682
N:2 Run:9 0.0175307 0.0318477 0.0278228 0.0253179 0.0239593 0.024992 0.026255 0.0233843 0.0233989 0.0260522 0.0248205 0.024365 0.0313757 0.0396607 0.0337906 0.0367405 0.0353977 0.0344741 0.0322621 0.0326933 0.0360115 4.473861e-03 0.682
N:3 Run:0 0.0263338 0.0338663 0.0290853 0.0251567 0.0241648 0.0259719 0.0244423 0.0269588 0.0241969 0.0256599 0.0236506 0.0245292 0.0301586 0.0327985 0.0343263 0.0367491 0.0348985 0.0380612 0.037142 0.0368284 0.0354433 4.487899e-03 0.655
N:3 Run:1 0.0249258 0.0319785 0.0317076 0.0321624 0.0316894 0.0314789 0.0343724 0.0341499 0.0315439 0.031195 0.0339932 0.0326831 0.0355726 0.0309619 0.0334513 0.0343349 0.0343462 0.033414 0.037304 0.0373598 0.0384894 4.487899e-03 0.655
N:3 Run:2 0.0373837 0.0368122 0.0356335 0.0314149 0.0339263 0.0327189 0.0355951 0.0311759 0.0327572 0.036371 0.0367864 0.0317561 0.0330616 0.0340243 0.0329783 0.0357411 0.0341637 0.0358741 0.0295639 0.0346011 0.0351959 4.487899e-03 0.655
N:3 Run:3 0.0380651 0.0335645 0.0375322 0.0451997 0.0474996 0.0482266 0.0476893 0.0476013 0.0468208 0.0467897 0.0479165 0.0469125 0.04715 0.0395315 0.0384409 0.0361099 0.033192 0.0351995 0.0347371 0.0310901 0.0349693 4.487899e-03 0.655
N:3 Run:4 0.0815335 0.0376324 0.029749 0.0248682 0.0240667 0.0244823 0.0231751 0.0239542 0.0249834 0.0238634 0.0246921 0.0249577 0.0310848 0.0336818 0.0349047 0.0376302 0.0326554 0.0346856 0.031822 0.0320245 0.0358945 4.487899e-03 0.655
N:3 Run:5 0.0437617 0.0358593 0.0317668 0.0300159 0.0286465 0.0299689 0.0319517 0.0295025 0.0303875 0.0302349 0.0300661 0.026838 0.0411079 0.0353874 0.0348944 0.0324428 0.0339635 0.0376839 0.0313182 0.034384 0.0351921 4.487899e-03 0.655
N:3 Run:6 0.0357112 0.0397761 0.0348072 0.0407073 0.0398759 0.0417978 0.0421655 0.0457102 0.0449314 0.0410648 0.0393068 0.0408886 0.0375965 0.0349013 0.0341373 0.0315098 0.0314461 0.0316579 0.0301892 0.0344498 0.0342418 4.487899e-03 0.655
N:3 Run:7 0.0133364 0.0289211 0.0313665 0.0331805 0.0303488 0.036803 0.0373889 0.0431706 0.0412113 0.0385303 0.0342481 0.0378589 0.0364051 0.0355356 0.029961 0.0323043 0.0361271 0.033282 0.0309954 0.0325154 0.0348188 4.487899e-03 0.655
N:3 Run:8 0.0155512 0.0332656 0.0341488 0.0369657 0.0350504 0.03585 0.035134 0.0366154 0.0352084 0.0320913 0.0323432 0.0352118 0.0348105 0.0355487 0.0351843 0.0370707 0.0352079 0.0356975 0.0324673 0.0317014 0.0348004 4.487899e-03 0.655
N:3 Run:9 0.0175307 0.0318477 0.0278228 0.0253179 0.0239593 0.024992 0.026255 0.0233843 0.0233989 0.0260522 0.0248205 0.024365 0.0313757 0.0396607 0.0337906 0.0367405 0.0353977 0.0344741 0.0322621 0.0326933 0.0360115 4.487899e-03 0.655
N:4 Run:0 0.0263338 0.0338663 0.0290853 0.0251567 0.0241648 0.0259719 0.0244423 0.0269588 0.0241969 0.0256599 0.0236506 0.0245292 0.0301586 0.0327985 0.0343263 0.0367491 0.0348985 0.0380612 0.037142 0.0368284 0.0354433 4.492806e-03 0.656
N:4 Run:1 0.0249258 0.0319785 0.0317076 0.0321624 0.0316894 0.0314789 0.0343724 0.0341499 0.0315439 0.031195 0.0339932 0.0326831 0.0355726 0.0309619 0.0334513 0.0343349 0.0343462 0.033414 0.037304 0.0373598 0.0384894 4.492806e-03 0.656
N:4 Run:2 0.0373837 0.0368122 0.0356335 0.0314149 0.0339263 0.0327189 0.0355951 0.0311759 0.0327572 0.036371 0.0367864 0.0317561 0.0330616 0.0340243 0.0329783 0.0357411 0.0341637 0.0358741 0.0295639 0.0346011 0.0351959 4.492806e-03 0.656
N:4 Run:3 0.0380651 0.0335645 0.0375322 0.0451997 0.0474996 0.0482266 0.0476893 0.0476013 0.0468208 0.0467897 0.0479165 0.0469125 0.04715 0.0395315 0.0384409 0.0361099 0.033192 0.0351995 0.0347371 0.0310901 0.0349693 4.492806e-03 0.656
N:4 Run:4 0.0815335 0.0376324 0.029749 0.0248682 0.0240667 0.0244823 0.0231751 0.0239542 0.0249834 0.0238634 0.0246921 0.0249577 0.0310848 0.0336818 0.0349047 0.0376302 0.0326554 0.0346856 0.031822 0.0320245 0.0358945 4.492806e-03 0.656
N:4 Run:5 0.0437617 0.0358593 0.0317668 0.0300159 0.0286465 0.0299689 0.0319517 0.0295025 0.0303875 0.0302349 0.0300661 0.026838 0.0411079 0.0353874 0.0348944 0.0324428 0.0339635 0.0376839 0.0313182 0.034384 0.0351921 4.492806e-03 0.656
N:4 Run:6 0.0357112 0.0397761 0.0348072 0.0407073 0.0398759 0.0417978 0.0421655 0.0457102 0.0449314 0.0410648 0.0393068 0.0408886 0.0375965 0.0349013 0.0341373 0.0315098 0.0314461 0.0316579 0.0301892 0.0344498 0.0342418 4.492806e-03 0.656
N:4 Run:7 0.0133364 0.0289211 0.0313665 0.0331805 0.0303488 0.036803 0.0373889 0.0431706 0.0412113 0.0385303 0.0342481 0.0378589 0.0364051 0.0355356 0.029961 0.0323043 0.0361271 0.033282 0.0309954 0.0325154 0.0348188 4.492806e-03 0.656
N:4 Run:8 0.0155512 0.0332656 0.0341488 0.0369657 0.0350504 0.03585 0.035134 0.0366154 0.0352084 0.0320913 0.0323432 0.0352118 0.0348105 0.0355487 0.0351843 0.0370707 0.0352079 0.0356975 0.0324673 0.0317014 0.0348004 4.492806e-03 0.656
N:4 Run:9 0.0175307 0.0318477 0.0278228 0.0253179 0.0239593 0.024992 0.026255 0.0233843 0.0233989 0.0260522 0.0248205 0.024365 0.0313757 0.0396607 0.0337906 0.0367405 0.0353977 0.0344741 0.0322621 0.0326933 0.0360115 4.492806e-03 0.656
N:5 Run:0 0.0263338 0.0343173 0.0286587 0.0233793 0.0220107 0.0249464 0.0224748 0.0263703 0.021966 0.0245054 0.021102 0.0227245 0.0304017 0.0332715 0.0346972 0.037021 0.0350575 0.0381113 0.0372365 0.0369546 0.035621 4.444348e-03 0.663
N:5 Run:1 0.0249258 0.0326145 0.0319116 0.0324513 0.0319297 0.0317032 0.0346719 0.0343873 0.0316804 0.0313436 0.0342949 0.0329245 0.035925 0.0311317 0.033801 0.0348785 0.0347135 0.0338444 0.0375142 0.0374475 0.0384961 4.444348e-03 0.663
N:5 Run:2 0.0373837 0.0369383 0.0358931 0.0316563 0.034368 0.0330974 0.0360645 0.0313135 0.0330898 0.0366226 0.0369522 0.0319747 0.0336046 0.0344531 0.0332986 0.036103 0.0344789 0.0361929 0.0294015 0.0349405 0.0354519 4.444348e-03 0.663
N:5 Run:3 0.0380651 0.0338504 0.0376576 0.0451419 0.0472004 0.0488701 0.0481841 0.0484562 0.0475278 0.0477433 0.0484955 0.0477352 0.0472097 0.0392932 0.0384162 0.0361887 0.033525 0.0356089 0.0350857 0.0312754 0.0353703 4.444348e-03 0.663
N:5 Run:4 0.0815335 0.0365476 0.029095 0.0228191 0.0218457 0.0226575 0.0202736 0.0218092 0.0235001 0.0215417 0.022983 0.0234222 0.0313118 0.0340421 0.0352372 0.0377788 0.0328854 0.0350154 0.0319855 0.0323234 0.036235 4.444348e-03 0.663
N:5 Run:5 0.0437617 0.0359235 0.0317348 0.0303328 0.0291388 0.0310197 0.0331372 0.0306648 0.0317055 0.0316357 0.0314307 0.0273087 0.0414991 0.0354772 0.035175 0.0327094 0.0343014 0.037883 0.0313583 0.0347503 0.0354968 4.444348e-03 0.663
N:5 Run:6 0.0357112 0.0397053 0.0350299 0.0405733 0.0396623 0.041449 0.0417423 0.0452084 0.0444718 0.04068 0.0391505 0.0406309 0.0375201 0.0351105 0.0345713 0.0318409 0.0317859 0.032078 0.0303261 0.0348548 0.0345596 4.444348e-03 0.663
N:5 Run:7 0.0133364 0.0297193 0.0318247 0.0334936 0.0304795 0.037026 0.0374458 0.0428012 0.0408427 0.0384301 0.0343167 0.0379561 0.0365753 0.0357405 0.0299236 0.0327395 0.0364536 0.0335315 0.0313 0.0329452 0.0352334 4.444348e-03 0.663
N:5 Run:8 0.0155512 0.0339851 0.0344926 0.0372778 0.0352888 0.0360803 0.035388 0.0368684 0.0354541 0.0322961 0.0328175 0.0355774 0.035115 0.0359183 0.0355031 0.0372639 0.0354647 0.0360394 0.0326846 0.032013 0.0352297 4.444348e-03 0.663
N:5 Run:9 0.0175307 0.0326265 0.0271911 0.0238327 0.0217464 0.0235747 0.0254777 0.0205194 0.0208047 0.0251328 0.023248 0.0225151 0.0316323 0.0396682 0.0339376 0.0370065 0.0357853 0.0347616 0.0325307 0.0331087 0.0362804 4.444348e-03 0.663
N:6 Run:0 0.0263338 0.0343173 0.0286587 0.0233793 0.0220107 0.0249464 0.0224748 0.0263703 0.021966 0.0245054 0.021102 0.0227245 0.0304017 0.0332715 0.0346972 0.037021 0.0350575 0.0381113 0.0372365 0.0369546 0.035621 4.562250e-03 0.601
N:6 Run:1 0.0249258 0.0326145 0.0319116 0.0324513 0.0319297 0.0317032 0.0346719 0.0343873 0.0316804 0.0313436 0.0342949 0.0329245 0.035925 0.0311317 0.033801 0.0348785 0.0347135 0.0338444 0.0375142 0.0374475 0.0384961 4.562250e-03 0.601
N:6 Run:2 0.0373837 0.0369383 0.0358931 0.0316563 0.034368 0.0330974 0.0360645 0.0313135 0.0330898 0.0366226 0.0369522 0.0319747 0.0336046 0.0344531 0.0332986 0.036103 0.0344789 0.0361929 0.0294015 0.0349405 0.0354519 4.562250e-03 0.601
N:6 Run:3 0.0380651 0.0338504 0.0376576 0.0451419 0.0472004 0.0488701 0.0481841 0.0484562 0.0475278 0.0477433 0.0484955 0.0477352 0.0472097 0.0392932 0.0384162 0.0361887 0.033525 0.0356089 0.0350857 0.0312754 0.0353703 4.562250e-03 0.601
N:6 Run:4 0.0815335 0.0365476 0.029095 0.0228191 0.0218457 0.0226575 0.0202736 0.0218092 0.0235001 0.0215417 0.022983 0.0234222 0.0313118 0.0340421 0.0352372 0.0377788 0.0328854 0.0350154 0.0319855 0.0323234 0.036235 4.562250e-03 0.601
N:6 Run:5 0.0437617 0.0359235 0.0317348 0.0303328 0.0291388 0.0310197 0.0331372 0.0306648 0.0317055 0.0316357 0.0314307 0.0273087 0.0414991 0.0354772 0.035175 0.0327094 0.0343014 0.037883 0.0313583 0.0347503 0.0354968 4.562250e-03 0.601
N:6 Run:6 0.0357112 0.0397053 0.0350299 0.0405733 0.0396623 0.041449 0.0417423 0.0452084 0.0444718 0.04068 0.0391505 0.0406309 0.0375201 0.0351105 0.0345713 0.0318409 0.0317859 0.032078 0.0303261 0.0348548 0.0345596 4.562250e-03 0.601
N:6 Run:7 0.0133364 0.0297193 0.0318247 0.0334936 0.0304795 0.037026 0.0374458 0.0428012 0.0408427 0.0384301 0.0343167 0.0379561 0.0365753 0.0357405 0.0299236 0.0327395 0.0364536 0.0335315 0.0313 0.0329452 0.0352334 4.562250e-03 0.601
N:6 Run:8 0.0155512 0.0339851 0.0344926 0.0372778 0.0352888 0.0360803 0.035388 0.0368684 0.0354541 0.0322961 0.0328175 0.0355774 0.035115 0.0359183 0.0355031 0.0372639 0.0354647 0.0360394 0.0326846 0.032013 0.0352297 4.562250e-03 0.601
N:6 Run:9 0.0175307 0.0326265 0.0271911 0.0238327 0.0217464 0.0235747 0.0254777 0.0205194 0.0208047 0.0251328 0.023248 0.0225151 0.0316323 0.0396682 0.0339376 0.0370065 0.0357853 0.0347616 0.0325307 0.0331087 0.0362804 4.562250e-03 0.601
N:7 Run:0 0.0263338 0.0343173 0.0286587 0.0233793 0.0220107 0.0249464 0.0224748 0.0263703 0.021966 0.0245054 0.021102 0.0227245 0.0304017 0.0332715 0.0346972 0.037021 0.0350575 0.0381113 0.0372365 0.0369546 0.035621 4.480709e-03 0.677
N:7 Run:1 0.0249258 0.0326145 0.0319116 0.0324513 0.0319297 0.0317032 0.0346719 0.0343873 0.0316804 0.0313436 0.0342949 0.0329245 0.035925 0.0311317 0.033801 0.0348785 0.0347135 0.0338444 0.0375142 0.0374475 0.0384961 4.480709e-03 0.677
N:7 Run:2 0.0373837 0.0369383 0.0358931 0.0316563 0.034368 0.0330974 0.0360645 0.0313135 0.0330898 0.0366226 0.0369522 0.0319747 0.0336046 0.0344531 0.0332986 0.036103 0.0344789 0.0361929 0.0294015 0.0349405 0.0354519 4.480709e-03 0.677
N:7 Run:3 0.0380651 0.0338504 0.0376576 0.0451419 0.0472004 0.0488701 0.0481841 0.0484562 0.0475278 0.0477433 0.0484955 0.0477352 0.0472097 0.0392932 0.0384162 0.0361887 0.033525 0.0356089 0.0350857 0.0312754 0.0353703 4.480709e-03 0.677
N:7 Run:4 0.0815335 0.0365476 0.029095 0.0228191 0.0218457 0.0226575 0.0202736 0.0218092 0.0235001 0.0215417 0.022983 0.0234222 0.0313118 0.0340421 0.0352372 0.0377788 0.0328854 0.0350154 0.0319855 0.0323234 0.036235 4.480709e-03 0.677
N:7 Run:5 0.0437617 0.0359235 0.0317348 0.0303328 0.0291388 0.0310197 0.0331372 0.0306648 0.0317055 0.0316357 0.0314307 0.0273087 0.0414991 0.0354772 0.035175 0.0327094 0.0343014 0.037883 0.0313583 0.0347503 0.0354968 4.480709e-03 0.677
N:7 Run:6 0.0357112 0.0397053 0.0350299 0.0405733 0.0396623 0.041449 0.0417423 0.0452084 0.0444718 0.04068 0.0391505 0.0406309 0.0375201 0.0351105 0.0345713 0.0318409 0.0317859 0.032078 0.0303261 0.0348548 0.0345596 4.480709e-03 0.677
N:7 Run:7 0.0133364 0.0297193 0.0318247 0.0334936 0.0304795 0.037026 0.0374458 0.0428012 0.0408427 0.0384301 0.0343167 0.0379561 0.0365753 0.0357405 0.0299236 0.0327395 0.0364536 0.0335315 0.0313 0.0329452 0.0352334 4.480709e-03 0.677
N:7 Run:8 0.0155512 0.0339851 0.0344926 0.0372778 0.0352888 0.0360803 0.035388 0.0368684 0.0354541 0.0322961 0.0328175 0.0355774 0.035115 0.0359183 0.0355031 0.0372639 0.0354647 0.0360394 0.0326846 0.032013 0.0352297 4.480709e-03 0.677
N:7 Run:9 0.0175307 0.0326265 0.0271911 0.0238327 0.0217464 0.0235747 0.0254777 0.0205194 0.0208047 0.0251328 0.023248 0.0225151 0.0316323 0.0396682 0.0339376 0.0370065 0.0357853 0.0347616 0.0325307 0.0331087 0.0362804 4.480709e-03 0.677
N:8 Run:0 0.0263338 0.0343173 0.0286587 0.0233793 0.0220107 0.0249464 0.0224748 0.0263703 0.021966 0.0245054 0.021102 0.0227245 0.0304017 0.0332715 0.0346972 0.037021 0.0350575 0.0381113 0.0372365 0.0369546 0.035621 4.470295e-03 0.620
N:8 Run:1 0.0249258 0.0326145 0.0319116 0.0324513 0.0319297 0.0317032 0.0346719 0.0343873 0.0316804 0.0313436 0.0342949 0.0329245 0.035925 0.0311317 0.033801 0.0348785 0.0347135 0.0338444 0.0375142 0.0374475 0.0384961 4.470295e-03 0.620
N:8 Run:2 0.0373837 0.0369383 0.0358931 0.0316563 0.034368 0.0330974 0.0360645 0.0313135 0.0330898 0.0366226 0.0369522 0.0319747 0.0336046 0.0344531 0.0332986 0.036103 0.0344789 0.0361929 0.0294015 0.0349405 0.0354519 4.470295e-03 0.620
N:8 Run:3 0.0380651 0.0338504 0.0376576 0.0451419 0.0472004 0.0488701 0.0481841 0.0484562 0.0475278 0.0477433 0.0484955 0.0477352 0.0472097 0.0392932 0.0384162 0.0361887 0.033525 0.0356089 0.0350857 0.0312754 0.0353703 4.470295e-03 0.620
N:8 Run:4 0.0815335 0.0365476 0.029095 0.0228191 0.0218457 0.0226575 0.0202736 0.0218092 0.0235001 0.0215417 0.022983 0.0234222 0.0313118 0.0340421 0.0352372 0.0377788 0.0328854 0.0350154 0.0319855 0.0323234 0.036235 4.470295e-03 0.620
N:8 Run:5 0.0437617 0.0359235 0.0317348 0.0303328 0.0291388 0.0310197 0.0331372 0.0306648 0.0317055 0.0316357 0.0314307 0.0273087 0.0414991 0.0354772 0.035175 0.0327094 0.0343014 0.037883 0.0313583 0.0347503 0.0354968 4.470295e-03 0.620
N:8 Run:6 0.0357112 0.0397053 0.0350299 0.0405733 0.0396623 0.041449 0.0417423 0.0452084 0.0444718 0.04068 0.0391505 0.0406309 0.0375201 0.0351105 0.0345713 0.0318409 0.0317859 0.032078 0.0303261 0.0348548 0.0345596 4.470295e-03 0.620
N:8 Run:7 0.0133364 0.0297193 0.0318247 0.0334936 0.0304795 0.037026 0.0374458 0.0428012 0.0408427 0.0384301 0.0343167 0.0379561 0.0365753 0.0357405 0.0299236 0.0327395 0.0364536 0.0335315 0.0313 0.0329452 0.0352334 4.470295e-03 0.620
N:8 Run:8 0.0155512 0.0339851 0.0344926 0.0372778 0.0352888 0.0360803 0.035388 0.0368684 0.0354541 0.0322961 0.0328175 0.0355774 0.035115 0.0359183 0.0355031 0.0372639 0.0354647 0.0360394 0.0326846 0.032013 0.0352297 4.470295e-03 0.620
N:8 Run:9 0.0175307 0.0326265 0.0271911 0.0238327 0.0217464 0.0235747 0.0254777 0.0205194 0.0208047 0.0251328 0.023248 0.0225151 0.0316323 0.0396682 0.0339376 0.0370065 0.0357853 0.0347616 0.0325307 0.0331087 0.0362804 4.470295e-03 0.620
N:9 Run:0 0.0263338 0.0343173 0.0286587 0.0233793 0.0220107 0.0249464 0.0224748 0.0263703 0.021966 0.0245054 0.021102 0.0227245 0.0304017 0.0332715 0.0346972 0.037021 0.0350575 0.0381113 0.0372365 0.0369546 0.035621 4.522760e-03 0.627
N:9 Run:1 0.0249258 0.0326145 0.0319116 0.0324513 0.0319297 0.0317032 0.0346719 0.0343873 0.0316804 0.0313436 0.0342949 0.0329245 0.035925 0.0311317 0.033801 0.0348785 0.0347135 0.0338444 0.0375142 0.0374475 0.0384961 4.522760e-03 0.627
N:9 Run:2 0.0373837 0.0369383 0.0358931 0.0316563 0.034368 0.0330974 0.0360645 0.0313135 0.0330898 0.0366226 0.0369522 0.0319747 0.0336046 0.0344531 0.0332986 0.036103 0.0344789 0.0361929 0.0294015 0.0349405 0.0354519 4.522760e-03 0.627
N:9 Run:3 0.0380651 0.0338504 0.0376576 0.0451419 0.0472004 0.0488701 0.0481841 0.0484562 0.0475278 0.0477433 0.0484955 0.0477352 0.0472097 0.0392932 0.0384162 0.0361887 0.033525 0.0356089 0.0350857 0.0312754 0.0353703 4.522760e-03 0.627
N:9 Run:4 0.0815335 0.0365476 0.029095 0.0228191 0.0218457 0.0226575 0.0202736 0.0218092 0.0235001 0.0215417 0.022983 0.0234222 0.0313118 0.0340421 0.0352372 0.0377788 0.0328854 0.0350154 0.0319855 0.0323234 0.036235 4.522760e-03 0.627
N:9 Run:5 0.0437617 0.0359235 0.0317348 0.0303328 0.0291388 0.0310197 0.0331372 0.0306648 0.0317055 0.0316357 0.0314307 0.0273087 0.0414991 0.0354772 0.035175 0.0327094 0.0343014 0.037883 0.0313583 0.0347503 0.0354968 4.522760e-03 0.627
N:9 Run:6 0.0357112 0.0397053 0.0350299 0.0405733 0.0396623 0.041449 0.0417423 0.0452084 0.0444718 0.04068 0.0391505 0.0406309 0.0375201 0.0351105 0.0345713 0.0318409 0.0317859 0.032078 0.0303261 0.0348548 0.0345596 4.522760e-03 0.627
N:9 Run:7 0.0133364 0.0297193 0.0318247 0.0334936 0.0304795 0.037026 0.0374458 0.0428012 0.0408427 0.0384301 0.0343167 0.0379561 0.0365753 0.0357405 0.0299236 0.0327395 0.0364536 0.0335315 0.0313 0.0329452 0.0352334 4.522760e-03 0.627
N:9 Run:8 0.0155512 0.0339851 0.0344926 0.0372778 0.0352888 0.0360803 0.035388 0.0368684 0.0354541 0.0322961 0.0328175 0.0355774 0.035115 0.0359183 0.0355031 0.0372639 0.0354647 0.0360394 0.0326846 0.032013 0.0352297 4.522760e-03 0.627
N:9 Run:9 0.0175307 0.0326265 0.0271911 0.0238327 0.0217464 0.0235747 0.0254777 0.0205194 0.0208047 0.0251328 0.023248 0.0225151 0.0316323 0.0396682 0.0339376 0.0370065 0.0357853 0.0347616 0.0325307 0.0331087 0.0362804 4.522760e-03 0.627
N:10 Run:0 0.0263338 0.0343173 0.0286587 0.0233793 0.0220107 0.0249464 0.0224748 0.0263703 0.021966 0.0245054 0.021102 0.0227245 0.0304017 0.0332715 0.0346972 0.037021 0.0350575 0.0381113 0.0372365 0.0369546 0.035621 4.466703e-03 0.623
N:10 Run:1 0.0249258 0.0326145 0.0319116 0.0324513 0.0319297 0.0317032 0.0346719 0.0343873 0.0316804 0.0313436 0.0342949 0.0329245 0.035925 0.0311317 0.033801 0.0348785 0.0347135 0.0338444 0.0375142 0.0374475 0.0384961 4.466703e-03 0.623
N:10 Run:2 0.0373837 0.0369383 0.0358931 0.0316563 0.034368 0.0330974 0.0360645 0.0313135 0.0330898 0.0366226 0.0369522 0.0319747 0.0336046 0.0344531 0.0332986 0.036103 0.0344789 0.0361929 0.0294015 0.0349405 0.0354519 4.466703e-03 0.623
N:10 Run:3 0.0380651 0.0338504 0.0376576 0.0451419 0.0472004 0.0488701 0.0481841 0.0484562 0.0475278 0.0477433 0.0484955 0.0477352 0.0472097 0.0392932 0.0384162 0.0361887 0.033525 0.0356089 0.0350857 0.0312754 0.0353703 4.466703e-03 0.623
N:10 Run:4 0.0815335 0.0365476 0.029095 0.0228191 0.0218457 0.0226575 0.0202736 0.0218092 0.0235001 0.0215417 0.022983 0.0234222 0.0313118 0.0340421 0.0352372 0.0377788 0.0328854 0.0350154 0.0319855 0.0323234 0.036235 4.466703e-03 0.623
N:10 Run:5 0.0437617 0.0359235 0.0317348 0.0303328 0.0291388 0.0310197 0.0331372 0.0306648 0.0317055 0.0316357 0.0314307 0.0273087 0.0414991 0.0354772 0.035175 0.0327094 0.0343014 0.037883 0.0313583 0.0347503 0.0354968 4.466703e-03 0.623
N:10 Run:6 0.0357112 0.0397053 0.0350299 0.0405733 0.0396623 0.041449 0.0417423 0.0452084 0.0444718 0.04068 0.0391505 0.0406309 0.0375201 0.0351105 0.0345713 0.0318409 0.0317859 0.032078 0.0303261 0.0348548 0.0345596 4.466703e-03 0.623
N:10 Run:7 0.0133364 0.0297193 0.0318247 0.0334936 0.0304795 0.037026 0.0374458 0.0428012 0.0408427 0.0384301 0.0343167 0.0379561 0.0365753 0.0357405 0.0299236 0.0327395 0.0364536 0.0335315 0.0313 0.0329452 0.0352334 4.466703e-03 0.623
N:10 Run:8 0.0155512 0.0339851 0.0344926 0.0372778 0.0352888 0.0360803 0.035388 0.0368684 0.0354541 0.0322961 0.0328175 0.0355774 0.035115 0.0359183 0.0355031 0.0372639 0.0354647 0.0360394 0.0326846 0.032013 0.0352297 4.466703e-03 0.623
N:10 Run:9 0.0175307 0.0326265 0.0271911 0.0238327 0.0217464 0.0235747 0.0254777 0.0205194 0.0208047 0.0251328 0.023248 0.0225151 0.0316323 0.0396682 0.0339376 0.0370065 0.0357853 0.0347616 0.0325307 0.0331087 0.0362804 4.466703e-03 0.623
N:11 Run:0 0.0263338 0.0343173 0.0286587 0.0233793 0.0220107 0.0249464 0.0224748 0.0263703 0.021966 0.0245054 0.021102 0.0227245 0.0304017 0.0332715 0.0346972 0.037021 0.0350575 0.0381113 0.0372365 0.0369546 0.035621 4.513195e-03 0.688
N:11 Run:1 0.0249258 0.0326145 0.0319116 0.0324513 0.0319297 0.0317032 0.0346719 0.0343873 0.0316804 0.0313436 0.0342949 0.0329245 0.035925 0.0311317 0.033801 0.0348785 0.0347135 0.0338444 0.0375142 0.0374475 0.0384961 4.513195e-03 0.688
N:11 Run:2 0.0373837 0.0369383 0.0358931 0.0316563 0.034368 0.0330974 0.0360645 0.0313135 0.0330898 0.0366226 0.0369522 0.0319747 0.0336046 0.0344531 0.0332986 0.036103 0.0344789 0.0361929 0.0294015 0.0349405 0.0354519 4.513195e-03 0.688
N:11 Run:3 0.0380651 0.0338504 0.0376576 0.0451419 0.0472004 0.0488701 0.0481841 0.0484562 0.0475278 0.0477433 0.0484955 0.0477352 0.0472097 0.0392932 0.0384162 0.0361887 0.033525 0.0356089 0.0350857 0.0312754 0.0353703 4.513195e-03 0.688
N:11 Run:4 0.0815335 0.0365476 0.029095 0.0228191 0.0218457 0.0226575 0.0202736 0.0218092 0.0235001 0.0215417 0.022983 0.0234222 0.0313118 0.0340421 0.0352372 0.0377788 0.0328854 0.0350154 0.0319855 0.0323234 0.036235 4.513195e-03 0.688
N:11 Run:5 0.0437617 0.0359235 0.0317348 0.0303328 0.0291388 0.0310197 0.0331372 0.0306648 0.0317055 0.0316357 0.0314307 0.0273087 0.0414991 0.0354772 0.035175 0.0327094 0.0343014 0.037883 0.0313583 0.0347503 0.0354968 4.513195e-03 0.688
N:11 Run:6 0.0357112 0.0397053 0.0350299 0.0405733 0.0396623 0.041449 0.0417423 0.0452084 0.0444718 0.04068 0.0391505 0.0406309 0.0375201 0.0351105 0.0345713 0.0318409 0.0317859 0.032078 0.0303261 0.0348548 0.0345596 4.513195e-03 0.688
N:11 Run:7 0.0133364 0.0297193 0.0318247 0.0334936 0.0304795 0.037026 0.0374458 0.0428012 0.0408427 0.0384301 0.0343167 0.0379561 0.0365753 0.0357405 0.0299236 0.0327395 0.0364536 0.0335315 0.0313 0.0329452 0.0352334 4.513195e-03 0.688
N:11 Run:8 0.0155512 0.0339851 0.0344926 0.0372778 0.0352888 0.0360803 0.035388 0.0368684 0.0354541 0.0322961 0.0328175 0.0355774 0.035115 0.0359183 0.0355031 0.0372639 0.0354647 0.0360394 0.0326846 0.032013 0.0352297 4.513195e-03 0.688
N:11 Run:9 0.0175307 0.0326265 0.0271911 0.0238327 0.0217464 0.0235747 0.0254777 0.0205194 0.0208047 0.0251328 0.023248 0.0225151 0.0316323 0.0396682 0.0339376 0.0370065 0.0357853 0.0347616 0.0325307 0.0331087 0.0362804 4.513195e-03 0.688
N:12 Run:0 0.0263338 0.0343173 0.0286587 0.0233793 0.0220107 0.0249464 0.0224748 0.0263703 0.021966 0.0245054 0.021102 0.0227245 0.0304017 0.0332715 0.0346972 0.037021 0.0350575 0.0381113 0.0372365 0.0369546 0.035621 4.500765e-03 0.681
N:12 Run:1 0.0249258 0.0326145 0.0319116 0.0324513 0.0319297 0.0317032 0.0346719 0.0343873 0.0316804 0.0313436 0.0342949 0.0329245 0.035925 0.0311317 0.033801 0.0348785 0.0347135 0.0338444 0.0375142 0.0374475 0.0384961 4.500765e-03 0.681
N:12 Run:2 0.0373837 0.0369383 0.0358931 0.0316563 0.034368 0.0330974 0.0360645 0.0313135 0.0330898 0.0366226 0.0369522 0.0319747 0.0336046 0.0344531 0.0332986 0.036103 0.0344789 0.0361929 0.0294015 0.0349405 0.0354519 4.500765e-03 0.681
N:12 Run:3 0.0380651 0.0338504 0.0376576 0.0451419 0.0472004 0.0488701 0.0481841 0.0484562 0.0475278 0.0477433 0.0484955 0.0477352 0.0472097 0.0392932 0.0384162 0.0361887 0.033525 0.0356089 0.0350857 0.0312754 0.0353703 4.500765e-03 0.681
N:12 Run:4 0.0815335 0.0365476 0.029095 0.0228191 0.0218457 0.0226575 0.0202736 0.0218092 0.0235001 0.0215417 0.022983 0.0234222 0.0313118 0.0340421 0.0352372 0.0377788 0.0328854 0.0350154 0.0319855 0.0323234 0.036235 4.500765e-03 0.681
N:12 Run:5 0.0437617 0.0359235 0.0317348 0.0303328 0.0291388 0.0310197 0.0331372 0.0306648 0.0317055 0.0316357 0.0314307 0.0273087 0.0414991 0.0354772 0.035175 0.0327094 0.0343014 0.037883 0.0313583 0.0347503 0.0354968 4.500765e-03 0.681
N:12 Run:6 0.0357112 0.0397053 0.0350299 0.0405733 0.0396623 0.041449 0.0417423 0.0452084 0.0444718 0.04068 0.0391505 0.0406309 0.0375201 0.0351105 0.0345713 0.0318409 0.0317859 0.032078 0.0303261 0.0348548 0.0345596 4.500765e-03 0.681
N:12 Run:7 0.0133364 0.0297193 0.0318247 0.0334936 0.0304795 0.037026 0.0374458 0.0428012 0.0408427 0.0384301 0.0343167 0.0379561 0.0365753 0.0357405 0.0299236 0.0327395 0.0364536 0.0335315 0.0313 0.0329452 0.0352334 4.500765e-03 0.681
N:12 Run:8 0.0155512 0.0339851 0.0344926 0.0372778 0.0352888 0.0360803 0.035388 0.0368684 0.0354541 0.0322961 0.0328175 0.0355774 0.035115 0.0359183 0.0355031 0.0372639 0.0354647 0.0360394 0.0326846 0.032013 0.0352297 4.500765e-03 0.681
N:12 Run:9 0.0175307 0.0326265 0.0271911 0.0238327 0.0217464 0.0235747 0.0254777 0.0205194 0.0208047 0.0251328 0.023248 0.0225151 0.0316323 0.0396682 0.0339376 0.0370065 0.0357853 0.0347616 0.0325307 0.0331087 0.0362804 4.500765e-03 0.681
N:13 Run:0 0.0263338 0.0343173 0.0286587 0.0233793 0.0220107 0.0249464 0.0224748 0.0263703 0.021966 0.0245054 0.021102 0.0227245 0.0304017 0.0332715 0.0346972 0.037021 0.0350575 0.0381113 0.0372365 0.0369546 0.035621 4.491820e-03 0.661
N:13 Run:1 0.0249258 0.0326145 0.0319116 0.0324513 0.0319297 0.0317032 0.0346719 0.0343873 0.0316804 0.0313436 0.0342949 0.0329245 0.035925 0.0311317 0.033801 0.0348785 0.0347135 0.0338444 0.0375142 0.0374475 0.0384961 4.491820e-03 0.661
N:13 Run:2 0.0373837 0.0369383 0.0358931 0.0316563 0.034368 0.0330974 0.0360645 0.0313135 0.0330898 0.0366226 0.0369522 0.0319747 0.0336046 0.0344531 0.0332986 0.036103 0.0344789 0.0361929 0.0294015 0.0349405 0.0354519 4.491820e-03 0.661
N:13 Run:3 0.0380651 0.0338504 0.0376576 0.0451419 0.0472004 0.0488701 0.0481841 0.0484562 0.0475278 0.0477433 0.0484955 0.0477352 0.0472097 0.0392932 0.0384162 0.0361887 0.033525 0.0356089 0.0350857 0.0312754 0.0353703 4.491820e-03 0.661
N:13 Run:4 0.0815335 0.0365476 0.029095 0.0228191 0.0218457 0.0226575 0.0202736 0.0218092 0.0235001 0.0215417 0.022983 0.0234222 0.0313118 0.0340421 0.0352372 0.0377788 0.0328854 0.0350154 0.0319855 0.0323234 0.036235 4.491820e-03 0.661
N:13 Run:5 0.0437617 0.0359235 0.0317348 0.0303328 0.0291388 0.0310197 0.0331372 0.0306648 0.0317055 0.0316357 0.0314307 0.0273087 0.0414991 0.0354772 0.035175 0.0327094 0.0343014 0.037883 0.0313583 0.0347503 0.0354968 4.491820e-03 0.661
N:13 Run:6 0.0357112 0.0397053 0.0350299 0.0405733 0.0396623 0.041449 0.0417423 0.0452084 0.0444718 0.04068 0.0391505 0.0406309 0.0375201 0.0351105 0.0345713 0.0318409 0.0317859 0.032078 0.0303261 0.0348548 0.0345596 4.491820e-03 0.661
N:13 Run:7 0.0133364 0.0297193 0.0318247 0.0334936 0.0304795 0.037026 0.0374458 0.0428012 0.0408427 0.0384301 0.0343167 0.0379561 0.0365753 0.0357405 0.0299236 0.0327395 0.0364536 0.0335315 0.0313 0.0329452 0.0352334 4.491820e-03 0.661
N:13 Run:8 0.0155512 0.0339851 0.0344926 0.0372778 0.0352888 0.0360803 0.035388 0.0368684 0.0354541 0.0322961 0.0328175 0.0355774 0.035115 0.0359183 0.0355031 0.0372639 0.0354647 0.0360394 0.0326846 0.032013 0.0352297 4.491820e-03 0.661
N:13 Run:9 0.0175307 0.0326265 0.0271911 0.0238327 0.0217464 0.0235747 0.0254777 0.0205194 0.0208047 0.0251328 0.023248 0.0225151 0.0316323 0.0396682 0.0339376 0.0370065 0.0357853 0.0347616 0.0325307 0.0331087 0.0362804 4.491820e-03 0.661
N:14 Run:0 0.0263338 0.0343173 0.0286587 0.0233793 0.0220107 0.0249464 0.0224748 0.0263703 0.021966 0.0245054 0.021102 0.0227245 0.0304017 0.0332715 0.0346972 0.037021 0.0350575 0.0381113 0.0372365 0.0369546 0.035621 4.451656e-03 0.628
N:14 Run:1 0.0249258 0.0326145 0.0319116 0.0324513 0.0319297 0.0317032 0.0346719 0.0343873 0.0316804 0.0313436 0.0342949 0.0329245 0.035925 0.0311317 0.033801 0.0348785 0.0347135 0.0338444 0.0375142 0.0374475 0.0384961 4.451656e-03 0.628
N:14 Run:2 0.0373837 0.0369383 0.0358931 0.0316563 0.034368 0.0330974 0.0360645 0.0313135 0.0330898 0.0366226 0.0369522 0.0319747 0.0336046 0.0344531 0.0332986 0.036103 0.0344789 0.0361929 0.0294015 0.0349405 0.0354519 4.451656e-03 0.628
N:14 Run:3 0.0380651 0.0338504 0.0376576 0.0451419 0.0472004 0.0488701 0.0481841 0.0484562 0.0475278 0.0477433 0.0484955 0.0477352 0.0472097 0.0392932 0.0384162 0.0361887 0.033525 0.0356089 0.0350857 0.0312754 0.0353703 4.451656e-03 0.628
N:14 Run:4 0.0815335 0.0365476 0.029095 0.0228191 0.0218457 0.0226575 0.0202736 0.0218092 0.0235001 0.0215417 0.022983 0.0234222 0.0313118 0.0340421 0.0352372 0.0377788 0.0328854 0.0350154 0.0319855 0.0323234 0.036235 4.451656e-03 0.628
N:14 Run:5 0.0437617 0.0359235 0.0317348 0.0303328 0.0291388 0.0310197 0.0331372 0.0306648 0.0317055 0.0316357 0.0314307 0.0273087 0.0414991 0.0354772 0.035175 0.0327094 0.0343014 0.037883 0.0313583 0.0347503 0.0354968 4.451656e-03 0.628
N:14 Run:6 0.0357112 0.0397053 0.0350299 0.0405733 0.0396623 0.041449 0.0417423 0.0452084 0.0444718 0.04068 0.0391505 0.0406309 0.0375201 0.0351105 0.0345713 0.0318409 0.0317859 0.032078 0.0303261 0.0348548 0.0345596 4.451656e-03 0.628
N:14 Run:7 0.0133364 0.0297193 0.0318247 0.0334936 0.0304795 0.037026 0.0374458 0.0428012 0.0408427 0.0384301 0.0343167 0.0379561 0.0365753 0.0357405 0.0299236 0.0327395 0.0364536 0.0335315 0.0313 0.0329452 0.0352334 4.451656e-03 0.628
N:14 Run:8 0.0155512 0.0339851 0.0344926 0.0372778 0.0352888 0.0360803 0.035388 0.0368684 0.0354541 0.0322961 0.0328175 0.0355774 0.035115 0.0359183 0.0355031 0.0372639 0.0354647 0.0360394 0.0326846 0.032013 0.0352297 4.451656e-03 0.628
N:14 Run:9 0.0175307 0.0326265 0.0271911 0.0238327 0.0217464 0.0235747 0.0254777 0.0205194 0.0208047 0.0251328 0.023248 0.0225151 0.0316323 0.0396682 0.0339376 0.0370065 0.0357853 0.0347616 0.0325307 0.0331087 0.0362804 4.451656e-03 0.628
N:15 Run:0 0.0263338 0.0343173 0.0286587 0.0233793 0.0220107 0.0249464 0.0224748 0.0263703 0.021966 0.0245054 0.021102 0.0227245 0.0304017 0.0332715 0.0346972 0.037021 0.0350575 0.0381113 0.0372365 0.0369546 0.035621 4.721305e-03 0.560
N:15 Run:1 0.0249258 0.0326145 0.0319116 0.0324513 0.0319297 0.0317032 0.0346719 0.0343873 0.0316804 0.0313436 0.0342949 0.0329245 0.035925 0.0311317 0.033801 0.0348785 0.0347135 0.0338444 0.0375142 0.0374475 0.0384961 4.721305e-03 0.560
N:15 Run:2 0.0373837 0.0369383 0.0358931 0.0316563 0.034368 0.0330974 0.0360645 0.0313135 0.0330898 0.0366226 0.0369522 0.0319747 0.0336046 0.0344531 0.0332986 0.036103 0.0344789 0.0361929 0.0294015 0.0349405 0.0354519 4.721305e-03 0.560
N:15 Run:3 0.0380651 0.0338504 0.0376576 0.0451419 0.0472004 0.0488701 0.0481841 0.0484562 0.0475278 0.0477433 0.0484955 0.0477352 0.0472097 0.0392932 0.0384162 0.0361887 0.033525 0.0356089 0.0350857 0.0312754 0.0353703 4.721305e-03 0.560
N:15 Run:4 0.0815335 0.0365476 0.029095 0.0228191 0.0218457 0.0226575 0.0202736 0.0218092 0.0235001 0.0215417 0.022983 0.0234222 0.0313118 0.0340421 0.0352372 0.0377788 0.0328854 0.0350154 0.0319855 0.0323234 0.036235 4.721305e-03 0.560
N:15 Run:5 0.0437617 0.0359235 0.0317348 0.0303328 0.0291388 0.0310197 0.0331372 0.0306648 0.0317055 0.0316357 0.0314307 0.0273087 0.0414991 0.0354772 0.035175 0.0327094 0.0343014 0.037883 0.0313583 0.0347503 0.0354968 4.721305e-03 0.560
N:15 Run:6 0.0357112 0.0397053 0.0350299 0.0405733 0.0396623 0.041449 0.0417423 0.0452084 0.0444718 0.04068 0.0391505 0.0406309 0.0375201 0.0351105 0.0345713 0.0318409 0.0317859 0.032078 0.0303261 0.0348548 0.0345596 4.721305e-03 0.560
N:15 Run:7 0.0133364 0.0297193 0.0318247 0.0334936 0.0304795 0.037026 0.0374458 0.0428012 0.0408427 0.0384301 0.0343167 0.0379561 0.0365753 0.0357405 0.0299236 0.0327395 0.0364536 0.0335315 0.0313 0.0329452 0.0352334 4.721305e-03 0.560
N:15 Run:8 0.0155512 0.0339851 0.0344926 0.0372778 0.0352888 0.0360803 0.035388 0.0368684 0.0354541 0.0322961 0.0328175 0.0355774 0.035115 0.0359183 0.0355031 0.0372639 0.0354647 0.0360394 0.0326846 0.032013 0.0352297 4.721305e-03 0.560
N:15 Run:9 0.0175307 0.0326265 0.0271911 0.0238327 0.0217464 0.0235747 0.0254777 0.0205194 0.0208047 0.0251328 0.023248 0.0225151 0.0316323 0.0396682 0.0339376 0.0370065 0.0357853 0.0347616 0.0325307 0.0331087 0.0362804 4.721305e-03 0.560
N:16 Run:0 0.0263338 0.0343173 0.0286587 0.0233793 0.0220107 0.0249464 0.0224748 0.0263703 0.021966 0.0245054 0.021102 0.0227245 0.0304017 0.0332715 0.0346972 0.037021 0.0350575 0.0381113 0.0372365 0.0369546 0.035621 4.496647e-03 0.662
N:16 Run:1 0.0249258 0.0326145 0.0319116 0.0324513 0.0319297 0.0317032 0.0346719 0.0343873 0.0316804 0.0313436 0.0342949 0.0329245 0.035925 0.0311317 0.033801 0.0348785 0.0347135 0.0338444 0.0375142 0.0374475 0.0384961 4.496647e-03 0.662
N:16 Run:2 0.0373837 0.0369383 0.0358931 0.0316563 0.034368 0.0330974 0.0360645 0.0313135 0.0330898 0.0366226 0.0369522 0.0319747 0.0336046 0.0344531 0.0332986 0.036103 0.0344789 0.0361929 0.0294015 0.0349405 0.0354519 4.496647e-03 0.662
N:16 Run:3 0.0380651 0.0338504 0.0376576 0.0451419 0.0472004 0.0488701 0.0481841 0.0484562 0.0475278 0.0477433 0.0484955 0.0477352 0.0472097 0.0392932 0.0384162 0.0361887 0.033525 0.0356089 0.0350857 0.0312754 0.0353703 4.496647e-03 0.662
N:16 Run:4 0.0815335 0.0365476 0.029095 0.0228191 0.0218457 0.0226575 0.0202736 0.0218092 0.0235001 0.0215417 0.022983 0.0234222 0.0313118 0.0340421 0.0352372 0.0377788 0.0328854 0.0350154 0.0319855 0.0323234 0.036235 4.496647e-03 0.662
N:16 Run:5 0.0437617 0.0359235 0.0317348 0.0303328 0.0291388 0.0310197 0.0331372 0.0306648 0.0317055 0.0316357 0.0314307 0.0273087 0.0414991 0.0354772 0.035175 0.0327094 0.0343014 0.037883 0.0313583 0.0347503 0.0354968 4.496647e-03 0.662
N:16 Run:6 0.0357112 0.0397053 0.0350299 0.0405733 0.0396623 0.041449 0.0417423 0.0452084 0.0444718 0.04068 0.0391505 0.0406309 0.0375201 0.0351105 0.0345713 0.0318409 0.0317859 0.032078 0.0303261 0.0348548 0.0345596 4.496647e-03 0.662
N:16 Run:7 0.0133364 0.0297193 0.0318247 0.0334936 0.0304795 0.037026 0.0374458 0.0428012 0.0408427 0.0384301 0.0343167 0.0379561 0.0365753 0.0357405 0.0299236 0.0327395 0.0364536 0.0335315 0.0313 0.0329452 0.0352334 4.496647e-03 0.662
N:16 Run:8 0.0155512 0.0339851 0.0344926 0.0372778 0.0352888 0.0360803 0.035388 0.0368684 0.0354541 0.0322961 0.0328175 0.0355774 0.035115 0.0359183 0.0355031 0.0372639 0.0354647 0.0360394 0.0326846 0.032013 0.0352297 4.496647e-03 0.662
N:16 Run:9 0.0175307 0.0326265 0.0271911 0.0238327 0.0217464 0.0235747 0.0254777 0.0205194 0.0208047 0.0251328 0.023248 0.0225151 0.0316323 0.0396682 0.0339376 0.0370065 0.0357853 0.0347616 0.0325307 0.0331087 0.0362804 4.496647e-03 0.662
N:17 Run:0 0.0263338 0.0343173 0.0286587 0.0233793 0.0220107 0.0249464 0.0224748 0.0263703 0.021966 0.0245054 0.021102 0.0227245 0.0304017 0.0332715 0.0346972 0.037021 0.0350575 0.0381113 0.0372365 0.0369546 0.035621 4.470595e-03 0.642
N:17 Run:1 0.0249258 0.0326145 0.0319116 0.0324513 0.0319297 0.0317032 0.0346719 0.0343873 0.0316804 0.0313436 0.0342949 0.0329245 0.035925 0.0311317 0.033801 0.0348785 0.0347135 0.0338444 0.0375142 0.0374475 0.0384961 4.470595e-03 0.642
N:17 Run:2 0.0373837 0.0369383 0.0358931 0.0316563 0.034368 0.0330974 0.0360645 0.0313135 0.0330898 0.0366226 0.0369522 0.0319747 0.0336046 0.0344531 0.0332986 0.036103 0.0344789 0.0361929 0.0294015 0.0349405 0.0354519 4.470595e-03 0.642
N:17 Run:3 0.0380651 0.0338504 0.0376576 0.0451419 0.0472004 0.0488701 0.0481841 0.0484562 0.0475278 0.0477433 0.0484955 0.0477352 0.0472097 0.0392932 0.0384162 0.0361887 0.033525 0.0356089 0.0350857 0.0312754 0.0353703 4.470595e-03 0.642
N:17 Run:4 0.0815335 0.0365476 0.029095 0.0228191 0.0218457 0.0226575 0.0202736 0.0218092 0.0235001 0.0215417 0.022983 0.0234222 0.0313118 0.0340421 0.0352372 0.0377788 0.0328854 0.0350154 0.0319855 0.0323234 0.036235 4.470595e-03 0.642
N:17 Run:5 0.0437617 0.0359235 0.0317348 0.0303328 0.0291388 0.0310197 0.0331372 0.0306648 0.0317055 0.0316357 0.0314307 0.0273087 0.0414991 0.0354772 0.035175 0.0327094 0.0343014 0.037883 0.0313583 0.0347503 0.0354968 4.470595e-03 0.642
N:17 Run:6 0.0357112 0.0397053 0.0350299 0.0405733 0.0396623 0.041449 0.0417423 0.0452084 0.0444718 0.04068 0.0391505 0.0406309 0.0375201 0.0351105 0.0345713 0.0318409 0.0317859 0.032078 0.0303261 0.0348548 0.0345596 4.470595e-03 0.642
N:17 Run:7 0.0133364 0.0297193 0.0318247 0.0334936 0.0304795 0.037026 0.0374458 0.0428012 0.0408427 0.0384301 0.0343167 0.0379561 0.0365753 0.0357405 0.0299236 0.0327395 0.0364536 0.0335315 0.0313 0.0329452 0.0352334 4.470595e-03 0.642
N:17 Run:8 0.0155512 0.0339851 0.0344926 0.0372778 0.0352888 0.0360803 0.035388 0.0368684 0.0354541 0.0322961 0.0328175 0.0355774 0.035115 0.0359183 0.0355031 0.0372639 0.0354647 0.0360394 0.0326846 0.032013 0.0352297 4.470595e-03 0.642
N:17 Run:9 0.0175307 0.0326265 0.0271911 0.0238327 0.0217464 0.0235747 0.0254777 0.0205194 0.0208047 0.0251328 0.023248 0.0225151 0.0316323 0.0396682 0.0339376 0.0370065 0.0357853 0.0347616 0.0325307 0.0331087 0.0362804 4.470595e-03 0.642
N:18 Run:0 0.0263338 0.0343173 0.0286587 0.0233793 0.0220107 0.0249464 0.0224748 0.0263703 0.021966 0.0245054 0.021102 0.0227245 0.0304017 0.0332715 0.0346972 0.037021 0.0350575 0.0381113 0.0372365 0.0369546 0.035621 4.728011e-03 0.575
N:18 Run:1 0.0249258 0.0326145 0.0319116 0.0324513 0.0319297 0.0317032 0.0346719 0.0343873 0.0316804 0.0313436 0.0342949 0.0329245 0.035925 0.0311317 0.033801 0.0348785 0.0347135 0.0338444 0.0375142 0.0374475 0.0384961 4.728011e-03 0.575
N:18 Run:2 0.0373837 0.0369383 0.0358931 0.0316563 0.034368 0.0330974 0.0360645 0.0313135 0.0330898 0.0366226 0.0369522 0.0319747 0.0336046 0.0344531 0.0332986 0.036103 0.0344789 0.0361929 0.0294015 0.0349405 0.0354519 4.728011e-03 0.575
N:18 Run:3 0.0380651 0.0338504 0.0376576 0.0451419 0.0472004 0.0488701 0.0481841 0.0484562 0.0475278 0.0477433 0.0484955 0.0477352 0.0472097 0.0392932 0.0384162 0.0361887 0.033525 0.0356089 0.0350857 0.0312754 0.0353703 4.728011e-03 0.575
N:18 Run:4 0.0815335 0.0365476 0.029095 0.0228191 0.0218457 0.0226575 0.0202736 0.0218092 0.0235001 0.0215417 0.022983 0.0234222 0.0313118 0.0340421 0.0352372 0.0377788 0.0328854 0.0350154 0.0319855 0.0323234 0.036235 4.728011e-03 0.575
N:18 Run:5 0.0437617 0.0359235 0.0317348 0.0303328 0.0291388 0.0310197 0.0331372 0.0306648 0.0317055 0.0316357 0.0314307 0.0273087 0.0414991 0.0354772 0.035175 0.0327094 0.0343014 0.037883 0.0313583 0.0347503 0.0354968 4.728011e-03 0.575
N:18 Run:6 0.0357112 0.0397053 0.0350299 0.0405733 0.0396623 0.041449 0.0417423 0.0452084 0.0444718 0.04068 0.0391505 0.0406309 0.0375201 0.0351105 0.0345713 0.0318409 0.0317859 0.032078 0.0303261 0.0348548 0.0345596 4.728011e-03 0.575
N:18 Run:7 0.0133364 0.0297193 0.0318247 0.0334936 0.0304795 0.037026 0.0374458 0.0428012 0.0408427 0.0384301 0.0343167 0.0379561 0.0365753 0.0357405 0.0299236 0.0327395 0.0364536 0.0335315 0.0313 0.0329452 0.0352334 4.728011e-03 0.575
N:18 Run:8 0.0155512 0.0339851 0.0344926 0.0372778 0.0352888 0.0360803 0.035388 0.0368684 0.0354541 0.0322961 0.0328175 0.0355774 0.035115 0.0359183 0.0355031 0.0372639 0.0354647 0.0360394 0.0326846 0.032013 0.0352297 4.728011e-03 0.575
N:18 Run:9 0.0175307 0.0326265 0.0271911 0.0238327 0.0217464 0.0235747 0.0254777 0.0205194 0.0208047 0.0251328 0.023248 0.0225151 0.0316323 0.0396682 0.0339376 0.0370065 0.0357853 0.0347616 0.0325307 0.0331087 0.0362804 4.728011e-03 0.575
N:19 Run:0 0.0263338 0.0343173 0.0286587 0.0233793 0.0220107 0.0249464 0.0224748 0.0263703 0.021966 0.0245054 0.021102 0.0227245 0.0304017 0.0332715 0.0346972 0.037021 0.0350575 0.0381113 0.0372365 0.0369546 0.035621 4.726842e-03 0.622
N:19 Run:1 0.0249258 0.0326145 0.0319116 0.0324513 0.0319297 0.0317032 0.0346719 0.0343873 0.0316804 0.0313436 0.0342949 0.0329245 0.035925 0.0311317 0.033801 0.0348785 0.0347135 0.0338444 0.0375142 0.0374475 0.0384961 4.726842e-03 0.622
N:19 Run:2 0.0373837 0.0369383 0.0358931 0.0316563 0.034368 0.0330974 0.0360645 0.0313135 0.0330898 0.0366226 0.0369522 0.0319747 0.0336046 0.0344531 0.0332986 0.036103 0.0344789 0.0361929 0.0294015 0.0349405 0.0354519 4.726842e-03 0.622
N:19 Run:3 0.0380651 0.0338504 0.0376576 0.0451419 0.0472004 0.0488701 0.0481841 0.0484562 0.0475278 0.0477433 0.0484955 0.0477352 0.0472097 0.0392932 0.0384162 0.0361887 0.033525 0.0356089 0.0350857 0.0312754 0.0353703 4.726842e-03 0.622
N:19 Run:4 0.0815335 0.0365476 0.029095 0.0228191 0.0218457 0.0226575 0.0202736 0.0218092 0.0235001 0.0215417 0.022983 0.0234222 0.0313118 0.0340421 0.0352372 0.0377788 0.0328854 0.0350154 0.0319855 0.0323234 0.036235 4.726842e-03 0.622
N:19 Run:5 0.0437617 0.0359235 0.0317348 0.0303328 0.0291388 0.0310197 0.0331372 0.0306648 0.0317055 0.0316357 0.0314307 0.0273087 0.0414991 0.0354772 0.035175 0.0327094 0.0343014 0.037883 0.0313583 0.0347503 0.0354968 4.726842e-03 0.622
N:19 Run:6 0.0357112 0.0397053 0.0350299 0.0405733 0.0396623 0.041449 0.0417423 0.0452084 0.0444718 0.04068 0.0391505 0.0406309 0.0375201 0.0351105 0.0345713 0.0318409 0.0317859 0.032078 0.0303261 0.0348548 0.0345596 4.726842e-03 0.622
N:19 Run:7 0.0133364 0.0297193 0.0318247 0.0334936 0.0304795 0.037026 0.0374458 0.0428012 0.0408427 0.0384301 0.0343167 0.0379561 0.0365753 0.0357405 0.0299236 0.0327395 0.0364536 0.0335315 0.0313 0.0329452 0.0352334 4.726842e-03 0.622
N:19 Run:8 0.0155512 0.0339851 0.0344926 0.0372778 0.0352888 0.0360803 0.035388 0.0368684 0.0354541 0.0322961 0.0328175 0.0355774 0.035115 0.0359183 0.0355031 0.0372639 0.0354647 0.0360394 0.0326846 0.032013 0.0352297 4.726842e-03 0.622
N:19 Run:9 0.0175307 0.0326265 0.0271911 0.0238327 0.0217464 0.0235747 0.0254777 0.0205194 0.0208047 0.0251328 0.023248 0.0225151 0.0316323 0.0396682 0.0339376 0.0370065 0.0357853 0.0347616 0.0325307 0.0331087 0.0362804 4.726842e-03 0.622
N:20 Run:0 0.0263338 0.0343173 0.0286587 0.0233793 0.0220107 0.0249464 0.0224748 0.0263703 0.021966 0.0245054 0.021102 0.0227245 0.0304017 0.0332715 0.0346972 0.037021 0.0350575 0.0381113 0.0372365 0.0369546 0.035621 4.486513e-03 0.658
N:20 Run:1 0.0249258 0.0326145 0.0319116 0.0324513 0.0319297 0.0317032 0.0346719 0.0343873 0.0316804 0.0313436 0.0342949 0.0329245 0.035925 0.0311317 0.033801 0.0348785 0.0347135 0.0338444 0.0375142 0.0374475 0.0384961 4.486513e-03 0.658
N:20 Run:2 0.0373837 0.0369383 0.0358931 0.0316563 0.034368 0.0330974 0.0360645 0.0313135 0.0330898 0.0366226 0.0369522 0.0319747 0.0336046 0.0344531 0.0332986 0.036103 0.0344789 0.0361929 0.0294015 0.0349405 0.0354519 4.486513e-03 0.658
N:20 Run:3 0.0380651 0.0338504 0.0376576 0.0451419 0.0472004 0.0488701 0.0481841 0.0484562 0.0475278 0.0477433 0.0484955 0.0477352 0.0472097 0.0392932 0.0384162 0.0361887 0.033525 0.0356089 0.0350857 0.0312754 0.0353703 4.486513e-03 0.658
N:20 Run:4 0.0815335 0.0365476 0.029095 0.0228191 0.0218457 0.0226575 0.0202736 0.0218092 0.0235001 0.0215417 0.022983 0.0234222 0.0313118 0.0340421 0.0352372 0.0377788 0.0328854 0.0350154 0.0319855 0.0323234 0.036235 4.486513e-03 0.658
N:20 Run:5 0.0437617 0.0359235 0.0317348 0.0303328 0.0291388 0.0310197 0.0331372 0.0306648 0.0317055 0.0316357 0.0314307 0.0273087 0.0414991 0.0354772 0.035175 0.0327094 0.0343014 0.037883 0.0313583 0.0347503 0.0354968 4.486513e-03 0.658
N:20 Run:6 0.0357112 0.0397053 0.0350299 0.0405733 0.0396623 0.041449 0.0417423 0.0452084 0.0444718 0.04068 0.0391505 0.0406309 0.0375201 0.0351105 0.0345713 0.0318409 0.0317859 0.032078 0.0303261 0.0348548 0.0345596 4.486513e-03 0.658
N:20 Run:7 0.0133364 0.0297193 0.0318247 0.0334936 0.0304795 0.037026 0.0374458 0.0428012 0.0408427 0.0384301 0.0343167 0.0379561 0.0365753 0.0357405 0.0299236 0.0327395 0.0364536 0.0335315 0.0313 0.0329452 0.0352334 4.486513e-03 0.658
N:20 Run:8 0.0155512 0.0339851 0.0344926 0.0372778 0.0352888 0.0360803 0.035388 0.0368684 0.0354541 0.0322961 0.0328175 0.0355774 0.035115 0.0359183 0.0355031 0.0372639 0.0354647 0.0360394 0.0326846 0.032013 0.0352297 4.486513e-03 0.658
N:20 Run:9 0.0175307 0.0326265 0.0271911 0.0238327 0.0217464 0.0235747 0.0254777 0.0205194 0.0208047 0.0251328 0.023248 0.0225151 0.0316323 0.0396682 0.0339376 0.0370065 0.0357853 0.0347616 0.0325307 0.0331087 0.0362804 4.486513e-03 0.658
N:21 Run:0 0.0263338 0.0343173 0.0286587 0.0233793 0.0220107 0.0249464 0.0224748 0.0263703 0.021966 0.0245054 0.021102 0.0227245 0.0304017 0.0332715 0.0346972 0.037021 0.0350575 0.0381113 0.0372365 0.0369546 0.035621 4.477270e-03 0.654
N:21 Run:1 0.0249258 0.0326145 0.0319116 0.0324513 0.0319297 0.0317032 0.0346719 0.0343873 0.0316804 0.0313436 0.0342949 0.0329245 0.035925 0.0311317 0.033801 0.0348785 0.0347135 0.0338444 0.0375142 0.0374475 0.0384961 4.477270e-03 0.654
N:21 Run:2 0.0373837 0.0369383 0.0358931 0.0316563 0.034368 0.0330974 0.0360645 0.0313135 0.0330898 0.0366226 0.0369522 0.0319747 0.0336046 0.0344531 0.0332986 0.036103 0.0344789 0.0361929 0.0294015 0.0349405 0.0354519 4.477270e-03 0.654
N:21 Run:3 0.0380651 0.0338504 0.0376576 0.0451419 0.0472004 0.0488701 0.0481841 0.0484562 0.0475278 0.0477433 0.0484955 0.0477352 0.0472097 0.0392932 0.0384162 0.0361887 0.033525 0.0356089 0.0350857 0.0312754 0.0353703 4.477270e-03 0.654
N:21 Run:4 0.0815335 0.0365476 0.029095 0.0228191 0.0218457 0.0226575 0.0202736 0.0218092 0.0235001 0.0215417 0.022983 0.0234222 0.0313118 0.0340421 0.0352372 0.0377788 0.0328854 0.0350154 0.0319855 0.0323234 0.036235 4.477270e-03 0.654
N:21 Run:5 0.0437617 0.0359235 0.0317348 0.0303328 0.0291388 0.0310197 0.0331372 0.0306648 0.0317055 0.0316357 0.0314307 0.0273087 0.0414991 0.0354772 0.035175 0.0327094 0.0343014 0.037883 0.0313583 0.0347503 0.0354968 4.477270e-03 0.654
N:21 Run:6 0.0357112 0.0397053 0.0350299 0.0405733 0.0396623 0.041449 0.0417423 0.0452084 0.0444718 0.04068 0.0391505 0.0406309 0.0375201 0.0351105 0.0345713 0.0318409 0.0317859 0.032078 0.0303261 0.0348548 0.0345596 4.477270e-03 0.654
N:21 Run:7 0.0133364 0.0297193 0.0318247 0.0334936 0.0304795 0.037026 0.0374458 0.0428012 0.0408427 0.0384301 0.0343167 0.0379561 0.0365753 0.0357405 0.0299236 0.0327395 0.0364536 0.0335315 0.0313 0.0329452 0.0352334 4.477270e-03 0.654
N:21 Run:8 0.0155512 0.0339851 0.0344926 0.0372778 0.0352888 0.0360803 0.035388 0.0368684 0.0354541 0.0322961 0.0328175 0.0355774 0.035115 0.0359183 0.0355031 0.0372639 0.0354647 0.0360394 0.0326846 0.032013 0.0352297 4.477270e-03 0.654
N:21 Run:9 0.0175307 0.0326265 0.0271911 0.0238327 0.0217464 0.0235747 0.0254777 0.0205194 0.0208047 0.0251328 0.023248 0.0225151 0.0316323 0.0396682 0.0339376 0.0370065 0.0357853 0.0347616 0.0325307 0.0331087 0.0362804 4.477270e-03 0.654
N:22 Run:0 0.0263338 0.0343173 0.0286587 0.0233793 0.0220107 0.0249464 0.0224748 0.0263703 0.021966 0.0245054 0.021102 0.0227245 0.0304017 0.0332715 0.0346972 0.037021 0.0350575 0.0381113 0.0372365 0.0369546 0.035621 4.468660e-03 0.642
N:22 Run:1 0.0249258 0.0326145 0.0319116 0.0324513 0.0319297 0.0317032 0.0346719 0.0343873 0.0316804 0.0313436 0.0342949 0.0329245 0.035925 0.0311317 0.033801 0.0348785 0.0347135 0.0338444 0.0375142 0.0374475 0.0384961 4.468660e-03 0.642
N:22 Run:2 0.0373837 0.0369383 0.0358931 0.0316563 0.034368 0.0330974 0.0360645 0.0313135 0.0330898 0.0366226 0.0369522 0.0319747 0.0336046 0.0344531 0.0332986 0.036103 0.0344789 0.0361929 0.0294015 0.0349405 0.0354519 4.468660e-03 0.642
N:22 Run:3 0.0380651 0.0338504 0.0376576 0.0451419 0.0472004 0.0488701 0.0481841 0.0484562 0.0475278 0.0477433 0.0484955 0.0477352 0.0472097 0.0392932 0.0384162 0.0361887 0.033525 0.0356089 0.0350857 0.0312754 0.0353703 4.468660e-03 0.642
N:22 Run:4 0.0815335 0.0365476 0.029095 0.0228191 0.0218457 0.0226575 0.0202736 0.0218092 0.0235001 0.0215417 0.022983 0.0234222 0.0313118 0.0340421 0.0352372 0.0377788 0.0328854 0.0350154 0.0319855 0.0323234 0.036235 4.468660e-03 0.642
N:22 Run:5 0.0437617 0.0359235 0.0317348 0.0303328 0.0291388 0.0310197 0.0331372 0.0306648 0.0317055 0.0316357 0.0314307 0.0273087 0.0414991 0.0354772 0.035175 0.0327094 0.0343014 0.037883 0.0313583 0.0347503 0.0354968 4.468660e-03 0.642
N:22 Run:6 0.0357112 0.0397053 0.0350299 0.0405733 0.0396623 0.041449 0.0417423 0.0452084 0.0444718 0.04068 0.0391505 0.0406309 0.0375201 0.0351105 0.0345713 0.0318409 0.0317859 0.032078 0.0303261 0.0348548 0.0345596 4.468660e-03 0.642
N:22 Run:7 0.0133364 0.0297193 0.0318247 0.0334936 0.0304795 0.037026 0.0374458 0.0428012 0.0408427 0.0384301 0.0343167 0.0379561 0.0365753 0.0357405 0.0299236 0.0327395 0.0364536 0.0335315 0.0313 0.0329452 0.0352334 4.468660e-03 0.642
N:22 Run:8 0.0155512 0.0339851 0.0344926 0.0372778 0.0352888 0.0360803 0.035388 0.0368684 0.0354541 0.0322961 0.0328175 0.0355774 0.035115 0.0359183 0.0355031 0.0372639 0.0354647 0.0360394 0.0326846 0.032013 0.0352297 4.468660e-03 0.642
N:22 Run:9 0.0175307 0.0326265 0.0271911 0.0238327 0.0217464 0.0235747 0.0254777 0.0205194 0.0208047 0.0251328 0.023248 0.0225151 0.0316323 0.0396682 0.0339376 0.0370065 0.0357853 0.0347616 0.0325307 0.0331087 0.0362804 4.468660e-03 0.642
N:23 Run:0 0.0263338 0.0343173 0.0286587 0.0233793 0.0220107 0.0249464 0.0224748 0.0263703 0.021966 0.0245054 0.021102 0.0227245 0.0304017 0.0332715 0.0346972 0.037021 0.0350575 0.0381113 0.0372365 0.0369546 0.035621 4.471289e-03 0.610
N:23 Run:1 0.0249258 0.0326145 0.0319116 0.0324513 0.0319297 0.0317032 0.0346719 0.0343873 0.0316804 0.0313436 0.0342949 0.0329245 0.035925 0.0311317 0.033801 0.0348785 0.0347135 0.0338444 0.0375142 0.0374475 0.0384961 4.471289e-03 0.610
N:23 Run:2 0.0373837 0.0369383 0.0358931 0.0316563 0.034368 0.0330974 0.0360645 0.0313135 0.0330898 0.0366226 0.0369522 0.0319747 0.0336046 0.0344531 0.0332986 0.036103 0.0344789 0.0361929 0.0294015 0.0349405 0.0354519 4.471289e-03 0.610
N:23 Run:3 0.0380651 0.0338504 0.0376576 0.0451419 0.0472004 0.0488701 0.0481841 0.0484562 0.0475278 0.0477433 0.0484955 0.0477352 0.0472097 0.0392932 0.0384162 0.0361887 0.033525 0.0356089 0.0350857 0.0312754 0.0353703 4.471289e-03 0.610
N:23 Run:4 0.0815335 0.0365476 0.029095 0.0228191 0.0218457 0.0226575 0.0202736 0.0218092 0.0235001 0.0215417 0.022983 0.0234222 0.0313118 0.0340421 0.0352372 0.0377788 0.0328854 0.0350154 0.0319855 0.0323234 0.036235 4.471289e-03 0.610
N:23 Run:5 0.0437617 0.0359235 0.0317348 0.0303328 0.0291388 0.0310197 0.0331372 0.0306648 0.0317055 0.0316357 0.0314307 0.0273087 0.0414991 0.0354772 0.035175 0.0327094 0.0343014 0.037883 0.0313583 0.0347503 0.0354968 4.471289e-03 0.610
N:23 Run:6 0.0357112 0.0397053 0.0350299 0.0405733 0.0396623 0.041449 0.0417423 0.0452084 0.0444718 0.04068 0.0391505 0.0406309 0.0375201 0.0351105 0.0345713 0.0318409 0.0317859 0.032078 0.0303261 0.0348548 0.0345596 4.471289e-03 0.610
N:23 Run:7 0.0133364 0.0297193 0.0318247 0.0334936 0.0304795 0.037026 0.0374458 0.0428012 0.0408427 0.0384301 0.0343167 0.0379561 0.0365753 0.0357405 0.0299236 0.0327395 0.0364536 0.0335315 0.0313 0.0329452 0.0352334 4.471289e-03 0.610
N:23 Run:8 0.0155512 0.0339851 0.0344926 0.0372778 0.0352888 0.0360803 0.035388 0.0368684 0.0354541 0.0322961 0.0328175 0.0355774 0.035115 0.0359183 0.0355031 0.0372639 0.0354647 0.0360394 0.0326846 0.032013 0.0352297 4.471289e-03 0.610
N:23 Run:9 0.0175307 0.0326265 0.0271911 0.0238327 0.0217464 0.0235747 0.0254777 0.0205194 0.0208047 0.0251328 0.023248 0.0225151 0.0316323 0.0396682 0.0339376 0.0370065 0.0357853 0.0347616 0.0325307 0.0331087 0.0362804 4.471289e-03 0.610
N:24 Run:0 0.0263338 0.0343173 0.0286587 0.0233793 0.0220107 0.0249464 0.0224748 0.0263703 0.021966 0.0245054 0.021102 0.0227245 0.0304017 0.0332715 0.0346972 0.037021 0.0350575 0.0381113 0.0372365 0.0369546 0.035621 4.474155e-03 0.640
N:24 Run:1 0.0249258 0.0326145 0.0319116 0.0324513 0.0319297 0.0317032 0.0346719 0.0343873 0.0316804 0.0313436 0.0342949 0.0329245 0.035925 0.0311317 0.033801 0.0348785 0.0347135 0.0338444 0.0375142 0.0374475 0.0384961 4.474155e-03 0.640
N:24 Run:2 0.0373837 0.0369383 0.0358931 0.0316563 0.034368 0.0330974 0.0360645 0.0313135 0.0330898 0.0366226 0.0369522 0.0319747 0.0336046 0.0344531 0.0332986 0.036103 0.0344789 0.0361929 0.0294015 0.0349405 0.0354519 4.474155e-03 0.640
N:24 Run:3 0.0380651 0.0338504 0.0376576 0.0451419 0.0472004 0.0488701 0.0481841 0.0484562 0.0475278 0.0477433 0.0484955 0.0477352 0.0472097 0.0392932 0.0384162 0.0361887 0.033525 0.0356089 0.0350857 0.0312754 0.0353703 4.474155e-03 0.640
N:24 Run:4 0.0815335 0.0365476 0.029095 0.0228191 0.0218457 0.0226575 0.0202736 0.0218092 0.0235001 0.0215417 0.022983 0.0234222 0.0313118 0.0340421 0.0352372 0.0377788 0.0328854 0.0350154 0.0319855 0.0323234 0.036235 4.474155e-03 0.640
N:24 Run:5 0.0437617 0.0359235 0.0317348 0.0303328 0.0291388 0.0310197 0.0331372 0.0306648 0.0317055 0.0316357 0.0314307 0.0273087 0.0414991 0.0354772 0.035175 0.0327094 0.0343014 0.037883 0.0313583 0.0347503 0.0354968 4.474155e-03 0.640
N:24 Run:6 0.0357112 0.0397053 0.0350299 0.0405733 0.0396623 0.041449 0.0417423 0.0452084 0.0444718 0.04068 0.0391505 0.0406309 0.0375201 0.0351105 0.0345713 0.0318409 0.0317859 0.032078 0.0303261 0.0348548 0.0345596 4.474155e-03 0.640
N:24 Run:7 0.0133364 0.0297193 0.0318247 0.0334936 0.0304795 0.037026 0.0374458 0.0428012 0.0408427 0.0384301 0.0343167 0.0379561 0.0365753 0.0357405 0.0299236 0.0327395 0.0364536 0.0335315 0.0313 0.0329452 0.0352334 4.474155e-03 0.640
N:24 Run:8 0.0155512 0.0339851 0.0344926 0.0372778 0.0352888 0.0360803 0.035388 0.0368684 0.0354541 0.0322961 0.0328175 0.0355774 0.035115 0.0359183 0.0355031 0.0372639 0.0354647 0.0360394 0.0326846 0.032013 0.0352297 4.474155e-03 0.640
N:24 Run:9 0.0175307 0.0326265 0.0271911 0.0238327 0.0217464 0.0235747 0.0254777 0.0205194 0.0208047 0.0251328 0.023248 0.0225151 0.0316323 0.0396682 0.0339376 0.0370065 0.0357853 0.0347616 0.0325307 0.0331087 0.0362804 4.474155e-03 0.640
N:25 Run:0 0.0263338 0.0343173 0.0286587 0.0233793 0.0220107 0.0249464 0.0224748 0.0263703 0.021966 0.0245054 0.021102 0.0227245 0.0304017 0.0332715 0.0346972 0.037021 0.0350575 0.0381113 0.0372365 0.0369546 0.035621 4.478769e-03 0.661
N:25 Run:1 0.0249258 0.0326145 0.0319116 0.0324513 0.0319297 0.0317032 0.0346719 0.0343873 0.0316804 0.0313436 0.0342949 0.0329245 0.035925 0.0311317 0.033801 0.0348785 0.0347135 0.0338444 0.0375142 0.0374475 0.0384961 4.478769e-03 0.661
N:25 Run:2 0.0373837 0.0369383 0.0358931 0.0316563 0.034368 0.0330974 0.0360645 0.0313135 0.0330898 0.0366226 0.0369522 0.0319747 0.0336046 0.0344531 0.0332986 0.036103 0.0344789 0.0361929 0.0294015 0.0349405 0.0354519 4.478769e-03 0.661
N:25 Run:3 0.0380651 0.0338504 0.0376576 0.0451419 0.0472004 0.0488701 0.0481841 0.0484562 0.0475278 0.0477433 0.0484955 0.0477352 0.0472097 0.0392932 0.0384162 0.0361887 0.033525 0.0356089 0.0350857 0.0312754 0.0353703 4.478769e-03 0.661
N:25 Run:4 0.0815335 0.0365476 0.029095 0.0228191 0.0218457 0.0226575 0.0202736 0.0218092 0.0235001 0.0215417 0.022983 0.0234222 0.0313118 0.0340421 0.0352372 0.0377788 0.0328854 0.0350154 0.0319855 0.0323234 0.036235 4.478769e-03 0.661
N:25 Run:5 0.0437617 0.0359235 0.0317348 0.0303328 0.0291388 0.0310197 0.0331372 0.0306648 0.0317055 0.0316357 0.0314307 0.0273087 0.0414991 0.0354772 0.035175 0.0327094 0.0343014 0.037883 0.0313583 0.0347503 0.0354968 4.478769e-03 0.661
N:25 Run:6 0.0357112 0.0397053 0.0350299 0.0405733 0.0396623 0.041449 0.0417423 0.0452084 0.0444718 0.04068 0.0391505 0.0406309 0.0375201 0.0351105 0.0345713 0.0318409 0.0317859 0.032078 0.0303261 0.0348548 0.0345596 4.478769e-03 0.661
N:25 Run:7 0.0133364 0.0297193 0.0318247 0.0334936 0.0304795 0.037026 0.0374458 0.0428012 0.0408427 0.0384301 0.0343167 0.0379561 0.0365753 0.0357405 0.0299236 0.0327395 0.0364536 0.0335315 0.0313 0.0329452 0.0352334 4.478769e-03 0.661
N:25 Run:8 0.0155512 0.0339851 0.0344926 0.0372778 0.0352888 0.0360803 0.035388 0.0368684 0.0354541 0.0322961 0.0328175 0.0355774 0.035115 0.0359183 0.0355031 0.0372639 0.0354647 0.0360394 0.0326846 0.032013 0.0352297 4.478769e-03 0.661
N:25 Run:9 0.0175307 0.0326265 0.0271911 0.0238327 0.0217464 0.0235747 0.0254777 0.0205194 0.0208047 0.0251328 0.023248 0.0225151 0.0316323 0.0396682 0.0339376 0.0370065 0.0357853 0.0347616 0.0325307 0.0331087 0.0362804 4.478769e-03 0.661
N:26 Run:0 0.0263338 0.0323908 0.0277671 0.0239085 0.0230003 0.0254254 0.0240164 0.0267918 0.0237877 0.0252769 0.0227384 0.0241547 0.0313545 0.0328505 0.0344214 0.0361393 0.0345741 0.0365697 0.0364242 0.0359018 0.034929 4.419044e-03 0.640
N:26 Run:1 0.0249258 0.0310708 0.0311597 0.0320057 0.0325762 0.0330844 0.0363188 0.0366437 0.0344333 0.0337598 0.0364948 0.0354155 0.0380303 0.0326604 0.0342148 0.0345808 0.0340396 0.0326726 0.036073 0.0366145 0.0366973 4.419044e-03 0.640
N:26 Run:2 0.0373837 0.036363 0.0346988 0.031796 0.0332198 0.0323462 0.035391 0.0315758 0.032838 0.0367422 0.0380793 0.0345992 0.0342566 0.0344036 0.0330325 0.0352967 0.0342948 0.034944 0.0297572 0.0336329 0.034732 4.419044e-03 0.640
N:26 Run:3 0.0380651 0.0341236 0.0365296 0.0421312 0.045117 0.0465185 0.0478569 0.0494255 0.048667 0.0489458 0.0503553 0.0495758 0.0478857 0.0396757 0.0378492 0.0355037 0.033331 0.0343336 0.0349049 0.0313157 0.033632 4.419044e-03 0.640
N:26 Run:4 0.0815335 0.0416617 0.0302236 0.0238325 0.0229854 0.0237877 0.0219862 0.0230492 0.0244922 0.0231776 0.0245244 0.0246752 0.0318445 0.0333276 0.0341639 0.0363355 0.0322073 0.0341493 0.0315066 0.0306834 0.0343093 4.419044e-03 0.640
N:26 Run:5 0.0437617 0.0360128 0.0307146 0.028407 0.0273584 0.0292865 0.0320624 0.029868 0.0306604 0.0306394 0.0305412 0.0266652 0.0395142 0.0355514 0.0348435 0.0332043 0.0334095 0.0356069 0.0313035 0.0340369 0.0347188 4.419044e-03 0.640
N:26 Run:6 0.0357112 0.0381865 0.0344789 0.0386867 0.0397619 0.043335 0.0445415 0.0478549 0.0475012 0.0443573 0.0427229 0.0436517 0.0401069 0.0358337 0.035117 0.0320182 0.0315041 0.0316988 0.0298139 0.0336577 0.0338933 4.419044e-03 0.640
N:26 Run:7 0.0133364 0.0272613 0.030093 0.0321128 0.0311315 0.0375524 0.0391488 0.0446629 0.0436131 0.0416403 0.0375431 0.0407311 0.03869 0.0359669 0.0308326 0.032043 0.0350045 0.0324482 0.0312449 0.0323673 0.0341654 4.419044e-03 0.640
N:26 Run:8 0.0155512 0.0310531 0.0332598 0.0361526 0.0343548 0.0348771 0.034709 0.0355141 0.0345886 0.0323127 0.0321529 0.0344896 0.0349176 0.0347813 0.0350384 0.0360694 0.0345215 0.0352542 0.0324605 0.0315101 0.0340616 4.419044e-03 0.640
N:26 Run:9 0.0175307 0.0303023 0.0268619 0.0240137 0.0225738 0.0239842 0.0258027 0.0223826 0.0221449 0.0255604 0.0240878 0.0235013 0.0321194 0.0382798 0.0337417 0.0359902 0.0348815 0.0339825 0.031962 0.0321355 0.0339971 4.419044e-03 0.640
N:27 Run:0 0.0263338 0.0323908 0.0277671 0.0239085 0.0230003 0.0254254 0.0240164 0.0267918 0.0237877 0.0252769 0.0227384 0.0241547 0.0313545 0.0328505 0.0344214 0.0361393 0.0345741 0.0365697 0.0364242 0.0359018 0.034929 4.497543e-03 0.637
N:27 Run:1 0.0249258 0.0310708 0.0311597 0.0320057 0.0325762 0.0330844 0.0363188 0.0366437 0.0344333 0.0337598 0.0364948 0.0354155 0.0380303 0.0326604 0.0342148 0.0345808 0.0340396 0.0326726 0.036073 0.0366145 0.0366973 4.497543e-03 0.637
N:27 Run:2 0.0373837 0.036363 0.0346988 0.031796 0.0332198 0.0323462 0.035391 0.0315758 0.032838 0.0367422 0.0380793 0.0345992 0.0342566 0.0344036 0.0330325 0.0352967 0.0342948 0.034944 0.0297572 0.0336329 0.034732 4.497543e-03 0.637
N:27 Run:3 0.0380651 0.0341236 0.0365296 0.0421312 0.045117 0.0465185 0.0478569 0.0494255 0.048667 0.0489458 0.0503553 0.0495758 0.0478857 0.0396757 0.0378492 0.0355037 0.033331 0.0343336 0.0349049 0.0313157 0.033632 4.497543e-03 0.637
N:27 Run:4 0.0815335 0.0416617 0.0302236 0.0238325 0.0229854 0.0237877 0.0219862 0.0230492 0.0244922 0.0231776 0.0245244 0.0246752 0.0318445 0.0333276 0.0341639 0.0363355 0.0322073 0.0341493 0.0315066 0.0306834 0.0343093 4.497543e-03 0.637
N:27 Run:5 0.0437617 0.0360128 0.0307146 0.028407 0.0273584 0.0292865 0.0320624 0.029868 0.0306604 0.0306394 0.0305412 0.0266652 0.0395142 0.0355514 0.0348435 0.0332043 0.0334095 0.0356069 0.0313035 0.0340369 0.0347188 4.497543e-03 0.637
N:27 Run:6 0.0357112 0.0381865 0.0344789 0.0386867 0.0397619 0.043335 0.0445415 0.0478549 0.0475012 0.0443573 0.0427229 0.0436517 0.0401069 0.0358337 0.035117 0.0320182 0.0315041 0.0316988 0.0298139 0.0336577 0.0338933 4.497543e-03 0.637
N:27 Run:7 0.0133364 0.0272613 0.030093 0.0321128 0.0311315 0.0375524 0.0391488 0.0446629 0.0436131 0.0416403 0.0375431 0.0407311 0.03869 0.0359669 0.0308326 0.032043 0.0350045 0.0324482 0.0312449 0.0323673 0.0341654 4.497543e-03 0.637
N:27 Run:8 0.0155512 0.0310531 0.0332598 0.0361526 0.0343548 0.0348771 0.034709 0.0355141 0.0345886 0.0323127 0.0321529 0.0344896 0.0349176 0.0347813 0.0350384 0.0360694 0.0345215 0.0352542 0.0324605 0.0315101 0.0340616 4.497543e-03 0.637
N:27 Run:9 0.0175307 0.0303023 0.0268619 0.0240137 0.0225738 0.0239842 0.0258027 0.0223826 0.0221449 0.0255604 0.0240878 0.0235013 0.0321194 0.0382798 0.0337417 0.0359902 0.0348815 0.0339825 0.031962 0.0321355 0.0339971 4.497543e-03 0.637
N:28 Run:0 0.0263338 0.0323908 0.0277671 0.0239085 0.0230003 0.0254254 0.0240164 0.0267918 0.0237877 0.0252769 0.0227384 0.0241547 0.0313545 0.0328505 0.0344214 0.0361393 0.0345741 0.0365697 0.0364242 0.0359018 0.034929 4.474134e-03 0.676
N:28 Run:1 0.0249258 0.0310708 0.0311597 0.0320057 0.0325762 0.0330844 0.0363188 0.0366437 0.0344333 0.0337598 0.0364948 0.0354155 0.0380303 0.0326604 0.0342148 0.0345808 0.0340396 0.0326726 0.036073 0.0366145 0.0366973 4.474134e-03 0.676
N:28 Run:2 0.0373837 0.036363 0.0346988 0.031796 0.0332198 0.0323462 0.035391 0.0315758 0.032838 0.0367422 0.0380793 0.0345992 0.0342566 0.0344036 0.0330325 0.0352967 0.0342948 0.034944 0.0297572 0.0336329 0.034732 4.474134e-03 0.676
N:28 Run:3 0.0380651 0.0341236 0.0365296 0.0421312 0.045117 0.0465185 0.0478569 0.0494255 0.048667 0.0489458 0.0503553 0.0495758 0.0478857 0.0396757 0.0378492 0.0355037 0.033331 0.0343336 0.0349049 0.0313157 0.033632 4.474134e-03 0.676
N:28 Run:4 0.0815335 0.0416617 0.0302236 0.0238325 0.0229854 0.0237877 0.0219862 0.0230492 0.0244922 0.0231776 0.0245244 0.0246752 0.0318445 0.0333276 0.0341639 0.0363355 0.0322073 0.0341493 0.0315066 0.0306834 0.0343093 4.474134e-03 0.676
N:28 Run:5 0.0437617 0.0360128 0.0307146 0.028407 0.0273584 0.0292865 0.0320624 0.029868 0.0306604 0.0306394 0.0305412 0.0266652 0.0395142 0.0355514 0.0348435 0.0332043 0.0334095 0.0356069 0.0313035 0.0340369 0.0347188 4.474134e-03 0.676
N:28 Run:6 0.0357112 0.0381865 0.0344789 0.0386867 0.0397619 0.043335 0.0445415 0.0478549 0.0475012 0.0443573 0.0427229 0.0436517 0.0401069 0.0358337 0.035117 0.0320182 0.0315041 0.0316988 0.0298139 0.0336577 0.0338933 4.474134e-03 0.676
N:28 Run:7 0.0133364 0.0272613 0.030093 0.0321128 0.0311315 0.0375524 0.0391488 0.0446629 0.0436131 0.0416403 0.0375431 0.0407311 0.03869 0.0359669 0.0308326 0.032043 0.0350045 0.0324482 0.0312449 0.0323673 0.0341654 4.474134e-03 0.676
N:28 Run:8 0.0155512 0.0310531 0.0332598 0.0361526 0.0343548 0.0348771 0.034709 0.0355141 0.0345886 0.0323127 0.0321529 0.0344896 0.0349176 0.0347813 0.0350384 0.0360694 0.0345215 0.0352542 0.0324605 0.0315101 0.0340616 4.474134e-03 0.676
N:28 Run:9 0.0175307 0.0303023 0.0268619 0.0240137 0.0225738 0.0239842 0.0258027 0.0223826 0.0221449 0.0255604 0.0240878 0.0235013 0.0321194 0.0382798 0.0337417 0.0359902 0.0348815 0.0339825 0.031962 0.0321355 0.0339971 4.474134e-03 0.676
N:29 Run:0 0.0263338 0.0323908 0.0277671 0.0239085 0.0230003 0.0254254 0.0240164 0.0267918 0.0237877 0.0252769 0.0227384 0.0241547 0.0313545 0.0328505 0.0344214 0.0361393 0.0345741 0.0365697 0.0364242 0.0359018 0.034929 4.478970e-03 0.660
N:29 Run:1 0.0249258 0.0310708 0.0311597 0.0320057 0.0325762 0.0330844 0.0363188 0.0366437 0.0344333 0.0337598 0.0364948 0.0354155 0.0380303 0.0326604 0.0342148 0.0345808 0.0340396 0.0326726 0.036073 0.0366145 0.0366973 4.478970e-03 0.660
N:29 Run:2 0.0373837 0.036363 0.0346988 0.031796 0.0332198 0.0323462 0.035391 0.0315758 0.032838 0.0367422 0.0380793 0.0345992 0.0342566 0.0344036 0.0330325 0.0352967 0.0342948 0.034944 0.0297572 0.0336329 0.034732 4.478970e-03 0.660
N:29 Run:3 0.0380651 0.0341236 0.0365296 0.0421312 0.045117 0.0465185 0.0478569 0.0494255 0.048667 0.0489458 0.0503553 0.0495758 0.0478857 0.0396757 0.0378492 0.0355037 0.033331 0.0343336 0.0349049 0.0313157 0.033632 4.478970e-03 0.660
N:29 Run:4 0.0815335 0.0416617 0.0302236 0.0238325 0.0229854 0.0237877 0.0219862 0.0230492 0.0244922 0.0231776 0.0245244 0.0246752 0.0318445 0.0333276 0.0341639 0.0363355 0.0322073 0.0341493 0.0315066 0.0306834 0.0343093 4.478970e-03 0.660
N:29 Run:5 0.0437617 0.0360128 0.0307146 0.028407 0.0273584 0.0292865 0.0320624 0.029868 0.0306604 0.0306394 0.0305412 0.0266652 0.0395142 0.0355514 0.0348435 0.0332043 0.0334095 0.0356069 0.0313035 0.0340369 0.0347188 4.478970e-03 0.660
N:29 Run:6 0.0357112 0.0381865 0.0344789 0.0386867 0.0397619 0.043335 0.0445415 0.0478549 0.0475012 0.0443573 0.0427229 0.0436517 0.0401069 0.0358337 0.035117 0.0320182 0.0315041 0.0316988 0.0298139 0.0336577 0.0338933 4.478970e-03 0.660
N:29 Run:7 0.0133364 0.0272613 0.030093 0.0321128 0.0311315 0.0375524 0.0391488 0.0446629 0.0436131 0.0416403 0.0375431 0.0407311 0.03869 0.0359669 0.0308326 0.032043 0.0350045 0.0324482 0.0312449 0.0323673 0.0341654 4.478970e-03 0.660
N:29 Run:8 0.0155512 0.0310531 0.0332598 0.0361526 0.0343548 0.0348771 0.034709 0.0355141 0.0345886 0.0323127 0.0321529 0.0344896 0.0349176 0.0347813 0.0350384 0.0360694 0.0345215 0.0352542 0.0324605 0.0315101 0.0340616 4.478970e-03 0.660
N:29 Run:9 0.0175307 0.0303023 0.0268619 0.0240137 0.0225738 0.0239842 0.0258027 0.0223826 0.0221449 0.0255604 0.0240878 0.0235013 0.0321194 0.0382798 0.0337417 0.0359902 0.0348815 0.0339825 0.031962 0.0321355 0.0339971 4.478970e-03 0.660
