Seed:1578448448
N:0 Run:0 0.137415 0.157784 0.321136 0.389694 0.436959 0.43999 0.437641 0.434392 0.424072 0.420255 0.441794 0.443228 0.26261 0.193565 0.17662 0.164701 0.182434 0.173807 0.164193 0.163363 0.162683 2.895615e-02 0.962
N:0 Run:1 0.13773 0.149851 0.194743 0.186914 0.186692 0.192356 0.184815 0.197589 0.196362 0.214932 0.205652 0.199699 0.170466 0.162393 0.168443 0.154433 0.154308 0.152279 0.15315 0.162994 0.161343 2.895615e-02 0.962
N:0 Run:2 0.119295 0.148315 0.14659 0.146203 0.146742 0.146671 0.144819 0.147501 0.151071 0.147623 0.149175 0.14856 0.15034 0.156327 0.163477 0.157866 0.161578 0.157417 0.163707 0.162673 0.170312 2.895615e-02 0.962
N:0 Run:3 0.144211 0.153218 0.165856 0.16119 0.155142 0.156086 0.161033 0.162432 0.164572 0.167807 0.160441 0.165039 0.157612 0.159361 0.155637 0.164014 0.159879 0.157123 0.156126 0.163784 0.158548 2.895615e-02 0.962
N:0 Run:4 0.174958 0.166761 0.27176 0.38076 0.41481 0.410687 0.412243 0.412095 0.412397 0.416531 0.426505 0.430825 0.289719 0.217433 0.179392 0.165933 0.163833 0.161601 0.176528 0.179793 0.165388 2.895615e-02 0.962
N:0 Run:5 0.154929 0.158005 0.294611 0.382665 0.416126 0.429198 0.418381 0.399425 0.405104 0.428675 0.418902 0.424873 0.270854 0.215617 0.178446 0.169411 0.169229 0.159886 0.169242 0.166384 0.165162 2.895615e-02 0.962
N:0 Run:6 0.167991 0.156724 0.157851 0.15456 0.161341 0.154597 0.150267 0.149163 0.155883 0.154337 0.15312 0.155205 0.165928 0.160383 0.15489 0.154642 0.15722 0.15621 0.162996 0.160057 0.156947 2.895615e-02 0.962
N:0 Run:7 0.169054 0.171207 0.16939 0.184516 0.170396 0.169938 0.172715 0.157852 0.166406 0.161654 0.175833 0.159631 0.157252 0.167622 0.162354 0.163483 0.157812 0.168577 0.157912 0.161439 0.158566 2.895615e-02 0.962
N:0 Run:8 0.14985 0.157812 0.160612 0.152668 0.155856 0.154383 0.156911 0.154307 0.155758 0.162419 0.153488 0.152375 0.159125 0.155494 0.159199 0.159036 0.158544 0.154322 0.167576 0.162852 0.156167 2.895615e-02 0.962
N:0 Run:9 0.159857 0.160209 0.31233 0.399495 0.412165 0.422684 0.42783 0.424659 0.440896 0.435832 0.438439 0.427929 0.277597 0.197223 0.179641 0.162481 0.153998 0.163172 0.164371 0.161244 0.162345 2.895615e-02 0.962
N:1 Run:0 0.137415 0.157784 0.321136 0.389694 0.436959 0.43999 0.437641 0.434392 0.424072 0.420255 0.441794 0.443228 0.26261 0.193565 0.17662 0.164701 0.182434 0.173807 0.164193 0.163363 0.162683 3.055835e-02 0.963
N:1 Run:1 0.13773 0.149851 0.194743 0.186914 0.186692 0.192356 0.184815 0.197589 0.196362 0.214932 0.205652 0.199699 0.170466 0.162393 0.168443 0.154433 0.154308 0.152279 0.15315 0.162994 0.161343 3.055835e-02 0.963
N:1 Run:2 0.119295 0.148315 0.14659 0.146203 0.146742 0.146671 0.144819 0.147501 0.151071 0.147623 0.149175 0.14856 0.15034 0.156327 0.163477 0.157866 0.161578 0.157417 0.163707 0.162673 0.170312 3.055835e-02 0.963
N:1 Run:3 0.144211 0.153218 0.165856 0.16119 0.155142 0.156086 0.161033 0.162432 0.164572 0.167807 0.160441 0.165039 0.157612 0.159361 0.155637 0.164014 0.159879 0.157123 0.156126 0.163784 0.158548 3.055835e-02 0.963
N:1 Run:4 0.174958 0.166761 0.27176 0.38076 0.41481 0.410687 0.412243 0.412095 0.412397 0.416531 0.426505 0.430825 0.289719 0.217433 0.179392 0.165933 0.163833 0.161601 0.176528 0.179793 0.165388 3.055835e-02 0.963
N:1 Run:5 0.154929 0.158005 0.294611 0.382665 0.416126 0.429198 0.418381 0.399425 0.405104 0.428675 0.418902 0.424873 0.270854 0.215617 0.178446 0.169411 0.169229 0.159886 0.169242 0.166384 0.165162 3.055835e-02 0.963
N:1 Run:6 0.167991 0.156724 0.157851 0.15456 0.161341 0.154597 0.150267 0.149163 0.155883 0.154337 0.15312 0.155205 0.165928 0.160383 0.15489 0.154642 0.15722 0.15621 0.162996 0.160057 0.156947 3.055835e-02 0.963
N:1 Run:7 0.169054 0.171207 0.16939 0.184516 0.170396 0.169938 0.172715 0.157852 0.166406 0.161654 0.175833 0.159631 0.157252 0.167622 0.162354 0.163483 0.157812 0.168577 0.157912 0.161439 0.158566 3.055835e-02 0.963
N:1 Run:8 0.14985 0.157812 0.160612 0.152668 0.155856 0.154383 0.156911 0.154307 0.155758 0.162419 0.153488 0.152375 0.159125 0.155494 0.159199 0.159036 0.158544 0.154322 0.167576 0.162852 0.156167 3.055835e-02 0.963
N:1 Run:9 0.159857 0.160209 0.31233 0.399495 0.412165 0.422684 0.42783 0.424659 0.440896 0.435832 0.438439 0.427929 0.277597 0.197223 0.179641 0.162481 0.153998 0.163172 0.164371 0.161244 0.162345 3.055835e-02 0.963
N:2 Run:0 0.137415 0.157784 0.321136 0.389694 0.436959 0.43999 0.437641 0.434392 0.424072 0.420255 0.441794 0.443228 0.26261 0.193565 0.17662 0.164701 0.182434 0.173807 0.164193 0.163363 0.162683 2.908703e-02 0.960
N:2 Run:1 0.13773 0.149851 0.194743 0.186914 0.186692 0.192356 0.184815 0.197589 0.196362 0.214932 0.205652 0.199699 0.170466 0.162393 0.168443 0.154433 0.154308 0.152279 0.15315 0.162994 0.161343 2.908703e-02 0.960
N:2 Run:2 0.119295 0.148315 0.14659 0.146203 0.146742 0.146671 0.144819 0.147501 0.151071 0.147623 0.149175 0.14856 0.15034 0.156327 0.163477 0.157866 0.161578 0.157417 0.163707 0.162673 0.170312 2.908703e-02 0.960
N:2 Run:3 0.144211 0.153218 0.165856 0.16119 0.155142 0.156086 0.161033 0.162432 0.164572 0.167807 0.160441 0.165039 0.157612 0.159361 0.155637 0.164014 0.159879 0.157123 0.156126 0.163784 0.158548 2.908703e-02 0.960
N:2 Run:4 0.174958 0.166761 0.27176 0.38076 0.41481 0.410687 0.412243 0.412095 0.412397 0.416531 0.426505 0.430825 0.289719 0.217433 0.179392 0.165933 0.163833 0.161601 0.176528 0.179793 0.165388 2.908703e-02 0.960
N:2 Run:5 0.154929 0.158005 0.294611 0.382665 0.416126 0.429198 0.418381 0.399425 0.405104 0.428675 0.418902 0.424873 0.270854 0.215617 0.178446 0.169411 0.169229 0.159886 0.169242 0.166384 0.165162 2.908703e-02 0.960
N:2 Run:6 0.167991 0.156724 0.157851 0.15456 0.161341 0.154597 0.150267 0.149163 0.155883 0.154337 0.15312 0.155205 0.165928 0.160383 0.15489 0.154642 0.15722 0.15621 0.162996 0.160057 0.156947 2.908703e-02 0.960
N:2 Run:7 0.169054 0.171207 0.16939 0.184516 0.170396 0.169938 0.172715 0.157852 0.166406 0.161654 0.175833 0.159631 0.157252 0.167622 0.162354 0.163483 0.157812 0.168577 0.157912 0.161439 0.158566 2.908703e-02 0.960
N:2 Run:8 0.14985 0.157812 0.160612 0.152668 0.155856 0.154383 0.156911 0.154307 0.155758 0.162419 0.153488 0.152375 0.159125 0.155494 0.159199 0.159036 0.158544 0.154322 0.167576 0.162852 0.156167 2.908703e-02 0.960
N:2 Run:9 0.159857 0.160209 0.31233 0.399495 0.412165 0.422684 0.42783 0.424659 0.440896 0.435832 0.438439 0.427929 0.277597 0.197223 0.179641 0.162481 0.153998 0.163172 0.164371 0.161244 0.162345 2.908703e-02 0.960
N:3 Run:0 0.137415 0.157784 0.321136 0.389694 0.436959 0.43999 0.437641 0.434392 0.424072 0.420255 0.441794 0.443228 0.26261 0.193565 0.17662 0.164701 0.182434 0.173807 0.164193 0.163363 0.162683 2.938389e-02 0.964
N:3 Run:1 0.13773 0.149851 0.194743 0.186914 0.186692 0.192356 0.184815 0.197589 0.196362 0.214932 0.205652 0.199699 0.170466 0.162393 0.168443 0.154433 0.154308 0.152279 0.15315 0.162994 0.161343 2.938389e-02 0.964
N:3 Run:2 0.119295 0.148315 0.14659 0.146203 0.146742 0.146671 0.144819 0.147501 0.151071 0.147623 0.149175 0.14856 0.15034 0.156327 0.163477 0.157866 0.161578 0.157417 0.163707 0.162673 0.170312 2.938389e-02 0.964
N:3 Run:3 0.144211 0.153218 0.165856 0.16119 0.155142 0.156086 0.161033 0.162432 0.164572 0.167807 0.160441 0.165039 0.157612 0.159361 0.155637 0.164014 0.159879 0.157123 0.156126 0.163784 0.158548 2.938389e-02 0.964
N:3 Run:4 0.174958 0.166761 0.27176 0.38076 0.41481 0.410687 0.412243 0.412095 0.412397 0.416531 0.426505 0.430825 0.289719 0.217433 0.179392 0.165933 0.163833 0.161601 0.176528 0.179793 0.165388 2.938389e-02 0.964
N:3 Run:5 0.154929 0.158005 0.294611 0.382665 0.416126 0.429198 0.418381 0.399425 0.405104 0.428675 0.418902 0.424873 0.270854 0.215617 0.178446 0.169411 0.169229 0.159886 0.169242 0.166384 0.165162 2.938389e-02 0.964
N:3 Run:6 0.167991 0.156724 0.157851 0.15456 0.161341 0.154597 0.150267 0.149163 0.155883 0.154337 0.15312 0.155205 0.165928 0.160383 0.15489 0.154642 0.15722 0.15621 0.162996 0.160057 0.156947 2.938389e-02 0.964
N:3 Run:7 0.169054 0.171207 0.16939 0.184516 0.170396 0.169938 0.172715 0.157852 0.166406 0.161654 0.175833 0.159631 0.157252 0.167622 0.162354 0.163483 0.157812 0.168577 0.157912 0.161439 0.158566 2.938389e-02 0.964
N:3 Run:8 0.14985 0.157812 0.160612 0.152668 0.155856 0.154383 0.156911 0.154307 0.155758 0.162419 0.153488 0.152375 0.159125 0.155494 0.159199 0.159036 0.158544 0.154322 0.167576 0.162852 0.156167 2.938389e-02 0.964
N:3 Run:9 0.159857 0.160209 0.31233 0.399495 0.412165 0.422684 0.42783 0.424659 0.440896 0.435832 0.438439 0.427929 0.277597 0.197223 0.179641 0.162481 0.153998 0.163172 0.164371 0.161244 0.162345 2.938389e-02 0.964
N:4 Run:0 0.137415 0.157784 0.321136 0.389694 0.436959 0.43999 0.437641 0.434392 0.424072 0.420255 0.441794 0.443228 0.26261 0.193565 0.17662 0.164701 0.182434 0.173807 0.164193 0.163363 0.162683 2.970560e-02 0.960
N:4 Run:1 0.13773 0.149851 0.194743 0.186914 0.186692 0.192356 0.184815 0.197589 0.196362 0.214932 0.205652 0.199699 0.170466 0.162393 0.168443 0.154433 0.154308 0.152279 0.15315 0.162994 0.161343 2.970560e-02 0.960
N:4 Run:2 0.119295 0.148315 0.14659 0.146203 0.146742 0.146671 0.144819 0.147501 0.151071 0.147623 0.149175 0.14856 0.15034 0.156327 0.163477 0.157866 0.161578 0.157417 0.163707 0.162673 0.170312 2.970560e-02 0.960
N:4 Run:3 0.144211 0.153218 0.165856 0.16119 0.155142 0.156086 0.161033 0.162432 0.164572 0.167807 0.160441 0.165039 0.157612 0.159361 0.155637 0.164014 0.159879 0.157123 0.156126 0.163784 0.158548 2.970560e-02 0.960
N:4 Run:4 0.174958 0.166761 0.27176 0.38076 0.41481 0.410687 0.412243 0.412095 0.412397 0.416531 0.426505 0.430825 0.289719 0.217433 0.179392 0.165933 0.163833 0.161601 0.176528 0.179793 0.165388 2.970560e-02 0.960
N:4 Run:5 0.154929 0.158005 0.294611 0.382665 0.416126 0.429198 0.418381 0.399425 0.405104 0.428675 0.418902 0.424873 0.270854 0.215617 0.178446 0.169411 0.169229 0.159886 0.169242 0.166384 0.165162 2.970560e-02 0.960
N:4 Run:6 0.167991 0.156724 0.157851 0.15456 0.161341 0.154597 0.150267 0.149163 0.155883 0.154337 0.15312 0.155205 0.165928 0.160383 0.15489 0.154642 0.15722 0.15621 0.162996 0.160057 0.156947 2.970560e-02 0.960
N:4 Run:7 0.169054 0.171207 0.16939 0.184516 0.170396 0.169938 0.172715 0.157852 0.166406 0.161654 0.175833 0.159631 0.157252 0.167622 0.162354 0.163483 0.157812 0.168577 0.157912 0.161439 0.158566 2.970560e-02 0.960
N:4 Run:8 0.14985 0.157812 0.160612 0.152668 0.155856 0.154383 0.156911 0.154307 0.155758 0.162419 0.153488 0.152375 0.159125 0.155494 0.159199 0.159036 0.158544 0.154322 0.167576 0.162852 0.156167 2.970560e-02 0.960
N:4 Run:9 0.159857 0.160209 0.31233 0.399495 0.412165 0.422684 0.42783 0.424659 0.440896 0.435832 0.438439 0.427929 0.277597 0.197223 0.179641 0.162481 0.153998 0.163172 0.164371 0.161244 0.162345 2.970560e-02 0.960
N:5 Run:0 0.137415 0.149999 0.310484 0.414632 0.418755 0.465067 0.459106 0.403122 0.413978 0.406154 0.450275 0.43754 0.29363 0.223336 0.190089 0.17342 0.168957 0.164459 0.16102 0.159987 0.161104 2.695029e-02 0.965
N:5 Run:1 0.13773 0.147759 0.177838 0.177756 0.180527 0.182929 0.180554 0.179444 0.181961 0.190033 0.184553 0.182294 0.170598 0.164008 0.163036 0.158755 0.158503 0.157184 0.157451 0.158744 0.158055 2.695029e-02 0.965
N:5 Run:2 0.119295 0.139431 0.149281 0.153421 0.156075 0.157178 0.156448 0.159833 0.160918 0.16022 0.159169 0.15788 0.156379 0.15659 0.158855 0.157869 0.158338 0.158221 0.158884 0.160208 0.160914 2.695029e-02 0.965
N:5 Run:3 0.144211 0.15092 0.156913 0.158633 0.157688 0.158859 0.160503 0.161251 0.163489 0.165227 0.163074 0.164844 0.162924 0.161597 0.159365 0.16248 0.159605 0.158373 0.157839 0.15917 0.158392 2.695029e-02 0.965
N:5 Run:4 0.174958 0.166715 0.279949 0.407187 0.439132 0.409514 0.374443 0.392182 0.400635 0.450339 0.445627 0.404811 0.281536 0.218207 0.187095 0.172273 0.16515 0.162815 0.163292 0.161299 0.159363 2.695029e-02 0.965
N:5 Run:5 0.154929 0.15545 0.28364 0.389838 0.458063 0.420422 0.370901 0.411699 0.410289 0.415543 0.405298 0.38384 0.26698 0.212259 0.183672 0.172896 0.166917 0.161803 0.160865 0.16034 0.159455 2.695029e-02 0.965
N:5 Run:6 0.167991 0.162032 0.160029 0.158985 0.160769 0.159773 0.160043 0.15913 0.161052 0.160691 0.160137 0.162254 0.163899 0.162655 0.159672 0.158483 0.159557 0.159063 0.161244 0.159464 0.160172 2.695029e-02 0.965
N:5 Run:7 0.169054 0.163712 0.166859 0.175536 0.172324 0.171316 0.172068 0.166442 0.168532 0.166278 0.176012 0.170566 0.165236 0.162397 0.160007 0.158706 0.158185 0.160329 0.157849 0.159228 0.158529 2.695029e-02 0.965
N:5 Run:8 0.14985 0.154956 0.159073 0.157142 0.157842 0.158624 0.158622 0.157215 0.157935 0.158684 0.157155 0.157834 0.157065 0.156583 0.157095 0.157595 0.158582 0.15733 0.159572 0.160231 0.15844 2.695029e-02 0.965
N:5 Run:9 0.159857 0.158863 0.254932 0.363577 0.420664 0.418598 0.396364 0.448262 0.508259 0.446876 0.410939 0.440646 0.296597 0.223487 0.190027 0.172613 0.163692 0.161598 0.161037 0.159076 0.158502 2.695029e-02 0.965
N:6 Run:0 0.137415 0.149999 0.310484 0.414632 0.418755 0.465067 0.459106 0.403122 0.413978 0.406154 0.450275 0.43754 0.29363 0.223336 0.190089 0.17342 0.168957 0.164459 0.16102 0.159987 0.161104 2.695762e-02 0.963
N:6 Run:1 0.13773 0.147759 0.177838 0.177756 0.180527 0.182929 0.180554 0.179444 0.181961 0.190033 0.184553 0.182294 0.170598 0.164008 0.163036 0.158755 0.158503 0.157184 0.157451 0.158744 0.158055 2.695762e-02 0.963
N:6 Run:2 0.119295 0.139431 0.149281 0.153421 0.156075 0.157178 0.156448 0.159833 0.160918 0.16022 0.159169 0.15788 0.156379 0.15659 0.158855 0.157869 0.158338 0.158221 0.158884 0.160208 0.160914 2.695762e-02 0.963
N:6 Run:3 0.144211 0.15092 0.156913 0.158633 0.157688 0.158859 0.160503 0.161251 0.163489 0.165227 0.163074 0.164844 0.162924 0.161597 0.159365 0.16248 0.159605 0.158373 0.157839 0.15917 0.158392 2.695762e-02 0.963
N:6 Run:4 0.174958 0.166715 0.279949 0.407187 0.439132 0.409514 0.374443 0.392182 0.400635 0.450339 0.445627 0.404811 0.281536 0.218207 0.187095 0.172273 0.16515 0.162815 0.163292 0.161299 0.159363 2.695762e-02 0.963
N:6 Run:5 0.154929 0.15545 0.28364 0.389838 0.458063 0.420422 0.370901 0.411699 0.410289 0.415543 0.405298 0.38384 0.26698 0.212259 0.183672 0.172896 0.166917 0.161803 0.160865 0.16034 0.159455 2.695762e-02 0.963
N:6 Run:6 0.167991 0.162032 0.160029 0.158985 0.160769 0.159773 0.160043 0.15913 0.161052 0.160691 0.160137 0.162254 0.163899 0.162655 0.159672 0.158483 0.159557 0.159063 0.161244 0.159464 0.160172 2.695762e-02 0.963
N:6 Run:7 0.169054 0.163712 0.166859 0.175536 0.172324 0.171316 0.172068 0.166442 0.168532 0.166278 0.176012 0.170566 0.165236 0.162397 0.160007 0.158706 0.158185 0.160329 0.157849 0.159228 0.158529 2.695762e-02 0.963
N:6 Run:8 0.14985 0.154956 0.159073 0.157142 0.157842 0.158624 0.158622 0.157215 0.157935 0.158684 0.157155 0.157834 0.157065 0.156583 0.157095 0.157595 0.158582 0.15733 0.159572 0.160231 0.15844 2.695762e-02 0.963
N:6 Run:9 0.159857 0.158863 0.254932 0.363577 0.420664 0.418598 0.396364 0.448262 0.508259 0.446876 0.410939 0.440646 0.296597 0.223487 0.190027 0.172613 0.163692 0.161598 0.161037 0.159076 0.158502 2.695762e-02 0.963
N:7 Run:0 0.137415 0.149999 0.310484 0.414632 0.418755 0.465067 0.459106 0.403122 0.413978 0.406154 0.450275 0.43754 0.29363 0.223336 0.190089 0.17342 0.168957 0.164459 0.16102 0.159987 0.161104 3.000239e-02 0.967
N:7 Run:1 0.13773 0.147759 0.177838 0.177756 0.180527 0.182929 0.180554 0.179444 0.181961 0.190033 0.184553 0.182294 0.170598 0.164008 0.163036 0.158755 0.158503 0.157184 0.157451 0.158744 0.158055 3.000239e-02 0.967
N:7 Run:2 0.119295 0.139431 0.149281 0.153421 0.156075 0.157178 0.156448 0.159833 0.160918 0.16022 0.159169 0.15788 0.156379 0.15659 0.158855 0.157869 0.158338 0.158221 0.158884 0.160208 0.160914 3.000239e-02 0.967
N:7 Run:3 0.144211 0.15092 0.156913 0.158633 0.157688 0.158859 0.160503 0.161251 0.163489 0.165227 0.163074 0.164844 0.162924 0.161597 0.159365 0.16248 0.159605 0.158373 0.157839 0.15917 0.158392 3.000239e-02 0.967
N:7 Run:4 0.174958 0.166715 0.279949 0.407187 0.439132 0.409514 0.374443 0.392182 0.400635 0.450339 0.445627 0.404811 0.281536 0.218207 0.187095 0.172273 0.16515 0.162815 0.163292 0.161299 0.159363 3.000239e-02 0.967
N:7 Run:5 0.154929 0.15545 0.28364 0.389838 0.458063 0.420422 0.370901 0.411699 0.410289 0.415543 0.405298 0.38384 0.26698 0.212259 0.183672 0.172896 0.166917 0.161803 0.160865 0.16034 0.159455 3.000239e-02 0.967
N:7 Run:6 0.167991 0.162032 0.160029 0.158985 0.160769 0.159773 0.160043 0.15913 0.161052 0.160691 0.160137 0.162254 0.163899 0.162655 0.159672 0.158483 0.159557 0.159063 0.161244 0.159464 0.160172 3.000239e-02 0.967
N:7 Run:7 0.169054 0.163712 0.166859 0.175536 0.172324 0.171316 0.172068 0.166442 0.168532 0.166278 0.176012 0.170566 0.165236 0.162397 0.160007 0.158706 0.158185 0.160329 0.157849 0.159228 0.158529 3.000239e-02 0.967
N:7 Run:8 0.14985 0.154956 0.159073 0.157142 0.157842 0.158624 0.158622 0.157215 0.157935 0.158684 0.157155 0.157834 0.157065 0.156583 0.157095 0.157595 0.158582 0.15733 0.159572 0.160231 0.15844 3.000239e-02 0.967
N:7 Run:9 0.159857 0.158863 0.254932 0.363577 0.420664 0.418598 0.396364 0.448262 0.508259 0.446876 0.410939 0.440646 0.296597 0.223487 0.190027 0.172613 0.163692 0.161598 0.161037 0.159076 0.158502 3.000239e-02 0.967
N:8 Run:0 0.137415 0.149999 0.310484 0.414632 0.418755 0.465067 0.459106 0.403122 0.413978 0.406154 0.450275 0.43754 0.29363 0.223336 0.190089 0.17342 0.168957 0.164459 0.16102 0.159987 0.161104 2.742441e-02 0.962
N:8 Run:1 0.13773 0.147759 0.177838 0.177756 0.180527 0.182929 0.180554 0.179444 0.181961 0.190033 0.184553 0.182294 0.170598 0.164008 0.163036 0.158755 0.158503 0.157184 0.157451 0.158744 0.158055 2.742441e-02 0.962
N:8 Run:2 0.119295 0.139431 0.149281 0.153421 0.156075 0.157178 0.156448 0.159833 0.160918 0.16022 0.159169 0.15788 0.156379 0.15659 0.158855 0.157869 0.158338 0.158221 0.158884 0.160208 0.160914 2.742441e-02 0.962
N:8 Run:3 0.144211 0.15092 0.156913 0.158633 0.157688 0.158859 0.160503 0.161251 0.163489 0.165227 0.163074 0.164844 0.162924 0.161597 0.159365 0.16248 0.159605 0.158373 0.157839 0.15917 0.158392 2.742441e-02 0.962
N:8 Run:4 0.174958 0.166715 0.279949 0.407187 0.439132 0.409514 0.374443 0.392182 0.400635 0.450339 0.445627 0.404811 0.281536 0.218207 0.187095 0.172273 0.16515 0.162815 0.163292 0.161299 0.159363 2.742441e-02 0.962
N:8 Run:5 0.154929 0.15545 0.28364 0.389838 0.458063 0.420422 0.370901 0.411699 0.410289 0.415543 0.405298 0.38384 0.26698 0.212259 0.183672 0.172896 0.166917 0.161803 0.160865 0.16034 0.159455 2.742441e-02 0.962
N:8 Run:6 0.167991 0.162032 0.160029 0.158985 0.160769 0.159773 0.160043 0.15913 0.161052 0.160691 0.160137 0.162254 0.163899 0.162655 0.159672 0.158483 0.159557 0.159063 0.161244 0.159464 0.160172 2.742441e-02 0.962
N:8 Run:7 0.169054 0.163712 0.166859 0.175536 0.172324 0.171316 0.172068 0.166442 0.168532 0.166278 0.176012 0.170566 0.165236 0.162397 0.160007 0.158706 0.158185 0.160329 0.157849 0.159228 0.158529 2.742441e-02 0.962
N:8 Run:8 0.14985 0.154956 0.159073 0.157142 0.157842 0.158624 0.158622 0.157215 0.157935 0.158684 0.157155 0.157834 0.157065 0.156583 0.157095 0.157595 0.158582 0.15733 0.159572 0.160231 0.15844 2.742441e-02 0.962
N:8 Run:9 0.159857 0.158863 0.254932 0.363577 0.420664 0.418598 0.396364 0.448262 0.508259 0.446876 0.410939 0.440646 0.296597 0.223487 0.190027 0.172613 0.163692 0.161598 0.161037 0.159076 0.158502 2.742441e-02 0.962
N:9 Run:0 0.137415 0.149999 0.310484 0.414632 0.418755 0.465067 0.459106 0.403122 0.413978 0.406154 0.450275 0.43754 0.29363 0.223336 0.190089 0.17342 0.168957 0.164459 0.16102 0.159987 0.161104 2.996175e-02 0.966
N:9 Run:1 0.13773 0.147759 0.177838 0.177756 0.180527 0.182929 0.180554 0.179444 0.181961 0.190033 0.184553 0.182294 0.170598 0.164008 0.163036 0.158755 0.158503 0.157184 0.157451 0.158744 0.158055 2.996175e-02 0.966
N:9 Run:2 0.119295 0.139431 0.149281 0.153421 0.156075 0.157178 0.156448 0.159833 0.160918 0.16022 0.159169 0.15788 0.156379 0.15659 0.158855 0.157869 0.158338 0.158221 0.158884 0.160208 0.160914 2.996175e-02 0.966
N:9 Run:3 0.144211 0.15092 0.156913 0.158633 0.157688 0.158859 0.160503 0.161251 0.163489 0.165227 0.163074 0.164844 0.162924 0.161597 0.159365 0.16248 0.159605 0.158373 0.157839 0.15917 0.158392 2.996175e-02 0.966
N:9 Run:4 0.174958 0.166715 0.279949 0.407187 0.439132 0.409514 0.374443 0.392182 0.400635 0.450339 0.445627 0.404811 0.281536 0.218207 0.187095 0.172273 0.16515 0.162815 0.163292 0.161299 0.159363 2.996175e-02 0.966
N:9 Run:5 0.154929 0.15545 0.28364 0.389838 0.458063 0.420422 0.370901 0.411699 0.410289 0.415543 0.405298 0.38384 0.26698 0.212259 0.183672 0.172896 0.166917 0.161803 0.160865 0.16034 0.159455 2.996175e-02 0.966
N:9 Run:6 0.167991 0.162032 0.160029 0.158985 0.160769 0.159773 0.160043 0.15913 0.161052 0.160691 0.160137 0.162254 0.163899 0.162655 0.159672 0.158483 0.159557 0.159063 0.161244 0.159464 0.160172 2.996175e-02 0.966
N:9 Run:7 0.169054 0.163712 0.166859 0.175536 0.172324 0.171316 0.172068 0.166442 0.168532 0.166278 0.176012 0.170566 0.165236 0.162397 0.160007 0.158706 0.158185 0.160329 0.157849 0.159228 0.158529 2.996175e-02 0.966
N:9 Run:8 0.14985 0.154956 0.159073 0.157142 0.157842 0.158624 0.158622 0.157215 0.157935 0.158684 0.157155 0.157834 0.157065 0.156583 0.157095 0.157595 0.158582 0.15733 0.159572 0.160231 0.15844 2.996175e-02 0.966
N:9 Run:9 0.159857 0.158863 0.254932 0.363577 0.420664 0.418598 0.396364 0.448262 0.508259 0.446876 0.410939 0.440646 0.296597 0.223487 0.190027 0.172613 0.163692 0.161598 0.161037 0.159076 0.158502 2.996175e-02 0.966
N:10 Run:0 0.137415 0.149999 0.310484 0.414632 0.418755 0.465067 0.459106 0.403122 0.413978 0.406154 0.450275 0.43754 0.29363 0.223336 0.190089 0.17342 0.168957 0.164459 0.16102 0.159987 0.161104 3.001072e-02 0.961
N:10 Run:1 0.13773 0.147759 0.177838 0.177756 0.180527 0.182929 0.180554 0.179444 0.181961 0.190033 0.184553 0.182294 0.170598 0.164008 0.163036 0.158755 0.158503 0.157184 0.157451 0.158744 0.158055 3.001072e-02 0.961
N:10 Run:2 0.119295 0.139431 0.149281 0.153421 0.156075 0.157178 0.156448 0.159833 0.160918 0.16022 0.159169 0.15788 0.156379 0.15659 0.158855 0.157869 0.158338 0.158221 0.158884 0.160208 0.160914 3.001072e-02 0.961
N:10 Run:3 0.144211 0.15092 0.156913 0.158633 0.157688 0.158859 0.160503 0.161251 0.163489 0.165227 0.163074 0.164844 0.162924 0.161597 0.159365 0.16248 0.159605 0.158373 0.157839 0.15917 0.158392 3.001072e-02 0.961
N:10 Run:4 0.174958 0.166715 0.279949 0.407187 0.439132 0.409514 0.374443 0.392182 0.400635 0.450339 0.445627 0.404811 0.281536 0.218207 0.187095 0.172273 0.16515 0.162815 0.163292 0.161299 0.159363 3.001072e-02 0.961
N:10 Run:5 0.154929 0.15545 0.28364 0.389838 0.458063 0.420422 0.370901 0.411699 0.410289 0.415543 0.405298 0.38384 0.26698 0.212259 0.183672 0.172896 0.166917 0.161803 0.160865 0.16034 0.159455 3.001072e-02 0.961
N:10 Run:6 0.167991 0.162032 0.160029 0.158985 0.160769 0.159773 0.160043 0.15913 0.161052 0.160691 0.160137 0.162254 0.163899 0.162655 0.159672 0.158483 0.159557 0.159063 0.161244 0.159464 0.160172 3.001072e-02 0.961
N:10 Run:7 0.169054 0.163712 0.166859 0.175536 0.172324 0.171316 0.172068 0.166442 0.168532 0.166278 0.176012 0.170566 0.165236 0.162397 0.160007 0.158706 0.158185 0.160329 0.157849 0.159228 0.158529 3.001072e-02 0.961
N:10 Run:8 0.14985 0.154956 0.159073 0.157142 0.157842 0.158624 0.158622 0.157215 0.157935 0.158684 0.157155 0.157834 0.157065 0.156583 0.157095 0.157595 0.158582 0.15733 0.159572 0.160231 0.15844 3.001072e-02 0.961
N:10 Run:9 0.159857 0.158863 0.254932 0.363577 0.420664 0.418598 0.396364 0.448262 0.508259 0.446876 0.410939 0.440646 0.296597 0.223487 0.190027 0.172613 0.163692 0.161598 0.161037 0.159076 0.158502 3.001072e-02 0.961
N:11 Run:0 0.137415 0.149999 0.310484 0.414632 0.418755 0.465067 0.459106 0.403122 0.413978 0.406154 0.450275 0.43754 0.29363 0.223336 0.190089 0.17342 0.168957 0.164459 0.16102 0.159987 0.161104 2.915663e-02 0.962
N:11 Run:1 0.13773 0.147759 0.177838 0.177756 0.180527 0.182929 0.180554 0.179444 0.181961 0.190033 0.184553 0.182294 0.170598 0.164008 0.163036 0.158755 0.158503 0.157184 0.157451 0.158744 0.158055 2.915663e-02 0.962
N:11 Run:2 0.119295 0.139431 0.149281 0.153421 0.156075 0.157178 0.156448 0.159833 0.160918 0.16022 0.159169 0.15788 0.156379 0.15659 0.158855 0.157869 0.158338 0.158221 0.158884 0.160208 0.160914 2.915663e-02 0.962
N:11 Run:3 0.144211 0.15092 0.156913 0.158633 0.157688 0.158859 0.160503 0.161251 0.163489 0.165227 0.163074 0.164844 0.162924 0.161597 0.159365 0.16248 0.159605 0.158373 0.157839 0.15917 0.158392 2.915663e-02 0.962
N:11 Run:4 0.174958 0.166715 0.279949 0.407187 0.439132 0.409514 0.374443 0.392182 0.400635 0.450339 0.445627 0.404811 0.281536 0.218207 0.187095 0.172273 0.16515 0.162815 0.163292 0.161299 0.159363 2.915663e-02 0.962
N:11 Run:5 0.154929 0.15545 0.28364 0.389838 0.458063 0.420422 0.370901 0.411699 0.410289 0.415543 0.405298 0.38384 0.26698 0.212259 0.183672 0.172896 0.166917 0.161803 0.160865 0.16034 0.159455 2.915663e-02 0.962
N:11 Run:6 0.167991 0.162032 0.160029 0.158985 0.160769 0.159773 0.160043 0.15913 0.161052 0.160691 0.160137 0.162254 0.163899 0.162655 0.159672 0.158483 0.159557 0.159063 0.161244 0.159464 0.160172 2.915663e-02 0.962
N:11 Run:7 0.169054 0.163712 0.166859 0.175536 0.172324 0.171316 0.172068 0.166442 0.168532 0.166278 0.176012 0.170566 0.165236 0.162397 0.160007 0.158706 0.158185 0.160329 0.157849 0.159228 0.158529 2.915663e-02 0.962
N:11 Run:8 0.14985 0.154956 0.159073 0.157142 0.157842 0.158624 0.158622 0.157215 0.157935 0.158684 0.157155 0.157834 0.157065 0.156583 0.157095 0.157595 0.158582 0.15733 0.159572 0.160231 0.15844 2.915663e-02 0.962
N:11 Run:9 0.159857 0.158863 0.254932 0.363577 0.420664 0.418598 0.396364 0.448262 0.508259 0.446876 0.410939 0.440646 0.296597 0.223487 0.190027 0.172613 0.163692 0.161598 0.161037 0.159076 0.158502 2.915663e-02 0.962
N:12 Run:0 0.137415 0.149999 0.310484 0.414632 0.418755 0.465067 0.459106 0.403122 0.413978 0.406154 0.450275 0.43754 0.29363 0.223336 0.190089 0.17342 0.168957 0.164459 0.16102 0.159987 0.161104 3.016361e-02 0.962
N:12 Run:1 0.13773 0.147759 0.177838 0.177756 0.180527 0.182929 0.180554 0.179444 0.181961 0.190033 0.184553 0.182294 0.170598 0.164008 0.163036 0.158755 0.158503 0.157184 0.157451 0.158744 0.158055 3.016361e-02 0.962
N:12 Run:2 0.119295 0.139431 0.149281 0.153421 0.156075 0.157178 0.156448 0.159833 0.160918 0.16022 0.159169 0.15788 0.156379 0.15659 0.158855 0.157869 0.158338 0.158221 0.158884 0.160208 0.160914 3.016361e-02 0.962
N:12 Run:3 0.144211 0.15092 0.156913 0.158633 0.157688 0.158859 0.160503 0.161251 0.163489 0.165227 0.163074 0.164844 0.162924 0.161597 0.159365 0.16248 0.159605 0.158373 0.157839 0.15917 0.158392 3.016361e-02 0.962
N:12 Run:4 0.174958 0.166715 0.279949 0.407187 0.439132 0.409514 0.374443 0.392182 0.400635 0.450339 0.445627 0.404811 0.281536 0.218207 0.187095 0.172273 0.16515 0.162815 0.163292 0.161299 0.159363 3.016361e-02 0.962
N:12 Run:5 0.154929 0.15545 0.28364 0.389838 0.458063 0.420422 0.370901 0.411699 0.410289 0.415543 0.405298 0.38384 0.26698 0.212259 0.183672 0.172896 0.166917 0.161803 0.160865 0.16034 0.159455 3.016361e-02 0.962
N:12 Run:6 0.167991 0.162032 0.160029 0.158985 0.160769 0.159773 0.160043 0.15913 0.161052 0.160691 0.160137 0.162254 0.163899 0.162655 0.159672 0.158483 0.159557 0.159063 0.161244 0.159464 0.160172 3.016361e-02 0.962
N:12 Run:7 0.169054 0.163712 0.166859 0.175536 0.172324 0.171316 0.172068 0.166442 0.168532 0.166278 0.176012 0.170566 0.165236 0.162397 0.160007 0.158706 0.158185 0.160329 0.157849 0.159228 0.158529 3.016361e-02 0.962
N:12 Run:8 0.14985 0.154956 0.159073 0.157142 0.157842 0.158624 0.158622 0.157215 0.157935 0.158684 0.157155 0.157834 0.157065 0.156583 0.157095 0.157595 0.158582 0.15733 0.159572 0.160231 0.15844 3.016361e-02 0.962
N:12 Run:9 0.159857 0.158863 0.254932 0.363577 0.420664 0.418598 0.396364 0.448262 0.508259 0.446876 0.410939 0.440646 0.296597 0.223487 0.190027 0.172613 0.163692 0.161598 0.161037 0.159076 0.158502 3.016361e-02 0.962
N:13 Run:0 0.137415 0.149999 0.310484 0.414632 0.418755 0.465067 0.459106 0.403122 0.413978 0.406154 0.450275 0.43754 0.29363 0.223336 0.190089 0.17342 0.168957 0.164459 0.16102 0.159987 0.161104 2.914114e-02 0.961
N:13 Run:1 0.13773 0.147759 0.177838 0.177756 0.180527 0.182929 0.180554 0.179444 0.181961 0.190033 0.184553 0.182294 0.170598 0.164008 0.163036 0.158755 0.158503 0.157184 0.157451 0.158744 0.158055 2.914114e-02 0.961
N:13 Run:2 0.119295 0.139431 0.149281 0.153421 0.156075 0.157178 0.156448 0.159833 0.160918 0.16022 0.159169 0.15788 0.156379 0.15659 0.158855 0.157869 0.158338 0.158221 0.158884 0.160208 0.160914 2.914114e-02 0.961
N:13 Run:3 0.144211 0.15092 0.156913 0.158633 0.157688 0.158859 0.160503 0.161251 0.163489 0.165227 0.163074 0.164844 0.162924 0.161597 0.159365 0.16248 0.159605 0.158373 0.157839 0.15917 0.158392 2.914114e-02 0.961
N:13 Run:4 0.174958 0.166715 0.279949 0.407187 0.439132 0.409514 0.374443 0.392182 0.400635 0.450339 0.445627 0.404811 0.281536 0.218207 0.187095 0.172273 0.16515 0.162815 0.163292 0.161299 0.159363 2.914114e-02 0.961
N:13 Run:5 0.154929 0.15545 0.28364 0.389838 0.458063 0.420422 0.370901 0.411699 0.410289 0.415543 0.405298 0.38384 0.26698 0.212259 0.183672 0.172896 0.166917 0.161803 0.160865 0.16034 0.159455 2.914114e-02 0.961
N:13 Run:6 0.167991 0.162032 0.160029 0.158985 0.160769 0.159773 0.160043 0.15913 0.161052 0.160691 0.160137 0.162254 0.163899 0.162655 0.159672 0.158483 0.159557 0.159063 0.161244 0.159464 0.160172 2.914114e-02 0.961
N:13 Run:7 0.169054 0.163712 0.166859 0.175536 0.172324 0.171316 0.172068 0.166442 0.168532 0.166278 0.176012 0.170566 0.165236 0.162397 0.160007 0.158706 0.158185 0.160329 0.157849 0.159228 0.158529 2.914114e-02 0.961
N:13 Run:8 0.14985 0.154956 0.159073 0.157142 0.157842 0.158624 0.158622 0.157215 0.157935 0.158684 0.157155 0.157834 0.157065 0.156583 0.157095 0.157595 0.158582 0.15733 0.159572 0.160231 0.15844 2.914114e-02 0.961
N:13 Run:9 0.159857 0.158863 0.254932 0.363577 0.420664 0.418598 0.396364 0.448262 0.508259 0.446876 0.410939 0.440646 0.296597 0.223487 0.190027 0.172613 0.163692 0.161598 0.161037 0.159076 0.158502 2.914114e-02 0.961
N:14 Run:0 0.137415 0.149999 0.310484 0.414632 0.418755 0.465067 0.459106 0.403122 0.413978 0.406154 0.450275 0.43754 0.29363 0.223336 0.190089 0.17342 0.168957 0.164459 0.16102 0.159987 0.161104 2.990800e-02 0.961
N:14 Run:1 0.13773 0.147759 0.177838 0.177756 0.180527 0.182929 0.180554 0.179444 0.181961 0.190033 0.184553 0.182294 0.170598 0.164008 0.163036 0.158755 0.158503 0.157184 0.157451 0.158744 0.158055 2.990800e-02 0.961
N:14 Run:2 0.119295 0.139431 0.149281 0.153421 0.156075 0.157178 0.156448 0.159833 0.160918 0.16022 0.159169 0.15788 0.156379 0.15659 0.158855 0.157869 0.158338 0.158221 0.158884 0.160208 0.160914 2.990800e-02 0.961
N:14 Run:3 0.144211 0.15092 0.156913 0.158633 0.157688 0.158859 0.160503 0.161251 0.163489 0.165227 0.163074 0.164844 0.162924 0.161597 0.159365 0.16248 0.159605 0.158373 0.157839 0.15917 0.158392 2.990800e-02 0.961
N:14 Run:4 0.174958 0.166715 0.279949 0.407187 0.439132 0.409514 0.374443 0.392182 0.400635 0.450339 0.445627 0.404811 0.281536 0.218207 0.187095 0.172273 0.16515 0.162815 0.163292 0.161299 0.159363 2.990800e-02 0.961
N:14 Run:5 0.154929 0.15545 0.28364 0.389838 0.458063 0.420422 0.370901 0.411699 0.410289 0.415543 0.405298 0.38384 0.26698 0.212259 0.183672 0.172896 0.166917 0.161803 0.160865 0.16034 0.159455 2.990800e-02 0.961
N:14 Run:6 0.167991 0.162032 0.160029 0.158985 0.160769 0.159773 0.160043 0.15913 0.161052 0.160691 0.160137 0.162254 0.163899 0.162655 0.159672 0.158483 0.159557 0.159063 0.161244 0.159464 0.160172 2.990800e-02 0.961
N:14 Run:7 0.169054 0.163712 0.166859 0.175536 0.172324 0.171316 0.172068 0.166442 0.168532 0.166278 0.176012 0.170566 0.165236 0.162397 0.160007 0.158706 0.158185 0.160329 0.157849 0.159228 0.158529 2.990800e-02 0.961
N:14 Run:8 0.14985 0.154956 0.159073 0.157142 0.157842 0.158624 0.158622 0.157215 0.157935 0.158684 0.157155 0.157834 0.157065 0.156583 0.157095 0.157595 0.158582 0.15733 0.159572 0.160231 0.15844 2.990800e-02 0.961
N:14 Run:9 0.159857 0.158863 0.254932 0.363577 0.420664 0.418598 0.396364 0.448262 0.508259 0.446876 0.410939 0.440646 0.296597 0.223487 0.190027 0.172613 0.163692 0.161598 0.161037 0.159076 0.158502 2.990800e-02 0.961
N:15 Run:0 0.137415 0.149999 0.310484 0.414632 0.418755 0.465067 0.459106 0.403122 0.413978 0.406154 0.450275 0.43754 0.29363 0.223336 0.190089 0.17342 0.168957 0.164459 0.16102 0.159987 0.161104 3.008021e-02 0.961
N:15 Run:1 0.13773 0.147759 0.177838 0.177756 0.180527 0.182929 0.180554 0.179444 0.181961 0.190033 0.184553 0.182294 0.170598 0.164008 0.163036 0.158755 0.158503 0.157184 0.157451 0.158744 0.158055 3.008021e-02 0.961
N:15 Run:2 0.119295 0.139431 0.149281 0.153421 0.156075 0.157178 0.156448 0.159833 0.160918 0.16022 0.159169 0.15788 0.156379 0.15659 0.158855 0.157869 0.158338 0.158221 0.158884 0.160208 0.160914 3.008021e-02 0.961
N:15 Run:3 0.144211 0.15092 0.156913 0.158633 0.157688 0.158859 0.160503 0.161251 0.163489 0.165227 0.163074 0.164844 0.162924 0.161597 0.159365 0.16248 0.159605 0.158373 0.157839 0.15917 0.158392 3.008021e-02 0.961
N:15 Run:4 0.174958 0.166715 0.279949 0.407187 0.439132 0.409514 0.374443 0.392182 0.400635 0.450339 0.445627 0.404811 0.281536 0.218207 0.187095 0.172273 0.16515 0.162815 0.163292 0.161299 0.159363 3.008021e-02 0.961
N:15 Run:5 0.154929 0.15545 0.28364 0.389838 0.458063 0.420422 0.370901 0.411699 0.410289 0.415543 0.405298 0.38384 0.26698 0.212259 0.183672 0.172896 0.166917 0.161803 0.160865 0.16034 0.159455 3.008021e-02 0.961
N:15 Run:6 0.167991 0.162032 0.160029 0.158985 0.160769 0.159773 0.160043 0.15913 0.161052 0.160691 0.160137 0.162254 0.163899 0.162655 0.159672 0.158483 0.159557 0.159063 0.161244 0.159464 0.160172 3.008021e-02 0.961
N:15 Run:7 0.169054 0.163712 0.166859 0.175536 0.172324 0.171316 0.172068 0.166442 0.168532 0.166278 0.176012 0.170566 0.165236 0.162397 0.160007 0.158706 0.158185 0.160329 0.157849 0.159228 0.158529 3.008021e-02 0.961
N:15 Run:8 0.14985 0.154956 0.159073 0.157142 0.157842 0.158624 0.158622 0.157215 0.157935 0.158684 0.157155 0.157834 0.157065 0.156583 0.157095 0.157595 0.158582 0.15733 0.159572 0.160231 0.15844 3.008021e-02 0.961
N:15 Run:9 0.159857 0.158863 0.254932 0.363577 0.420664 0.418598 0.396364 0.448262 0.508259 0.446876 0.410939 0.440646 0.296597 0.223487 0.190027 0.172613 0.163692 0.161598 0.161037 0.159076 0.158502 3.008021e-02 0.961
N:16 Run:0 0.137415 0.149999 0.310484 0.414632 0.418755 0.465067 0.459106 0.403122 0.413978 0.406154 0.450275 0.43754 0.29363 0.223336 0.190089 0.17342 0.168957 0.164459 0.16102 0.159987 0.161104 2.995436e-02 0.961
N:16 Run:1 0.13773 0.147759 0.177838 0.177756 0.180527 0.182929 0.180554 0.179444 0.181961 0.190033 0.184553 0.182294 0.170598 0.164008 0.163036 0.158755 0.158503 0.157184 0.157451 0.158744 0.158055 2.995436e-02 0.961
N:16 Run:2 0.119295 0.139431 0.149281 0.153421 0.156075 0.157178 0.156448 0.159833 0.160918 0.16022 0.159169 0.15788 0.156379 0.15659 0.158855 0.157869 0.158338 0.158221 0.158884 0.160208 0.160914 2.995436e-02 0.961
N:16 Run:3 0.144211 0.15092 0.156913 0.158633 0.157688 0.158859 0.160503 0.161251 0.163489 0.165227 0.163074 0.164844 0.162924 0.161597 0.159365 0.16248 0.159605 0.158373 0.157839 0.15917 0.158392 2.995436e-02 0.961
N:16 Run:4 0.174958 0.166715 0.279949 0.407187 0.439132 0.409514 0.374443 0.392182 0.400635 0.450339 0.445627 0.404811 0.281536 0.218207 0.187095 0.172273 0.16515 0.162815 0.163292 0.161299 0.159363 2.995436e-02 0.961
N:16 Run:5 0.154929 0.15545 0.28364 0.389838 0.458063 0.420422 0.370901 0.411699 0.410289 0.415543 0.405298 0.38384 0.26698 0.212259 0.183672 0.172896 0.166917 0.161803 0.160865 0.16034 0.159455 2.995436e-02 0.961
N:16 Run:6 0.167991 0.162032 0.160029 0.158985 0.160769 0.159773 0.160043 0.15913 0.161052 0.160691 0.160137 0.162254 0.163899 0.162655 0.159672 0.158483 0.159557 0.159063 0.161244 0.159464 0.160172 2.995436e-02 0.961
N:16 Run:7 0.169054 0.163712 0.166859 0.175536 0.172324 0.171316 0.172068 0.166442 0.168532 0.166278 0.176012 0.170566 0.165236 0.162397 0.160007 0.158706 0.158185 0.160329 0.157849 0.159228 0.158529 2.995436e-02 0.961
N:16 Run:8 0.14985 0.154956 0.159073 0.157142 0.157842 0.158624 0.158622 0.157215 0.157935 0.158684 0.157155 0.157834 0.157065 0.156583 0.157095 0.157595 0.158582 0.15733 0.159572 0.160231 0.15844 2.995436e-02 0.961
N:16 Run:9 0.159857 0.158863 0.254932 0.363577 0.420664 0.418598 0.396364 0.448262 0.508259 0.446876 0.410939 0.440646 0.296597 0.223487 0.190027 0.172613 0.163692 0.161598 0.161037 0.159076 0.158502 2.995436e-02 0.961
N:17 Run:0 0.137415 0.149999 0.310484 0.414632 0.418755 0.465067 0.459106 0.403122 0.413978 0.406154 0.450275 0.43754 0.29363 0.223336 0.190089 0.17342 0.168957 0.164459 0.16102 0.159987 0.161104 2.977392e-02 0.959
N:17 Run:1 0.13773 0.147759 0.177838 0.177756 0.180527 0.182929 0.180554 0.179444 0.181961 0.190033 0.184553 0.182294 0.170598 0.164008 0.163036 0.158755 0.158503 0.157184 0.157451 0.158744 0.158055 2.977392e-02 0.959
N:17 Run:2 0.119295 0.139431 0.149281 0.153421 0.156075 0.157178 0.156448 0.159833 0.160918 0.16022 0.159169 0.15788 0.156379 0.15659 0.158855 0.157869 0.158338 0.158221 0.158884 0.160208 0.160914 2.977392e-02 0.959
N:17 Run:3 0.144211 0.15092 0.156913 0.158633 0.157688 0.158859 0.160503 0.161251 0.163489 0.165227 0.163074 0.164844 0.162924 0.161597 0.159365 0.16248 0.159605 0.158373 0.157839 0.15917 0.158392 2.977392e-02 0.959
N:17 Run:4 0.174958 0.166715 0.279949 0.407187 0.439132 0.409514 0.374443 0.392182 0.400635 0.450339 0.445627 0.404811 0.281536 0.218207 0.187095 0.172273 0.16515 0.162815 0.163292 0.161299 0.159363 2.977392e-02 0.959
N:17 Run:5 0.154929 0.15545 0.28364 0.389838 0.458063 0.420422 0.370901 0.411699 0.410289 0.415543 0.405298 0.38384 0.26698 0.212259 0.183672 0.172896 0.166917 0.161803 0.160865 0.16034 0.159455 2.977392e-02 0.959
N:17 Run:6 0.167991 0.162032 0.160029 0.158985 0.160769 0.159773 0.160043 0.15913 0.161052 0.160691 0.160137 0.162254 0.163899 0.162655 0.159672 0.158483 0.159557 0.159063 0.161244 0.159464 0.160172 2.977392e-02 0.959
N:17 Run:7 0.169054 0.163712 0.166859 0.175536 0.172324 0.171316 0.172068 0.166442 0.168532 0.166278 0.176012 0.170566 0.165236 0.162397 0.160007 0.158706 0.158185 0.160329 0.157849 0.159228 0.158529 2.977392e-02 0.959
N:17 Run:8 0.14985 0.154956 0.159073 0.157142 0.157842 0.158624 0.158622 0.157215 0.157935 0.158684 0.157155 0.157834 0.157065 0.156583 0.157095 0.157595 0.158582 0.15733 0.159572 0.160231 0.15844 2.977392e-02 0.959
N:17 Run:9 0.159857 0.158863 0.254932 0.363577 0.420664 0.418598 0.396364 0.448262 0.508259 0.446876 0.410939 0.440646 0.296597 0.223487 0.190027 0.172613 0.163692 0.161598 0.161037 0.159076 0.158502 2.977392e-02 0.959
N:18 Run:0 0.137415 0.149999 0.310484 0.414632 0.418755 0.465067 0.459106 0.403122 0.413978 0.406154 0.450275 0.43754 0.29363 0.223336 0.190089 0.17342 0.168957 0.164459 0.16102 0.159987 0.161104 2.983982e-02 0.961
N:18 Run:1 0.13773 0.147759 0.177838 0.177756 0.180527 0.182929 0.180554 0.179444 0.181961 0.190033 0.184553 0.182294 0.170598 0.164008 0.163036 0.158755 0.158503 0.157184 0.157451 0.158744 0.158055 2.983982e-02 0.961
N:18 Run:2 0.119295 0.139431 0.149281 0.153421 0.156075 0.157178 0.156448 0.159833 0.160918 0.16022 0.159169 0.15788 0.156379 0.15659 0.158855 0.157869 0.158338 0.158221 0.158884 0.160208 0.160914 2.983982e-02 0.961
N:18 Run:3 0.144211 0.15092 0.156913 0.158633 0.157688 0.158859 0.160503 0.161251 0.163489 0.165227 0.163074 0.164844 0.162924 0.161597 0.159365 0.16248 0.159605 0.158373 0.157839 0.15917 0.158392 2.983982e-02 0.961
N:18 Run:4 0.174958 0.166715 0.279949 0.407187 0.439132 0.409514 0.374443 0.392182 0.400635 0.450339 0.445627 0.404811 0.281536 0.218207 0.187095 0.172273 0.16515 0.162815 0.163292 0.161299 0.159363 2.983982e-02 0.961
N:18 Run:5 0.154929 0.15545 0.28364 0.389838 0.458063 0.420422 0.370901 0.411699 0.410289 0.415543 0.405298 0.38384 0.26698 0.212259 0.183672 0.172896 0.166917 0.161803 0.160865 0.16034 0.159455 2.983982e-02 0.961
N:18 Run:6 0.167991 0.162032 0.160029 0.158985 0.160769 0.159773 0.160043 0.15913 0.161052 0.160691 0.160137 0.162254 0.163899 0.162655 0.159672 0.158483 0.159557 0.159063 0.161244 0.159464 0.160172 2.983982e-02 0.961
N:18 Run:7 0.169054 0.163712 0.166859 0.175536 0.172324 0.171316 0.172068 0.166442 0.168532 0.166278 0.176012 0.170566 0.165236 0.162397 0.160007 0.158706 0.158185 0.160329 0.157849 0.159228 0.158529 2.983982e-02 0.961
N:18 Run:8 0.14985 0.154956 0.159073 0.157142 0.157842 0.158624 0.158622 0.157215 0.157935 0.158684 0.157155 0.157834 0.157065 0.156583 0.157095 0.157595 0.158582 0.15733 0.159572 0.160231 0.15844 2.983982e-02 0.961
N:18 Run:9 0.159857 0.158863 0.254932 0.363577 0.420664 0.418598 0.396364 0.448262 0.508259 0.446876 0.410939 0.440646 0.296597 0.223487 0.190027 0.172613 0.163692 0.161598 0.161037 0.159076 0.158502 2.983982e-02 0.961
N:19 Run:0 0.137415 0.149857 0.334198 0.436013 0.428006 0.47927 0.467684 0.400533 0.410212 0.400099 0.447601 0.439056 0.292107 0.221432 0.188436 0.172241 0.167954 0.163598 0.160283 0.159343 0.160541 2.672063e-02 0.967
N:19 Run:1 0.13773 0.147678 0.1821 0.180936 0.183916 0.186521 0.183509 0.181999 0.184985 0.194602 0.188003 0.185435 0.171813 0.164241 0.16277 0.158441 0.158063 0.15674 0.156989 0.158272 0.157559 2.672063e-02 0.967
N:19 Run:2 0.119295 0.139417 0.149202 0.15321 0.155781 0.156784 0.15611 0.159474 0.160366 0.159664 0.158604 0.157354 0.155947 0.156117 0.158342 0.157393 0.157837 0.157777 0.158379 0.159688 0.160369 2.672063e-02 0.967
N:19 Run:3 0.144211 0.150806 0.156714 0.158421 0.157408 0.158647 0.160386 0.161109 0.163479 0.165398 0.163105 0.164998 0.1629 0.161427 0.15905 0.162233 0.159227 0.157989 0.157389 0.158713 0.157915 2.672063e-02 0.967
N:19 Run:4 0.174958 0.166271 0.295421 0.420161 0.448584 0.408747 0.364726 0.382609 0.392363 0.449325 0.453938 0.402463 0.278324 0.215456 0.185077 0.170892 0.164157 0.162036 0.162471 0.160455 0.158692 2.672063e-02 0.967
N:19 Run:5 0.154929 0.155188 0.299905 0.403248 0.467864 0.419172 0.365513 0.406336 0.40396 0.40882 0.396473 0.370313 0.258549 0.207156 0.180581 0.171105 0.16567 0.160953 0.16009 0.159697 0.158839 2.672063e-02 0.967
N:19 Run:6 0.167991 0.161759 0.159695 0.15862 0.160435 0.159423 0.159809 0.158891 0.16091 0.160607 0.15998 0.16219 0.163792 0.162457 0.159388 0.158107 0.159113 0.158635 0.160679 0.158866 0.159615 2.672063e-02 0.967
N:19 Run:7 0.169054 0.163336 0.167258 0.177402 0.173734 0.172729 0.173496 0.16723 0.169623 0.167059 0.178512 0.172048 0.165729 0.162277 0.159633 0.158226 0.157698 0.15986 0.157375 0.158806 0.158089 2.672063e-02 0.967
N:19 Run:8 0.14985 0.154702 0.158693 0.156772 0.157349 0.158093 0.158053 0.1567 0.1574 0.158034 0.156626 0.157309 0.156503 0.156115 0.156624 0.157137 0.158172 0.156917 0.159044 0.159722 0.157936 2.672063e-02 0.967
N:19 Run:9 0.159857 0.158576 0.26076 0.365354 0.419306 0.412101 0.3859 0.443607 0.512447 0.442875 0.400285 0.432963 0.290579 0.219427 0.187337 0.1709 0.162609 0.160729 0.160293 0.158421 0.157827 2.672063e-02 0.967
N:20 Run:0 0.137415 0.149857 0.334198 0.436013 0.428006 0.47927 0.467684 0.400533 0.410212 0.400099 0.447601 0.439056 0.292107 0.221432 0.188436 0.172241 0.167954 0.163598 0.160283 0.159343 0.160541 2.991001e-02 0.959
N:20 Run:1 0.13773 0.147678 0.1821 0.180936 0.183916 0.186521 0.183509 0.181999 0.184985 0.194602 0.188003 0.185435 0.171813 0.164241 0.16277 0.158441 0.158063 0.15674 0.156989 0.158272 0.157559 2.991001e-02 0.959
N:20 Run:2 0.119295 0.139417 0.149202 0.15321 0.155781 0.156784 0.15611 0.159474 0.160366 0.159664 0.158604 0.157354 0.155947 0.156117 0.158342 0.157393 0.157837 0.157777 0.158379 0.159688 0.160369 2.991001e-02 0.959
N:20 Run:3 0.144211 0.150806 0.156714 0.158421 0.157408 0.158647 0.160386 0.161109 0.163479 0.165398 0.163105 0.164998 0.1629 0.161427 0.15905 0.162233 0.159227 0.157989 0.157389 0.158713 0.157915 2.991001e-02 0.959
N:20 Run:4 0.174958 0.166271 0.295421 0.420161 0.448584 0.408747 0.364726 0.382609 0.392363 0.449325 0.453938 0.402463 0.278324 0.215456 0.185077 0.170892 0.164157 0.162036 0.162471 0.160455 0.158692 2.991001e-02 0.959
N:20 Run:5 0.154929 0.155188 0.299905 0.403248 0.467864 0.419172 0.365513 0.406336 0.40396 0.40882 0.396473 0.370313 0.258549 0.207156 0.180581 0.171105 0.16567 0.160953 0.16009 0.159697 0.158839 2.991001e-02 0.959
N:20 Run:6 0.167991 0.161759 0.159695 0.15862 0.160435 0.159423 0.159809 0.158891 0.16091 0.160607 0.15998 0.16219 0.163792 0.162457 0.159388 0.158107 0.159113 0.158635 0.160679 0.158866 0.159615 2.991001e-02 0.959
N:20 Run:7 0.169054 0.163336 0.167258 0.177402 0.173734 0.172729 0.173496 0.16723 0.169623 0.167059 0.178512 0.172048 0.165729 0.162277 0.159633 0.158226 0.157698 0.15986 0.157375 0.158806 0.158089 2.991001e-02 0.959
N:20 Run:8 0.14985 0.154702 0.158693 0.156772 0.157349 0.158093 0.158053 0.1567 0.1574 0.158034 0.156626 0.157309 0.156503 0.156115 0.156624 0.157137 0.158172 0.156917 0.159044 0.159722 0.157936 2.991001e-02 0.959
N:20 Run:9 0.159857 0.158576 0.26076 0.365354 0.419306 0.412101 0.3859 0.443607 0.512447 0.442875 0.400285 0.432963 0.290579 0.219427 0.187337 0.1709 0.162609 0.160729 0.160293 0.158421 0.157827 2.991001e-02 0.959
N:21 Run:0 0.137415 0.149857 0.334198 0.436013 0.428006 0.47927 0.467684 0.400533 0.410212 0.400099 0.447601 0.439056 0.292107 0.221432 0.188436 0.172241 0.167954 0.163598 0.160283 0.159343 0.160541 2.978261e-02 0.961
N:21 Run:1 0.13773 0.147678 0.1821 0.180936 0.183916 0.186521 0.183509 0.181999 0.184985 0.194602 0.188003 0.185435 0.171813 0.164241 0.16277 0.158441 0.158063 0.15674 0.156989 0.158272 0.157559 2.978261e-02 0.961
N:21 Run:2 0.119295 0.139417 0.149202 0.15321 0.155781 0.156784 0.15611 0.159474 0.160366 0.159664 0.158604 0.157354 0.155947 0.156117 0.158342 0.157393 0.157837 0.157777 0.158379 0.159688 0.160369 2.978261e-02 0.961
N:21 Run:3 0.144211 0.150806 0.156714 0.158421 0.157408 0.158647 0.160386 0.161109 0.163479 0.165398 0.163105 0.164998 0.1629 0.161427 0.15905 0.162233 0.159227 0.157989 0.157389 0.158713 0.157915 2.978261e-02 0.961
N:21 Run:4 0.174958 0.166271 0.295421 0.420161 0.448584 0.408747 0.364726 0.382609 0.392363 0.449325 0.453938 0.402463 0.278324 0.215456 0.185077 0.170892 0.164157 0.162036 0.162471 0.160455 0.158692 2.978261e-02 0.961
N:21 Run:5 0.154929 0.155188 0.299905 0.403248 0.467864 0.419172 0.365513 0.406336 0.40396 0.40882 0.396473 0.370313 0.258549 0.207156 0.180581 0.171105 0.16567 0.160953 0.16009 0.159697 0.158839 2.978261e-02 0.961
N:21 Run:6 0.167991 0.161759 0.159695 0.15862 0.160435 0.159423 0.159809 0.158891 0.16091 0.160607 0.15998 0.16219 0.163792 0.162457 0.159388 0.158107 0.159113 0.158635 0.160679 0.158866 0.159615 2.978261e-02 0.961
N:21 Run:7 0.169054 0.163336 0.167258 0.177402 0.173734 0.172729 0.173496 0.16723 0.169623 0.167059 0.178512 0.172048 0.165729 0.162277 0.159633 0.158226 0.157698 0.15986 0.157375 0.158806 0.158089 2.978261e-02 0.961
N:21 Run:8 0.14985 0.154702 0.158693 0.156772 0.157349 0.158093 0.158053 0.1567 0.1574 0.158034 0.156626 0.157309 0.156503 0.156115 0.156624 0.157137 0.158172 0.156917 0.159044 0.159722 0.157936 2.978261e-02 0.961
N:21 Run:9 0.159857 0.158576 0.26076 0.365354 0.419306 0.412101 0.3859 0.443607 0.512447 0.442875 0.400285 0.432963 0.290579 0.219427 0.187337 0.1709 0.162609 0.160729 0.160293 0.158421 0.157827 2.978261e-02 0.961
N:22 Run:0 0.137415 0.149857 0.334198 0.436013 0.428006 0.47927 0.467684 0.400533 0.410212 0.400099 0.447601 0.439056 0.292107 0.221432 0.188436 0.172241 0.167954 0.163598 0.160283 0.159343 0.160541 2.938226e-02 0.966
N:22 Run:1 0.13773 0.147678 0.1821 0.180936 0.183916 0.186521 0.183509 0.181999 0.184985 0.194602 0.188003 0.185435 0.171813 0.164241 0.16277 0.158441 0.158063 0.15674 0.156989 0.158272 0.157559 2.938226e-02 0.966
N:22 Run:2 0.119295 0.139417 0.149202 0.15321 0.155781 0.156784 0.15611 0.159474 0.160366 0.159664 0.158604 0.157354 0.155947 0.156117 0.158342 0.157393 0.157837 0.157777 0.158379 0.159688 0.160369 2.938226e-02 0.966
N:22 Run:3 0.144211 0.150806 0.156714 0.158421 0.157408 0.158647 0.160386 0.161109 0.163479 0.165398 0.163105 0.164998 0.1629 0.161427 0.15905 0.162233 0.159227 0.157989 0.157389 0.158713 0.157915 2.938226e-02 0.966
N:22 Run:4 0.174958 0.166271 0.295421 0.420161 0.448584 0.408747 0.364726 0.382609 0.392363 0.449325 0.453938 0.402463 0.278324 0.215456 0.185077 0.170892 0.164157 0.162036 0.162471 0.160455 0.158692 2.938226e-02 0.966
N:22 Run:5 0.154929 0.155188 0.299905 0.403248 0.467864 0.419172 0.365513 0.406336 0.40396 0.40882 0.396473 0.370313 0.258549 0.207156 0.180581 0.171105 0.16567 0.160953 0.16009 0.159697 0.158839 2.938226e-02 0.966
N:22 Run:6 0.167991 0.161759 0.159695 0.15862 0.160435 0.159423 0.159809 0.158891 0.16091 0.160607 0.15998 0.16219 0.163792 0.162457 0.159388 0.158107 0.159113 0.158635 0.160679 0.158866 0.159615 2.938226e-02 0.966
N:22 Run:7 0.169054 0.163336 0.167258 0.177402 0.173734 0.172729 0.173496 0.16723 0.169623 0.167059 0.178512 0.172048 0.165729 0.162277 0.159633 0.158226 0.157698 0.15986 0.157375 0.158806 0.158089 2.938226e-02 0.966
N:22 Run:8 0.14985 0.154702 0.158693 0.156772 0.157349 0.158093 0.158053 0.1567 0.1574 0.158034 0.156626 0.157309 0.156503 0.156115 0.156624 0.157137 0.158172 0.156917 0.159044 0.159722 0.157936 2.938226e-02 0.966
N:22 Run:9 0.159857 0.158576 0.26076 0.365354 0.419306 0.412101 0.3859 0.443607 0.512447 0.442875 0.400285 0.432963 0.290579 0.219427 0.187337 0.1709 0.162609 0.160729 0.160293 0.158421 0.157827 2.938226e-02 0.966
N:23 Run:0 0.137415 0.149857 0.334198 0.436013 0.428006 0.47927 0.467684 0.400533 0.410212 0.400099 0.447601 0.439056 0.292107 0.221432 0.188436 0.172241 0.167954 0.163598 0.160283 0.159343 0.160541 2.958697e-02 0.959
N:23 Run:1 0.13773 0.147678 0.1821 0.180936 0.183916 0.186521 0.183509 0.181999 0.184985 0.194602 0.188003 0.185435 0.171813 0.164241 0.16277 0.158441 0.158063 0.15674 0.156989 0.158272 0.157559 2.958697e-02 0.959
N:23 Run:2 0.119295 0.139417 0.149202 0.15321 0.155781 0.156784 0.15611 0.159474 0.160366 0.159664 0.158604 0.157354 0.155947 0.156117 0.158342 0.157393 0.157837 0.157777 0.158379 0.159688 0.160369 2.958697e-02 0.959
N:23 Run:3 0.144211 0.150806 0.156714 0.158421 0.157408 0.158647 0.160386 0.161109 0.163479 0.165398 0.163105 0.164998 0.1629 0.161427 0.15905 0.162233 0.159227 0.157989 0.157389 0.158713 0.157915 2.958697e-02 0.959
N:23 Run:4 0.174958 0.166271 0.295421 0.420161 0.448584 0.408747 0.364726 0.382609 0.392363 0.449325 0.453938 0.402463 0.278324 0.215456 0.185077 0.170892 0.164157 0.162036 0.162471 0.160455 0.158692 2.958697e-02 0.959
N:23 Run:5 0.154929 0.155188 0.299905 0.403248 0.467864 0.419172 0.365513 0.406336 0.40396 0.40882 0.396473 0.370313 0.258549 0.207156 0.180581 0.171105 0.16567 0.160953 0.16009 0.159697 0.158839 2.958697e-02 0.959
N:23 Run:6 0.167991 0.161759 0.159695 0.15862 0.160435 0.159423 0.159809 0.158891 0.16091 0.160607 0.15998 0.16219 0.163792 0.162457 0.159388 0.158107 0.159113 0.158635 0.160679 0.158866 0.159615 2.958697e-02 0.959
N:23 Run:7 0.169054 0.163336 0.167258 0.177402 0.173734 0.172729 0.173496 0.16723 0.169623 0.167059 0.178512 0.172048 0.165729 0.162277 0.159633 0.158226 0.157698 0.15986 0.157375 0.158806 0.158089 2.958697e-02 0.959
N:23 Run:8 0.14985 0.154702 0.158693 0.156772 0.157349 0.158093 0.158053 0.1567 0.1574 0.158034 0.156626 0.157309 0.156503 0.156115 0.156624 0.157137 0.158172 0.156917 0.159044 0.159722 0.157936 2.958697e-02 0.959
N:23 Run:9 0.159857 0.158576 0.26076 0.365354 0.419306 0.412101 0.3859 0.443607 0.512447 0.442875 0.400285 0.432963 0.290579 0.219427 0.187337 0.1709 0.162609 0.160729 0.160293 0.158421 0.157827 2.958697e-02 0.959
N:24 Run:0 0.137415 0.149857 0.334198 0.436013 0.428006 0.47927 0.467684 0.400533 0.410212 0.400099 0.447601 0.439056 0.292107 0.221432 0.188436 0.172241 0.167954 0.163598 0.160283 0.159343 0.160541 3.016309e-02 0.960
N:24 Run:1 0.13773 0.147678 0.1821 0.180936 0.183916 0.186521 0.183509 0.181999 0.184985 0.194602 0.188003 0.185435 0.171813 0.164241 0.16277 0.158441 0.158063 0.15674 0.156989 0.158272 0.157559 3.016309e-02 0.960
N:24 Run:2 0.119295 0.139417 0.149202 0.15321 0.155781 0.156784 0.15611 0.159474 0.160366 0.159664 0.158604 0.157354 0.155947 0.156117 0.158342 0.157393 0.157837 0.157777 0.158379 0.159688 0.160369 3.016309e-02 0.960
N:24 Run:3 0.144211 0.150806 0.156714 0.158421 0.157408 0.158647 0.160386 0.161109 0.163479 0.165398 0.163105 0.164998 0.1629 0.161427 0.15905 0.162233 0.159227 0.157989 0.157389 0.158713 0.157915 3.016309e-02 0.960
N:24 Run:4 0.174958 0.166271 0.295421 0.420161 0.448584 0.408747 0.364726 0.382609 0.392363 0.449325 0.453938 0.402463 0.278324 0.215456 0.185077 0.170892 0.164157 0.162036 0.162471 0.160455 0.158692 3.016309e-02 0.960
N:24 Run:5 0.154929 0.155188 0.299905 0.403248 0.467864 0.419172 0.365513 0.406336 0.40396 0.40882 0.396473 0.370313 0.258549 0.207156 0.180581 0.171105 0.16567 0.160953 0.16009 0.159697 0.158839 3.016309e-02 0.960
N:24 Run:6 0.167991 0.161759 0.159695 0.15862 0.160435 0.159423 0.159809 0.158891 0.16091 0.160607 0.15998 0.16219 0.163792 0.162457 0.159388 0.158107 0.159113 0.158635 0.160679 0.158866 0.159615 3.016309e-02 0.960
N:24 Run:7 0.169054 0.163336 0.167258 0.177402 0.173734 0.172729 0.173496 0.16723 0.169623 0.167059 0.178512 0.172048 0.165729 0.162277 0.159633 0.158226 0.157698 0.15986 0.157375 0.158806 0.158089 3.016309e-02 0.960
N:24 Run:8 0.14985 0.154702 0.158693 0.156772 0.157349 0.158093 0.158053 0.1567 0.1574 0.158034 0.156626 0.157309 0.156503 0.156115 0.156624 0.157137 0.158172 0.156917 0.159044 0.159722 0.157936 3.016309e-02 0.960
N:24 Run:9 0.159857 0.158576 0.26076 0.365354 0.419306 0.412101 0.3859 0.443607 0.512447 0.442875 0.400285 0.432963 0.290579 0.219427 0.187337 0.1709 0.162609 0.160729 0.160293 0.158421 0.157827 3.016309e-02 0.960
N:25 Run:0 0.137415 0.149857 0.334198 0.436013 0.428006 0.47927 0.467684 0.400533 0.410212 0.400099 0.447601 0.439056 0.292107 0.221432 0.188436 0.172241 0.167954 0.163598 0.160283 0.159343 0.160541 2.906258e-02 0.967
N:25 Run:1 0.13773 0.147678 0.1821 0.180936 0.183916 0.186521 0.183509 0.181999 0.184985 0.194602 0.188003 0.185435 0.171813 0.164241 0.16277 0.158441 0.158063 0.15674 0.156989 0.158272 0.157559 2.906258e-02 0.967
N:25 Run:2 0.119295 0.139417 0.149202 0.15321 0.155781 0.156784 0.15611 0.159474 0.160366 0.159664 0.158604 0.157354 0.155947 0.156117 0.158342 0.157393 0.157837 0.157777 0.158379 0.159688 0.160369 2.906258e-02 0.967
N:25 Run:3 0.144211 0.150806 0.156714 0.158421 0.157408 0.158647 0.160386 0.161109 0.163479 0.165398 0.163105 0.164998 0.1629 0.161427 0.15905 0.162233 0.159227 0.157989 0.157389 0.158713 0.157915 2.906258e-02 0.967
N:25 Run:4 0.174958 0.166271 0.295421 0.420161 0.448584 0.408747 0.364726 0.382609 0.392363 0.449325 0.453938 0.402463 0.278324 0.215456 0.185077 0.170892 0.164157 0.162036 0.162471 0.160455 0.158692 2.906258e-02 0.967
N:25 Run:5 0.154929 0.155188 0.299905 0.403248 0.467864 0.419172 0.365513 0.406336 0.40396 0.40882 0.396473 0.370313 0.258549 0.207156 0.180581 0.171105 0.16567 0.160953 0.16009 0.159697 0.158839 2.906258e-02 0.967
N:25 Run:6 0.167991 0.161759 0.159695 0.15862 0.160435 0.159423 0.159809 0.158891 0.16091 0.160607 0.15998 0.16219 0.163792 0.162457 0.159388 0.158107 0.159113 0.158635 0.160679 0.158866 0.159615 2.906258e-02 0.967
N:25 Run:7 0.169054 0.163336 0.167258 0.177402 0.173734 0.172729 0.173496 0.16723 0.169623 0.167059 0.178512 0.172048 0.165729 0.162277 0.159633 0.158226 0.157698 0.15986 0.157375 0.158806 0.158089 2.906258e-02 0.967
N:25 Run:8 0.14985 0.154702 0.158693 0.156772 0.157349 0.158093 0.158053 0.1567 0.1574 0.158034 0.156626 0.157309 0.156503 0.156115 0.156624 0.157137 0.158172 0.156917 0.159044 0.159722 0.157936 2.906258e-02 0.967
N:25 Run:9 0.159857 0.158576 0.26076 0.365354 0.419306 0.412101 0.3859 0.443607 0.512447 0.442875 0.400285 0.432963 0.290579 0.219427 0.187337 0.1709 0.162609 0.160729 0.160293 0.158421 0.157827 2.906258e-02 0.967
N:26 Run:0 0.137415 0.149857 0.334198 0.436013 0.428006 0.47927 0.467684 0.400533 0.410212 0.400099 0.447601 0.439056 0.292107 0.221432 0.188436 0.172241 0.167954 0.163598 0.160283 0.159343 0.160541 2.922052e-02 0.963
N:26 Run:1 0.13773 0.147678 0.1821 0.180936 0.183916 0.186521 0.183509 0.181999 0.184985 0.194602 0.188003 0.185435 0.171813 0.164241 0.16277 0.158441 0.158063 0.15674 0.156989 0.158272 0.157559 2.922052e-02 0.963
N:26 Run:2 0.119295 0.139417 0.149202 0.15321 0.155781 0.156784 0.15611 0.159474 0.160366 0.159664 0.158604 0.157354 0.155947 0.156117 0.158342 0.157393 0.157837 0.157777 0.158379 0.159688 0.160369 2.922052e-02 0.963
N:26 Run:3 0.144211 0.150806 0.156714 0.158421 0.157408 0.158647 0.160386 0.161109 0.163479 0.165398 0.163105 0.164998 0.1629 0.161427 0.15905 0.162233 0.159227 0.157989 0.157389 0.158713 0.157915 2.922052e-02 0.963
N:26 Run:4 0.174958 0.166271 0.295421 0.420161 0.448584 0.408747 0.364726 0.382609 0.392363 0.449325 0.453938 0.402463 0.278324 0.215456 0.185077 0.170892 0.164157 0.162036 0.162471 0.160455 0.158692 2.922052e-02 0.963
N:26 Run:5 0.154929 0.155188 0.299905 0.403248 0.467864 0.419172 0.365513 0.406336 0.40396 0.40882 0.396473 0.370313 0.258549 0.207156 0.180581 0.171105 0.16567 0.160953 0.16009 0.159697 0.158839 2.922052e-02 0.963
N:26 Run:6 0.167991 0.161759 0.159695 0.15862 0.160435 0.159423 0.159809 0.158891 0.16091 0.160607 0.15998 0.16219 0.163792 0.162457 0.159388 0.158107 0.159113 0.158635 0.160679 0.158866 0.159615 2.922052e-02 0.963
N:26 Run:7 0.169054 0.163336 0.167258 0.177402 0.173734 0.172729 0.173496 0.16723 0.169623 0.167059 0.178512 0.172048 0.165729 0.162277 0.159633 0.158226 0.157698 0.15986 0.157375 0.158806 0.158089 2.922052e-02 0.963
N:26 Run:8 0.14985 0.154702 0.158693 0.156772 0.157349 0.158093 0.158053 0.1567 0.1574 0.158034 0.156626 0.157309 0.156503 0.156115 0.156624 0.157137 0.158172 0.156917 0.159044 0.159722 0.157936 2.922052e-02 0.963
N:26 Run:9 0.159857 0.158576 0.26076 0.365354 0.419306 0.412101 0.3859 0.443607 0.512447 0.442875 0.400285 0.432963 0.290579 0.219427 0.187337 0.1709 0.162609 0.160729 0.160293 0.158421 0.157827 2.922052e-02 0.963
N:27 Run:0 0.137415 0.149857 0.334198 0.436013 0.428006 0.47927 0.467684 0.400533 0.410212 0.400099 0.447601 0.439056 0.292107 0.221432 0.188436 0.172241 0.167954 0.163598 0.160283 0.159343 0.160541 3.020239e-02 0.959
N:27 Run:1 0.13773 0.147678 0.1821 0.180936 0.183916 0.186521 0.183509 0.181999 0.184985 0.194602 0.188003 0.185435 0.171813 0.164241 0.16277 0.158441 0.158063 0.15674 0.156989 0.158272 0.157559 3.020239e-02 0.959
N:27 Run:2 0.119295 0.139417 0.149202 0.15321 0.155781 0.156784 0.15611 0.159474 0.160366 0.159664 0.158604 0.157354 0.155947 0.156117 0.158342 0.157393 0.157837 0.157777 0.158379 0.159688 0.160369 3.020239e-02 0.959
N:27 Run:3 0.144211 0.150806 0.156714 0.158421 0.157408 0.158647 0.160386 0.161109 0.163479 0.165398 0.163105 0.164998 0.1629 0.161427 0.15905 0.162233 0.159227 0.157989 0.157389 0.158713 0.157915 3.020239e-02 0.959
N:27 Run:4 0.174958 0.166271 0.295421 0.420161 0.448584 0.408747 0.364726 0.382609 0.392363 0.449325 0.453938 0.402463 0.278324 0.215456 0.185077 0.170892 0.164157 0.162036 0.162471 0.160455 0.158692 3.020239e-02 0.959
N:27 Run:5 0.154929 0.155188 0.299905 0.403248 0.467864 0.419172 0.365513 0.406336 0.40396 0.40882 0.396473 0.370313 0.258549 0.207156 0.180581 0.171105 0.16567 0.160953 0.16009 0.159697 0.158839 3.020239e-02 0.959
N:27 Run:6 0.167991 0.161759 0.159695 0.15862 0.160435 0.159423 0.159809 0.158891 0.16091 0.160607 0.15998 0.16219 0.163792 0.162457 0.159388 0.158107 0.159113 0.158635 0.160679 0.158866 0.159615 3.020239e-02 0.959
N:27 Run:7 0.169054 0.163336 0.167258 0.177402 0.173734 0.172729 0.173496 0.16723 0.169623 0.167059 0.178512 0.172048 0.165729 0.162277 0.159633 0.158226 0.157698 0.15986 0.157375 0.158806 0.158089 3.020239e-02 0.959
N:27 Run:8 0.14985 0.154702 0.158693 0.156772 0.157349 0.158093 0.158053 0.1567 0.1574 0.158034 0.156626 0.157309 0.156503 0.156115 0.156624 0.157137 0.158172 0.156917 0.159044 0.159722 0.157936 3.020239e-02 0.959
N:27 Run:9 0.159857 0.158576 0.26076 0.365354 0.419306 0.412101 0.3859 0.443607 0.512447 0.442875 0.400285 0.432963 0.290579 0.219427 0.187337 0.1709 0.162609 0.160729 0.160293 0.158421 0.157827 3.020239e-02 0.959
N:28 Run:0 0.137415 0.14923 0.348083 0.426439 0.446282 0.495109 0.482896 0.420504 0.415814 0.401746 0.452103 0.464519 0.3124 0.233074 0.195384 0.175715 0.173642 0.167088 0.161078 0.159265 0.159418 2.671747e-02 0.964
N:28 Run:1 0.13773 0.145858 0.194144 0.192202 0.195402 0.201172 0.195274 0.201804 0.204114 0.223975 0.21658 0.211572 0.184108 0.169322 0.165576 0.157707 0.155563 0.15339 0.153255 0.156774 0.156081 2.671747e-02 0.964
N:28 Run:2 0.119295 0.137964 0.144448 0.147354 0.149248 0.149946 0.149383 0.151478 0.152992 0.151906 0.15187 0.151241 0.151029 0.152493 0.156303 0.154979 0.156193 0.155497 0.15724 0.158051 0.160852 2.671747e-02 0.964
N:28 Run:3 0.144211 0.14957 0.15712 0.157802 0.155373 0.156339 0.159408 0.160518 0.162997 0.166149 0.162437 0.164917 0.160785 0.15978 0.156589 0.160819 0.157666 0.156067 0.154793 0.157745 0.155954 2.671747e-02 0.964
N:28 Run:4 0.174958 0.165698 0.286206 0.393386 0.433543 0.398575 0.359426 0.371372 0.380562 0.425085 0.466137 0.418324 0.302418 0.231841 0.193234 0.174536 0.165887 0.161741 0.164258 0.162911 0.159104 2.671747e-02 0.964
N:28 Run:5 0.154929 0.153853 0.302296 0.389357 0.444035 0.416014 0.376741 0.384592 0.384596 0.40514 0.39038 0.369672 0.264674 0.216482 0.185094 0.173445 0.167225 0.160658 0.160836 0.160064 0.158771 2.671747e-02 0.964
N:28 Run:6 0.167991 0.159925 0.158116 0.155889 0.158683 0.156152 0.154598 0.153413 0.156683 0.156597 0.155738 0.157463 0.162231 0.16029 0.156701 0.155089 0.155927 0.1555 0.158139 0.156294 0.156047 2.671747e-02 0.964
N:28 Run:7 0.169054 0.164665 0.1688 0.184571 0.177061 0.176288 0.177452 0.166873 0.171003 0.167274 0.181432 0.170153 0.163307 0.162187 0.158631 0.157424 0.155621 0.160174 0.155743 0.157624 0.156301 2.671747e-02 0.964
N:28 Run:8 0.14985 0.15343 0.156494 0.1535 0.153954 0.153965 0.154421 0.153049 0.153768 0.155382 0.153035 0.152943 0.153274 0.152979 0.154382 0.155055 0.155972 0.153989 0.158354 0.158272 0.155328 2.671747e-02 0.964
N:28 Run:9 0.159857 0.15768 0.276301 0.366551 0.401295 0.400656 0.384818 0.425421 0.493851 0.442034 0.407589 0.423704 0.298377 0.224189 0.191383 0.171837 0.161243 0.160017 0.159443 0.157037 0.15613 2.671747e-02 0.964
N:29 Run:0 0.137415 0.14923 0.348083 0.426439 0.446282 0.495109 0.482896 0.420504 0.415814 0.401746 0.452103 0.464519 0.3124 0.233074 0.195384 0.175715 0.173642 0.167088 0.161078 0.159265 0.159418 3.002963e-02 0.961
N:29 Run:1 0.13773 0.145858 0.194144 0.192202 0.195402 0.201172 0.195274 0.201804 0.204114 0.223975 0.21658 0.211572 0.184108 0.169322 0.165576 0.157707 0.155563 0.15339 0.153255 0.156774 0.156081 3.002963e-02 0.961
N:29 Run:2 0.119295 0.137964 0.144448 0.147354 0.149248 0.149946 0.149383 0.151478 0.152992 0.151906 0.15187 0.151241 0.151029 0.152493 0.156303 0.154979 0.156193 0.155497 0.15724 0.158051 0.160852 3.002963e-02 0.961
N:29 Run:3 0.144211 0.14957 0.15712 0.157802 0.155373 0.156339 0.159408 0.160518 0.162997 0.166149 0.162437 0.164917 0.160785 0.15978 0.156589 0.160819 0.157666 0.156067 0.154793 0.157745 0.155954 3.002963e-02 0.961
N:29 Run:4 0.174958 0.165698 0.286206 0.393386 0.433543 0.398575 0.359426 0.371372 0.380562 0.425085 0.466137 0.418324 0.302418 0.231841 0.193234 0.174536 0.165887 0.161741 0.164258 0.162911 0.159104 3.002963e-02 0.961
N:29 Run:5 0.154929 0.153853 0.302296 0.389357 0.444035 0.416014 0.376741 0.384592 0.384596 0.40514 0.39038 0.369672 0.264674 0.216482 0.185094 0.173445 0.167225 0.160658 0.160836 0.160064 0.158771 3.002963e-02 0.961
N:29 Run:6 0.167991 0.159925 0.158116 0.155889 0.158683 0.156152 0.154598 0.153413 0.156683 0.156597 0.155738 0.157463 0.162231 0.16029 0.156701 0.155089 0.155927 0.1555 0.158139 0.156294 0.156047 3.002963e-02 0.961
N:29 Run:7 0.169054 0.164665 0.1688 0.184571 0.177061 0.176288 0.177452 0.166873 0.171003 0.167274 0.181432 0.170153 0.163307 0.162187 0.158631 0.157424 0.155621 0.160174 0.155743 0.157624 0.156301 3.002963e-02 0.961
N:29 Run:8 0.14985 0.15343 0.156494 0.1535 0.153954 0.153965 0.154421 0.153049 0.153768 0.155382 0.153035 0.152943 0.153274 0.152979 0.154382 0.155055 0.155972 0.153989 0.158354 0.158272 0.155328 3.002963e-02 0.961
N:29 Run:9 0.159857 0.15768 0.276301 0.366551 0.401295 0.400656 0.384818 0.425421 0.493851 0.442034 0.407589 0.423704 0.298377 0.224189 0.191383 0.171837 0.161243 0.160017 0.159443 0.157037 0.15613 3.002963e-02 0.961
