Seed:1578434710
N:0 Run:0 0.235556 0.21463 0.206627 0.204036 0.20136 0.190602 0.174459 0.168091 0.168799 0.159684 0.153223 0.140352 0.133069 0.134656 0.135621 0.140583 0.170032 0.169483 0.175378 0.177009 0.185214 1.101550e-01 0.883
N:0 Run:1 0.289525 0.259185 0.302398 0.290047 0.273617 0.236651 0.189619 0.168728 0.139753 0.126408 0.116741 0.10867 0.0966175 0.099658 0.108151 0.113079 0.127644 0.142247 0.153833 0.178932 0.179845 1.101550e-01 0.883
N:0 Run:2 0.170623 0.175743 0.181656 0.165755 0.138052 0.111034 0.0869927 0.0678538 0.0539039 0.0434188 0.0371891 0.0328417 0.0355638 0.0482407 0.0745686 0.0888287 0.107779 0.121241 0.141075 0.153318 0.154349 1.101550e-01 0.883
N:0 Run:3 0.232039 0.220582 0.21042 0.211245 0.198843 0.201348 0.187602 0.188107 0.184903 0.186327 0.180138 0.177855 0.174985 0.176881 0.1682 0.165154 0.155754 0.156694 0.171276 0.171769 0.195866 1.101550e-01 0.883
N:0 Run:4 0.239437 0.233515 0.219401 0.210083 0.20725 0.206421 0.21193 0.235645 0.212163 0.213959 0.216703 0.228467 0.22919 0.204684 0.197254 0.192073 0.183964 0.185908 0.196484 0.206943 0.212747 1.101550e-01 0.883
N:0 Run:5 0.240374 0.226632 0.214662 0.215245 0.204661 0.215394 0.203561 0.186971 0.186273 0.174667 0.178711 0.176092 0.182696 0.1759 0.176254 0.169587 0.163719 0.172711 0.180362 0.18131 0.188693 1.101550e-01 0.883
N:0 Run:6 0.184531 0.181963 0.179376 0.170687 0.149672 0.14328 0.13385 0.117732 0.120569 0.113295 0.103285 0.101418 0.107122 0.124057 0.132854 0.125883 0.124369 0.123201 0.127724 0.135153 0.137672 1.101550e-01 0.883
N:0 Run:7 0.223806 0.206247 0.193226 0.189811 0.190943 0.186149 0.189687 0.198225 0.188619 0.195399 0.191224 0.194033 0.194182 0.201421 0.197856 0.18431 0.173197 0.170545 0.159038 0.156673 0.152937 1.101550e-01 0.883
N:0 Run:8 0.202749 0.195319 0.267571 0.628804 0.683719 0.60935 0.659011 0.590514 0.460391 0.394925 0.374157 0.32866 0.254756 0.221985 0.188821 0.179155 0.178138 0.169407 0.185594 0.181116 0.18344 1.101550e-01 0.883
N:0 Run:9 0.242902 0.227078 0.225453 0.22333 0.210526 0.203382 0.197799 0.191707 0.189276 0.194932 0.185264 0.189901 0.20226 0.201052 0.211231 0.192923 0.18147 0.177908 0.183298 0.188101 0.183417 1.101550e-01 0.883
N:1 Run:0 0.235556 0.21463 0.206627 0.204036 0.20136 0.190602 0.174459 0.168091 0.168799 0.159684 0.153223 0.140352 0.133069 0.134656 0.135621 0.140583 0.170032 0.169483 0.175378 0.177009 0.185214 1.128818e-01 0.743
N:1 Run:1 0.289525 0.259185 0.302398 0.290047 0.273617 0.236651 0.189619 0.168728 0.139753 0.126408 0.116741 0.10867 0.0966175 0.099658 0.108151 0.113079 0.127644 0.142247 0.153833 0.178932 0.179845 1.128818e-01 0.743
N:1 Run:2 0.170623 0.175743 0.181656 0.165755 0.138052 0.111034 0.0869927 0.0678538 0.0539039 0.0434188 0.0371891 0.0328417 0.0355638 0.0482407 0.0745686 0.0888287 0.107779 0.121241 0.141075 0.153318 0.154349 1.128818e-01 0.743
N:1 Run:3 0.232039 0.220582 0.21042 0.211245 0.198843 0.201348 0.187602 0.188107 0.184903 0.186327 0.180138 0.177855 0.174985 0.176881 0.1682 0.165154 0.155754 0.156694 0.171276 0.171769 0.195866 1.128818e-01 0.743
N:1 Run:4 0.239437 0.233515 0.219401 0.210083 0.20725 0.206421 0.21193 0.235645 0.212163 0.213959 0.216703 0.228467 0.22919 0.204684 0.197254 0.192073 0.183964 0.185908 0.196484 0.206943 0.212747 1.128818e-01 0.743
N:1 Run:5 0.240374 0.226632 0.214662 0.215245 0.204661 0.215394 0.203561 0.186971 0.186273 0.174667 0.178711 0.176092 0.182696 0.1759 0.176254 0.169587 0.163719 0.172711 0.180362 0.18131 0.188693 1.128818e-01 0.743
N:1 Run:6 0.184531 0.181963 0.179376 0.170687 0.149672 0.14328 0.13385 0.117732 0.120569 0.113295 0.103285 0.101418 0.107122 0.124057 0.132854 0.125883 0.124369 0.123201 0.127724 0.135153 0.137672 1.128818e-01 0.743
N:1 Run:7 0.223806 0.206247 0.193226 0.189811 0.190943 0.186149 0.189687 0.198225 0.188619 0.195399 0.191224 0.194033 0.194182 0.201421 0.197856 0.18431 0.173197 0.170545 0.159038 0.156673 0.152937 1.128818e-01 0.743
N:1 Run:8 0.202749 0.195319 0.267571 0.628804 0.683719 0.60935 0.659011 0.590514 0.460391 0.394925 0.374157 0.32866 0.254756 0.221985 0.188821 0.179155 0.178138 0.169407 0.185594 0.181116 0.18344 1.128818e-01 0.743
N:1 Run:9 0.242902 0.227078 0.225453 0.22333 0.210526 0.203382 0.197799 0.191707 0.189276 0.194932 0.185264 0.189901 0.20226 0.201052 0.211231 0.192923 0.18147 0.177908 0.183298 0.188101 0.183417 1.128818e-01 0.743
N:2 Run:0 0.235556 0.21463 0.206627 0.204036 0.20136 0.190602 0.174459 0.168091 0.168799 0.159684 0.153223 0.140352 0.133069 0.134656 0.135621 0.140583 0.170032 0.169483 0.175378 0.177009 0.185214 1.222512e-01 0.733
N:2 Run:1 0.289525 0.259185 0.302398 0.290047 0.273617 0.236651 0.189619 0.168728 0.139753 0.126408 0.116741 0.10867 0.0966175 0.099658 0.108151 0.113079 0.127644 0.142247 0.153833 0.178932 0.179845 1.222512e-01 0.733
N:2 Run:2 0.170623 0.175743 0.181656 0.165755 0.138052 0.111034 0.0869927 0.0678538 0.0539039 0.0434188 0.0371891 0.0328417 0.0355638 0.0482407 0.0745686 0.0888287 0.107779 0.121241 0.141075 0.153318 0.154349 1.222512e-01 0.733
N:2 Run:3 0.232039 0.220582 0.21042 0.211245 0.198843 0.201348 0.187602 0.188107 0.184903 0.186327 0.180138 0.177855 0.174985 0.176881 0.1682 0.165154 0.155754 0.156694 0.171276 0.171769 0.195866 1.222512e-01 0.733
N:2 Run:4 0.239437 0.233515 0.219401 0.210083 0.20725 0.206421 0.21193 0.235645 0.212163 0.213959 0.216703 0.228467 0.22919 0.204684 0.197254 0.192073 0.183964 0.185908 0.196484 0.206943 0.212747 1.222512e-01 0.733
N:2 Run:5 0.240374 0.226632 0.214662 0.215245 0.204661 0.215394 0.203561 0.186971 0.186273 0.174667 0.178711 0.176092 0.182696 0.1759 0.176254 0.169587 0.163719 0.172711 0.180362 0.18131 0.188693 1.222512e-01 0.733
N:2 Run:6 0.184531 0.181963 0.179376 0.170687 0.149672 0.14328 0.13385 0.117732 0.120569 0.113295 0.103285 0.101418 0.107122 0.124057 0.132854 0.125883 0.124369 0.123201 0.127724 0.135153 0.137672 1.222512e-01 0.733
N:2 Run:7 0.223806 0.206247 0.193226 0.189811 0.190943 0.186149 0.189687 0.198225 0.188619 0.195399 0.191224 0.194033 0.194182 0.201421 0.197856 0.18431 0.173197 0.170545 0.159038 0.156673 0.152937 1.222512e-01 0.733
N:2 Run:8 0.202749 0.195319 0.267571 0.628804 0.683719 0.60935 0.659011 0.590514 0.460391 0.394925 0.374157 0.32866 0.254756 0.221985 0.188821 0.179155 0.178138 0.169407 0.185594 0.181116 0.18344 1.222512e-01 0.733
N:2 Run:9 0.242902 0.227078 0.225453 0.22333 0.210526 0.203382 0.197799 0.191707 0.189276 0.194932 0.185264 0.189901 0.20226 0.201052 0.211231 0.192923 0.18147 0.177908 0.183298 0.188101 0.183417 1.222512e-01 0.733
N:3 Run:0 0.235556 0.21463 0.206627 0.204036 0.20136 0.190602 0.174459 0.168091 0.168799 0.159684 0.153223 0.140352 0.133069 0.134656 0.135621 0.140583 0.170032 0.169483 0.175378 0.177009 0.185214 1.259758e-01 0.719
N:3 Run:1 0.289525 0.259185 0.302398 0.290047 0.273617 0.236651 0.189619 0.168728 0.139753 0.126408 0.116741 0.10867 0.0966175 0.099658 0.108151 0.113079 0.127644 0.142247 0.153833 0.178932 0.179845 1.259758e-01 0.719
N:3 Run:2 0.170623 0.175743 0.181656 0.165755 0.138052 0.111034 0.0869927 0.0678538 0.0539039 0.0434188 0.0371891 0.0328417 0.0355638 0.0482407 0.0745686 0.0888287 0.107779 0.121241 0.141075 0.153318 0.154349 1.259758e-01 0.719
N:3 Run:3 0.232039 0.220582 0.21042 0.211245 0.198843 0.201348 0.187602 0.188107 0.184903 0.186327 0.180138 0.177855 0.174985 0.176881 0.1682 0.165154 0.155754 0.156694 0.171276 0.171769 0.195866 1.259758e-01 0.719
N:3 Run:4 0.239437 0.233515 0.219401 0.210083 0.20725 0.206421 0.21193 0.235645 0.212163 0.213959 0.216703 0.228467 0.22919 0.204684 0.197254 0.192073 0.183964 0.185908 0.196484 0.206943 0.212747 1.259758e-01 0.719
N:3 Run:5 0.240374 0.226632 0.214662 0.215245 0.204661 0.215394 0.203561 0.186971 0.186273 0.174667 0.178711 0.176092 0.182696 0.1759 0.176254 0.169587 0.163719 0.172711 0.180362 0.18131 0.188693 1.259758e-01 0.719
N:3 Run:6 0.184531 0.181963 0.179376 0.170687 0.149672 0.14328 0.13385 0.117732 0.120569 0.113295 0.103285 0.101418 0.107122 0.124057 0.132854 0.125883 0.124369 0.123201 0.127724 0.135153 0.137672 1.259758e-01 0.719
N:3 Run:7 0.223806 0.206247 0.193226 0.189811 0.190943 0.186149 0.189687 0.198225 0.188619 0.195399 0.191224 0.194033 0.194182 0.201421 0.197856 0.18431 0.173197 0.170545 0.159038 0.156673 0.152937 1.259758e-01 0.719
N:3 Run:8 0.202749 0.195319 0.267571 0.628804 0.683719 0.60935 0.659011 0.590514 0.460391 0.394925 0.374157 0.32866 0.254756 0.221985 0.188821 0.179155 0.178138 0.169407 0.185594 0.181116 0.18344 1.259758e-01 0.719
N:3 Run:9 0.242902 0.227078 0.225453 0.22333 0.210526 0.203382 0.197799 0.191707 0.189276 0.194932 0.185264 0.189901 0.20226 0.201052 0.211231 0.192923 0.18147 0.177908 0.183298 0.188101 0.183417 1.259758e-01 0.719
N:4 Run:0 0.235556 0.21463 0.206627 0.204036 0.20136 0.190602 0.174459 0.168091 0.168799 0.159684 0.153223 0.140352 0.133069 0.134656 0.135621 0.140583 0.170032 0.169483 0.175378 0.177009 0.185214 1.225984e-01 0.736
N:4 Run:1 0.289525 0.259185 0.302398 0.290047 0.273617 0.236651 0.189619 0.168728 0.139753 0.126408 0.116741 0.10867 0.0966175 0.099658 0.108151 0.113079 0.127644 0.142247 0.153833 0.178932 0.179845 1.225984e-01 0.736
N:4 Run:2 0.170623 0.175743 0.181656 0.165755 0.138052 0.111034 0.0869927 0.0678538 0.0539039 0.0434188 0.0371891 0.0328417 0.0355638 0.0482407 0.0745686 0.0888287 0.107779 0.121241 0.141075 0.153318 0.154349 1.225984e-01 0.736
N:4 Run:3 0.232039 0.220582 0.21042 0.211245 0.198843 0.201348 0.187602 0.188107 0.184903 0.186327 0.180138 0.177855 0.174985 0.176881 0.1682 0.165154 0.155754 0.156694 0.171276 0.171769 0.195866 1.225984e-01 0.736
N:4 Run:4 0.239437 0.233515 0.219401 0.210083 0.20725 0.206421 0.21193 0.235645 0.212163 0.213959 0.216703 0.228467 0.22919 0.204684 0.197254 0.192073 0.183964 0.185908 0.196484 0.206943 0.212747 1.225984e-01 0.736
N:4 Run:5 0.240374 0.226632 0.214662 0.215245 0.204661 0.215394 0.203561 0.186971 0.186273 0.174667 0.178711 0.176092 0.182696 0.1759 0.176254 0.169587 0.163719 0.172711 0.180362 0.18131 0.188693 1.225984e-01 0.736
N:4 Run:6 0.184531 0.181963 0.179376 0.170687 0.149672 0.14328 0.13385 0.117732 0.120569 0.113295 0.103285 0.101418 0.107122 0.124057 0.132854 0.125883 0.124369 0.123201 0.127724 0.135153 0.137672 1.225984e-01 0.736
N:4 Run:7 0.223806 0.206247 0.193226 0.189811 0.190943 0.186149 0.189687 0.198225 0.188619 0.195399 0.191224 0.194033 0.194182 0.201421 0.197856 0.18431 0.173197 0.170545 0.159038 0.156673 0.152937 1.225984e-01 0.736
N:4 Run:8 0.202749 0.195319 0.267571 0.628804 0.683719 0.60935 0.659011 0.590514 0.460391 0.394925 0.374157 0.32866 0.254756 0.221985 0.188821 0.179155 0.178138 0.169407 0.185594 0.181116 0.18344 1.225984e-01 0.736
N:4 Run:9 0.242902 0.227078 0.225453 0.22333 0.210526 0.203382 0.197799 0.191707 0.189276 0.194932 0.185264 0.189901 0.20226 0.201052 0.211231 0.192923 0.18147 0.177908 0.183298 0.188101 0.183417 1.225984e-01 0.736
N:5 Run:0 0.235556 0.21463 0.206627 0.204036 0.20136 0.190602 0.174459 0.168091 0.168799 0.159684 0.153223 0.140352 0.133069 0.134656 0.135621 0.140583 0.170032 0.169483 0.175378 0.177009 0.185214 1.192940e-01 0.774
N:5 Run:1 0.289525 0.259185 0.302398 0.290047 0.273617 0.236651 0.189619 0.168728 0.139753 0.126408 0.116741 0.10867 0.0966175 0.099658 0.108151 0.113079 0.127644 0.142247 0.153833 0.178932 0.179845 1.192940e-01 0.774
N:5 Run:2 0.170623 0.175743 0.181656 0.165755 0.138052 0.111034 0.0869927 0.0678538 0.0539039 0.0434188 0.0371891 0.0328417 0.0355638 0.0482407 0.0745686 0.0888287 0.107779 0.121241 0.141075 0.153318 0.154349 1.192940e-01 0.774
N:5 Run:3 0.232039 0.220582 0.21042 0.211245 0.198843 0.201348 0.187602 0.188107 0.184903 0.186327 0.180138 0.177855 0.174985 0.176881 0.1682 0.165154 0.155754 0.156694 0.171276 0.171769 0.195866 1.192940e-01 0.774
N:5 Run:4 0.239437 0.233515 0.219401 0.210083 0.20725 0.206421 0.21193 0.235645 0.212163 0.213959 0.216703 0.228467 0.22919 0.204684 0.197254 0.192073 0.183964 0.185908 0.196484 0.206943 0.212747 1.192940e-01 0.774
N:5 Run:5 0.240374 0.226632 0.214662 0.215245 0.204661 0.215394 0.203561 0.186971 0.186273 0.174667 0.178711 0.176092 0.182696 0.1759 0.176254 0.169587 0.163719 0.172711 0.180362 0.18131 0.188693 1.192940e-01 0.774
N:5 Run:6 0.184531 0.181963 0.179376 0.170687 0.149672 0.14328 0.13385 0.117732 0.120569 0.113295 0.103285 0.101418 0.107122 0.124057 0.132854 0.125883 0.124369 0.123201 0.127724 0.135153 0.137672 1.192940e-01 0.774
N:5 Run:7 0.223806 0.206247 0.193226 0.189811 0.190943 0.186149 0.189687 0.198225 0.188619 0.195399 0.191224 0.194033 0.194182 0.201421 0.197856 0.18431 0.173197 0.170545 0.159038 0.156673 0.152937 1.192940e-01 0.774
N:5 Run:8 0.202749 0.195319 0.267571 0.628804 0.683719 0.60935 0.659011 0.590514 0.460391 0.394925 0.374157 0.32866 0.254756 0.221985 0.188821 0.179155 0.178138 0.169407 0.185594 0.181116 0.18344 1.192940e-01 0.774
N:5 Run:9 0.242902 0.227078 0.225453 0.22333 0.210526 0.203382 0.197799 0.191707 0.189276 0.194932 0.185264 0.189901 0.20226 0.201052 0.211231 0.192923 0.18147 0.177908 0.183298 0.188101 0.183417 1.192940e-01 0.774
N:6 Run:0 0.235556 0.21463 0.206627 0.204036 0.20136 0.190602 0.174459 0.168091 0.168799 0.159684 0.153223 0.140352 0.133069 0.134656 0.135621 0.140583 0.170032 0.169483 0.175378 0.177009 0.185214 1.361115e-01 0.718
N:6 Run:1 0.289525 0.259185 0.302398 0.290047 0.273617 0.236651 0.189619 0.168728 0.139753 0.126408 0.116741 0.10867 0.0966175 0.099658 0.108151 0.113079 0.127644 0.142247 0.153833 0.178932 0.179845 1.361115e-01 0.718
N:6 Run:2 0.170623 0.175743 0.181656 0.165755 0.138052 0.111034 0.0869927 0.0678538 0.0539039 0.0434188 0.0371891 0.0328417 0.0355638 0.0482407 0.0745686 0.0888287 0.107779 0.121241 0.141075 0.153318 0.154349 1.361115e-01 0.718
N:6 Run:3 0.232039 0.220582 0.21042 0.211245 0.198843 0.201348 0.187602 0.188107 0.184903 0.186327 0.180138 0.177855 0.174985 0.176881 0.1682 0.165154 0.155754 0.156694 0.171276 0.171769 0.195866 1.361115e-01 0.718
N:6 Run:4 0.239437 0.233515 0.219401 0.210083 0.20725 0.206421 0.21193 0.235645 0.212163 0.213959 0.216703 0.228467 0.22919 0.204684 0.197254 0.192073 0.183964 0.185908 0.196484 0.206943 0.212747 1.361115e-01 0.718
N:6 Run:5 0.240374 0.226632 0.214662 0.215245 0.204661 0.215394 0.203561 0.186971 0.186273 0.174667 0.178711 0.176092 0.182696 0.1759 0.176254 0.169587 0.163719 0.172711 0.180362 0.18131 0.188693 1.361115e-01 0.718
N:6 Run:6 0.184531 0.181963 0.179376 0.170687 0.149672 0.14328 0.13385 0.117732 0.120569 0.113295 0.103285 0.101418 0.107122 0.124057 0.132854 0.125883 0.124369 0.123201 0.127724 0.135153 0.137672 1.361115e-01 0.718
N:6 Run:7 0.223806 0.206247 0.193226 0.189811 0.190943 0.186149 0.189687 0.198225 0.188619 0.195399 0.191224 0.194033 0.194182 0.201421 0.197856 0.18431 0.173197 0.170545 0.159038 0.156673 0.152937 1.361115e-01 0.718
N:6 Run:8 0.202749 0.195319 0.267571 0.628804 0.683719 0.60935 0.659011 0.590514 0.460391 0.394925 0.374157 0.32866 0.254756 0.221985 0.188821 0.179155 0.178138 0.169407 0.185594 0.181116 0.18344 1.361115e-01 0.718
N:6 Run:9 0.242902 0.227078 0.225453 0.22333 0.210526 0.203382 0.197799 0.191707 0.189276 0.194932 0.185264 0.189901 0.20226 0.201052 0.211231 0.192923 0.18147 0.177908 0.183298 0.188101 0.183417 1.361115e-01 0.718
N:7 Run:0 0.235556 0.21463 0.206627 0.204036 0.20136 0.190602 0.174459 0.168091 0.168799 0.159684 0.153223 0.140352 0.133069 0.134656 0.135621 0.140583 0.170032 0.169483 0.175378 0.177009 0.185214 1.214060e-01 0.726
N:7 Run:1 0.289525 0.259185 0.302398 0.290047 0.273617 0.236651 0.189619 0.168728 0.139753 0.126408 0.116741 0.10867 0.0966175 0.099658 0.108151 0.113079 0.127644 0.142247 0.153833 0.178932 0.179845 1.214060e-01 0.726
N:7 Run:2 0.170623 0.175743 0.181656 0.165755 0.138052 0.111034 0.0869927 0.0678538 0.0539039 0.0434188 0.0371891 0.0328417 0.0355638 0.0482407 0.0745686 0.0888287 0.107779 0.121241 0.141075 0.153318 0.154349 1.214060e-01 0.726
N:7 Run:3 0.232039 0.220582 0.21042 0.211245 0.198843 0.201348 0.187602 0.188107 0.184903 0.186327 0.180138 0.177855 0.174985 0.176881 0.1682 0.165154 0.155754 0.156694 0.171276 0.171769 0.195866 1.214060e-01 0.726
N:7 Run:4 0.239437 0.233515 0.219401 0.210083 0.20725 0.206421 0.21193 0.235645 0.212163 0.213959 0.216703 0.228467 0.22919 0.204684 0.197254 0.192073 0.183964 0.185908 0.196484 0.206943 0.212747 1.214060e-01 0.726
N:7 Run:5 0.240374 0.226632 0.214662 0.215245 0.204661 0.215394 0.203561 0.186971 0.186273 0.174667 0.178711 0.176092 0.182696 0.1759 0.176254 0.169587 0.163719 0.172711 0.180362 0.18131 0.188693 1.214060e-01 0.726
N:7 Run:6 0.184531 0.181963 0.179376 0.170687 0.149672 0.14328 0.13385 0.117732 0.120569 0.113295 0.103285 0.101418 0.107122 0.124057 0.132854 0.125883 0.124369 0.123201 0.127724 0.135153 0.137672 1.214060e-01 0.726
N:7 Run:7 0.223806 0.206247 0.193226 0.189811 0.190943 0.186149 0.189687 0.198225 0.188619 0.195399 0.191224 0.194033 0.194182 0.201421 0.197856 0.18431 0.173197 0.170545 0.159038 0.156673 0.152937 1.214060e-01 0.726
N:7 Run:8 0.202749 0.195319 0.267571 0.628804 0.683719 0.60935 0.659011 0.590514 0.460391 0.394925 0.374157 0.32866 0.254756 0.221985 0.188821 0.179155 0.178138 0.169407 0.185594 0.181116 0.18344 1.214060e-01 0.726
N:7 Run:9 0.242902 0.227078 0.225453 0.22333 0.210526 0.203382 0.197799 0.191707 0.189276 0.194932 0.185264 0.189901 0.20226 0.201052 0.211231 0.192923 0.18147 0.177908 0.183298 0.188101 0.183417 1.214060e-01 0.726
N:8 Run:0 0.235556 0.21463 0.206627 0.204036 0.20136 0.190602 0.174459 0.168091 0.168799 0.159684 0.153223 0.140352 0.133069 0.134656 0.135621 0.140583 0.170032 0.169483 0.175378 0.177009 0.185214 1.191303e-01 0.718
N:8 Run:1 0.289525 0.259185 0.302398 0.290047 0.273617 0.236651 0.189619 0.168728 0.139753 0.126408 0.116741 0.10867 0.0966175 0.099658 0.108151 0.113079 0.127644 0.142247 0.153833 0.178932 0.179845 1.191303e-01 0.718
N:8 Run:2 0.170623 0.175743 0.181656 0.165755 0.138052 0.111034 0.0869927 0.0678538 0.0539039 0.0434188 0.0371891 0.0328417 0.0355638 0.0482407 0.0745686 0.0888287 0.107779 0.121241 0.141075 0.153318 0.154349 1.191303e-01 0.718
N:8 Run:3 0.232039 0.220582 0.21042 0.211245 0.198843 0.201348 0.187602 0.188107 0.184903 0.186327 0.180138 0.177855 0.174985 0.176881 0.1682 0.165154 0.155754 0.156694 0.171276 0.171769 0.195866 1.191303e-01 0.718
N:8 Run:4 0.239437 0.233515 0.219401 0.210083 0.20725 0.206421 0.21193 0.235645 0.212163 0.213959 0.216703 0.228467 0.22919 0.204684 0.197254 0.192073 0.183964 0.185908 0.196484 0.206943 0.212747 1.191303e-01 0.718
N:8 Run:5 0.240374 0.226632 0.214662 0.215245 0.204661 0.215394 0.203561 0.186971 0.186273 0.174667 0.178711 0.176092 0.182696 0.1759 0.176254 0.169587 0.163719 0.172711 0.180362 0.18131 0.188693 1.191303e-01 0.718
N:8 Run:6 0.184531 0.181963 0.179376 0.170687 0.149672 0.14328 0.13385 0.117732 0.120569 0.113295 0.103285 0.101418 0.107122 0.124057 0.132854 0.125883 0.124369 0.123201 0.127724 0.135153 0.137672 1.191303e-01 0.718
N:8 Run:7 0.223806 0.206247 0.193226 0.189811 0.190943 0.186149 0.189687 0.198225 0.188619 0.195399 0.191224 0.194033 0.194182 0.201421 0.197856 0.18431 0.173197 0.170545 0.159038 0.156673 0.152937 1.191303e-01 0.718
N:8 Run:8 0.202749 0.195319 0.267571 0.628804 0.683719 0.60935 0.659011 0.590514 0.460391 0.394925 0.374157 0.32866 0.254756 0.221985 0.188821 0.179155 0.178138 0.169407 0.185594 0.181116 0.18344 1.191303e-01 0.718
N:8 Run:9 0.242902 0.227078 0.225453 0.22333 0.210526 0.203382 0.197799 0.191707 0.189276 0.194932 0.185264 0.189901 0.20226 0.201052 0.211231 0.192923 0.18147 0.177908 0.183298 0.188101 0.183417 1.191303e-01 0.718
N:9 Run:0 0.235556 0.21463 0.206627 0.204036 0.20136 0.190602 0.174459 0.168091 0.168799 0.159684 0.153223 0.140352 0.133069 0.134656 0.135621 0.140583 0.170032 0.169483 0.175378 0.177009 0.185214 1.147926e-01 0.762
N:9 Run:1 0.289525 0.259185 0.302398 0.290047 0.273617 0.236651 0.189619 0.168728 0.139753 0.126408 0.116741 0.10867 0.0966175 0.099658 0.108151 0.113079 0.127644 0.142247 0.153833 0.178932 0.179845 1.147926e-01 0.762
N:9 Run:2 0.170623 0.175743 0.181656 0.165755 0.138052 0.111034 0.0869927 0.0678538 0.0539039 0.0434188 0.0371891 0.0328417 0.0355638 0.0482407 0.0745686 0.0888287 0.107779 0.121241 0.141075 0.153318 0.154349 1.147926e-01 0.762
N:9 Run:3 0.232039 0.220582 0.21042 0.211245 0.198843 0.201348 0.187602 0.188107 0.184903 0.186327 0.180138 0.177855 0.174985 0.176881 0.1682 0.165154 0.155754 0.156694 0.171276 0.171769 0.195866 1.147926e-01 0.762
N:9 Run:4 0.239437 0.233515 0.219401 0.210083 0.20725 0.206421 0.21193 0.235645 0.212163 0.213959 0.216703 0.228467 0.22919 0.204684 0.197254 0.192073 0.183964 0.185908 0.196484 0.206943 0.212747 1.147926e-01 0.762
N:9 Run:5 0.240374 0.226632 0.214662 0.215245 0.204661 0.215394 0.203561 0.186971 0.186273 0.174667 0.178711 0.176092 0.182696 0.1759 0.176254 0.169587 0.163719 0.172711 0.180362 0.18131 0.188693 1.147926e-01 0.762
N:9 Run:6 0.184531 0.181963 0.179376 0.170687 0.149672 0.14328 0.13385 0.117732 0.120569 0.113295 0.103285 0.101418 0.107122 0.124057 0.132854 0.125883 0.124369 0.123201 0.127724 0.135153 0.137672 1.147926e-01 0.762
N:9 Run:7 0.223806 0.206247 0.193226 0.189811 0.190943 0.186149 0.189687 0.198225 0.188619 0.195399 0.191224 0.194033 0.194182 0.201421 0.197856 0.18431 0.173197 0.170545 0.159038 0.156673 0.152937 1.147926e-01 0.762
N:9 Run:8 0.202749 0.195319 0.267571 0.628804 0.683719 0.60935 0.659011 0.590514 0.460391 0.394925 0.374157 0.32866 0.254756 0.221985 0.188821 0.179155 0.178138 0.169407 0.185594 0.181116 0.18344 1.147926e-01 0.762
N:9 Run:9 0.242902 0.227078 0.225453 0.22333 0.210526 0.203382 0.197799 0.191707 0.189276 0.194932 0.185264 0.189901 0.20226 0.201052 0.211231 0.192923 0.18147 0.177908 0.183298 0.188101 0.183417 1.147926e-01 0.762
N:10 Run:0 0.235556 0.21463 0.206627 0.204036 0.20136 0.190602 0.174459 0.168091 0.168799 0.159684 0.153223 0.140352 0.133069 0.134656 0.135621 0.140583 0.170032 0.169483 0.175378 0.177009 0.185214 1.145798e-01 0.695
N:10 Run:1 0.289525 0.259185 0.302398 0.290047 0.273617 0.236651 0.189619 0.168728 0.139753 0.126408 0.116741 0.10867 0.0966175 0.099658 0.108151 0.113079 0.127644 0.142247 0.153833 0.178932 0.179845 1.145798e-01 0.695
N:10 Run:2 0.170623 0.175743 0.181656 0.165755 0.138052 0.111034 0.0869927 0.0678538 0.0539039 0.0434188 0.0371891 0.0328417 0.0355638 0.0482407 0.0745686 0.0888287 0.107779 0.121241 0.141075 0.153318 0.154349 1.145798e-01 0.695
N:10 Run:3 0.232039 0.220582 0.21042 0.211245 0.198843 0.201348 0.187602 0.188107 0.184903 0.186327 0.180138 0.177855 0.174985 0.176881 0.1682 0.165154 0.155754 0.156694 0.171276 0.171769 0.195866 1.145798e-01 0.695
N:10 Run:4 0.239437 0.233515 0.219401 0.210083 0.20725 0.206421 0.21193 0.235645 0.212163 0.213959 0.216703 0.228467 0.22919 0.204684 0.197254 0.192073 0.183964 0.185908 0.196484 0.206943 0.212747 1.145798e-01 0.695
N:10 Run:5 0.240374 0.226632 0.214662 0.215245 0.204661 0.215394 0.203561 0.186971 0.186273 0.174667 0.178711 0.176092 0.182696 0.1759 0.176254 0.169587 0.163719 0.172711 0.180362 0.18131 0.188693 1.145798e-01 0.695
N:10 Run:6 0.184531 0.181963 0.179376 0.170687 0.149672 0.14328 0.13385 0.117732 0.120569 0.113295 0.103285 0.101418 0.107122 0.124057 0.132854 0.125883 0.124369 0.123201 0.127724 0.135153 0.137672 1.145798e-01 0.695
N:10 Run:7 0.223806 0.206247 0.193226 0.189811 0.190943 0.186149 0.189687 0.198225 0.188619 0.195399 0.191224 0.194033 0.194182 0.201421 0.197856 0.18431 0.173197 0.170545 0.159038 0.156673 0.152937 1.145798e-01 0.695
N:10 Run:8 0.202749 0.195319 0.267571 0.628804 0.683719 0.60935 0.659011 0.590514 0.460391 0.394925 0.374157 0.32866 0.254756 0.221985 0.188821 0.179155 0.178138 0.169407 0.185594 0.181116 0.18344 1.145798e-01 0.695
N:10 Run:9 0.242902 0.227078 0.225453 0.22333 0.210526 0.203382 0.197799 0.191707 0.189276 0.194932 0.185264 0.189901 0.20226 0.201052 0.211231 0.192923 0.18147 0.177908 0.183298 0.188101 0.183417 1.145798e-01 0.695
N:11 Run:0 0.235556 0.217697 0.192592 0.16714 0.165293 0.134678 0.130992 0.130979 0.111397 0.104348 0.112526 0.122445 0.159612 0.167863 0.183684 0.16315 0.156682 0.151762 0.16101 0.174258 0.199452 1.035868e-01 0.769
N:11 Run:1 0.289525 0.218975 0.204692 0.139338 0.126622 0.104332 0.0915853 0.085804 0.0829536 0.0817255 0.0812826 0.0808818 0.105912 0.144319 0.134621 0.143244 0.147976 0.154262 0.197018 0.192285 0.19948 1.035868e-01 0.769
N:11 Run:2 0.170623 0.167603 0.220664 0.191494 0.145532 0.121347 0.0998384 0.0897913 0.0848522 0.0825167 0.081442 0.0809481 0.140673 0.149799 0.167479 0.173617 0.191848 0.173227 0.16853 0.1885 0.184208 1.035868e-01 0.769
N:11 Run:3 0.232039 0.207952 0.198883 0.228546 0.204898 0.202036 0.191227 0.215341 0.182867 0.17572 0.168511 0.178198 0.163526 0.18614 0.19028 0.187197 0.187126 0.175323 0.174775 0.196302 0.180306 1.035868e-01 0.769
N:11 Run:4 0.239437 0.207045 0.203978 0.177285 0.174988 0.180963 0.17914 0.165204 0.210119 0.199809 0.206831 0.184844 0.178057 0.192398 0.183209 0.181694 0.16919 0.171028 0.162062 0.189274 0.173394 1.035868e-01 0.769
N:11 Run:5 0.240374 0.194459 0.180971 0.173709 0.171887 0.205633 0.17246 0.163348 0.173739 0.160115 0.153519 0.153028 0.14867 0.160357 0.180036 0.19321 0.163876 0.169263 0.161104 0.172122 0.176011 1.035868e-01 0.769
N:11 Run:6 0.184531 0.194952 0.248067 0.198262 0.135258 0.105699 0.0921257 0.0858723 0.0829989 0.0817384 0.0811152 0.0826415 0.182277 0.192568 0.222995 0.207839 0.191786 0.16737 0.166384 0.166489 0.156606 1.035868e-01 0.769
N:11 Run:7 0.223806 0.206877 0.200579 0.17779 0.177685 0.208135 0.179648 0.182846 0.154943 0.154243 0.175709 0.174122 0.222425 0.225618 0.201672 0.200769 0.178025 0.169096 0.159733 0.164907 0.156617 1.035868e-01 0.769
N:11 Run:8 0.202749 0.202027 0.451785 0.673168 0.66774 0.590785 0.474882 0.463073 0.581539 0.647209 0.467352 0.431159 0.30655 0.229445 0.219452 0.186087 0.203235 0.179019 0.181998 0.174664 0.178576 1.035868e-01 0.769
N:11 Run:9 0.242902 0.192079 0.177139 0.185936 0.200332 0.232665 0.205581 0.200549 0.168238 0.195313 0.188396 0.198903 0.174964 0.179207 0.19331 0.195303 0.168092 0.176462 0.193625 0.193137 0.173003 1.035868e-01 0.769
N:12 Run:0 0.235556 0.217697 0.192592 0.16714 0.165293 0.134678 0.130992 0.130979 0.111397 0.104348 0.112526 0.122445 0.159612 0.167863 0.183684 0.16315 0.156682 0.151762 0.16101 0.174258 0.199452 1.238311e-01 0.725
N:12 Run:1 0.289525 0.218975 0.204692 0.139338 0.126622 0.104332 0.0915853 0.085804 0.0829536 0.0817255 0.0812826 0.0808818 0.105912 0.144319 0.134621 0.143244 0.147976 0.154262 0.197018 0.192285 0.19948 1.238311e-01 0.725
N:12 Run:2 0.170623 0.167603 0.220664 0.191494 0.145532 0.121347 0.0998384 0.0897913 0.0848522 0.0825167 0.081442 0.0809481 0.140673 0.149799 0.167479 0.173617 0.191848 0.173227 0.16853 0.1885 0.184208 1.238311e-01 0.725
N:12 Run:3 0.232039 0.207952 0.198883 0.228546 0.204898 0.202036 0.191227 0.215341 0.182867 0.17572 0.168511 0.178198 0.163526 0.18614 0.19028 0.187197 0.187126 0.175323 0.174775 0.196302 0.180306 1.238311e-01 0.725
N:12 Run:4 0.239437 0.207045 0.203978 0.177285 0.174988 0.180963 0.17914 0.165204 0.210119 0.199809 0.206831 0.184844 0.178057 0.192398 0.183209 0.181694 0.16919 0.171028 0.162062 0.189274 0.173394 1.238311e-01 0.725
N:12 Run:5 0.240374 0.194459 0.180971 0.173709 0.171887 0.205633 0.17246 0.163348 0.173739 0.160115 0.153519 0.153028 0.14867 0.160357 0.180036 0.19321 0.163876 0.169263 0.161104 0.172122 0.176011 1.238311e-01 0.725
N:12 Run:6 0.184531 0.194952 0.248067 0.198262 0.135258 0.105699 0.0921257 0.0858723 0.0829989 0.0817384 0.0811152 0.0826415 0.182277 0.192568 0.222995 0.207839 0.191786 0.16737 0.166384 0.166489 0.156606 1.238311e-01 0.725
N:12 Run:7 0.223806 0.206877 0.200579 0.17779 0.177685 0.208135 0.179648 0.182846 0.154943 0.154243 0.175709 0.174122 0.222425 0.225618 0.201672 0.200769 0.178025 0.169096 0.159733 0.164907 0.156617 1.238311e-01 0.725
N:12 Run:8 0.202749 0.202027 0.451785 0.673168 0.66774 0.590785 0.474882 0.463073 0.581539 0.647209 0.467352 0.431159 0.30655 0.229445 0.219452 0.186087 0.203235 0.179019 0.181998 0.174664 0.178576 1.238311e-01 0.725
N:12 Run:9 0.242902 0.192079 0.177139 0.185936 0.200332 0.232665 0.205581 0.200549 0.168238 0.195313 0.188396 0.198903 0.174964 0.179207 0.19331 0.195303 0.168092 0.176462 0.193625 0.193137 0.173003 1.238311e-01 0.725
N:13 Run:0 0.235556 0.217697 0.192592 0.16714 0.165293 0.134678 0.130992 0.130979 0.111397 0.104348 0.112526 0.122445 0.159612 0.167863 0.183684 0.16315 0.156682 0.151762 0.16101 0.174258 0.199452 1.183315e-01 0.764
N:13 Run:1 0.289525 0.218975 0.204692 0.139338 0.126622 0.104332 0.0915853 0.085804 0.0829536 0.0817255 0.0812826 0.0808818 0.105912 0.144319 0.134621 0.143244 0.147976 0.154262 0.197018 0.192285 0.19948 1.183315e-01 0.764
N:13 Run:2 0.170623 0.167603 0.220664 0.191494 0.145532 0.121347 0.0998384 0.0897913 0.0848522 0.0825167 0.081442 0.0809481 0.140673 0.149799 0.167479 0.173617 0.191848 0.173227 0.16853 0.1885 0.184208 1.183315e-01 0.764
N:13 Run:3 0.232039 0.207952 0.198883 0.228546 0.204898 0.202036 0.191227 0.215341 0.182867 0.17572 0.168511 0.178198 0.163526 0.18614 0.19028 0.187197 0.187126 0.175323 0.174775 0.196302 0.180306 1.183315e-01 0.764
N:13 Run:4 0.239437 0.207045 0.203978 0.177285 0.174988 0.180963 0.17914 0.165204 0.210119 0.199809 0.206831 0.184844 0.178057 0.192398 0.183209 0.181694 0.16919 0.171028 0.162062 0.189274 0.173394 1.183315e-01 0.764
N:13 Run:5 0.240374 0.194459 0.180971 0.173709 0.171887 0.205633 0.17246 0.163348 0.173739 0.160115 0.153519 0.153028 0.14867 0.160357 0.180036 0.19321 0.163876 0.169263 0.161104 0.172122 0.176011 1.183315e-01 0.764
N:13 Run:6 0.184531 0.194952 0.248067 0.198262 0.135258 0.105699 0.0921257 0.0858723 0.0829989 0.0817384 0.0811152 0.0826415 0.182277 0.192568 0.222995 0.207839 0.191786 0.16737 0.166384 0.166489 0.156606 1.183315e-01 0.764
N:13 Run:7 0.223806 0.206877 0.200579 0.17779 0.177685 0.208135 0.179648 0.182846 0.154943 0.154243 0.175709 0.174122 0.222425 0.225618 0.201672 0.200769 0.178025 0.169096 0.159733 0.164907 0.156617 1.183315e-01 0.764
N:13 Run:8 0.202749 0.202027 0.451785 0.673168 0.66774 0.590785 0.474882 0.463073 0.581539 0.647209 0.467352 0.431159 0.30655 0.229445 0.219452 0.186087 0.203235 0.179019 0.181998 0.174664 0.178576 1.183315e-01 0.764
N:13 Run:9 0.242902 0.192079 0.177139 0.185936 0.200332 0.232665 0.205581 0.200549 0.168238 0.195313 0.188396 0.198903 0.174964 0.179207 0.19331 0.195303 0.168092 0.176462 0.193625 0.193137 0.173003 1.183315e-01 0.764
N:14 Run:0 0.235556 0.217697 0.192592 0.16714 0.165293 0.134678 0.130992 0.130979 0.111397 0.104348 0.112526 0.122445 0.159612 0.167863 0.183684 0.16315 0.156682 0.151762 0.16101 0.174258 0.199452 1.383095e-01 0.762
N:14 Run:1 0.289525 0.218975 0.204692 0.139338 0.126622 0.104332 0.0915853 0.085804 0.0829536 0.0817255 0.0812826 0.0808818 0.105912 0.144319 0.134621 0.143244 0.147976 0.154262 0.197018 0.192285 0.19948 1.383095e-01 0.762
N:14 Run:2 0.170623 0.167603 0.220664 0.191494 0.145532 0.121347 0.0998384 0.0897913 0.0848522 0.0825167 0.081442 0.0809481 0.140673 0.149799 0.167479 0.173617 0.191848 0.173227 0.16853 0.1885 0.184208 1.383095e-01 0.762
N:14 Run:3 0.232039 0.207952 0.198883 0.228546 0.204898 0.202036 0.191227 0.215341 0.182867 0.17572 0.168511 0.178198 0.163526 0.18614 0.19028 0.187197 0.187126 0.175323 0.174775 0.196302 0.180306 1.383095e-01 0.762
N:14 Run:4 0.239437 0.207045 0.203978 0.177285 0.174988 0.180963 0.17914 0.165204 0.210119 0.199809 0.206831 0.184844 0.178057 0.192398 0.183209 0.181694 0.16919 0.171028 0.162062 0.189274 0.173394 1.383095e-01 0.762
N:14 Run:5 0.240374 0.194459 0.180971 0.173709 0.171887 0.205633 0.17246 0.163348 0.173739 0.160115 0.153519 0.153028 0.14867 0.160357 0.180036 0.19321 0.163876 0.169263 0.161104 0.172122 0.176011 1.383095e-01 0.762
N:14 Run:6 0.184531 0.194952 0.248067 0.198262 0.135258 0.105699 0.0921257 0.0858723 0.0829989 0.0817384 0.0811152 0.0826415 0.182277 0.192568 0.222995 0.207839 0.191786 0.16737 0.166384 0.166489 0.156606 1.383095e-01 0.762
N:14 Run:7 0.223806 0.206877 0.200579 0.17779 0.177685 0.208135 0.179648 0.182846 0.154943 0.154243 0.175709 0.174122 0.222425 0.225618 0.201672 0.200769 0.178025 0.169096 0.159733 0.164907 0.156617 1.383095e-01 0.762
N:14 Run:8 0.202749 0.202027 0.451785 0.673168 0.66774 0.590785 0.474882 0.463073 0.581539 0.647209 0.467352 0.431159 0.30655 0.229445 0.219452 0.186087 0.203235 0.179019 0.181998 0.174664 0.178576 1.383095e-01 0.762
N:14 Run:9 0.242902 0.192079 0.177139 0.185936 0.200332 0.232665 0.205581 0.200549 0.168238 0.195313 0.188396 0.198903 0.174964 0.179207 0.19331 0.195303 0.168092 0.176462 0.193625 0.193137 0.173003 1.383095e-01 0.762
N:15 Run:0 0.235556 0.217697 0.192592 0.16714 0.165293 0.134678 0.130992 0.130979 0.111397 0.104348 0.112526 0.122445 0.159612 0.167863 0.183684 0.16315 0.156682 0.151762 0.16101 0.174258 0.199452 1.131077e-01 0.710
N:15 Run:1 0.289525 0.218975 0.204692 0.139338 0.126622 0.104332 0.0915853 0.085804 0.0829536 0.0817255 0.0812826 0.0808818 0.105912 0.144319 0.134621 0.143244 0.147976 0.154262 0.197018 0.192285 0.19948 1.131077e-01 0.710
N:15 Run:2 0.170623 0.167603 0.220664 0.191494 0.145532 0.121347 0.0998384 0.0897913 0.0848522 0.0825167 0.081442 0.0809481 0.140673 0.149799 0.167479 0.173617 0.191848 0.173227 0.16853 0.1885 0.184208 1.131077e-01 0.710
N:15 Run:3 0.232039 0.207952 0.198883 0.228546 0.204898 0.202036 0.191227 0.215341 0.182867 0.17572 0.168511 0.178198 0.163526 0.18614 0.19028 0.187197 0.187126 0.175323 0.174775 0.196302 0.180306 1.131077e-01 0.710
N:15 Run:4 0.239437 0.207045 0.203978 0.177285 0.174988 0.180963 0.17914 0.165204 0.210119 0.199809 0.206831 0.184844 0.178057 0.192398 0.183209 0.181694 0.16919 0.171028 0.162062 0.189274 0.173394 1.131077e-01 0.710
N:15 Run:5 0.240374 0.194459 0.180971 0.173709 0.171887 0.205633 0.17246 0.163348 0.173739 0.160115 0.153519 0.153028 0.14867 0.160357 0.180036 0.19321 0.163876 0.169263 0.161104 0.172122 0.176011 1.131077e-01 0.710
N:15 Run:6 0.184531 0.194952 0.248067 0.198262 0.135258 0.105699 0.0921257 0.0858723 0.0829989 0.0817384 0.0811152 0.0826415 0.182277 0.192568 0.222995 0.207839 0.191786 0.16737 0.166384 0.166489 0.156606 1.131077e-01 0.710
N:15 Run:7 0.223806 0.206877 0.200579 0.17779 0.177685 0.208135 0.179648 0.182846 0.154943 0.154243 0.175709 0.174122 0.222425 0.225618 0.201672 0.200769 0.178025 0.169096 0.159733 0.164907 0.156617 1.131077e-01 0.710
N:15 Run:8 0.202749 0.202027 0.451785 0.673168 0.66774 0.590785 0.474882 0.463073 0.581539 0.647209 0.467352 0.431159 0.30655 0.229445 0.219452 0.186087 0.203235 0.179019 0.181998 0.174664 0.178576 1.131077e-01 0.710
N:15 Run:9 0.242902 0.192079 0.177139 0.185936 0.200332 0.232665 0.205581 0.200549 0.168238 0.195313 0.188396 0.198903 0.174964 0.179207 0.19331 0.195303 0.168092 0.176462 0.193625 0.193137 0.173003 1.131077e-01 0.710
N:16 Run:0 0.235556 0.217697 0.192592 0.16714 0.165293 0.134678 0.130992 0.130979 0.111397 0.104348 0.112526 0.122445 0.159612 0.167863 0.183684 0.16315 0.156682 0.151762 0.16101 0.174258 0.199452 1.262540e-01 0.735
N:16 Run:1 0.289525 0.218975 0.204692 0.139338 0.126622 0.104332 0.0915853 0.085804 0.0829536 0.0817255 0.0812826 0.0808818 0.105912 0.144319 0.134621 0.143244 0.147976 0.154262 0.197018 0.192285 0.19948 1.262540e-01 0.735
N:16 Run:2 0.170623 0.167603 0.220664 0.191494 0.145532 0.121347 0.0998384 0.0897913 0.0848522 0.0825167 0.081442 0.0809481 0.140673 0.149799 0.167479 0.173617 0.191848 0.173227 0.16853 0.1885 0.184208 1.262540e-01 0.735
N:16 Run:3 0.232039 0.207952 0.198883 0.228546 0.204898 0.202036 0.191227 0.215341 0.182867 0.17572 0.168511 0.178198 0.163526 0.18614 0.19028 0.187197 0.187126 0.175323 0.174775 0.196302 0.180306 1.262540e-01 0.735
N:16 Run:4 0.239437 0.207045 0.203978 0.177285 0.174988 0.180963 0.17914 0.165204 0.210119 0.199809 0.206831 0.184844 0.178057 0.192398 0.183209 0.181694 0.16919 0.171028 0.162062 0.189274 0.173394 1.262540e-01 0.735
N:16 Run:5 0.240374 0.194459 0.180971 0.173709 0.171887 0.205633 0.17246 0.163348 0.173739 0.160115 0.153519 0.153028 0.14867 0.160357 0.180036 0.19321 0.163876 0.169263 0.161104 0.172122 0.176011 1.262540e-01 0.735
N:16 Run:6 0.184531 0.194952 0.248067 0.198262 0.135258 0.105699 0.0921257 0.0858723 0.0829989 0.0817384 0.0811152 0.0826415 0.182277 0.192568 0.222995 0.207839 0.191786 0.16737 0.166384 0.166489 0.156606 1.262540e-01 0.735
N:16 Run:7 0.223806 0.206877 0.200579 0.17779 0.177685 0.208135 0.179648 0.182846 0.154943 0.154243 0.175709 0.174122 0.222425 0.225618 0.201672 0.200769 0.178025 0.169096 0.159733 0.164907 0.156617 1.262540e-01 0.735
N:16 Run:8 0.202749 0.202027 0.451785 0.673168 0.66774 0.590785 0.474882 0.463073 0.581539 0.647209 0.467352 0.431159 0.30655 0.229445 0.219452 0.186087 0.203235 0.179019 0.181998 0.174664 0.178576 1.262540e-01 0.735
N:16 Run:9 0.242902 0.192079 0.177139 0.185936 0.200332 0.232665 0.205581 0.200549 0.168238 0.195313 0.188396 0.198903 0.174964 0.179207 0.19331 0.195303 0.168092 0.176462 0.193625 0.193137 0.173003 1.262540e-01 0.735
N:17 Run:0 0.235556 0.217697 0.192592 0.16714 0.165293 0.134678 0.130992 0.130979 0.111397 0.104348 0.112526 0.122445 0.159612 0.167863 0.183684 0.16315 0.156682 0.151762 0.16101 0.174258 0.199452 1.151514e-01 0.719
N:17 Run:1 0.289525 0.218975 0.204692 0.139338 0.126622 0.104332 0.0915853 0.085804 0.0829536 0.0817255 0.0812826 0.0808818 0.105912 0.144319 0.134621 0.143244 0.147976 0.154262 0.197018 0.192285 0.19948 1.151514e-01 0.719
N:17 Run:2 0.170623 0.167603 0.220664 0.191494 0.145532 0.121347 0.0998384 0.0897913 0.0848522 0.0825167 0.081442 0.0809481 0.140673 0.149799 0.167479 0.173617 0.191848 0.173227 0.16853 0.1885 0.184208 1.151514e-01 0.719
N:17 Run:3 0.232039 0.207952 0.198883 0.228546 0.204898 0.202036 0.191227 0.215341 0.182867 0.17572 0.168511 0.178198 0.163526 0.18614 0.19028 0.187197 0.187126 0.175323 0.174775 0.196302 0.180306 1.151514e-01 0.719
N:17 Run:4 0.239437 0.207045 0.203978 0.177285 0.174988 0.180963 0.17914 0.165204 0.210119 0.199809 0.206831 0.184844 0.178057 0.192398 0.183209 0.181694 0.16919 0.171028 0.162062 0.189274 0.173394 1.151514e-01 0.719
N:17 Run:5 0.240374 0.194459 0.180971 0.173709 0.171887 0.205633 0.17246 0.163348 0.173739 0.160115 0.153519 0.153028 0.14867 0.160357 0.180036 0.19321 0.163876 0.169263 0.161104 0.172122 0.176011 1.151514e-01 0.719
N:17 Run:6 0.184531 0.194952 0.248067 0.198262 0.135258 0.105699 0.0921257 0.0858723 0.0829989 0.0817384 0.0811152 0.0826415 0.182277 0.192568 0.222995 0.207839 0.191786 0.16737 0.166384 0.166489 0.156606 1.151514e-01 0.719
N:17 Run:7 0.223806 0.206877 0.200579 0.17779 0.177685 0.208135 0.179648 0.182846 0.154943 0.154243 0.175709 0.174122 0.222425 0.225618 0.201672 0.200769 0.178025 0.169096 0.159733 0.164907 0.156617 1.151514e-01 0.719
N:17 Run:8 0.202749 0.202027 0.451785 0.673168 0.66774 0.590785 0.474882 0.463073 0.581539 0.647209 0.467352 0.431159 0.30655 0.229445 0.219452 0.186087 0.203235 0.179019 0.181998 0.174664 0.178576 1.151514e-01 0.719
N:17 Run:9 0.242902 0.192079 0.177139 0.185936 0.200332 0.232665 0.205581 0.200549 0.168238 0.195313 0.188396 0.198903 0.174964 0.179207 0.19331 0.195303 0.168092 0.176462 0.193625 0.193137 0.173003 1.151514e-01 0.719
N:18 Run:0 0.235556 0.217697 0.192592 0.16714 0.165293 0.134678 0.130992 0.130979 0.111397 0.104348 0.112526 0.122445 0.159612 0.167863 0.183684 0.16315 0.156682 0.151762 0.16101 0.174258 0.199452 1.155453e-01 0.705
N:18 Run:1 0.289525 0.218975 0.204692 0.139338 0.126622 0.104332 0.0915853 0.085804 0.0829536 0.0817255 0.0812826 0.0808818 0.105912 0.144319 0.134621 0.143244 0.147976 0.154262 0.197018 0.192285 0.19948 1.155453e-01 0.705
N:18 Run:2 0.170623 0.167603 0.220664 0.191494 0.145532 0.121347 0.0998384 0.0897913 0.0848522 0.0825167 0.081442 0.0809481 0.140673 0.149799 0.167479 0.173617 0.191848 0.173227 0.16853 0.1885 0.184208 1.155453e-01 0.705
N:18 Run:3 0.232039 0.207952 0.198883 0.228546 0.204898 0.202036 0.191227 0.215341 0.182867 0.17572 0.168511 0.178198 0.163526 0.18614 0.19028 0.187197 0.187126 0.175323 0.174775 0.196302 0.180306 1.155453e-01 0.705
N:18 Run:4 0.239437 0.207045 0.203978 0.177285 0.174988 0.180963 0.17914 0.165204 0.210119 0.199809 0.206831 0.184844 0.178057 0.192398 0.183209 0.181694 0.16919 0.171028 0.162062 0.189274 0.173394 1.155453e-01 0.705
N:18 Run:5 0.240374 0.194459 0.180971 0.173709 0.171887 0.205633 0.17246 0.163348 0.173739 0.160115 0.153519 0.153028 0.14867 0.160357 0.180036 0.19321 0.163876 0.169263 0.161104 0.172122 0.176011 1.155453e-01 0.705
N:18 Run:6 0.184531 0.194952 0.248067 0.198262 0.135258 0.105699 0.0921257 0.0858723 0.0829989 0.0817384 0.0811152 0.0826415 0.182277 0.192568 0.222995 0.207839 0.191786 0.16737 0.166384 0.166489 0.156606 1.155453e-01 0.705
N:18 Run:7 0.223806 0.206877 0.200579 0.17779 0.177685 0.208135 0.179648 0.182846 0.154943 0.154243 0.175709 0.174122 0.222425 0.225618 0.201672 0.200769 0.178025 0.169096 0.159733 0.164907 0.156617 1.155453e-01 0.705
N:18 Run:8 0.202749 0.202027 0.451785 0.673168 0.66774 0.590785 0.474882 0.463073 0.581539 0.647209 0.467352 0.431159 0.30655 0.229445 0.219452 0.186087 0.203235 0.179019 0.181998 0.174664 0.178576 1.155453e-01 0.705
N:18 Run:9 0.242902 0.192079 0.177139 0.185936 0.200332 0.232665 0.205581 0.200549 0.168238 0.195313 0.188396 0.198903 0.174964 0.179207 0.19331 0.195303 0.168092 0.176462 0.193625 0.193137 0.173003 1.155453e-01 0.705
N:19 Run:0 0.235556 0.217697 0.192592 0.16714 0.165293 0.134678 0.130992 0.130979 0.111397 0.104348 0.112526 0.122445 0.159612 0.167863 0.183684 0.16315 0.156682 0.151762 0.16101 0.174258 0.199452 1.213743e-01 0.728
N:19 Run:1 0.289525 0.218975 0.204692 0.139338 0.126622 0.104332 0.0915853 0.085804 0.0829536 0.0817255 0.0812826 0.0808818 0.105912 0.144319 0.134621 0.143244 0.147976 0.154262 0.197018 0.192285 0.19948 1.213743e-01 0.728
N:19 Run:2 0.170623 0.167603 0.220664 0.191494 0.145532 0.121347 0.0998384 0.0897913 0.0848522 0.0825167 0.081442 0.0809481 0.140673 0.149799 0.167479 0.173617 0.191848 0.173227 0.16853 0.1885 0.184208 1.213743e-01 0.728
N:19 Run:3 0.232039 0.207952 0.198883 0.228546 0.204898 0.202036 0.191227 0.215341 0.182867 0.17572 0.168511 0.178198 0.163526 0.18614 0.19028 0.187197 0.187126 0.175323 0.174775 0.196302 0.180306 1.213743e-01 0.728
N:19 Run:4 0.239437 0.207045 0.203978 0.177285 0.174988 0.180963 0.17914 0.165204 0.210119 0.199809 0.206831 0.184844 0.178057 0.192398 0.183209 0.181694 0.16919 0.171028 0.162062 0.189274 0.173394 1.213743e-01 0.728
N:19 Run:5 0.240374 0.194459 0.180971 0.173709 0.171887 0.205633 0.17246 0.163348 0.173739 0.160115 0.153519 0.153028 0.14867 0.160357 0.180036 0.19321 0.163876 0.169263 0.161104 0.172122 0.176011 1.213743e-01 0.728
N:19 Run:6 0.184531 0.194952 0.248067 0.198262 0.135258 0.105699 0.0921257 0.0858723 0.0829989 0.0817384 0.0811152 0.0826415 0.182277 0.192568 0.222995 0.207839 0.191786 0.16737 0.166384 0.166489 0.156606 1.213743e-01 0.728
N:19 Run:7 0.223806 0.206877 0.200579 0.17779 0.177685 0.208135 0.179648 0.182846 0.154943 0.154243 0.175709 0.174122 0.222425 0.225618 0.201672 0.200769 0.178025 0.169096 0.159733 0.164907 0.156617 1.213743e-01 0.728
N:19 Run:8 0.202749 0.202027 0.451785 0.673168 0.66774 0.590785 0.474882 0.463073 0.581539 0.647209 0.467352 0.431159 0.30655 0.229445 0.219452 0.186087 0.203235 0.179019 0.181998 0.174664 0.178576 1.213743e-01 0.728
N:19 Run:9 0.242902 0.192079 0.177139 0.185936 0.200332 0.232665 0.205581 0.200549 0.168238 0.195313 0.188396 0.198903 0.174964 0.179207 0.19331 0.195303 0.168092 0.176462 0.193625 0.193137 0.173003 1.213743e-01 0.728
N:20 Run:0 0.235556 0.217697 0.192592 0.16714 0.165293 0.134678 0.130992 0.130979 0.111397 0.104348 0.112526 0.122445 0.159612 0.167863 0.183684 0.16315 0.156682 0.151762 0.16101 0.174258 0.199452 1.143938e-01 0.748
N:20 Run:1 0.289525 0.218975 0.204692 0.139338 0.126622 0.104332 0.0915853 0.085804 0.0829536 0.0817255 0.0812826 0.0808818 0.105912 0.144319 0.134621 0.143244 0.147976 0.154262 0.197018 0.192285 0.19948 1.143938e-01 0.748
N:20 Run:2 0.170623 0.167603 0.220664 0.191494 0.145532 0.121347 0.0998384 0.0897913 0.0848522 0.0825167 0.081442 0.0809481 0.140673 0.149799 0.167479 0.173617 0.191848 0.173227 0.16853 0.1885 0.184208 1.143938e-01 0.748
N:20 Run:3 0.232039 0.207952 0.198883 0.228546 0.204898 0.202036 0.191227 0.215341 0.182867 0.17572 0.168511 0.178198 0.163526 0.18614 0.19028 0.187197 0.187126 0.175323 0.174775 0.196302 0.180306 1.143938e-01 0.748
N:20 Run:4 0.239437 0.207045 0.203978 0.177285 0.174988 0.180963 0.17914 0.165204 0.210119 0.199809 0.206831 0.184844 0.178057 0.192398 0.183209 0.181694 0.16919 0.171028 0.162062 0.189274 0.173394 1.143938e-01 0.748
N:20 Run:5 0.240374 0.194459 0.180971 0.173709 0.171887 0.205633 0.17246 0.163348 0.173739 0.160115 0.153519 0.153028 0.14867 0.160357 0.180036 0.19321 0.163876 0.169263 0.161104 0.172122 0.176011 1.143938e-01 0.748
N:20 Run:6 0.184531 0.194952 0.248067 0.198262 0.135258 0.105699 0.0921257 0.0858723 0.0829989 0.0817384 0.0811152 0.0826415 0.182277 0.192568 0.222995 0.207839 0.191786 0.16737 0.166384 0.166489 0.156606 1.143938e-01 0.748
N:20 Run:7 0.223806 0.206877 0.200579 0.17779 0.177685 0.208135 0.179648 0.182846 0.154943 0.154243 0.175709 0.174122 0.222425 0.225618 0.201672 0.200769 0.178025 0.169096 0.159733 0.164907 0.156617 1.143938e-01 0.748
N:20 Run:8 0.202749 0.202027 0.451785 0.673168 0.66774 0.590785 0.474882 0.463073 0.581539 0.647209 0.467352 0.431159 0.30655 0.229445 0.219452 0.186087 0.203235 0.179019 0.181998 0.174664 0.178576 1.143938e-01 0.748
N:20 Run:9 0.242902 0.192079 0.177139 0.185936 0.200332 0.232665 0.205581 0.200549 0.168238 0.195313 0.188396 0.198903 0.174964 0.179207 0.19331 0.195303 0.168092 0.176462 0.193625 0.193137 0.173003 1.143938e-01 0.748
N:21 Run:0 0.235556 0.217697 0.192592 0.16714 0.165293 0.134678 0.130992 0.130979 0.111397 0.104348 0.112526 0.122445 0.159612 0.167863 0.183684 0.16315 0.156682 0.151762 0.16101 0.174258 0.199452 1.260884e-01 0.758
N:21 Run:1 0.289525 0.218975 0.204692 0.139338 0.126622 0.104332 0.0915853 0.085804 0.0829536 0.0817255 0.0812826 0.0808818 0.105912 0.144319 0.134621 0.143244 0.147976 0.154262 0.197018 0.192285 0.19948 1.260884e-01 0.758
N:21 Run:2 0.170623 0.167603 0.220664 0.191494 0.145532 0.121347 0.0998384 0.0897913 0.0848522 0.0825167 0.081442 0.0809481 0.140673 0.149799 0.167479 0.173617 0.191848 0.173227 0.16853 0.1885 0.184208 1.260884e-01 0.758
N:21 Run:3 0.232039 0.207952 0.198883 0.228546 0.204898 0.202036 0.191227 0.215341 0.182867 0.17572 0.168511 0.178198 0.163526 0.18614 0.19028 0.187197 0.187126 0.175323 0.174775 0.196302 0.180306 1.260884e-01 0.758
N:21 Run:4 0.239437 0.207045 0.203978 0.177285 0.174988 0.180963 0.17914 0.165204 0.210119 0.199809 0.206831 0.184844 0.178057 0.192398 0.183209 0.181694 0.16919 0.171028 0.162062 0.189274 0.173394 1.260884e-01 0.758
N:21 Run:5 0.240374 0.194459 0.180971 0.173709 0.171887 0.205633 0.17246 0.163348 0.173739 0.160115 0.153519 0.153028 0.14867 0.160357 0.180036 0.19321 0.163876 0.169263 0.161104 0.172122 0.176011 1.260884e-01 0.758
N:21 Run:6 0.184531 0.194952 0.248067 0.198262 0.135258 0.105699 0.0921257 0.0858723 0.0829989 0.0817384 0.0811152 0.0826415 0.182277 0.192568 0.222995 0.207839 0.191786 0.16737 0.166384 0.166489 0.156606 1.260884e-01 0.758
N:21 Run:7 0.223806 0.206877 0.200579 0.17779 0.177685 0.208135 0.179648 0.182846 0.154943 0.154243 0.175709 0.174122 0.222425 0.225618 0.201672 0.200769 0.178025 0.169096 0.159733 0.164907 0.156617 1.260884e-01 0.758
N:21 Run:8 0.202749 0.202027 0.451785 0.673168 0.66774 0.590785 0.474882 0.463073 0.581539 0.647209 0.467352 0.431159 0.30655 0.229445 0.219452 0.186087 0.203235 0.179019 0.181998 0.174664 0.178576 1.260884e-01 0.758
N:21 Run:9 0.242902 0.192079 0.177139 0.185936 0.200332 0.232665 0.205581 0.200549 0.168238 0.195313 0.188396 0.198903 0.174964 0.179207 0.19331 0.195303 0.168092 0.176462 0.193625 0.193137 0.173003 1.260884e-01 0.758
N:22 Run:0 0.235556 0.217697 0.192592 0.16714 0.165293 0.134678 0.130992 0.130979 0.111397 0.104348 0.112526 0.122445 0.159612 0.167863 0.183684 0.16315 0.156682 0.151762 0.16101 0.174258 0.199452 1.263316e-01 0.761
N:22 Run:1 0.289525 0.218975 0.204692 0.139338 0.126622 0.104332 0.0915853 0.085804 0.0829536 0.0817255 0.0812826 0.0808818 0.105912 0.144319 0.134621 0.143244 0.147976 0.154262 0.197018 0.192285 0.19948 1.263316e-01 0.761
N:22 Run:2 0.170623 0.167603 0.220664 0.191494 0.145532 0.121347 0.0998384 0.0897913 0.0848522 0.0825167 0.081442 0.0809481 0.140673 0.149799 0.167479 0.173617 0.191848 0.173227 0.16853 0.1885 0.184208 1.263316e-01 0.761
N:22 Run:3 0.232039 0.207952 0.198883 0.228546 0.204898 0.202036 0.191227 0.215341 0.182867 0.17572 0.168511 0.178198 0.163526 0.18614 0.19028 0.187197 0.187126 0.175323 0.174775 0.196302 0.180306 1.263316e-01 0.761
N:22 Run:4 0.239437 0.207045 0.203978 0.177285 0.174988 0.180963 0.17914 0.165204 0.210119 0.199809 0.206831 0.184844 0.178057 0.192398 0.183209 0.181694 0.16919 0.171028 0.162062 0.189274 0.173394 1.263316e-01 0.761
N:22 Run:5 0.240374 0.194459 0.180971 0.173709 0.171887 0.205633 0.17246 0.163348 0.173739 0.160115 0.153519 0.153028 0.14867 0.160357 0.180036 0.19321 0.163876 0.169263 0.161104 0.172122 0.176011 1.263316e-01 0.761
N:22 Run:6 0.184531 0.194952 0.248067 0.198262 0.135258 0.105699 0.0921257 0.0858723 0.0829989 0.0817384 0.0811152 0.0826415 0.182277 0.192568 0.222995 0.207839 0.191786 0.16737 0.166384 0.166489 0.156606 1.263316e-01 0.761
N:22 Run:7 0.223806 0.206877 0.200579 0.17779 0.177685 0.208135 0.179648 0.182846 0.154943 0.154243 0.175709 0.174122 0.222425 0.225618 0.201672 0.200769 0.178025 0.169096 0.159733 0.164907 0.156617 1.263316e-01 0.761
N:22 Run:8 0.202749 0.202027 0.451785 0.673168 0.66774 0.590785 0.474882 0.463073 0.581539 0.647209 0.467352 0.431159 0.30655 0.229445 0.219452 0.186087 0.203235 0.179019 0.181998 0.174664 0.178576 1.263316e-01 0.761
N:22 Run:9 0.242902 0.192079 0.177139 0.185936 0.200332 0.232665 0.205581 0.200549 0.168238 0.195313 0.188396 0.198903 0.174964 0.179207 0.19331 0.195303 0.168092 0.176462 0.193625 0.193137 0.173003 1.263316e-01 0.761
N:23 Run:0 0.235556 0.217697 0.192592 0.16714 0.165293 0.134678 0.130992 0.130979 0.111397 0.104348 0.112526 0.122445 0.159612 0.167863 0.183684 0.16315 0.156682 0.151762 0.16101 0.174258 0.199452 1.139999e-01 0.732
N:23 Run:1 0.289525 0.218975 0.204692 0.139338 0.126622 0.104332 0.0915853 0.085804 0.0829536 0.0817255 0.0812826 0.0808818 0.105912 0.144319 0.134621 0.143244 0.147976 0.154262 0.197018 0.192285 0.19948 1.139999e-01 0.732
N:23 Run:2 0.170623 0.167603 0.220664 0.191494 0.145532 0.121347 0.0998384 0.0897913 0.0848522 0.0825167 0.081442 0.0809481 0.140673 0.149799 0.167479 0.173617 0.191848 0.173227 0.16853 0.1885 0.184208 1.139999e-01 0.732
N:23 Run:3 0.232039 0.207952 0.198883 0.228546 0.204898 0.202036 0.191227 0.215341 0.182867 0.17572 0.168511 0.178198 0.163526 0.18614 0.19028 0.187197 0.187126 0.175323 0.174775 0.196302 0.180306 1.139999e-01 0.732
N:23 Run:4 0.239437 0.207045 0.203978 0.177285 0.174988 0.180963 0.17914 0.165204 0.210119 0.199809 0.206831 0.184844 0.178057 0.192398 0.183209 0.181694 0.16919 0.171028 0.162062 0.189274 0.173394 1.139999e-01 0.732
N:23 Run:5 0.240374 0.194459 0.180971 0.173709 0.171887 0.205633 0.17246 0.163348 0.173739 0.160115 0.153519 0.153028 0.14867 0.160357 0.180036 0.19321 0.163876 0.169263 0.161104 0.172122 0.176011 1.139999e-01 0.732
N:23 Run:6 0.184531 0.194952 0.248067 0.198262 0.135258 0.105699 0.0921257 0.0858723 0.0829989 0.0817384 0.0811152 0.0826415 0.182277 0.192568 0.222995 0.207839 0.191786 0.16737 0.166384 0.166489 0.156606 1.139999e-01 0.732
N:23 Run:7 0.223806 0.206877 0.200579 0.17779 0.177685 0.208135 0.179648 0.182846 0.154943 0.154243 0.175709 0.174122 0.222425 0.225618 0.201672 0.200769 0.178025 0.169096 0.159733 0.164907 0.156617 1.139999e-01 0.732
N:23 Run:8 0.202749 0.202027 0.451785 0.673168 0.66774 0.590785 0.474882 0.463073 0.581539 0.647209 0.467352 0.431159 0.30655 0.229445 0.219452 0.186087 0.203235 0.179019 0.181998 0.174664 0.178576 1.139999e-01 0.732
N:23 Run:9 0.242902 0.192079 0.177139 0.185936 0.200332 0.232665 0.205581 0.200549 0.168238 0.195313 0.188396 0.198903 0.174964 0.179207 0.19331 0.195303 0.168092 0.176462 0.193625 0.193137 0.173003 1.139999e-01 0.732
N:24 Run:0 0.235556 0.217697 0.192592 0.16714 0.165293 0.134678 0.130992 0.130979 0.111397 0.104348 0.112526 0.122445 0.159612 0.167863 0.183684 0.16315 0.156682 0.151762 0.16101 0.174258 0.199452 1.218027e-01 0.730
N:24 Run:1 0.289525 0.218975 0.204692 0.139338 0.126622 0.104332 0.0915853 0.085804 0.0829536 0.0817255 0.0812826 0.0808818 0.105912 0.144319 0.134621 0.143244 0.147976 0.154262 0.197018 0.192285 0.19948 1.218027e-01 0.730
N:24 Run:2 0.170623 0.167603 0.220664 0.191494 0.145532 0.121347 0.0998384 0.0897913 0.0848522 0.0825167 0.081442 0.0809481 0.140673 0.149799 0.167479 0.173617 0.191848 0.173227 0.16853 0.1885 0.184208 1.218027e-01 0.730
N:24 Run:3 0.232039 0.207952 0.198883 0.228546 0.204898 0.202036 0.191227 0.215341 0.182867 0.17572 0.168511 0.178198 0.163526 0.18614 0.19028 0.187197 0.187126 0.175323 0.174775 0.196302 0.180306 1.218027e-01 0.730
N:24 Run:4 0.239437 0.207045 0.203978 0.177285 0.174988 0.180963 0.17914 0.165204 0.210119 0.199809 0.206831 0.184844 0.178057 0.192398 0.183209 0.181694 0.16919 0.171028 0.162062 0.189274 0.173394 1.218027e-01 0.730
N:24 Run:5 0.240374 0.194459 0.180971 0.173709 0.171887 0.205633 0.17246 0.163348 0.173739 0.160115 0.153519 0.153028 0.14867 0.160357 0.180036 0.19321 0.163876 0.169263 0.161104 0.172122 0.176011 1.218027e-01 0.730
N:24 Run:6 0.184531 0.194952 0.248067 0.198262 0.135258 0.105699 0.0921257 0.0858723 0.0829989 0.0817384 0.0811152 0.0826415 0.182277 0.192568 0.222995 0.207839 0.191786 0.16737 0.166384 0.166489 0.156606 1.218027e-01 0.730
N:24 Run:7 0.223806 0.206877 0.200579 0.17779 0.177685 0.208135 0.179648 0.182846 0.154943 0.154243 0.175709 0.174122 0.222425 0.225618 0.201672 0.200769 0.178025 0.169096 0.159733 0.164907 0.156617 1.218027e-01 0.730
N:24 Run:8 0.202749 0.202027 0.451785 0.673168 0.66774 0.590785 0.474882 0.463073 0.581539 0.647209 0.467352 0.431159 0.30655 0.229445 0.219452 0.186087 0.203235 0.179019 0.181998 0.174664 0.178576 1.218027e-01 0.730
N:24 Run:9 0.242902 0.192079 0.177139 0.185936 0.200332 0.232665 0.205581 0.200549 0.168238 0.195313 0.188396 0.198903 0.174964 0.179207 0.19331 0.195303 0.168092 0.176462 0.193625 0.193137 0.173003 1.218027e-01 0.730
N:25 Run:0 0.235556 0.217697 0.192592 0.16714 0.165293 0.134678 0.130992 0.130979 0.111397 0.104348 0.112526 0.122445 0.159612 0.167863 0.183684 0.16315 0.156682 0.151762 0.16101 0.174258 0.199452 1.142279e-01 0.725
N:25 Run:1 0.289525 0.218975 0.204692 0.139338 0.126622 0.104332 0.0915853 0.085804 0.0829536 0.0817255 0.0812826 0.0808818 0.105912 0.144319 0.134621 0.143244 0.147976 0.154262 0.197018 0.192285 0.19948 1.142279e-01 0.725
N:25 Run:2 0.170623 0.167603 0.220664 0.191494 0.145532 0.121347 0.0998384 0.0897913 0.0848522 0.0825167 0.081442 0.0809481 0.140673 0.149799 0.167479 0.173617 0.191848 0.173227 0.16853 0.1885 0.184208 1.142279e-01 0.725
N:25 Run:3 0.232039 0.207952 0.198883 0.228546 0.204898 0.202036 0.191227 0.215341 0.182867 0.17572 0.168511 0.178198 0.163526 0.18614 0.19028 0.187197 0.187126 0.175323 0.174775 0.196302 0.180306 1.142279e-01 0.725
N:25 Run:4 0.239437 0.207045 0.203978 0.177285 0.174988 0.180963 0.17914 0.165204 0.210119 0.199809 0.206831 0.184844 0.178057 0.192398 0.183209 0.181694 0.16919 0.171028 0.162062 0.189274 0.173394 1.142279e-01 0.725
N:25 Run:5 0.240374 0.194459 0.180971 0.173709 0.171887 0.205633 0.17246 0.163348 0.173739 0.160115 0.153519 0.153028 0.14867 0.160357 0.180036 0.19321 0.163876 0.169263 0.161104 0.172122 0.176011 1.142279e-01 0.725
N:25 Run:6 0.184531 0.194952 0.248067 0.198262 0.135258 0.105699 0.0921257 0.0858723 0.0829989 0.0817384 0.0811152 0.0826415 0.182277 0.192568 0.222995 0.207839 0.191786 0.16737 0.166384 0.166489 0.156606 1.142279e-01 0.725
N:25 Run:7 0.223806 0.206877 0.200579 0.17779 0.177685 0.208135 0.179648 0.182846 0.154943 0.154243 0.175709 0.174122 0.222425 0.225618 0.201672 0.200769 0.178025 0.169096 0.159733 0.164907 0.156617 1.142279e-01 0.725
N:25 Run:8 0.202749 0.202027 0.451785 0.673168 0.66774 0.590785 0.474882 0.463073 0.581539 0.647209 0.467352 0.431159 0.30655 0.229445 0.219452 0.186087 0.203235 0.179019 0.181998 0.174664 0.178576 1.142279e-01 0.725
N:25 Run:9 0.242902 0.192079 0.177139 0.185936 0.200332 0.232665 0.205581 0.200549 0.168238 0.195313 0.188396 0.198903 0.174964 0.179207 0.19331 0.195303 0.168092 0.176462 0.193625 0.193137 0.173003 1.142279e-01 0.725
N:26 Run:0 0.235556 0.217697 0.192592 0.16714 0.165293 0.134678 0.130992 0.130979 0.111397 0.104348 0.112526 0.122445 0.159612 0.167863 0.183684 0.16315 0.156682 0.151762 0.16101 0.174258 0.199452 1.262946e-01 0.719
N:26 Run:1 0.289525 0.218975 0.204692 0.139338 0.126622 0.104332 0.0915853 0.085804 0.0829536 0.0817255 0.0812826 0.0808818 0.105912 0.144319 0.134621 0.143244 0.147976 0.154262 0.197018 0.192285 0.19948 1.262946e-01 0.719
N:26 Run:2 0.170623 0.167603 0.220664 0.191494 0.145532 0.121347 0.0998384 0.0897913 0.0848522 0.0825167 0.081442 0.0809481 0.140673 0.149799 0.167479 0.173617 0.191848 0.173227 0.16853 0.1885 0.184208 1.262946e-01 0.719
N:26 Run:3 0.232039 0.207952 0.198883 0.228546 0.204898 0.202036 0.191227 0.215341 0.182867 0.17572 0.168511 0.178198 0.163526 0.18614 0.19028 0.187197 0.187126 0.175323 0.174775 0.196302 0.180306 1.262946e-01 0.719
N:26 Run:4 0.239437 0.207045 0.203978 0.177285 0.174988 0.180963 0.17914 0.165204 0.210119 0.199809 0.206831 0.184844 0.178057 0.192398 0.183209 0.181694 0.16919 0.171028 0.162062 0.189274 0.173394 1.262946e-01 0.719
N:26 Run:5 0.240374 0.194459 0.180971 0.173709 0.171887 0.205633 0.17246 0.163348 0.173739 0.160115 0.153519 0.153028 0.14867 0.160357 0.180036 0.19321 0.163876 0.169263 0.161104 0.172122 0.176011 1.262946e-01 0.719
N:26 Run:6 0.184531 0.194952 0.248067 0.198262 0.135258 0.105699 0.0921257 0.0858723 0.0829989 0.0817384 0.0811152 0.0826415 0.182277 0.192568 0.222995 0.207839 0.191786 0.16737 0.166384 0.166489 0.156606 1.262946e-01 0.719
N:26 Run:7 0.223806 0.206877 0.200579 0.17779 0.177685 0.208135 0.179648 0.182846 0.154943 0.154243 0.175709 0.174122 0.222425 0.225618 0.201672 0.200769 0.178025 0.169096 0.159733 0.164907 0.156617 1.262946e-01 0.719
N:26 Run:8 0.202749 0.202027 0.451785 0.673168 0.66774 0.590785 0.474882 0.463073 0.581539 0.647209 0.467352 0.431159 0.30655 0.229445 0.219452 0.186087 0.203235 0.179019 0.181998 0.174664 0.178576 1.262946e-01 0.719
N:26 Run:9 0.242902 0.192079 0.177139 0.185936 0.200332 0.232665 0.205581 0.200549 0.168238 0.195313 0.188396 0.198903 0.174964 0.179207 0.19331 0.195303 0.168092 0.176462 0.193625 0.193137 0.173003 1.262946e-01 0.719
N:27 Run:0 0.235556 0.217697 0.192592 0.16714 0.165293 0.134678 0.130992 0.130979 0.111397 0.104348 0.112526 0.122445 0.159612 0.167863 0.183684 0.16315 0.156682 0.151762 0.16101 0.174258 0.199452 1.159048e-01 0.719
N:27 Run:1 0.289525 0.218975 0.204692 0.139338 0.126622 0.104332 0.0915853 0.085804 0.0829536 0.0817255 0.0812826 0.0808818 0.105912 0.144319 0.134621 0.143244 0.147976 0.154262 0.197018 0.192285 0.19948 1.159048e-01 0.719
N:27 Run:2 0.170623 0.167603 0.220664 0.191494 0.145532 0.121347 0.0998384 0.0897913 0.0848522 0.0825167 0.081442 0.0809481 0.140673 0.149799 0.167479 0.173617 0.191848 0.173227 0.16853 0.1885 0.184208 1.159048e-01 0.719
N:27 Run:3 0.232039 0.207952 0.198883 0.228546 0.204898 0.202036 0.191227 0.215341 0.182867 0.17572 0.168511 0.178198 0.163526 0.18614 0.19028 0.187197 0.187126 0.175323 0.174775 0.196302 0.180306 1.159048e-01 0.719
N:27 Run:4 0.239437 0.207045 0.203978 0.177285 0.174988 0.180963 0.17914 0.165204 0.210119 0.199809 0.206831 0.184844 0.178057 0.192398 0.183209 0.181694 0.16919 0.171028 0.162062 0.189274 0.173394 1.159048e-01 0.719
N:27 Run:5 0.240374 0.194459 0.180971 0.173709 0.171887 0.205633 0.17246 0.163348 0.173739 0.160115 0.153519 0.153028 0.14867 0.160357 0.180036 0.19321 0.163876 0.169263 0.161104 0.172122 0.176011 1.159048e-01 0.719
N:27 Run:6 0.184531 0.194952 0.248067 0.198262 0.135258 0.105699 0.0921257 0.0858723 0.0829989 0.0817384 0.0811152 0.0826415 0.182277 0.192568 0.222995 0.207839 0.191786 0.16737 0.166384 0.166489 0.156606 1.159048e-01 0.719
N:27 Run:7 0.223806 0.206877 0.200579 0.17779 0.177685 0.208135 0.179648 0.182846 0.154943 0.154243 0.175709 0.174122 0.222425 0.225618 0.201672 0.200769 0.178025 0.169096 0.159733 0.164907 0.156617 1.159048e-01 0.719
N:27 Run:8 0.202749 0.202027 0.451785 0.673168 0.66774 0.590785 0.474882 0.463073 0.581539 0.647209 0.467352 0.431159 0.30655 0.229445 0.219452 0.186087 0.203235 0.179019 0.181998 0.174664 0.178576 1.159048e-01 0.719
N:27 Run:9 0.242902 0.192079 0.177139 0.185936 0.200332 0.232665 0.205581 0.200549 0.168238 0.195313 0.188396 0.198903 0.174964 0.179207 0.19331 0.195303 0.168092 0.176462 0.193625 0.193137 0.173003 1.159048e-01 0.719
N:28 Run:0 0.235556 0.217697 0.192592 0.16714 0.165293 0.134678 0.130992 0.130979 0.111397 0.104348 0.112526 0.122445 0.159612 0.167863 0.183684 0.16315 0.156682 0.151762 0.16101 0.174258 0.199452 1.152417e-01 0.737
N:28 Run:1 0.289525 0.218975 0.204692 0.139338 0.126622 0.104332 0.0915853 0.085804 0.0829536 0.0817255 0.0812826 0.0808818 0.105912 0.144319 0.134621 0.143244 0.147976 0.154262 0.197018 0.192285 0.19948 1.152417e-01 0.737
N:28 Run:2 0.170623 0.167603 0.220664 0.191494 0.145532 0.121347 0.0998384 0.0897913 0.0848522 0.0825167 0.081442 0.0809481 0.140673 0.149799 0.167479 0.173617 0.191848 0.173227 0.16853 0.1885 0.184208 1.152417e-01 0.737
N:28 Run:3 0.232039 0.207952 0.198883 0.228546 0.204898 0.202036 0.191227 0.215341 0.182867 0.17572 0.168511 0.178198 0.163526 0.18614 0.19028 0.187197 0.187126 0.175323 0.174775 0.196302 0.180306 1.152417e-01 0.737
N:28 Run:4 0.239437 0.207045 0.203978 0.177285 0.174988 0.180963 0.17914 0.165204 0.210119 0.199809 0.206831 0.184844 0.178057 0.192398 0.183209 0.181694 0.16919 0.171028 0.162062 0.189274 0.173394 1.152417e-01 0.737
N:28 Run:5 0.240374 0.194459 0.180971 0.173709 0.171887 0.205633 0.17246 0.163348 0.173739 0.160115 0.153519 0.153028 0.14867 0.160357 0.180036 0.19321 0.163876 0.169263 0.161104 0.172122 0.176011 1.152417e-01 0.737
N:28 Run:6 0.184531 0.194952 0.248067 0.198262 0.135258 0.105699 0.0921257 0.0858723 0.0829989 0.0817384 0.0811152 0.0826415 0.182277 0.192568 0.222995 0.207839 0.191786 0.16737 0.166384 0.166489 0.156606 1.152417e-01 0.737
N:28 Run:7 0.223806 0.206877 0.200579 0.17779 0.177685 0.208135 0.179648 0.182846 0.154943 0.154243 0.175709 0.174122 0.222425 0.225618 0.201672 0.200769 0.178025 0.169096 0.159733 0.164907 0.156617 1.152417e-01 0.737
N:28 Run:8 0.202749 0.202027 0.451785 0.673168 0.66774 0.590785 0.474882 0.463073 0.581539 0.647209 0.467352 0.431159 0.30655 0.229445 0.219452 0.186087 0.203235 0.179019 0.181998 0.174664 0.178576 1.152417e-01 0.737
N:28 Run:9 0.242902 0.192079 0.177139 0.185936 0.200332 0.232665 0.205581 0.200549 0.168238 0.195313 0.188396 0.198903 0.174964 0.179207 0.19331 0.195303 0.168092 0.176462 0.193625 0.193137 0.173003 1.152417e-01 0.737
N:29 Run:0 0.235556 0.217697 0.192592 0.16714 0.165293 0.134678 0.130992 0.130979 0.111397 0.104348 0.112526 0.122445 0.159612 0.167863 0.183684 0.16315 0.156682 0.151762 0.16101 0.174258 0.199452 1.215715e-01 0.739
N:29 Run:1 0.289525 0.218975 0.204692 0.139338 0.126622 0.104332 0.0915853 0.085804 0.0829536 0.0817255 0.0812826 0.0808818 0.105912 0.144319 0.134621 0.143244 0.147976 0.154262 0.197018 0.192285 0.19948 1.215715e-01 0.739
N:29 Run:2 0.170623 0.167603 0.220664 0.191494 0.145532 0.121347 0.0998384 0.0897913 0.0848522 0.0825167 0.081442 0.0809481 0.140673 0.149799 0.167479 0.173617 0.191848 0.173227 0.16853 0.1885 0.184208 1.215715e-01 0.739
N:29 Run:3 0.232039 0.207952 0.198883 0.228546 0.204898 0.202036 0.191227 0.215341 0.182867 0.17572 0.168511 0.178198 0.163526 0.18614 0.19028 0.187197 0.187126 0.175323 0.174775 0.196302 0.180306 1.215715e-01 0.739
N:29 Run:4 0.239437 0.207045 0.203978 0.177285 0.174988 0.180963 0.17914 0.165204 0.210119 0.199809 0.206831 0.184844 0.178057 0.192398 0.183209 0.181694 0.16919 0.171028 0.162062 0.189274 0.173394 1.215715e-01 0.739
N:29 Run:5 0.240374 0.194459 0.180971 0.173709 0.171887 0.205633 0.17246 0.163348 0.173739 0.160115 0.153519 0.153028 0.14867 0.160357 0.180036 0.19321 0.163876 0.169263 0.161104 0.172122 0.176011 1.215715e-01 0.739
N:29 Run:6 0.184531 0.194952 0.248067 0.198262 0.135258 0.105699 0.0921257 0.0858723 0.0829989 0.0817384 0.0811152 0.0826415 0.182277 0.192568 0.222995 0.207839 0.191786 0.16737 0.166384 0.166489 0.156606 1.215715e-01 0.739
N:29 Run:7 0.223806 0.206877 0.200579 0.17779 0.177685 0.208135 0.179648 0.182846 0.154943 0.154243 0.175709 0.174122 0.222425 0.225618 0.201672 0.200769 0.178025 0.169096 0.159733 0.164907 0.156617 1.215715e-01 0.739
N:29 Run:8 0.202749 0.202027 0.451785 0.673168 0.66774 0.590785 0.474882 0.463073 0.581539 0.647209 0.467352 0.431159 0.30655 0.229445 0.219452 0.186087 0.203235 0.179019 0.181998 0.174664 0.178576 1.215715e-01 0.739
N:29 Run:9 0.242902 0.192079 0.177139 0.185936 0.200332 0.232665 0.205581 0.200549 0.168238 0.195313 0.188396 0.198903 0.174964 0.179207 0.19331 0.195303 0.168092 0.176462 0.193625 0.193137 0.173003 1.215715e-01 0.739
