Seed:1578446296
N:0 Run:0 0.511434 0.501556 0.325002 0.230579 0.194985 0.183068 0.177563 0.174787 0.172854 0.172286 0.170461 0.176733 0.377644 0.453892 0.4812 0.493 0.491954 0.494778 0.497092 0.497642 0.496564 1.560971e-01 0.644
N:0 Run:1 0.525473 0.509358 0.487968 0.490692 0.490628 0.489615 0.49132 0.491493 0.489895 0.484153 0.488849 0.490751 0.496206 0.497893 0.495642 0.499284 0.498597 0.499497 0.49919 0.49819 0.498678 1.560971e-01 0.644
N:0 Run:2 0.441177 0.477273 0.491233 0.496505 0.498091 0.498394 0.500135 0.497304 0.495098 0.496664 0.497658 0.498844 0.500167 0.499383 0.497315 0.498895 0.498391 0.499115 0.497985 0.496796 0.496179 1.560971e-01 0.644
N:0 Run:3 0.3964 0.461673 0.483509 0.493244 0.497846 0.498912 0.498695 0.49835 0.497026 0.496461 0.498277 0.496941 0.498195 0.498609 0.499426 0.496459 0.498549 0.499549 0.499224 0.498091 0.49872 1.560971e-01 0.644
N:0 Run:4 0.527157 0.508077 0.344584 0.234584 0.196244 0.181193 0.173645 0.171448 0.171547 0.171017 0.182972 0.176171 0.371413 0.449317 0.479893 0.491943 0.496255 0.496724 0.492938 0.493768 0.497202 1.560971e-01 0.644
N:0 Run:5 0.529321 0.510033 0.336331 0.233515 0.193163 0.179405 0.180841 0.173732 0.172423 0.171405 0.170878 0.169534 0.371944 0.449066 0.480088 0.490422 0.493801 0.497816 0.496628 0.49729 0.497632 1.560971e-01 0.644
N:0 Run:6 0.489751 0.496392 0.498549 0.499286 0.497766 0.498817 0.499246 0.499925 0.498607 0.4994 0.499534 0.497952 0.49618 0.497425 0.499475 0.499548 0.497961 0.498746 0.494989 0.496857 0.496819 1.560971e-01 0.644
N:0 Run:7 0.492125 0.495594 0.495893 0.491192 0.494593 0.495926 0.495111 0.498417 0.497088 0.498317 0.492705 0.496352 0.49796 0.4973 0.497992 0.498312 0.498767 0.49695 0.498825 0.498285 0.498926 1.560971e-01 0.644
N:0 Run:8 0.462478 0.484165 0.490748 0.497171 0.497278 0.497315 0.497421 0.498937 0.498244 0.496174 0.498808 0.498429 0.498073 0.499533 0.499227 0.49913 0.498891 0.499771 0.496612 0.496876 0.498555 1.560971e-01 0.644
N:0 Run:9 0.567692 0.524145 0.334568 0.230546 0.191702 0.17759 0.172756 0.170508 0.169552 0.170657 0.169552 0.169217 0.371564 0.451832 0.480374 0.492812 0.498026 0.49724 0.496654 0.497963 0.497129 1.560971e-01 0.644
N:1 Run:0 0.511434 0.500557 0.346174 0.258525 0.218225 0.20058 0.191919 0.187555 0.185055 0.183999 0.182608 0.185922 0.352186 0.430225 0.464685 0.482431 0.484033 0.488589 0.492193 0.493464 0.492504 1.557495e-01 0.645
N:1 Run:1 0.525473 0.510094 0.485015 0.485922 0.485066 0.48351 0.485257 0.48551 0.483666 0.47684 0.481685 0.484087 0.490872 0.493561 0.491334 0.495711 0.495241 0.496422 0.496186 0.495008 0.495507 1.557495e-01 0.645
N:1 Run:2 0.441177 0.47061 0.48475 0.491319 0.49387 0.49469 0.497037 0.493913 0.491106 0.49268 0.493897 0.49544 0.497215 0.496481 0.494005 0.495705 0.495163 0.496016 0.494718 0.493201 0.492297 1.557495e-01 0.645
N:1 Run:3 0.3964 0.451384 0.473638 0.485771 0.492508 0.494805 0.495112 0.494932 0.493412 0.492629 0.494712 0.493243 0.494678 0.495271 0.496344 0.492901 0.495166 0.496472 0.496226 0.494893 0.495549 1.557495e-01 0.645
N:1 Run:4 0.527157 0.508562 0.360828 0.263367 0.220305 0.200199 0.189924 0.185579 0.184114 0.183127 0.189658 0.186175 0.345186 0.424308 0.462454 0.48072 0.488864 0.491216 0.487569 0.488556 0.492762 1.557495e-01 0.645
N:1 Run:5 0.529321 0.510941 0.356079 0.262325 0.218313 0.198926 0.193815 0.187139 0.184842 0.183495 0.182796 0.181832 0.346712 0.424469 0.462875 0.478992 0.485802 0.492236 0.491943 0.493133 0.493792 1.557495e-01 0.645
N:1 Run:6 0.489751 0.494125 0.495754 0.496421 0.494563 0.495662 0.496212 0.497092 0.495596 0.496462 0.496663 0.494786 0.492509 0.493754 0.496244 0.496548 0.494738 0.495569 0.491095 0.492956 0.492926 1.557495e-01 0.645
N:1 Run:7 0.492125 0.49318 0.492478 0.486451 0.489808 0.491426 0.490597 0.494561 0.493288 0.49478 0.488224 0.492058 0.494118 0.493543 0.494409 0.494881 0.495502 0.493396 0.495506 0.494976 0.49575 1.557495e-01 0.645
N:1 Run:8 0.462478 0.479122 0.484978 0.492449 0.493107 0.493405 0.493652 0.495547 0.494896 0.492422 0.49539 0.495105 0.494714 0.496461 0.496232 0.496147 0.495864 0.496906 0.493186 0.493208 0.495126 1.557495e-01 0.645
N:1 Run:9 0.567692 0.528317 0.359574 0.262609 0.218239 0.198174 0.189252 0.184929 0.18289 0.182783 0.181882 0.181513 0.346257 0.427752 0.463482 0.482025 0.491215 0.49212 0.492178 0.494041 0.493302 1.557495e-01 0.645
N:2 Run:0 0.511434 0.500557 0.346174 0.258525 0.218225 0.20058 0.191919 0.187555 0.185055 0.183999 0.182608 0.185922 0.352186 0.430225 0.464685 0.482431 0.484033 0.488589 0.492193 0.493464 0.492504 1.564739e-01 0.647
N:2 Run:1 0.525473 0.510094 0.485015 0.485922 0.485066 0.48351 0.485257 0.48551 0.483666 0.47684 0.481685 0.484087 0.490872 0.493561 0.491334 0.495711 0.495241 0.496422 0.496186 0.495008 0.495507 1.564739e-01 0.647
N:2 Run:2 0.441177 0.47061 0.48475 0.491319 0.49387 0.49469 0.497037 0.493913 0.491106 0.49268 0.493897 0.49544 0.497215 0.496481 0.494005 0.495705 0.495163 0.496016 0.494718 0.493201 0.492297 1.564739e-01 0.647
N:2 Run:3 0.3964 0.451384 0.473638 0.485771 0.492508 0.494805 0.495112 0.494932 0.493412 0.492629 0.494712 0.493243 0.494678 0.495271 0.496344 0.492901 0.495166 0.496472 0.496226 0.494893 0.495549 1.564739e-01 0.647
N:2 Run:4 0.527157 0.508562 0.360828 0.263367 0.220305 0.200199 0.189924 0.185579 0.184114 0.183127 0.189658 0.186175 0.345186 0.424308 0.462454 0.48072 0.488864 0.491216 0.487569 0.488556 0.492762 1.564739e-01 0.647
N:2 Run:5 0.529321 0.510941 0.356079 0.262325 0.218313 0.198926 0.193815 0.187139 0.184842 0.183495 0.182796 0.181832 0.346712 0.424469 0.462875 0.478992 0.485802 0.492236 0.491943 0.493133 0.493792 1.564739e-01 0.647
N:2 Run:6 0.489751 0.494125 0.495754 0.496421 0.494563 0.495662 0.496212 0.497092 0.495596 0.496462 0.496663 0.494786 0.492509 0.493754 0.496244 0.496548 0.494738 0.495569 0.491095 0.492956 0.492926 1.564739e-01 0.647
N:2 Run:7 0.492125 0.49318 0.492478 0.486451 0.489808 0.491426 0.490597 0.494561 0.493288 0.49478 0.488224 0.492058 0.494118 0.493543 0.494409 0.494881 0.495502 0.493396 0.495506 0.494976 0.49575 1.564739e-01 0.647
N:2 Run:8 0.462478 0.479122 0.484978 0.492449 0.493107 0.493405 0.493652 0.495547 0.494896 0.492422 0.49539 0.495105 0.494714 0.496461 0.496232 0.496147 0.495864 0.496906 0.493186 0.493208 0.495126 1.564739e-01 0.647
N:2 Run:9 0.567692 0.528317 0.359574 0.262609 0.218239 0.198174 0.189252 0.184929 0.18289 0.182783 0.181882 0.181513 0.346257 0.427752 0.463482 0.482025 0.491215 0.49212 0.492178 0.494041 0.493302 1.564739e-01 0.647
N:3 Run:0 0.511434 0.502815 0.337665 0.244797 0.203058 0.185286 0.176679 0.172379 0.16989 0.168876 0.167401 0.171181 0.351328 0.433887 0.469483 0.487461 0.488682 0.493229 0.496849 0.498073 0.497009 1.555259e-01 0.647
N:3 Run:1 0.525473 0.512344 0.487558 0.489471 0.488993 0.487559 0.489493 0.489785 0.487862 0.480727 0.485895 0.488398 0.495461 0.498185 0.495789 0.500357 0.499815 0.501032 0.500765 0.499528 0.500059 1.555259e-01 0.647
N:3 Run:2 0.441177 0.473705 0.488942 0.495856 0.498471 0.499277 0.501697 0.498392 0.495474 0.497159 0.498431 0.50003 0.501861 0.501064 0.498472 0.500274 0.4997 0.500594 0.49923 0.497654 0.496732 1.555259e-01 0.647
N:3 Run:3 0.3964 0.455004 0.478162 0.490551 0.497327 0.499536 0.499748 0.499507 0.497897 0.497086 0.499274 0.497721 0.499229 0.499837 0.500946 0.49733 0.499728 0.501081 0.500805 0.499406 0.500104 1.555259e-01 0.647
N:3 Run:4 0.527157 0.510692 0.353412 0.249743 0.205116 0.18471 0.174375 0.170155 0.168854 0.167917 0.175335 0.171388 0.343968 0.427761 0.467243 0.485738 0.493783 0.495944 0.491969 0.492972 0.497345 1.555259e-01 0.647
N:3 Run:5 0.529321 0.51311 0.348009 0.248599 0.202902 0.183313 0.178776 0.171873 0.169639 0.168306 0.167618 0.166585 0.345505 0.427886 0.467661 0.483919 0.490596 0.497049 0.496551 0.497713 0.498353 1.555259e-01 0.647
N:3 Run:6 0.489751 0.496767 0.499509 0.500651 0.4989 0.500154 0.500762 0.501691 0.500123 0.501042 0.501248 0.499284 0.496923 0.498258 0.50086 0.501151 0.499245 0.500126 0.495446 0.49744 0.497411 1.555259e-01 0.647
N:3 Run:7 0.492125 0.495707 0.496063 0.490249 0.494048 0.495832 0.494988 0.49915 0.497785 0.499343 0.492466 0.496543 0.498684 0.498055 0.498954 0.499435 0.500073 0.497861 0.500084 0.499515 0.500322 1.555259e-01 0.647
N:3 Run:8 0.462478 0.481938 0.488791 0.49686 0.497583 0.497902 0.49816 0.500138 0.499436 0.496847 0.499974 0.499656 0.499242 0.501069 0.50081 0.500716 0.500419 0.50151 0.497611 0.497672 0.499692 1.555259e-01 0.647
N:3 Run:9 0.567692 0.530075 0.350635 0.248298 0.202539 0.182344 0.173604 0.169425 0.167486 0.167548 0.166617 0.166249 0.34503 0.431324 0.468262 0.487065 0.496209 0.496849 0.496763 0.498644 0.497822 1.555259e-01 0.647
N:4 Run:0 0.511434 0.438625 0.336116 0.274142 0.221998 0.22019 0.216229 0.195066 0.201086 0.19062 0.168131 0.192762 0.320889 0.415527 0.454827 0.553239 0.471193 0.482612 0.520587 0.515988 0.476217 1.324584e-01 0.694
N:4 Run:1 0.525473 0.55714 0.475868 0.470976 0.443939 0.412868 0.439043 0.45503 0.440104 0.451851 0.428646 0.424937 0.51207 0.49137 0.45707 0.554976 0.559732 0.552996 0.510617 0.50234 0.533929 1.324584e-01 0.694
N:4 Run:2 0.441177 0.453942 0.513857 0.502707 0.502382 0.540874 0.541233 0.586908 0.519822 0.596108 0.527252 0.508808 0.576645 0.57702 0.524777 0.50558 0.447087 0.477623 0.465226 0.475104 0.456834 1.324584e-01 0.694
N:4 Run:3 0.3964 0.410178 0.456582 0.560956 0.52978 0.534923 0.491444 0.429857 0.458099 0.526163 0.473549 0.473373 0.506656 0.544574 0.567063 0.505442 0.507638 0.457345 0.50671 0.430251 0.45131 1.324584e-01 0.694
N:4 Run:4 0.527157 0.484246 0.371644 0.27121 0.219046 0.197505 0.170452 0.173714 0.170502 0.171623 0.218025 0.210172 0.340379 0.425915 0.433883 0.406114 0.429977 0.424316 0.443182 0.484886 0.503057 1.324584e-01 0.694
N:4 Run:5 0.529321 0.492496 0.354615 0.252888 0.202853 0.193921 0.193673 0.168332 0.169935 0.162018 0.172181 0.137495 0.328556 0.38306 0.492992 0.532427 0.460347 0.502615 0.486602 0.479478 0.460781 1.324584e-01 0.694
N:4 Run:6 0.489751 0.518779 0.544366 0.543664 0.51744 0.496948 0.46457 0.443495 0.43609 0.473833 0.498444 0.501757 0.473172 0.462627 0.454748 0.45944 0.473776 0.414021 0.449331 0.442735 0.534529 1.324584e-01 0.694
N:4 Run:7 0.492125 0.471338 0.49187 0.459572 0.435729 0.472782 0.500428 0.47751 0.513315 0.503039 0.466983 0.469446 0.465035 0.481117 0.471332 0.456779 0.542993 0.524724 0.501028 0.496048 0.513202 1.324584e-01 0.694
N:4 Run:8 0.462478 0.522931 0.449424 0.511738 0.517919 0.48608 0.473216 0.515446 0.507086 0.498747 0.515813 0.460464 0.46543 0.499886 0.48078 0.497179 0.517584 0.509949 0.480783 0.53262 0.537707 1.324584e-01 0.694
N:4 Run:9 0.567692 0.506799 0.399887 0.284959 0.239942 0.3635 0.532859 0.447018 0.290381 0.237816 0.187362 0.153737 0.278671 0.38521 0.462924 0.507422 0.520168 0.474827 0.467849 0.433239 0.443765 1.324584e-01 0.694
N:5 Run:0 0.511434 0.438625 0.336116 0.274142 0.221998 0.22019 0.216229 0.195066 0.201086 0.19062 0.168131 0.192762 0.320889 0.415527 0.454827 0.553239 0.471193 0.482612 0.520587 0.515988 0.476217 1.555794e-01 0.646
N:5 Run:1 0.525473 0.55714 0.475868 0.470976 0.443939 0.412868 0.439043 0.45503 0.440104 0.451851 0.428646 0.424937 0.51207 0.49137 0.45707 0.554976 0.559732 0.552996 0.510617 0.50234 0.533929 1.555794e-01 0.646
N:5 Run:2 0.441177 0.453942 0.513857 0.502707 0.502382 0.540874 0.541233 0.586908 0.519822 0.596108 0.527252 0.508808 0.576645 0.57702 0.524777 0.50558 0.447087 0.477623 0.465226 0.475104 0.456834 1.555794e-01 0.646
N:5 Run:3 0.3964 0.410178 0.456582 0.560956 0.52978 0.534923 0.491444 0.429857 0.458099 0.526163 0.473549 0.473373 0.506656 0.544574 0.567063 0.505442 0.507638 0.457345 0.50671 0.430251 0.45131 1.555794e-01 0.646
N:5 Run:4 0.527157 0.484246 0.371644 0.27121 0.219046 0.197505 0.170452 0.173714 0.170502 0.171623 0.218025 0.210172 0.340379 0.425915 0.433883 0.406114 0.429977 0.424316 0.443182 0.484886 0.503057 1.555794e-01 0.646
N:5 Run:5 0.529321 0.492496 0.354615 0.252888 0.202853 0.193921 0.193673 0.168332 0.169935 0.162018 0.172181 0.137495 0.328556 0.38306 0.492992 0.532427 0.460347 0.502615 0.486602 0.479478 0.460781 1.555794e-01 0.646
N:5 Run:6 0.489751 0.518779 0.544366 0.543664 0.51744 0.496948 0.46457 0.443495 0.43609 0.473833 0.498444 0.501757 0.473172 0.462627 0.454748 0.45944 0.473776 0.414021 0.449331 0.442735 0.534529 1.555794e-01 0.646
N:5 Run:7 0.492125 0.471338 0.49187 0.459572 0.435729 0.472782 0.500428 0.47751 0.513315 0.503039 0.466983 0.469446 0.465035 0.481117 0.471332 0.456779 0.542993 0.524724 0.501028 0.496048 0.513202 1.555794e-01 0.646
N:5 Run:8 0.462478 0.522931 0.449424 0.511738 0.517919 0.48608 0.473216 0.515446 0.507086 0.498747 0.515813 0.460464 0.46543 0.499886 0.48078 0.497179 0.517584 0.509949 0.480783 0.53262 0.537707 1.555794e-01 0.646
N:5 Run:9 0.567692 0.506799 0.399887 0.284959 0.239942 0.3635 0.532859 0.447018 0.290381 0.237816 0.187362 0.153737 0.278671 0.38521 0.462924 0.507422 0.520168 0.474827 0.467849 0.433239 0.443765 1.555794e-01 0.646
N:6 Run:0 0.511434 0.438625 0.336116 0.274142 0.221998 0.22019 0.216229 0.195066 0.201086 0.19062 0.168131 0.192762 0.320889 0.415527 0.454827 0.553239 0.471193 0.482612 0.520587 0.515988 0.476217 1.556228e-01 0.646
N:6 Run:1 0.525473 0.55714 0.475868 0.470976 0.443939 0.412868 0.439043 0.45503 0.440104 0.451851 0.428646 0.424937 0.51207 0.49137 0.45707 0.554976 0.559732 0.552996 0.510617 0.50234 0.533929 1.556228e-01 0.646
N:6 Run:2 0.441177 0.453942 0.513857 0.502707 0.502382 0.540874 0.541233 0.586908 0.519822 0.596108 0.527252 0.508808 0.576645 0.57702 0.524777 0.50558 0.447087 0.477623 0.465226 0.475104 0.456834 1.556228e-01 0.646
N:6 Run:3 0.3964 0.410178 0.456582 0.560956 0.52978 0.534923 0.491444 0.429857 0.458099 0.526163 0.473549 0.473373 0.506656 0.544574 0.567063 0.505442 0.507638 0.457345 0.50671 0.430251 0.45131 1.556228e-01 0.646
N:6 Run:4 0.527157 0.484246 0.371644 0.27121 0.219046 0.197505 0.170452 0.173714 0.170502 0.171623 0.218025 0.210172 0.340379 0.425915 0.433883 0.406114 0.429977 0.424316 0.443182 0.484886 0.503057 1.556228e-01 0.646
N:6 Run:5 0.529321 0.492496 0.354615 0.252888 0.202853 0.193921 0.193673 0.168332 0.169935 0.162018 0.172181 0.137495 0.328556 0.38306 0.492992 0.532427 0.460347 0.502615 0.486602 0.479478 0.460781 1.556228e-01 0.646
N:6 Run:6 0.489751 0.518779 0.544366 0.543664 0.51744 0.496948 0.46457 0.443495 0.43609 0.473833 0.498444 0.501757 0.473172 0.462627 0.454748 0.45944 0.473776 0.414021 0.449331 0.442735 0.534529 1.556228e-01 0.646
N:6 Run:7 0.492125 0.471338 0.49187 0.459572 0.435729 0.472782 0.500428 0.47751 0.513315 0.503039 0.466983 0.469446 0.465035 0.481117 0.471332 0.456779 0.542993 0.524724 0.501028 0.496048 0.513202 1.556228e-01 0.646
N:6 Run:8 0.462478 0.522931 0.449424 0.511738 0.517919 0.48608 0.473216 0.515446 0.507086 0.498747 0.515813 0.460464 0.46543 0.499886 0.48078 0.497179 0.517584 0.509949 0.480783 0.53262 0.537707 1.556228e-01 0.646
N:6 Run:9 0.567692 0.506799 0.399887 0.284959 0.239942 0.3635 0.532859 0.447018 0.290381 0.237816 0.187362 0.153737 0.278671 0.38521 0.462924 0.507422 0.520168 0.474827 0.467849 0.433239 0.443765 1.556228e-01 0.646
N:7 Run:0 0.511434 0.438625 0.336116 0.274142 0.221998 0.22019 0.216229 0.195066 0.201086 0.19062 0.168131 0.192762 0.320889 0.415527 0.454827 0.553239 0.471193 0.482612 0.520587 0.515988 0.476217 1.560170e-01 0.645
N:7 Run:1 0.525473 0.55714 0.475868 0.470976 0.443939 0.412868 0.439043 0.45503 0.440104 0.451851 0.428646 0.424937 0.51207 0.49137 0.45707 0.554976 0.559732 0.552996 0.510617 0.50234 0.533929 1.560170e-01 0.645
N:7 Run:2 0.441177 0.453942 0.513857 0.502707 0.502382 0.540874 0.541233 0.586908 0.519822 0.596108 0.527252 0.508808 0.576645 0.57702 0.524777 0.50558 0.447087 0.477623 0.465226 0.475104 0.456834 1.560170e-01 0.645
N:7 Run:3 0.3964 0.410178 0.456582 0.560956 0.52978 0.534923 0.491444 0.429857 0.458099 0.526163 0.473549 0.473373 0.506656 0.544574 0.567063 0.505442 0.507638 0.457345 0.50671 0.430251 0.45131 1.560170e-01 0.645
N:7 Run:4 0.527157 0.484246 0.371644 0.27121 0.219046 0.197505 0.170452 0.173714 0.170502 0.171623 0.218025 0.210172 0.340379 0.425915 0.433883 0.406114 0.429977 0.424316 0.443182 0.484886 0.503057 1.560170e-01 0.645
N:7 Run:5 0.529321 0.492496 0.354615 0.252888 0.202853 0.193921 0.193673 0.168332 0.169935 0.162018 0.172181 0.137495 0.328556 0.38306 0.492992 0.532427 0.460347 0.502615 0.486602 0.479478 0.460781 1.560170e-01 0.645
N:7 Run:6 0.489751 0.518779 0.544366 0.543664 0.51744 0.496948 0.46457 0.443495 0.43609 0.473833 0.498444 0.501757 0.473172 0.462627 0.454748 0.45944 0.473776 0.414021 0.449331 0.442735 0.534529 1.560170e-01 0.645
N:7 Run:7 0.492125 0.471338 0.49187 0.459572 0.435729 0.472782 0.500428 0.47751 0.513315 0.503039 0.466983 0.469446 0.465035 0.481117 0.471332 0.456779 0.542993 0.524724 0.501028 0.496048 0.513202 1.560170e-01 0.645
N:7 Run:8 0.462478 0.522931 0.449424 0.511738 0.517919 0.48608 0.473216 0.515446 0.507086 0.498747 0.515813 0.460464 0.46543 0.499886 0.48078 0.497179 0.517584 0.509949 0.480783 0.53262 0.537707 1.560170e-01 0.645
N:7 Run:9 0.567692 0.506799 0.399887 0.284959 0.239942 0.3635 0.532859 0.447018 0.290381 0.237816 0.187362 0.153737 0.278671 0.38521 0.462924 0.507422 0.520168 0.474827 0.467849 0.433239 0.443765 1.560170e-01 0.645
N:8 Run:0 0.511434 0.438625 0.336116 0.274142 0.221998 0.22019 0.216229 0.195066 0.201086 0.19062 0.168131 0.192762 0.320889 0.415527 0.454827 0.553239 0.471193 0.482612 0.520587 0.515988 0.476217 1.349591e-01 0.695
N:8 Run:1 0.525473 0.55714 0.475868 0.470976 0.443939 0.412868 0.439043 0.45503 0.440104 0.451851 0.428646 0.424937 0.51207 0.49137 0.45707 0.554976 0.559732 0.552996 0.510617 0.50234 0.533929 1.349591e-01 0.695
N:8 Run:2 0.441177 0.453942 0.513857 0.502707 0.502382 0.540874 0.541233 0.586908 0.519822 0.596108 0.527252 0.508808 0.576645 0.57702 0.524777 0.50558 0.447087 0.477623 0.465226 0.475104 0.456834 1.349591e-01 0.695
N:8 Run:3 0.3964 0.410178 0.456582 0.560956 0.52978 0.534923 0.491444 0.429857 0.458099 0.526163 0.473549 0.473373 0.506656 0.544574 0.567063 0.505442 0.507638 0.457345 0.50671 0.430251 0.45131 1.349591e-01 0.695
N:8 Run:4 0.527157 0.484246 0.371644 0.27121 0.219046 0.197505 0.170452 0.173714 0.170502 0.171623 0.218025 0.210172 0.340379 0.425915 0.433883 0.406114 0.429977 0.424316 0.443182 0.484886 0.503057 1.349591e-01 0.695
N:8 Run:5 0.529321 0.492496 0.354615 0.252888 0.202853 0.193921 0.193673 0.168332 0.169935 0.162018 0.172181 0.137495 0.328556 0.38306 0.492992 0.532427 0.460347 0.502615 0.486602 0.479478 0.460781 1.349591e-01 0.695
N:8 Run:6 0.489751 0.518779 0.544366 0.543664 0.51744 0.496948 0.46457 0.443495 0.43609 0.473833 0.498444 0.501757 0.473172 0.462627 0.454748 0.45944 0.473776 0.414021 0.449331 0.442735 0.534529 1.349591e-01 0.695
N:8 Run:7 0.492125 0.471338 0.49187 0.459572 0.435729 0.472782 0.500428 0.47751 0.513315 0.503039 0.466983 0.469446 0.465035 0.481117 0.471332 0.456779 0.542993 0.524724 0.501028 0.496048 0.513202 1.349591e-01 0.695
N:8 Run:8 0.462478 0.522931 0.449424 0.511738 0.517919 0.48608 0.473216 0.515446 0.507086 0.498747 0.515813 0.460464 0.46543 0.499886 0.48078 0.497179 0.517584 0.509949 0.480783 0.53262 0.537707 1.349591e-01 0.695
N:8 Run:9 0.567692 0.506799 0.399887 0.284959 0.239942 0.3635 0.532859 0.447018 0.290381 0.237816 0.187362 0.153737 0.278671 0.38521 0.462924 0.507422 0.520168 0.474827 0.467849 0.433239 0.443765 1.349591e-01 0.695
N:9 Run:0 0.511434 0.438625 0.336116 0.274142 0.221998 0.22019 0.216229 0.195066 0.201086 0.19062 0.168131 0.192762 0.320889 0.415527 0.454827 0.553239 0.471193 0.482612 0.520587 0.515988 0.476217 1.526177e-01 0.666
N:9 Run:1 0.525473 0.55714 0.475868 0.470976 0.443939 0.412868 0.439043 0.45503 0.440104 0.451851 0.428646 0.424937 0.51207 0.49137 0.45707 0.554976 0.559732 0.552996 0.510617 0.50234 0.533929 1.526177e-01 0.666
N:9 Run:2 0.441177 0.453942 0.513857 0.502707 0.502382 0.540874 0.541233 0.586908 0.519822 0.596108 0.527252 0.508808 0.576645 0.57702 0.524777 0.50558 0.447087 0.477623 0.465226 0.475104 0.456834 1.526177e-01 0.666
N:9 Run:3 0.3964 0.410178 0.456582 0.560956 0.52978 0.534923 0.491444 0.429857 0.458099 0.526163 0.473549 0.473373 0.506656 0.544574 0.567063 0.505442 0.507638 0.457345 0.50671 0.430251 0.45131 1.526177e-01 0.666
N:9 Run:4 0.527157 0.484246 0.371644 0.27121 0.219046 0.197505 0.170452 0.173714 0.170502 0.171623 0.218025 0.210172 0.340379 0.425915 0.433883 0.406114 0.429977 0.424316 0.443182 0.484886 0.503057 1.526177e-01 0.666
N:9 Run:5 0.529321 0.492496 0.354615 0.252888 0.202853 0.193921 0.193673 0.168332 0.169935 0.162018 0.172181 0.137495 0.328556 0.38306 0.492992 0.532427 0.460347 0.502615 0.486602 0.479478 0.460781 1.526177e-01 0.666
N:9 Run:6 0.489751 0.518779 0.544366 0.543664 0.51744 0.496948 0.46457 0.443495 0.43609 0.473833 0.498444 0.501757 0.473172 0.462627 0.454748 0.45944 0.473776 0.414021 0.449331 0.442735 0.534529 1.526177e-01 0.666
N:9 Run:7 0.492125 0.471338 0.49187 0.459572 0.435729 0.472782 0.500428 0.47751 0.513315 0.503039 0.466983 0.469446 0.465035 0.481117 0.471332 0.456779 0.542993 0.524724 0.501028 0.496048 0.513202 1.526177e-01 0.666
N:9 Run:8 0.462478 0.522931 0.449424 0.511738 0.517919 0.48608 0.473216 0.515446 0.507086 0.498747 0.515813 0.460464 0.46543 0.499886 0.48078 0.497179 0.517584 0.509949 0.480783 0.53262 0.537707 1.526177e-01 0.666
N:9 Run:9 0.567692 0.506799 0.399887 0.284959 0.239942 0.3635 0.532859 0.447018 0.290381 0.237816 0.187362 0.153737 0.278671 0.38521 0.462924 0.507422 0.520168 0.474827 0.467849 0.433239 0.443765 1.526177e-01 0.666
N:10 Run:0 0.511434 0.438625 0.336116 0.274142 0.221998 0.22019 0.216229 0.195066 0.201086 0.19062 0.168131 0.192762 0.320889 0.415527 0.454827 0.553239 0.471193 0.482612 0.520587 0.515988 0.476217 1.554848e-01 0.642
N:10 Run:1 0.525473 0.55714 0.475868 0.470976 0.443939 0.412868 0.439043 0.45503 0.440104 0.451851 0.428646 0.424937 0.51207 0.49137 0.45707 0.554976 0.559732 0.552996 0.510617 0.50234 0.533929 1.554848e-01 0.642
N:10 Run:2 0.441177 0.453942 0.513857 0.502707 0.502382 0.540874 0.541233 0.586908 0.519822 0.596108 0.527252 0.508808 0.576645 0.57702 0.524777 0.50558 0.447087 0.477623 0.465226 0.475104 0.456834 1.554848e-01 0.642
N:10 Run:3 0.3964 0.410178 0.456582 0.560956 0.52978 0.534923 0.491444 0.429857 0.458099 0.526163 0.473549 0.473373 0.506656 0.544574 0.567063 0.505442 0.507638 0.457345 0.50671 0.430251 0.45131 1.554848e-01 0.642
N:10 Run:4 0.527157 0.484246 0.371644 0.27121 0.219046 0.197505 0.170452 0.173714 0.170502 0.171623 0.218025 0.210172 0.340379 0.425915 0.433883 0.406114 0.429977 0.424316 0.443182 0.484886 0.503057 1.554848e-01 0.642
N:10 Run:5 0.529321 0.492496 0.354615 0.252888 0.202853 0.193921 0.193673 0.168332 0.169935 0.162018 0.172181 0.137495 0.328556 0.38306 0.492992 0.532427 0.460347 0.502615 0.486602 0.479478 0.460781 1.554848e-01 0.642
N:10 Run:6 0.489751 0.518779 0.544366 0.543664 0.51744 0.496948 0.46457 0.443495 0.43609 0.473833 0.498444 0.501757 0.473172 0.462627 0.454748 0.45944 0.473776 0.414021 0.449331 0.442735 0.534529 1.554848e-01 0.642
N:10 Run:7 0.492125 0.471338 0.49187 0.459572 0.435729 0.472782 0.500428 0.47751 0.513315 0.503039 0.466983 0.469446 0.465035 0.481117 0.471332 0.456779 0.542993 0.524724 0.501028 0.496048 0.513202 1.554848e-01 0.642
N:10 Run:8 0.462478 0.522931 0.449424 0.511738 0.517919 0.48608 0.473216 0.515446 0.507086 0.498747 0.515813 0.460464 0.46543 0.499886 0.48078 0.497179 0.517584 0.509949 0.480783 0.53262 0.537707 1.554848e-01 0.642
N:10 Run:9 0.567692 0.506799 0.399887 0.284959 0.239942 0.3635 0.532859 0.447018 0.290381 0.237816 0.187362 0.153737 0.278671 0.38521 0.462924 0.507422 0.520168 0.474827 0.467849 0.433239 0.443765 1.554848e-01 0.642
N:11 Run:0 0.511434 0.438625 0.336116 0.274142 0.221998 0.22019 0.216229 0.195066 0.201086 0.19062 0.168131 0.192762 0.320889 0.415527 0.454827 0.553239 0.471193 0.482612 0.520587 0.515988 0.476217 1.556530e-01 0.646
N:11 Run:1 0.525473 0.55714 0.475868 0.470976 0.443939 0.412868 0.439043 0.45503 0.440104 0.451851 0.428646 0.424937 0.51207 0.49137 0.45707 0.554976 0.559732 0.552996 0.510617 0.50234 0.533929 1.556530e-01 0.646
N:11 Run:2 0.441177 0.453942 0.513857 0.502707 0.502382 0.540874 0.541233 0.586908 0.519822 0.596108 0.527252 0.508808 0.576645 0.57702 0.524777 0.50558 0.447087 0.477623 0.465226 0.475104 0.456834 1.556530e-01 0.646
N:11 Run:3 0.3964 0.410178 0.456582 0.560956 0.52978 0.534923 0.491444 0.429857 0.458099 0.526163 0.473549 0.473373 0.506656 0.544574 0.567063 0.505442 0.507638 0.457345 0.50671 0.430251 0.45131 1.556530e-01 0.646
N:11 Run:4 0.527157 0.484246 0.371644 0.27121 0.219046 0.197505 0.170452 0.173714 0.170502 0.171623 0.218025 0.210172 0.340379 0.425915 0.433883 0.406114 0.429977 0.424316 0.443182 0.484886 0.503057 1.556530e-01 0.646
N:11 Run:5 0.529321 0.492496 0.354615 0.252888 0.202853 0.193921 0.193673 0.168332 0.169935 0.162018 0.172181 0.137495 0.328556 0.38306 0.492992 0.532427 0.460347 0.502615 0.486602 0.479478 0.460781 1.556530e-01 0.646
N:11 Run:6 0.489751 0.518779 0.544366 0.543664 0.51744 0.496948 0.46457 0.443495 0.43609 0.473833 0.498444 0.501757 0.473172 0.462627 0.454748 0.45944 0.473776 0.414021 0.449331 0.442735 0.534529 1.556530e-01 0.646
N:11 Run:7 0.492125 0.471338 0.49187 0.459572 0.435729 0.472782 0.500428 0.47751 0.513315 0.503039 0.466983 0.469446 0.465035 0.481117 0.471332 0.456779 0.542993 0.524724 0.501028 0.496048 0.513202 1.556530e-01 0.646
N:11 Run:8 0.462478 0.522931 0.449424 0.511738 0.517919 0.48608 0.473216 0.515446 0.507086 0.498747 0.515813 0.460464 0.46543 0.499886 0.48078 0.497179 0.517584 0.509949 0.480783 0.53262 0.537707 1.556530e-01 0.646
N:11 Run:9 0.567692 0.506799 0.399887 0.284959 0.239942 0.3635 0.532859 0.447018 0.290381 0.237816 0.187362 0.153737 0.278671 0.38521 0.462924 0.507422 0.520168 0.474827 0.467849 0.433239 0.443765 1.556530e-01 0.646
N:12 Run:0 0.511434 0.438625 0.336116 0.274142 0.221998 0.22019 0.216229 0.195066 0.201086 0.19062 0.168131 0.192762 0.320889 0.415527 0.454827 0.553239 0.471193 0.482612 0.520587 0.515988 0.476217 1.553874e-01 0.647
N:12 Run:1 0.525473 0.55714 0.475868 0.470976 0.443939 0.412868 0.439043 0.45503 0.440104 0.451851 0.428646 0.424937 0.51207 0.49137 0.45707 0.554976 0.559732 0.552996 0.510617 0.50234 0.533929 1.553874e-01 0.647
N:12 Run:2 0.441177 0.453942 0.513857 0.502707 0.502382 0.540874 0.541233 0.586908 0.519822 0.596108 0.527252 0.508808 0.576645 0.57702 0.524777 0.50558 0.447087 0.477623 0.465226 0.475104 0.456834 1.553874e-01 0.647
N:12 Run:3 0.3964 0.410178 0.456582 0.560956 0.52978 0.534923 0.491444 0.429857 0.458099 0.526163 0.473549 0.473373 0.506656 0.544574 0.567063 0.505442 0.507638 0.457345 0.50671 0.430251 0.45131 1.553874e-01 0.647
N:12 Run:4 0.527157 0.484246 0.371644 0.27121 0.219046 0.197505 0.170452 0.173714 0.170502 0.171623 0.218025 0.210172 0.340379 0.425915 0.433883 0.406114 0.429977 0.424316 0.443182 0.484886 0.503057 1.553874e-01 0.647
N:12 Run:5 0.529321 0.492496 0.354615 0.252888 0.202853 0.193921 0.193673 0.168332 0.169935 0.162018 0.172181 0.137495 0.328556 0.38306 0.492992 0.532427 0.460347 0.502615 0.486602 0.479478 0.460781 1.553874e-01 0.647
N:12 Run:6 0.489751 0.518779 0.544366 0.543664 0.51744 0.496948 0.46457 0.443495 0.43609 0.473833 0.498444 0.501757 0.473172 0.462627 0.454748 0.45944 0.473776 0.414021 0.449331 0.442735 0.534529 1.553874e-01 0.647
N:12 Run:7 0.492125 0.471338 0.49187 0.459572 0.435729 0.472782 0.500428 0.47751 0.513315 0.503039 0.466983 0.469446 0.465035 0.481117 0.471332 0.456779 0.542993 0.524724 0.501028 0.496048 0.513202 1.553874e-01 0.647
N:12 Run:8 0.462478 0.522931 0.449424 0.511738 0.517919 0.48608 0.473216 0.515446 0.507086 0.498747 0.515813 0.460464 0.46543 0.499886 0.48078 0.497179 0.517584 0.509949 0.480783 0.53262 0.537707 1.553874e-01 0.647
N:12 Run:9 0.567692 0.506799 0.399887 0.284959 0.239942 0.3635 0.532859 0.447018 0.290381 0.237816 0.187362 0.153737 0.278671 0.38521 0.462924 0.507422 0.520168 0.474827 0.467849 0.433239 0.443765 1.553874e-01 0.647
N:13 Run:0 0.511434 0.438625 0.336116 0.274142 0.221998 0.22019 0.216229 0.195066 0.201086 0.19062 0.168131 0.192762 0.320889 0.415527 0.454827 0.553239 0.471193 0.482612 0.520587 0.515988 0.476217 1.570852e-01 0.646
N:13 Run:1 0.525473 0.55714 0.475868 0.470976 0.443939 0.412868 0.439043 0.45503 0.440104 0.451851 0.428646 0.424937 0.51207 0.49137 0.45707 0.554976 0.559732 0.552996 0.510617 0.50234 0.533929 1.570852e-01 0.646
N:13 Run:2 0.441177 0.453942 0.513857 0.502707 0.502382 0.540874 0.541233 0.586908 0.519822 0.596108 0.527252 0.508808 0.576645 0.57702 0.524777 0.50558 0.447087 0.477623 0.465226 0.475104 0.456834 1.570852e-01 0.646
N:13 Run:3 0.3964 0.410178 0.456582 0.560956 0.52978 0.534923 0.491444 0.429857 0.458099 0.526163 0.473549 0.473373 0.506656 0.544574 0.567063 0.505442 0.507638 0.457345 0.50671 0.430251 0.45131 1.570852e-01 0.646
N:13 Run:4 0.527157 0.484246 0.371644 0.27121 0.219046 0.197505 0.170452 0.173714 0.170502 0.171623 0.218025 0.210172 0.340379 0.425915 0.433883 0.406114 0.429977 0.424316 0.443182 0.484886 0.503057 1.570852e-01 0.646
N:13 Run:5 0.529321 0.492496 0.354615 0.252888 0.202853 0.193921 0.193673 0.168332 0.169935 0.162018 0.172181 0.137495 0.328556 0.38306 0.492992 0.532427 0.460347 0.502615 0.486602 0.479478 0.460781 1.570852e-01 0.646
N:13 Run:6 0.489751 0.518779 0.544366 0.543664 0.51744 0.496948 0.46457 0.443495 0.43609 0.473833 0.498444 0.501757 0.473172 0.462627 0.454748 0.45944 0.473776 0.414021 0.449331 0.442735 0.534529 1.570852e-01 0.646
N:13 Run:7 0.492125 0.471338 0.49187 0.459572 0.435729 0.472782 0.500428 0.47751 0.513315 0.503039 0.466983 0.469446 0.465035 0.481117 0.471332 0.456779 0.542993 0.524724 0.501028 0.496048 0.513202 1.570852e-01 0.646
N:13 Run:8 0.462478 0.522931 0.449424 0.511738 0.517919 0.48608 0.473216 0.515446 0.507086 0.498747 0.515813 0.460464 0.46543 0.499886 0.48078 0.497179 0.517584 0.509949 0.480783 0.53262 0.537707 1.570852e-01 0.646
N:13 Run:9 0.567692 0.506799 0.399887 0.284959 0.239942 0.3635 0.532859 0.447018 0.290381 0.237816 0.187362 0.153737 0.278671 0.38521 0.462924 0.507422 0.520168 0.474827 0.467849 0.433239 0.443765 1.570852e-01 0.646
N:14 Run:0 0.511434 0.438625 0.336116 0.274142 0.221998 0.22019 0.216229 0.195066 0.201086 0.19062 0.168131 0.192762 0.320889 0.415527 0.454827 0.553239 0.471193 0.482612 0.520587 0.515988 0.476217 1.556471e-01 0.665
N:14 Run:1 0.525473 0.55714 0.475868 0.470976 0.443939 0.412868 0.439043 0.45503 0.440104 0.451851 0.428646 0.424937 0.51207 0.49137 0.45707 0.554976 0.559732 0.552996 0.510617 0.50234 0.533929 1.556471e-01 0.665
N:14 Run:2 0.441177 0.453942 0.513857 0.502707 0.502382 0.540874 0.541233 0.586908 0.519822 0.596108 0.527252 0.508808 0.576645 0.57702 0.524777 0.50558 0.447087 0.477623 0.465226 0.475104 0.456834 1.556471e-01 0.665
N:14 Run:3 0.3964 0.410178 0.456582 0.560956 0.52978 0.534923 0.491444 0.429857 0.458099 0.526163 0.473549 0.473373 0.506656 0.544574 0.567063 0.505442 0.507638 0.457345 0.50671 0.430251 0.45131 1.556471e-01 0.665
N:14 Run:4 0.527157 0.484246 0.371644 0.27121 0.219046 0.197505 0.170452 0.173714 0.170502 0.171623 0.218025 0.210172 0.340379 0.425915 0.433883 0.406114 0.429977 0.424316 0.443182 0.484886 0.503057 1.556471e-01 0.665
N:14 Run:5 0.529321 0.492496 0.354615 0.252888 0.202853 0.193921 0.193673 0.168332 0.169935 0.162018 0.172181 0.137495 0.328556 0.38306 0.492992 0.532427 0.460347 0.502615 0.486602 0.479478 0.460781 1.556471e-01 0.665
N:14 Run:6 0.489751 0.518779 0.544366 0.543664 0.51744 0.496948 0.46457 0.443495 0.43609 0.473833 0.498444 0.501757 0.473172 0.462627 0.454748 0.45944 0.473776 0.414021 0.449331 0.442735 0.534529 1.556471e-01 0.665
N:14 Run:7 0.492125 0.471338 0.49187 0.459572 0.435729 0.472782 0.500428 0.47751 0.513315 0.503039 0.466983 0.469446 0.465035 0.481117 0.471332 0.456779 0.542993 0.524724 0.501028 0.496048 0.513202 1.556471e-01 0.665
N:14 Run:8 0.462478 0.522931 0.449424 0.511738 0.517919 0.48608 0.473216 0.515446 0.507086 0.498747 0.515813 0.460464 0.46543 0.499886 0.48078 0.497179 0.517584 0.509949 0.480783 0.53262 0.537707 1.556471e-01 0.665
N:14 Run:9 0.567692 0.506799 0.399887 0.284959 0.239942 0.3635 0.532859 0.447018 0.290381 0.237816 0.187362 0.153737 0.278671 0.38521 0.462924 0.507422 0.520168 0.474827 0.467849 0.433239 0.443765 1.556471e-01 0.665
N:15 Run:0 0.511434 0.438625 0.336116 0.274142 0.221998 0.22019 0.216229 0.195066 0.201086 0.19062 0.168131 0.192762 0.320889 0.415527 0.454827 0.553239 0.471193 0.482612 0.520587 0.515988 0.476217 1.553143e-01 0.646
N:15 Run:1 0.525473 0.55714 0.475868 0.470976 0.443939 0.412868 0.439043 0.45503 0.440104 0.451851 0.428646 0.424937 0.51207 0.49137 0.45707 0.554976 0.559732 0.552996 0.510617 0.50234 0.533929 1.553143e-01 0.646
N:15 Run:2 0.441177 0.453942 0.513857 0.502707 0.502382 0.540874 0.541233 0.586908 0.519822 0.596108 0.527252 0.508808 0.576645 0.57702 0.524777 0.50558 0.447087 0.477623 0.465226 0.475104 0.456834 1.553143e-01 0.646
N:15 Run:3 0.3964 0.410178 0.456582 0.560956 0.52978 0.534923 0.491444 0.429857 0.458099 0.526163 0.473549 0.473373 0.506656 0.544574 0.567063 0.505442 0.507638 0.457345 0.50671 0.430251 0.45131 1.553143e-01 0.646
N:15 Run:4 0.527157 0.484246 0.371644 0.27121 0.219046 0.197505 0.170452 0.173714 0.170502 0.171623 0.218025 0.210172 0.340379 0.425915 0.433883 0.406114 0.429977 0.424316 0.443182 0.484886 0.503057 1.553143e-01 0.646
N:15 Run:5 0.529321 0.492496 0.354615 0.252888 0.202853 0.193921 0.193673 0.168332 0.169935 0.162018 0.172181 0.137495 0.328556 0.38306 0.492992 0.532427 0.460347 0.502615 0.486602 0.479478 0.460781 1.553143e-01 0.646
N:15 Run:6 0.489751 0.518779 0.544366 0.543664 0.51744 0.496948 0.46457 0.443495 0.43609 0.473833 0.498444 0.501757 0.473172 0.462627 0.454748 0.45944 0.473776 0.414021 0.449331 0.442735 0.534529 1.553143e-01 0.646
N:15 Run:7 0.492125 0.471338 0.49187 0.459572 0.435729 0.472782 0.500428 0.47751 0.513315 0.503039 0.466983 0.469446 0.465035 0.481117 0.471332 0.456779 0.542993 0.524724 0.501028 0.496048 0.513202 1.553143e-01 0.646
N:15 Run:8 0.462478 0.522931 0.449424 0.511738 0.517919 0.48608 0.473216 0.515446 0.507086 0.498747 0.515813 0.460464 0.46543 0.499886 0.48078 0.497179 0.517584 0.509949 0.480783 0.53262 0.537707 1.553143e-01 0.646
N:15 Run:9 0.567692 0.506799 0.399887 0.284959 0.239942 0.3635 0.532859 0.447018 0.290381 0.237816 0.187362 0.153737 0.278671 0.38521 0.462924 0.507422 0.520168 0.474827 0.467849 0.433239 0.443765 1.553143e-01 0.646
N:16 Run:0 0.511434 0.438625 0.336116 0.274142 0.221998 0.22019 0.216229 0.195066 0.201086 0.19062 0.168131 0.192762 0.320889 0.415527 0.454827 0.553239 0.471193 0.482612 0.520587 0.515988 0.476217 1.555479e-01 0.648
N:16 Run:1 0.525473 0.55714 0.475868 0.470976 0.443939 0.412868 0.439043 0.45503 0.440104 0.451851 0.428646 0.424937 0.51207 0.49137 0.45707 0.554976 0.559732 0.552996 0.510617 0.50234 0.533929 1.555479e-01 0.648
N:16 Run:2 0.441177 0.453942 0.513857 0.502707 0.502382 0.540874 0.541233 0.586908 0.519822 0.596108 0.527252 0.508808 0.576645 0.57702 0.524777 0.50558 0.447087 0.477623 0.465226 0.475104 0.456834 1.555479e-01 0.648
N:16 Run:3 0.3964 0.410178 0.456582 0.560956 0.52978 0.534923 0.491444 0.429857 0.458099 0.526163 0.473549 0.473373 0.506656 0.544574 0.567063 0.505442 0.507638 0.457345 0.50671 0.430251 0.45131 1.555479e-01 0.648
N:16 Run:4 0.527157 0.484246 0.371644 0.27121 0.219046 0.197505 0.170452 0.173714 0.170502 0.171623 0.218025 0.210172 0.340379 0.425915 0.433883 0.406114 0.429977 0.424316 0.443182 0.484886 0.503057 1.555479e-01 0.648
N:16 Run:5 0.529321 0.492496 0.354615 0.252888 0.202853 0.193921 0.193673 0.168332 0.169935 0.162018 0.172181 0.137495 0.328556 0.38306 0.492992 0.532427 0.460347 0.502615 0.486602 0.479478 0.460781 1.555479e-01 0.648
N:16 Run:6 0.489751 0.518779 0.544366 0.543664 0.51744 0.496948 0.46457 0.443495 0.43609 0.473833 0.498444 0.501757 0.473172 0.462627 0.454748 0.45944 0.473776 0.414021 0.449331 0.442735 0.534529 1.555479e-01 0.648
N:16 Run:7 0.492125 0.471338 0.49187 0.459572 0.435729 0.472782 0.500428 0.47751 0.513315 0.503039 0.466983 0.469446 0.465035 0.481117 0.471332 0.456779 0.542993 0.524724 0.501028 0.496048 0.513202 1.555479e-01 0.648
N:16 Run:8 0.462478 0.522931 0.449424 0.511738 0.517919 0.48608 0.473216 0.515446 0.507086 0.498747 0.515813 0.460464 0.46543 0.499886 0.48078 0.497179 0.517584 0.509949 0.480783 0.53262 0.537707 1.555479e-01 0.648
N:16 Run:9 0.567692 0.506799 0.399887 0.284959 0.239942 0.3635 0.532859 0.447018 0.290381 0.237816 0.187362 0.153737 0.278671 0.38521 0.462924 0.507422 0.520168 0.474827 0.467849 0.433239 0.443765 1.555479e-01 0.648
N:17 Run:0 0.511434 0.438625 0.336116 0.274142 0.221998 0.22019 0.216229 0.195066 0.201086 0.19062 0.168131 0.192762 0.320889 0.415527 0.454827 0.553239 0.471193 0.482612 0.520587 0.515988 0.476217 1.556200e-01 0.647
N:17 Run:1 0.525473 0.55714 0.475868 0.470976 0.443939 0.412868 0.439043 0.45503 0.440104 0.451851 0.428646 0.424937 0.51207 0.49137 0.45707 0.554976 0.559732 0.552996 0.510617 0.50234 0.533929 1.556200e-01 0.647
N:17 Run:2 0.441177 0.453942 0.513857 0.502707 0.502382 0.540874 0.541233 0.586908 0.519822 0.596108 0.527252 0.508808 0.576645 0.57702 0.524777 0.50558 0.447087 0.477623 0.465226 0.475104 0.456834 1.556200e-01 0.647
N:17 Run:3 0.3964 0.410178 0.456582 0.560956 0.52978 0.534923 0.491444 0.429857 0.458099 0.526163 0.473549 0.473373 0.506656 0.544574 0.567063 0.505442 0.507638 0.457345 0.50671 0.430251 0.45131 1.556200e-01 0.647
N:17 Run:4 0.527157 0.484246 0.371644 0.27121 0.219046 0.197505 0.170452 0.173714 0.170502 0.171623 0.218025 0.210172 0.340379 0.425915 0.433883 0.406114 0.429977 0.424316 0.443182 0.484886 0.503057 1.556200e-01 0.647
N:17 Run:5 0.529321 0.492496 0.354615 0.252888 0.202853 0.193921 0.193673 0.168332 0.169935 0.162018 0.172181 0.137495 0.328556 0.38306 0.492992 0.532427 0.460347 0.502615 0.486602 0.479478 0.460781 1.556200e-01 0.647
N:17 Run:6 0.489751 0.518779 0.544366 0.543664 0.51744 0.496948 0.46457 0.443495 0.43609 0.473833 0.498444 0.501757 0.473172 0.462627 0.454748 0.45944 0.473776 0.414021 0.449331 0.442735 0.534529 1.556200e-01 0.647
N:17 Run:7 0.492125 0.471338 0.49187 0.459572 0.435729 0.472782 0.500428 0.47751 0.513315 0.503039 0.466983 0.469446 0.465035 0.481117 0.471332 0.456779 0.542993 0.524724 0.501028 0.496048 0.513202 1.556200e-01 0.647
N:17 Run:8 0.462478 0.522931 0.449424 0.511738 0.517919 0.48608 0.473216 0.515446 0.507086 0.498747 0.515813 0.460464 0.46543 0.499886 0.48078 0.497179 0.517584 0.509949 0.480783 0.53262 0.537707 1.556200e-01 0.647
N:17 Run:9 0.567692 0.506799 0.399887 0.284959 0.239942 0.3635 0.532859 0.447018 0.290381 0.237816 0.187362 0.153737 0.278671 0.38521 0.462924 0.507422 0.520168 0.474827 0.467849 0.433239 0.443765 1.556200e-01 0.647
N:18 Run:0 0.511434 0.438625 0.336116 0.274142 0.221998 0.22019 0.216229 0.195066 0.201086 0.19062 0.168131 0.192762 0.320889 0.415527 0.454827 0.553239 0.471193 0.482612 0.520587 0.515988 0.476217 1.561430e-01 0.646
N:18 Run:1 0.525473 0.55714 0.475868 0.470976 0.443939 0.412868 0.439043 0.45503 0.440104 0.451851 0.428646 0.424937 0.51207 0.49137 0.45707 0.554976 0.559732 0.552996 0.510617 0.50234 0.533929 1.561430e-01 0.646
N:18 Run:2 0.441177 0.453942 0.513857 0.502707 0.502382 0.540874 0.541233 0.586908 0.519822 0.596108 0.527252 0.508808 0.576645 0.57702 0.524777 0.50558 0.447087 0.477623 0.465226 0.475104 0.456834 1.561430e-01 0.646
N:18 Run:3 0.3964 0.410178 0.456582 0.560956 0.52978 0.534923 0.491444 0.429857 0.458099 0.526163 0.473549 0.473373 0.506656 0.544574 0.567063 0.505442 0.507638 0.457345 0.50671 0.430251 0.45131 1.561430e-01 0.646
N:18 Run:4 0.527157 0.484246 0.371644 0.27121 0.219046 0.197505 0.170452 0.173714 0.170502 0.171623 0.218025 0.210172 0.340379 0.425915 0.433883 0.406114 0.429977 0.424316 0.443182 0.484886 0.503057 1.561430e-01 0.646
N:18 Run:5 0.529321 0.492496 0.354615 0.252888 0.202853 0.193921 0.193673 0.168332 0.169935 0.162018 0.172181 0.137495 0.328556 0.38306 0.492992 0.532427 0.460347 0.502615 0.486602 0.479478 0.460781 1.561430e-01 0.646
N:18 Run:6 0.489751 0.518779 0.544366 0.543664 0.51744 0.496948 0.46457 0.443495 0.43609 0.473833 0.498444 0.501757 0.473172 0.462627 0.454748 0.45944 0.473776 0.414021 0.449331 0.442735 0.534529 1.561430e-01 0.646
N:18 Run:7 0.492125 0.471338 0.49187 0.459572 0.435729 0.472782 0.500428 0.47751 0.513315 0.503039 0.466983 0.469446 0.465035 0.481117 0.471332 0.456779 0.542993 0.524724 0.501028 0.496048 0.513202 1.561430e-01 0.646
N:18 Run:8 0.462478 0.522931 0.449424 0.511738 0.517919 0.48608 0.473216 0.515446 0.507086 0.498747 0.515813 0.460464 0.46543 0.499886 0.48078 0.497179 0.517584 0.509949 0.480783 0.53262 0.537707 1.561430e-01 0.646
N:18 Run:9 0.567692 0.506799 0.399887 0.284959 0.239942 0.3635 0.532859 0.447018 0.290381 0.237816 0.187362 0.153737 0.278671 0.38521 0.462924 0.507422 0.520168 0.474827 0.467849 0.433239 0.443765 1.561430e-01 0.646
N:19 Run:0 0.511434 0.450901 0.344004 0.272962 0.219857 0.211459 0.204122 0.185339 0.186831 0.177879 0.156586 0.179901 0.311808 0.407452 0.449407 0.53726 0.471836 0.482033 0.514939 0.51288 0.480178 1.283856e-01 0.679
N:19 Run:1 0.525473 0.551554 0.476887 0.471053 0.447742 0.420934 0.441425 0.454193 0.441656 0.447933 0.431651 0.429419 0.504841 0.492422 0.462956 0.547852 0.551448 0.548512 0.514283 0.505068 0.53024 1.283856e-01 0.679
N:19 Run:2 0.441177 0.457042 0.50914 0.503893 0.504433 0.534977 0.540381 0.572463 0.516645 0.577723 0.525024 0.511543 0.568563 0.568246 0.523645 0.509628 0.460867 0.484863 0.472967 0.4786 0.462937 1.283856e-01 0.679
N:19 Run:3 0.3964 0.418534 0.457581 0.545481 0.527491 0.53266 0.497353 0.446249 0.465139 0.518074 0.479966 0.477628 0.505675 0.537275 0.558186 0.506059 0.509727 0.470908 0.50852 0.445663 0.462002 1.283856e-01 0.679
N:19 Run:4 0.527157 0.490196 0.376288 0.269894 0.216959 0.192011 0.162284 0.16171 0.159682 0.159668 0.201388 0.193934 0.32357 0.4112 0.431204 0.416964 0.439384 0.435287 0.446857 0.480435 0.500251 1.283856e-01 0.679
N:19 Run:5 0.529321 0.4988 0.363484 0.259086 0.201184 0.186273 0.186486 0.160447 0.160566 0.153288 0.159675 0.126637 0.309555 0.374115 0.476473 0.515879 0.462668 0.501735 0.48793 0.482816 0.468159 1.283856e-01 0.679
N:19 Run:6 0.489751 0.517273 0.539667 0.540482 0.517097 0.501663 0.475848 0.459562 0.450382 0.481244 0.501673 0.502379 0.477342 0.469604 0.466935 0.47053 0.479231 0.432209 0.455001 0.451351 0.524223 1.283856e-01 0.679
N:19 Run:7 0.492125 0.476284 0.491281 0.461607 0.444005 0.473869 0.495379 0.483145 0.509631 0.503848 0.46992 0.474047 0.472115 0.48367 0.476973 0.465791 0.535168 0.519739 0.504225 0.499001 0.513497 1.283856e-01 0.679
N:19 Run:8 0.462478 0.513137 0.455404 0.511094 0.515228 0.48959 0.478662 0.514517 0.50738 0.498074 0.515781 0.470937 0.473148 0.503255 0.487949 0.50065 0.516687 0.513142 0.485451 0.52553 0.532844 1.283856e-01 0.679
N:19 Run:9 0.567692 0.514726 0.400223 0.280828 0.225074 0.331035 0.571397 0.4456 0.289013 0.231941 0.178735 0.145999 0.27327 0.380303 0.453626 0.500004 0.518555 0.480944 0.473346 0.446626 0.452932 1.283856e-01 0.679
N:20 Run:0 0.511434 0.450901 0.344004 0.272962 0.219857 0.211459 0.204122 0.185339 0.186831 0.177879 0.156586 0.179901 0.311808 0.407452 0.449407 0.53726 0.471836 0.482033 0.514939 0.51288 0.480178 1.570723e-01 0.647
N:20 Run:1 0.525473 0.551554 0.476887 0.471053 0.447742 0.420934 0.441425 0.454193 0.441656 0.447933 0.431651 0.429419 0.504841 0.492422 0.462956 0.547852 0.551448 0.548512 0.514283 0.505068 0.53024 1.570723e-01 0.647
N:20 Run:2 0.441177 0.457042 0.50914 0.503893 0.504433 0.534977 0.540381 0.572463 0.516645 0.577723 0.525024 0.511543 0.568563 0.568246 0.523645 0.509628 0.460867 0.484863 0.472967 0.4786 0.462937 1.570723e-01 0.647
N:20 Run:3 0.3964 0.418534 0.457581 0.545481 0.527491 0.53266 0.497353 0.446249 0.465139 0.518074 0.479966 0.477628 0.505675 0.537275 0.558186 0.506059 0.509727 0.470908 0.50852 0.445663 0.462002 1.570723e-01 0.647
N:20 Run:4 0.527157 0.490196 0.376288 0.269894 0.216959 0.192011 0.162284 0.16171 0.159682 0.159668 0.201388 0.193934 0.32357 0.4112 0.431204 0.416964 0.439384 0.435287 0.446857 0.480435 0.500251 1.570723e-01 0.647
N:20 Run:5 0.529321 0.4988 0.363484 0.259086 0.201184 0.186273 0.186486 0.160447 0.160566 0.153288 0.159675 0.126637 0.309555 0.374115 0.476473 0.515879 0.462668 0.501735 0.48793 0.482816 0.468159 1.570723e-01 0.647
N:20 Run:6 0.489751 0.517273 0.539667 0.540482 0.517097 0.501663 0.475848 0.459562 0.450382 0.481244 0.501673 0.502379 0.477342 0.469604 0.466935 0.47053 0.479231 0.432209 0.455001 0.451351 0.524223 1.570723e-01 0.647
N:20 Run:7 0.492125 0.476284 0.491281 0.461607 0.444005 0.473869 0.495379 0.483145 0.509631 0.503848 0.46992 0.474047 0.472115 0.48367 0.476973 0.465791 0.535168 0.519739 0.504225 0.499001 0.513497 1.570723e-01 0.647
N:20 Run:8 0.462478 0.513137 0.455404 0.511094 0.515228 0.48959 0.478662 0.514517 0.50738 0.498074 0.515781 0.470937 0.473148 0.503255 0.487949 0.50065 0.516687 0.513142 0.485451 0.52553 0.532844 1.570723e-01 0.647
N:20 Run:9 0.567692 0.514726 0.400223 0.280828 0.225074 0.331035 0.571397 0.4456 0.289013 0.231941 0.178735 0.145999 0.27327 0.380303 0.453626 0.500004 0.518555 0.480944 0.473346 0.446626 0.452932 1.570723e-01 0.647
N:21 Run:0 0.511434 0.450901 0.344004 0.272962 0.219857 0.211459 0.204122 0.185339 0.186831 0.177879 0.156586 0.179901 0.311808 0.407452 0.449407 0.53726 0.471836 0.482033 0.514939 0.51288 0.480178 1.554860e-01 0.648
N:21 Run:1 0.525473 0.551554 0.476887 0.471053 0.447742 0.420934 0.441425 0.454193 0.441656 0.447933 0.431651 0.429419 0.504841 0.492422 0.462956 0.547852 0.551448 0.548512 0.514283 0.505068 0.53024 1.554860e-01 0.648
N:21 Run:2 0.441177 0.457042 0.50914 0.503893 0.504433 0.534977 0.540381 0.572463 0.516645 0.577723 0.525024 0.511543 0.568563 0.568246 0.523645 0.509628 0.460867 0.484863 0.472967 0.4786 0.462937 1.554860e-01 0.648
N:21 Run:3 0.3964 0.418534 0.457581 0.545481 0.527491 0.53266 0.497353 0.446249 0.465139 0.518074 0.479966 0.477628 0.505675 0.537275 0.558186 0.506059 0.509727 0.470908 0.50852 0.445663 0.462002 1.554860e-01 0.648
N:21 Run:4 0.527157 0.490196 0.376288 0.269894 0.216959 0.192011 0.162284 0.16171 0.159682 0.159668 0.201388 0.193934 0.32357 0.4112 0.431204 0.416964 0.439384 0.435287 0.446857 0.480435 0.500251 1.554860e-01 0.648
N:21 Run:5 0.529321 0.4988 0.363484 0.259086 0.201184 0.186273 0.186486 0.160447 0.160566 0.153288 0.159675 0.126637 0.309555 0.374115 0.476473 0.515879 0.462668 0.501735 0.48793 0.482816 0.468159 1.554860e-01 0.648
N:21 Run:6 0.489751 0.517273 0.539667 0.540482 0.517097 0.501663 0.475848 0.459562 0.450382 0.481244 0.501673 0.502379 0.477342 0.469604 0.466935 0.47053 0.479231 0.432209 0.455001 0.451351 0.524223 1.554860e-01 0.648
N:21 Run:7 0.492125 0.476284 0.491281 0.461607 0.444005 0.473869 0.495379 0.483145 0.509631 0.503848 0.46992 0.474047 0.472115 0.48367 0.476973 0.465791 0.535168 0.519739 0.504225 0.499001 0.513497 1.554860e-01 0.648
N:21 Run:8 0.462478 0.513137 0.455404 0.511094 0.515228 0.48959 0.478662 0.514517 0.50738 0.498074 0.515781 0.470937 0.473148 0.503255 0.487949 0.50065 0.516687 0.513142 0.485451 0.52553 0.532844 1.554860e-01 0.648
N:21 Run:9 0.567692 0.514726 0.400223 0.280828 0.225074 0.331035 0.571397 0.4456 0.289013 0.231941 0.178735 0.145999 0.27327 0.380303 0.453626 0.500004 0.518555 0.480944 0.473346 0.446626 0.452932 1.554860e-01 0.648
N:22 Run:0 0.511434 0.450901 0.344004 0.272962 0.219857 0.211459 0.204122 0.185339 0.186831 0.177879 0.156586 0.179901 0.311808 0.407452 0.449407 0.53726 0.471836 0.482033 0.514939 0.51288 0.480178 1.554389e-01 0.645
N:22 Run:1 0.525473 0.551554 0.476887 0.471053 0.447742 0.420934 0.441425 0.454193 0.441656 0.447933 0.431651 0.429419 0.504841 0.492422 0.462956 0.547852 0.551448 0.548512 0.514283 0.505068 0.53024 1.554389e-01 0.645
N:22 Run:2 0.441177 0.457042 0.50914 0.503893 0.504433 0.534977 0.540381 0.572463 0.516645 0.577723 0.525024 0.511543 0.568563 0.568246 0.523645 0.509628 0.460867 0.484863 0.472967 0.4786 0.462937 1.554389e-01 0.645
N:22 Run:3 0.3964 0.418534 0.457581 0.545481 0.527491 0.53266 0.497353 0.446249 0.465139 0.518074 0.479966 0.477628 0.505675 0.537275 0.558186 0.506059 0.509727 0.470908 0.50852 0.445663 0.462002 1.554389e-01 0.645
N:22 Run:4 0.527157 0.490196 0.376288 0.269894 0.216959 0.192011 0.162284 0.16171 0.159682 0.159668 0.201388 0.193934 0.32357 0.4112 0.431204 0.416964 0.439384 0.435287 0.446857 0.480435 0.500251 1.554389e-01 0.645
N:22 Run:5 0.529321 0.4988 0.363484 0.259086 0.201184 0.186273 0.186486 0.160447 0.160566 0.153288 0.159675 0.126637 0.309555 0.374115 0.476473 0.515879 0.462668 0.501735 0.48793 0.482816 0.468159 1.554389e-01 0.645
N:22 Run:6 0.489751 0.517273 0.539667 0.540482 0.517097 0.501663 0.475848 0.459562 0.450382 0.481244 0.501673 0.502379 0.477342 0.469604 0.466935 0.47053 0.479231 0.432209 0.455001 0.451351 0.524223 1.554389e-01 0.645
N:22 Run:7 0.492125 0.476284 0.491281 0.461607 0.444005 0.473869 0.495379 0.483145 0.509631 0.503848 0.46992 0.474047 0.472115 0.48367 0.476973 0.465791 0.535168 0.519739 0.504225 0.499001 0.513497 1.554389e-01 0.645
N:22 Run:8 0.462478 0.513137 0.455404 0.511094 0.515228 0.48959 0.478662 0.514517 0.50738 0.498074 0.515781 0.470937 0.473148 0.503255 0.487949 0.50065 0.516687 0.513142 0.485451 0.52553 0.532844 1.554389e-01 0.645
N:22 Run:9 0.567692 0.514726 0.400223 0.280828 0.225074 0.331035 0.571397 0.4456 0.289013 0.231941 0.178735 0.145999 0.27327 0.380303 0.453626 0.500004 0.518555 0.480944 0.473346 0.446626 0.452932 1.554389e-01 0.645
N:23 Run:0 0.511434 0.450901 0.344004 0.272962 0.219857 0.211459 0.204122 0.185339 0.186831 0.177879 0.156586 0.179901 0.311808 0.407452 0.449407 0.53726 0.471836 0.482033 0.514939 0.51288 0.480178 1.553219e-01 0.647
N:23 Run:1 0.525473 0.551554 0.476887 0.471053 0.447742 0.420934 0.441425 0.454193 0.441656 0.447933 0.431651 0.429419 0.504841 0.492422 0.462956 0.547852 0.551448 0.548512 0.514283 0.505068 0.53024 1.553219e-01 0.647
N:23 Run:2 0.441177 0.457042 0.50914 0.503893 0.504433 0.534977 0.540381 0.572463 0.516645 0.577723 0.525024 0.511543 0.568563 0.568246 0.523645 0.509628 0.460867 0.484863 0.472967 0.4786 0.462937 1.553219e-01 0.647
N:23 Run:3 0.3964 0.418534 0.457581 0.545481 0.527491 0.53266 0.497353 0.446249 0.465139 0.518074 0.479966 0.477628 0.505675 0.537275 0.558186 0.506059 0.509727 0.470908 0.50852 0.445663 0.462002 1.553219e-01 0.647
N:23 Run:4 0.527157 0.490196 0.376288 0.269894 0.216959 0.192011 0.162284 0.16171 0.159682 0.159668 0.201388 0.193934 0.32357 0.4112 0.431204 0.416964 0.439384 0.435287 0.446857 0.480435 0.500251 1.553219e-01 0.647
N:23 Run:5 0.529321 0.4988 0.363484 0.259086 0.201184 0.186273 0.186486 0.160447 0.160566 0.153288 0.159675 0.126637 0.309555 0.374115 0.476473 0.515879 0.462668 0.501735 0.48793 0.482816 0.468159 1.553219e-01 0.647
N:23 Run:6 0.489751 0.517273 0.539667 0.540482 0.517097 0.501663 0.475848 0.459562 0.450382 0.481244 0.501673 0.502379 0.477342 0.469604 0.466935 0.47053 0.479231 0.432209 0.455001 0.451351 0.524223 1.553219e-01 0.647
N:23 Run:7 0.492125 0.476284 0.491281 0.461607 0.444005 0.473869 0.495379 0.483145 0.509631 0.503848 0.46992 0.474047 0.472115 0.48367 0.476973 0.465791 0.535168 0.519739 0.504225 0.499001 0.513497 1.553219e-01 0.647
N:23 Run:8 0.462478 0.513137 0.455404 0.511094 0.515228 0.48959 0.478662 0.514517 0.50738 0.498074 0.515781 0.470937 0.473148 0.503255 0.487949 0.50065 0.516687 0.513142 0.485451 0.52553 0.532844 1.553219e-01 0.647
N:23 Run:9 0.567692 0.514726 0.400223 0.280828 0.225074 0.331035 0.571397 0.4456 0.289013 0.231941 0.178735 0.145999 0.27327 0.380303 0.453626 0.500004 0.518555 0.480944 0.473346 0.446626 0.452932 1.553219e-01 0.647
N:24 Run:0 0.511434 0.450901 0.344004 0.272962 0.219857 0.211459 0.204122 0.185339 0.186831 0.177879 0.156586 0.179901 0.311808 0.407452 0.449407 0.53726 0.471836 0.482033 0.514939 0.51288 0.480178 1.539660e-01 0.649
N:24 Run:1 0.525473 0.551554 0.476887 0.471053 0.447742 0.420934 0.441425 0.454193 0.441656 0.447933 0.431651 0.429419 0.504841 0.492422 0.462956 0.547852 0.551448 0.548512 0.514283 0.505068 0.53024 1.539660e-01 0.649
N:24 Run:2 0.441177 0.457042 0.50914 0.503893 0.504433 0.534977 0.540381 0.572463 0.516645 0.577723 0.525024 0.511543 0.568563 0.568246 0.523645 0.509628 0.460867 0.484863 0.472967 0.4786 0.462937 1.539660e-01 0.649
N:24 Run:3 0.3964 0.418534 0.457581 0.545481 0.527491 0.53266 0.497353 0.446249 0.465139 0.518074 0.479966 0.477628 0.505675 0.537275 0.558186 0.506059 0.509727 0.470908 0.50852 0.445663 0.462002 1.539660e-01 0.649
N:24 Run:4 0.527157 0.490196 0.376288 0.269894 0.216959 0.192011 0.162284 0.16171 0.159682 0.159668 0.201388 0.193934 0.32357 0.4112 0.431204 0.416964 0.439384 0.435287 0.446857 0.480435 0.500251 1.539660e-01 0.649
N:24 Run:5 0.529321 0.4988 0.363484 0.259086 0.201184 0.186273 0.186486 0.160447 0.160566 0.153288 0.159675 0.126637 0.309555 0.374115 0.476473 0.515879 0.462668 0.501735 0.48793 0.482816 0.468159 1.539660e-01 0.649
N:24 Run:6 0.489751 0.517273 0.539667 0.540482 0.517097 0.501663 0.475848 0.459562 0.450382 0.481244 0.501673 0.502379 0.477342 0.469604 0.466935 0.47053 0.479231 0.432209 0.455001 0.451351 0.524223 1.539660e-01 0.649
N:24 Run:7 0.492125 0.476284 0.491281 0.461607 0.444005 0.473869 0.495379 0.483145 0.509631 0.503848 0.46992 0.474047 0.472115 0.48367 0.476973 0.465791 0.535168 0.519739 0.504225 0.499001 0.513497 1.539660e-01 0.649
N:24 Run:8 0.462478 0.513137 0.455404 0.511094 0.515228 0.48959 0.478662 0.514517 0.50738 0.498074 0.515781 0.470937 0.473148 0.503255 0.487949 0.50065 0.516687 0.513142 0.485451 0.52553 0.532844 1.539660e-01 0.649
N:24 Run:9 0.567692 0.514726 0.400223 0.280828 0.225074 0.331035 0.571397 0.4456 0.289013 0.231941 0.178735 0.145999 0.27327 0.380303 0.453626 0.500004 0.518555 0.480944 0.473346 0.446626 0.452932 1.539660e-01 0.649
N:25 Run:0 0.511434 0.450901 0.344004 0.272962 0.219857 0.211459 0.204122 0.185339 0.186831 0.177879 0.156586 0.179901 0.311808 0.407452 0.449407 0.53726 0.471836 0.482033 0.514939 0.51288 0.480178 1.575915e-01 0.647
N:25 Run:1 0.525473 0.551554 0.476887 0.471053 0.447742 0.420934 0.441425 0.454193 0.441656 0.447933 0.431651 0.429419 0.504841 0.492422 0.462956 0.547852 0.551448 0.548512 0.514283 0.505068 0.53024 1.575915e-01 0.647
N:25 Run:2 0.441177 0.457042 0.50914 0.503893 0.504433 0.534977 0.540381 0.572463 0.516645 0.577723 0.525024 0.511543 0.568563 0.568246 0.523645 0.509628 0.460867 0.484863 0.472967 0.4786 0.462937 1.575915e-01 0.647
N:25 Run:3 0.3964 0.418534 0.457581 0.545481 0.527491 0.53266 0.497353 0.446249 0.465139 0.518074 0.479966 0.477628 0.505675 0.537275 0.558186 0.506059 0.509727 0.470908 0.50852 0.445663 0.462002 1.575915e-01 0.647
N:25 Run:4 0.527157 0.490196 0.376288 0.269894 0.216959 0.192011 0.162284 0.16171 0.159682 0.159668 0.201388 0.193934 0.32357 0.4112 0.431204 0.416964 0.439384 0.435287 0.446857 0.480435 0.500251 1.575915e-01 0.647
N:25 Run:5 0.529321 0.4988 0.363484 0.259086 0.201184 0.186273 0.186486 0.160447 0.160566 0.153288 0.159675 0.126637 0.309555 0.374115 0.476473 0.515879 0.462668 0.501735 0.48793 0.482816 0.468159 1.575915e-01 0.647
N:25 Run:6 0.489751 0.517273 0.539667 0.540482 0.517097 0.501663 0.475848 0.459562 0.450382 0.481244 0.501673 0.502379 0.477342 0.469604 0.466935 0.47053 0.479231 0.432209 0.455001 0.451351 0.524223 1.575915e-01 0.647
N:25 Run:7 0.492125 0.476284 0.491281 0.461607 0.444005 0.473869 0.495379 0.483145 0.509631 0.503848 0.46992 0.474047 0.472115 0.48367 0.476973 0.465791 0.535168 0.519739 0.504225 0.499001 0.513497 1.575915e-01 0.647
N:25 Run:8 0.462478 0.513137 0.455404 0.511094 0.515228 0.48959 0.478662 0.514517 0.50738 0.498074 0.515781 0.470937 0.473148 0.503255 0.487949 0.50065 0.516687 0.513142 0.485451 0.52553 0.532844 1.575915e-01 0.647
N:25 Run:9 0.567692 0.514726 0.400223 0.280828 0.225074 0.331035 0.571397 0.4456 0.289013 0.231941 0.178735 0.145999 0.27327 0.380303 0.453626 0.500004 0.518555 0.480944 0.473346 0.446626 0.452932 1.575915e-01 0.647
N:26 Run:0 0.511434 0.450901 0.344004 0.272962 0.219857 0.211459 0.204122 0.185339 0.186831 0.177879 0.156586 0.179901 0.311808 0.407452 0.449407 0.53726 0.471836 0.482033 0.514939 0.51288 0.480178 1.558224e-01 0.643
N:26 Run:1 0.525473 0.551554 0.476887 0.471053 0.447742 0.420934 0.441425 0.454193 0.441656 0.447933 0.431651 0.429419 0.504841 0.492422 0.462956 0.547852 0.551448 0.548512 0.514283 0.505068 0.53024 1.558224e-01 0.643
N:26 Run:2 0.441177 0.457042 0.50914 0.503893 0.504433 0.534977 0.540381 0.572463 0.516645 0.577723 0.525024 0.511543 0.568563 0.568246 0.523645 0.509628 0.460867 0.484863 0.472967 0.4786 0.462937 1.558224e-01 0.643
N:26 Run:3 0.3964 0.418534 0.457581 0.545481 0.527491 0.53266 0.497353 0.446249 0.465139 0.518074 0.479966 0.477628 0.505675 0.537275 0.558186 0.506059 0.509727 0.470908 0.50852 0.445663 0.462002 1.558224e-01 0.643
N:26 Run:4 0.527157 0.490196 0.376288 0.269894 0.216959 0.192011 0.162284 0.16171 0.159682 0.159668 0.201388 0.193934 0.32357 0.4112 0.431204 0.416964 0.439384 0.435287 0.446857 0.480435 0.500251 1.558224e-01 0.643
N:26 Run:5 0.529321 0.4988 0.363484 0.259086 0.201184 0.186273 0.186486 0.160447 0.160566 0.153288 0.159675 0.126637 0.309555 0.374115 0.476473 0.515879 0.462668 0.501735 0.48793 0.482816 0.468159 1.558224e-01 0.643
N:26 Run:6 0.489751 0.517273 0.539667 0.540482 0.517097 0.501663 0.475848 0.459562 0.450382 0.481244 0.501673 0.502379 0.477342 0.469604 0.466935 0.47053 0.479231 0.432209 0.455001 0.451351 0.524223 1.558224e-01 0.643
N:26 Run:7 0.492125 0.476284 0.491281 0.461607 0.444005 0.473869 0.495379 0.483145 0.509631 0.503848 0.46992 0.474047 0.472115 0.48367 0.476973 0.465791 0.535168 0.519739 0.504225 0.499001 0.513497 1.558224e-01 0.643
N:26 Run:8 0.462478 0.513137 0.455404 0.511094 0.515228 0.48959 0.478662 0.514517 0.50738 0.498074 0.515781 0.470937 0.473148 0.503255 0.487949 0.50065 0.516687 0.513142 0.485451 0.52553 0.532844 1.558224e-01 0.643
N:26 Run:9 0.567692 0.514726 0.400223 0.280828 0.225074 0.331035 0.571397 0.4456 0.289013 0.231941 0.178735 0.145999 0.27327 0.380303 0.453626 0.500004 0.518555 0.480944 0.473346 0.446626 0.452932 1.558224e-01 0.643
N:27 Run:0 0.511434 0.450901 0.344004 0.272962 0.219857 0.211459 0.204122 0.185339 0.186831 0.177879 0.156586 0.179901 0.311808 0.407452 0.449407 0.53726 0.471836 0.482033 0.514939 0.51288 0.480178 1.557958e-01 0.647
N:27 Run:1 0.525473 0.551554 0.476887 0.471053 0.447742 0.420934 0.441425 0.454193 0.441656 0.447933 0.431651 0.429419 0.504841 0.492422 0.462956 0.547852 0.551448 0.548512 0.514283 0.505068 0.53024 1.557958e-01 0.647
N:27 Run:2 0.441177 0.457042 0.50914 0.503893 0.504433 0.534977 0.540381 0.572463 0.516645 0.577723 0.525024 0.511543 0.568563 0.568246 0.523645 0.509628 0.460867 0.484863 0.472967 0.4786 0.462937 1.557958e-01 0.647
N:27 Run:3 0.3964 0.418534 0.457581 0.545481 0.527491 0.53266 0.497353 0.446249 0.465139 0.518074 0.479966 0.477628 0.505675 0.537275 0.558186 0.506059 0.509727 0.470908 0.50852 0.445663 0.462002 1.557958e-01 0.647
N:27 Run:4 0.527157 0.490196 0.376288 0.269894 0.216959 0.192011 0.162284 0.16171 0.159682 0.159668 0.201388 0.193934 0.32357 0.4112 0.431204 0.416964 0.439384 0.435287 0.446857 0.480435 0.500251 1.557958e-01 0.647
N:27 Run:5 0.529321 0.4988 0.363484 0.259086 0.201184 0.186273 0.186486 0.160447 0.160566 0.153288 0.159675 0.126637 0.309555 0.374115 0.476473 0.515879 0.462668 0.501735 0.48793 0.482816 0.468159 1.557958e-01 0.647
N:27 Run:6 0.489751 0.517273 0.539667 0.540482 0.517097 0.501663 0.475848 0.459562 0.450382 0.481244 0.501673 0.502379 0.477342 0.469604 0.466935 0.47053 0.479231 0.432209 0.455001 0.451351 0.524223 1.557958e-01 0.647
N:27 Run:7 0.492125 0.476284 0.491281 0.461607 0.444005 0.473869 0.495379 0.483145 0.509631 0.503848 0.46992 0.474047 0.472115 0.48367 0.476973 0.465791 0.535168 0.519739 0.504225 0.499001 0.513497 1.557958e-01 0.647
N:27 Run:8 0.462478 0.513137 0.455404 0.511094 0.515228 0.48959 0.478662 0.514517 0.50738 0.498074 0.515781 0.470937 0.473148 0.503255 0.487949 0.50065 0.516687 0.513142 0.485451 0.52553 0.532844 1.557958e-01 0.647
N:27 Run:9 0.567692 0.514726 0.400223 0.280828 0.225074 0.331035 0.571397 0.4456 0.289013 0.231941 0.178735 0.145999 0.27327 0.380303 0.453626 0.500004 0.518555 0.480944 0.473346 0.446626 0.452932 1.557958e-01 0.647
N:28 Run:0 0.511434 0.450901 0.344004 0.272962 0.219857 0.211459 0.204122 0.185339 0.186831 0.177879 0.156586 0.179901 0.311808 0.407452 0.449407 0.53726 0.471836 0.482033 0.514939 0.51288 0.480178 1.552769e-01 0.647
N:28 Run:1 0.525473 0.551554 0.476887 0.471053 0.447742 0.420934 0.441425 0.454193 0.441656 0.447933 0.431651 0.429419 0.504841 0.492422 0.462956 0.547852 0.551448 0.548512 0.514283 0.505068 0.53024 1.552769e-01 0.647
N:28 Run:2 0.441177 0.457042 0.50914 0.503893 0.504433 0.534977 0.540381 0.572463 0.516645 0.577723 0.525024 0.511543 0.568563 0.568246 0.523645 0.509628 0.460867 0.484863 0.472967 0.4786 0.462937 1.552769e-01 0.647
N:28 Run:3 0.3964 0.418534 0.457581 0.545481 0.527491 0.53266 0.497353 0.446249 0.465139 0.518074 0.479966 0.477628 0.505675 0.537275 0.558186 0.506059 0.509727 0.470908 0.50852 0.445663 0.462002 1.552769e-01 0.647
N:28 Run:4 0.527157 0.490196 0.376288 0.269894 0.216959 0.192011 0.162284 0.16171 0.159682 0.159668 0.201388 0.193934 0.32357 0.4112 0.431204 0.416964 0.439384 0.435287 0.446857 0.480435 0.500251 1.552769e-01 0.647
N:28 Run:5 0.529321 0.4988 0.363484 0.259086 0.201184 0.186273 0.186486 0.160447 0.160566 0.153288 0.159675 0.126637 0.309555 0.374115 0.476473 0.515879 0.462668 0.501735 0.48793 0.482816 0.468159 1.552769e-01 0.647
N:28 Run:6 0.489751 0.517273 0.539667 0.540482 0.517097 0.501663 0.475848 0.459562 0.450382 0.481244 0.501673 0.502379 0.477342 0.469604 0.466935 0.47053 0.479231 0.432209 0.455001 0.451351 0.524223 1.552769e-01 0.647
N:28 Run:7 0.492125 0.476284 0.491281 0.461607 0.444005 0.473869 0.495379 0.483145 0.509631 0.503848 0.46992 0.474047 0.472115 0.48367 0.476973 0.465791 0.535168 0.519739 0.504225 0.499001 0.513497 1.552769e-01 0.647
N:28 Run:8 0.462478 0.513137 0.455404 0.511094 0.515228 0.48959 0.478662 0.514517 0.50738 0.498074 0.515781 0.470937 0.473148 0.503255 0.487949 0.50065 0.516687 0.513142 0.485451 0.52553 0.532844 1.552769e-01 0.647
N:28 Run:9 0.567692 0.514726 0.400223 0.280828 0.225074 0.331035 0.571397 0.4456 0.289013 0.231941 0.178735 0.145999 0.27327 0.380303 0.453626 0.500004 0.518555 0.480944 0.473346 0.446626 0.452932 1.552769e-01 0.647
N:29 Run:0 0.511434 0.450901 0.344004 0.272962 0.219857 0.211459 0.204122 0.185339 0.186831 0.177879 0.156586 0.179901 0.311808 0.407452 0.449407 0.53726 0.471836 0.482033 0.514939 0.51288 0.480178 1.570803e-01 0.644
N:29 Run:1 0.525473 0.551554 0.476887 0.471053 0.447742 0.420934 0.441425 0.454193 0.441656 0.447933 0.431651 0.429419 0.504841 0.492422 0.462956 0.547852 0.551448 0.548512 0.514283 0.505068 0.53024 1.570803e-01 0.644
N:29 Run:2 0.441177 0.457042 0.50914 0.503893 0.504433 0.534977 0.540381 0.572463 0.516645 0.577723 0.525024 0.511543 0.568563 0.568246 0.523645 0.509628 0.460867 0.484863 0.472967 0.4786 0.462937 1.570803e-01 0.644
N:29 Run:3 0.3964 0.418534 0.457581 0.545481 0.527491 0.53266 0.497353 0.446249 0.465139 0.518074 0.479966 0.477628 0.505675 0.537275 0.558186 0.506059 0.509727 0.470908 0.50852 0.445663 0.462002 1.570803e-01 0.644
N:29 Run:4 0.527157 0.490196 0.376288 0.269894 0.216959 0.192011 0.162284 0.16171 0.159682 0.159668 0.201388 0.193934 0.32357 0.4112 0.431204 0.416964 0.439384 0.435287 0.446857 0.480435 0.500251 1.570803e-01 0.644
N:29 Run:5 0.529321 0.4988 0.363484 0.259086 0.201184 0.186273 0.186486 0.160447 0.160566 0.153288 0.159675 0.126637 0.309555 0.374115 0.476473 0.515879 0.462668 0.501735 0.48793 0.482816 0.468159 1.570803e-01 0.644
N:29 Run:6 0.489751 0.517273 0.539667 0.540482 0.517097 0.501663 0.475848 0.459562 0.450382 0.481244 0.501673 0.502379 0.477342 0.469604 0.466935 0.47053 0.479231 0.432209 0.455001 0.451351 0.524223 1.570803e-01 0.644
N:29 Run:7 0.492125 0.476284 0.491281 0.461607 0.444005 0.473869 0.495379 0.483145 0.509631 0.503848 0.46992 0.474047 0.472115 0.48367 0.476973 0.465791 0.535168 0.519739 0.504225 0.499001 0.513497 1.570803e-01 0.644
N:29 Run:8 0.462478 0.513137 0.455404 0.511094 0.515228 0.48959 0.478662 0.514517 0.50738 0.498074 0.515781 0.470937 0.473148 0.503255 0.487949 0.50065 0.516687 0.513142 0.485451 0.52553 0.532844 1.570803e-01 0.644
N:29 Run:9 0.567692 0.514726 0.400223 0.280828 0.225074 0.331035 0.571397 0.4456 0.289013 0.231941 0.178735 0.145999 0.27327 0.380303 0.453626 0.500004 0.518555 0.480944 0.473346 0.446626 0.452932 1.570803e-01 0.644
