Seed:1578452326
N:0 Run:0 0.235556 0.180716 0.187821 0.192847 0.225422 0.238155 0.204755 0.20908 0.207242 0.203502 0.21063 0.198329 0.170884 0.159179 0.155125 0.15383 0.153375 0.153199 0.153273 0.153293 0.153228 1.130398e-01 0.688
N:0 Run:1 0.289525 0.198109 0.167946 0.157983 0.154709 0.15368 0.15339 0.153239 0.15319 0.153165 0.153153 0.153128 0.153137 0.153117 0.153102 0.153134 0.153182 0.153137 0.153109 0.153105 0.15322 1.130398e-01 0.688
N:0 Run:2 0.170623 0.158917 0.15509 0.153749 0.153312 0.153163 0.153134 0.153129 0.153189 0.153465 0.1533 0.153176 0.153115 0.153134 0.153195 0.153172 0.153257 0.153172 0.153171 0.153173 0.153416 1.130398e-01 0.688
N:0 Run:3 0.232039 0.179152 0.162021 0.156122 0.154315 0.15369 0.153375 0.153204 0.153264 0.153208 0.15366 0.153505 0.153398 0.153198 0.153209 0.153249 0.153174 0.153186 0.153192 0.153181 0.153136 1.130398e-01 0.688
N:0 Run:4 0.239437 0.181643 0.205321 0.203074 0.226958 0.21902 0.240071 0.232273 0.298676 0.242909 0.245834 0.23679 0.18123 0.162426 0.15622 0.15412 0.153443 0.153235 0.153157 0.153194 0.153128 1.130398e-01 0.688
N:0 Run:5 0.240374 0.182092 0.162783 0.156489 0.154249 0.153759 0.153326 0.153163 0.15325 0.153201 0.153134 0.15315 0.153133 0.153183 0.153215 0.153227 0.153141 0.153275 0.153191 0.15317 0.153167 1.130398e-01 0.688
N:0 Run:6 0.184531 0.163481 0.157047 0.154715 0.15368 0.153424 0.153483 0.15328 0.153742 0.153343 0.15375 0.153729 0.153857 0.153348 0.153209 0.15313 0.153498 0.153592 0.153268 0.153197 0.153443 1.130398e-01 0.688
N:0 Run:7 0.223806 0.17642 0.1617 0.157971 0.157461 0.155866 0.156254 0.154518 0.154095 0.154647 0.154404 0.154226 0.15352 0.153661 0.153349 0.153213 0.153191 0.153233 0.153484 0.153273 0.153173 1.130398e-01 0.688
N:0 Run:8 0.202749 0.169523 0.473184 0.642215 0.61554 0.635138 0.459458 0.412418 0.585248 0.650356 0.561874 0.472627 0.259643 0.188382 0.165523 0.157225 0.154479 0.153584 0.153279 0.153192 0.153119 1.130398e-01 0.688
N:0 Run:9 0.242902 0.182783 0.188163 0.26153 0.237453 0.236308 0.226787 0.253434 0.214457 0.243334 0.245385 0.259787 0.189075 0.165178 0.157163 0.155947 0.154093 0.153441 0.153205 0.153231 0.153478 1.130398e-01 0.688
N:1 Run:0 0.235556 0.180716 0.187821 0.192847 0.225422 0.238155 0.204755 0.20908 0.207242 0.203502 0.21063 0.198329 0.170884 0.159179 0.155125 0.15383 0.153375 0.153199 0.153273 0.153293 0.153228 1.131807e-01 0.690
N:1 Run:1 0.289525 0.198109 0.167946 0.157983 0.154709 0.15368 0.15339 0.153239 0.15319 0.153165 0.153153 0.153128 0.153137 0.153117 0.153102 0.153134 0.153182 0.153137 0.153109 0.153105 0.15322 1.131807e-01 0.690
N:1 Run:2 0.170623 0.158917 0.15509 0.153749 0.153312 0.153163 0.153134 0.153129 0.153189 0.153465 0.1533 0.153176 0.153115 0.153134 0.153195 0.153172 0.153257 0.153172 0.153171 0.153173 0.153416 1.131807e-01 0.690
N:1 Run:3 0.232039 0.179152 0.162021 0.156122 0.154315 0.15369 0.153375 0.153204 0.153264 0.153208 0.15366 0.153505 0.153398 0.153198 0.153209 0.153249 0.153174 0.153186 0.153192 0.153181 0.153136 1.131807e-01 0.690
N:1 Run:4 0.239437 0.181643 0.205321 0.203074 0.226958 0.21902 0.240071 0.232273 0.298676 0.242909 0.245834 0.23679 0.18123 0.162426 0.15622 0.15412 0.153443 0.153235 0.153157 0.153194 0.153128 1.131807e-01 0.690
N:1 Run:5 0.240374 0.182092 0.162783 0.156489 0.154249 0.153759 0.153326 0.153163 0.15325 0.153201 0.153134 0.15315 0.153133 0.153183 0.153215 0.153227 0.153141 0.153275 0.153191 0.15317 0.153167 1.131807e-01 0.690
N:1 Run:6 0.184531 0.163481 0.157047 0.154715 0.15368 0.153424 0.153483 0.15328 0.153742 0.153343 0.15375 0.153729 0.153857 0.153348 0.153209 0.15313 0.153498 0.153592 0.153268 0.153197 0.153443 1.131807e-01 0.690
N:1 Run:7 0.223806 0.17642 0.1617 0.157971 0.157461 0.155866 0.156254 0.154518 0.154095 0.154647 0.154404 0.154226 0.15352 0.153661 0.153349 0.153213 0.153191 0.153233 0.153484 0.153273 0.153173 1.131807e-01 0.690
N:1 Run:8 0.202749 0.169523 0.473184 0.642215 0.61554 0.635138 0.459458 0.412418 0.585248 0.650356 0.561874 0.472627 0.259643 0.188382 0.165523 0.157225 0.154479 0.153584 0.153279 0.153192 0.153119 1.131807e-01 0.690
N:1 Run:9 0.242902 0.182783 0.188163 0.26153 0.237453 0.236308 0.226787 0.253434 0.214457 0.243334 0.245385 0.259787 0.189075 0.165178 0.157163 0.155947 0.154093 0.153441 0.153205 0.153231 0.153478 1.131807e-01 0.690
N:2 Run:0 0.235556 0.180716 0.187821 0.192847 0.225422 0.238155 0.204755 0.20908 0.207242 0.203502 0.21063 0.198329 0.170884 0.159179 0.155125 0.15383 0.153375 0.153199 0.153273 0.153293 0.153228 1.136213e-01 0.688
N:2 Run:1 0.289525 0.198109 0.167946 0.157983 0.154709 0.15368 0.15339 0.153239 0.15319 0.153165 0.153153 0.153128 0.153137 0.153117 0.153102 0.153134 0.153182 0.153137 0.153109 0.153105 0.15322 1.136213e-01 0.688
N:2 Run:2 0.170623 0.158917 0.15509 0.153749 0.153312 0.153163 0.153134 0.153129 0.153189 0.153465 0.1533 0.153176 0.153115 0.153134 0.153195 0.153172 0.153257 0.153172 0.153171 0.153173 0.153416 1.136213e-01 0.688
N:2 Run:3 0.232039 0.179152 0.162021 0.156122 0.154315 0.15369 0.153375 0.153204 0.153264 0.153208 0.15366 0.153505 0.153398 0.153198 0.153209 0.153249 0.153174 0.153186 0.153192 0.153181 0.153136 1.136213e-01 0.688
N:2 Run:4 0.239437 0.181643 0.205321 0.203074 0.226958 0.21902 0.240071 0.232273 0.298676 0.242909 0.245834 0.23679 0.18123 0.162426 0.15622 0.15412 0.153443 0.153235 0.153157 0.153194 0.153128 1.136213e-01 0.688
N:2 Run:5 0.240374 0.182092 0.162783 0.156489 0.154249 0.153759 0.153326 0.153163 0.15325 0.153201 0.153134 0.15315 0.153133 0.153183 0.153215 0.153227 0.153141 0.153275 0.153191 0.15317 0.153167 1.136213e-01 0.688
N:2 Run:6 0.184531 0.163481 0.157047 0.154715 0.15368 0.153424 0.153483 0.15328 0.153742 0.153343 0.15375 0.153729 0.153857 0.153348 0.153209 0.15313 0.153498 0.153592 0.153268 0.153197 0.153443 1.136213e-01 0.688
N:2 Run:7 0.223806 0.17642 0.1617 0.157971 0.157461 0.155866 0.156254 0.154518 0.154095 0.154647 0.154404 0.154226 0.15352 0.153661 0.153349 0.153213 0.153191 0.153233 0.153484 0.153273 0.153173 1.136213e-01 0.688
N:2 Run:8 0.202749 0.169523 0.473184 0.642215 0.61554 0.635138 0.459458 0.412418 0.585248 0.650356 0.561874 0.472627 0.259643 0.188382 0.165523 0.157225 0.154479 0.153584 0.153279 0.153192 0.153119 1.136213e-01 0.688
N:2 Run:9 0.242902 0.182783 0.188163 0.26153 0.237453 0.236308 0.226787 0.253434 0.214457 0.243334 0.245385 0.259787 0.189075 0.165178 0.157163 0.155947 0.154093 0.153441 0.153205 0.153231 0.153478 1.136213e-01 0.688
N:3 Run:0 0.235556 0.180716 0.187821 0.192847 0.225422 0.238155 0.204755 0.20908 0.207242 0.203502 0.21063 0.198329 0.170884 0.159179 0.155125 0.15383 0.153375 0.153199 0.153273 0.153293 0.153228 1.137719e-01 0.695
N:3 Run:1 0.289525 0.198109 0.167946 0.157983 0.154709 0.15368 0.15339 0.153239 0.15319 0.153165 0.153153 0.153128 0.153137 0.153117 0.153102 0.153134 0.153182 0.153137 0.153109 0.153105 0.15322 1.137719e-01 0.695
N:3 Run:2 0.170623 0.158917 0.15509 0.153749 0.153312 0.153163 0.153134 0.153129 0.153189 0.153465 0.1533 0.153176 0.153115 0.153134 0.153195 0.153172 0.153257 0.153172 0.153171 0.153173 0.153416 1.137719e-01 0.695
N:3 Run:3 0.232039 0.179152 0.162021 0.156122 0.154315 0.15369 0.153375 0.153204 0.153264 0.153208 0.15366 0.153505 0.153398 0.153198 0.153209 0.153249 0.153174 0.153186 0.153192 0.153181 0.153136 1.137719e-01 0.695
N:3 Run:4 0.239437 0.181643 0.205321 0.203074 0.226958 0.21902 0.240071 0.232273 0.298676 0.242909 0.245834 0.23679 0.18123 0.162426 0.15622 0.15412 0.153443 0.153235 0.153157 0.153194 0.153128 1.137719e-01 0.695
N:3 Run:5 0.240374 0.182092 0.162783 0.156489 0.154249 0.153759 0.153326 0.153163 0.15325 0.153201 0.153134 0.15315 0.153133 0.153183 0.153215 0.153227 0.153141 0.153275 0.153191 0.15317 0.153167 1.137719e-01 0.695
N:3 Run:6 0.184531 0.163481 0.157047 0.154715 0.15368 0.153424 0.153483 0.15328 0.153742 0.153343 0.15375 0.153729 0.153857 0.153348 0.153209 0.15313 0.153498 0.153592 0.153268 0.153197 0.153443 1.137719e-01 0.695
N:3 Run:7 0.223806 0.17642 0.1617 0.157971 0.157461 0.155866 0.156254 0.154518 0.154095 0.154647 0.154404 0.154226 0.15352 0.153661 0.153349 0.153213 0.153191 0.153233 0.153484 0.153273 0.153173 1.137719e-01 0.695
N:3 Run:8 0.202749 0.169523 0.473184 0.642215 0.61554 0.635138 0.459458 0.412418 0.585248 0.650356 0.561874 0.472627 0.259643 0.188382 0.165523 0.157225 0.154479 0.153584 0.153279 0.153192 0.153119 1.137719e-01 0.695
N:3 Run:9 0.242902 0.182783 0.188163 0.26153 0.237453 0.236308 0.226787 0.253434 0.214457 0.243334 0.245385 0.259787 0.189075 0.165178 0.157163 0.155947 0.154093 0.153441 0.153205 0.153231 0.153478 1.137719e-01 0.695
N:4 Run:0 0.235556 0.180716 0.187821 0.192847 0.225422 0.238155 0.204755 0.20908 0.207242 0.203502 0.21063 0.198329 0.170884 0.159179 0.155125 0.15383 0.153375 0.153199 0.153273 0.153293 0.153228 1.136328e-01 0.690
N:4 Run:1 0.289525 0.198109 0.167946 0.157983 0.154709 0.15368 0.15339 0.153239 0.15319 0.153165 0.153153 0.153128 0.153137 0.153117 0.153102 0.153134 0.153182 0.153137 0.153109 0.153105 0.15322 1.136328e-01 0.690
N:4 Run:2 0.170623 0.158917 0.15509 0.153749 0.153312 0.153163 0.153134 0.153129 0.153189 0.153465 0.1533 0.153176 0.153115 0.153134 0.153195 0.153172 0.153257 0.153172 0.153171 0.153173 0.153416 1.136328e-01 0.690
N:4 Run:3 0.232039 0.179152 0.162021 0.156122 0.154315 0.15369 0.153375 0.153204 0.153264 0.153208 0.15366 0.153505 0.153398 0.153198 0.153209 0.153249 0.153174 0.153186 0.153192 0.153181 0.153136 1.136328e-01 0.690
N:4 Run:4 0.239437 0.181643 0.205321 0.203074 0.226958 0.21902 0.240071 0.232273 0.298676 0.242909 0.245834 0.23679 0.18123 0.162426 0.15622 0.15412 0.153443 0.153235 0.153157 0.153194 0.153128 1.136328e-01 0.690
N:4 Run:5 0.240374 0.182092 0.162783 0.156489 0.154249 0.153759 0.153326 0.153163 0.15325 0.153201 0.153134 0.15315 0.153133 0.153183 0.153215 0.153227 0.153141 0.153275 0.153191 0.15317 0.153167 1.136328e-01 0.690
N:4 Run:6 0.184531 0.163481 0.157047 0.154715 0.15368 0.153424 0.153483 0.15328 0.153742 0.153343 0.15375 0.153729 0.153857 0.153348 0.153209 0.15313 0.153498 0.153592 0.153268 0.153197 0.153443 1.136328e-01 0.690
N:4 Run:7 0.223806 0.17642 0.1617 0.157971 0.157461 0.155866 0.156254 0.154518 0.154095 0.154647 0.154404 0.154226 0.15352 0.153661 0.153349 0.153213 0.153191 0.153233 0.153484 0.153273 0.153173 1.136328e-01 0.690
N:4 Run:8 0.202749 0.169523 0.473184 0.642215 0.61554 0.635138 0.459458 0.412418 0.585248 0.650356 0.561874 0.472627 0.259643 0.188382 0.165523 0.157225 0.154479 0.153584 0.153279 0.153192 0.153119 1.136328e-01 0.690
N:4 Run:9 0.242902 0.182783 0.188163 0.26153 0.237453 0.236308 0.226787 0.253434 0.214457 0.243334 0.245385 0.259787 0.189075 0.165178 0.157163 0.155947 0.154093 0.153441 0.153205 0.153231 0.153478 1.136328e-01 0.690
N:5 Run:0 0.235556 0.180716 0.187821 0.192847 0.225422 0.238155 0.204755 0.20908 0.207242 0.203502 0.21063 0.198329 0.170884 0.159179 0.155125 0.15383 0.153375 0.153199 0.153273 0.153293 0.153228 1.137139e-01 0.688
N:5 Run:1 0.289525 0.198109 0.167946 0.157983 0.154709 0.15368 0.15339 0.153239 0.15319 0.153165 0.153153 0.153128 0.153137 0.153117 0.153102 0.153134 0.153182 0.153137 0.153109 0.153105 0.15322 1.137139e-01 0.688
N:5 Run:2 0.170623 0.158917 0.15509 0.153749 0.153312 0.153163 0.153134 0.153129 0.153189 0.153465 0.1533 0.153176 0.153115 0.153134 0.153195 0.153172 0.153257 0.153172 0.153171 0.153173 0.153416 1.137139e-01 0.688
N:5 Run:3 0.232039 0.179152 0.162021 0.156122 0.154315 0.15369 0.153375 0.153204 0.153264 0.153208 0.15366 0.153505 0.153398 0.153198 0.153209 0.153249 0.153174 0.153186 0.153192 0.153181 0.153136 1.137139e-01 0.688
N:5 Run:4 0.239437 0.181643 0.205321 0.203074 0.226958 0.21902 0.240071 0.232273 0.298676 0.242909 0.245834 0.23679 0.18123 0.162426 0.15622 0.15412 0.153443 0.153235 0.153157 0.153194 0.153128 1.137139e-01 0.688
N:5 Run:5 0.240374 0.182092 0.162783 0.156489 0.154249 0.153759 0.153326 0.153163 0.15325 0.153201 0.153134 0.15315 0.153133 0.153183 0.153215 0.153227 0.153141 0.153275 0.153191 0.15317 0.153167 1.137139e-01 0.688
N:5 Run:6 0.184531 0.163481 0.157047 0.154715 0.15368 0.153424 0.153483 0.15328 0.153742 0.153343 0.15375 0.153729 0.153857 0.153348 0.153209 0.15313 0.153498 0.153592 0.153268 0.153197 0.153443 1.137139e-01 0.688
N:5 Run:7 0.223806 0.17642 0.1617 0.157971 0.157461 0.155866 0.156254 0.154518 0.154095 0.154647 0.154404 0.154226 0.15352 0.153661 0.153349 0.153213 0.153191 0.153233 0.153484 0.153273 0.153173 1.137139e-01 0.688
N:5 Run:8 0.202749 0.169523 0.473184 0.642215 0.61554 0.635138 0.459458 0.412418 0.585248 0.650356 0.561874 0.472627 0.259643 0.188382 0.165523 0.157225 0.154479 0.153584 0.153279 0.153192 0.153119 1.137139e-01 0.688
N:5 Run:9 0.242902 0.182783 0.188163 0.26153 0.237453 0.236308 0.226787 0.253434 0.214457 0.243334 0.245385 0.259787 0.189075 0.165178 0.157163 0.155947 0.154093 0.153441 0.153205 0.153231 0.153478 1.137139e-01 0.688
N:6 Run:0 0.235556 0.180716 0.187821 0.192847 0.225422 0.238155 0.204755 0.20908 0.207242 0.203502 0.21063 0.198329 0.170884 0.159179 0.155125 0.15383 0.153375 0.153199 0.153273 0.153293 0.153228 1.136610e-01 0.684
N:6 Run:1 0.289525 0.198109 0.167946 0.157983 0.154709 0.15368 0.15339 0.153239 0.15319 0.153165 0.153153 0.153128 0.153137 0.153117 0.153102 0.153134 0.153182 0.153137 0.153109 0.153105 0.15322 1.136610e-01 0.684
N:6 Run:2 0.170623 0.158917 0.15509 0.153749 0.153312 0.153163 0.153134 0.153129 0.153189 0.153465 0.1533 0.153176 0.153115 0.153134 0.153195 0.153172 0.153257 0.153172 0.153171 0.153173 0.153416 1.136610e-01 0.684
N:6 Run:3 0.232039 0.179152 0.162021 0.156122 0.154315 0.15369 0.153375 0.153204 0.153264 0.153208 0.15366 0.153505 0.153398 0.153198 0.153209 0.153249 0.153174 0.153186 0.153192 0.153181 0.153136 1.136610e-01 0.684
N:6 Run:4 0.239437 0.181643 0.205321 0.203074 0.226958 0.21902 0.240071 0.232273 0.298676 0.242909 0.245834 0.23679 0.18123 0.162426 0.15622 0.15412 0.153443 0.153235 0.153157 0.153194 0.153128 1.136610e-01 0.684
N:6 Run:5 0.240374 0.182092 0.162783 0.156489 0.154249 0.153759 0.153326 0.153163 0.15325 0.153201 0.153134 0.15315 0.153133 0.153183 0.153215 0.153227 0.153141 0.153275 0.153191 0.15317 0.153167 1.136610e-01 0.684
N:6 Run:6 0.184531 0.163481 0.157047 0.154715 0.15368 0.153424 0.153483 0.15328 0.153742 0.153343 0.15375 0.153729 0.153857 0.153348 0.153209 0.15313 0.153498 0.153592 0.153268 0.153197 0.153443 1.136610e-01 0.684
N:6 Run:7 0.223806 0.17642 0.1617 0.157971 0.157461 0.155866 0.156254 0.154518 0.154095 0.154647 0.154404 0.154226 0.15352 0.153661 0.153349 0.153213 0.153191 0.153233 0.153484 0.153273 0.153173 1.136610e-01 0.684
N:6 Run:8 0.202749 0.169523 0.473184 0.642215 0.61554 0.635138 0.459458 0.412418 0.585248 0.650356 0.561874 0.472627 0.259643 0.188382 0.165523 0.157225 0.154479 0.153584 0.153279 0.153192 0.153119 1.136610e-01 0.684
N:6 Run:9 0.242902 0.182783 0.188163 0.26153 0.237453 0.236308 0.226787 0.253434 0.214457 0.243334 0.245385 0.259787 0.189075 0.165178 0.157163 0.155947 0.154093 0.153441 0.153205 0.153231 0.153478 1.136610e-01 0.684
N:7 Run:0 0.235556 0.180716 0.187821 0.192847 0.225422 0.238155 0.204755 0.20908 0.207242 0.203502 0.21063 0.198329 0.170884 0.159179 0.155125 0.15383 0.153375 0.153199 0.153273 0.153293 0.153228 1.134446e-01 0.696
N:7 Run:1 0.289525 0.198109 0.167946 0.157983 0.154709 0.15368 0.15339 0.153239 0.15319 0.153165 0.153153 0.153128 0.153137 0.153117 0.153102 0.153134 0.153182 0.153137 0.153109 0.153105 0.15322 1.134446e-01 0.696
N:7 Run:2 0.170623 0.158917 0.15509 0.153749 0.153312 0.153163 0.153134 0.153129 0.153189 0.153465 0.1533 0.153176 0.153115 0.153134 0.153195 0.153172 0.153257 0.153172 0.153171 0.153173 0.153416 1.134446e-01 0.696
N:7 Run:3 0.232039 0.179152 0.162021 0.156122 0.154315 0.15369 0.153375 0.153204 0.153264 0.153208 0.15366 0.153505 0.153398 0.153198 0.153209 0.153249 0.153174 0.153186 0.153192 0.153181 0.153136 1.134446e-01 0.696
N:7 Run:4 0.239437 0.181643 0.205321 0.203074 0.226958 0.21902 0.240071 0.232273 0.298676 0.242909 0.245834 0.23679 0.18123 0.162426 0.15622 0.15412 0.153443 0.153235 0.153157 0.153194 0.153128 1.134446e-01 0.696
N:7 Run:5 0.240374 0.182092 0.162783 0.156489 0.154249 0.153759 0.153326 0.153163 0.15325 0.153201 0.153134 0.15315 0.153133 0.153183 0.153215 0.153227 0.153141 0.153275 0.153191 0.15317 0.153167 1.134446e-01 0.696
N:7 Run:6 0.184531 0.163481 0.157047 0.154715 0.15368 0.153424 0.153483 0.15328 0.153742 0.153343 0.15375 0.153729 0.153857 0.153348 0.153209 0.15313 0.153498 0.153592 0.153268 0.153197 0.153443 1.134446e-01 0.696
N:7 Run:7 0.223806 0.17642 0.1617 0.157971 0.157461 0.155866 0.156254 0.154518 0.154095 0.154647 0.154404 0.154226 0.15352 0.153661 0.153349 0.153213 0.153191 0.153233 0.153484 0.153273 0.153173 1.134446e-01 0.696
N:7 Run:8 0.202749 0.169523 0.473184 0.642215 0.61554 0.635138 0.459458 0.412418 0.585248 0.650356 0.561874 0.472627 0.259643 0.188382 0.165523 0.157225 0.154479 0.153584 0.153279 0.153192 0.153119 1.134446e-01 0.696
N:7 Run:9 0.242902 0.182783 0.188163 0.26153 0.237453 0.236308 0.226787 0.253434 0.214457 0.243334 0.245385 0.259787 0.189075 0.165178 0.157163 0.155947 0.154093 0.153441 0.153205 0.153231 0.153478 1.134446e-01 0.696
N:8 Run:0 0.235556 0.180716 0.187821 0.192847 0.225422 0.238155 0.204755 0.20908 0.207242 0.203502 0.21063 0.198329 0.170884 0.159179 0.155125 0.15383 0.153375 0.153199 0.153273 0.153293 0.153228 1.140388e-01 0.679
N:8 Run:1 0.289525 0.198109 0.167946 0.157983 0.154709 0.15368 0.15339 0.153239 0.15319 0.153165 0.153153 0.153128 0.153137 0.153117 0.153102 0.153134 0.153182 0.153137 0.153109 0.153105 0.15322 1.140388e-01 0.679
N:8 Run:2 0.170623 0.158917 0.15509 0.153749 0.153312 0.153163 0.153134 0.153129 0.153189 0.153465 0.1533 0.153176 0.153115 0.153134 0.153195 0.153172 0.153257 0.153172 0.153171 0.153173 0.153416 1.140388e-01 0.679
N:8 Run:3 0.232039 0.179152 0.162021 0.156122 0.154315 0.15369 0.153375 0.153204 0.153264 0.153208 0.15366 0.153505 0.153398 0.153198 0.153209 0.153249 0.153174 0.153186 0.153192 0.153181 0.153136 1.140388e-01 0.679
N:8 Run:4 0.239437 0.181643 0.205321 0.203074 0.226958 0.21902 0.240071 0.232273 0.298676 0.242909 0.245834 0.23679 0.18123 0.162426 0.15622 0.15412 0.153443 0.153235 0.153157 0.153194 0.153128 1.140388e-01 0.679
N:8 Run:5 0.240374 0.182092 0.162783 0.156489 0.154249 0.153759 0.153326 0.153163 0.15325 0.153201 0.153134 0.15315 0.153133 0.153183 0.153215 0.153227 0.153141 0.153275 0.153191 0.15317 0.153167 1.140388e-01 0.679
N:8 Run:6 0.184531 0.163481 0.157047 0.154715 0.15368 0.153424 0.153483 0.15328 0.153742 0.153343 0.15375 0.153729 0.153857 0.153348 0.153209 0.15313 0.153498 0.153592 0.153268 0.153197 0.153443 1.140388e-01 0.679
N:8 Run:7 0.223806 0.17642 0.1617 0.157971 0.157461 0.155866 0.156254 0.154518 0.154095 0.154647 0.154404 0.154226 0.15352 0.153661 0.153349 0.153213 0.153191 0.153233 0.153484 0.153273 0.153173 1.140388e-01 0.679
N:8 Run:8 0.202749 0.169523 0.473184 0.642215 0.61554 0.635138 0.459458 0.412418 0.585248 0.650356 0.561874 0.472627 0.259643 0.188382 0.165523 0.157225 0.154479 0.153584 0.153279 0.153192 0.153119 1.140388e-01 0.679
N:8 Run:9 0.242902 0.182783 0.188163 0.26153 0.237453 0.236308 0.226787 0.253434 0.214457 0.243334 0.245385 0.259787 0.189075 0.165178 0.157163 0.155947 0.154093 0.153441 0.153205 0.153231 0.153478 1.140388e-01 0.679
N:9 Run:0 0.235556 0.180716 0.187821 0.192847 0.225422 0.238155 0.204755 0.20908 0.207242 0.203502 0.21063 0.198329 0.170884 0.159179 0.155125 0.15383 0.153375 0.153199 0.153273 0.153293 0.153228 1.135032e-01 0.680
N:9 Run:1 0.289525 0.198109 0.167946 0.157983 0.154709 0.15368 0.15339 0.153239 0.15319 0.153165 0.153153 0.153128 0.153137 0.153117 0.153102 0.153134 0.153182 0.153137 0.153109 0.153105 0.15322 1.135032e-01 0.680
N:9 Run:2 0.170623 0.158917 0.15509 0.153749 0.153312 0.153163 0.153134 0.153129 0.153189 0.153465 0.1533 0.153176 0.153115 0.153134 0.153195 0.153172 0.153257 0.153172 0.153171 0.153173 0.153416 1.135032e-01 0.680
N:9 Run:3 0.232039 0.179152 0.162021 0.156122 0.154315 0.15369 0.153375 0.153204 0.153264 0.153208 0.15366 0.153505 0.153398 0.153198 0.153209 0.153249 0.153174 0.153186 0.153192 0.153181 0.153136 1.135032e-01 0.680
N:9 Run:4 0.239437 0.181643 0.205321 0.203074 0.226958 0.21902 0.240071 0.232273 0.298676 0.242909 0.245834 0.23679 0.18123 0.162426 0.15622 0.15412 0.153443 0.153235 0.153157 0.153194 0.153128 1.135032e-01 0.680
N:9 Run:5 0.240374 0.182092 0.162783 0.156489 0.154249 0.153759 0.153326 0.153163 0.15325 0.153201 0.153134 0.15315 0.153133 0.153183 0.153215 0.153227 0.153141 0.153275 0.153191 0.15317 0.153167 1.135032e-01 0.680
N:9 Run:6 0.184531 0.163481 0.157047 0.154715 0.15368 0.153424 0.153483 0.15328 0.153742 0.153343 0.15375 0.153729 0.153857 0.153348 0.153209 0.15313 0.153498 0.153592 0.153268 0.153197 0.153443 1.135032e-01 0.680
N:9 Run:7 0.223806 0.17642 0.1617 0.157971 0.157461 0.155866 0.156254 0.154518 0.154095 0.154647 0.154404 0.154226 0.15352 0.153661 0.153349 0.153213 0.153191 0.153233 0.153484 0.153273 0.153173 1.135032e-01 0.680
N:9 Run:8 0.202749 0.169523 0.473184 0.642215 0.61554 0.635138 0.459458 0.412418 0.585248 0.650356 0.561874 0.472627 0.259643 0.188382 0.165523 0.157225 0.154479 0.153584 0.153279 0.153192 0.153119 1.135032e-01 0.680
N:9 Run:9 0.242902 0.182783 0.188163 0.26153 0.237453 0.236308 0.226787 0.253434 0.214457 0.243334 0.245385 0.259787 0.189075 0.165178 0.157163 0.155947 0.154093 0.153441 0.153205 0.153231 0.153478 1.135032e-01 0.680
N:10 Run:0 0.235556 0.180716 0.187821 0.192847 0.225422 0.238155 0.204755 0.20908 0.207242 0.203502 0.21063 0.198329 0.170884 0.159179 0.155125 0.15383 0.153375 0.153199 0.153273 0.153293 0.153228 1.133881e-01 0.679
N:10 Run:1 0.289525 0.198109 0.167946 0.157983 0.154709 0.15368 0.15339 0.153239 0.15319 0.153165 0.153153 0.153128 0.153137 0.153117 0.153102 0.153134 0.153182 0.153137 0.153109 0.153105 0.15322 1.133881e-01 0.679
N:10 Run:2 0.170623 0.158917 0.15509 0.153749 0.153312 0.153163 0.153134 0.153129 0.153189 0.153465 0.1533 0.153176 0.153115 0.153134 0.153195 0.153172 0.153257 0.153172 0.153171 0.153173 0.153416 1.133881e-01 0.679
N:10 Run:3 0.232039 0.179152 0.162021 0.156122 0.154315 0.15369 0.153375 0.153204 0.153264 0.153208 0.15366 0.153505 0.153398 0.153198 0.153209 0.153249 0.153174 0.153186 0.153192 0.153181 0.153136 1.133881e-01 0.679
N:10 Run:4 0.239437 0.181643 0.205321 0.203074 0.226958 0.21902 0.240071 0.232273 0.298676 0.242909 0.245834 0.23679 0.18123 0.162426 0.15622 0.15412 0.153443 0.153235 0.153157 0.153194 0.153128 1.133881e-01 0.679
N:10 Run:5 0.240374 0.182092 0.162783 0.156489 0.154249 0.153759 0.153326 0.153163 0.15325 0.153201 0.153134 0.15315 0.153133 0.153183 0.153215 0.153227 0.153141 0.153275 0.153191 0.15317 0.153167 1.133881e-01 0.679
N:10 Run:6 0.184531 0.163481 0.157047 0.154715 0.15368 0.153424 0.153483 0.15328 0.153742 0.153343 0.15375 0.153729 0.153857 0.153348 0.153209 0.15313 0.153498 0.153592 0.153268 0.153197 0.153443 1.133881e-01 0.679
N:10 Run:7 0.223806 0.17642 0.1617 0.157971 0.157461 0.155866 0.156254 0.154518 0.154095 0.154647 0.154404 0.154226 0.15352 0.153661 0.153349 0.153213 0.153191 0.153233 0.153484 0.153273 0.153173 1.133881e-01 0.679
N:10 Run:8 0.202749 0.169523 0.473184 0.642215 0.61554 0.635138 0.459458 0.412418 0.585248 0.650356 0.561874 0.472627 0.259643 0.188382 0.165523 0.157225 0.154479 0.153584 0.153279 0.153192 0.153119 1.133881e-01 0.679
N:10 Run:9 0.242902 0.182783 0.188163 0.26153 0.237453 0.236308 0.226787 0.253434 0.214457 0.243334 0.245385 0.259787 0.189075 0.165178 0.157163 0.155947 0.154093 0.153441 0.153205 0.153231 0.153478 1.133881e-01 0.679
N:11 Run:0 0.235556 0.180716 0.187821 0.192847 0.225422 0.238155 0.204755 0.20908 0.207242 0.203502 0.21063 0.198329 0.170884 0.159179 0.155125 0.15383 0.153375 0.153199 0.153273 0.153293 0.153228 1.131274e-01 0.666
N:11 Run:1 0.289525 0.198109 0.167946 0.157983 0.154709 0.15368 0.15339 0.153239 0.15319 0.153165 0.153153 0.153128 0.153137 0.153117 0.153102 0.153134 0.153182 0.153137 0.153109 0.153105 0.15322 1.131274e-01 0.666
N:11 Run:2 0.170623 0.158917 0.15509 0.153749 0.153312 0.153163 0.153134 0.153129 0.153189 0.153465 0.1533 0.153176 0.153115 0.153134 0.153195 0.153172 0.153257 0.153172 0.153171 0.153173 0.153416 1.131274e-01 0.666
N:11 Run:3 0.232039 0.179152 0.162021 0.156122 0.154315 0.15369 0.153375 0.153204 0.153264 0.153208 0.15366 0.153505 0.153398 0.153198 0.153209 0.153249 0.153174 0.153186 0.153192 0.153181 0.153136 1.131274e-01 0.666
N:11 Run:4 0.239437 0.181643 0.205321 0.203074 0.226958 0.21902 0.240071 0.232273 0.298676 0.242909 0.245834 0.23679 0.18123 0.162426 0.15622 0.15412 0.153443 0.153235 0.153157 0.153194 0.153128 1.131274e-01 0.666
N:11 Run:5 0.240374 0.182092 0.162783 0.156489 0.154249 0.153759 0.153326 0.153163 0.15325 0.153201 0.153134 0.15315 0.153133 0.153183 0.153215 0.153227 0.153141 0.153275 0.153191 0.15317 0.153167 1.131274e-01 0.666
N:11 Run:6 0.184531 0.163481 0.157047 0.154715 0.15368 0.153424 0.153483 0.15328 0.153742 0.153343 0.15375 0.153729 0.153857 0.153348 0.153209 0.15313 0.153498 0.153592 0.153268 0.153197 0.153443 1.131274e-01 0.666
N:11 Run:7 0.223806 0.17642 0.1617 0.157971 0.157461 0.155866 0.156254 0.154518 0.154095 0.154647 0.154404 0.154226 0.15352 0.153661 0.153349 0.153213 0.153191 0.153233 0.153484 0.153273 0.153173 1.131274e-01 0.666
N:11 Run:8 0.202749 0.169523 0.473184 0.642215 0.61554 0.635138 0.459458 0.412418 0.585248 0.650356 0.561874 0.472627 0.259643 0.188382 0.165523 0.157225 0.154479 0.153584 0.153279 0.153192 0.153119 1.131274e-01 0.666
N:11 Run:9 0.242902 0.182783 0.188163 0.26153 0.237453 0.236308 0.226787 0.253434 0.214457 0.243334 0.245385 0.259787 0.189075 0.165178 0.157163 0.155947 0.154093 0.153441 0.153205 0.153231 0.153478 1.131274e-01 0.666
N:12 Run:0 0.235556 0.180716 0.187821 0.192847 0.225422 0.238155 0.204755 0.20908 0.207242 0.203502 0.21063 0.198329 0.170884 0.159179 0.155125 0.15383 0.153375 0.153199 0.153273 0.153293 0.153228 1.135688e-01 0.675
N:12 Run:1 0.289525 0.198109 0.167946 0.157983 0.154709 0.15368 0.15339 0.153239 0.15319 0.153165 0.153153 0.153128 0.153137 0.153117 0.153102 0.153134 0.153182 0.153137 0.153109 0.153105 0.15322 1.135688e-01 0.675
N:12 Run:2 0.170623 0.158917 0.15509 0.153749 0.153312 0.153163 0.153134 0.153129 0.153189 0.153465 0.1533 0.153176 0.153115 0.153134 0.153195 0.153172 0.153257 0.153172 0.153171 0.153173 0.153416 1.135688e-01 0.675
N:12 Run:3 0.232039 0.179152 0.162021 0.156122 0.154315 0.15369 0.153375 0.153204 0.153264 0.153208 0.15366 0.153505 0.153398 0.153198 0.153209 0.153249 0.153174 0.153186 0.153192 0.153181 0.153136 1.135688e-01 0.675
N:12 Run:4 0.239437 0.181643 0.205321 0.203074 0.226958 0.21902 0.240071 0.232273 0.298676 0.242909 0.245834 0.23679 0.18123 0.162426 0.15622 0.15412 0.153443 0.153235 0.153157 0.153194 0.153128 1.135688e-01 0.675
N:12 Run:5 0.240374 0.182092 0.162783 0.156489 0.154249 0.153759 0.153326 0.153163 0.15325 0.153201 0.153134 0.15315 0.153133 0.153183 0.153215 0.153227 0.153141 0.153275 0.153191 0.15317 0.153167 1.135688e-01 0.675
N:12 Run:6 0.184531 0.163481 0.157047 0.154715 0.15368 0.153424 0.153483 0.15328 0.153742 0.153343 0.15375 0.153729 0.153857 0.153348 0.153209 0.15313 0.153498 0.153592 0.153268 0.153197 0.153443 1.135688e-01 0.675
N:12 Run:7 0.223806 0.17642 0.1617 0.157971 0.157461 0.155866 0.156254 0.154518 0.154095 0.154647 0.154404 0.154226 0.15352 0.153661 0.153349 0.153213 0.153191 0.153233 0.153484 0.153273 0.153173 1.135688e-01 0.675
N:12 Run:8 0.202749 0.169523 0.473184 0.642215 0.61554 0.635138 0.459458 0.412418 0.585248 0.650356 0.561874 0.472627 0.259643 0.188382 0.165523 0.157225 0.154479 0.153584 0.153279 0.153192 0.153119 1.135688e-01 0.675
N:12 Run:9 0.242902 0.182783 0.188163 0.26153 0.237453 0.236308 0.226787 0.253434 0.214457 0.243334 0.245385 0.259787 0.189075 0.165178 0.157163 0.155947 0.154093 0.153441 0.153205 0.153231 0.153478 1.135688e-01 0.675
N:13 Run:0 0.235556 0.180716 0.187821 0.192847 0.225422 0.238155 0.204755 0.20908 0.207242 0.203502 0.21063 0.198329 0.170884 0.159179 0.155125 0.15383 0.153375 0.153199 0.153273 0.153293 0.153228 1.133523e-01 0.675
N:13 Run:1 0.289525 0.198109 0.167946 0.157983 0.154709 0.15368 0.15339 0.153239 0.15319 0.153165 0.153153 0.153128 0.153137 0.153117 0.153102 0.153134 0.153182 0.153137 0.153109 0.153105 0.15322 1.133523e-01 0.675
N:13 Run:2 0.170623 0.158917 0.15509 0.153749 0.153312 0.153163 0.153134 0.153129 0.153189 0.153465 0.1533 0.153176 0.153115 0.153134 0.153195 0.153172 0.153257 0.153172 0.153171 0.153173 0.153416 1.133523e-01 0.675
N:13 Run:3 0.232039 0.179152 0.162021 0.156122 0.154315 0.15369 0.153375 0.153204 0.153264 0.153208 0.15366 0.153505 0.153398 0.153198 0.153209 0.153249 0.153174 0.153186 0.153192 0.153181 0.153136 1.133523e-01 0.675
N:13 Run:4 0.239437 0.181643 0.205321 0.203074 0.226958 0.21902 0.240071 0.232273 0.298676 0.242909 0.245834 0.23679 0.18123 0.162426 0.15622 0.15412 0.153443 0.153235 0.153157 0.153194 0.153128 1.133523e-01 0.675
N:13 Run:5 0.240374 0.182092 0.162783 0.156489 0.154249 0.153759 0.153326 0.153163 0.15325 0.153201 0.153134 0.15315 0.153133 0.153183 0.153215 0.153227 0.153141 0.153275 0.153191 0.15317 0.153167 1.133523e-01 0.675
N:13 Run:6 0.184531 0.163481 0.157047 0.154715 0.15368 0.153424 0.153483 0.15328 0.153742 0.153343 0.15375 0.153729 0.153857 0.153348 0.153209 0.15313 0.153498 0.153592 0.153268 0.153197 0.153443 1.133523e-01 0.675
N:13 Run:7 0.223806 0.17642 0.1617 0.157971 0.157461 0.155866 0.156254 0.154518 0.154095 0.154647 0.154404 0.154226 0.15352 0.153661 0.153349 0.153213 0.153191 0.153233 0.153484 0.153273 0.153173 1.133523e-01 0.675
N:13 Run:8 0.202749 0.169523 0.473184 0.642215 0.61554 0.635138 0.459458 0.412418 0.585248 0.650356 0.561874 0.472627 0.259643 0.188382 0.165523 0.157225 0.154479 0.153584 0.153279 0.153192 0.153119 1.133523e-01 0.675
N:13 Run:9 0.242902 0.182783 0.188163 0.26153 0.237453 0.236308 0.226787 0.253434 0.214457 0.243334 0.245385 0.259787 0.189075 0.165178 0.157163 0.155947 0.154093 0.153441 0.153205 0.153231 0.153478 1.133523e-01 0.675
N:14 Run:0 0.235556 0.180716 0.187821 0.192847 0.225422 0.238155 0.204755 0.20908 0.207242 0.203502 0.21063 0.198329 0.170884 0.159179 0.155125 0.15383 0.153375 0.153199 0.153273 0.153293 0.153228 1.135498e-01 0.656
N:14 Run:1 0.289525 0.198109 0.167946 0.157983 0.154709 0.15368 0.15339 0.153239 0.15319 0.153165 0.153153 0.153128 0.153137 0.153117 0.153102 0.153134 0.153182 0.153137 0.153109 0.153105 0.15322 1.135498e-01 0.656
N:14 Run:2 0.170623 0.158917 0.15509 0.153749 0.153312 0.153163 0.153134 0.153129 0.153189 0.153465 0.1533 0.153176 0.153115 0.153134 0.153195 0.153172 0.153257 0.153172 0.153171 0.153173 0.153416 1.135498e-01 0.656
N:14 Run:3 0.232039 0.179152 0.162021 0.156122 0.154315 0.15369 0.153375 0.153204 0.153264 0.153208 0.15366 0.153505 0.153398 0.153198 0.153209 0.153249 0.153174 0.153186 0.153192 0.153181 0.153136 1.135498e-01 0.656
N:14 Run:4 0.239437 0.181643 0.205321 0.203074 0.226958 0.21902 0.240071 0.232273 0.298676 0.242909 0.245834 0.23679 0.18123 0.162426 0.15622 0.15412 0.153443 0.153235 0.153157 0.153194 0.153128 1.135498e-01 0.656
N:14 Run:5 0.240374 0.182092 0.162783 0.156489 0.154249 0.153759 0.153326 0.153163 0.15325 0.153201 0.153134 0.15315 0.153133 0.153183 0.153215 0.153227 0.153141 0.153275 0.153191 0.15317 0.153167 1.135498e-01 0.656
N:14 Run:6 0.184531 0.163481 0.157047 0.154715 0.15368 0.153424 0.153483 0.15328 0.153742 0.153343 0.15375 0.153729 0.153857 0.153348 0.153209 0.15313 0.153498 0.153592 0.153268 0.153197 0.153443 1.135498e-01 0.656
N:14 Run:7 0.223806 0.17642 0.1617 0.157971 0.157461 0.155866 0.156254 0.154518 0.154095 0.154647 0.154404 0.154226 0.15352 0.153661 0.153349 0.153213 0.153191 0.153233 0.153484 0.153273 0.153173 1.135498e-01 0.656
N:14 Run:8 0.202749 0.169523 0.473184 0.642215 0.61554 0.635138 0.459458 0.412418 0.585248 0.650356 0.561874 0.472627 0.259643 0.188382 0.165523 0.157225 0.154479 0.153584 0.153279 0.153192 0.153119 1.135498e-01 0.656
N:14 Run:9 0.242902 0.182783 0.188163 0.26153 0.237453 0.236308 0.226787 0.253434 0.214457 0.243334 0.245385 0.259787 0.189075 0.165178 0.157163 0.155947 0.154093 0.153441 0.153205 0.153231 0.153478 1.135498e-01 0.656
N:15 Run:0 0.235556 0.180716 0.187821 0.192847 0.225422 0.238155 0.204755 0.20908 0.207242 0.203502 0.21063 0.198329 0.170884 0.159179 0.155125 0.15383 0.153375 0.153199 0.153273 0.153293 0.153228 1.136121e-01 0.693
N:15 Run:1 0.289525 0.198109 0.167946 0.157983 0.154709 0.15368 0.15339 0.153239 0.15319 0.153165 0.153153 0.153128 0.153137 0.153117 0.153102 0.153134 0.153182 0.153137 0.153109 0.153105 0.15322 1.136121e-01 0.693
N:15 Run:2 0.170623 0.158917 0.15509 0.153749 0.153312 0.153163 0.153134 0.153129 0.153189 0.153465 0.1533 0.153176 0.153115 0.153134 0.153195 0.153172 0.153257 0.153172 0.153171 0.153173 0.153416 1.136121e-01 0.693
N:15 Run:3 0.232039 0.179152 0.162021 0.156122 0.154315 0.15369 0.153375 0.153204 0.153264 0.153208 0.15366 0.153505 0.153398 0.153198 0.153209 0.153249 0.153174 0.153186 0.153192 0.153181 0.153136 1.136121e-01 0.693
N:15 Run:4 0.239437 0.181643 0.205321 0.203074 0.226958 0.21902 0.240071 0.232273 0.298676 0.242909 0.245834 0.23679 0.18123 0.162426 0.15622 0.15412 0.153443 0.153235 0.153157 0.153194 0.153128 1.136121e-01 0.693
N:15 Run:5 0.240374 0.182092 0.162783 0.156489 0.154249 0.153759 0.153326 0.153163 0.15325 0.153201 0.153134 0.15315 0.153133 0.153183 0.153215 0.153227 0.153141 0.153275 0.153191 0.15317 0.153167 1.136121e-01 0.693
N:15 Run:6 0.184531 0.163481 0.157047 0.154715 0.15368 0.153424 0.153483 0.15328 0.153742 0.153343 0.15375 0.153729 0.153857 0.153348 0.153209 0.15313 0.153498 0.153592 0.153268 0.153197 0.153443 1.136121e-01 0.693
N:15 Run:7 0.223806 0.17642 0.1617 0.157971 0.157461 0.155866 0.156254 0.154518 0.154095 0.154647 0.154404 0.154226 0.15352 0.153661 0.153349 0.153213 0.153191 0.153233 0.153484 0.153273 0.153173 1.136121e-01 0.693
N:15 Run:8 0.202749 0.169523 0.473184 0.642215 0.61554 0.635138 0.459458 0.412418 0.585248 0.650356 0.561874 0.472627 0.259643 0.188382 0.165523 0.157225 0.154479 0.153584 0.153279 0.153192 0.153119 1.136121e-01 0.693
N:15 Run:9 0.242902 0.182783 0.188163 0.26153 0.237453 0.236308 0.226787 0.253434 0.214457 0.243334 0.245385 0.259787 0.189075 0.165178 0.157163 0.155947 0.154093 0.153441 0.153205 0.153231 0.153478 1.136121e-01 0.693
N:16 Run:0 0.235556 0.180716 0.187821 0.192847 0.225422 0.238155 0.204755 0.20908 0.207242 0.203502 0.21063 0.198329 0.170884 0.159179 0.155125 0.15383 0.153375 0.153199 0.153273 0.153293 0.153228 1.141096e-01 0.670
N:16 Run:1 0.289525 0.198109 0.167946 0.157983 0.154709 0.15368 0.15339 0.153239 0.15319 0.153165 0.153153 0.153128 0.153137 0.153117 0.153102 0.153134 0.153182 0.153137 0.153109 0.153105 0.15322 1.141096e-01 0.670
N:16 Run:2 0.170623 0.158917 0.15509 0.153749 0.153312 0.153163 0.153134 0.153129 0.153189 0.153465 0.1533 0.153176 0.153115 0.153134 0.153195 0.153172 0.153257 0.153172 0.153171 0.153173 0.153416 1.141096e-01 0.670
N:16 Run:3 0.232039 0.179152 0.162021 0.156122 0.154315 0.15369 0.153375 0.153204 0.153264 0.153208 0.15366 0.153505 0.153398 0.153198 0.153209 0.153249 0.153174 0.153186 0.153192 0.153181 0.153136 1.141096e-01 0.670
N:16 Run:4 0.239437 0.181643 0.205321 0.203074 0.226958 0.21902 0.240071 0.232273 0.298676 0.242909 0.245834 0.23679 0.18123 0.162426 0.15622 0.15412 0.153443 0.153235 0.153157 0.153194 0.153128 1.141096e-01 0.670
N:16 Run:5 0.240374 0.182092 0.162783 0.156489 0.154249 0.153759 0.153326 0.153163 0.15325 0.153201 0.153134 0.15315 0.153133 0.153183 0.153215 0.153227 0.153141 0.153275 0.153191 0.15317 0.153167 1.141096e-01 0.670
N:16 Run:6 0.184531 0.163481 0.157047 0.154715 0.15368 0.153424 0.153483 0.15328 0.153742 0.153343 0.15375 0.153729 0.153857 0.153348 0.153209 0.15313 0.153498 0.153592 0.153268 0.153197 0.153443 1.141096e-01 0.670
N:16 Run:7 0.223806 0.17642 0.1617 0.157971 0.157461 0.155866 0.156254 0.154518 0.154095 0.154647 0.154404 0.154226 0.15352 0.153661 0.153349 0.153213 0.153191 0.153233 0.153484 0.153273 0.153173 1.141096e-01 0.670
N:16 Run:8 0.202749 0.169523 0.473184 0.642215 0.61554 0.635138 0.459458 0.412418 0.585248 0.650356 0.561874 0.472627 0.259643 0.188382 0.165523 0.157225 0.154479 0.153584 0.153279 0.153192 0.153119 1.141096e-01 0.670
N:16 Run:9 0.242902 0.182783 0.188163 0.26153 0.237453 0.236308 0.226787 0.253434 0.214457 0.243334 0.245385 0.259787 0.189075 0.165178 0.157163 0.155947 0.154093 0.153441 0.153205 0.153231 0.153478 1.141096e-01 0.670
N:17 Run:0 0.235556 0.180716 0.187821 0.192847 0.225422 0.238155 0.204755 0.20908 0.207242 0.203502 0.21063 0.198329 0.170884 0.159179 0.155125 0.15383 0.153375 0.153199 0.153273 0.153293 0.153228 1.133375e-01 0.692
N:17 Run:1 0.289525 0.198109 0.167946 0.157983 0.154709 0.15368 0.15339 0.153239 0.15319 0.153165 0.153153 0.153128 0.153137 0.153117 0.153102 0.153134 0.153182 0.153137 0.153109 0.153105 0.15322 1.133375e-01 0.692
N:17 Run:2 0.170623 0.158917 0.15509 0.153749 0.153312 0.153163 0.153134 0.153129 0.153189 0.153465 0.1533 0.153176 0.153115 0.153134 0.153195 0.153172 0.153257 0.153172 0.153171 0.153173 0.153416 1.133375e-01 0.692
N:17 Run:3 0.232039 0.179152 0.162021 0.156122 0.154315 0.15369 0.153375 0.153204 0.153264 0.153208 0.15366 0.153505 0.153398 0.153198 0.153209 0.153249 0.153174 0.153186 0.153192 0.153181 0.153136 1.133375e-01 0.692
N:17 Run:4 0.239437 0.181643 0.205321 0.203074 0.226958 0.21902 0.240071 0.232273 0.298676 0.242909 0.245834 0.23679 0.18123 0.162426 0.15622 0.15412 0.153443 0.153235 0.153157 0.153194 0.153128 1.133375e-01 0.692
N:17 Run:5 0.240374 0.182092 0.162783 0.156489 0.154249 0.153759 0.153326 0.153163 0.15325 0.153201 0.153134 0.15315 0.153133 0.153183 0.153215 0.153227 0.153141 0.153275 0.153191 0.15317 0.153167 1.133375e-01 0.692
N:17 Run:6 0.184531 0.163481 0.157047 0.154715 0.15368 0.153424 0.153483 0.15328 0.153742 0.153343 0.15375 0.153729 0.153857 0.153348 0.153209 0.15313 0.153498 0.153592 0.153268 0.153197 0.153443 1.133375e-01 0.692
N:17 Run:7 0.223806 0.17642 0.1617 0.157971 0.157461 0.155866 0.156254 0.154518 0.154095 0.154647 0.154404 0.154226 0.15352 0.153661 0.153349 0.153213 0.153191 0.153233 0.153484 0.153273 0.153173 1.133375e-01 0.692
N:17 Run:8 0.202749 0.169523 0.473184 0.642215 0.61554 0.635138 0.459458 0.412418 0.585248 0.650356 0.561874 0.472627 0.259643 0.188382 0.165523 0.157225 0.154479 0.153584 0.153279 0.153192 0.153119 1.133375e-01 0.692
N:17 Run:9 0.242902 0.182783 0.188163 0.26153 0.237453 0.236308 0.226787 0.253434 0.214457 0.243334 0.245385 0.259787 0.189075 0.165178 0.157163 0.155947 0.154093 0.153441 0.153205 0.153231 0.153478 1.133375e-01 0.692
N:18 Run:0 0.235556 0.180716 0.187821 0.192847 0.225422 0.238155 0.204755 0.20908 0.207242 0.203502 0.21063 0.198329 0.170884 0.159179 0.155125 0.15383 0.153375 0.153199 0.153273 0.153293 0.153228 1.132983e-01 0.693
N:18 Run:1 0.289525 0.198109 0.167946 0.157983 0.154709 0.15368 0.15339 0.153239 0.15319 0.153165 0.153153 0.153128 0.153137 0.153117 0.153102 0.153134 0.153182 0.153137 0.153109 0.153105 0.15322 1.132983e-01 0.693
N:18 Run:2 0.170623 0.158917 0.15509 0.153749 0.153312 0.153163 0.153134 0.153129 0.153189 0.153465 0.1533 0.153176 0.153115 0.153134 0.153195 0.153172 0.153257 0.153172 0.153171 0.153173 0.153416 1.132983e-01 0.693
N:18 Run:3 0.232039 0.179152 0.162021 0.156122 0.154315 0.15369 0.153375 0.153204 0.153264 0.153208 0.15366 0.153505 0.153398 0.153198 0.153209 0.153249 0.153174 0.153186 0.153192 0.153181 0.153136 1.132983e-01 0.693
N:18 Run:4 0.239437 0.181643 0.205321 0.203074 0.226958 0.21902 0.240071 0.232273 0.298676 0.242909 0.245834 0.23679 0.18123 0.162426 0.15622 0.15412 0.153443 0.153235 0.153157 0.153194 0.153128 1.132983e-01 0.693
N:18 Run:5 0.240374 0.182092 0.162783 0.156489 0.154249 0.153759 0.153326 0.153163 0.15325 0.153201 0.153134 0.15315 0.153133 0.153183 0.153215 0.153227 0.153141 0.153275 0.153191 0.15317 0.153167 1.132983e-01 0.693
N:18 Run:6 0.184531 0.163481 0.157047 0.154715 0.15368 0.153424 0.153483 0.15328 0.153742 0.153343 0.15375 0.153729 0.153857 0.153348 0.153209 0.15313 0.153498 0.153592 0.153268 0.153197 0.153443 1.132983e-01 0.693
N:18 Run:7 0.223806 0.17642 0.1617 0.157971 0.157461 0.155866 0.156254 0.154518 0.154095 0.154647 0.154404 0.154226 0.15352 0.153661 0.153349 0.153213 0.153191 0.153233 0.153484 0.153273 0.153173 1.132983e-01 0.693
N:18 Run:8 0.202749 0.169523 0.473184 0.642215 0.61554 0.635138 0.459458 0.412418 0.585248 0.650356 0.561874 0.472627 0.259643 0.188382 0.165523 0.157225 0.154479 0.153584 0.153279 0.153192 0.153119 1.132983e-01 0.693
N:18 Run:9 0.242902 0.182783 0.188163 0.26153 0.237453 0.236308 0.226787 0.253434 0.214457 0.243334 0.245385 0.259787 0.189075 0.165178 0.157163 0.155947 0.154093 0.153441 0.153205 0.153231 0.153478 1.132983e-01 0.693
N:19 Run:0 0.235556 0.180716 0.187821 0.192847 0.225422 0.238155 0.204755 0.20908 0.207242 0.203502 0.21063 0.198329 0.170884 0.159179 0.155125 0.15383 0.153375 0.153199 0.153273 0.153293 0.153228 1.134532e-01 0.684
N:19 Run:1 0.289525 0.198109 0.167946 0.157983 0.154709 0.15368 0.15339 0.153239 0.15319 0.153165 0.153153 0.153128 0.153137 0.153117 0.153102 0.153134 0.153182 0.153137 0.153109 0.153105 0.15322 1.134532e-01 0.684
N:19 Run:2 0.170623 0.158917 0.15509 0.153749 0.153312 0.153163 0.153134 0.153129 0.153189 0.153465 0.1533 0.153176 0.153115 0.153134 0.153195 0.153172 0.153257 0.153172 0.153171 0.153173 0.153416 1.134532e-01 0.684
N:19 Run:3 0.232039 0.179152 0.162021 0.156122 0.154315 0.15369 0.153375 0.153204 0.153264 0.153208 0.15366 0.153505 0.153398 0.153198 0.153209 0.153249 0.153174 0.153186 0.153192 0.153181 0.153136 1.134532e-01 0.684
N:19 Run:4 0.239437 0.181643 0.205321 0.203074 0.226958 0.21902 0.240071 0.232273 0.298676 0.242909 0.245834 0.23679 0.18123 0.162426 0.15622 0.15412 0.153443 0.153235 0.153157 0.153194 0.153128 1.134532e-01 0.684
N:19 Run:5 0.240374 0.182092 0.162783 0.156489 0.154249 0.153759 0.153326 0.153163 0.15325 0.153201 0.153134 0.15315 0.153133 0.153183 0.153215 0.153227 0.153141 0.153275 0.153191 0.15317 0.153167 1.134532e-01 0.684
N:19 Run:6 0.184531 0.163481 0.157047 0.154715 0.15368 0.153424 0.153483 0.15328 0.153742 0.153343 0.15375 0.153729 0.153857 0.153348 0.153209 0.15313 0.153498 0.153592 0.153268 0.153197 0.153443 1.134532e-01 0.684
N:19 Run:7 0.223806 0.17642 0.1617 0.157971 0.157461 0.155866 0.156254 0.154518 0.154095 0.154647 0.154404 0.154226 0.15352 0.153661 0.153349 0.153213 0.153191 0.153233 0.153484 0.153273 0.153173 1.134532e-01 0.684
N:19 Run:8 0.202749 0.169523 0.473184 0.642215 0.61554 0.635138 0.459458 0.412418 0.585248 0.650356 0.561874 0.472627 0.259643 0.188382 0.165523 0.157225 0.154479 0.153584 0.153279 0.153192 0.153119 1.134532e-01 0.684
N:19 Run:9 0.242902 0.182783 0.188163 0.26153 0.237453 0.236308 0.226787 0.253434 0.214457 0.243334 0.245385 0.259787 0.189075 0.165178 0.157163 0.155947 0.154093 0.153441 0.153205 0.153231 0.153478 1.134532e-01 0.684
N:20 Run:0 0.235556 0.180716 0.187821 0.192847 0.225422 0.238155 0.204755 0.20908 0.207242 0.203502 0.21063 0.198329 0.170884 0.159179 0.155125 0.15383 0.153375 0.153199 0.153273 0.153293 0.153228 1.134256e-01 0.692
N:20 Run:1 0.289525 0.198109 0.167946 0.157983 0.154709 0.15368 0.15339 0.153239 0.15319 0.153165 0.153153 0.153128 0.153137 0.153117 0.153102 0.153134 0.153182 0.153137 0.153109 0.153105 0.15322 1.134256e-01 0.692
N:20 Run:2 0.170623 0.158917 0.15509 0.153749 0.153312 0.153163 0.153134 0.153129 0.153189 0.153465 0.1533 0.153176 0.153115 0.153134 0.153195 0.153172 0.153257 0.153172 0.153171 0.153173 0.153416 1.134256e-01 0.692
N:20 Run:3 0.232039 0.179152 0.162021 0.156122 0.154315 0.15369 0.153375 0.153204 0.153264 0.153208 0.15366 0.153505 0.153398 0.153198 0.153209 0.153249 0.153174 0.153186 0.153192 0.153181 0.153136 1.134256e-01 0.692
N:20 Run:4 0.239437 0.181643 0.205321 0.203074 0.226958 0.21902 0.240071 0.232273 0.298676 0.242909 0.245834 0.23679 0.18123 0.162426 0.15622 0.15412 0.153443 0.153235 0.153157 0.153194 0.153128 1.134256e-01 0.692
N:20 Run:5 0.240374 0.182092 0.162783 0.156489 0.154249 0.153759 0.153326 0.153163 0.15325 0.153201 0.153134 0.15315 0.153133 0.153183 0.153215 0.153227 0.153141 0.153275 0.153191 0.15317 0.153167 1.134256e-01 0.692
N:20 Run:6 0.184531 0.163481 0.157047 0.154715 0.15368 0.153424 0.153483 0.15328 0.153742 0.153343 0.15375 0.153729 0.153857 0.153348 0.153209 0.15313 0.153498 0.153592 0.153268 0.153197 0.153443 1.134256e-01 0.692
N:20 Run:7 0.223806 0.17642 0.1617 0.157971 0.157461 0.155866 0.156254 0.154518 0.154095 0.154647 0.154404 0.154226 0.15352 0.153661 0.153349 0.153213 0.153191 0.153233 0.153484 0.153273 0.153173 1.134256e-01 0.692
N:20 Run:8 0.202749 0.169523 0.473184 0.642215 0.61554 0.635138 0.459458 0.412418 0.585248 0.650356 0.561874 0.472627 0.259643 0.188382 0.165523 0.157225 0.154479 0.153584 0.153279 0.153192 0.153119 1.134256e-01 0.692
N:20 Run:9 0.242902 0.182783 0.188163 0.26153 0.237453 0.236308 0.226787 0.253434 0.214457 0.243334 0.245385 0.259787 0.189075 0.165178 0.157163 0.155947 0.154093 0.153441 0.153205 0.153231 0.153478 1.134256e-01 0.692
N:21 Run:0 0.235556 0.180716 0.187821 0.192847 0.225422 0.238155 0.204755 0.20908 0.207242 0.203502 0.21063 0.198329 0.170884 0.159179 0.155125 0.15383 0.153375 0.153199 0.153273 0.153293 0.153228 1.135261e-01 0.673
N:21 Run:1 0.289525 0.198109 0.167946 0.157983 0.154709 0.15368 0.15339 0.153239 0.15319 0.153165 0.153153 0.153128 0.153137 0.153117 0.153102 0.153134 0.153182 0.153137 0.153109 0.153105 0.15322 1.135261e-01 0.673
N:21 Run:2 0.170623 0.158917 0.15509 0.153749 0.153312 0.153163 0.153134 0.153129 0.153189 0.153465 0.1533 0.153176 0.153115 0.153134 0.153195 0.153172 0.153257 0.153172 0.153171 0.153173 0.153416 1.135261e-01 0.673
N:21 Run:3 0.232039 0.179152 0.162021 0.156122 0.154315 0.15369 0.153375 0.153204 0.153264 0.153208 0.15366 0.153505 0.153398 0.153198 0.153209 0.153249 0.153174 0.153186 0.153192 0.153181 0.153136 1.135261e-01 0.673
N:21 Run:4 0.239437 0.181643 0.205321 0.203074 0.226958 0.21902 0.240071 0.232273 0.298676 0.242909 0.245834 0.23679 0.18123 0.162426 0.15622 0.15412 0.153443 0.153235 0.153157 0.153194 0.153128 1.135261e-01 0.673
N:21 Run:5 0.240374 0.182092 0.162783 0.156489 0.154249 0.153759 0.153326 0.153163 0.15325 0.153201 0.153134 0.15315 0.153133 0.153183 0.153215 0.153227 0.153141 0.153275 0.153191 0.15317 0.153167 1.135261e-01 0.673
N:21 Run:6 0.184531 0.163481 0.157047 0.154715 0.15368 0.153424 0.153483 0.15328 0.153742 0.153343 0.15375 0.153729 0.153857 0.153348 0.153209 0.15313 0.153498 0.153592 0.153268 0.153197 0.153443 1.135261e-01 0.673
N:21 Run:7 0.223806 0.17642 0.1617 0.157971 0.157461 0.155866 0.156254 0.154518 0.154095 0.154647 0.154404 0.154226 0.15352 0.153661 0.153349 0.153213 0.153191 0.153233 0.153484 0.153273 0.153173 1.135261e-01 0.673
N:21 Run:8 0.202749 0.169523 0.473184 0.642215 0.61554 0.635138 0.459458 0.412418 0.585248 0.650356 0.561874 0.472627 0.259643 0.188382 0.165523 0.157225 0.154479 0.153584 0.153279 0.153192 0.153119 1.135261e-01 0.673
N:21 Run:9 0.242902 0.182783 0.188163 0.26153 0.237453 0.236308 0.226787 0.253434 0.214457 0.243334 0.245385 0.259787 0.189075 0.165178 0.157163 0.155947 0.154093 0.153441 0.153205 0.153231 0.153478 1.135261e-01 0.673
N:22 Run:0 0.235556 0.180716 0.187821 0.192847 0.225422 0.238155 0.204755 0.20908 0.207242 0.203502 0.21063 0.198329 0.170884 0.159179 0.155125 0.15383 0.153375 0.153199 0.153273 0.153293 0.153228 1.132862e-01 0.685
N:22 Run:1 0.289525 0.198109 0.167946 0.157983 0.154709 0.15368 0.15339 0.153239 0.15319 0.153165 0.153153 0.153128 0.153137 0.153117 0.153102 0.153134 0.153182 0.153137 0.153109 0.153105 0.15322 1.132862e-01 0.685
N:22 Run:2 0.170623 0.158917 0.15509 0.153749 0.153312 0.153163 0.153134 0.153129 0.153189 0.153465 0.1533 0.153176 0.153115 0.153134 0.153195 0.153172 0.153257 0.153172 0.153171 0.153173 0.153416 1.132862e-01 0.685
N:22 Run:3 0.232039 0.179152 0.162021 0.156122 0.154315 0.15369 0.153375 0.153204 0.153264 0.153208 0.15366 0.153505 0.153398 0.153198 0.153209 0.153249 0.153174 0.153186 0.153192 0.153181 0.153136 1.132862e-01 0.685
N:22 Run:4 0.239437 0.181643 0.205321 0.203074 0.226958 0.21902 0.240071 0.232273 0.298676 0.242909 0.245834 0.23679 0.18123 0.162426 0.15622 0.15412 0.153443 0.153235 0.153157 0.153194 0.153128 1.132862e-01 0.685
N:22 Run:5 0.240374 0.182092 0.162783 0.156489 0.154249 0.153759 0.153326 0.153163 0.15325 0.153201 0.153134 0.15315 0.153133 0.153183 0.153215 0.153227 0.153141 0.153275 0.153191 0.15317 0.153167 1.132862e-01 0.685
N:22 Run:6 0.184531 0.163481 0.157047 0.154715 0.15368 0.153424 0.153483 0.15328 0.153742 0.153343 0.15375 0.153729 0.153857 0.153348 0.153209 0.15313 0.153498 0.153592 0.153268 0.153197 0.153443 1.132862e-01 0.685
N:22 Run:7 0.223806 0.17642 0.1617 0.157971 0.157461 0.155866 0.156254 0.154518 0.154095 0.154647 0.154404 0.154226 0.15352 0.153661 0.153349 0.153213 0.153191 0.153233 0.153484 0.153273 0.153173 1.132862e-01 0.685
N:22 Run:8 0.202749 0.169523 0.473184 0.642215 0.61554 0.635138 0.459458 0.412418 0.585248 0.650356 0.561874 0.472627 0.259643 0.188382 0.165523 0.157225 0.154479 0.153584 0.153279 0.153192 0.153119 1.132862e-01 0.685
N:22 Run:9 0.242902 0.182783 0.188163 0.26153 0.237453 0.236308 0.226787 0.253434 0.214457 0.243334 0.245385 0.259787 0.189075 0.165178 0.157163 0.155947 0.154093 0.153441 0.153205 0.153231 0.153478 1.132862e-01 0.685
N:23 Run:0 0.235556 0.180716 0.187821 0.192847 0.225422 0.238155 0.204755 0.20908 0.207242 0.203502 0.21063 0.198329 0.170884 0.159179 0.155125 0.15383 0.153375 0.153199 0.153273 0.153293 0.153228 1.137947e-01 0.689
N:23 Run:1 0.289525 0.198109 0.167946 0.157983 0.154709 0.15368 0.15339 0.153239 0.15319 0.153165 0.153153 0.153128 0.153137 0.153117 0.153102 0.153134 0.153182 0.153137 0.153109 0.153105 0.15322 1.137947e-01 0.689
N:23 Run:2 0.170623 0.158917 0.15509 0.153749 0.153312 0.153163 0.153134 0.153129 0.153189 0.153465 0.1533 0.153176 0.153115 0.153134 0.153195 0.153172 0.153257 0.153172 0.153171 0.153173 0.153416 1.137947e-01 0.689
N:23 Run:3 0.232039 0.179152 0.162021 0.156122 0.154315 0.15369 0.153375 0.153204 0.153264 0.153208 0.15366 0.153505 0.153398 0.153198 0.153209 0.153249 0.153174 0.153186 0.153192 0.153181 0.153136 1.137947e-01 0.689
N:23 Run:4 0.239437 0.181643 0.205321 0.203074 0.226958 0.21902 0.240071 0.232273 0.298676 0.242909 0.245834 0.23679 0.18123 0.162426 0.15622 0.15412 0.153443 0.153235 0.153157 0.153194 0.153128 1.137947e-01 0.689
N:23 Run:5 0.240374 0.182092 0.162783 0.156489 0.154249 0.153759 0.153326 0.153163 0.15325 0.153201 0.153134 0.15315 0.153133 0.153183 0.153215 0.153227 0.153141 0.153275 0.153191 0.15317 0.153167 1.137947e-01 0.689
N:23 Run:6 0.184531 0.163481 0.157047 0.154715 0.15368 0.153424 0.153483 0.15328 0.153742 0.153343 0.15375 0.153729 0.153857 0.153348 0.153209 0.15313 0.153498 0.153592 0.153268 0.153197 0.153443 1.137947e-01 0.689
N:23 Run:7 0.223806 0.17642 0.1617 0.157971 0.157461 0.155866 0.156254 0.154518 0.154095 0.154647 0.154404 0.154226 0.15352 0.153661 0.153349 0.153213 0.153191 0.153233 0.153484 0.153273 0.153173 1.137947e-01 0.689
N:23 Run:8 0.202749 0.169523 0.473184 0.642215 0.61554 0.635138 0.459458 0.412418 0.585248 0.650356 0.561874 0.472627 0.259643 0.188382 0.165523 0.157225 0.154479 0.153584 0.153279 0.153192 0.153119 1.137947e-01 0.689
N:23 Run:9 0.242902 0.182783 0.188163 0.26153 0.237453 0.236308 0.226787 0.253434 0.214457 0.243334 0.245385 0.259787 0.189075 0.165178 0.157163 0.155947 0.154093 0.153441 0.153205 0.153231 0.153478 1.137947e-01 0.689
N:24 Run:0 0.235556 0.180716 0.187821 0.192847 0.225422 0.238155 0.204755 0.20908 0.207242 0.203502 0.21063 0.198329 0.170884 0.159179 0.155125 0.15383 0.153375 0.153199 0.153273 0.153293 0.153228 1.132014e-01 0.683
N:24 Run:1 0.289525 0.198109 0.167946 0.157983 0.154709 0.15368 0.15339 0.153239 0.15319 0.153165 0.153153 0.153128 0.153137 0.153117 0.153102 0.153134 0.153182 0.153137 0.153109 0.153105 0.15322 1.132014e-01 0.683
N:24 Run:2 0.170623 0.158917 0.15509 0.153749 0.153312 0.153163 0.153134 0.153129 0.153189 0.153465 0.1533 0.153176 0.153115 0.153134 0.153195 0.153172 0.153257 0.153172 0.153171 0.153173 0.153416 1.132014e-01 0.683
N:24 Run:3 0.232039 0.179152 0.162021 0.156122 0.154315 0.15369 0.153375 0.153204 0.153264 0.153208 0.15366 0.153505 0.153398 0.153198 0.153209 0.153249 0.153174 0.153186 0.153192 0.153181 0.153136 1.132014e-01 0.683
N:24 Run:4 0.239437 0.181643 0.205321 0.203074 0.226958 0.21902 0.240071 0.232273 0.298676 0.242909 0.245834 0.23679 0.18123 0.162426 0.15622 0.15412 0.153443 0.153235 0.153157 0.153194 0.153128 1.132014e-01 0.683
N:24 Run:5 0.240374 0.182092 0.162783 0.156489 0.154249 0.153759 0.153326 0.153163 0.15325 0.153201 0.153134 0.15315 0.153133 0.153183 0.153215 0.153227 0.153141 0.153275 0.153191 0.15317 0.153167 1.132014e-01 0.683
N:24 Run:6 0.184531 0.163481 0.157047 0.154715 0.15368 0.153424 0.153483 0.15328 0.153742 0.153343 0.15375 0.153729 0.153857 0.153348 0.153209 0.15313 0.153498 0.153592 0.153268 0.153197 0.153443 1.132014e-01 0.683
N:24 Run:7 0.223806 0.17642 0.1617 0.157971 0.157461 0.155866 0.156254 0.154518 0.154095 0.154647 0.154404 0.154226 0.15352 0.153661 0.153349 0.153213 0.153191 0.153233 0.153484 0.153273 0.153173 1.132014e-01 0.683
N:24 Run:8 0.202749 0.169523 0.473184 0.642215 0.61554 0.635138 0.459458 0.412418 0.585248 0.650356 0.561874 0.472627 0.259643 0.188382 0.165523 0.157225 0.154479 0.153584 0.153279 0.153192 0.153119 1.132014e-01 0.683
N:24 Run:9 0.242902 0.182783 0.188163 0.26153 0.237453 0.236308 0.226787 0.253434 0.214457 0.243334 0.245385 0.259787 0.189075 0.165178 0.157163 0.155947 0.154093 0.153441 0.153205 0.153231 0.153478 1.132014e-01 0.683
N:25 Run:0 0.235556 0.180716 0.187821 0.192847 0.225422 0.238155 0.204755 0.20908 0.207242 0.203502 0.21063 0.198329 0.170884 0.159179 0.155125 0.15383 0.153375 0.153199 0.153273 0.153293 0.153228 1.135936e-01 0.683
N:25 Run:1 0.289525 0.198109 0.167946 0.157983 0.154709 0.15368 0.15339 0.153239 0.15319 0.153165 0.153153 0.153128 0.153137 0.153117 0.153102 0.153134 0.153182 0.153137 0.153109 0.153105 0.15322 1.135936e-01 0.683
N:25 Run:2 0.170623 0.158917 0.15509 0.153749 0.153312 0.153163 0.153134 0.153129 0.153189 0.153465 0.1533 0.153176 0.153115 0.153134 0.153195 0.153172 0.153257 0.153172 0.153171 0.153173 0.153416 1.135936e-01 0.683
N:25 Run:3 0.232039 0.179152 0.162021 0.156122 0.154315 0.15369 0.153375 0.153204 0.153264 0.153208 0.15366 0.153505 0.153398 0.153198 0.153209 0.153249 0.153174 0.153186 0.153192 0.153181 0.153136 1.135936e-01 0.683
N:25 Run:4 0.239437 0.181643 0.205321 0.203074 0.226958 0.21902 0.240071 0.232273 0.298676 0.242909 0.245834 0.23679 0.18123 0.162426 0.15622 0.15412 0.153443 0.153235 0.153157 0.153194 0.153128 1.135936e-01 0.683
N:25 Run:5 0.240374 0.182092 0.162783 0.156489 0.154249 0.153759 0.153326 0.153163 0.15325 0.153201 0.153134 0.15315 0.153133 0.153183 0.153215 0.153227 0.153141 0.153275 0.153191 0.15317 0.153167 1.135936e-01 0.683
N:25 Run:6 0.184531 0.163481 0.157047 0.154715 0.15368 0.153424 0.153483 0.15328 0.153742 0.153343 0.15375 0.153729 0.153857 0.153348 0.153209 0.15313 0.153498 0.153592 0.153268 0.153197 0.153443 1.135936e-01 0.683
N:25 Run:7 0.223806 0.17642 0.1617 0.157971 0.157461 0.155866 0.156254 0.154518 0.154095 0.154647 0.154404 0.154226 0.15352 0.153661 0.153349 0.153213 0.153191 0.153233 0.153484 0.153273 0.153173 1.135936e-01 0.683
N:25 Run:8 0.202749 0.169523 0.473184 0.642215 0.61554 0.635138 0.459458 0.412418 0.585248 0.650356 0.561874 0.472627 0.259643 0.188382 0.165523 0.157225 0.154479 0.153584 0.153279 0.153192 0.153119 1.135936e-01 0.683
N:25 Run:9 0.242902 0.182783 0.188163 0.26153 0.237453 0.236308 0.226787 0.253434 0.214457 0.243334 0.245385 0.259787 0.189075 0.165178 0.157163 0.155947 0.154093 0.153441 0.153205 0.153231 0.153478 1.135936e-01 0.683
N:26 Run:0 0.235556 0.180522 0.187242 0.19314 0.226194 0.238944 0.204194 0.207762 0.20749 0.20473 0.211105 0.198598 0.17012 0.158674 0.154765 0.153491 0.153052 0.152894 0.152912 0.152914 0.152873 1.128665e-01 0.669
N:26 Run:1 0.289525 0.198203 0.167879 0.157807 0.154467 0.153383 0.153052 0.152912 0.152863 0.152843 0.152835 0.152822 0.152828 0.152817 0.15281 0.152826 0.152851 0.152828 0.152813 0.152811 0.152869 1.128665e-01 0.669
N:26 Run:2 0.170623 0.158741 0.154809 0.15347 0.153028 0.152879 0.152838 0.152826 0.152855 0.153003 0.152914 0.152848 0.152817 0.152826 0.152856 0.152844 0.152887 0.152845 0.152844 0.152843 0.152986 1.128665e-01 0.669
N:26 Run:3 0.232039 0.17912 0.16173 0.155807 0.153923 0.153278 0.153004 0.152879 0.152903 0.152866 0.153157 0.153045 0.15298 0.152865 0.152865 0.152885 0.152845 0.152852 0.152854 0.152847 0.152826 1.128665e-01 0.669
N:26 Run:4 0.239437 0.181601 0.205276 0.204002 0.229109 0.220244 0.242481 0.235214 0.300812 0.244147 0.247284 0.239229 0.181825 0.162464 0.156035 0.153876 0.153166 0.152937 0.152858 0.15286 0.152825 1.128665e-01 0.669
N:26 Run:5 0.240374 0.181999 0.162563 0.156156 0.153935 0.153331 0.152987 0.152863 0.152894 0.152864 0.152828 0.152835 0.152825 0.152851 0.152866 0.152871 0.152829 0.152902 0.152856 0.152843 0.152841 1.128665e-01 0.669
N:26 Run:6 0.184531 0.163346 0.156587 0.154202 0.15329 0.153024 0.153005 0.152896 0.153136 0.152928 0.153128 0.15312 0.153216 0.152943 0.152864 0.152824 0.153043 0.153111 0.152912 0.152863 0.153016 1.128665e-01 0.669
N:26 Run:7 0.223806 0.176379 0.161212 0.15712 0.156309 0.154819 0.155183 0.153816 0.1535 0.1539 0.153668 0.153537 0.153071 0.153132 0.152947 0.152868 0.152856 0.152879 0.153039 0.152908 0.15285 1.128665e-01 0.669
N:26 Run:8 0.202749 0.169411 0.472124 0.644905 0.616297 0.632636 0.458176 0.406281 0.585296 0.65235 0.560392 0.46983 0.258805 0.188075 0.164999 0.156869 0.154164 0.153273 0.152971 0.152878 0.152827 1.128665e-01 0.669
N:26 Run:9 0.242902 0.182753 0.188021 0.262766 0.238051 0.235547 0.22756 0.255576 0.216369 0.245135 0.24788 0.262332 0.189697 0.165172 0.156951 0.155203 0.153632 0.153088 0.152898 0.152886 0.153037 1.128665e-01 0.669
N:27 Run:0 0.235556 0.180522 0.187242 0.19314 0.226194 0.238944 0.204194 0.207762 0.20749 0.20473 0.211105 0.198598 0.17012 0.158674 0.154765 0.153491 0.153052 0.152894 0.152912 0.152914 0.152873 1.140846e-01 0.679
N:27 Run:1 0.289525 0.198203 0.167879 0.157807 0.154467 0.153383 0.153052 0.152912 0.152863 0.152843 0.152835 0.152822 0.152828 0.152817 0.15281 0.152826 0.152851 0.152828 0.152813 0.152811 0.152869 1.140846e-01 0.679
N:27 Run:2 0.170623 0.158741 0.154809 0.15347 0.153028 0.152879 0.152838 0.152826 0.152855 0.153003 0.152914 0.152848 0.152817 0.152826 0.152856 0.152844 0.152887 0.152845 0.152844 0.152843 0.152986 1.140846e-01 0.679
N:27 Run:3 0.232039 0.17912 0.16173 0.155807 0.153923 0.153278 0.153004 0.152879 0.152903 0.152866 0.153157 0.153045 0.15298 0.152865 0.152865 0.152885 0.152845 0.152852 0.152854 0.152847 0.152826 1.140846e-01 0.679
N:27 Run:4 0.239437 0.181601 0.205276 0.204002 0.229109 0.220244 0.242481 0.235214 0.300812 0.244147 0.247284 0.239229 0.181825 0.162464 0.156035 0.153876 0.153166 0.152937 0.152858 0.15286 0.152825 1.140846e-01 0.679
N:27 Run:5 0.240374 0.181999 0.162563 0.156156 0.153935 0.153331 0.152987 0.152863 0.152894 0.152864 0.152828 0.152835 0.152825 0.152851 0.152866 0.152871 0.152829 0.152902 0.152856 0.152843 0.152841 1.140846e-01 0.679
N:27 Run:6 0.184531 0.163346 0.156587 0.154202 0.15329 0.153024 0.153005 0.152896 0.153136 0.152928 0.153128 0.15312 0.153216 0.152943 0.152864 0.152824 0.153043 0.153111 0.152912 0.152863 0.153016 1.140846e-01 0.679
N:27 Run:7 0.223806 0.176379 0.161212 0.15712 0.156309 0.154819 0.155183 0.153816 0.1535 0.1539 0.153668 0.153537 0.153071 0.153132 0.152947 0.152868 0.152856 0.152879 0.153039 0.152908 0.15285 1.140846e-01 0.679
N:27 Run:8 0.202749 0.169411 0.472124 0.644905 0.616297 0.632636 0.458176 0.406281 0.585296 0.65235 0.560392 0.46983 0.258805 0.188075 0.164999 0.156869 0.154164 0.153273 0.152971 0.152878 0.152827 1.140846e-01 0.679
N:27 Run:9 0.242902 0.182753 0.188021 0.262766 0.238051 0.235547 0.22756 0.255576 0.216369 0.245135 0.24788 0.262332 0.189697 0.165172 0.156951 0.155203 0.153632 0.153088 0.152898 0.152886 0.153037 1.140846e-01 0.679
N:28 Run:0 0.235556 0.180522 0.187242 0.19314 0.226194 0.238944 0.204194 0.207762 0.20749 0.20473 0.211105 0.198598 0.17012 0.158674 0.154765 0.153491 0.153052 0.152894 0.152912 0.152914 0.152873 1.130951e-01 0.674
N:28 Run:1 0.289525 0.198203 0.167879 0.157807 0.154467 0.153383 0.153052 0.152912 0.152863 0.152843 0.152835 0.152822 0.152828 0.152817 0.15281 0.152826 0.152851 0.152828 0.152813 0.152811 0.152869 1.130951e-01 0.674
N:28 Run:2 0.170623 0.158741 0.154809 0.15347 0.153028 0.152879 0.152838 0.152826 0.152855 0.153003 0.152914 0.152848 0.152817 0.152826 0.152856 0.152844 0.152887 0.152845 0.152844 0.152843 0.152986 1.130951e-01 0.674
N:28 Run:3 0.232039 0.17912 0.16173 0.155807 0.153923 0.153278 0.153004 0.152879 0.152903 0.152866 0.153157 0.153045 0.15298 0.152865 0.152865 0.152885 0.152845 0.152852 0.152854 0.152847 0.152826 1.130951e-01 0.674
N:28 Run:4 0.239437 0.181601 0.205276 0.204002 0.229109 0.220244 0.242481 0.235214 0.300812 0.244147 0.247284 0.239229 0.181825 0.162464 0.156035 0.153876 0.153166 0.152937 0.152858 0.15286 0.152825 1.130951e-01 0.674
N:28 Run:5 0.240374 0.181999 0.162563 0.156156 0.153935 0.153331 0.152987 0.152863 0.152894 0.152864 0.152828 0.152835 0.152825 0.152851 0.152866 0.152871 0.152829 0.152902 0.152856 0.152843 0.152841 1.130951e-01 0.674
N:28 Run:6 0.184531 0.163346 0.156587 0.154202 0.15329 0.153024 0.153005 0.152896 0.153136 0.152928 0.153128 0.15312 0.153216 0.152943 0.152864 0.152824 0.153043 0.153111 0.152912 0.152863 0.153016 1.130951e-01 0.674
N:28 Run:7 0.223806 0.176379 0.161212 0.15712 0.156309 0.154819 0.155183 0.153816 0.1535 0.1539 0.153668 0.153537 0.153071 0.153132 0.152947 0.152868 0.152856 0.152879 0.153039 0.152908 0.15285 1.130951e-01 0.674
N:28 Run:8 0.202749 0.169411 0.472124 0.644905 0.616297 0.632636 0.458176 0.406281 0.585296 0.65235 0.560392 0.46983 0.258805 0.188075 0.164999 0.156869 0.154164 0.153273 0.152971 0.152878 0.152827 1.130951e-01 0.674
N:28 Run:9 0.242902 0.182753 0.188021 0.262766 0.238051 0.235547 0.22756 0.255576 0.216369 0.245135 0.24788 0.262332 0.189697 0.165172 0.156951 0.155203 0.153632 0.153088 0.152898 0.152886 0.153037 1.130951e-01 0.674
N:29 Run:0 0.235556 0.180522 0.187242 0.19314 0.226194 0.238944 0.204194 0.207762 0.20749 0.20473 0.211105 0.198598 0.17012 0.158674 0.154765 0.153491 0.153052 0.152894 0.152912 0.152914 0.152873 1.132388e-01 0.686
N:29 Run:1 0.289525 0.198203 0.167879 0.157807 0.154467 0.153383 0.153052 0.152912 0.152863 0.152843 0.152835 0.152822 0.152828 0.152817 0.15281 0.152826 0.152851 0.152828 0.152813 0.152811 0.152869 1.132388e-01 0.686
N:29 Run:2 0.170623 0.158741 0.154809 0.15347 0.153028 0.152879 0.152838 0.152826 0.152855 0.153003 0.152914 0.152848 0.152817 0.152826 0.152856 0.152844 0.152887 0.152845 0.152844 0.152843 0.152986 1.132388e-01 0.686
N:29 Run:3 0.232039 0.17912 0.16173 0.155807 0.153923 0.153278 0.153004 0.152879 0.152903 0.152866 0.153157 0.153045 0.15298 0.152865 0.152865 0.152885 0.152845 0.152852 0.152854 0.152847 0.152826 1.132388e-01 0.686
N:29 Run:4 0.239437 0.181601 0.205276 0.204002 0.229109 0.220244 0.242481 0.235214 0.300812 0.244147 0.247284 0.239229 0.181825 0.162464 0.156035 0.153876 0.153166 0.152937 0.152858 0.15286 0.152825 1.132388e-01 0.686
N:29 Run:5 0.240374 0.181999 0.162563 0.156156 0.153935 0.153331 0.152987 0.152863 0.152894 0.152864 0.152828 0.152835 0.152825 0.152851 0.152866 0.152871 0.152829 0.152902 0.152856 0.152843 0.152841 1.132388e-01 0.686
N:29 Run:6 0.184531 0.163346 0.156587 0.154202 0.15329 0.153024 0.153005 0.152896 0.153136 0.152928 0.153128 0.15312 0.153216 0.152943 0.152864 0.152824 0.153043 0.153111 0.152912 0.152863 0.153016 1.132388e-01 0.686
N:29 Run:7 0.223806 0.176379 0.161212 0.15712 0.156309 0.154819 0.155183 0.153816 0.1535 0.1539 0.153668 0.153537 0.153071 0.153132 0.152947 0.152868 0.152856 0.152879 0.153039 0.152908 0.15285 1.132388e-01 0.686
N:29 Run:8 0.202749 0.169411 0.472124 0.644905 0.616297 0.632636 0.458176 0.406281 0.585296 0.65235 0.560392 0.46983 0.258805 0.188075 0.164999 0.156869 0.154164 0.153273 0.152971 0.152878 0.152827 1.132388e-01 0.686
N:29 Run:9 0.242902 0.182753 0.188021 0.262766 0.238051 0.235547 0.22756 0.255576 0.216369 0.245135 0.24788 0.262332 0.189697 0.165172 0.156951 0.155203 0.153632 0.153088 0.152898 0.152886 0.153037 1.132388e-01 0.686
