Seed:1578452327
N:0 Run:0 0.658803 0.599605 0.408164 0.270953 0.218588 0.200138 0.192721 0.178835 0.17027 0.166079 0.143998 0.178847 0.430754 0.533334 0.569666 0.634376 0.582727 0.597528 0.605033 0.608104 0.592857 2.079782e-01 0.974
N:0 Run:1 0.653239 0.681645 0.43477 0.311659 0.230423 0.242042 0.203457 0.176711 0.166617 0.19372 0.165568 0.157195 0.416536 0.535561 0.545983 0.655568 0.628746 0.668533 0.667587 0.629078 0.637345 2.079782e-01 0.974
N:0 Run:2 0.580934 0.608991 0.61991 0.635172 0.653483 0.613633 0.644821 0.617515 0.593089 0.622453 0.621551 0.642259 0.647963 0.637789 0.626233 0.669907 0.641298 0.641605 0.618615 0.604197 0.611255 2.079782e-01 0.974
N:0 Run:3 0.57219 0.616 0.447716 0.326604 0.227318 0.187153 0.166075 0.168838 0.144247 0.12915 0.15877 0.136271 0.434886 0.522912 0.574772 0.581565 0.611575 0.64573 0.63818 0.620391 0.653926 2.079782e-01 0.974
N:0 Run:4 0.563399 0.579697 0.355906 0.189502 0.139511 0.108029 0.0812769 0.0766393 0.0813586 0.076741 0.113904 0.0964569 0.335883 0.472362 0.553971 0.594174 0.621748 0.631429 0.586231 0.557821 0.593645 2.079782e-01 0.974
N:0 Run:5 0.647433 0.612361 0.424077 0.282246 0.193906 0.175371 0.192719 0.153639 0.158857 0.150264 0.147954 0.108894 0.358238 0.471866 0.563281 0.587048 0.592298 0.628556 0.601934 0.611937 0.598669 2.079782e-01 0.974
N:0 Run:6 0.616568 0.670594 0.49835 0.328866 0.198333 0.163328 0.156719 0.17821 0.172654 0.178369 0.210741 0.168788 0.386634 0.52085 0.609313 0.657933 0.604876 0.604724 0.562212 0.594503 0.597311 2.079782e-01 0.974
N:0 Run:7 0.658163 0.63453 0.427676 0.244804 0.140404 0.111429 0.0871842 0.0830957 0.0987497 0.0949477 0.0813446 0.0691768 0.356736 0.484072 0.569649 0.602186 0.622374 0.579334 0.633479 0.624251 0.660203 2.079782e-01 0.974
N:0 Run:8 0.611502 0.635925 0.619945 0.645757 0.627363 0.58367 0.602427 0.645667 0.604398 0.589354 0.606127 0.624289 0.623101 0.644623 0.63267 0.639912 0.650465 0.664758 0.617177 0.622445 0.632555 2.079782e-01 0.974
N:0 Run:9 0.612344 0.626435 0.373038 0.210407 0.125598 0.09564 0.0837091 0.0791907 0.075819 0.0870684 0.0764681 0.0726435 0.317214 0.523434 0.59716 0.635322 0.676449 0.623008 0.601319 0.625079 0.632623 2.079782e-01 0.974
N:1 Run:0 0.658803 0.626267 0.486665 0.278771 0.190495 0.165334 0.146439 0.130545 0.115853 0.111105 0.0925615 0.148114 0.440734 0.542956 0.588029 0.617102 0.618704 0.626445 0.620341 0.620603 0.619929 1.822416e-01 0.981
N:1 Run:1 0.653239 0.649463 0.4627 0.329608 0.239916 0.272383 0.217392 0.18379 0.174808 0.226462 0.179708 0.164316 0.424897 0.540129 0.582533 0.613707 0.616068 0.632077 0.637061 0.62587 0.627808 1.822416e-01 0.981
N:1 Run:2 0.580934 0.608194 0.612191 0.618658 0.631581 0.611743 0.608888 0.621727 0.625281 0.63528 0.628695 0.629348 0.613725 0.61885 0.630692 0.640707 0.631451 0.625455 0.622928 0.624454 0.633631 1.822416e-01 0.981
N:1 Run:3 0.57219 0.599614 0.454894 0.316169 0.20494 0.164578 0.147193 0.152114 0.134023 0.12311 0.144192 0.127945 0.42931 0.529102 0.570614 0.6057 0.610356 0.621107 0.621892 0.622918 0.636176 1.822416e-01 0.981
N:1 Run:4 0.563399 0.596341 0.441152 0.225761 0.152924 0.115955 0.0913971 0.084415 0.0864763 0.0836006 0.145378 0.112282 0.41158 0.53522 0.587994 0.605638 0.620295 0.634109 0.630176 0.612484 0.612857 1.822416e-01 0.981
N:1 Run:5 0.647433 0.618165 0.507703 0.278393 0.161162 0.12591 0.167056 0.116264 0.109582 0.100813 0.0960476 0.0819551 0.401702 0.527047 0.587635 0.612314 0.622252 0.620702 0.620204 0.62506 0.615491 1.822416e-01 0.981
N:1 Run:6 0.616568 0.633418 0.479108 0.300434 0.183435 0.146858 0.138386 0.153665 0.154206 0.155864 0.189507 0.153833 0.420187 0.541487 0.58879 0.623112 0.609898 0.606227 0.604888 0.617113 0.621219 1.822416e-01 0.981
N:1 Run:7 0.658163 0.639963 0.43348 0.246398 0.150019 0.118296 0.100047 0.0924932 0.102788 0.098001 0.0938086 0.0866836 0.381902 0.517412 0.583839 0.60806 0.618144 0.605763 0.621815 0.623561 0.637289 1.822416e-01 0.981
N:1 Run:8 0.611502 0.635246 0.639295 0.622099 0.625606 0.603345 0.618162 0.628851 0.611165 0.618464 0.604377 0.621741 0.625676 0.621602 0.619041 0.624883 0.633206 0.6303 0.628224 0.633533 0.625718 1.822416e-01 0.981
N:1 Run:9 0.612344 0.622651 0.434971 0.223441 0.13432 0.0996703 0.0873594 0.0802778 0.0766037 0.0842501 0.0777961 0.0756129 0.381249 0.537888 0.603771 0.616321 0.62384 0.618286 0.618775 0.626142 0.637788 1.822416e-01 0.981
N:2 Run:0 0.658803 0.626267 0.486665 0.278771 0.190495 0.165334 0.146439 0.130545 0.115853 0.111105 0.0925615 0.148114 0.440734 0.542956 0.588029 0.617102 0.618704 0.626445 0.620341 0.620603 0.619929 2.017734e-01 0.976
N:2 Run:1 0.653239 0.649463 0.4627 0.329608 0.239916 0.272383 0.217392 0.18379 0.174808 0.226462 0.179708 0.164316 0.424897 0.540129 0.582533 0.613707 0.616068 0.632077 0.637061 0.62587 0.627808 2.017734e-01 0.976
N:2 Run:2 0.580934 0.608194 0.612191 0.618658 0.631581 0.611743 0.608888 0.621727 0.625281 0.63528 0.628695 0.629348 0.613725 0.61885 0.630692 0.640707 0.631451 0.625455 0.622928 0.624454 0.633631 2.017734e-01 0.976
N:2 Run:3 0.57219 0.599614 0.454894 0.316169 0.20494 0.164578 0.147193 0.152114 0.134023 0.12311 0.144192 0.127945 0.42931 0.529102 0.570614 0.6057 0.610356 0.621107 0.621892 0.622918 0.636176 2.017734e-01 0.976
N:2 Run:4 0.563399 0.596341 0.441152 0.225761 0.152924 0.115955 0.0913971 0.084415 0.0864763 0.0836006 0.145378 0.112282 0.41158 0.53522 0.587994 0.605638 0.620295 0.634109 0.630176 0.612484 0.612857 2.017734e-01 0.976
N:2 Run:5 0.647433 0.618165 0.507703 0.278393 0.161162 0.12591 0.167056 0.116264 0.109582 0.100813 0.0960476 0.0819551 0.401702 0.527047 0.587635 0.612314 0.622252 0.620702 0.620204 0.62506 0.615491 2.017734e-01 0.976
N:2 Run:6 0.616568 0.633418 0.479108 0.300434 0.183435 0.146858 0.138386 0.153665 0.154206 0.155864 0.189507 0.153833 0.420187 0.541487 0.58879 0.623112 0.609898 0.606227 0.604888 0.617113 0.621219 2.017734e-01 0.976
N:2 Run:7 0.658163 0.639963 0.43348 0.246398 0.150019 0.118296 0.100047 0.0924932 0.102788 0.098001 0.0938086 0.0866836 0.381902 0.517412 0.583839 0.60806 0.618144 0.605763 0.621815 0.623561 0.637289 2.017734e-01 0.976
N:2 Run:8 0.611502 0.635246 0.639295 0.622099 0.625606 0.603345 0.618162 0.628851 0.611165 0.618464 0.604377 0.621741 0.625676 0.621602 0.619041 0.624883 0.633206 0.6303 0.628224 0.633533 0.625718 2.017734e-01 0.976
N:2 Run:9 0.612344 0.622651 0.434971 0.223441 0.13432 0.0996703 0.0873594 0.0802778 0.0766037 0.0842501 0.0777961 0.0756129 0.381249 0.537888 0.603771 0.616321 0.62384 0.618286 0.618775 0.626142 0.637788 2.017734e-01 0.976
N:3 Run:0 0.658803 0.626267 0.486665 0.278771 0.190495 0.165334 0.146439 0.130545 0.115853 0.111105 0.0925615 0.148114 0.440734 0.542956 0.588029 0.617102 0.618704 0.626445 0.620341 0.620603 0.619929 1.918192e-01 0.978
N:3 Run:1 0.653239 0.649463 0.4627 0.329608 0.239916 0.272383 0.217392 0.18379 0.174808 0.226462 0.179708 0.164316 0.424897 0.540129 0.582533 0.613707 0.616068 0.632077 0.637061 0.62587 0.627808 1.918192e-01 0.978
N:3 Run:2 0.580934 0.608194 0.612191 0.618658 0.631581 0.611743 0.608888 0.621727 0.625281 0.63528 0.628695 0.629348 0.613725 0.61885 0.630692 0.640707 0.631451 0.625455 0.622928 0.624454 0.633631 1.918192e-01 0.978
N:3 Run:3 0.57219 0.599614 0.454894 0.316169 0.20494 0.164578 0.147193 0.152114 0.134023 0.12311 0.144192 0.127945 0.42931 0.529102 0.570614 0.6057 0.610356 0.621107 0.621892 0.622918 0.636176 1.918192e-01 0.978
N:3 Run:4 0.563399 0.596341 0.441152 0.225761 0.152924 0.115955 0.0913971 0.084415 0.0864763 0.0836006 0.145378 0.112282 0.41158 0.53522 0.587994 0.605638 0.620295 0.634109 0.630176 0.612484 0.612857 1.918192e-01 0.978
N:3 Run:5 0.647433 0.618165 0.507703 0.278393 0.161162 0.12591 0.167056 0.116264 0.109582 0.100813 0.0960476 0.0819551 0.401702 0.527047 0.587635 0.612314 0.622252 0.620702 0.620204 0.62506 0.615491 1.918192e-01 0.978
N:3 Run:6 0.616568 0.633418 0.479108 0.300434 0.183435 0.146858 0.138386 0.153665 0.154206 0.155864 0.189507 0.153833 0.420187 0.541487 0.58879 0.623112 0.609898 0.606227 0.604888 0.617113 0.621219 1.918192e-01 0.978
N:3 Run:7 0.658163 0.639963 0.43348 0.246398 0.150019 0.118296 0.100047 0.0924932 0.102788 0.098001 0.0938086 0.0866836 0.381902 0.517412 0.583839 0.60806 0.618144 0.605763 0.621815 0.623561 0.637289 1.918192e-01 0.978
N:3 Run:8 0.611502 0.635246 0.639295 0.622099 0.625606 0.603345 0.618162 0.628851 0.611165 0.618464 0.604377 0.621741 0.625676 0.621602 0.619041 0.624883 0.633206 0.6303 0.628224 0.633533 0.625718 1.918192e-01 0.978
N:3 Run:9 0.612344 0.622651 0.434971 0.223441 0.13432 0.0996703 0.0873594 0.0802778 0.0766037 0.0842501 0.0777961 0.0756129 0.381249 0.537888 0.603771 0.616321 0.62384 0.618286 0.618775 0.626142 0.637788 1.918192e-01 0.978
N:4 Run:0 0.658803 0.626267 0.486665 0.278771 0.190495 0.165334 0.146439 0.130545 0.115853 0.111105 0.0925615 0.148114 0.440734 0.542956 0.588029 0.617102 0.618704 0.626445 0.620341 0.620603 0.619929 1.978003e-01 0.976
N:4 Run:1 0.653239 0.649463 0.4627 0.329608 0.239916 0.272383 0.217392 0.18379 0.174808 0.226462 0.179708 0.164316 0.424897 0.540129 0.582533 0.613707 0.616068 0.632077 0.637061 0.62587 0.627808 1.978003e-01 0.976
N:4 Run:2 0.580934 0.608194 0.612191 0.618658 0.631581 0.611743 0.608888 0.621727 0.625281 0.63528 0.628695 0.629348 0.613725 0.61885 0.630692 0.640707 0.631451 0.625455 0.622928 0.624454 0.633631 1.978003e-01 0.976
N:4 Run:3 0.57219 0.599614 0.454894 0.316169 0.20494 0.164578 0.147193 0.152114 0.134023 0.12311 0.144192 0.127945 0.42931 0.529102 0.570614 0.6057 0.610356 0.621107 0.621892 0.622918 0.636176 1.978003e-01 0.976
N:4 Run:4 0.563399 0.596341 0.441152 0.225761 0.152924 0.115955 0.0913971 0.084415 0.0864763 0.0836006 0.145378 0.112282 0.41158 0.53522 0.587994 0.605638 0.620295 0.634109 0.630176 0.612484 0.612857 1.978003e-01 0.976
N:4 Run:5 0.647433 0.618165 0.507703 0.278393 0.161162 0.12591 0.167056 0.116264 0.109582 0.100813 0.0960476 0.0819551 0.401702 0.527047 0.587635 0.612314 0.622252 0.620702 0.620204 0.62506 0.615491 1.978003e-01 0.976
N:4 Run:6 0.616568 0.633418 0.479108 0.300434 0.183435 0.146858 0.138386 0.153665 0.154206 0.155864 0.189507 0.153833 0.420187 0.541487 0.58879 0.623112 0.609898 0.606227 0.604888 0.617113 0.621219 1.978003e-01 0.976
N:4 Run:7 0.658163 0.639963 0.43348 0.246398 0.150019 0.118296 0.100047 0.0924932 0.102788 0.098001 0.0938086 0.0866836 0.381902 0.517412 0.583839 0.60806 0.618144 0.605763 0.621815 0.623561 0.637289 1.978003e-01 0.976
N:4 Run:8 0.611502 0.635246 0.639295 0.622099 0.625606 0.603345 0.618162 0.628851 0.611165 0.618464 0.604377 0.621741 0.625676 0.621602 0.619041 0.624883 0.633206 0.6303 0.628224 0.633533 0.625718 1.978003e-01 0.976
N:4 Run:9 0.612344 0.622651 0.434971 0.223441 0.13432 0.0996703 0.0873594 0.0802778 0.0766037 0.0842501 0.0777961 0.0756129 0.381249 0.537888 0.603771 0.616321 0.62384 0.618286 0.618775 0.626142 0.637788 1.978003e-01 0.976
N:5 Run:0 0.658803 0.626267 0.486665 0.278771 0.190495 0.165334 0.146439 0.130545 0.115853 0.111105 0.0925615 0.148114 0.440734 0.542956 0.588029 0.617102 0.618704 0.626445 0.620341 0.620603 0.619929 1.880067e-01 0.981
N:5 Run:1 0.653239 0.649463 0.4627 0.329608 0.239916 0.272383 0.217392 0.18379 0.174808 0.226462 0.179708 0.164316 0.424897 0.540129 0.582533 0.613707 0.616068 0.632077 0.637061 0.62587 0.627808 1.880067e-01 0.981
N:5 Run:2 0.580934 0.608194 0.612191 0.618658 0.631581 0.611743 0.608888 0.621727 0.625281 0.63528 0.628695 0.629348 0.613725 0.61885 0.630692 0.640707 0.631451 0.625455 0.622928 0.624454 0.633631 1.880067e-01 0.981
N:5 Run:3 0.57219 0.599614 0.454894 0.316169 0.20494 0.164578 0.147193 0.152114 0.134023 0.12311 0.144192 0.127945 0.42931 0.529102 0.570614 0.6057 0.610356 0.621107 0.621892 0.622918 0.636176 1.880067e-01 0.981
N:5 Run:4 0.563399 0.596341 0.441152 0.225761 0.152924 0.115955 0.0913971 0.084415 0.0864763 0.0836006 0.145378 0.112282 0.41158 0.53522 0.587994 0.605638 0.620295 0.634109 0.630176 0.612484 0.612857 1.880067e-01 0.981
N:5 Run:5 0.647433 0.618165 0.507703 0.278393 0.161162 0.12591 0.167056 0.116264 0.109582 0.100813 0.0960476 0.0819551 0.401702 0.527047 0.587635 0.612314 0.622252 0.620702 0.620204 0.62506 0.615491 1.880067e-01 0.981
N:5 Run:6 0.616568 0.633418 0.479108 0.300434 0.183435 0.146858 0.138386 0.153665 0.154206 0.155864 0.189507 0.153833 0.420187 0.541487 0.58879 0.623112 0.609898 0.606227 0.604888 0.617113 0.621219 1.880067e-01 0.981
N:5 Run:7 0.658163 0.639963 0.43348 0.246398 0.150019 0.118296 0.100047 0.0924932 0.102788 0.098001 0.0938086 0.0866836 0.381902 0.517412 0.583839 0.60806 0.618144 0.605763 0.621815 0.623561 0.637289 1.880067e-01 0.981
N:5 Run:8 0.611502 0.635246 0.639295 0.622099 0.625606 0.603345 0.618162 0.628851 0.611165 0.618464 0.604377 0.621741 0.625676 0.621602 0.619041 0.624883 0.633206 0.6303 0.628224 0.633533 0.625718 1.880067e-01 0.981
N:5 Run:9 0.612344 0.622651 0.434971 0.223441 0.13432 0.0996703 0.0873594 0.0802778 0.0766037 0.0842501 0.0777961 0.0756129 0.381249 0.537888 0.603771 0.616321 0.62384 0.618286 0.618775 0.626142 0.637788 1.880067e-01 0.981
N:6 Run:0 0.658803 0.626267 0.486665 0.278771 0.190495 0.165334 0.146439 0.130545 0.115853 0.111105 0.0925615 0.148114 0.440734 0.542956 0.588029 0.617102 0.618704 0.626445 0.620341 0.620603 0.619929 2.057415e-01 0.976
N:6 Run:1 0.653239 0.649463 0.4627 0.329608 0.239916 0.272383 0.217392 0.18379 0.174808 0.226462 0.179708 0.164316 0.424897 0.540129 0.582533 0.613707 0.616068 0.632077 0.637061 0.62587 0.627808 2.057415e-01 0.976
N:6 Run:2 0.580934 0.608194 0.612191 0.618658 0.631581 0.611743 0.608888 0.621727 0.625281 0.63528 0.628695 0.629348 0.613725 0.61885 0.630692 0.640707 0.631451 0.625455 0.622928 0.624454 0.633631 2.057415e-01 0.976
N:6 Run:3 0.57219 0.599614 0.454894 0.316169 0.20494 0.164578 0.147193 0.152114 0.134023 0.12311 0.144192 0.127945 0.42931 0.529102 0.570614 0.6057 0.610356 0.621107 0.621892 0.622918 0.636176 2.057415e-01 0.976
N:6 Run:4 0.563399 0.596341 0.441152 0.225761 0.152924 0.115955 0.0913971 0.084415 0.0864763 0.0836006 0.145378 0.112282 0.41158 0.53522 0.587994 0.605638 0.620295 0.634109 0.630176 0.612484 0.612857 2.057415e-01 0.976
N:6 Run:5 0.647433 0.618165 0.507703 0.278393 0.161162 0.12591 0.167056 0.116264 0.109582 0.100813 0.0960476 0.0819551 0.401702 0.527047 0.587635 0.612314 0.622252 0.620702 0.620204 0.62506 0.615491 2.057415e-01 0.976
N:6 Run:6 0.616568 0.633418 0.479108 0.300434 0.183435 0.146858 0.138386 0.153665 0.154206 0.155864 0.189507 0.153833 0.420187 0.541487 0.58879 0.623112 0.609898 0.606227 0.604888 0.617113 0.621219 2.057415e-01 0.976
N:6 Run:7 0.658163 0.639963 0.43348 0.246398 0.150019 0.118296 0.100047 0.0924932 0.102788 0.098001 0.0938086 0.0866836 0.381902 0.517412 0.583839 0.60806 0.618144 0.605763 0.621815 0.623561 0.637289 2.057415e-01 0.976
N:6 Run:8 0.611502 0.635246 0.639295 0.622099 0.625606 0.603345 0.618162 0.628851 0.611165 0.618464 0.604377 0.621741 0.625676 0.621602 0.619041 0.624883 0.633206 0.6303 0.628224 0.633533 0.625718 2.057415e-01 0.976
N:6 Run:9 0.612344 0.622651 0.434971 0.223441 0.13432 0.0996703 0.0873594 0.0802778 0.0766037 0.0842501 0.0777961 0.0756129 0.381249 0.537888 0.603771 0.616321 0.62384 0.618286 0.618775 0.626142 0.637788 2.057415e-01 0.976
N:7 Run:0 0.658803 0.626267 0.486665 0.278771 0.190495 0.165334 0.146439 0.130545 0.115853 0.111105 0.0925615 0.148114 0.440734 0.542956 0.588029 0.617102 0.618704 0.626445 0.620341 0.620603 0.619929 2.022131e-01 0.975
N:7 Run:1 0.653239 0.649463 0.4627 0.329608 0.239916 0.272383 0.217392 0.18379 0.174808 0.226462 0.179708 0.164316 0.424897 0.540129 0.582533 0.613707 0.616068 0.632077 0.637061 0.62587 0.627808 2.022131e-01 0.975
N:7 Run:2 0.580934 0.608194 0.612191 0.618658 0.631581 0.611743 0.608888 0.621727 0.625281 0.63528 0.628695 0.629348 0.613725 0.61885 0.630692 0.640707 0.631451 0.625455 0.622928 0.624454 0.633631 2.022131e-01 0.975
N:7 Run:3 0.57219 0.599614 0.454894 0.316169 0.20494 0.164578 0.147193 0.152114 0.134023 0.12311 0.144192 0.127945 0.42931 0.529102 0.570614 0.6057 0.610356 0.621107 0.621892 0.622918 0.636176 2.022131e-01 0.975
N:7 Run:4 0.563399 0.596341 0.441152 0.225761 0.152924 0.115955 0.0913971 0.084415 0.0864763 0.0836006 0.145378 0.112282 0.41158 0.53522 0.587994 0.605638 0.620295 0.634109 0.630176 0.612484 0.612857 2.022131e-01 0.975
N:7 Run:5 0.647433 0.618165 0.507703 0.278393 0.161162 0.12591 0.167056 0.116264 0.109582 0.100813 0.0960476 0.0819551 0.401702 0.527047 0.587635 0.612314 0.622252 0.620702 0.620204 0.62506 0.615491 2.022131e-01 0.975
N:7 Run:6 0.616568 0.633418 0.479108 0.300434 0.183435 0.146858 0.138386 0.153665 0.154206 0.155864 0.189507 0.153833 0.420187 0.541487 0.58879 0.623112 0.609898 0.606227 0.604888 0.617113 0.621219 2.022131e-01 0.975
N:7 Run:7 0.658163 0.639963 0.43348 0.246398 0.150019 0.118296 0.100047 0.0924932 0.102788 0.098001 0.0938086 0.0866836 0.381902 0.517412 0.583839 0.60806 0.618144 0.605763 0.621815 0.623561 0.637289 2.022131e-01 0.975
N:7 Run:8 0.611502 0.635246 0.639295 0.622099 0.625606 0.603345 0.618162 0.628851 0.611165 0.618464 0.604377 0.621741 0.625676 0.621602 0.619041 0.624883 0.633206 0.6303 0.628224 0.633533 0.625718 2.022131e-01 0.975
N:7 Run:9 0.612344 0.622651 0.434971 0.223441 0.13432 0.0996703 0.0873594 0.0802778 0.0766037 0.0842501 0.0777961 0.0756129 0.381249 0.537888 0.603771 0.616321 0.62384 0.618286 0.618775 0.626142 0.637788 2.022131e-01 0.975
N:8 Run:0 0.658803 0.626267 0.486665 0.278771 0.190495 0.165334 0.146439 0.130545 0.115853 0.111105 0.0925615 0.148114 0.440734 0.542956 0.588029 0.617102 0.618704 0.626445 0.620341 0.620603 0.619929 1.893177e-01 0.980
N:8 Run:1 0.653239 0.649463 0.4627 0.329608 0.239916 0.272383 0.217392 0.18379 0.174808 0.226462 0.179708 0.164316 0.424897 0.540129 0.582533 0.613707 0.616068 0.632077 0.637061 0.62587 0.627808 1.893177e-01 0.980
N:8 Run:2 0.580934 0.608194 0.612191 0.618658 0.631581 0.611743 0.608888 0.621727 0.625281 0.63528 0.628695 0.629348 0.613725 0.61885 0.630692 0.640707 0.631451 0.625455 0.622928 0.624454 0.633631 1.893177e-01 0.980
N:8 Run:3 0.57219 0.599614 0.454894 0.316169 0.20494 0.164578 0.147193 0.152114 0.134023 0.12311 0.144192 0.127945 0.42931 0.529102 0.570614 0.6057 0.610356 0.621107 0.621892 0.622918 0.636176 1.893177e-01 0.980
N:8 Run:4 0.563399 0.596341 0.441152 0.225761 0.152924 0.115955 0.0913971 0.084415 0.0864763 0.0836006 0.145378 0.112282 0.41158 0.53522 0.587994 0.605638 0.620295 0.634109 0.630176 0.612484 0.612857 1.893177e-01 0.980
N:8 Run:5 0.647433 0.618165 0.507703 0.278393 0.161162 0.12591 0.167056 0.116264 0.109582 0.100813 0.0960476 0.0819551 0.401702 0.527047 0.587635 0.612314 0.622252 0.620702 0.620204 0.62506 0.615491 1.893177e-01 0.980
N:8 Run:6 0.616568 0.633418 0.479108 0.300434 0.183435 0.146858 0.138386 0.153665 0.154206 0.155864 0.189507 0.153833 0.420187 0.541487 0.58879 0.623112 0.609898 0.606227 0.604888 0.617113 0.621219 1.893177e-01 0.980
N:8 Run:7 0.658163 0.639963 0.43348 0.246398 0.150019 0.118296 0.100047 0.0924932 0.102788 0.098001 0.0938086 0.0866836 0.381902 0.517412 0.583839 0.60806 0.618144 0.605763 0.621815 0.623561 0.637289 1.893177e-01 0.980
N:8 Run:8 0.611502 0.635246 0.639295 0.622099 0.625606 0.603345 0.618162 0.628851 0.611165 0.618464 0.604377 0.621741 0.625676 0.621602 0.619041 0.624883 0.633206 0.6303 0.628224 0.633533 0.625718 1.893177e-01 0.980
N:8 Run:9 0.612344 0.622651 0.434971 0.223441 0.13432 0.0996703 0.0873594 0.0802778 0.0766037 0.0842501 0.0777961 0.0756129 0.381249 0.537888 0.603771 0.616321 0.62384 0.618286 0.618775 0.626142 0.637788 1.893177e-01 0.980
N:9 Run:0 0.658803 0.626267 0.486665 0.278771 0.190495 0.165334 0.146439 0.130545 0.115853 0.111105 0.0925615 0.148114 0.440734 0.542956 0.588029 0.617102 0.618704 0.626445 0.620341 0.620603 0.619929 1.900938e-01 0.978
N:9 Run:1 0.653239 0.649463 0.4627 0.329608 0.239916 0.272383 0.217392 0.18379 0.174808 0.226462 0.179708 0.164316 0.424897 0.540129 0.582533 0.613707 0.616068 0.632077 0.637061 0.62587 0.627808 1.900938e-01 0.978
N:9 Run:2 0.580934 0.608194 0.612191 0.618658 0.631581 0.611743 0.608888 0.621727 0.625281 0.63528 0.628695 0.629348 0.613725 0.61885 0.630692 0.640707 0.631451 0.625455 0.622928 0.624454 0.633631 1.900938e-01 0.978
N:9 Run:3 0.57219 0.599614 0.454894 0.316169 0.20494 0.164578 0.147193 0.152114 0.134023 0.12311 0.144192 0.127945 0.42931 0.529102 0.570614 0.6057 0.610356 0.621107 0.621892 0.622918 0.636176 1.900938e-01 0.978
N:9 Run:4 0.563399 0.596341 0.441152 0.225761 0.152924 0.115955 0.0913971 0.084415 0.0864763 0.0836006 0.145378 0.112282 0.41158 0.53522 0.587994 0.605638 0.620295 0.634109 0.630176 0.612484 0.612857 1.900938e-01 0.978
N:9 Run:5 0.647433 0.618165 0.507703 0.278393 0.161162 0.12591 0.167056 0.116264 0.109582 0.100813 0.0960476 0.0819551 0.401702 0.527047 0.587635 0.612314 0.622252 0.620702 0.620204 0.62506 0.615491 1.900938e-01 0.978
N:9 Run:6 0.616568 0.633418 0.479108 0.300434 0.183435 0.146858 0.138386 0.153665 0.154206 0.155864 0.189507 0.153833 0.420187 0.541487 0.58879 0.623112 0.609898 0.606227 0.604888 0.617113 0.621219 1.900938e-01 0.978
N:9 Run:7 0.658163 0.639963 0.43348 0.246398 0.150019 0.118296 0.100047 0.0924932 0.102788 0.098001 0.0938086 0.0866836 0.381902 0.517412 0.583839 0.60806 0.618144 0.605763 0.621815 0.623561 0.637289 1.900938e-01 0.978
N:9 Run:8 0.611502 0.635246 0.639295 0.622099 0.625606 0.603345 0.618162 0.628851 0.611165 0.618464 0.604377 0.621741 0.625676 0.621602 0.619041 0.624883 0.633206 0.6303 0.628224 0.633533 0.625718 1.900938e-01 0.978
N:9 Run:9 0.612344 0.622651 0.434971 0.223441 0.13432 0.0996703 0.0873594 0.0802778 0.0766037 0.0842501 0.0777961 0.0756129 0.381249 0.537888 0.603771 0.616321 0.62384 0.618286 0.618775 0.626142 0.637788 1.900938e-01 0.978
N:10 Run:0 0.658803 0.626267 0.486665 0.278771 0.190495 0.165334 0.146439 0.130545 0.115853 0.111105 0.0925615 0.148114 0.440734 0.542956 0.588029 0.617102 0.618704 0.626445 0.620341 0.620603 0.619929 1.920723e-01 0.979
N:10 Run:1 0.653239 0.649463 0.4627 0.329608 0.239916 0.272383 0.217392 0.18379 0.174808 0.226462 0.179708 0.164316 0.424897 0.540129 0.582533 0.613707 0.616068 0.632077 0.637061 0.62587 0.627808 1.920723e-01 0.979
N:10 Run:2 0.580934 0.608194 0.612191 0.618658 0.631581 0.611743 0.608888 0.621727 0.625281 0.63528 0.628695 0.629348 0.613725 0.61885 0.630692 0.640707 0.631451 0.625455 0.622928 0.624454 0.633631 1.920723e-01 0.979
N:10 Run:3 0.57219 0.599614 0.454894 0.316169 0.20494 0.164578 0.147193 0.152114 0.134023 0.12311 0.144192 0.127945 0.42931 0.529102 0.570614 0.6057 0.610356 0.621107 0.621892 0.622918 0.636176 1.920723e-01 0.979
N:10 Run:4 0.563399 0.596341 0.441152 0.225761 0.152924 0.115955 0.0913971 0.084415 0.0864763 0.0836006 0.145378 0.112282 0.41158 0.53522 0.587994 0.605638 0.620295 0.634109 0.630176 0.612484 0.612857 1.920723e-01 0.979
N:10 Run:5 0.647433 0.618165 0.507703 0.278393 0.161162 0.12591 0.167056 0.116264 0.109582 0.100813 0.0960476 0.0819551 0.401702 0.527047 0.587635 0.612314 0.622252 0.620702 0.620204 0.62506 0.615491 1.920723e-01 0.979
N:10 Run:6 0.616568 0.633418 0.479108 0.300434 0.183435 0.146858 0.138386 0.153665 0.154206 0.155864 0.189507 0.153833 0.420187 0.541487 0.58879 0.623112 0.609898 0.606227 0.604888 0.617113 0.621219 1.920723e-01 0.979
N:10 Run:7 0.658163 0.639963 0.43348 0.246398 0.150019 0.118296 0.100047 0.0924932 0.102788 0.098001 0.0938086 0.0866836 0.381902 0.517412 0.583839 0.60806 0.618144 0.605763 0.621815 0.623561 0.637289 1.920723e-01 0.979
N:10 Run:8 0.611502 0.635246 0.639295 0.622099 0.625606 0.603345 0.618162 0.628851 0.611165 0.618464 0.604377 0.621741 0.625676 0.621602 0.619041 0.624883 0.633206 0.6303 0.628224 0.633533 0.625718 1.920723e-01 0.979
N:10 Run:9 0.612344 0.622651 0.434971 0.223441 0.13432 0.0996703 0.0873594 0.0802778 0.0766037 0.0842501 0.0777961 0.0756129 0.381249 0.537888 0.603771 0.616321 0.62384 0.618286 0.618775 0.626142 0.637788 1.920723e-01 0.979
N:11 Run:0 0.658803 0.626267 0.486665 0.278771 0.190495 0.165334 0.146439 0.130545 0.115853 0.111105 0.0925615 0.148114 0.440734 0.542956 0.588029 0.617102 0.618704 0.626445 0.620341 0.620603 0.619929 1.912172e-01 0.978
N:11 Run:1 0.653239 0.649463 0.4627 0.329608 0.239916 0.272383 0.217392 0.18379 0.174808 0.226462 0.179708 0.164316 0.424897 0.540129 0.582533 0.613707 0.616068 0.632077 0.637061 0.62587 0.627808 1.912172e-01 0.978
N:11 Run:2 0.580934 0.608194 0.612191 0.618658 0.631581 0.611743 0.608888 0.621727 0.625281 0.63528 0.628695 0.629348 0.613725 0.61885 0.630692 0.640707 0.631451 0.625455 0.622928 0.624454 0.633631 1.912172e-01 0.978
N:11 Run:3 0.57219 0.599614 0.454894 0.316169 0.20494 0.164578 0.147193 0.152114 0.134023 0.12311 0.144192 0.127945 0.42931 0.529102 0.570614 0.6057 0.610356 0.621107 0.621892 0.622918 0.636176 1.912172e-01 0.978
N:11 Run:4 0.563399 0.596341 0.441152 0.225761 0.152924 0.115955 0.0913971 0.084415 0.0864763 0.0836006 0.145378 0.112282 0.41158 0.53522 0.587994 0.605638 0.620295 0.634109 0.630176 0.612484 0.612857 1.912172e-01 0.978
N:11 Run:5 0.647433 0.618165 0.507703 0.278393 0.161162 0.12591 0.167056 0.116264 0.109582 0.100813 0.0960476 0.0819551 0.401702 0.527047 0.587635 0.612314 0.622252 0.620702 0.620204 0.62506 0.615491 1.912172e-01 0.978
N:11 Run:6 0.616568 0.633418 0.479108 0.300434 0.183435 0.146858 0.138386 0.153665 0.154206 0.155864 0.189507 0.153833 0.420187 0.541487 0.58879 0.623112 0.609898 0.606227 0.604888 0.617113 0.621219 1.912172e-01 0.978
N:11 Run:7 0.658163 0.639963 0.43348 0.246398 0.150019 0.118296 0.100047 0.0924932 0.102788 0.098001 0.0938086 0.0866836 0.381902 0.517412 0.583839 0.60806 0.618144 0.605763 0.621815 0.623561 0.637289 1.912172e-01 0.978
N:11 Run:8 0.611502 0.635246 0.639295 0.622099 0.625606 0.603345 0.618162 0.628851 0.611165 0.618464 0.604377 0.621741 0.625676 0.621602 0.619041 0.624883 0.633206 0.6303 0.628224 0.633533 0.625718 1.912172e-01 0.978
N:11 Run:9 0.612344 0.622651 0.434971 0.223441 0.13432 0.0996703 0.0873594 0.0802778 0.0766037 0.0842501 0.0777961 0.0756129 0.381249 0.537888 0.603771 0.616321 0.62384 0.618286 0.618775 0.626142 0.637788 1.912172e-01 0.978
N:12 Run:0 0.658803 0.626267 0.486665 0.278771 0.190495 0.165334 0.146439 0.130545 0.115853 0.111105 0.0925615 0.148114 0.440734 0.542956 0.588029 0.617102 0.618704 0.626445 0.620341 0.620603 0.619929 1.989727e-01 0.978
N:12 Run:1 0.653239 0.649463 0.4627 0.329608 0.239916 0.272383 0.217392 0.18379 0.174808 0.226462 0.179708 0.164316 0.424897 0.540129 0.582533 0.613707 0.616068 0.632077 0.637061 0.62587 0.627808 1.989727e-01 0.978
N:12 Run:2 0.580934 0.608194 0.612191 0.618658 0.631581 0.611743 0.608888 0.621727 0.625281 0.63528 0.628695 0.629348 0.613725 0.61885 0.630692 0.640707 0.631451 0.625455 0.622928 0.624454 0.633631 1.989727e-01 0.978
N:12 Run:3 0.57219 0.599614 0.454894 0.316169 0.20494 0.164578 0.147193 0.152114 0.134023 0.12311 0.144192 0.127945 0.42931 0.529102 0.570614 0.6057 0.610356 0.621107 0.621892 0.622918 0.636176 1.989727e-01 0.978
N:12 Run:4 0.563399 0.596341 0.441152 0.225761 0.152924 0.115955 0.0913971 0.084415 0.0864763 0.0836006 0.145378 0.112282 0.41158 0.53522 0.587994 0.605638 0.620295 0.634109 0.630176 0.612484 0.612857 1.989727e-01 0.978
N:12 Run:5 0.647433 0.618165 0.507703 0.278393 0.161162 0.12591 0.167056 0.116264 0.109582 0.100813 0.0960476 0.0819551 0.401702 0.527047 0.587635 0.612314 0.622252 0.620702 0.620204 0.62506 0.615491 1.989727e-01 0.978
N:12 Run:6 0.616568 0.633418 0.479108 0.300434 0.183435 0.146858 0.138386 0.153665 0.154206 0.155864 0.189507 0.153833 0.420187 0.541487 0.58879 0.623112 0.609898 0.606227 0.604888 0.617113 0.621219 1.989727e-01 0.978
N:12 Run:7 0.658163 0.639963 0.43348 0.246398 0.150019 0.118296 0.100047 0.0924932 0.102788 0.098001 0.0938086 0.0866836 0.381902 0.517412 0.583839 0.60806 0.618144 0.605763 0.621815 0.623561 0.637289 1.989727e-01 0.978
N:12 Run:8 0.611502 0.635246 0.639295 0.622099 0.625606 0.603345 0.618162 0.628851 0.611165 0.618464 0.604377 0.621741 0.625676 0.621602 0.619041 0.624883 0.633206 0.6303 0.628224 0.633533 0.625718 1.989727e-01 0.978
N:12 Run:9 0.612344 0.622651 0.434971 0.223441 0.13432 0.0996703 0.0873594 0.0802778 0.0766037 0.0842501 0.0777961 0.0756129 0.381249 0.537888 0.603771 0.616321 0.62384 0.618286 0.618775 0.626142 0.637788 1.989727e-01 0.978
N:13 Run:0 0.658803 0.622799 0.491644 0.285478 0.199943 0.179859 0.161158 0.143956 0.126302 0.121137 0.095606 0.165203 0.445832 0.543872 0.584493 0.607909 0.609458 0.615278 0.611237 0.611574 0.611025 1.817328e-01 0.981
N:13 Run:1 0.653239 0.638558 0.461258 0.325326 0.230608 0.274866 0.211813 0.174407 0.165153 0.226505 0.17145 0.15402 0.426049 0.538751 0.579215 0.605191 0.607934 0.619423 0.622816 0.61498 0.616545 1.817328e-01 0.981
N:13 Run:2 0.580934 0.60232 0.605732 0.610501 0.619326 0.605006 0.603459 0.612394 0.614617 0.621486 0.616997 0.617641 0.606655 0.610511 0.618478 0.625264 0.618842 0.614879 0.613123 0.614141 0.62031 1.817328e-01 0.981
N:13 Run:3 0.57219 0.595501 0.458623 0.312147 0.192622 0.151261 0.134099 0.1406 0.121378 0.110237 0.133406 0.115637 0.424595 0.528834 0.57023 0.599066 0.603898 0.612043 0.612646 0.613267 0.622288 1.817328e-01 0.981
N:13 Run:4 0.563399 0.592079 0.450309 0.222212 0.155351 0.118555 0.0896657 0.0833136 0.0883037 0.0845163 0.163279 0.120773 0.417986 0.535721 0.583537 0.599568 0.611016 0.620602 0.617527 0.605036 0.606002 1.817328e-01 0.981
N:13 Run:5 0.647433 0.615957 0.510409 0.280902 0.158697 0.128776 0.184242 0.12172 0.11703 0.107138 0.101485 0.0805863 0.40431 0.527394 0.58237 0.603703 0.611904 0.611507 0.611164 0.614664 0.60787 1.817328e-01 0.981
N:13 Run:6 0.616568 0.623558 0.481232 0.291017 0.169072 0.13257 0.125097 0.14288 0.143419 0.14524 0.184089 0.143154 0.421228 0.539117 0.58383 0.611382 0.603011 0.601145 0.600156 0.609207 0.612056 1.817328e-01 0.981
N:13 Run:7 0.658163 0.632618 0.429621 0.231891 0.135768 0.104834 0.088021 0.0813557 0.0911966 0.0864693 0.0826162 0.0765577 0.387178 0.51973 0.579474 0.600839 0.609367 0.600583 0.612496 0.613714 0.623032 1.817328e-01 0.981
N:13 Run:8 0.611502 0.623825 0.624842 0.612637 0.615061 0.598745 0.609782 0.61742 0.604618 0.609916 0.59992 0.612445 0.61517 0.612447 0.61065 0.614765 0.620365 0.618402 0.616644 0.620286 0.61503 1.817328e-01 0.981
N:13 Run:9 0.612344 0.61573 0.443967 0.220304 0.12791 0.0947385 0.0846893 0.0774256 0.0732113 0.0860408 0.075808 0.072616 0.388152 0.534519 0.592848 0.606272 0.61325 0.609628 0.610141 0.615478 0.623162 1.817328e-01 0.981
N:14 Run:0 0.658803 0.622799 0.491644 0.285478 0.199943 0.179859 0.161158 0.143956 0.126302 0.121137 0.095606 0.165203 0.445832 0.543872 0.584493 0.607909 0.609458 0.615278 0.611237 0.611574 0.611025 1.920160e-01 0.981
N:14 Run:1 0.653239 0.638558 0.461258 0.325326 0.230608 0.274866 0.211813 0.174407 0.165153 0.226505 0.17145 0.15402 0.426049 0.538751 0.579215 0.605191 0.607934 0.619423 0.622816 0.61498 0.616545 1.920160e-01 0.981
N:14 Run:2 0.580934 0.60232 0.605732 0.610501 0.619326 0.605006 0.603459 0.612394 0.614617 0.621486 0.616997 0.617641 0.606655 0.610511 0.618478 0.625264 0.618842 0.614879 0.613123 0.614141 0.62031 1.920160e-01 0.981
N:14 Run:3 0.57219 0.595501 0.458623 0.312147 0.192622 0.151261 0.134099 0.1406 0.121378 0.110237 0.133406 0.115637 0.424595 0.528834 0.57023 0.599066 0.603898 0.612043 0.612646 0.613267 0.622288 1.920160e-01 0.981
N:14 Run:4 0.563399 0.592079 0.450309 0.222212 0.155351 0.118555 0.0896657 0.0833136 0.0883037 0.0845163 0.163279 0.120773 0.417986 0.535721 0.583537 0.599568 0.611016 0.620602 0.617527 0.605036 0.606002 1.920160e-01 0.981
N:14 Run:5 0.647433 0.615957 0.510409 0.280902 0.158697 0.128776 0.184242 0.12172 0.11703 0.107138 0.101485 0.0805863 0.40431 0.527394 0.58237 0.603703 0.611904 0.611507 0.611164 0.614664 0.60787 1.920160e-01 0.981
N:14 Run:6 0.616568 0.623558 0.481232 0.291017 0.169072 0.13257 0.125097 0.14288 0.143419 0.14524 0.184089 0.143154 0.421228 0.539117 0.58383 0.611382 0.603011 0.601145 0.600156 0.609207 0.612056 1.920160e-01 0.981
N:14 Run:7 0.658163 0.632618 0.429621 0.231891 0.135768 0.104834 0.088021 0.0813557 0.0911966 0.0864693 0.0826162 0.0765577 0.387178 0.51973 0.579474 0.600839 0.609367 0.600583 0.612496 0.613714 0.623032 1.920160e-01 0.981
N:14 Run:8 0.611502 0.623825 0.624842 0.612637 0.615061 0.598745 0.609782 0.61742 0.604618 0.609916 0.59992 0.612445 0.61517 0.612447 0.61065 0.614765 0.620365 0.618402 0.616644 0.620286 0.61503 1.920160e-01 0.981
N:14 Run:9 0.612344 0.61573 0.443967 0.220304 0.12791 0.0947385 0.0846893 0.0774256 0.0732113 0.0860408 0.075808 0.072616 0.388152 0.534519 0.592848 0.606272 0.61325 0.609628 0.610141 0.615478 0.623162 1.920160e-01 0.981
N:15 Run:0 0.658803 0.622799 0.491644 0.285478 0.199943 0.179859 0.161158 0.143956 0.126302 0.121137 0.095606 0.165203 0.445832 0.543872 0.584493 0.607909 0.609458 0.615278 0.611237 0.611574 0.611025 1.915943e-01 0.979
N:15 Run:1 0.653239 0.638558 0.461258 0.325326 0.230608 0.274866 0.211813 0.174407 0.165153 0.226505 0.17145 0.15402 0.426049 0.538751 0.579215 0.605191 0.607934 0.619423 0.622816 0.61498 0.616545 1.915943e-01 0.979
N:15 Run:2 0.580934 0.60232 0.605732 0.610501 0.619326 0.605006 0.603459 0.612394 0.614617 0.621486 0.616997 0.617641 0.606655 0.610511 0.618478 0.625264 0.618842 0.614879 0.613123 0.614141 0.62031 1.915943e-01 0.979
N:15 Run:3 0.57219 0.595501 0.458623 0.312147 0.192622 0.151261 0.134099 0.1406 0.121378 0.110237 0.133406 0.115637 0.424595 0.528834 0.57023 0.599066 0.603898 0.612043 0.612646 0.613267 0.622288 1.915943e-01 0.979
N:15 Run:4 0.563399 0.592079 0.450309 0.222212 0.155351 0.118555 0.0896657 0.0833136 0.0883037 0.0845163 0.163279 0.120773 0.417986 0.535721 0.583537 0.599568 0.611016 0.620602 0.617527 0.605036 0.606002 1.915943e-01 0.979
N:15 Run:5 0.647433 0.615957 0.510409 0.280902 0.158697 0.128776 0.184242 0.12172 0.11703 0.107138 0.101485 0.0805863 0.40431 0.527394 0.58237 0.603703 0.611904 0.611507 0.611164 0.614664 0.60787 1.915943e-01 0.979
N:15 Run:6 0.616568 0.623558 0.481232 0.291017 0.169072 0.13257 0.125097 0.14288 0.143419 0.14524 0.184089 0.143154 0.421228 0.539117 0.58383 0.611382 0.603011 0.601145 0.600156 0.609207 0.612056 1.915943e-01 0.979
N:15 Run:7 0.658163 0.632618 0.429621 0.231891 0.135768 0.104834 0.088021 0.0813557 0.0911966 0.0864693 0.0826162 0.0765577 0.387178 0.51973 0.579474 0.600839 0.609367 0.600583 0.612496 0.613714 0.623032 1.915943e-01 0.979
N:15 Run:8 0.611502 0.623825 0.624842 0.612637 0.615061 0.598745 0.609782 0.61742 0.604618 0.609916 0.59992 0.612445 0.61517 0.612447 0.61065 0.614765 0.620365 0.618402 0.616644 0.620286 0.61503 1.915943e-01 0.979
N:15 Run:9 0.612344 0.61573 0.443967 0.220304 0.12791 0.0947385 0.0846893 0.0774256 0.0732113 0.0860408 0.075808 0.072616 0.388152 0.534519 0.592848 0.606272 0.61325 0.609628 0.610141 0.615478 0.623162 1.915943e-01 0.979
N:16 Run:0 0.658803 0.622799 0.491644 0.285478 0.199943 0.179859 0.161158 0.143956 0.126302 0.121137 0.095606 0.165203 0.445832 0.543872 0.584493 0.607909 0.609458 0.615278 0.611237 0.611574 0.611025 2.020280e-01 0.977
N:16 Run:1 0.653239 0.638558 0.461258 0.325326 0.230608 0.274866 0.211813 0.174407 0.165153 0.226505 0.17145 0.15402 0.426049 0.538751 0.579215 0.605191 0.607934 0.619423 0.622816 0.61498 0.616545 2.020280e-01 0.977
N:16 Run:2 0.580934 0.60232 0.605732 0.610501 0.619326 0.605006 0.603459 0.612394 0.614617 0.621486 0.616997 0.617641 0.606655 0.610511 0.618478 0.625264 0.618842 0.614879 0.613123 0.614141 0.62031 2.020280e-01 0.977
N:16 Run:3 0.57219 0.595501 0.458623 0.312147 0.192622 0.151261 0.134099 0.1406 0.121378 0.110237 0.133406 0.115637 0.424595 0.528834 0.57023 0.599066 0.603898 0.612043 0.612646 0.613267 0.622288 2.020280e-01 0.977
N:16 Run:4 0.563399 0.592079 0.450309 0.222212 0.155351 0.118555 0.0896657 0.0833136 0.0883037 0.0845163 0.163279 0.120773 0.417986 0.535721 0.583537 0.599568 0.611016 0.620602 0.617527 0.605036 0.606002 2.020280e-01 0.977
N:16 Run:5 0.647433 0.615957 0.510409 0.280902 0.158697 0.128776 0.184242 0.12172 0.11703 0.107138 0.101485 0.0805863 0.40431 0.527394 0.58237 0.603703 0.611904 0.611507 0.611164 0.614664 0.60787 2.020280e-01 0.977
N:16 Run:6 0.616568 0.623558 0.481232 0.291017 0.169072 0.13257 0.125097 0.14288 0.143419 0.14524 0.184089 0.143154 0.421228 0.539117 0.58383 0.611382 0.603011 0.601145 0.600156 0.609207 0.612056 2.020280e-01 0.977
N:16 Run:7 0.658163 0.632618 0.429621 0.231891 0.135768 0.104834 0.088021 0.0813557 0.0911966 0.0864693 0.0826162 0.0765577 0.387178 0.51973 0.579474 0.600839 0.609367 0.600583 0.612496 0.613714 0.623032 2.020280e-01 0.977
N:16 Run:8 0.611502 0.623825 0.624842 0.612637 0.615061 0.598745 0.609782 0.61742 0.604618 0.609916 0.59992 0.612445 0.61517 0.612447 0.61065 0.614765 0.620365 0.618402 0.616644 0.620286 0.61503 2.020280e-01 0.977
N:16 Run:9 0.612344 0.61573 0.443967 0.220304 0.12791 0.0947385 0.0846893 0.0774256 0.0732113 0.0860408 0.075808 0.072616 0.388152 0.534519 0.592848 0.606272 0.61325 0.609628 0.610141 0.615478 0.623162 2.020280e-01 0.977
N:17 Run:0 0.658803 0.622799 0.491644 0.285478 0.199943 0.179859 0.161158 0.143956 0.126302 0.121137 0.095606 0.165203 0.445832 0.543872 0.584493 0.607909 0.609458 0.615278 0.611237 0.611574 0.611025 1.895079e-01 0.981
N:17 Run:1 0.653239 0.638558 0.461258 0.325326 0.230608 0.274866 0.211813 0.174407 0.165153 0.226505 0.17145 0.15402 0.426049 0.538751 0.579215 0.605191 0.607934 0.619423 0.622816 0.61498 0.616545 1.895079e-01 0.981
N:17 Run:2 0.580934 0.60232 0.605732 0.610501 0.619326 0.605006 0.603459 0.612394 0.614617 0.621486 0.616997 0.617641 0.606655 0.610511 0.618478 0.625264 0.618842 0.614879 0.613123 0.614141 0.62031 1.895079e-01 0.981
N:17 Run:3 0.57219 0.595501 0.458623 0.312147 0.192622 0.151261 0.134099 0.1406 0.121378 0.110237 0.133406 0.115637 0.424595 0.528834 0.57023 0.599066 0.603898 0.612043 0.612646 0.613267 0.622288 1.895079e-01 0.981
N:17 Run:4 0.563399 0.592079 0.450309 0.222212 0.155351 0.118555 0.0896657 0.0833136 0.0883037 0.0845163 0.163279 0.120773 0.417986 0.535721 0.583537 0.599568 0.611016 0.620602 0.617527 0.605036 0.606002 1.895079e-01 0.981
N:17 Run:5 0.647433 0.615957 0.510409 0.280902 0.158697 0.128776 0.184242 0.12172 0.11703 0.107138 0.101485 0.0805863 0.40431 0.527394 0.58237 0.603703 0.611904 0.611507 0.611164 0.614664 0.60787 1.895079e-01 0.981
N:17 Run:6 0.616568 0.623558 0.481232 0.291017 0.169072 0.13257 0.125097 0.14288 0.143419 0.14524 0.184089 0.143154 0.421228 0.539117 0.58383 0.611382 0.603011 0.601145 0.600156 0.609207 0.612056 1.895079e-01 0.981
N:17 Run:7 0.658163 0.632618 0.429621 0.231891 0.135768 0.104834 0.088021 0.0813557 0.0911966 0.0864693 0.0826162 0.0765577 0.387178 0.51973 0.579474 0.600839 0.609367 0.600583 0.612496 0.613714 0.623032 1.895079e-01 0.981
N:17 Run:8 0.611502 0.623825 0.624842 0.612637 0.615061 0.598745 0.609782 0.61742 0.604618 0.609916 0.59992 0.612445 0.61517 0.612447 0.61065 0.614765 0.620365 0.618402 0.616644 0.620286 0.61503 1.895079e-01 0.981
N:17 Run:9 0.612344 0.61573 0.443967 0.220304 0.12791 0.0947385 0.0846893 0.0774256 0.0732113 0.0860408 0.075808 0.072616 0.388152 0.534519 0.592848 0.606272 0.61325 0.609628 0.610141 0.615478 0.623162 1.895079e-01 0.981
N:18 Run:0 0.658803 0.622799 0.491644 0.285478 0.199943 0.179859 0.161158 0.143956 0.126302 0.121137 0.095606 0.165203 0.445832 0.543872 0.584493 0.607909 0.609458 0.615278 0.611237 0.611574 0.611025 1.882569e-01 0.979
N:18 Run:1 0.653239 0.638558 0.461258 0.325326 0.230608 0.274866 0.211813 0.174407 0.165153 0.226505 0.17145 0.15402 0.426049 0.538751 0.579215 0.605191 0.607934 0.619423 0.622816 0.61498 0.616545 1.882569e-01 0.979
N:18 Run:2 0.580934 0.60232 0.605732 0.610501 0.619326 0.605006 0.603459 0.612394 0.614617 0.621486 0.616997 0.617641 0.606655 0.610511 0.618478 0.625264 0.618842 0.614879 0.613123 0.614141 0.62031 1.882569e-01 0.979
N:18 Run:3 0.57219 0.595501 0.458623 0.312147 0.192622 0.151261 0.134099 0.1406 0.121378 0.110237 0.133406 0.115637 0.424595 0.528834 0.57023 0.599066 0.603898 0.612043 0.612646 0.613267 0.622288 1.882569e-01 0.979
N:18 Run:4 0.563399 0.592079 0.450309 0.222212 0.155351 0.118555 0.0896657 0.0833136 0.0883037 0.0845163 0.163279 0.120773 0.417986 0.535721 0.583537 0.599568 0.611016 0.620602 0.617527 0.605036 0.606002 1.882569e-01 0.979
N:18 Run:5 0.647433 0.615957 0.510409 0.280902 0.158697 0.128776 0.184242 0.12172 0.11703 0.107138 0.101485 0.0805863 0.40431 0.527394 0.58237 0.603703 0.611904 0.611507 0.611164 0.614664 0.60787 1.882569e-01 0.979
N:18 Run:6 0.616568 0.623558 0.481232 0.291017 0.169072 0.13257 0.125097 0.14288 0.143419 0.14524 0.184089 0.143154 0.421228 0.539117 0.58383 0.611382 0.603011 0.601145 0.600156 0.609207 0.612056 1.882569e-01 0.979
N:18 Run:7 0.658163 0.632618 0.429621 0.231891 0.135768 0.104834 0.088021 0.0813557 0.0911966 0.0864693 0.0826162 0.0765577 0.387178 0.51973 0.579474 0.600839 0.609367 0.600583 0.612496 0.613714 0.623032 1.882569e-01 0.979
N:18 Run:8 0.611502 0.623825 0.624842 0.612637 0.615061 0.598745 0.609782 0.61742 0.604618 0.609916 0.59992 0.612445 0.61517 0.612447 0.61065 0.614765 0.620365 0.618402 0.616644 0.620286 0.61503 1.882569e-01 0.979
N:18 Run:9 0.612344 0.61573 0.443967 0.220304 0.12791 0.0947385 0.0846893 0.0774256 0.0732113 0.0860408 0.075808 0.072616 0.388152 0.534519 0.592848 0.606272 0.61325 0.609628 0.610141 0.615478 0.623162 1.882569e-01 0.979
N:19 Run:0 0.658803 0.622799 0.491644 0.285478 0.199943 0.179859 0.161158 0.143956 0.126302 0.121137 0.095606 0.165203 0.445832 0.543872 0.584493 0.607909 0.609458 0.615278 0.611237 0.611574 0.611025 2.003701e-01 0.977
N:19 Run:1 0.653239 0.638558 0.461258 0.325326 0.230608 0.274866 0.211813 0.174407 0.165153 0.226505 0.17145 0.15402 0.426049 0.538751 0.579215 0.605191 0.607934 0.619423 0.622816 0.61498 0.616545 2.003701e-01 0.977
N:19 Run:2 0.580934 0.60232 0.605732 0.610501 0.619326 0.605006 0.603459 0.612394 0.614617 0.621486 0.616997 0.617641 0.606655 0.610511 0.618478 0.625264 0.618842 0.614879 0.613123 0.614141 0.62031 2.003701e-01 0.977
N:19 Run:3 0.57219 0.595501 0.458623 0.312147 0.192622 0.151261 0.134099 0.1406 0.121378 0.110237 0.133406 0.115637 0.424595 0.528834 0.57023 0.599066 0.603898 0.612043 0.612646 0.613267 0.622288 2.003701e-01 0.977
N:19 Run:4 0.563399 0.592079 0.450309 0.222212 0.155351 0.118555 0.0896657 0.0833136 0.0883037 0.0845163 0.163279 0.120773 0.417986 0.535721 0.583537 0.599568 0.611016 0.620602 0.617527 0.605036 0.606002 2.003701e-01 0.977
N:19 Run:5 0.647433 0.615957 0.510409 0.280902 0.158697 0.128776 0.184242 0.12172 0.11703 0.107138 0.101485 0.0805863 0.40431 0.527394 0.58237 0.603703 0.611904 0.611507 0.611164 0.614664 0.60787 2.003701e-01 0.977
N:19 Run:6 0.616568 0.623558 0.481232 0.291017 0.169072 0.13257 0.125097 0.14288 0.143419 0.14524 0.184089 0.143154 0.421228 0.539117 0.58383 0.611382 0.603011 0.601145 0.600156 0.609207 0.612056 2.003701e-01 0.977
N:19 Run:7 0.658163 0.632618 0.429621 0.231891 0.135768 0.104834 0.088021 0.0813557 0.0911966 0.0864693 0.0826162 0.0765577 0.387178 0.51973 0.579474 0.600839 0.609367 0.600583 0.612496 0.613714 0.623032 2.003701e-01 0.977
N:19 Run:8 0.611502 0.623825 0.624842 0.612637 0.615061 0.598745 0.609782 0.61742 0.604618 0.609916 0.59992 0.612445 0.61517 0.612447 0.61065 0.614765 0.620365 0.618402 0.616644 0.620286 0.61503 2.003701e-01 0.977
N:19 Run:9 0.612344 0.61573 0.443967 0.220304 0.12791 0.0947385 0.0846893 0.0774256 0.0732113 0.0860408 0.075808 0.072616 0.388152 0.534519 0.592848 0.606272 0.61325 0.609628 0.610141 0.615478 0.623162 2.003701e-01 0.977
N:20 Run:0 0.658803 0.622799 0.491644 0.285478 0.199943 0.179859 0.161158 0.143956 0.126302 0.121137 0.095606 0.165203 0.445832 0.543872 0.584493 0.607909 0.609458 0.615278 0.611237 0.611574 0.611025 2.029483e-01 0.976
N:20 Run:1 0.653239 0.638558 0.461258 0.325326 0.230608 0.274866 0.211813 0.174407 0.165153 0.226505 0.17145 0.15402 0.426049 0.538751 0.579215 0.605191 0.607934 0.619423 0.622816 0.61498 0.616545 2.029483e-01 0.976
N:20 Run:2 0.580934 0.60232 0.605732 0.610501 0.619326 0.605006 0.603459 0.612394 0.614617 0.621486 0.616997 0.617641 0.606655 0.610511 0.618478 0.625264 0.618842 0.614879 0.613123 0.614141 0.62031 2.029483e-01 0.976
N:20 Run:3 0.57219 0.595501 0.458623 0.312147 0.192622 0.151261 0.134099 0.1406 0.121378 0.110237 0.133406 0.115637 0.424595 0.528834 0.57023 0.599066 0.603898 0.612043 0.612646 0.613267 0.622288 2.029483e-01 0.976
N:20 Run:4 0.563399 0.592079 0.450309 0.222212 0.155351 0.118555 0.0896657 0.0833136 0.0883037 0.0845163 0.163279 0.120773 0.417986 0.535721 0.583537 0.599568 0.611016 0.620602 0.617527 0.605036 0.606002 2.029483e-01 0.976
N:20 Run:5 0.647433 0.615957 0.510409 0.280902 0.158697 0.128776 0.184242 0.12172 0.11703 0.107138 0.101485 0.0805863 0.40431 0.527394 0.58237 0.603703 0.611904 0.611507 0.611164 0.614664 0.60787 2.029483e-01 0.976
N:20 Run:6 0.616568 0.623558 0.481232 0.291017 0.169072 0.13257 0.125097 0.14288 0.143419 0.14524 0.184089 0.143154 0.421228 0.539117 0.58383 0.611382 0.603011 0.601145 0.600156 0.609207 0.612056 2.029483e-01 0.976
N:20 Run:7 0.658163 0.632618 0.429621 0.231891 0.135768 0.104834 0.088021 0.0813557 0.0911966 0.0864693 0.0826162 0.0765577 0.387178 0.51973 0.579474 0.600839 0.609367 0.600583 0.612496 0.613714 0.623032 2.029483e-01 0.976
N:20 Run:8 0.611502 0.623825 0.624842 0.612637 0.615061 0.598745 0.609782 0.61742 0.604618 0.609916 0.59992 0.612445 0.61517 0.612447 0.61065 0.614765 0.620365 0.618402 0.616644 0.620286 0.61503 2.029483e-01 0.976
N:20 Run:9 0.612344 0.61573 0.443967 0.220304 0.12791 0.0947385 0.0846893 0.0774256 0.0732113 0.0860408 0.075808 0.072616 0.388152 0.534519 0.592848 0.606272 0.61325 0.609628 0.610141 0.615478 0.623162 2.029483e-01 0.976
N:21 Run:0 0.658803 0.622799 0.491644 0.285478 0.199943 0.179859 0.161158 0.143956 0.126302 0.121137 0.095606 0.165203 0.445832 0.543872 0.584493 0.607909 0.609458 0.615278 0.611237 0.611574 0.611025 2.074768e-01 0.974
N:21 Run:1 0.653239 0.638558 0.461258 0.325326 0.230608 0.274866 0.211813 0.174407 0.165153 0.226505 0.17145 0.15402 0.426049 0.538751 0.579215 0.605191 0.607934 0.619423 0.622816 0.61498 0.616545 2.074768e-01 0.974
N:21 Run:2 0.580934 0.60232 0.605732 0.610501 0.619326 0.605006 0.603459 0.612394 0.614617 0.621486 0.616997 0.617641 0.606655 0.610511 0.618478 0.625264 0.618842 0.614879 0.613123 0.614141 0.62031 2.074768e-01 0.974
N:21 Run:3 0.57219 0.595501 0.458623 0.312147 0.192622 0.151261 0.134099 0.1406 0.121378 0.110237 0.133406 0.115637 0.424595 0.528834 0.57023 0.599066 0.603898 0.612043 0.612646 0.613267 0.622288 2.074768e-01 0.974
N:21 Run:4 0.563399 0.592079 0.450309 0.222212 0.155351 0.118555 0.0896657 0.0833136 0.0883037 0.0845163 0.163279 0.120773 0.417986 0.535721 0.583537 0.599568 0.611016 0.620602 0.617527 0.605036 0.606002 2.074768e-01 0.974
N:21 Run:5 0.647433 0.615957 0.510409 0.280902 0.158697 0.128776 0.184242 0.12172 0.11703 0.107138 0.101485 0.0805863 0.40431 0.527394 0.58237 0.603703 0.611904 0.611507 0.611164 0.614664 0.60787 2.074768e-01 0.974
N:21 Run:6 0.616568 0.623558 0.481232 0.291017 0.169072 0.13257 0.125097 0.14288 0.143419 0.14524 0.184089 0.143154 0.421228 0.539117 0.58383 0.611382 0.603011 0.601145 0.600156 0.609207 0.612056 2.074768e-01 0.974
N:21 Run:7 0.658163 0.632618 0.429621 0.231891 0.135768 0.104834 0.088021 0.0813557 0.0911966 0.0864693 0.0826162 0.0765577 0.387178 0.51973 0.579474 0.600839 0.609367 0.600583 0.612496 0.613714 0.623032 2.074768e-01 0.974
N:21 Run:8 0.611502 0.623825 0.624842 0.612637 0.615061 0.598745 0.609782 0.61742 0.604618 0.609916 0.59992 0.612445 0.61517 0.612447 0.61065 0.614765 0.620365 0.618402 0.616644 0.620286 0.61503 2.074768e-01 0.974
N:21 Run:9 0.612344 0.61573 0.443967 0.220304 0.12791 0.0947385 0.0846893 0.0774256 0.0732113 0.0860408 0.075808 0.072616 0.388152 0.534519 0.592848 0.606272 0.61325 0.609628 0.610141 0.615478 0.623162 2.074768e-01 0.974
N:22 Run:0 0.658803 0.622799 0.491644 0.285478 0.199943 0.179859 0.161158 0.143956 0.126302 0.121137 0.095606 0.165203 0.445832 0.543872 0.584493 0.607909 0.609458 0.615278 0.611237 0.611574 0.611025 1.940835e-01 0.979
N:22 Run:1 0.653239 0.638558 0.461258 0.325326 0.230608 0.274866 0.211813 0.174407 0.165153 0.226505 0.17145 0.15402 0.426049 0.538751 0.579215 0.605191 0.607934 0.619423 0.622816 0.61498 0.616545 1.940835e-01 0.979
N:22 Run:2 0.580934 0.60232 0.605732 0.610501 0.619326 0.605006 0.603459 0.612394 0.614617 0.621486 0.616997 0.617641 0.606655 0.610511 0.618478 0.625264 0.618842 0.614879 0.613123 0.614141 0.62031 1.940835e-01 0.979
N:22 Run:3 0.57219 0.595501 0.458623 0.312147 0.192622 0.151261 0.134099 0.1406 0.121378 0.110237 0.133406 0.115637 0.424595 0.528834 0.57023 0.599066 0.603898 0.612043 0.612646 0.613267 0.622288 1.940835e-01 0.979
N:22 Run:4 0.563399 0.592079 0.450309 0.222212 0.155351 0.118555 0.0896657 0.0833136 0.0883037 0.0845163 0.163279 0.120773 0.417986 0.535721 0.583537 0.599568 0.611016 0.620602 0.617527 0.605036 0.606002 1.940835e-01 0.979
N:22 Run:5 0.647433 0.615957 0.510409 0.280902 0.158697 0.128776 0.184242 0.12172 0.11703 0.107138 0.101485 0.0805863 0.40431 0.527394 0.58237 0.603703 0.611904 0.611507 0.611164 0.614664 0.60787 1.940835e-01 0.979
N:22 Run:6 0.616568 0.623558 0.481232 0.291017 0.169072 0.13257 0.125097 0.14288 0.143419 0.14524 0.184089 0.143154 0.421228 0.539117 0.58383 0.611382 0.603011 0.601145 0.600156 0.609207 0.612056 1.940835e-01 0.979
N:22 Run:7 0.658163 0.632618 0.429621 0.231891 0.135768 0.104834 0.088021 0.0813557 0.0911966 0.0864693 0.0826162 0.0765577 0.387178 0.51973 0.579474 0.600839 0.609367 0.600583 0.612496 0.613714 0.623032 1.940835e-01 0.979
N:22 Run:8 0.611502 0.623825 0.624842 0.612637 0.615061 0.598745 0.609782 0.61742 0.604618 0.609916 0.59992 0.612445 0.61517 0.612447 0.61065 0.614765 0.620365 0.618402 0.616644 0.620286 0.61503 1.940835e-01 0.979
N:22 Run:9 0.612344 0.61573 0.443967 0.220304 0.12791 0.0947385 0.0846893 0.0774256 0.0732113 0.0860408 0.075808 0.072616 0.388152 0.534519 0.592848 0.606272 0.61325 0.609628 0.610141 0.615478 0.623162 1.940835e-01 0.979
N:23 Run:0 0.658803 0.622799 0.491644 0.285478 0.199943 0.179859 0.161158 0.143956 0.126302 0.121137 0.095606 0.165203 0.445832 0.543872 0.584493 0.607909 0.609458 0.615278 0.611237 0.611574 0.611025 1.832069e-01 0.981
N:23 Run:1 0.653239 0.638558 0.461258 0.325326 0.230608 0.274866 0.211813 0.174407 0.165153 0.226505 0.17145 0.15402 0.426049 0.538751 0.579215 0.605191 0.607934 0.619423 0.622816 0.61498 0.616545 1.832069e-01 0.981
N:23 Run:2 0.580934 0.60232 0.605732 0.610501 0.619326 0.605006 0.603459 0.612394 0.614617 0.621486 0.616997 0.617641 0.606655 0.610511 0.618478 0.625264 0.618842 0.614879 0.613123 0.614141 0.62031 1.832069e-01 0.981
N:23 Run:3 0.57219 0.595501 0.458623 0.312147 0.192622 0.151261 0.134099 0.1406 0.121378 0.110237 0.133406 0.115637 0.424595 0.528834 0.57023 0.599066 0.603898 0.612043 0.612646 0.613267 0.622288 1.832069e-01 0.981
N:23 Run:4 0.563399 0.592079 0.450309 0.222212 0.155351 0.118555 0.0896657 0.0833136 0.0883037 0.0845163 0.163279 0.120773 0.417986 0.535721 0.583537 0.599568 0.611016 0.620602 0.617527 0.605036 0.606002 1.832069e-01 0.981
N:23 Run:5 0.647433 0.615957 0.510409 0.280902 0.158697 0.128776 0.184242 0.12172 0.11703 0.107138 0.101485 0.0805863 0.40431 0.527394 0.58237 0.603703 0.611904 0.611507 0.611164 0.614664 0.60787 1.832069e-01 0.981
N:23 Run:6 0.616568 0.623558 0.481232 0.291017 0.169072 0.13257 0.125097 0.14288 0.143419 0.14524 0.184089 0.143154 0.421228 0.539117 0.58383 0.611382 0.603011 0.601145 0.600156 0.609207 0.612056 1.832069e-01 0.981
N:23 Run:7 0.658163 0.632618 0.429621 0.231891 0.135768 0.104834 0.088021 0.0813557 0.0911966 0.0864693 0.0826162 0.0765577 0.387178 0.51973 0.579474 0.600839 0.609367 0.600583 0.612496 0.613714 0.623032 1.832069e-01 0.981
N:23 Run:8 0.611502 0.623825 0.624842 0.612637 0.615061 0.598745 0.609782 0.61742 0.604618 0.609916 0.59992 0.612445 0.61517 0.612447 0.61065 0.614765 0.620365 0.618402 0.616644 0.620286 0.61503 1.832069e-01 0.981
N:23 Run:9 0.612344 0.61573 0.443967 0.220304 0.12791 0.0947385 0.0846893 0.0774256 0.0732113 0.0860408 0.075808 0.072616 0.388152 0.534519 0.592848 0.606272 0.61325 0.609628 0.610141 0.615478 0.623162 1.832069e-01 0.981
N:24 Run:0 0.658803 0.622799 0.491644 0.285478 0.199943 0.179859 0.161158 0.143956 0.126302 0.121137 0.095606 0.165203 0.445832 0.543872 0.584493 0.607909 0.609458 0.615278 0.611237 0.611574 0.611025 2.080878e-01 0.973
N:24 Run:1 0.653239 0.638558 0.461258 0.325326 0.230608 0.274866 0.211813 0.174407 0.165153 0.226505 0.17145 0.15402 0.426049 0.538751 0.579215 0.605191 0.607934 0.619423 0.622816 0.61498 0.616545 2.080878e-01 0.973
N:24 Run:2 0.580934 0.60232 0.605732 0.610501 0.619326 0.605006 0.603459 0.612394 0.614617 0.621486 0.616997 0.617641 0.606655 0.610511 0.618478 0.625264 0.618842 0.614879 0.613123 0.614141 0.62031 2.080878e-01 0.973
N:24 Run:3 0.57219 0.595501 0.458623 0.312147 0.192622 0.151261 0.134099 0.1406 0.121378 0.110237 0.133406 0.115637 0.424595 0.528834 0.57023 0.599066 0.603898 0.612043 0.612646 0.613267 0.622288 2.080878e-01 0.973
N:24 Run:4 0.563399 0.592079 0.450309 0.222212 0.155351 0.118555 0.0896657 0.0833136 0.0883037 0.0845163 0.163279 0.120773 0.417986 0.535721 0.583537 0.599568 0.611016 0.620602 0.617527 0.605036 0.606002 2.080878e-01 0.973
N:24 Run:5 0.647433 0.615957 0.510409 0.280902 0.158697 0.128776 0.184242 0.12172 0.11703 0.107138 0.101485 0.0805863 0.40431 0.527394 0.58237 0.603703 0.611904 0.611507 0.611164 0.614664 0.60787 2.080878e-01 0.973
N:24 Run:6 0.616568 0.623558 0.481232 0.291017 0.169072 0.13257 0.125097 0.14288 0.143419 0.14524 0.184089 0.143154 0.421228 0.539117 0.58383 0.611382 0.603011 0.601145 0.600156 0.609207 0.612056 2.080878e-01 0.973
N:24 Run:7 0.658163 0.632618 0.429621 0.231891 0.135768 0.104834 0.088021 0.0813557 0.0911966 0.0864693 0.0826162 0.0765577 0.387178 0.51973 0.579474 0.600839 0.609367 0.600583 0.612496 0.613714 0.623032 2.080878e-01 0.973
N:24 Run:8 0.611502 0.623825 0.624842 0.612637 0.615061 0.598745 0.609782 0.61742 0.604618 0.609916 0.59992 0.612445 0.61517 0.612447 0.61065 0.614765 0.620365 0.618402 0.616644 0.620286 0.61503 2.080878e-01 0.973
N:24 Run:9 0.612344 0.61573 0.443967 0.220304 0.12791 0.0947385 0.0846893 0.0774256 0.0732113 0.0860408 0.075808 0.072616 0.388152 0.534519 0.592848 0.606272 0.61325 0.609628 0.610141 0.615478 0.623162 2.080878e-01 0.973
N:25 Run:0 0.658803 0.622799 0.491644 0.285478 0.199943 0.179859 0.161158 0.143956 0.126302 0.121137 0.095606 0.165203 0.445832 0.543872 0.584493 0.607909 0.609458 0.615278 0.611237 0.611574 0.611025 1.909717e-01 0.979
N:25 Run:1 0.653239 0.638558 0.461258 0.325326 0.230608 0.274866 0.211813 0.174407 0.165153 0.226505 0.17145 0.15402 0.426049 0.538751 0.579215 0.605191 0.607934 0.619423 0.622816 0.61498 0.616545 1.909717e-01 0.979
N:25 Run:2 0.580934 0.60232 0.605732 0.610501 0.619326 0.605006 0.603459 0.612394 0.614617 0.621486 0.616997 0.617641 0.606655 0.610511 0.618478 0.625264 0.618842 0.614879 0.613123 0.614141 0.62031 1.909717e-01 0.979
N:25 Run:3 0.57219 0.595501 0.458623 0.312147 0.192622 0.151261 0.134099 0.1406 0.121378 0.110237 0.133406 0.115637 0.424595 0.528834 0.57023 0.599066 0.603898 0.612043 0.612646 0.613267 0.622288 1.909717e-01 0.979
N:25 Run:4 0.563399 0.592079 0.450309 0.222212 0.155351 0.118555 0.0896657 0.0833136 0.0883037 0.0845163 0.163279 0.120773 0.417986 0.535721 0.583537 0.599568 0.611016 0.620602 0.617527 0.605036 0.606002 1.909717e-01 0.979
N:25 Run:5 0.647433 0.615957 0.510409 0.280902 0.158697 0.128776 0.184242 0.12172 0.11703 0.107138 0.101485 0.0805863 0.40431 0.527394 0.58237 0.603703 0.611904 0.611507 0.611164 0.614664 0.60787 1.909717e-01 0.979
N:25 Run:6 0.616568 0.623558 0.481232 0.291017 0.169072 0.13257 0.125097 0.14288 0.143419 0.14524 0.184089 0.143154 0.421228 0.539117 0.58383 0.611382 0.603011 0.601145 0.600156 0.609207 0.612056 1.909717e-01 0.979
N:25 Run:7 0.658163 0.632618 0.429621 0.231891 0.135768 0.104834 0.088021 0.0813557 0.0911966 0.0864693 0.0826162 0.0765577 0.387178 0.51973 0.579474 0.600839 0.609367 0.600583 0.612496 0.613714 0.623032 1.909717e-01 0.979
N:25 Run:8 0.611502 0.623825 0.624842 0.612637 0.615061 0.598745 0.609782 0.61742 0.604618 0.609916 0.59992 0.612445 0.61517 0.612447 0.61065 0.614765 0.620365 0.618402 0.616644 0.620286 0.61503 1.909717e-01 0.979
N:25 Run:9 0.612344 0.61573 0.443967 0.220304 0.12791 0.0947385 0.0846893 0.0774256 0.0732113 0.0860408 0.075808 0.072616 0.388152 0.534519 0.592848 0.606272 0.61325 0.609628 0.610141 0.615478 0.623162 1.909717e-01 0.979
N:26 Run:0 0.658803 0.622799 0.491644 0.285478 0.199943 0.179859 0.161158 0.143956 0.126302 0.121137 0.095606 0.165203 0.445832 0.543872 0.584493 0.607909 0.609458 0.615278 0.611237 0.611574 0.611025 2.076448e-01 0.977
N:26 Run:1 0.653239 0.638558 0.461258 0.325326 0.230608 0.274866 0.211813 0.174407 0.165153 0.226505 0.17145 0.15402 0.426049 0.538751 0.579215 0.605191 0.607934 0.619423 0.622816 0.61498 0.616545 2.076448e-01 0.977
N:26 Run:2 0.580934 0.60232 0.605732 0.610501 0.619326 0.605006 0.603459 0.612394 0.614617 0.621486 0.616997 0.617641 0.606655 0.610511 0.618478 0.625264 0.618842 0.614879 0.613123 0.614141 0.62031 2.076448e-01 0.977
N:26 Run:3 0.57219 0.595501 0.458623 0.312147 0.192622 0.151261 0.134099 0.1406 0.121378 0.110237 0.133406 0.115637 0.424595 0.528834 0.57023 0.599066 0.603898 0.612043 0.612646 0.613267 0.622288 2.076448e-01 0.977
N:26 Run:4 0.563399 0.592079 0.450309 0.222212 0.155351 0.118555 0.0896657 0.0833136 0.0883037 0.0845163 0.163279 0.120773 0.417986 0.535721 0.583537 0.599568 0.611016 0.620602 0.617527 0.605036 0.606002 2.076448e-01 0.977
N:26 Run:5 0.647433 0.615957 0.510409 0.280902 0.158697 0.128776 0.184242 0.12172 0.11703 0.107138 0.101485 0.0805863 0.40431 0.527394 0.58237 0.603703 0.611904 0.611507 0.611164 0.614664 0.60787 2.076448e-01 0.977
N:26 Run:6 0.616568 0.623558 0.481232 0.291017 0.169072 0.13257 0.125097 0.14288 0.143419 0.14524 0.184089 0.143154 0.421228 0.539117 0.58383 0.611382 0.603011 0.601145 0.600156 0.609207 0.612056 2.076448e-01 0.977
N:26 Run:7 0.658163 0.632618 0.429621 0.231891 0.135768 0.104834 0.088021 0.0813557 0.0911966 0.0864693 0.0826162 0.0765577 0.387178 0.51973 0.579474 0.600839 0.609367 0.600583 0.612496 0.613714 0.623032 2.076448e-01 0.977
N:26 Run:8 0.611502 0.623825 0.624842 0.612637 0.615061 0.598745 0.609782 0.61742 0.604618 0.609916 0.59992 0.612445 0.61517 0.612447 0.61065 0.614765 0.620365 0.618402 0.616644 0.620286 0.61503 2.076448e-01 0.977
N:26 Run:9 0.612344 0.61573 0.443967 0.220304 0.12791 0.0947385 0.0846893 0.0774256 0.0732113 0.0860408 0.075808 0.072616 0.388152 0.534519 0.592848 0.606272 0.61325 0.609628 0.610141 0.615478 0.623162 2.076448e-01 0.977
N:27 Run:0 0.658803 0.622799 0.491644 0.285478 0.199943 0.179859 0.161158 0.143956 0.126302 0.121137 0.095606 0.165203 0.445832 0.543872 0.584493 0.607909 0.609458 0.615278 0.611237 0.611574 0.611025 1.938827e-01 0.977
N:27 Run:1 0.653239 0.638558 0.461258 0.325326 0.230608 0.274866 0.211813 0.174407 0.165153 0.226505 0.17145 0.15402 0.426049 0.538751 0.579215 0.605191 0.607934 0.619423 0.622816 0.61498 0.616545 1.938827e-01 0.977
N:27 Run:2 0.580934 0.60232 0.605732 0.610501 0.619326 0.605006 0.603459 0.612394 0.614617 0.621486 0.616997 0.617641 0.606655 0.610511 0.618478 0.625264 0.618842 0.614879 0.613123 0.614141 0.62031 1.938827e-01 0.977
N:27 Run:3 0.57219 0.595501 0.458623 0.312147 0.192622 0.151261 0.134099 0.1406 0.121378 0.110237 0.133406 0.115637 0.424595 0.528834 0.57023 0.599066 0.603898 0.612043 0.612646 0.613267 0.622288 1.938827e-01 0.977
N:27 Run:4 0.563399 0.592079 0.450309 0.222212 0.155351 0.118555 0.0896657 0.0833136 0.0883037 0.0845163 0.163279 0.120773 0.417986 0.535721 0.583537 0.599568 0.611016 0.620602 0.617527 0.605036 0.606002 1.938827e-01 0.977
N:27 Run:5 0.647433 0.615957 0.510409 0.280902 0.158697 0.128776 0.184242 0.12172 0.11703 0.107138 0.101485 0.0805863 0.40431 0.527394 0.58237 0.603703 0.611904 0.611507 0.611164 0.614664 0.60787 1.938827e-01 0.977
N:27 Run:6 0.616568 0.623558 0.481232 0.291017 0.169072 0.13257 0.125097 0.14288 0.143419 0.14524 0.184089 0.143154 0.421228 0.539117 0.58383 0.611382 0.603011 0.601145 0.600156 0.609207 0.612056 1.938827e-01 0.977
N:27 Run:7 0.658163 0.632618 0.429621 0.231891 0.135768 0.104834 0.088021 0.0813557 0.0911966 0.0864693 0.0826162 0.0765577 0.387178 0.51973 0.579474 0.600839 0.609367 0.600583 0.612496 0.613714 0.623032 1.938827e-01 0.977
N:27 Run:8 0.611502 0.623825 0.624842 0.612637 0.615061 0.598745 0.609782 0.61742 0.604618 0.609916 0.59992 0.612445 0.61517 0.612447 0.61065 0.614765 0.620365 0.618402 0.616644 0.620286 0.61503 1.938827e-01 0.977
N:27 Run:9 0.612344 0.61573 0.443967 0.220304 0.12791 0.0947385 0.0846893 0.0774256 0.0732113 0.0860408 0.075808 0.072616 0.388152 0.534519 0.592848 0.606272 0.61325 0.609628 0.610141 0.615478 0.623162 1.938827e-01 0.977
N:28 Run:0 0.658803 0.622799 0.491644 0.285478 0.199943 0.179859 0.161158 0.143956 0.126302 0.121137 0.095606 0.165203 0.445832 0.543872 0.584493 0.607909 0.609458 0.615278 0.611237 0.611574 0.611025 2.011365e-01 0.977
N:28 Run:1 0.653239 0.638558 0.461258 0.325326 0.230608 0.274866 0.211813 0.174407 0.165153 0.226505 0.17145 0.15402 0.426049 0.538751 0.579215 0.605191 0.607934 0.619423 0.622816 0.61498 0.616545 2.011365e-01 0.977
N:28 Run:2 0.580934 0.60232 0.605732 0.610501 0.619326 0.605006 0.603459 0.612394 0.614617 0.621486 0.616997 0.617641 0.606655 0.610511 0.618478 0.625264 0.618842 0.614879 0.613123 0.614141 0.62031 2.011365e-01 0.977
N:28 Run:3 0.57219 0.595501 0.458623 0.312147 0.192622 0.151261 0.134099 0.1406 0.121378 0.110237 0.133406 0.115637 0.424595 0.528834 0.57023 0.599066 0.603898 0.612043 0.612646 0.613267 0.622288 2.011365e-01 0.977
N:28 Run:4 0.563399 0.592079 0.450309 0.222212 0.155351 0.118555 0.0896657 0.0833136 0.0883037 0.0845163 0.163279 0.120773 0.417986 0.535721 0.583537 0.599568 0.611016 0.620602 0.617527 0.605036 0.606002 2.011365e-01 0.977
N:28 Run:5 0.647433 0.615957 0.510409 0.280902 0.158697 0.128776 0.184242 0.12172 0.11703 0.107138 0.101485 0.0805863 0.40431 0.527394 0.58237 0.603703 0.611904 0.611507 0.611164 0.614664 0.60787 2.011365e-01 0.977
N:28 Run:6 0.616568 0.623558 0.481232 0.291017 0.169072 0.13257 0.125097 0.14288 0.143419 0.14524 0.184089 0.143154 0.421228 0.539117 0.58383 0.611382 0.603011 0.601145 0.600156 0.609207 0.612056 2.011365e-01 0.977
N:28 Run:7 0.658163 0.632618 0.429621 0.231891 0.135768 0.104834 0.088021 0.0813557 0.0911966 0.0864693 0.0826162 0.0765577 0.387178 0.51973 0.579474 0.600839 0.609367 0.600583 0.612496 0.613714 0.623032 2.011365e-01 0.977
N:28 Run:8 0.611502 0.623825 0.624842 0.612637 0.615061 0.598745 0.609782 0.61742 0.604618 0.609916 0.59992 0.612445 0.61517 0.612447 0.61065 0.614765 0.620365 0.618402 0.616644 0.620286 0.61503 2.011365e-01 0.977
N:28 Run:9 0.612344 0.61573 0.443967 0.220304 0.12791 0.0947385 0.0846893 0.0774256 0.0732113 0.0860408 0.075808 0.072616 0.388152 0.534519 0.592848 0.606272 0.61325 0.609628 0.610141 0.615478 0.623162 2.011365e-01 0.977
N:29 Run:0 0.658803 0.622799 0.491644 0.285478 0.199943 0.179859 0.161158 0.143956 0.126302 0.121137 0.095606 0.165203 0.445832 0.543872 0.584493 0.607909 0.609458 0.615278 0.611237 0.611574 0.611025 1.910379e-01 0.980
N:29 Run:1 0.653239 0.638558 0.461258 0.325326 0.230608 0.274866 0.211813 0.174407 0.165153 0.226505 0.17145 0.15402 0.426049 0.538751 0.579215 0.605191 0.607934 0.619423 0.622816 0.61498 0.616545 1.910379e-01 0.980
N:29 Run:2 0.580934 0.60232 0.605732 0.610501 0.619326 0.605006 0.603459 0.612394 0.614617 0.621486 0.616997 0.617641 0.606655 0.610511 0.618478 0.625264 0.618842 0.614879 0.613123 0.614141 0.62031 1.910379e-01 0.980
N:29 Run:3 0.57219 0.595501 0.458623 0.312147 0.192622 0.151261 0.134099 0.1406 0.121378 0.110237 0.133406 0.115637 0.424595 0.528834 0.57023 0.599066 0.603898 0.612043 0.612646 0.613267 0.622288 1.910379e-01 0.980
N:29 Run:4 0.563399 0.592079 0.450309 0.222212 0.155351 0.118555 0.0896657 0.0833136 0.0883037 0.0845163 0.163279 0.120773 0.417986 0.535721 0.583537 0.599568 0.611016 0.620602 0.617527 0.605036 0.606002 1.910379e-01 0.980
N:29 Run:5 0.647433 0.615957 0.510409 0.280902 0.158697 0.128776 0.184242 0.12172 0.11703 0.107138 0.101485 0.0805863 0.40431 0.527394 0.58237 0.603703 0.611904 0.611507 0.611164 0.614664 0.60787 1.910379e-01 0.980
N:29 Run:6 0.616568 0.623558 0.481232 0.291017 0.169072 0.13257 0.125097 0.14288 0.143419 0.14524 0.184089 0.143154 0.421228 0.539117 0.58383 0.611382 0.603011 0.601145 0.600156 0.609207 0.612056 1.910379e-01 0.980
N:29 Run:7 0.658163 0.632618 0.429621 0.231891 0.135768 0.104834 0.088021 0.0813557 0.0911966 0.0864693 0.0826162 0.0765577 0.387178 0.51973 0.579474 0.600839 0.609367 0.600583 0.612496 0.613714 0.623032 1.910379e-01 0.980
N:29 Run:8 0.611502 0.623825 0.624842 0.612637 0.615061 0.598745 0.609782 0.61742 0.604618 0.609916 0.59992 0.612445 0.61517 0.612447 0.61065 0.614765 0.620365 0.618402 0.616644 0.620286 0.61503 1.910379e-01 0.980
N:29 Run:9 0.612344 0.61573 0.443967 0.220304 0.12791 0.0947385 0.0846893 0.0774256 0.0732113 0.0860408 0.075808 0.072616 0.388152 0.534519 0.592848 0.606272 0.61325 0.609628 0.610141 0.615478 0.623162 1.910379e-01 0.980
