Seed:1578434710
N:0 Run:0 0.108455 0.124279 0.159684 0.144053 0.130303 0.121306 0.116645 0.114299 0.113462 0.118954 0.117064 0.115349 0.113861 0.114785 0.122303 0.129119 0.124154 0.125217 0.127224 0.143678 0.140239 3.451168e-02 0.879
N:0 Run:1 0.16277 0.146749 0.139659 0.129127 0.1254 0.128349 0.136534 0.133436 0.128146 0.126683 0.122461 0.120407 0.123317 0.122065 0.124547 0.131674 0.135928 0.131178 0.131697 0.133912 0.143868 3.451168e-02 0.879
N:0 Run:2 0.169576 0.154164 0.141669 0.135468 0.132949 0.135575 0.132949 0.130696 0.14128 0.15108 0.146031 0.142364 0.131756 0.130979 0.133786 0.141725 0.144925 0.141627 0.147002 0.140589 0.143975 3.451168e-02 0.879
N:0 Run:3 0.131861 0.134376 0.136613 0.133691 0.13775 0.144624 0.142141 0.133889 0.146884 0.139438 0.142244 0.155517 0.164552 0.156026 0.146824 0.146921 0.144255 0.143563 0.142603 0.138487 0.142179 3.451168e-02 0.879
N:0 Run:4 0.168186 0.163302 0.202469 0.171203 0.155628 0.152086 0.145921 0.143989 0.156122 0.14389 0.135208 0.126478 0.121198 0.117936 0.118376 0.118615 0.124315 0.124919 0.123316 0.130415 0.126711 3.451168e-02 0.879
N:0 Run:5 0.110752 0.136624 0.13245 0.122507 0.115839 0.112062 0.109934 0.108486 0.107654 0.107464 0.107017 0.106807 0.10722 0.110843 0.11701 0.121555 0.128078 0.139595 0.138509 0.139971 0.134443 3.451168e-02 0.879
N:0 Run:6 0.137036 0.135508 0.124862 0.117709 0.113182 0.110402 0.10883 0.107997 0.107621 0.107052 0.106983 0.106749 0.117538 0.118313 0.122512 0.127496 0.134674 0.156322 0.146729 0.150582 0.162799 3.451168e-02 0.879
N:0 Run:7 0.119247 0.123359 0.15231 0.197442 0.277111 0.261659 0.27588 0.262856 0.28057 0.303022 0.276909 0.252789 0.220779 0.217291 0.196049 0.17476 0.168952 0.153667 0.160286 0.147529 0.14091 3.451168e-02 0.879
N:0 Run:8 0.111743 0.123004 0.20451 0.280644 0.329356 0.419188 0.430452 0.400701 0.551847 0.512043 0.559178 0.564246 0.455748 0.353142 0.28815 0.23259 0.188613 0.164657 0.150264 0.141925 0.130766 3.451168e-02 0.879
N:0 Run:9 0.0902644 0.113382 0.11908 0.118976 0.114158 0.11118 0.109212 0.107987 0.107378 0.107067 0.106965 0.106857 0.1071 0.111098 0.11237 0.133548 0.133575 0.136337 0.129271 0.145362 0.167335 3.451168e-02 0.879
N:1 Run:0 0.108455 0.120853 0.128441 0.124015 0.133893 0.130201 0.126821 0.131162 0.124683 0.129031 0.136817 0.137956 0.137765 0.132135 0.133867 0.128173 0.141092 0.137773 0.130965 0.127943 0.130721 2.641079e-02 0.891
N:1 Run:1 0.16277 0.145038 0.139742 0.138226 0.137381 0.138766 0.144295 0.136988 0.140724 0.134269 0.138817 0.139976 0.129107 0.130883 0.134624 0.126475 0.11995 0.121497 0.128391 0.132044 0.126865 2.641079e-02 0.891
N:1 Run:2 0.169576 0.156498 0.142707 0.139019 0.141513 0.13059 0.135754 0.119705 0.124269 0.115291 0.123046 0.128069 0.12416 0.120046 0.118607 0.131588 0.141542 0.136079 0.137758 0.133858 0.13894 2.641079e-02 0.891
N:1 Run:3 0.131861 0.141504 0.136066 0.122846 0.128369 0.130088 0.134828 0.140445 0.136426 0.125516 0.134489 0.137309 0.137648 0.130637 0.123962 0.140619 0.142205 0.15151 0.137524 0.146068 0.144528 2.641079e-02 0.891
N:1 Run:4 0.168186 0.154981 0.151913 0.144133 0.151406 0.152714 0.151691 0.150809 0.151108 0.150167 0.143398 0.137209 0.137129 0.130376 0.138759 0.140103 0.140961 0.145823 0.139346 0.130542 0.127061 2.641079e-02 0.891
N:1 Run:5 0.110752 0.129628 0.134732 0.140028 0.139247 0.135348 0.143872 0.138385 0.144216 0.148831 0.143007 0.139976 0.129844 0.131464 0.121601 0.115944 0.131371 0.129826 0.130068 0.131967 0.13834 2.641079e-02 0.891
N:1 Run:6 0.137036 0.132486 0.124678 0.124384 0.125228 0.132753 0.138232 0.142577 0.142435 0.138338 0.133871 0.130827 0.132148 0.137908 0.139454 0.140187 0.134247 0.14904 0.138806 0.143485 0.128069 2.641079e-02 0.891
N:1 Run:7 0.119247 0.127853 0.16121 0.203085 0.233957 0.263354 0.2638 0.305218 0.281629 0.300871 0.290835 0.292358 0.244773 0.204125 0.179462 0.165876 0.142986 0.136892 0.137164 0.133587 0.133494 2.641079e-02 0.891
N:1 Run:8 0.111743 0.111089 0.193642 0.27372 0.355335 0.43759 0.482822 0.522667 0.526124 0.488617 0.515805 0.596243 0.435679 0.322431 0.255632 0.210916 0.182719 0.165075 0.15405 0.137392 0.131955 2.641079e-02 0.891
N:1 Run:9 0.0902644 0.108791 0.111238 0.11033 0.1021 0.0878797 0.0787861 0.0740768 0.0901663 0.101026 0.111932 0.122489 0.13143 0.132639 0.133245 0.127927 0.133096 0.141222 0.141531 0.146094 0.145721 2.641079e-02 0.891
N:2 Run:0 0.108455 0.107537 0.112017 0.114548 0.119295 0.11781 0.116496 0.117512 0.123242 0.129049 0.1382 0.138725 0.143577 0.141656 0.145113 0.143711 0.145966 0.137163 0.134557 0.126524 0.121714 2.622126e-02 0.939
N:2 Run:1 0.16277 0.147299 0.132087 0.128571 0.124309 0.120774 0.128848 0.130297 0.129682 0.142537 0.145171 0.13912 0.138578 0.139684 0.138213 0.135084 0.131099 0.128183 0.129003 0.127951 0.124085 2.622126e-02 0.939
N:2 Run:2 0.169576 0.151879 0.143641 0.133039 0.133762 0.123822 0.126862 0.123035 0.126153 0.126226 0.122171 0.122701 0.123906 0.120738 0.120862 0.124823 0.126793 0.119607 0.123097 0.121282 0.124374 2.622126e-02 0.939
N:2 Run:3 0.131861 0.125424 0.124715 0.125029 0.123005 0.125977 0.119836 0.119892 0.123959 0.124068 0.129969 0.136385 0.150179 0.148161 0.143821 0.142239 0.14287 0.136702 0.130105 0.129842 0.125223 2.622126e-02 0.939
N:2 Run:4 0.168186 0.149 0.140917 0.132819 0.133412 0.142148 0.140026 0.153925 0.153277 0.156847 0.167921 0.159392 0.1617 0.155605 0.150481 0.139093 0.131018 0.125993 0.131293 0.127919 0.123784 2.622126e-02 0.939
N:2 Run:5 0.110752 0.117847 0.119608 0.121021 0.118561 0.126569 0.12806 0.124956 0.129437 0.132957 0.136138 0.1378 0.142639 0.13898 0.134702 0.129029 0.131454 0.124572 0.126061 0.123465 0.121443 2.622126e-02 0.939
N:2 Run:6 0.137036 0.13272 0.124723 0.121625 0.119118 0.120389 0.124131 0.121256 0.120365 0.127114 0.12904 0.133321 0.139781 0.146199 0.142109 0.142213 0.135212 0.130904 0.128167 0.127057 0.12667 2.622126e-02 0.939
N:2 Run:7 0.119247 0.116803 0.176224 0.19831 0.212099 0.251419 0.275146 0.31103 0.301584 0.361864 0.337367 0.322277 0.275421 0.233326 0.200709 0.176226 0.159516 0.146237 0.136196 0.12772 0.13119 2.622126e-02 0.939
N:2 Run:8 0.111743 0.110528 0.17747 0.274 0.356655 0.37246 0.454139 0.51449 0.522712 0.53748 0.499812 0.556877 0.416632 0.320307 0.257048 0.212015 0.185805 0.165397 0.151957 0.146403 0.138567 2.622126e-02 0.939
N:2 Run:9 0.0902644 0.0998153 0.0989986 0.0967132 0.0965067 0.0964673 0.0956797 0.0954663 0.0978139 0.0983686 0.103717 0.10281 0.111069 0.122085 0.135776 0.13866 0.139257 0.134492 0.129233 0.12233 0.120731 2.622126e-02 0.939
N:3 Run:0 0.108455 0.107537 0.112017 0.114548 0.119295 0.11781 0.116496 0.117512 0.123242 0.129049 0.1382 0.138725 0.143577 0.141656 0.145113 0.143711 0.145966 0.137163 0.134557 0.126524 0.121714 2.929536e-02 0.900
N:3 Run:1 0.16277 0.147299 0.132087 0.128571 0.124309 0.120774 0.128848 0.130297 0.129682 0.142537 0.145171 0.13912 0.138578 0.139684 0.138213 0.135084 0.131099 0.128183 0.129003 0.127951 0.124085 2.929536e-02 0.900
N:3 Run:2 0.169576 0.151879 0.143641 0.133039 0.133762 0.123822 0.126862 0.123035 0.126153 0.126226 0.122171 0.122701 0.123906 0.120738 0.120862 0.124823 0.126793 0.119607 0.123097 0.121282 0.124374 2.929536e-02 0.900
N:3 Run:3 0.131861 0.125424 0.124715 0.125029 0.123005 0.125977 0.119836 0.119892 0.123959 0.124068 0.129969 0.136385 0.150179 0.148161 0.143821 0.142239 0.14287 0.136702 0.130105 0.129842 0.125223 2.929536e-02 0.900
N:3 Run:4 0.168186 0.149 0.140917 0.132819 0.133412 0.142148 0.140026 0.153925 0.153277 0.156847 0.167921 0.159392 0.1617 0.155605 0.150481 0.139093 0.131018 0.125993 0.131293 0.127919 0.123784 2.929536e-02 0.900
N:3 Run:5 0.110752 0.117847 0.119608 0.121021 0.118561 0.126569 0.12806 0.124956 0.129437 0.132957 0.136138 0.1378 0.142639 0.13898 0.134702 0.129029 0.131454 0.124572 0.126061 0.123465 0.121443 2.929536e-02 0.900
N:3 Run:6 0.137036 0.13272 0.124723 0.121625 0.119118 0.120389 0.124131 0.121256 0.120365 0.127114 0.12904 0.133321 0.139781 0.146199 0.142109 0.142213 0.135212 0.130904 0.128167 0.127057 0.12667 2.929536e-02 0.900
N:3 Run:7 0.119247 0.116803 0.176224 0.19831 0.212099 0.251419 0.275146 0.31103 0.301584 0.361864 0.337367 0.322277 0.275421 0.233326 0.200709 0.176226 0.159516 0.146237 0.136196 0.12772 0.13119 2.929536e-02 0.900
N:3 Run:8 0.111743 0.110528 0.17747 0.274 0.356655 0.37246 0.454139 0.51449 0.522712 0.53748 0.499812 0.556877 0.416632 0.320307 0.257048 0.212015 0.185805 0.165397 0.151957 0.146403 0.138567 2.929536e-02 0.900
N:3 Run:9 0.0902644 0.0998153 0.0989986 0.0967132 0.0965067 0.0964673 0.0956797 0.0954663 0.0978139 0.0983686 0.103717 0.10281 0.111069 0.122085 0.135776 0.13866 0.139257 0.134492 0.129233 0.12233 0.120731 2.929536e-02 0.900
N:4 Run:0 0.108455 0.107537 0.112017 0.114548 0.119295 0.11781 0.116496 0.117512 0.123242 0.129049 0.1382 0.138725 0.143577 0.141656 0.145113 0.143711 0.145966 0.137163 0.134557 0.126524 0.121714 2.889904e-02 0.906
N:4 Run:1 0.16277 0.147299 0.132087 0.128571 0.124309 0.120774 0.128848 0.130297 0.129682 0.142537 0.145171 0.13912 0.138578 0.139684 0.138213 0.135084 0.131099 0.128183 0.129003 0.127951 0.124085 2.889904e-02 0.906
N:4 Run:2 0.169576 0.151879 0.143641 0.133039 0.133762 0.123822 0.126862 0.123035 0.126153 0.126226 0.122171 0.122701 0.123906 0.120738 0.120862 0.124823 0.126793 0.119607 0.123097 0.121282 0.124374 2.889904e-02 0.906
N:4 Run:3 0.131861 0.125424 0.124715 0.125029 0.123005 0.125977 0.119836 0.119892 0.123959 0.124068 0.129969 0.136385 0.150179 0.148161 0.143821 0.142239 0.14287 0.136702 0.130105 0.129842 0.125223 2.889904e-02 0.906
N:4 Run:4 0.168186 0.149 0.140917 0.132819 0.133412 0.142148 0.140026 0.153925 0.153277 0.156847 0.167921 0.159392 0.1617 0.155605 0.150481 0.139093 0.131018 0.125993 0.131293 0.127919 0.123784 2.889904e-02 0.906
N:4 Run:5 0.110752 0.117847 0.119608 0.121021 0.118561 0.126569 0.12806 0.124956 0.129437 0.132957 0.136138 0.1378 0.142639 0.13898 0.134702 0.129029 0.131454 0.124572 0.126061 0.123465 0.121443 2.889904e-02 0.906
N:4 Run:6 0.137036 0.13272 0.124723 0.121625 0.119118 0.120389 0.124131 0.121256 0.120365 0.127114 0.12904 0.133321 0.139781 0.146199 0.142109 0.142213 0.135212 0.130904 0.128167 0.127057 0.12667 2.889904e-02 0.906
N:4 Run:7 0.119247 0.116803 0.176224 0.19831 0.212099 0.251419 0.275146 0.31103 0.301584 0.361864 0.337367 0.322277 0.275421 0.233326 0.200709 0.176226 0.159516 0.146237 0.136196 0.12772 0.13119 2.889904e-02 0.906
N:4 Run:8 0.111743 0.110528 0.17747 0.274 0.356655 0.37246 0.454139 0.51449 0.522712 0.53748 0.499812 0.556877 0.416632 0.320307 0.257048 0.212015 0.185805 0.165397 0.151957 0.146403 0.138567 2.889904e-02 0.906
N:4 Run:9 0.0902644 0.0998153 0.0989986 0.0967132 0.0965067 0.0964673 0.0956797 0.0954663 0.0978139 0.0983686 0.103717 0.10281 0.111069 0.122085 0.135776 0.13866 0.139257 0.134492 0.129233 0.12233 0.120731 2.889904e-02 0.906
N:5 Run:0 0.108455 0.107537 0.112017 0.114548 0.119295 0.11781 0.116496 0.117512 0.123242 0.129049 0.1382 0.138725 0.143577 0.141656 0.145113 0.143711 0.145966 0.137163 0.134557 0.126524 0.121714 3.445772e-02 0.902
N:5 Run:1 0.16277 0.147299 0.132087 0.128571 0.124309 0.120774 0.128848 0.130297 0.129682 0.142537 0.145171 0.13912 0.138578 0.139684 0.138213 0.135084 0.131099 0.128183 0.129003 0.127951 0.124085 3.445772e-02 0.902
N:5 Run:2 0.169576 0.151879 0.143641 0.133039 0.133762 0.123822 0.126862 0.123035 0.126153 0.126226 0.122171 0.122701 0.123906 0.120738 0.120862 0.124823 0.126793 0.119607 0.123097 0.121282 0.124374 3.445772e-02 0.902
N:5 Run:3 0.131861 0.125424 0.124715 0.125029 0.123005 0.125977 0.119836 0.119892 0.123959 0.124068 0.129969 0.136385 0.150179 0.148161 0.143821 0.142239 0.14287 0.136702 0.130105 0.129842 0.125223 3.445772e-02 0.902
N:5 Run:4 0.168186 0.149 0.140917 0.132819 0.133412 0.142148 0.140026 0.153925 0.153277 0.156847 0.167921 0.159392 0.1617 0.155605 0.150481 0.139093 0.131018 0.125993 0.131293 0.127919 0.123784 3.445772e-02 0.902
N:5 Run:5 0.110752 0.117847 0.119608 0.121021 0.118561 0.126569 0.12806 0.124956 0.129437 0.132957 0.136138 0.1378 0.142639 0.13898 0.134702 0.129029 0.131454 0.124572 0.126061 0.123465 0.121443 3.445772e-02 0.902
N:5 Run:6 0.137036 0.13272 0.124723 0.121625 0.119118 0.120389 0.124131 0.121256 0.120365 0.127114 0.12904 0.133321 0.139781 0.146199 0.142109 0.142213 0.135212 0.130904 0.128167 0.127057 0.12667 3.445772e-02 0.902
N:5 Run:7 0.119247 0.116803 0.176224 0.19831 0.212099 0.251419 0.275146 0.31103 0.301584 0.361864 0.337367 0.322277 0.275421 0.233326 0.200709 0.176226 0.159516 0.146237 0.136196 0.12772 0.13119 3.445772e-02 0.902
N:5 Run:8 0.111743 0.110528 0.17747 0.274 0.356655 0.37246 0.454139 0.51449 0.522712 0.53748 0.499812 0.556877 0.416632 0.320307 0.257048 0.212015 0.185805 0.165397 0.151957 0.146403 0.138567 3.445772e-02 0.902
N:5 Run:9 0.0902644 0.0998153 0.0989986 0.0967132 0.0965067 0.0964673 0.0956797 0.0954663 0.0978139 0.0983686 0.103717 0.10281 0.111069 0.122085 0.135776 0.13866 0.139257 0.134492 0.129233 0.12233 0.120731 3.445772e-02 0.902
N:6 Run:0 0.108455 0.107537 0.112017 0.114548 0.119295 0.11781 0.116496 0.117512 0.123242 0.129049 0.1382 0.138725 0.143577 0.141656 0.145113 0.143711 0.145966 0.137163 0.134557 0.126524 0.121714 2.977920e-02 0.906
N:6 Run:1 0.16277 0.147299 0.132087 0.128571 0.124309 0.120774 0.128848 0.130297 0.129682 0.142537 0.145171 0.13912 0.138578 0.139684 0.138213 0.135084 0.131099 0.128183 0.129003 0.127951 0.124085 2.977920e-02 0.906
N:6 Run:2 0.169576 0.151879 0.143641 0.133039 0.133762 0.123822 0.126862 0.123035 0.126153 0.126226 0.122171 0.122701 0.123906 0.120738 0.120862 0.124823 0.126793 0.119607 0.123097 0.121282 0.124374 2.977920e-02 0.906
N:6 Run:3 0.131861 0.125424 0.124715 0.125029 0.123005 0.125977 0.119836 0.119892 0.123959 0.124068 0.129969 0.136385 0.150179 0.148161 0.143821 0.142239 0.14287 0.136702 0.130105 0.129842 0.125223 2.977920e-02 0.906
N:6 Run:4 0.168186 0.149 0.140917 0.132819 0.133412 0.142148 0.140026 0.153925 0.153277 0.156847 0.167921 0.159392 0.1617 0.155605 0.150481 0.139093 0.131018 0.125993 0.131293 0.127919 0.123784 2.977920e-02 0.906
N:6 Run:5 0.110752 0.117847 0.119608 0.121021 0.118561 0.126569 0.12806 0.124956 0.129437 0.132957 0.136138 0.1378 0.142639 0.13898 0.134702 0.129029 0.131454 0.124572 0.126061 0.123465 0.121443 2.977920e-02 0.906
N:6 Run:6 0.137036 0.13272 0.124723 0.121625 0.119118 0.120389 0.124131 0.121256 0.120365 0.127114 0.12904 0.133321 0.139781 0.146199 0.142109 0.142213 0.135212 0.130904 0.128167 0.127057 0.12667 2.977920e-02 0.906
N:6 Run:7 0.119247 0.116803 0.176224 0.19831 0.212099 0.251419 0.275146 0.31103 0.301584 0.361864 0.337367 0.322277 0.275421 0.233326 0.200709 0.176226 0.159516 0.146237 0.136196 0.12772 0.13119 2.977920e-02 0.906
N:6 Run:8 0.111743 0.110528 0.17747 0.274 0.356655 0.37246 0.454139 0.51449 0.522712 0.53748 0.499812 0.556877 0.416632 0.320307 0.257048 0.212015 0.185805 0.165397 0.151957 0.146403 0.138567 2.977920e-02 0.906
N:6 Run:9 0.0902644 0.0998153 0.0989986 0.0967132 0.0965067 0.0964673 0.0956797 0.0954663 0.0978139 0.0983686 0.103717 0.10281 0.111069 0.122085 0.135776 0.13866 0.139257 0.134492 0.129233 0.12233 0.120731 2.977920e-02 0.906
N:7 Run:0 0.108455 0.107537 0.112017 0.114548 0.119295 0.11781 0.116496 0.117512 0.123242 0.129049 0.1382 0.138725 0.143577 0.141656 0.145113 0.143711 0.145966 0.137163 0.134557 0.126524 0.121714 2.904174e-02 0.893
N:7 Run:1 0.16277 0.147299 0.132087 0.128571 0.124309 0.120774 0.128848 0.130297 0.129682 0.142537 0.145171 0.13912 0.138578 0.139684 0.138213 0.135084 0.131099 0.128183 0.129003 0.127951 0.124085 2.904174e-02 0.893
N:7 Run:2 0.169576 0.151879 0.143641 0.133039 0.133762 0.123822 0.126862 0.123035 0.126153 0.126226 0.122171 0.122701 0.123906 0.120738 0.120862 0.124823 0.126793 0.119607 0.123097 0.121282 0.124374 2.904174e-02 0.893
N:7 Run:3 0.131861 0.125424 0.124715 0.125029 0.123005 0.125977 0.119836 0.119892 0.123959 0.124068 0.129969 0.136385 0.150179 0.148161 0.143821 0.142239 0.14287 0.136702 0.130105 0.129842 0.125223 2.904174e-02 0.893
N:7 Run:4 0.168186 0.149 0.140917 0.132819 0.133412 0.142148 0.140026 0.153925 0.153277 0.156847 0.167921 0.159392 0.1617 0.155605 0.150481 0.139093 0.131018 0.125993 0.131293 0.127919 0.123784 2.904174e-02 0.893
N:7 Run:5 0.110752 0.117847 0.119608 0.121021 0.118561 0.126569 0.12806 0.124956 0.129437 0.132957 0.136138 0.1378 0.142639 0.13898 0.134702 0.129029 0.131454 0.124572 0.126061 0.123465 0.121443 2.904174e-02 0.893
N:7 Run:6 0.137036 0.13272 0.124723 0.121625 0.119118 0.120389 0.124131 0.121256 0.120365 0.127114 0.12904 0.133321 0.139781 0.146199 0.142109 0.142213 0.135212 0.130904 0.128167 0.127057 0.12667 2.904174e-02 0.893
N:7 Run:7 0.119247 0.116803 0.176224 0.19831 0.212099 0.251419 0.275146 0.31103 0.301584 0.361864 0.337367 0.322277 0.275421 0.233326 0.200709 0.176226 0.159516 0.146237 0.136196 0.12772 0.13119 2.904174e-02 0.893
N:7 Run:8 0.111743 0.110528 0.17747 0.274 0.356655 0.37246 0.454139 0.51449 0.522712 0.53748 0.499812 0.556877 0.416632 0.320307 0.257048 0.212015 0.185805 0.165397 0.151957 0.146403 0.138567 2.904174e-02 0.893
N:7 Run:9 0.0902644 0.0998153 0.0989986 0.0967132 0.0965067 0.0964673 0.0956797 0.0954663 0.0978139 0.0983686 0.103717 0.10281 0.111069 0.122085 0.135776 0.13866 0.139257 0.134492 0.129233 0.12233 0.120731 2.904174e-02 0.893
N:8 Run:0 0.108455 0.107537 0.112017 0.114548 0.119295 0.11781 0.116496 0.117512 0.123242 0.129049 0.1382 0.138725 0.143577 0.141656 0.145113 0.143711 0.145966 0.137163 0.134557 0.126524 0.121714 3.550200e-02 0.902
N:8 Run:1 0.16277 0.147299 0.132087 0.128571 0.124309 0.120774 0.128848 0.130297 0.129682 0.142537 0.145171 0.13912 0.138578 0.139684 0.138213 0.135084 0.131099 0.128183 0.129003 0.127951 0.124085 3.550200e-02 0.902
N:8 Run:2 0.169576 0.151879 0.143641 0.133039 0.133762 0.123822 0.126862 0.123035 0.126153 0.126226 0.122171 0.122701 0.123906 0.120738 0.120862 0.124823 0.126793 0.119607 0.123097 0.121282 0.124374 3.550200e-02 0.902
N:8 Run:3 0.131861 0.125424 0.124715 0.125029 0.123005 0.125977 0.119836 0.119892 0.123959 0.124068 0.129969 0.136385 0.150179 0.148161 0.143821 0.142239 0.14287 0.136702 0.130105 0.129842 0.125223 3.550200e-02 0.902
N:8 Run:4 0.168186 0.149 0.140917 0.132819 0.133412 0.142148 0.140026 0.153925 0.153277 0.156847 0.167921 0.159392 0.1617 0.155605 0.150481 0.139093 0.131018 0.125993 0.131293 0.127919 0.123784 3.550200e-02 0.902
N:8 Run:5 0.110752 0.117847 0.119608 0.121021 0.118561 0.126569 0.12806 0.124956 0.129437 0.132957 0.136138 0.1378 0.142639 0.13898 0.134702 0.129029 0.131454 0.124572 0.126061 0.123465 0.121443 3.550200e-02 0.902
N:8 Run:6 0.137036 0.13272 0.124723 0.121625 0.119118 0.120389 0.124131 0.121256 0.120365 0.127114 0.12904 0.133321 0.139781 0.146199 0.142109 0.142213 0.135212 0.130904 0.128167 0.127057 0.12667 3.550200e-02 0.902
N:8 Run:7 0.119247 0.116803 0.176224 0.19831 0.212099 0.251419 0.275146 0.31103 0.301584 0.361864 0.337367 0.322277 0.275421 0.233326 0.200709 0.176226 0.159516 0.146237 0.136196 0.12772 0.13119 3.550200e-02 0.902
N:8 Run:8 0.111743 0.110528 0.17747 0.274 0.356655 0.37246 0.454139 0.51449 0.522712 0.53748 0.499812 0.556877 0.416632 0.320307 0.257048 0.212015 0.185805 0.165397 0.151957 0.146403 0.138567 3.550200e-02 0.902
N:8 Run:9 0.0902644 0.0998153 0.0989986 0.0967132 0.0965067 0.0964673 0.0956797 0.0954663 0.0978139 0.0983686 0.103717 0.10281 0.111069 0.122085 0.135776 0.13866 0.139257 0.134492 0.129233 0.12233 0.120731 3.550200e-02 0.902
N:9 Run:0 0.108455 0.107537 0.112017 0.114548 0.119295 0.11781 0.116496 0.117512 0.123242 0.129049 0.1382 0.138725 0.143577 0.141656 0.145113 0.143711 0.145966 0.137163 0.134557 0.126524 0.121714 5.021402e-02 0.899
N:9 Run:1 0.16277 0.147299 0.132087 0.128571 0.124309 0.120774 0.128848 0.130297 0.129682 0.142537 0.145171 0.13912 0.138578 0.139684 0.138213 0.135084 0.131099 0.128183 0.129003 0.127951 0.124085 5.021402e-02 0.899
N:9 Run:2 0.169576 0.151879 0.143641 0.133039 0.133762 0.123822 0.126862 0.123035 0.126153 0.126226 0.122171 0.122701 0.123906 0.120738 0.120862 0.124823 0.126793 0.119607 0.123097 0.121282 0.124374 5.021402e-02 0.899
N:9 Run:3 0.131861 0.125424 0.124715 0.125029 0.123005 0.125977 0.119836 0.119892 0.123959 0.124068 0.129969 0.136385 0.150179 0.148161 0.143821 0.142239 0.14287 0.136702 0.130105 0.129842 0.125223 5.021402e-02 0.899
N:9 Run:4 0.168186 0.149 0.140917 0.132819 0.133412 0.142148 0.140026 0.153925 0.153277 0.156847 0.167921 0.159392 0.1617 0.155605 0.150481 0.139093 0.131018 0.125993 0.131293 0.127919 0.123784 5.021402e-02 0.899
N:9 Run:5 0.110752 0.117847 0.119608 0.121021 0.118561 0.126569 0.12806 0.124956 0.129437 0.132957 0.136138 0.1378 0.142639 0.13898 0.134702 0.129029 0.131454 0.124572 0.126061 0.123465 0.121443 5.021402e-02 0.899
N:9 Run:6 0.137036 0.13272 0.124723 0.121625 0.119118 0.120389 0.124131 0.121256 0.120365 0.127114 0.12904 0.133321 0.139781 0.146199 0.142109 0.142213 0.135212 0.130904 0.128167 0.127057 0.12667 5.021402e-02 0.899
N:9 Run:7 0.119247 0.116803 0.176224 0.19831 0.212099 0.251419 0.275146 0.31103 0.301584 0.361864 0.337367 0.322277 0.275421 0.233326 0.200709 0.176226 0.159516 0.146237 0.136196 0.12772 0.13119 5.021402e-02 0.899
N:9 Run:8 0.111743 0.110528 0.17747 0.274 0.356655 0.37246 0.454139 0.51449 0.522712 0.53748 0.499812 0.556877 0.416632 0.320307 0.257048 0.212015 0.185805 0.165397 0.151957 0.146403 0.138567 5.021402e-02 0.899
N:9 Run:9 0.0902644 0.0998153 0.0989986 0.0967132 0.0965067 0.0964673 0.0956797 0.0954663 0.0978139 0.0983686 0.103717 0.10281 0.111069 0.122085 0.135776 0.13866 0.139257 0.134492 0.129233 0.12233 0.120731 5.021402e-02 0.899
N:10 Run:0 0.108455 0.107537 0.112017 0.114548 0.119295 0.11781 0.116496 0.117512 0.123242 0.129049 0.1382 0.138725 0.143577 0.141656 0.145113 0.143711 0.145966 0.137163 0.134557 0.126524 0.121714 3.394397e-02 0.893
N:10 Run:1 0.16277 0.147299 0.132087 0.128571 0.124309 0.120774 0.128848 0.130297 0.129682 0.142537 0.145171 0.13912 0.138578 0.139684 0.138213 0.135084 0.131099 0.128183 0.129003 0.127951 0.124085 3.394397e-02 0.893
N:10 Run:2 0.169576 0.151879 0.143641 0.133039 0.133762 0.123822 0.126862 0.123035 0.126153 0.126226 0.122171 0.122701 0.123906 0.120738 0.120862 0.124823 0.126793 0.119607 0.123097 0.121282 0.124374 3.394397e-02 0.893
N:10 Run:3 0.131861 0.125424 0.124715 0.125029 0.123005 0.125977 0.119836 0.119892 0.123959 0.124068 0.129969 0.136385 0.150179 0.148161 0.143821 0.142239 0.14287 0.136702 0.130105 0.129842 0.125223 3.394397e-02 0.893
N:10 Run:4 0.168186 0.149 0.140917 0.132819 0.133412 0.142148 0.140026 0.153925 0.153277 0.156847 0.167921 0.159392 0.1617 0.155605 0.150481 0.139093 0.131018 0.125993 0.131293 0.127919 0.123784 3.394397e-02 0.893
N:10 Run:5 0.110752 0.117847 0.119608 0.121021 0.118561 0.126569 0.12806 0.124956 0.129437 0.132957 0.136138 0.1378 0.142639 0.13898 0.134702 0.129029 0.131454 0.124572 0.126061 0.123465 0.121443 3.394397e-02 0.893
N:10 Run:6 0.137036 0.13272 0.124723 0.121625 0.119118 0.120389 0.124131 0.121256 0.120365 0.127114 0.12904 0.133321 0.139781 0.146199 0.142109 0.142213 0.135212 0.130904 0.128167 0.127057 0.12667 3.394397e-02 0.893
N:10 Run:7 0.119247 0.116803 0.176224 0.19831 0.212099 0.251419 0.275146 0.31103 0.301584 0.361864 0.337367 0.322277 0.275421 0.233326 0.200709 0.176226 0.159516 0.146237 0.136196 0.12772 0.13119 3.394397e-02 0.893
N:10 Run:8 0.111743 0.110528 0.17747 0.274 0.356655 0.37246 0.454139 0.51449 0.522712 0.53748 0.499812 0.556877 0.416632 0.320307 0.257048 0.212015 0.185805 0.165397 0.151957 0.146403 0.138567 3.394397e-02 0.893
N:10 Run:9 0.0902644 0.0998153 0.0989986 0.0967132 0.0965067 0.0964673 0.0956797 0.0954663 0.0978139 0.0983686 0.103717 0.10281 0.111069 0.122085 0.135776 0.13866 0.139257 0.134492 0.129233 0.12233 0.120731 3.394397e-02 0.893
N:11 Run:0 0.108455 0.107537 0.112017 0.114548 0.119295 0.11781 0.116496 0.117512 0.123242 0.129049 0.1382 0.138725 0.143577 0.141656 0.145113 0.143711 0.145966 0.137163 0.134557 0.126524 0.121714 2.886327e-02 0.882
N:11 Run:1 0.16277 0.147299 0.132087 0.128571 0.124309 0.120774 0.128848 0.130297 0.129682 0.142537 0.145171 0.13912 0.138578 0.139684 0.138213 0.135084 0.131099 0.128183 0.129003 0.127951 0.124085 2.886327e-02 0.882
N:11 Run:2 0.169576 0.151879 0.143641 0.133039 0.133762 0.123822 0.126862 0.123035 0.126153 0.126226 0.122171 0.122701 0.123906 0.120738 0.120862 0.124823 0.126793 0.119607 0.123097 0.121282 0.124374 2.886327e-02 0.882
N:11 Run:3 0.131861 0.125424 0.124715 0.125029 0.123005 0.125977 0.119836 0.119892 0.123959 0.124068 0.129969 0.136385 0.150179 0.148161 0.143821 0.142239 0.14287 0.136702 0.130105 0.129842 0.125223 2.886327e-02 0.882
N:11 Run:4 0.168186 0.149 0.140917 0.132819 0.133412 0.142148 0.140026 0.153925 0.153277 0.156847 0.167921 0.159392 0.1617 0.155605 0.150481 0.139093 0.131018 0.125993 0.131293 0.127919 0.123784 2.886327e-02 0.882
N:11 Run:5 0.110752 0.117847 0.119608 0.121021 0.118561 0.126569 0.12806 0.124956 0.129437 0.132957 0.136138 0.1378 0.142639 0.13898 0.134702 0.129029 0.131454 0.124572 0.126061 0.123465 0.121443 2.886327e-02 0.882
N:11 Run:6 0.137036 0.13272 0.124723 0.121625 0.119118 0.120389 0.124131 0.121256 0.120365 0.127114 0.12904 0.133321 0.139781 0.146199 0.142109 0.142213 0.135212 0.130904 0.128167 0.127057 0.12667 2.886327e-02 0.882
N:11 Run:7 0.119247 0.116803 0.176224 0.19831 0.212099 0.251419 0.275146 0.31103 0.301584 0.361864 0.337367 0.322277 0.275421 0.233326 0.200709 0.176226 0.159516 0.146237 0.136196 0.12772 0.13119 2.886327e-02 0.882
N:11 Run:8 0.111743 0.110528 0.17747 0.274 0.356655 0.37246 0.454139 0.51449 0.522712 0.53748 0.499812 0.556877 0.416632 0.320307 0.257048 0.212015 0.185805 0.165397 0.151957 0.146403 0.138567 2.886327e-02 0.882
N:11 Run:9 0.0902644 0.0998153 0.0989986 0.0967132 0.0965067 0.0964673 0.0956797 0.0954663 0.0978139 0.0983686 0.103717 0.10281 0.111069 0.122085 0.135776 0.13866 0.139257 0.134492 0.129233 0.12233 0.120731 2.886327e-02 0.882
N:12 Run:0 0.108455 0.107537 0.112017 0.114548 0.119295 0.11781 0.116496 0.117512 0.123242 0.129049 0.1382 0.138725 0.143577 0.141656 0.145113 0.143711 0.145966 0.137163 0.134557 0.126524 0.121714 3.414115e-02 0.884
N:12 Run:1 0.16277 0.147299 0.132087 0.128571 0.124309 0.120774 0.128848 0.130297 0.129682 0.142537 0.145171 0.13912 0.138578 0.139684 0.138213 0.135084 0.131099 0.128183 0.129003 0.127951 0.124085 3.414115e-02 0.884
N:12 Run:2 0.169576 0.151879 0.143641 0.133039 0.133762 0.123822 0.126862 0.123035 0.126153 0.126226 0.122171 0.122701 0.123906 0.120738 0.120862 0.124823 0.126793 0.119607 0.123097 0.121282 0.124374 3.414115e-02 0.884
N:12 Run:3 0.131861 0.125424 0.124715 0.125029 0.123005 0.125977 0.119836 0.119892 0.123959 0.124068 0.129969 0.136385 0.150179 0.148161 0.143821 0.142239 0.14287 0.136702 0.130105 0.129842 0.125223 3.414115e-02 0.884
N:12 Run:4 0.168186 0.149 0.140917 0.132819 0.133412 0.142148 0.140026 0.153925 0.153277 0.156847 0.167921 0.159392 0.1617 0.155605 0.150481 0.139093 0.131018 0.125993 0.131293 0.127919 0.123784 3.414115e-02 0.884
N:12 Run:5 0.110752 0.117847 0.119608 0.121021 0.118561 0.126569 0.12806 0.124956 0.129437 0.132957 0.136138 0.1378 0.142639 0.13898 0.134702 0.129029 0.131454 0.124572 0.126061 0.123465 0.121443 3.414115e-02 0.884
N:12 Run:6 0.137036 0.13272 0.124723 0.121625 0.119118 0.120389 0.124131 0.121256 0.120365 0.127114 0.12904 0.133321 0.139781 0.146199 0.142109 0.142213 0.135212 0.130904 0.128167 0.127057 0.12667 3.414115e-02 0.884
N:12 Run:7 0.119247 0.116803 0.176224 0.19831 0.212099 0.251419 0.275146 0.31103 0.301584 0.361864 0.337367 0.322277 0.275421 0.233326 0.200709 0.176226 0.159516 0.146237 0.136196 0.12772 0.13119 3.414115e-02 0.884
N:12 Run:8 0.111743 0.110528 0.17747 0.274 0.356655 0.37246 0.454139 0.51449 0.522712 0.53748 0.499812 0.556877 0.416632 0.320307 0.257048 0.212015 0.185805 0.165397 0.151957 0.146403 0.138567 3.414115e-02 0.884
N:12 Run:9 0.0902644 0.0998153 0.0989986 0.0967132 0.0965067 0.0964673 0.0956797 0.0954663 0.0978139 0.0983686 0.103717 0.10281 0.111069 0.122085 0.135776 0.13866 0.139257 0.134492 0.129233 0.12233 0.120731 3.414115e-02 0.884
N:13 Run:0 0.108455 0.107537 0.112017 0.114548 0.119295 0.11781 0.116496 0.117512 0.123242 0.129049 0.1382 0.138725 0.143577 0.141656 0.145113 0.143711 0.145966 0.137163 0.134557 0.126524 0.121714 2.758293e-02 0.922
N:13 Run:1 0.16277 0.147299 0.132087 0.128571 0.124309 0.120774 0.128848 0.130297 0.129682 0.142537 0.145171 0.13912 0.138578 0.139684 0.138213 0.135084 0.131099 0.128183 0.129003 0.127951 0.124085 2.758293e-02 0.922
N:13 Run:2 0.169576 0.151879 0.143641 0.133039 0.133762 0.123822 0.126862 0.123035 0.126153 0.126226 0.122171 0.122701 0.123906 0.120738 0.120862 0.124823 0.126793 0.119607 0.123097 0.121282 0.124374 2.758293e-02 0.922
N:13 Run:3 0.131861 0.125424 0.124715 0.125029 0.123005 0.125977 0.119836 0.119892 0.123959 0.124068 0.129969 0.136385 0.150179 0.148161 0.143821 0.142239 0.14287 0.136702 0.130105 0.129842 0.125223 2.758293e-02 0.922
N:13 Run:4 0.168186 0.149 0.140917 0.132819 0.133412 0.142148 0.140026 0.153925 0.153277 0.156847 0.167921 0.159392 0.1617 0.155605 0.150481 0.139093 0.131018 0.125993 0.131293 0.127919 0.123784 2.758293e-02 0.922
N:13 Run:5 0.110752 0.117847 0.119608 0.121021 0.118561 0.126569 0.12806 0.124956 0.129437 0.132957 0.136138 0.1378 0.142639 0.13898 0.134702 0.129029 0.131454 0.124572 0.126061 0.123465 0.121443 2.758293e-02 0.922
N:13 Run:6 0.137036 0.13272 0.124723 0.121625 0.119118 0.120389 0.124131 0.121256 0.120365 0.127114 0.12904 0.133321 0.139781 0.146199 0.142109 0.142213 0.135212 0.130904 0.128167 0.127057 0.12667 2.758293e-02 0.922
N:13 Run:7 0.119247 0.116803 0.176224 0.19831 0.212099 0.251419 0.275146 0.31103 0.301584 0.361864 0.337367 0.322277 0.275421 0.233326 0.200709 0.176226 0.159516 0.146237 0.136196 0.12772 0.13119 2.758293e-02 0.922
N:13 Run:8 0.111743 0.110528 0.17747 0.274 0.356655 0.37246 0.454139 0.51449 0.522712 0.53748 0.499812 0.556877 0.416632 0.320307 0.257048 0.212015 0.185805 0.165397 0.151957 0.146403 0.138567 2.758293e-02 0.922
N:13 Run:9 0.0902644 0.0998153 0.0989986 0.0967132 0.0965067 0.0964673 0.0956797 0.0954663 0.0978139 0.0983686 0.103717 0.10281 0.111069 0.122085 0.135776 0.13866 0.139257 0.134492 0.129233 0.12233 0.120731 2.758293e-02 0.922
N:14 Run:0 0.108455 0.107537 0.112017 0.114548 0.119295 0.11781 0.116496 0.117512 0.123242 0.129049 0.1382 0.138725 0.143577 0.141656 0.145113 0.143711 0.145966 0.137163 0.134557 0.126524 0.121714 2.769674e-02 0.928
N:14 Run:1 0.16277 0.147299 0.132087 0.128571 0.124309 0.120774 0.128848 0.130297 0.129682 0.142537 0.145171 0.13912 0.138578 0.139684 0.138213 0.135084 0.131099 0.128183 0.129003 0.127951 0.124085 2.769674e-02 0.928
N:14 Run:2 0.169576 0.151879 0.143641 0.133039 0.133762 0.123822 0.126862 0.123035 0.126153 0.126226 0.122171 0.122701 0.123906 0.120738 0.120862 0.124823 0.126793 0.119607 0.123097 0.121282 0.124374 2.769674e-02 0.928
N:14 Run:3 0.131861 0.125424 0.124715 0.125029 0.123005 0.125977 0.119836 0.119892 0.123959 0.124068 0.129969 0.136385 0.150179 0.148161 0.143821 0.142239 0.14287 0.136702 0.130105 0.129842 0.125223 2.769674e-02 0.928
N:14 Run:4 0.168186 0.149 0.140917 0.132819 0.133412 0.142148 0.140026 0.153925 0.153277 0.156847 0.167921 0.159392 0.1617 0.155605 0.150481 0.139093 0.131018 0.125993 0.131293 0.127919 0.123784 2.769674e-02 0.928
N:14 Run:5 0.110752 0.117847 0.119608 0.121021 0.118561 0.126569 0.12806 0.124956 0.129437 0.132957 0.136138 0.1378 0.142639 0.13898 0.134702 0.129029 0.131454 0.124572 0.126061 0.123465 0.121443 2.769674e-02 0.928
N:14 Run:6 0.137036 0.13272 0.124723 0.121625 0.119118 0.120389 0.124131 0.121256 0.120365 0.127114 0.12904 0.133321 0.139781 0.146199 0.142109 0.142213 0.135212 0.130904 0.128167 0.127057 0.12667 2.769674e-02 0.928
N:14 Run:7 0.119247 0.116803 0.176224 0.19831 0.212099 0.251419 0.275146 0.31103 0.301584 0.361864 0.337367 0.322277 0.275421 0.233326 0.200709 0.176226 0.159516 0.146237 0.136196 0.12772 0.13119 2.769674e-02 0.928
N:14 Run:8 0.111743 0.110528 0.17747 0.274 0.356655 0.37246 0.454139 0.51449 0.522712 0.53748 0.499812 0.556877 0.416632 0.320307 0.257048 0.212015 0.185805 0.165397 0.151957 0.146403 0.138567 2.769674e-02 0.928
N:14 Run:9 0.0902644 0.0998153 0.0989986 0.0967132 0.0965067 0.0964673 0.0956797 0.0954663 0.0978139 0.0983686 0.103717 0.10281 0.111069 0.122085 0.135776 0.13866 0.139257 0.134492 0.129233 0.12233 0.120731 2.769674e-02 0.928
N:15 Run:0 0.108455 0.107537 0.112017 0.114548 0.119295 0.11781 0.116496 0.117512 0.123242 0.129049 0.1382 0.138725 0.143577 0.141656 0.145113 0.143711 0.145966 0.137163 0.134557 0.126524 0.121714 4.482222e-02 0.875
N:15 Run:1 0.16277 0.147299 0.132087 0.128571 0.124309 0.120774 0.128848 0.130297 0.129682 0.142537 0.145171 0.13912 0.138578 0.139684 0.138213 0.135084 0.131099 0.128183 0.129003 0.127951 0.124085 4.482222e-02 0.875
N:15 Run:2 0.169576 0.151879 0.143641 0.133039 0.133762 0.123822 0.126862 0.123035 0.126153 0.126226 0.122171 0.122701 0.123906 0.120738 0.120862 0.124823 0.126793 0.119607 0.123097 0.121282 0.124374 4.482222e-02 0.875
N:15 Run:3 0.131861 0.125424 0.124715 0.125029 0.123005 0.125977 0.119836 0.119892 0.123959 0.124068 0.129969 0.136385 0.150179 0.148161 0.143821 0.142239 0.14287 0.136702 0.130105 0.129842 0.125223 4.482222e-02 0.875
N:15 Run:4 0.168186 0.149 0.140917 0.132819 0.133412 0.142148 0.140026 0.153925 0.153277 0.156847 0.167921 0.159392 0.1617 0.155605 0.150481 0.139093 0.131018 0.125993 0.131293 0.127919 0.123784 4.482222e-02 0.875
N:15 Run:5 0.110752 0.117847 0.119608 0.121021 0.118561 0.126569 0.12806 0.124956 0.129437 0.132957 0.136138 0.1378 0.142639 0.13898 0.134702 0.129029 0.131454 0.124572 0.126061 0.123465 0.121443 4.482222e-02 0.875
N:15 Run:6 0.137036 0.13272 0.124723 0.121625 0.119118 0.120389 0.124131 0.121256 0.120365 0.127114 0.12904 0.133321 0.139781 0.146199 0.142109 0.142213 0.135212 0.130904 0.128167 0.127057 0.12667 4.482222e-02 0.875
N:15 Run:7 0.119247 0.116803 0.176224 0.19831 0.212099 0.251419 0.275146 0.31103 0.301584 0.361864 0.337367 0.322277 0.275421 0.233326 0.200709 0.176226 0.159516 0.146237 0.136196 0.12772 0.13119 4.482222e-02 0.875
N:15 Run:8 0.111743 0.110528 0.17747 0.274 0.356655 0.37246 0.454139 0.51449 0.522712 0.53748 0.499812 0.556877 0.416632 0.320307 0.257048 0.212015 0.185805 0.165397 0.151957 0.146403 0.138567 4.482222e-02 0.875
N:15 Run:9 0.0902644 0.0998153 0.0989986 0.0967132 0.0965067 0.0964673 0.0956797 0.0954663 0.0978139 0.0983686 0.103717 0.10281 0.111069 0.122085 0.135776 0.13866 0.139257 0.134492 0.129233 0.12233 0.120731 4.482222e-02 0.875
N:16 Run:0 0.108455 0.107537 0.112017 0.114548 0.119295 0.11781 0.116496 0.117512 0.123242 0.129049 0.1382 0.138725 0.143577 0.141656 0.145113 0.143711 0.145966 0.137163 0.134557 0.126524 0.121714 2.982304e-02 0.895
N:16 Run:1 0.16277 0.147299 0.132087 0.128571 0.124309 0.120774 0.128848 0.130297 0.129682 0.142537 0.145171 0.13912 0.138578 0.139684 0.138213 0.135084 0.131099 0.128183 0.129003 0.127951 0.124085 2.982304e-02 0.895
N:16 Run:2 0.169576 0.151879 0.143641 0.133039 0.133762 0.123822 0.126862 0.123035 0.126153 0.126226 0.122171 0.122701 0.123906 0.120738 0.120862 0.124823 0.126793 0.119607 0.123097 0.121282 0.124374 2.982304e-02 0.895
N:16 Run:3 0.131861 0.125424 0.124715 0.125029 0.123005 0.125977 0.119836 0.119892 0.123959 0.124068 0.129969 0.136385 0.150179 0.148161 0.143821 0.142239 0.14287 0.136702 0.130105 0.129842 0.125223 2.982304e-02 0.895
N:16 Run:4 0.168186 0.149 0.140917 0.132819 0.133412 0.142148 0.140026 0.153925 0.153277 0.156847 0.167921 0.159392 0.1617 0.155605 0.150481 0.139093 0.131018 0.125993 0.131293 0.127919 0.123784 2.982304e-02 0.895
N:16 Run:5 0.110752 0.117847 0.119608 0.121021 0.118561 0.126569 0.12806 0.124956 0.129437 0.132957 0.136138 0.1378 0.142639 0.13898 0.134702 0.129029 0.131454 0.124572 0.126061 0.123465 0.121443 2.982304e-02 0.895
N:16 Run:6 0.137036 0.13272 0.124723 0.121625 0.119118 0.120389 0.124131 0.121256 0.120365 0.127114 0.12904 0.133321 0.139781 0.146199 0.142109 0.142213 0.135212 0.130904 0.128167 0.127057 0.12667 2.982304e-02 0.895
N:16 Run:7 0.119247 0.116803 0.176224 0.19831 0.212099 0.251419 0.275146 0.31103 0.301584 0.361864 0.337367 0.322277 0.275421 0.233326 0.200709 0.176226 0.159516 0.146237 0.136196 0.12772 0.13119 2.982304e-02 0.895
N:16 Run:8 0.111743 0.110528 0.17747 0.274 0.356655 0.37246 0.454139 0.51449 0.522712 0.53748 0.499812 0.556877 0.416632 0.320307 0.257048 0.212015 0.185805 0.165397 0.151957 0.146403 0.138567 2.982304e-02 0.895
N:16 Run:9 0.0902644 0.0998153 0.0989986 0.0967132 0.0965067 0.0964673 0.0956797 0.0954663 0.0978139 0.0983686 0.103717 0.10281 0.111069 0.122085 0.135776 0.13866 0.139257 0.134492 0.129233 0.12233 0.120731 2.982304e-02 0.895
N:17 Run:0 0.108455 0.107537 0.112017 0.114548 0.119295 0.11781 0.116496 0.117512 0.123242 0.129049 0.1382 0.138725 0.143577 0.141656 0.145113 0.143711 0.145966 0.137163 0.134557 0.126524 0.121714 2.906270e-02 0.903
N:17 Run:1 0.16277 0.147299 0.132087 0.128571 0.124309 0.120774 0.128848 0.130297 0.129682 0.142537 0.145171 0.13912 0.138578 0.139684 0.138213 0.135084 0.131099 0.128183 0.129003 0.127951 0.124085 2.906270e-02 0.903
N:17 Run:2 0.169576 0.151879 0.143641 0.133039 0.133762 0.123822 0.126862 0.123035 0.126153 0.126226 0.122171 0.122701 0.123906 0.120738 0.120862 0.124823 0.126793 0.119607 0.123097 0.121282 0.124374 2.906270e-02 0.903
N:17 Run:3 0.131861 0.125424 0.124715 0.125029 0.123005 0.125977 0.119836 0.119892 0.123959 0.124068 0.129969 0.136385 0.150179 0.148161 0.143821 0.142239 0.14287 0.136702 0.130105 0.129842 0.125223 2.906270e-02 0.903
N:17 Run:4 0.168186 0.149 0.140917 0.132819 0.133412 0.142148 0.140026 0.153925 0.153277 0.156847 0.167921 0.159392 0.1617 0.155605 0.150481 0.139093 0.131018 0.125993 0.131293 0.127919 0.123784 2.906270e-02 0.903
N:17 Run:5 0.110752 0.117847 0.119608 0.121021 0.118561 0.126569 0.12806 0.124956 0.129437 0.132957 0.136138 0.1378 0.142639 0.13898 0.134702 0.129029 0.131454 0.124572 0.126061 0.123465 0.121443 2.906270e-02 0.903
N:17 Run:6 0.137036 0.13272 0.124723 0.121625 0.119118 0.120389 0.124131 0.121256 0.120365 0.127114 0.12904 0.133321 0.139781 0.146199 0.142109 0.142213 0.135212 0.130904 0.128167 0.127057 0.12667 2.906270e-02 0.903
N:17 Run:7 0.119247 0.116803 0.176224 0.19831 0.212099 0.251419 0.275146 0.31103 0.301584 0.361864 0.337367 0.322277 0.275421 0.233326 0.200709 0.176226 0.159516 0.146237 0.136196 0.12772 0.13119 2.906270e-02 0.903
N:17 Run:8 0.111743 0.110528 0.17747 0.274 0.356655 0.37246 0.454139 0.51449 0.522712 0.53748 0.499812 0.556877 0.416632 0.320307 0.257048 0.212015 0.185805 0.165397 0.151957 0.146403 0.138567 2.906270e-02 0.903
N:17 Run:9 0.0902644 0.0998153 0.0989986 0.0967132 0.0965067 0.0964673 0.0956797 0.0954663 0.0978139 0.0983686 0.103717 0.10281 0.111069 0.122085 0.135776 0.13866 0.139257 0.134492 0.129233 0.12233 0.120731 2.906270e-02 0.903
N:18 Run:0 0.108455 0.107537 0.112017 0.114548 0.119295 0.11781 0.116496 0.117512 0.123242 0.129049 0.1382 0.138725 0.143577 0.141656 0.145113 0.143711 0.145966 0.137163 0.134557 0.126524 0.121714 2.942301e-02 0.901
N:18 Run:1 0.16277 0.147299 0.132087 0.128571 0.124309 0.120774 0.128848 0.130297 0.129682 0.142537 0.145171 0.13912 0.138578 0.139684 0.138213 0.135084 0.131099 0.128183 0.129003 0.127951 0.124085 2.942301e-02 0.901
N:18 Run:2 0.169576 0.151879 0.143641 0.133039 0.133762 0.123822 0.126862 0.123035 0.126153 0.126226 0.122171 0.122701 0.123906 0.120738 0.120862 0.124823 0.126793 0.119607 0.123097 0.121282 0.124374 2.942301e-02 0.901
N:18 Run:3 0.131861 0.125424 0.124715 0.125029 0.123005 0.125977 0.119836 0.119892 0.123959 0.124068 0.129969 0.136385 0.150179 0.148161 0.143821 0.142239 0.14287 0.136702 0.130105 0.129842 0.125223 2.942301e-02 0.901
N:18 Run:4 0.168186 0.149 0.140917 0.132819 0.133412 0.142148 0.140026 0.153925 0.153277 0.156847 0.167921 0.159392 0.1617 0.155605 0.150481 0.139093 0.131018 0.125993 0.131293 0.127919 0.123784 2.942301e-02 0.901
N:18 Run:5 0.110752 0.117847 0.119608 0.121021 0.118561 0.126569 0.12806 0.124956 0.129437 0.132957 0.136138 0.1378 0.142639 0.13898 0.134702 0.129029 0.131454 0.124572 0.126061 0.123465 0.121443 2.942301e-02 0.901
N:18 Run:6 0.137036 0.13272 0.124723 0.121625 0.119118 0.120389 0.124131 0.121256 0.120365 0.127114 0.12904 0.133321 0.139781 0.146199 0.142109 0.142213 0.135212 0.130904 0.128167 0.127057 0.12667 2.942301e-02 0.901
N:18 Run:7 0.119247 0.116803 0.176224 0.19831 0.212099 0.251419 0.275146 0.31103 0.301584 0.361864 0.337367 0.322277 0.275421 0.233326 0.200709 0.176226 0.159516 0.146237 0.136196 0.12772 0.13119 2.942301e-02 0.901
N:18 Run:8 0.111743 0.110528 0.17747 0.274 0.356655 0.37246 0.454139 0.51449 0.522712 0.53748 0.499812 0.556877 0.416632 0.320307 0.257048 0.212015 0.185805 0.165397 0.151957 0.146403 0.138567 2.942301e-02 0.901
N:18 Run:9 0.0902644 0.0998153 0.0989986 0.0967132 0.0965067 0.0964673 0.0956797 0.0954663 0.0978139 0.0983686 0.103717 0.10281 0.111069 0.122085 0.135776 0.13866 0.139257 0.134492 0.129233 0.12233 0.120731 2.942301e-02 0.901
N:19 Run:0 0.108455 0.107537 0.112017 0.114548 0.119295 0.11781 0.116496 0.117512 0.123242 0.129049 0.1382 0.138725 0.143577 0.141656 0.145113 0.143711 0.145966 0.137163 0.134557 0.126524 0.121714 3.437060e-02 0.889
N:19 Run:1 0.16277 0.147299 0.132087 0.128571 0.124309 0.120774 0.128848 0.130297 0.129682 0.142537 0.145171 0.13912 0.138578 0.139684 0.138213 0.135084 0.131099 0.128183 0.129003 0.127951 0.124085 3.437060e-02 0.889
N:19 Run:2 0.169576 0.151879 0.143641 0.133039 0.133762 0.123822 0.126862 0.123035 0.126153 0.126226 0.122171 0.122701 0.123906 0.120738 0.120862 0.124823 0.126793 0.119607 0.123097 0.121282 0.124374 3.437060e-02 0.889
N:19 Run:3 0.131861 0.125424 0.124715 0.125029 0.123005 0.125977 0.119836 0.119892 0.123959 0.124068 0.129969 0.136385 0.150179 0.148161 0.143821 0.142239 0.14287 0.136702 0.130105 0.129842 0.125223 3.437060e-02 0.889
N:19 Run:4 0.168186 0.149 0.140917 0.132819 0.133412 0.142148 0.140026 0.153925 0.153277 0.156847 0.167921 0.159392 0.1617 0.155605 0.150481 0.139093 0.131018 0.125993 0.131293 0.127919 0.123784 3.437060e-02 0.889
N:19 Run:5 0.110752 0.117847 0.119608 0.121021 0.118561 0.126569 0.12806 0.124956 0.129437 0.132957 0.136138 0.1378 0.142639 0.13898 0.134702 0.129029 0.131454 0.124572 0.126061 0.123465 0.121443 3.437060e-02 0.889
N:19 Run:6 0.137036 0.13272 0.124723 0.121625 0.119118 0.120389 0.124131 0.121256 0.120365 0.127114 0.12904 0.133321 0.139781 0.146199 0.142109 0.142213 0.135212 0.130904 0.128167 0.127057 0.12667 3.437060e-02 0.889
N:19 Run:7 0.119247 0.116803 0.176224 0.19831 0.212099 0.251419 0.275146 0.31103 0.301584 0.361864 0.337367 0.322277 0.275421 0.233326 0.200709 0.176226 0.159516 0.146237 0.136196 0.12772 0.13119 3.437060e-02 0.889
N:19 Run:8 0.111743 0.110528 0.17747 0.274 0.356655 0.37246 0.454139 0.51449 0.522712 0.53748 0.499812 0.556877 0.416632 0.320307 0.257048 0.212015 0.185805 0.165397 0.151957 0.146403 0.138567 3.437060e-02 0.889
N:19 Run:9 0.0902644 0.0998153 0.0989986 0.0967132 0.0965067 0.0964673 0.0956797 0.0954663 0.0978139 0.0983686 0.103717 0.10281 0.111069 0.122085 0.135776 0.13866 0.139257 0.134492 0.129233 0.12233 0.120731 3.437060e-02 0.889
N:20 Run:0 0.108455 0.107537 0.112017 0.114548 0.119295 0.11781 0.116496 0.117512 0.123242 0.129049 0.1382 0.138725 0.143577 0.141656 0.145113 0.143711 0.145966 0.137163 0.134557 0.126524 0.121714 3.799120e-02 0.895
N:20 Run:1 0.16277 0.147299 0.132087 0.128571 0.124309 0.120774 0.128848 0.130297 0.129682 0.142537 0.145171 0.13912 0.138578 0.139684 0.138213 0.135084 0.131099 0.128183 0.129003 0.127951 0.124085 3.799120e-02 0.895
N:20 Run:2 0.169576 0.151879 0.143641 0.133039 0.133762 0.123822 0.126862 0.123035 0.126153 0.126226 0.122171 0.122701 0.123906 0.120738 0.120862 0.124823 0.126793 0.119607 0.123097 0.121282 0.124374 3.799120e-02 0.895
N:20 Run:3 0.131861 0.125424 0.124715 0.125029 0.123005 0.125977 0.119836 0.119892 0.123959 0.124068 0.129969 0.136385 0.150179 0.148161 0.143821 0.142239 0.14287 0.136702 0.130105 0.129842 0.125223 3.799120e-02 0.895
N:20 Run:4 0.168186 0.149 0.140917 0.132819 0.133412 0.142148 0.140026 0.153925 0.153277 0.156847 0.167921 0.159392 0.1617 0.155605 0.150481 0.139093 0.131018 0.125993 0.131293 0.127919 0.123784 3.799120e-02 0.895
N:20 Run:5 0.110752 0.117847 0.119608 0.121021 0.118561 0.126569 0.12806 0.124956 0.129437 0.132957 0.136138 0.1378 0.142639 0.13898 0.134702 0.129029 0.131454 0.124572 0.126061 0.123465 0.121443 3.799120e-02 0.895
N:20 Run:6 0.137036 0.13272 0.124723 0.121625 0.119118 0.120389 0.124131 0.121256 0.120365 0.127114 0.12904 0.133321 0.139781 0.146199 0.142109 0.142213 0.135212 0.130904 0.128167 0.127057 0.12667 3.799120e-02 0.895
N:20 Run:7 0.119247 0.116803 0.176224 0.19831 0.212099 0.251419 0.275146 0.31103 0.301584 0.361864 0.337367 0.322277 0.275421 0.233326 0.200709 0.176226 0.159516 0.146237 0.136196 0.12772 0.13119 3.799120e-02 0.895
N:20 Run:8 0.111743 0.110528 0.17747 0.274 0.356655 0.37246 0.454139 0.51449 0.522712 0.53748 0.499812 0.556877 0.416632 0.320307 0.257048 0.212015 0.185805 0.165397 0.151957 0.146403 0.138567 3.799120e-02 0.895
N:20 Run:9 0.0902644 0.0998153 0.0989986 0.0967132 0.0965067 0.0964673 0.0956797 0.0954663 0.0978139 0.0983686 0.103717 0.10281 0.111069 0.122085 0.135776 0.13866 0.139257 0.134492 0.129233 0.12233 0.120731 3.799120e-02 0.895
N:21 Run:0 0.108455 0.107537 0.112017 0.114548 0.119295 0.11781 0.116496 0.117512 0.123242 0.129049 0.1382 0.138725 0.143577 0.141656 0.145113 0.143711 0.145966 0.137163 0.134557 0.126524 0.121714 3.931224e-02 0.895
N:21 Run:1 0.16277 0.147299 0.132087 0.128571 0.124309 0.120774 0.128848 0.130297 0.129682 0.142537 0.145171 0.13912 0.138578 0.139684 0.138213 0.135084 0.131099 0.128183 0.129003 0.127951 0.124085 3.931224e-02 0.895
N:21 Run:2 0.169576 0.151879 0.143641 0.133039 0.133762 0.123822 0.126862 0.123035 0.126153 0.126226 0.122171 0.122701 0.123906 0.120738 0.120862 0.124823 0.126793 0.119607 0.123097 0.121282 0.124374 3.931224e-02 0.895
N:21 Run:3 0.131861 0.125424 0.124715 0.125029 0.123005 0.125977 0.119836 0.119892 0.123959 0.124068 0.129969 0.136385 0.150179 0.148161 0.143821 0.142239 0.14287 0.136702 0.130105 0.129842 0.125223 3.931224e-02 0.895
N:21 Run:4 0.168186 0.149 0.140917 0.132819 0.133412 0.142148 0.140026 0.153925 0.153277 0.156847 0.167921 0.159392 0.1617 0.155605 0.150481 0.139093 0.131018 0.125993 0.131293 0.127919 0.123784 3.931224e-02 0.895
N:21 Run:5 0.110752 0.117847 0.119608 0.121021 0.118561 0.126569 0.12806 0.124956 0.129437 0.132957 0.136138 0.1378 0.142639 0.13898 0.134702 0.129029 0.131454 0.124572 0.126061 0.123465 0.121443 3.931224e-02 0.895
N:21 Run:6 0.137036 0.13272 0.124723 0.121625 0.119118 0.120389 0.124131 0.121256 0.120365 0.127114 0.12904 0.133321 0.139781 0.146199 0.142109 0.142213 0.135212 0.130904 0.128167 0.127057 0.12667 3.931224e-02 0.895
N:21 Run:7 0.119247 0.116803 0.176224 0.19831 0.212099 0.251419 0.275146 0.31103 0.301584 0.361864 0.337367 0.322277 0.275421 0.233326 0.200709 0.176226 0.159516 0.146237 0.136196 0.12772 0.13119 3.931224e-02 0.895
N:21 Run:8 0.111743 0.110528 0.17747 0.274 0.356655 0.37246 0.454139 0.51449 0.522712 0.53748 0.499812 0.556877 0.416632 0.320307 0.257048 0.212015 0.185805 0.165397 0.151957 0.146403 0.138567 3.931224e-02 0.895
N:21 Run:9 0.0902644 0.0998153 0.0989986 0.0967132 0.0965067 0.0964673 0.0956797 0.0954663 0.0978139 0.0983686 0.103717 0.10281 0.111069 0.122085 0.135776 0.13866 0.139257 0.134492 0.129233 0.12233 0.120731 3.931224e-02 0.895
N:22 Run:0 0.108455 0.107537 0.112017 0.114548 0.119295 0.11781 0.116496 0.117512 0.123242 0.129049 0.1382 0.138725 0.143577 0.141656 0.145113 0.143711 0.145966 0.137163 0.134557 0.126524 0.121714 3.387624e-02 0.887
N:22 Run:1 0.16277 0.147299 0.132087 0.128571 0.124309 0.120774 0.128848 0.130297 0.129682 0.142537 0.145171 0.13912 0.138578 0.139684 0.138213 0.135084 0.131099 0.128183 0.129003 0.127951 0.124085 3.387624e-02 0.887
N:22 Run:2 0.169576 0.151879 0.143641 0.133039 0.133762 0.123822 0.126862 0.123035 0.126153 0.126226 0.122171 0.122701 0.123906 0.120738 0.120862 0.124823 0.126793 0.119607 0.123097 0.121282 0.124374 3.387624e-02 0.887
N:22 Run:3 0.131861 0.125424 0.124715 0.125029 0.123005 0.125977 0.119836 0.119892 0.123959 0.124068 0.129969 0.136385 0.150179 0.148161 0.143821 0.142239 0.14287 0.136702 0.130105 0.129842 0.125223 3.387624e-02 0.887
N:22 Run:4 0.168186 0.149 0.140917 0.132819 0.133412 0.142148 0.140026 0.153925 0.153277 0.156847 0.167921 0.159392 0.1617 0.155605 0.150481 0.139093 0.131018 0.125993 0.131293 0.127919 0.123784 3.387624e-02 0.887
N:22 Run:5 0.110752 0.117847 0.119608 0.121021 0.118561 0.126569 0.12806 0.124956 0.129437 0.132957 0.136138 0.1378 0.142639 0.13898 0.134702 0.129029 0.131454 0.124572 0.126061 0.123465 0.121443 3.387624e-02 0.887
N:22 Run:6 0.137036 0.13272 0.124723 0.121625 0.119118 0.120389 0.124131 0.121256 0.120365 0.127114 0.12904 0.133321 0.139781 0.146199 0.142109 0.142213 0.135212 0.130904 0.128167 0.127057 0.12667 3.387624e-02 0.887
N:22 Run:7 0.119247 0.116803 0.176224 0.19831 0.212099 0.251419 0.275146 0.31103 0.301584 0.361864 0.337367 0.322277 0.275421 0.233326 0.200709 0.176226 0.159516 0.146237 0.136196 0.12772 0.13119 3.387624e-02 0.887
N:22 Run:8 0.111743 0.110528 0.17747 0.274 0.356655 0.37246 0.454139 0.51449 0.522712 0.53748 0.499812 0.556877 0.416632 0.320307 0.257048 0.212015 0.185805 0.165397 0.151957 0.146403 0.138567 3.387624e-02 0.887
N:22 Run:9 0.0902644 0.0998153 0.0989986 0.0967132 0.0965067 0.0964673 0.0956797 0.0954663 0.0978139 0.0983686 0.103717 0.10281 0.111069 0.122085 0.135776 0.13866 0.139257 0.134492 0.129233 0.12233 0.120731 3.387624e-02 0.887
N:23 Run:0 0.108455 0.107537 0.112017 0.114548 0.119295 0.11781 0.116496 0.117512 0.123242 0.129049 0.1382 0.138725 0.143577 0.141656 0.145113 0.143711 0.145966 0.137163 0.134557 0.126524 0.121714 3.419370e-02 0.889
N:23 Run:1 0.16277 0.147299 0.132087 0.128571 0.124309 0.120774 0.128848 0.130297 0.129682 0.142537 0.145171 0.13912 0.138578 0.139684 0.138213 0.135084 0.131099 0.128183 0.129003 0.127951 0.124085 3.419370e-02 0.889
N:23 Run:2 0.169576 0.151879 0.143641 0.133039 0.133762 0.123822 0.126862 0.123035 0.126153 0.126226 0.122171 0.122701 0.123906 0.120738 0.120862 0.124823 0.126793 0.119607 0.123097 0.121282 0.124374 3.419370e-02 0.889
N:23 Run:3 0.131861 0.125424 0.124715 0.125029 0.123005 0.125977 0.119836 0.119892 0.123959 0.124068 0.129969 0.136385 0.150179 0.148161 0.143821 0.142239 0.14287 0.136702 0.130105 0.129842 0.125223 3.419370e-02 0.889
N:23 Run:4 0.168186 0.149 0.140917 0.132819 0.133412 0.142148 0.140026 0.153925 0.153277 0.156847 0.167921 0.159392 0.1617 0.155605 0.150481 0.139093 0.131018 0.125993 0.131293 0.127919 0.123784 3.419370e-02 0.889
N:23 Run:5 0.110752 0.117847 0.119608 0.121021 0.118561 0.126569 0.12806 0.124956 0.129437 0.132957 0.136138 0.1378 0.142639 0.13898 0.134702 0.129029 0.131454 0.124572 0.126061 0.123465 0.121443 3.419370e-02 0.889
N:23 Run:6 0.137036 0.13272 0.124723 0.121625 0.119118 0.120389 0.124131 0.121256 0.120365 0.127114 0.12904 0.133321 0.139781 0.146199 0.142109 0.142213 0.135212 0.130904 0.128167 0.127057 0.12667 3.419370e-02 0.889
N:23 Run:7 0.119247 0.116803 0.176224 0.19831 0.212099 0.251419 0.275146 0.31103 0.301584 0.361864 0.337367 0.322277 0.275421 0.233326 0.200709 0.176226 0.159516 0.146237 0.136196 0.12772 0.13119 3.419370e-02 0.889
N:23 Run:8 0.111743 0.110528 0.17747 0.274 0.356655 0.37246 0.454139 0.51449 0.522712 0.53748 0.499812 0.556877 0.416632 0.320307 0.257048 0.212015 0.185805 0.165397 0.151957 0.146403 0.138567 3.419370e-02 0.889
N:23 Run:9 0.0902644 0.0998153 0.0989986 0.0967132 0.0965067 0.0964673 0.0956797 0.0954663 0.0978139 0.0983686 0.103717 0.10281 0.111069 0.122085 0.135776 0.13866 0.139257 0.134492 0.129233 0.12233 0.120731 3.419370e-02 0.889
N:24 Run:0 0.108455 0.107537 0.112017 0.114548 0.119295 0.11781 0.116496 0.117512 0.123242 0.129049 0.1382 0.138725 0.143577 0.141656 0.145113 0.143711 0.145966 0.137163 0.134557 0.126524 0.121714 3.415595e-02 0.886
N:24 Run:1 0.16277 0.147299 0.132087 0.128571 0.124309 0.120774 0.128848 0.130297 0.129682 0.142537 0.145171 0.13912 0.138578 0.139684 0.138213 0.135084 0.131099 0.128183 0.129003 0.127951 0.124085 3.415595e-02 0.886
N:24 Run:2 0.169576 0.151879 0.143641 0.133039 0.133762 0.123822 0.126862 0.123035 0.126153 0.126226 0.122171 0.122701 0.123906 0.120738 0.120862 0.124823 0.126793 0.119607 0.123097 0.121282 0.124374 3.415595e-02 0.886
N:24 Run:3 0.131861 0.125424 0.124715 0.125029 0.123005 0.125977 0.119836 0.119892 0.123959 0.124068 0.129969 0.136385 0.150179 0.148161 0.143821 0.142239 0.14287 0.136702 0.130105 0.129842 0.125223 3.415595e-02 0.886
N:24 Run:4 0.168186 0.149 0.140917 0.132819 0.133412 0.142148 0.140026 0.153925 0.153277 0.156847 0.167921 0.159392 0.1617 0.155605 0.150481 0.139093 0.131018 0.125993 0.131293 0.127919 0.123784 3.415595e-02 0.886
N:24 Run:5 0.110752 0.117847 0.119608 0.121021 0.118561 0.126569 0.12806 0.124956 0.129437 0.132957 0.136138 0.1378 0.142639 0.13898 0.134702 0.129029 0.131454 0.124572 0.126061 0.123465 0.121443 3.415595e-02 0.886
N:24 Run:6 0.137036 0.13272 0.124723 0.121625 0.119118 0.120389 0.124131 0.121256 0.120365 0.127114 0.12904 0.133321 0.139781 0.146199 0.142109 0.142213 0.135212 0.130904 0.128167 0.127057 0.12667 3.415595e-02 0.886
N:24 Run:7 0.119247 0.116803 0.176224 0.19831 0.212099 0.251419 0.275146 0.31103 0.301584 0.361864 0.337367 0.322277 0.275421 0.233326 0.200709 0.176226 0.159516 0.146237 0.136196 0.12772 0.13119 3.415595e-02 0.886
N:24 Run:8 0.111743 0.110528 0.17747 0.274 0.356655 0.37246 0.454139 0.51449 0.522712 0.53748 0.499812 0.556877 0.416632 0.320307 0.257048 0.212015 0.185805 0.165397 0.151957 0.146403 0.138567 3.415595e-02 0.886
N:24 Run:9 0.0902644 0.0998153 0.0989986 0.0967132 0.0965067 0.0964673 0.0956797 0.0954663 0.0978139 0.0983686 0.103717 0.10281 0.111069 0.122085 0.135776 0.13866 0.139257 0.134492 0.129233 0.12233 0.120731 3.415595e-02 0.886
N:25 Run:0 0.108455 0.107537 0.112017 0.114548 0.119295 0.11781 0.116496 0.117512 0.123242 0.129049 0.1382 0.138725 0.143577 0.141656 0.145113 0.143711 0.145966 0.137163 0.134557 0.126524 0.121714 2.937197e-02 0.902
N:25 Run:1 0.16277 0.147299 0.132087 0.128571 0.124309 0.120774 0.128848 0.130297 0.129682 0.142537 0.145171 0.13912 0.138578 0.139684 0.138213 0.135084 0.131099 0.128183 0.129003 0.127951 0.124085 2.937197e-02 0.902
N:25 Run:2 0.169576 0.151879 0.143641 0.133039 0.133762 0.123822 0.126862 0.123035 0.126153 0.126226 0.122171 0.122701 0.123906 0.120738 0.120862 0.124823 0.126793 0.119607 0.123097 0.121282 0.124374 2.937197e-02 0.902
N:25 Run:3 0.131861 0.125424 0.124715 0.125029 0.123005 0.125977 0.119836 0.119892 0.123959 0.124068 0.129969 0.136385 0.150179 0.148161 0.143821 0.142239 0.14287 0.136702 0.130105 0.129842 0.125223 2.937197e-02 0.902
N:25 Run:4 0.168186 0.149 0.140917 0.132819 0.133412 0.142148 0.140026 0.153925 0.153277 0.156847 0.167921 0.159392 0.1617 0.155605 0.150481 0.139093 0.131018 0.125993 0.131293 0.127919 0.123784 2.937197e-02 0.902
N:25 Run:5 0.110752 0.117847 0.119608 0.121021 0.118561 0.126569 0.12806 0.124956 0.129437 0.132957 0.136138 0.1378 0.142639 0.13898 0.134702 0.129029 0.131454 0.124572 0.126061 0.123465 0.121443 2.937197e-02 0.902
N:25 Run:6 0.137036 0.13272 0.124723 0.121625 0.119118 0.120389 0.124131 0.121256 0.120365 0.127114 0.12904 0.133321 0.139781 0.146199 0.142109 0.142213 0.135212 0.130904 0.128167 0.127057 0.12667 2.937197e-02 0.902
N:25 Run:7 0.119247 0.116803 0.176224 0.19831 0.212099 0.251419 0.275146 0.31103 0.301584 0.361864 0.337367 0.322277 0.275421 0.233326 0.200709 0.176226 0.159516 0.146237 0.136196 0.12772 0.13119 2.937197e-02 0.902
N:25 Run:8 0.111743 0.110528 0.17747 0.274 0.356655 0.37246 0.454139 0.51449 0.522712 0.53748 0.499812 0.556877 0.416632 0.320307 0.257048 0.212015 0.185805 0.165397 0.151957 0.146403 0.138567 2.937197e-02 0.902
N:25 Run:9 0.0902644 0.0998153 0.0989986 0.0967132 0.0965067 0.0964673 0.0956797 0.0954663 0.0978139 0.0983686 0.103717 0.10281 0.111069 0.122085 0.135776 0.13866 0.139257 0.134492 0.129233 0.12233 0.120731 2.937197e-02 0.902
N:26 Run:0 0.108455 0.107537 0.112017 0.114548 0.119295 0.11781 0.116496 0.117512 0.123242 0.129049 0.1382 0.138725 0.143577 0.141656 0.145113 0.143711 0.145966 0.137163 0.134557 0.126524 0.121714 3.811439e-02 0.897
N:26 Run:1 0.16277 0.147299 0.132087 0.128571 0.124309 0.120774 0.128848 0.130297 0.129682 0.142537 0.145171 0.13912 0.138578 0.139684 0.138213 0.135084 0.131099 0.128183 0.129003 0.127951 0.124085 3.811439e-02 0.897
N:26 Run:2 0.169576 0.151879 0.143641 0.133039 0.133762 0.123822 0.126862 0.123035 0.126153 0.126226 0.122171 0.122701 0.123906 0.120738 0.120862 0.124823 0.126793 0.119607 0.123097 0.121282 0.124374 3.811439e-02 0.897
N:26 Run:3 0.131861 0.125424 0.124715 0.125029 0.123005 0.125977 0.119836 0.119892 0.123959 0.124068 0.129969 0.136385 0.150179 0.148161 0.143821 0.142239 0.14287 0.136702 0.130105 0.129842 0.125223 3.811439e-02 0.897
N:26 Run:4 0.168186 0.149 0.140917 0.132819 0.133412 0.142148 0.140026 0.153925 0.153277 0.156847 0.167921 0.159392 0.1617 0.155605 0.150481 0.139093 0.131018 0.125993 0.131293 0.127919 0.123784 3.811439e-02 0.897
N:26 Run:5 0.110752 0.117847 0.119608 0.121021 0.118561 0.126569 0.12806 0.124956 0.129437 0.132957 0.136138 0.1378 0.142639 0.13898 0.134702 0.129029 0.131454 0.124572 0.126061 0.123465 0.121443 3.811439e-02 0.897
N:26 Run:6 0.137036 0.13272 0.124723 0.121625 0.119118 0.120389 0.124131 0.121256 0.120365 0.127114 0.12904 0.133321 0.139781 0.146199 0.142109 0.142213 0.135212 0.130904 0.128167 0.127057 0.12667 3.811439e-02 0.897
N:26 Run:7 0.119247 0.116803 0.176224 0.19831 0.212099 0.251419 0.275146 0.31103 0.301584 0.361864 0.337367 0.322277 0.275421 0.233326 0.200709 0.176226 0.159516 0.146237 0.136196 0.12772 0.13119 3.811439e-02 0.897
N:26 Run:8 0.111743 0.110528 0.17747 0.274 0.356655 0.37246 0.454139 0.51449 0.522712 0.53748 0.499812 0.556877 0.416632 0.320307 0.257048 0.212015 0.185805 0.165397 0.151957 0.146403 0.138567 3.811439e-02 0.897
N:26 Run:9 0.0902644 0.0998153 0.0989986 0.0967132 0.0965067 0.0964673 0.0956797 0.0954663 0.0978139 0.0983686 0.103717 0.10281 0.111069 0.122085 0.135776 0.13866 0.139257 0.134492 0.129233 0.12233 0.120731 3.811439e-02 0.897
N:27 Run:0 0.108455 0.107537 0.112017 0.114548 0.119295 0.11781 0.116496 0.117512 0.123242 0.129049 0.1382 0.138725 0.143577 0.141656 0.145113 0.143711 0.145966 0.137163 0.134557 0.126524 0.121714 3.724053e-02 0.890
N:27 Run:1 0.16277 0.147299 0.132087 0.128571 0.124309 0.120774 0.128848 0.130297 0.129682 0.142537 0.145171 0.13912 0.138578 0.139684 0.138213 0.135084 0.131099 0.128183 0.129003 0.127951 0.124085 3.724053e-02 0.890
N:27 Run:2 0.169576 0.151879 0.143641 0.133039 0.133762 0.123822 0.126862 0.123035 0.126153 0.126226 0.122171 0.122701 0.123906 0.120738 0.120862 0.124823 0.126793 0.119607 0.123097 0.121282 0.124374 3.724053e-02 0.890
N:27 Run:3 0.131861 0.125424 0.124715 0.125029 0.123005 0.125977 0.119836 0.119892 0.123959 0.124068 0.129969 0.136385 0.150179 0.148161 0.143821 0.142239 0.14287 0.136702 0.130105 0.129842 0.125223 3.724053e-02 0.890
N:27 Run:4 0.168186 0.149 0.140917 0.132819 0.133412 0.142148 0.140026 0.153925 0.153277 0.156847 0.167921 0.159392 0.1617 0.155605 0.150481 0.139093 0.131018 0.125993 0.131293 0.127919 0.123784 3.724053e-02 0.890
N:27 Run:5 0.110752 0.117847 0.119608 0.121021 0.118561 0.126569 0.12806 0.124956 0.129437 0.132957 0.136138 0.1378 0.142639 0.13898 0.134702 0.129029 0.131454 0.124572 0.126061 0.123465 0.121443 3.724053e-02 0.890
N:27 Run:6 0.137036 0.13272 0.124723 0.121625 0.119118 0.120389 0.124131 0.121256 0.120365 0.127114 0.12904 0.133321 0.139781 0.146199 0.142109 0.142213 0.135212 0.130904 0.128167 0.127057 0.12667 3.724053e-02 0.890
N:27 Run:7 0.119247 0.116803 0.176224 0.19831 0.212099 0.251419 0.275146 0.31103 0.301584 0.361864 0.337367 0.322277 0.275421 0.233326 0.200709 0.176226 0.159516 0.146237 0.136196 0.12772 0.13119 3.724053e-02 0.890
N:27 Run:8 0.111743 0.110528 0.17747 0.274 0.356655 0.37246 0.454139 0.51449 0.522712 0.53748 0.499812 0.556877 0.416632 0.320307 0.257048 0.212015 0.185805 0.165397 0.151957 0.146403 0.138567 3.724053e-02 0.890
N:27 Run:9 0.0902644 0.0998153 0.0989986 0.0967132 0.0965067 0.0964673 0.0956797 0.0954663 0.0978139 0.0983686 0.103717 0.10281 0.111069 0.122085 0.135776 0.13866 0.139257 0.134492 0.129233 0.12233 0.120731 3.724053e-02 0.890
N:28 Run:0 0.108455 0.107537 0.112017 0.114548 0.119295 0.11781 0.116496 0.117512 0.123242 0.129049 0.1382 0.138725 0.143577 0.141656 0.145113 0.143711 0.145966 0.137163 0.134557 0.126524 0.121714 2.816810e-02 0.921
N:28 Run:1 0.16277 0.147299 0.132087 0.128571 0.124309 0.120774 0.128848 0.130297 0.129682 0.142537 0.145171 0.13912 0.138578 0.139684 0.138213 0.135084 0.131099 0.128183 0.129003 0.127951 0.124085 2.816810e-02 0.921
N:28 Run:2 0.169576 0.151879 0.143641 0.133039 0.133762 0.123822 0.126862 0.123035 0.126153 0.126226 0.122171 0.122701 0.123906 0.120738 0.120862 0.124823 0.126793 0.119607 0.123097 0.121282 0.124374 2.816810e-02 0.921
N:28 Run:3 0.131861 0.125424 0.124715 0.125029 0.123005 0.125977 0.119836 0.119892 0.123959 0.124068 0.129969 0.136385 0.150179 0.148161 0.143821 0.142239 0.14287 0.136702 0.130105 0.129842 0.125223 2.816810e-02 0.921
N:28 Run:4 0.168186 0.149 0.140917 0.132819 0.133412 0.142148 0.140026 0.153925 0.153277 0.156847 0.167921 0.159392 0.1617 0.155605 0.150481 0.139093 0.131018 0.125993 0.131293 0.127919 0.123784 2.816810e-02 0.921
N:28 Run:5 0.110752 0.117847 0.119608 0.121021 0.118561 0.126569 0.12806 0.124956 0.129437 0.132957 0.136138 0.1378 0.142639 0.13898 0.134702 0.129029 0.131454 0.124572 0.126061 0.123465 0.121443 2.816810e-02 0.921
N:28 Run:6 0.137036 0.13272 0.124723 0.121625 0.119118 0.120389 0.124131 0.121256 0.120365 0.127114 0.12904 0.133321 0.139781 0.146199 0.142109 0.142213 0.135212 0.130904 0.128167 0.127057 0.12667 2.816810e-02 0.921
N:28 Run:7 0.119247 0.116803 0.176224 0.19831 0.212099 0.251419 0.275146 0.31103 0.301584 0.361864 0.337367 0.322277 0.275421 0.233326 0.200709 0.176226 0.159516 0.146237 0.136196 0.12772 0.13119 2.816810e-02 0.921
N:28 Run:8 0.111743 0.110528 0.17747 0.274 0.356655 0.37246 0.454139 0.51449 0.522712 0.53748 0.499812 0.556877 0.416632 0.320307 0.257048 0.212015 0.185805 0.165397 0.151957 0.146403 0.138567 2.816810e-02 0.921
N:28 Run:9 0.0902644 0.0998153 0.0989986 0.0967132 0.0965067 0.0964673 0.0956797 0.0954663 0.0978139 0.0983686 0.103717 0.10281 0.111069 0.122085 0.135776 0.13866 0.139257 0.134492 0.129233 0.12233 0.120731 2.816810e-02 0.921
N:29 Run:0 0.108455 0.107537 0.112017 0.114548 0.119295 0.11781 0.116496 0.117512 0.123242 0.129049 0.1382 0.138725 0.143577 0.141656 0.145113 0.143711 0.145966 0.137163 0.134557 0.126524 0.121714 2.916867e-02 0.903
N:29 Run:1 0.16277 0.147299 0.132087 0.128571 0.124309 0.120774 0.128848 0.130297 0.129682 0.142537 0.145171 0.13912 0.138578 0.139684 0.138213 0.135084 0.131099 0.128183 0.129003 0.127951 0.124085 2.916867e-02 0.903
N:29 Run:2 0.169576 0.151879 0.143641 0.133039 0.133762 0.123822 0.126862 0.123035 0.126153 0.126226 0.122171 0.122701 0.123906 0.120738 0.120862 0.124823 0.126793 0.119607 0.123097 0.121282 0.124374 2.916867e-02 0.903
N:29 Run:3 0.131861 0.125424 0.124715 0.125029 0.123005 0.125977 0.119836 0.119892 0.123959 0.124068 0.129969 0.136385 0.150179 0.148161 0.143821 0.142239 0.14287 0.136702 0.130105 0.129842 0.125223 2.916867e-02 0.903
N:29 Run:4 0.168186 0.149 0.140917 0.132819 0.133412 0.142148 0.140026 0.153925 0.153277 0.156847 0.167921 0.159392 0.1617 0.155605 0.150481 0.139093 0.131018 0.125993 0.131293 0.127919 0.123784 2.916867e-02 0.903
N:29 Run:5 0.110752 0.117847 0.119608 0.121021 0.118561 0.126569 0.12806 0.124956 0.129437 0.132957 0.136138 0.1378 0.142639 0.13898 0.134702 0.129029 0.131454 0.124572 0.126061 0.123465 0.121443 2.916867e-02 0.903
N:29 Run:6 0.137036 0.13272 0.124723 0.121625 0.119118 0.120389 0.124131 0.121256 0.120365 0.127114 0.12904 0.133321 0.139781 0.146199 0.142109 0.142213 0.135212 0.130904 0.128167 0.127057 0.12667 2.916867e-02 0.903
N:29 Run:7 0.119247 0.116803 0.176224 0.19831 0.212099 0.251419 0.275146 0.31103 0.301584 0.361864 0.337367 0.322277 0.275421 0.233326 0.200709 0.176226 0.159516 0.146237 0.136196 0.12772 0.13119 2.916867e-02 0.903
N:29 Run:8 0.111743 0.110528 0.17747 0.274 0.356655 0.37246 0.454139 0.51449 0.522712 0.53748 0.499812 0.556877 0.416632 0.320307 0.257048 0.212015 0.185805 0.165397 0.151957 0.146403 0.138567 2.916867e-02 0.903
N:29 Run:9 0.0902644 0.0998153 0.0989986 0.0967132 0.0965067 0.0964673 0.0956797 0.0954663 0.0978139 0.0983686 0.103717 0.10281 0.111069 0.122085 0.135776 0.13866 0.139257 0.134492 0.129233 0.12233 0.120731 2.916867e-02 0.903
