   0    0    0    420 3.184952e-01 0.387
   0    0  100  42420 1.510948e-01 0.432
   0    2  200  84420 1.423511e-01 0.441
   0   19  300 126420 1.411223e-01 0.451
   0   10  400 168420 1.376689e-01 0.458
   0    9  500 210420 1.337978e-01 0.458
   0   17  600 252420 1.332740e-01 0.465
   0    1  700 294420 1.331689e-01 0.479
   0   12  800 336420 1.289430e-01 0.479
   0   10  900 378420 1.277796e-01 0.479
   0    9 1000 420420 1.277465e-01 0.479
   1    0    0    420 2.444927e-01 0.405
   1    3  100  42420 1.547688e-01 0.436
   1   15  200  84420 1.431589e-01 0.476
   1   11  300 126420 1.414450e-01 0.476
   1   19  400 168420 1.297980e-01 0.476
   1   23  500 210420 1.289507e-01 0.494
   1    8  600 252420 1.288668e-01 0.494
   1   15  700 294420 1.272713e-01 0.494
   1   70  800 336420 1.272702e-01 0.494
   1   17  900 378420 1.269782e-01 0.494
   1    5 1000 420420 1.265247e-01 0.494
   2    0    0    420 2.052131e-01 0.354
   2   22  100  42420 1.546437e-01 0.437
   2    7  200  84420 1.519709e-01 0.437
   2    1  300 126420 1.465975e-01 0.437
   2    1  400 168420 1.456107e-01 0.450
   2   16  500 210420 1.450556e-01 0.450
   2    2  600 252420 1.412716e-01 0.450
   2    1  700 294420 1.403344e-01 0.465
   2    0  800 336420 1.390202e-01 0.465
   2   12  900 378420 1.375899e-01 0.465
   2    5 1000 420420 1.375795e-01 0.465
   3    0    0    420 4.280741e-01 0.351
   3    3  100  42420 1.503683e-01 0.443
   3    3  200  84420 1.483980e-01 0.446
   3   12  300 126420 1.443935e-01 0.446
   3    0  400 168420 1.331381e-01 0.453
   3    5  500 210420 1.310220e-01 0.456
   3    4  600 252420 1.288251e-01 0.479
   3    3  700 294420 1.270654e-01 0.479
   3   78  800 336420 1.270643e-01 0.487
   3    0  900 378420 1.266373e-01 0.487
   3   13 1000 420420 1.265020e-01 0.487
   4    0    0    420 4.655438e-01 0.382
   4   16  100  42420 1.439163e-01 0.447
   4   39  200  84420 1.424449e-01 0.448
   4    8  300 126420 1.411210e-01 0.453
   4    7  400 168420 1.408510e-01 0.526
   4    3  500 210420 1.395038e-01 0.526
   4    0  600 252420 1.388257e-01 0.526
   4    0  700 294420 1.384534e-01 0.526
   4    3  800 336420 1.371874e-01 0.526
   4   33  900 378420 1.371344e-01 0.526
   4   11 1000 420420 1.370946e-01 0.526
   5    0    0    420 2.234404e-01 0.401
   5   15  100  42420 1.624072e-01 0.451
   5   11  200  84420 1.609516e-01 0.466
   5   17  300 126420 1.548650e-01 0.466
   5    1  400 168420 1.524442e-01 0.466
   5    1  500 210420 1.475551e-01 0.466
   5    2  600 252420 1.405014e-01 0.466
   5    0  700 294420 1.383377e-01 0.466
   5    4  800 336420 1.272884e-01 0.479
   5    1  900 378420 1.266092e-01 0.487
   5    0 1000 420420 1.264322e-01 0.487
   6    0    0    420 3.606992e-01 0.377
   6    7  100  42420 1.369539e-01 0.437
   6   16  200  84420 1.363357e-01 0.452
   6    7  300 126420 1.315171e-01 0.453
   6   19  400 168420 1.313676e-01 0.471
   6   93  500 210420 1.313644e-01 0.471
   6   21  600 252420 1.306676e-01 0.471
   6    8  700 294420 1.303198e-01 0.471
   6    5  800 336420 1.273185e-01 0.472
   6   10  900 378420 1.267208e-01 0.473
   6   33 1000 420420 1.266765e-01 0.473
   7    0    0    420 3.133525e-01 0.355
   7    2  100  42420 1.524848e-01 0.448
   7    0  200  84420 1.434286e-01 0.478
   7    0  300 126420 1.420943e-01 0.478
   7   13  400 168420 1.411698e-01 0.478
   7    8  500 210420 1.291022e-01 0.478
   7    4  600 252420 1.281530e-01 0.478
   7   12  700 294420 1.281483e-01 0.483
   7    7  800 336420 1.269341e-01 0.483
   7    9  900 378420 1.268957e-01 0.484
   7    1 1000 420420 1.268867e-01 0.484
   8    0    0    420 2.355121e-01 0.353
   8    4  100  42420 1.718314e-01 0.442
   8    8  200  84420 1.494936e-01 0.442
   8    2  300 126420 1.428172e-01 0.457
   8   29  400 168420 1.407923e-01 0.457
   8    2  500 210420 1.406887e-01 0.502
   8    0  600 252420 1.387717e-01 0.502
   8    2  700 294420 1.378007e-01 0.502
   8    8  800 336420 1.374434e-01 0.502
   8   29  900 378420 1.373711e-01 0.502
   8    0 1000 420420 1.371038e-01 0.502
   9    0    0    420 4.262437e-01 0.356
   9    0  100  42420 1.660172e-01 0.424
   9    2  200  84420 1.336188e-01 0.460
   9    1  300 126420 1.324345e-01 0.473
   9    1  400 168420 1.322876e-01 0.473
   9    3  500 210420 1.278253e-01 0.473
   9    2  600 252420 1.273985e-01 0.473
   9   58  700 294420 1.272627e-01 0.519
   9   14  800 336420 1.270170e-01 0.519
   9   12  900 378420 1.270002e-01 0.519
   9    9 1000 420420 1.269730e-01 0.519
  10    0    0    420 2.804322e-01 0.360
  10    0  100  42420 1.605061e-01 0.449
  10    1  200  84420 1.464943e-01 0.449
  10    4  300 126420 1.343438e-01 0.451
  10   29  400 168420 1.336524e-01 0.478
  10   38  500 210420 1.280843e-01 0.484
  10   27  600 252420 1.275687e-01 0.517
  10   10  700 294420 1.273129e-01 0.517
  10    2  800 336420 1.271469e-01 0.517
  10    4  900 378420 1.269865e-01 0.539
  10   18 1000 420420 1.268399e-01 0.539
  11    0    0    420 2.936292e-01 0.402
  11    6  100  42420 1.641678e-01 0.437
  11    4  200  84420 1.562456e-01 0.437
  11    0  300 126420 1.448855e-01 0.458
  11   35  400 168420 1.430275e-01 0.462
  11    3  500 210420 1.425171e-01 0.462
  11    7  600 252420 1.418967e-01 0.468
  11    0  700 294420 1.405511e-01 0.468
  11    1  800 336420 1.388010e-01 0.468
  11    1  900 378420 1.383491e-01 0.468
  11    7 1000 420420 1.381418e-01 0.468
  12    0    0    420 2.435189e-01 0.375
  12    4  100  42420 1.447476e-01 0.458
  12   27  200  84420 1.405212e-01 0.458
  12   15  300 126420 1.401281e-01 0.458
  12   38  400 168420 1.399190e-01 0.466
  12    3  500 210420 1.391362e-01 0.466
  12    2  600 252420 1.381279e-01 0.466
  12    2  700 294420 1.377928e-01 0.466
  12   20  800 336420 1.374367e-01 0.466
  12    2  900 378420 1.372580e-01 0.466
  12   24 1000 420420 1.371786e-01 0.466
  13    0    0    420 2.368681e-01 0.371
  13    1  100  42420 1.445547e-01 0.450
  13    3  200  84420 1.414756e-01 0.457
  13    8  300 126420 1.395830e-01 0.461
  13    3  400 168420 1.376394e-01 0.461
  13    3  500 210420 1.299542e-01 0.470
  13   10  600 252420 1.294154e-01 0.478
  13    9  700 294420 1.279050e-01 0.478
  13    2  800 336420 1.266909e-01 0.490
  13    7  900 378420 1.263684e-01 0.490
  13   24 1000 420420 1.262929e-01 0.490
  14    0    0    420 2.012030e-01 0.385
  14    4  100  42420 1.491672e-01 0.421
  14    1  200  84420 1.461469e-01 0.446
  14    1  300 126420 1.399132e-01 0.472
  14    0  400 168420 1.343218e-01 0.478
  14    0  500 210420 1.314363e-01 0.478
  14   10  600 252420 1.309141e-01 0.482
  14    4  700 294420 1.301772e-01 0.482
  14   19  800 336420 1.301472e-01 0.482
  14   46  900 378420 1.280147e-01 0.482
  14   10 1000 420420 1.279048e-01 0.482
  15    0    0    420 2.858271e-01 0.352
  15    9  100  42420 1.557075e-01 0.450
  15    8  200  84420 1.458917e-01 0.465
  15   22  300 126420 1.454896e-01 0.465
  15   25  400 168420 1.441304e-01 0.470
  15    0  500 210420 1.398681e-01 0.486
  15    2  600 252420 1.397645e-01 0.486
  15    7  700 294420 1.392191e-01 0.486
  15    2  800 336420 1.385074e-01 0.486
  15   11  900 378420 1.377603e-01 0.486
  15    4 1000 420420 1.373117e-01 0.486
  16    0    0    420 3.537606e-01 0.359
  16    3  100  42420 1.579946e-01 0.450
  16    0  200  84420 1.448173e-01 0.462
  16    0  300 126420 1.433572e-01 0.475
  16    4  400 168420 1.294200e-01 0.475
  16   22  500 210420 1.292182e-01 0.475
  16    1  600 252420 1.277654e-01 0.475
  16    2  700 294420 1.269375e-01 0.475
  16   14  800 336420 1.269203e-01 0.478
  16   15  900 378420 1.269015e-01 0.478
  16    4 1000 420420 1.268823e-01 0.503
  17    0    0    420 1.910380e-01 0.437
  17    1  100  42420 1.336979e-01 0.475
  17    2  200  84420 1.298768e-01 0.475
  17    6  300 126420 1.293499e-01 0.475
  17   10  400 168420 1.276018e-01 0.475
  17   12  500 210420 1.275231e-01 0.500
  17   55  600 252420 1.274811e-01 0.500
  17    6  700 294420 1.273685e-01 0.500
  17   10  800 336420 1.273063e-01 0.500
  17   30  900 378420 1.269832e-01 0.500
  17    0 1000 420420 1.268070e-01 0.500
  18    0    0    420 2.604916e-01 0.372
  18    1  100  42420 1.353212e-01 0.443
  18   14  200  84420 1.323624e-01 0.452
  18    8  300 126420 1.316828e-01 0.464
  18    4  400 168420 1.309329e-01 0.472
  18    0  500 210420 1.298210e-01 0.492
  18    6  600 252420 1.293934e-01 0.492
  18    5  700 294420 1.280443e-01 0.492
  18   68  800 336420 1.279559e-01 0.492
  18   11  900 378420 1.278047e-01 0.525
  18    2 1000 420420 1.274513e-01 0.525
  19    0    0    420 3.364848e-01 0.354
  19    4  100  42420 1.575565e-01 0.437
  19    0  200  84420 1.497325e-01 0.437
  19    0  300 126420 1.431414e-01 0.445
  19   12  400 168420 1.421393e-01 0.465
  19    7  500 210420 1.283358e-01 0.473
  19    0  600 252420 1.271601e-01 0.473
  19    3  700 294420 1.266160e-01 0.473
  19   72  800 336420 1.265679e-01 0.482
  19    2  900 378420 1.265598e-01 0.482
  19   38 1000 420420 1.265401e-01 0.482
  20    0    0    420 4.455113e-01 0.360
  20    0  100  42420 1.459810e-01 0.455
  20   25  200  84420 1.383592e-01 0.455
  20   15  300 126420 1.382985e-01 0.459
  20    1  400 168420 1.367981e-01 0.459
  20    4  500 210420 1.320595e-01 0.459
  20   24  600 252420 1.320228e-01 0.462
  20    9  700 294420 1.319895e-01 0.493
  20    1  800 336420 1.279983e-01 0.493
  20    4  900 378420 1.276669e-01 0.493
  20    8 1000 420420 1.273555e-01 0.493
  21    0    0    420 3.192966e-01 0.365
  21    5  100  42420 1.422635e-01 0.441
  21    0  200  84420 1.335729e-01 0.445
  21    0  300 126420 1.295691e-01 0.456
  21    1  400 168420 1.270504e-01 0.467
  21    7  500 210420 1.269074e-01 0.499
  21  107  600 252420 1.269074e-01 0.499
  21    8  700 294420 1.268253e-01 0.499
  21    3  800 336420 1.266005e-01 0.502
  21   31  900 378420 1.265507e-01 0.502
  21   20 1000 420420 1.265444e-01 0.502
  22    0    0    420 3.702717e-01 0.354
  22    5  100  42420 1.546461e-01 0.443
  22   25  200  84420 1.393494e-01 0.480
  22    1  300 126420 1.334138e-01 0.480
  22    9  400 168420 1.325314e-01 0.480
  22    6  500 210420 1.282839e-01 0.480
  22    1  600 252420 1.276294e-01 0.510
  22    5  700 294420 1.275626e-01 0.510
  22   39  800 336420 1.274041e-01 0.510
  22    1  900 378420 1.273618e-01 0.510
  22   33 1000 420420 1.273512e-01 0.510
  23    0    0    420 3.531772e-01 0.428
  23    9  100  42420 1.413410e-01 0.452
  23    4  200  84420 1.378229e-01 0.452
  23   10  300 126420 1.376752e-01 0.461
  23   36  400 168420 1.373096e-01 0.461
  23   15  500 210420 1.373090e-01 0.461
  23   57  600 252420 1.372391e-01 0.461
  23    6  700 294420 1.370605e-01 0.461
  23   10  800 336420 1.370005e-01 0.461
  23    6  900 378420 1.368547e-01 0.461
  23    0 1000 420420 1.364684e-01 0.472
  24    0    0    420 3.484958e-01 0.383
  24   20  100  42420 1.358430e-01 0.446
  24    3  200  84420 1.354552e-01 0.475
  24   17  300 126420 1.343980e-01 0.475
  24   11  400 168420 1.324114e-01 0.475
  24    1  500 210420 1.318035e-01 0.475
  24   28  600 252420 1.285164e-01 0.501
  24    6  700 294420 1.284653e-01 0.501
  24    1  800 336420 1.279030e-01 0.501
  24    1  900 378420 1.271823e-01 0.501
  24    0 1000 420420 1.270822e-01 0.501
  25    0    0    420 3.272986e-01 0.355
  25    5  100  42420 1.403786e-01 0.478
  25    7  200  84420 1.389826e-01 0.478
  25  107  300 126420 1.389826e-01 0.478
  25   29  400 168420 1.389698e-01 0.478
  25    6  500 210420 1.385935e-01 0.478
  25    9  600 252420 1.378966e-01 0.478
  25    0  700 294420 1.326554e-01 0.478
  25    0  800 336420 1.298427e-01 0.478
  25    0  900 378420 1.274873e-01 0.478
  25   14 1000 420420 1.269247e-01 0.478
  26    0    0    420 3.519999e-01 0.363
  26    3  100  42420 1.458933e-01 0.464
  26   12  200  84420 1.420192e-01 0.464
  26   43  300 126420 1.419720e-01 0.490
  26    7  400 168420 1.371561e-01 0.490
  26   20  500 210420 1.371462e-01 0.490
  26   22  600 252420 1.357638e-01 0.490
  26    3  700 294420 1.283880e-01 0.490
  26   14  800 336420 1.271790e-01 0.490
  26   40  900 378420 1.271743e-01 0.541
  26    1 1000 420420 1.269388e-01 0.541
  27    0    0    420 2.567319e-01 0.392
  27   10  100  42420 1.524818e-01 0.440
  27   38  200  84420 1.505863e-01 0.440
  27   15  300 126420 1.413553e-01 0.454
  27    2  400 168420 1.348636e-01 0.466
  27    0  500 210420 1.294659e-01 0.466
  27    2  600 252420 1.288617e-01 0.466
  27   25  700 294420 1.285422e-01 0.478
  27   19  800 336420 1.268504e-01 0.478
  27   11  900 378420 1.267150e-01 0.507
  27   87 1000 420420 1.266867e-01 0.507
  28    0    0    420 2.349284e-01 0.391
  28   12  100  42420 1.526717e-01 0.450
  28    0  200  84420 1.343077e-01 0.490
  28    4  300 126420 1.326815e-01 0.524
  28    8  400 168420 1.281499e-01 0.524
  28   15  500 210420 1.276824e-01 0.524
  28    6  600 252420 1.272101e-01 0.524
  28   26  700 294420 1.272051e-01 0.524
  28   21  800 336420 1.270846e-01 0.524
  28    0  900 378420 1.268976e-01 0.524
  28   35 1000 420420 1.267728e-01 0.524
  29    0    0    420 3.097734e-01 0.359
  29    0  100  42420 1.308738e-01 0.458
  29    5  200  84420 1.291679e-01 0.468
  29   17  300 126420 1.267172e-01 0.475
  29   57  400 168420 1.266341e-01 0.475
  29   12  500 210420 1.265324e-01 0.475
  29   65  600 252420 1.264008e-01 0.475
  29   89  700 294420 1.264008e-01 0.489
  29   29  800 336420 1.263860e-01 0.495
  29   28  900 378420 1.263819e-01 0.495
  29   47 1000 420420 1.262024e-01 0.495
