   0    0    0    420 1.103566e-01 0.544
   0   65  100  42420 9.068639e-02 0.554
   0   19  200  84420 9.068541e-02 0.554
   0   28  300 126420 9.062311e-02 0.554
   0   18  400 168420 9.061929e-02 0.554
   0   95  500 210420 9.061894e-02 0.554
   0   87  600 252420 9.061890e-02 0.554
   0   10  700 294420 9.038089e-02 0.554
   0   11  800 336420 9.037517e-02 0.554
   0   48  900 378420 9.037492e-02 0.554
   0   52 1000 420420 9.037436e-02 0.554
   1    0    0    420 1.591776e-01 0.532
   1    3  100  42420 9.057608e-02 0.557
   1   53  200  84420 9.057426e-02 0.557
   1    7  300 126420 9.049043e-02 0.557
   1  107  400 168420 9.049043e-02 0.557
   1    8  500 210420 9.048939e-02 0.557
   1  108  600 252420 9.048939e-02 0.557
   1    2  700 294420 9.048936e-02 0.557
   1   35  800 336420 9.048373e-02 0.557
   1   26  900 378420 9.048334e-02 0.557
   1   14 1000 420420 9.048253e-02 0.557
   2    0    0    420 1.016838e-01 0.557
   2    1  100  42420 8.589719e-02 0.678
   2   10  200  84420 8.589011e-02 0.678
   2   31  300 126420 8.588854e-02 0.678
   2    6  400 168420 8.588763e-02 0.678
   2   32  500 210420 8.588645e-02 0.678
   2   50  600 252420 8.588457e-02 0.678
   2   21  700 294420 8.587993e-02 0.678
   2    2  800 336420 8.584851e-02 0.678
   2   30  900 378420 8.583587e-02 0.678
   2   16 1000 420420 8.582130e-02 0.678
   3    0    0    420 9.439009e-02 0.548
   3    2  100  42420 8.627793e-02 0.610
   3    6  200  84420 8.586522e-02 0.620
   3    1  300 126420 8.570865e-02 0.620
   3    6  400 168420 8.570191e-02 0.620
   3   18  500 210420 8.569693e-02 0.620
   3    7  600 252420 8.566429e-02 0.620
   3    1  700 294420 8.562622e-02 0.620
   3   30  800 336420 8.562260e-02 0.620
   3    4  900 378420 8.560412e-02 0.647
   3    4 1000 420420 8.553958e-02 0.647
   4    0    0    420 9.114381e-02 0.553
   4   25  100  42420 8.616362e-02 0.554
   4   14  200  84420 8.613832e-02 0.554
   4   11  300 126420 8.599347e-02 0.554
   4    1  400 168420 8.590553e-02 0.609
   4   12  500 210420 8.589690e-02 0.609
   4   92  600 252420 8.589620e-02 0.609
   4   33  700 294420 8.589572e-02 0.613
   4    0  800 336420 8.577012e-02 0.613
   4    2  900 378420 8.567874e-02 0.613
   4   14 1000 420420 8.567871e-02 0.613
   5    0    0    420 9.428966e-02 0.542
   5    0  100  42420 8.755839e-02 0.593
   5   28  200  84420 8.681850e-02 0.593
   5   20  300 126420 8.664099e-02 0.593
   5    8  400 168420 8.648782e-02 0.593
   5    4  500 210420 8.647462e-02 0.593
   5    3  600 252420 8.579248e-02 0.608
   5    5  700 294420 8.566908e-02 0.612
   5    6  800 336420 8.555283e-02 0.649
   5   26  900 378420 8.553768e-02 0.649
   5   12 1000 420420 8.550172e-02 0.679
   6    0    0    420 1.469408e-01 0.556
   6   34  100  42420 8.624684e-02 0.561
   6   23  200  84420 8.623739e-02 0.561
   6   38  300 126420 8.603028e-02 0.575
   6    5  400 168420 8.601360e-02 0.575
   6   30  500 210420 8.600765e-02 0.611
   6   12  600 252420 8.572660e-02 0.611
   6    2  700 294420 8.572414e-02 0.611
   6   20  800 336420 8.557063e-02 0.611
   6   54  900 378420 8.557034e-02 0.653
   6    2 1000 420420 8.556519e-02 0.653
   7    0    0    420 1.088212e-01 0.530
   7    1  100  42420 8.623045e-02 0.612
   7   16  200  84420 8.622525e-02 0.625
   7   31  300 126420 8.622502e-02 0.625
   7    2  400 168420 8.600532e-02 0.652
   7    3  500 210420 8.580621e-02 0.652
   7    1  600 252420 8.566151e-02 0.652
   7   19  700 294420 8.565820e-02 0.652
   7    2  800 336420 8.561238e-02 0.652
   7    5  900 378420 8.559958e-02 0.652
   7   18 1000 420420 8.549476e-02 0.652
   8    0    0    420 1.040841e-01 0.533
   8    4  100  42420 9.078226e-02 0.552
   8   47  200  84420 9.078155e-02 0.552
   8   33  300 126420 9.075704e-02 0.552
   8   28  400 168420 9.050319e-02 0.552
   8   76  500 210420 9.049980e-02 0.552
   8    6  600 252420 9.049939e-02 0.552
   8  106  700 294420 9.049939e-02 0.552
   8   48  800 336420 9.049922e-02 0.552
   8   25  900 378420 9.040434e-02 0.552
   8   38 1000 420420 9.040434e-02 0.552
   9    0    0    420 1.067205e-01 0.530
   9    1  100  42420 8.568774e-02 0.639
   9    7  200  84420 8.553883e-02 0.650
   9   45  300 126420 8.553608e-02 0.650
   9   37  400 168420 8.551897e-02 0.650
   9   45  500 210420 8.551561e-02 0.650
   9   11  600 252420 8.546560e-02 0.650
   9   39  700 294420 8.546020e-02 0.650
   9    9  800 336420 8.545656e-02 0.650
   9   37  900 378420 8.545596e-02 0.650
   9   21 1000 420420 8.545592e-02 0.650
  10    0    0    420 1.006862e-01 0.542
  10   47  100  42420 8.681235e-02 0.622
  10    3  200  84420 8.612505e-02 0.622
  10    0  300 126420 8.576905e-02 0.622
  10   51  400 168420 8.576805e-02 0.647
  10    0  500 210420 8.569009e-02 0.647
  10   21  600 252420 8.568539e-02 0.648
  10    9  700 294420 8.562947e-02 0.648
  10   24  800 336420 8.562920e-02 0.651
  10   32  900 378420 8.553138e-02 0.651
  10    4 1000 420420 8.547782e-02 0.651
  11    0    0    420 1.276634e-01 0.557
  11    6  100  42420 8.556618e-02 0.641
  11   36  200  84420 8.552446e-02 0.641
  11  136  300 126420 8.552446e-02 0.641
  11   79  400 168420 8.552354e-02 0.662
  11    7  500 210420 8.552326e-02 0.662
  11  107  600 252420 8.552326e-02 0.662
  11   93  700 294420 8.552325e-02 0.662
  11    1  800 336420 8.552182e-02 0.680
  11    6  900 378420 8.552160e-02 0.680
  11   15 1000 420420 8.550804e-02 0.680
  12    0    0    420 9.621118e-02 0.540
  12    0  100  42420 8.615355e-02 0.600
  12    4  200  84420 8.593846e-02 0.600
  12   35  300 126420 8.592448e-02 0.604
  12  135  400 168420 8.592448e-02 0.604
  12   10  500 210420 8.571829e-02 0.609
  12   28  600 252420 8.569639e-02 0.609
  12   32  700 294420 8.569337e-02 0.630
  12   37  800 336420 8.566682e-02 0.630
  12  137  900 378420 8.566682e-02 0.630
  12    6 1000 420420 8.545335e-02 0.664
  13    0    0    420 9.250879e-02 0.554
  13   28  100  42420 8.564326e-02 0.615
  13   51  200  84420 8.562126e-02 0.615
  13   14  300 126420 8.561104e-02 0.615
  13   19  400 168420 8.560897e-02 0.620
  13   48  500 210420 8.559798e-02 0.620
  13    1  600 252420 8.558366e-02 0.620
  13    4  700 294420 8.557739e-02 0.620
  13   52  800 336420 8.557717e-02 0.623
  13   17  900 378420 8.556900e-02 0.623
  13   18 1000 420420 8.556778e-02 0.623
  14    0    0    420 9.496533e-02 0.558
  14   15  100  42420 8.574185e-02 0.584
  14   49  200  84420 8.559999e-02 0.584
  14   13  300 126420 8.555845e-02 0.602
  14   19  400 168420 8.554850e-02 0.630
  14   37  500 210420 8.554688e-02 0.630
  14    2  600 252420 8.552979e-02 0.630
  14   67  700 294420 8.552943e-02 0.635
  14   47  800 336420 8.551481e-02 0.635
  14   38  900 378420 8.551390e-02 0.643
  14    0 1000 420420 8.551323e-02 0.652
  15    0    0    420 9.448136e-02 0.529
  15    4  100  42420 8.704917e-02 0.555
  15   16  200  84420 8.703336e-02 0.558
  15   77  300 126420 8.703335e-02 0.558
  15   17  400 168420 8.702927e-02 0.558
  15    2  500 210420 8.656059e-02 0.566
  15    3  600 252420 8.636445e-02 0.566
  15    5  700 294420 8.631614e-02 0.566
  15   24  800 336420 8.628000e-02 0.566
  15    1  900 378420 8.616297e-02 0.566
  15    9 1000 420420 8.611732e-02 0.566
  16    0    0    420 9.739948e-02 0.551
  16    1  100  42420 9.061725e-02 0.563
  16    4  200  84420 9.060266e-02 0.563
  16    0  300 126420 9.060118e-02 0.563
  16   31  400 168420 9.060116e-02 0.563
  16  131  500 210420 9.060116e-02 0.563
  16    2  600 252420 9.060113e-02 0.563
  16    2  700 294420 9.058193e-02 0.563
  16   11  800 336420 9.054079e-02 0.563
  16    3  900 378420 9.046803e-02 0.563
  16    7 1000 420420 9.046043e-02 0.563
  17    0    0    420 9.182922e-02 0.547
  17   21  100  42420 8.660827e-02 0.625
  17    2  200  84420 8.611673e-02 0.625
  17    4  300 126420 8.574927e-02 0.625
  17    0  400 168420 8.560931e-02 0.625
  17   10  500 210420 8.556951e-02 0.625
  17    8  600 252420 8.541456e-02 0.625
  17   19  700 294420 8.540038e-02 0.625
  17    0  800 336420 8.536018e-02 0.635
  17   20  900 378420 8.535995e-02 0.635
  17   40 1000 420420 8.535988e-02 0.636
  18    0    0    420 9.311594e-02 0.529
  18   25  100  42420 8.612967e-02 0.557
  18   64  200  84420 8.601950e-02 0.557
  18    5  300 126420 8.599514e-02 0.577
  18   12  400 168420 8.597137e-02 0.597
  18    9  500 210420 8.594734e-02 0.597
  18   24  600 252420 8.562192e-02 0.597
  18    4  700 294420 8.558525e-02 0.620
  18   45  800 336420 8.558261e-02 0.632
  18    3  900 378420 8.554126e-02 0.632
  18    6 1000 420420 8.549155e-02 0.660
  19    0    0    420 1.195428e-01 0.556
  19    4  100  42420 8.825866e-02 0.557
  19    3  200  84420 8.651782e-02 0.559
  19    7  300 126420 8.621345e-02 0.560
  19    7  400 168420 8.592265e-02 0.561
  19   67  500 210420 8.590284e-02 0.599
  19   14  600 252420 8.589387e-02 0.599
  19   24  700 294420 8.584318e-02 0.621
  19    6  800 336420 8.584099e-02 0.621
  19    9  900 378420 8.576354e-02 0.621
  19   13 1000 420420 8.546688e-02 0.621
  20    0    0    420 1.095773e-01 0.547
  20   20  100  42420 8.590508e-02 0.560
  20   53  200  84420 8.579830e-02 0.560
  20   37  300 126420 8.578809e-02 0.560
  20   18  400 168420 8.577178e-02 0.560
  20   41  500 210420 8.577082e-02 0.581
  20   19  600 252420 8.575906e-02 0.581
  20    7  700 294420 8.559225e-02 0.581
  20    9  800 336420 8.558521e-02 0.590
  20   36  900 378420 8.557388e-02 0.624
  20    8 1000 420420 8.551158e-02 0.624
  21    0    0    420 9.504618e-02 0.545
  21   19  100  42420 8.560931e-02 0.563
  21    2  200  84420 8.551794e-02 0.588
  21   25  300 126420 8.551673e-02 0.670
  21   51  400 168420 8.551663e-02 0.670
  21   19  500 210420 8.550375e-02 0.670
  21    3  600 252420 8.550107e-02 0.670
  21   91  700 294420 8.550041e-02 0.670
  21   16  800 336420 8.529502e-02 0.670
  21    0  900 378420 8.529279e-02 0.670
  21    0 1000 420420 8.523158e-02 0.670
  22    0    0    420 1.129274e-01 0.552
  22    9  100  42420 9.074275e-02 0.552
  22    1  200  84420 9.056448e-02 0.552
  22   24  300 126420 9.055348e-02 0.552
  22   41  400 168420 9.055347e-02 0.552
  22   53  500 210420 9.055347e-02 0.552
  22    7  600 252420 9.047727e-02 0.552
  22   44  700 294420 9.046428e-02 0.552
  22   28  800 336420 9.046427e-02 0.552
  22    1  900 378420 9.044724e-02 0.552
  22    7 1000 420420 9.042852e-02 0.552
  23    0    0    420 1.114626e-01 0.535
  23   14  100  42420 8.615436e-02 0.560
  23   84  200  84420 8.613570e-02 0.612
  23   51  300 126420 8.600836e-02 0.612
  23    3  400 168420 8.598058e-02 0.612
  23   20  500 210420 8.594731e-02 0.612
  23   23  600 252420 8.594538e-02 0.655
  23   38  700 294420 8.567311e-02 0.655
  23    6  800 336420 8.566530e-02 0.655
  23    1  900 378420 8.566067e-02 0.655
  23    0 1000 420420 8.566039e-02 0.655
  24    0    0    420 2.740597e-01 0.544
  24    1  100  42420 8.695358e-02 0.562
  24   19  200  84420 8.691842e-02 0.620
  24   33  300 126420 8.691562e-02 0.620
  24    4  400 168420 8.543747e-02 0.620
  24    4  500 210420 8.536244e-02 0.624
  24    5  600 252420 8.535322e-02 0.638
  24   15  700 294420 8.532693e-02 0.638
  24   10  800 336420 8.532564e-02 0.638
  24   51  900 378420 8.532548e-02 0.651
  24    7 1000 420420 8.532203e-02 0.651
  25    0    0    420 9.166778e-02 0.537
  25   51  100  42420 8.717327e-02 0.606
  25    2  200  84420 8.599119e-02 0.619
  25   18  300 126420 8.591214e-02 0.619
  25   11  400 168420 8.591030e-02 0.619
  25    4  500 210420 8.584629e-02 0.619
  25    4  600 252420 8.566486e-02 0.619
  25    1  700 294420 8.565206e-02 0.619
  25    5  800 336420 8.556439e-02 0.619
  25   58  900 378420 8.555126e-02 0.619
  25   26 1000 420420 8.551461e-02 0.619
  26    0    0    420 9.319273e-02 0.556
  26    2  100  42420 8.629406e-02 0.576
  26    9  200  84420 8.624461e-02 0.579
  26   42  300 126420 8.614642e-02 0.621
  26   38  400 168420 8.608382e-02 0.621
  26    8  500 210420 8.607617e-02 0.621
  26    3  600 252420 8.601062e-02 0.621
  26   19  700 294420 8.581121e-02 0.621
  26    8  800 336420 8.581112e-02 0.621
  26   32  900 378420 8.580276e-02 0.633
  26    0 1000 420420 8.565249e-02 0.633
  27    0    0    420 9.390648e-02 0.531
  27    3  100  42420 8.626062e-02 0.668
  27   46  200  84420 8.605172e-02 0.668
  27    2  300 126420 8.578396e-02 0.668
  27   14  400 168420 8.577546e-02 0.668
  27    9  500 210420 8.564525e-02 0.668
  27   63  600 252420 8.564492e-02 0.668
  27   13  700 294420 8.563531e-02 0.675
  27   29  800 336420 8.561098e-02 0.675
  27    6  900 378420 8.560563e-02 0.675
  27    0 1000 420420 8.559262e-02 0.675
  28    0    0    420 9.206956e-02 0.534
  28    2  100  42420 8.579233e-02 0.559
  28   99  200  84420 8.579160e-02 0.559
  28    6  300 126420 8.578493e-02 0.578
  28   17  400 168420 8.572334e-02 0.588
  28   29  500 210420 8.571820e-02 0.632
  28    0  600 252420 8.571298e-02 0.632
  28  100  700 294420 8.571298e-02 0.632
  28   10  800 336420 8.571242e-02 0.632
  28    6  900 378420 8.571199e-02 0.632
  28    0 1000 420420 8.563770e-02 0.661
  29    0    0    420 9.660025e-02 0.530
  29    7  100  42420 9.051569e-02 0.541
  29   41  200  84420 9.051569e-02 0.541
  29  141  300 126420 9.051569e-02 0.541
  29  241  400 168420 9.051569e-02 0.541
  29  341  500 210420 9.051569e-02 0.541
  29  441  600 252420 9.051569e-02 0.541
  29  541  700 294420 9.051569e-02 0.541
  29    1  800 336420 9.050418e-02 0.541
  29    3  900 378420 9.047257e-02 0.541
  29   16 1000 420420 9.047113e-02 0.541
