   0    0    0    420 1.034756e-01 0.462
   0    2  100  42420 8.865116e-02 0.515
   0    1  200  84420 8.820092e-02 0.515
   0    5  300 126420 8.654112e-02 0.515
   0    9  400 168420 8.646798e-02 0.515
   0    8  500 210420 8.352869e-02 0.522
   0    3  600 252420 8.347504e-02 0.526
   0    2  700 294420 8.102183e-02 0.547
   0    7  800 336420 8.087924e-02 0.547
   0    2  900 378420 8.063808e-02 0.547
   0    4 1000 420420 8.054587e-02 0.547
   1    0    0    420 1.226500e-01 0.477
   1    5  100  42420 8.916137e-02 0.500
   1    1  200  84420 8.648393e-02 0.523
   1   31  300 126420 8.620855e-02 0.523
   1   50  400 168420 8.610370e-02 0.523
   1    3  500 210420 8.464516e-02 0.523
   1   15  600 252420 8.132180e-02 0.537
   1    3  700 294420 8.119623e-02 0.540
   1    5  800 336420 8.108630e-02 0.540
   1    1  900 378420 8.012267e-02 0.540
   1    1 1000 420420 7.993779e-02 0.540
   2    0    0    420 1.740054e-01 0.448
   2   12  100  42420 8.840096e-02 0.508
   2    3  200  84420 8.820207e-02 0.515
   2    3  300 126420 8.801249e-02 0.525
   2   20  400 168420 8.720951e-02 0.525
   2   15  500 210420 8.713670e-02 0.525
   2   16  600 252420 8.711786e-02 0.525
   2    8  700 294420 8.706144e-02 0.525
   2   25  800 336420 8.704434e-02 0.525
   2    1  900 378420 8.424937e-02 0.525
   2    1 1000 420420 8.148415e-02 0.528
   3    0    0    420 1.578937e-01 0.498
   3   15  100  42420 9.035820e-02 0.513
   3    3  200  84420 8.908514e-02 0.513
   3    8  300 126420 8.819042e-02 0.529
   3    6  400 168420 8.713824e-02 0.529
   3   38  500 210420 8.711883e-02 0.529
   3    3  600 252420 8.442005e-02 0.529
   3    1  700 294420 8.285554e-02 0.529
   3   13  800 336420 7.896943e-02 0.529
   3    0  900 378420 7.895069e-02 0.557
   3   10 1000 420420 7.886432e-02 0.562
   4    0    0    420 1.090708e-01 0.451
   4    8  100  42420 8.973754e-02 0.508
   4   37  200  84420 8.969628e-02 0.510
   4    9  300 126420 8.778503e-02 0.510
   4    5  400 168420 8.724523e-02 0.510
   4   25  500 210420 8.711560e-02 0.517
   4   27  600 252420 8.708686e-02 0.517
   4   14  700 294420 8.368543e-02 0.532
   4    2  800 336420 8.040556e-02 0.533
   4    1  900 378420 7.916184e-02 0.549
   4   12 1000 420420 7.902240e-02 0.549
   5    0    0    420 1.249806e-01 0.460
   5    2  100  42420 8.297529e-02 0.531
   5    5  200  84420 8.232267e-02 0.531
   5    5  300 126420 8.078494e-02 0.531
   5   24  400 168420 8.018414e-02 0.532
   5    5  500 210420 7.926301e-02 0.532
   5    3  600 252420 7.914063e-02 0.536
   5    4  700 294420 7.908776e-02 0.539
   5    3  800 336420 7.906256e-02 0.539
   5   40  900 378420 7.902624e-02 0.539
   5    1 1000 420420 7.897595e-02 0.539
   6    0    0    420 1.237775e-01 0.434
   6    0  100  42420 8.951519e-02 0.505
   6   31  200  84420 8.923909e-02 0.505
   6    1  300 126420 8.914256e-02 0.527
   6   63  400 168420 8.913920e-02 0.527
   6    2  500 210420 8.865823e-02 0.527
   6   10  600 252420 8.857095e-02 0.527
   6    0  700 294420 8.850798e-02 0.527
   6   38  800 336420 8.846793e-02 0.527
   6    0  900 378420 8.844471e-02 0.527
   6    1 1000 420420 8.828323e-02 0.527
   7    0    0    420 1.332370e-01 0.447
   7    0  100  42420 8.630618e-02 0.514
   7   13  200  84420 8.402416e-02 0.523
   7    1  300 126420 8.149524e-02 0.531
   7   13  400 168420 8.138041e-02 0.531
   7  113  500 210420 8.138041e-02 0.532
   7    5  600 252420 8.108522e-02 0.533
   7    1  700 294420 7.982162e-02 0.536
   7    0  800 336420 7.972477e-02 0.542
   7    1  900 378420 7.935434e-02 0.562
   7    0 1000 420420 7.926428e-02 0.562
   8    0    0    420 1.131752e-01 0.459
   8   28  100  42420 8.833680e-02 0.504
   8   18  200  84420 8.829150e-02 0.512
   8    4  300 126420 8.818376e-02 0.513
   8   62  400 168420 8.803465e-02 0.513
   8   17  500 210420 8.802978e-02 0.513
   8    5  600 252420 8.802939e-02 0.513
   8    9  700 294420 8.802454e-02 0.513
   8   41  800 336420 8.802325e-02 0.514
   8   56  900 378420 8.802038e-02 0.514
   8   10 1000 420420 8.801774e-02 0.514
   9    0    0    420 1.636600e-01 0.482
   9   17  100  42420 8.062765e-02 0.517
   9    2  200  84420 8.049127e-02 0.517
   9   49  300 126420 8.005985e-02 0.530
   9   19  400 168420 7.982854e-02 0.540
   9   11  500 210420 7.974869e-02 0.540
   9   12  600 252420 7.955168e-02 0.572
   9    1  700 294420 7.906674e-02 0.572
   9    6  800 336420 7.901151e-02 0.572
   9   30  900 378420 7.891692e-02 0.572
   9   62 1000 420420 7.891354e-02 0.572
  10    0    0    420 1.532164e-01 0.448
  10    9  100  42420 9.411770e-02 0.495
  10   16  200  84420 9.174613e-02 0.496
  10   11  300 126420 9.018308e-02 0.496
  10    7  400 168420 8.997540e-02 0.500
  10    1  500 210420 8.942737e-02 0.500
  10   27  600 252420 8.941769e-02 0.511
  10   11  700 294420 8.934172e-02 0.511
  10   14  800 336420 8.887095e-02 0.511
  10   25  900 378420 8.859510e-02 0.511
  10    2 1000 420420 8.848451e-02 0.511
  11    0    0    420 1.170248e-01 0.457
  11    0  100  42420 8.732555e-02 0.505
  11    7  200  84420 8.640487e-02 0.523
  11   29  300 126420 8.591963e-02 0.523
  11   18  400 168420 8.566372e-02 0.523
  11    1  500 210420 8.565791e-02 0.523
  11   15  600 252420 8.537674e-02 0.534
  11   59  700 294420 8.537392e-02 0.534
  11    2  800 336420 8.245711e-02 0.534
  11    3  900 378420 8.160209e-02 0.534
  11   12 1000 420420 8.100070e-02 0.534
  12    0    0    420 1.099251e-01 0.463
  12    3  100  42420 9.060476e-02 0.500
  12    0  200  84420 9.047725e-02 0.502
  12    4  300 126420 8.986564e-02 0.503
  12   19  400 168420 8.938695e-02 0.505
  12   11  500 210420 8.862695e-02 0.507
  12    5  600 252420 8.859660e-02 0.510
  12    4  700 294420 8.855364e-02 0.510
  12   23  800 336420 8.848187e-02 0.510
  12   48  900 378420 8.848184e-02 0.510
  12    4 1000 420420 8.784066e-02 0.510
  13    0    0    420 1.428709e-01 0.454
  13    9  100  42420 9.025848e-02 0.508
  13   18  200  84420 8.932583e-02 0.509
  13   22  300 126420 8.921401e-02 0.509
  13    1  400 168420 8.885387e-02 0.516
  13   84  500 210420 8.868194e-02 0.516
  13   15  600 252420 8.867631e-02 0.516
  13   10  700 294420 8.853757e-02 0.516
  13    1  800 336420 8.814230e-02 0.516
  13    3  900 378420 8.807158e-02 0.516
  13    0 1000 420420 8.765841e-02 0.516
  14    0    0    420 1.332165e-01 0.475
  14    1  100  42420 9.222478e-02 0.502
  14    0  200  84420 9.114614e-02 0.502
  14   10  300 126420 9.053098e-02 0.502
  14    4  400 168420 8.878085e-02 0.511
  14    0  500 210420 8.831240e-02 0.511
  14   11  600 252420 8.820963e-02 0.511
  14    9  700 294420 8.820572e-02 0.511
  14   14  800 336420 8.820069e-02 0.511
  14    5  900 378420 8.817105e-02 0.511
  14    2 1000 420420 8.800661e-02 0.511
  15    0    0    420 2.224580e-01 0.468
  15    4  100  42420 9.043437e-02 0.505
  15    0  200  84420 9.010699e-02 0.507
  15    1  300 126420 9.001996e-02 0.507
  15   39  400 168420 9.000699e-02 0.517
  15   23  500 210420 8.978041e-02 0.517
  15    6  600 252420 8.854309e-02 0.517
  15    0  700 294420 8.831058e-02 0.517
  15    3  800 336420 8.638204e-02 0.519
  15    0  900 378420 8.101796e-02 0.524
  15    0 1000 420420 8.013868e-02 0.531
  16    0    0    420 1.085760e-01 0.448
  16    0  100  42420 9.047593e-02 0.499
  16   10  200  84420 8.902896e-02 0.500
  16    8  300 126420 8.829457e-02 0.512
  16   27  400 168420 8.808031e-02 0.514
  16   37  500 210420 8.801999e-02 0.535
  16    0  600 252420 8.785166e-02 0.535
  16   32  700 294420 8.658682e-02 0.535
  16    6  800 336420 8.487153e-02 0.542
  16    0  900 378420 8.099159e-02 0.542
  16    3 1000 420420 8.084284e-02 0.542
  17    0    0    420 1.379768e-01 0.456
  17   15  100  42420 9.070837e-02 0.512
  17   77  200  84420 9.069112e-02 0.512
  17    5  300 126420 9.063218e-02 0.512
  17    1  400 168420 8.898823e-02 0.512
  17   19  500 210420 8.882320e-02 0.512
  17    2  600 252420 8.862747e-02 0.512
  17    3  700 294420 8.847165e-02 0.512
  17    6  800 336420 8.842522e-02 0.512
  17    6  900 378420 8.842479e-02 0.512
  17    6 1000 420420 8.842207e-02 0.512
  18    0    0    420 1.147596e-01 0.462
  18   12  100  42420 8.876760e-02 0.513
  18   20  200  84420 8.859533e-02 0.513
  18   10  300 126420 8.756531e-02 0.513
  18   82  400 168420 8.756162e-02 0.516
  18   66  500 210420 8.756159e-02 0.521
  18   18  600 252420 8.743582e-02 0.521
  18    2  700 294420 8.740156e-02 0.521
  18    3  800 336420 8.727868e-02 0.521
  18   11  900 378420 8.726847e-02 0.521
  18    1 1000 420420 8.689419e-02 0.521
  19    0    0    420 1.012878e-01 0.467
  19   13  100  42420 8.824576e-02 0.509
  19   11  200  84420 8.782782e-02 0.509
  19   68  300 126420 8.780682e-02 0.520
  19   13  400 168420 8.779822e-02 0.520
  19   76  500 210420 8.779590e-02 0.520
  19   80  600 252420 8.779586e-02 0.520
  19   12  700 294420 8.779437e-02 0.520
  19    5  800 336420 8.779255e-02 0.520
  19    2  900 378420 8.778307e-02 0.520
  19    6 1000 420420 8.744977e-02 0.520
  20    0    0    420 1.326581e-01 0.416
  20    3  100  42420 8.916869e-02 0.506
  20    1  200  84420 8.834480e-02 0.522
  20    5  300 126420 8.788871e-02 0.522
  20    0  400 168420 8.731206e-02 0.522
  20    0  500 210420 8.030994e-02 0.532
  20    6  600 252420 7.999492e-02 0.536
  20    7  700 294420 7.955224e-02 0.541
  20    5  800 336420 7.937650e-02 0.548
  20   24  900 378420 7.925818e-02 0.548
  20    4 1000 420420 7.920639e-02 0.562
  21    0    0    420 1.636458e-01 0.430
  21    7  100  42420 9.171799e-02 0.496
  21    6  200  84420 9.048767e-02 0.496
  21   69  300 126420 9.012511e-02 0.502
  21   41  400 168420 9.007804e-02 0.519
  21    0  500 210420 8.967068e-02 0.519
  21    6  600 252420 8.927240e-02 0.519
  21    4  700 294420 8.907595e-02 0.519
  21    0  800 336420 8.726263e-02 0.519
  21    0  900 378420 8.648309e-02 0.519
  21    0 1000 420420 8.299321e-02 0.519
  22    0    0    420 1.250309e-01 0.453
  22   16  100  42420 8.096009e-02 0.509
  22   47  200  84420 8.093858e-02 0.521
  22   70  300 126420 8.091092e-02 0.524
  22    4  400 168420 8.087665e-02 0.539
  22   37  500 210420 8.085534e-02 0.539
  22   60  600 252420 8.085531e-02 0.546
  22    5  700 294420 8.084314e-02 0.546
  22    4  800 336420 8.082215e-02 0.546
  22    2  900 378420 8.080897e-02 0.546
  22    6 1000 420420 8.046795e-02 0.546
  23    0    0    420 2.320834e-01 0.457
  23    5  100  42420 9.276686e-02 0.514
  23   39  200  84420 9.208831e-02 0.514
  23    7  300 126420 9.086360e-02 0.514
  23   11  400 168420 9.033435e-02 0.514
  23   27  500 210420 8.830454e-02 0.514
  23   35  600 252420 8.820287e-02 0.514
  23    1  700 294420 8.799854e-02 0.514
  23    4  800 336420 8.772435e-02 0.514
  23   11  900 378420 8.768435e-02 0.514
  23    7 1000 420420 8.761298e-02 0.514
  24    0    0    420 1.099911e-01 0.455
  24   42  100  42420 9.043721e-02 0.502
  24   66  200  84420 9.038177e-02 0.530
  24    2  300 126420 9.026925e-02 0.530
  24   21  400 168420 9.021327e-02 0.530
  24    1  500 210420 9.012957e-02 0.530
  24    0  600 252420 8.903603e-02 0.530
  24    1  700 294420 8.112644e-02 0.530
  24    6  800 336420 8.101565e-02 0.532
  24    0  900 378420 8.094367e-02 0.537
  24    7 1000 420420 8.093724e-02 0.537
  25    0    0    420 1.245362e-01 0.454
  25    4  100  42420 8.976772e-02 0.518
  25    7  200  84420 8.957643e-02 0.518
  25   15  300 126420 8.955352e-02 0.518
  25    2  400 168420 8.901463e-02 0.518
  25    0  500 210420 8.863172e-02 0.518
  25    6  600 252420 8.852851e-02 0.518
  25   20  700 294420 8.552945e-02 0.518
  25    0  800 336420 8.543707e-02 0.522
  25    1  900 378420 8.449788e-02 0.522
  25    2 1000 420420 7.911280e-02 0.549
  26    0    0    420 1.089385e-01 0.445
  26    4  100  42420 8.971479e-02 0.496
  26    0  200  84420 8.944246e-02 0.505
  26   50  300 126420 8.941136e-02 0.514
  26   39  400 168420 8.940495e-02 0.514
  26    2  500 210420 8.940141e-02 0.514
  26   18  600 252420 8.657669e-02 0.523
  26   15  700 294420 8.484016e-02 0.523
  26    4  800 336420 8.434690e-02 0.523
  26    5  900 378420 8.420849e-02 0.529
  26    0 1000 420420 8.124085e-02 0.529
  27    0    0    420 1.331010e-01 0.456
  27    0  100  42420 9.202260e-02 0.505
  27    0  200  84420 8.967305e-02 0.518
  27    5  300 126420 8.938212e-02 0.518
  27    2  400 168420 8.909605e-02 0.518
  27   11  500 210420 8.909604e-02 0.518
  27    5  600 252420 8.896266e-02 0.518
  27    2  700 294420 8.787955e-02 0.518
  27   11  800 336420 8.667458e-02 0.518
  27    1  900 378420 8.240533e-02 0.525
  27    3 1000 420420 7.914630e-02 0.530
  28    0    0    420 1.011615e-01 0.453
  28   17  100  42420 9.021954e-02 0.506
  28    1  200  84420 8.878597e-02 0.515
  28   46  300 126420 8.849489e-02 0.515
  28   29  400 168420 8.843414e-02 0.515
  28    8  500 210420 8.772481e-02 0.519
  28    2  600 252420 8.750748e-02 0.527
  28    7  700 294420 8.097032e-02 0.553
  28    6  800 336420 8.093098e-02 0.553
  28    7  900 378420 8.092215e-02 0.553
  28    9 1000 420420 8.080136e-02 0.553
  29    0    0    420 1.080893e-01 0.458
  29    8  100  42420 9.308312e-02 0.498
  29    2  200  84420 8.971332e-02 0.507
  29   33  300 126420 8.964360e-02 0.507
  29    6  400 168420 8.912401e-02 0.508
  29   54  500 210420 8.905139e-02 0.508
  29    1  600 252420 8.846280e-02 0.509
  29   10  700 294420 8.789922e-02 0.513
  29   17  800 336420 8.779845e-02 0.513
  29    8  900 378420 8.776267e-02 0.513
  29    2 1000 420420 8.690343e-02 0.513
