   0    0    0    420 5.436874e-01 0.252
   0    3  100  42420 5.822977e-02 0.281
   0    0  200  84420 5.445544e-02 0.281
   0    0  300 126420 4.548714e-02 0.281
   0   13  400 168420 4.452702e-02 0.281
   0   14  500 210420 3.041052e-02 0.281
   0   17  600 252420 3.010334e-02 0.281
   0   10  700 294420 3.001580e-02 0.281
   0   52  800 336420 3.001196e-02 0.281
   0    0  900 378420 2.993106e-02 0.281
   0   62 1000 420420 2.988299e-02 0.281
   1    0    0    420 7.163752e-01 0.275
   1   11  100  42420 4.304350e-02 0.288
   1    6  200  84420 3.923990e-02 0.315
   1    4  300 126420 2.971833e-02 0.329
   1   51  400 168420 2.827168e-02 0.366
   1    3  500 210420 2.806311e-02 0.366
   1    2  600 252420 2.806302e-02 0.366
   1    6  700 294420 2.790371e-02 0.366
   1   42  800 336420 2.787522e-02 0.366
   1    6  900 378420 2.787250e-02 0.366
   1    5 1000 420420 2.787132e-02 0.366
   2    0    0    420 1.900726e-01 0.259
   2    2  100  42420 3.354007e-02 0.340
   2    1  200  84420 3.177437e-02 0.340
   2    0  300 126420 3.038844e-02 0.354
   2    0  400 168420 2.951900e-02 0.392
   2   12  500 210420 2.857495e-02 0.392
   2   61  600 252420 2.821216e-02 0.392
   2   34  700 294420 2.795906e-02 0.392
   2   21  800 336420 2.775969e-02 0.392
   2   20  900 378420 2.753565e-02 0.392
   2    1 1000 420420 2.753219e-02 0.392
   3    0    0    420 8.257650e-01 0.291
   3    7  100  42420 5.143832e-02 0.291
   3   62  200  84420 5.143113e-02 0.291
   3   46  300 126420 5.128552e-02 0.291
   3   10  400 168420 5.097510e-02 0.291
   3    2  500 210420 2.986913e-02 0.291
   3   59  600 252420 2.984716e-02 0.291
   3   69  700 294420 2.984506e-02 0.291
   3   13  800 336420 2.955655e-02 0.291
   3    5  900 378420 2.952130e-02 0.291
   3   64 1000 420420 2.952117e-02 0.291
   4    0    0    420 8.471795e-02 0.245
   4    4  100  42420 3.743439e-02 0.344
   4   14  200  84420 3.641375e-02 0.344
   4    3  300 126420 3.026278e-02 0.344
   4  103  400 168420 3.026278e-02 0.344
   4    5  500 210420 3.026189e-02 0.344
   4    4  600 252420 2.785200e-02 0.344
   4   26  700 294420 2.773620e-02 0.344
   4   37  800 336420 2.772005e-02 0.344
   4   30  900 378420 2.762077e-02 0.344
   4    8 1000 420420 2.744084e-02 0.344
   5    0    0    420 1.432801e-01 0.281
   5   14  100  42420 2.982653e-02 0.336
   5   17  200  84420 2.909472e-02 0.379
   5    9  300 126420 2.751885e-02 0.389
   5   29  400 168420 2.751488e-02 0.389
   5   15  500 210420 2.749407e-02 0.389
   5   50  600 252420 2.749361e-02 0.389
   5    0  700 294420 2.749273e-02 0.390
   5   16  800 336420 2.740517e-02 0.390
   5   36  900 378420 2.739877e-02 0.390
   5   25 1000 420420 2.739827e-02 0.390
   6    0    0    420 1.418575e-01 0.248
   6    0  100  42420 3.866276e-02 0.276
   6   16  200  84420 3.815183e-02 0.276
   6   37  300 126420 3.445753e-02 0.276
   6   12  400 168420 3.325482e-02 0.276
   6    1  500 210420 3.303295e-02 0.276
   6    7  600 252420 2.977026e-02 0.276
   6   13  700 294420 2.976421e-02 0.276
   6   11  800 336420 2.971541e-02 0.276
   6   47  900 378420 2.969407e-02 0.276
   6   16 1000 420420 2.967317e-02 0.276
   7    0    0    420 1.525051e-01 0.283
   7   17  100  42420 3.748629e-02 0.331
   7   39  200  84420 3.488151e-02 0.331
   7    1  300 126420 2.945008e-02 0.334
   7    5  400 168420 2.853364e-02 0.334
   7    3  500 210420 2.768254e-02 0.334
   7   20  600 252420 2.753444e-02 0.334
   7   24  700 294420 2.752301e-02 0.334
   7    9  800 336420 2.749646e-02 0.334
   7    7  900 378420 2.749620e-02 0.339
   7    1 1000 420420 2.749550e-02 0.339
   8    0    0    420 2.651423e+00 0.240
   8    1  100  42420 4.219567e-02 0.301
   8    5  200  84420 3.478657e-02 0.301
   8    2  300 126420 3.308767e-02 0.301
   8   84  400 168420 3.308766e-02 0.301
   8   10  500 210420 2.974271e-02 0.301
   8   18  600 252420 2.962687e-02 0.301
   8   57  700 294420 2.961623e-02 0.301
   8    4  800 336420 2.959780e-02 0.301
   8    0  900 378420 2.954671e-02 0.301
   8   27 1000 420420 2.951594e-02 0.301
   9    0    0    420 7.622503e-01 0.258
   9    3  100  42420 3.340682e-02 0.321
   9   17  200  84420 3.337424e-02 0.321
   9   43  300 126420 3.233604e-02 0.321
   9   43  400 168420 3.233369e-02 0.321
   9   41  500 210420 3.198601e-02 0.321
   9   54  600 252420 3.198050e-02 0.321
   9    0  700 294420 3.166409e-02 0.321
   9   45  800 336420 3.148434e-02 0.321
   9    1  900 378420 3.128329e-02 0.321
   9    0 1000 420420 3.102432e-02 0.321
  10    0    0    420 4.468374e-01 0.290
  10    5  100  42420 5.678347e-02 0.296
  10    2  200  84420 5.644234e-02 0.296
  10   16  300 126420 3.144801e-02 0.296
  10    4  400 168420 3.073658e-02 0.296
  10   13  500 210420 3.035524e-02 0.296
  10   15  600 252420 3.005560e-02 0.296
  10   47  700 294420 3.000987e-02 0.296
  10   13  800 336420 2.970287e-02 0.296
  10    6  900 378420 2.957443e-02 0.296
  10   41 1000 420420 2.956412e-02 0.296
  11    0    0    420 1.669862e-01 0.247
  11    0  100  42420 3.124364e-02 0.353
  11   33  200  84420 2.987623e-02 0.353
  11    2  300 126420 2.906913e-02 0.353
  11    6  400 168420 2.853834e-02 0.353
  11    9  500 210420 2.778596e-02 0.353
  11   52  600 252420 2.764872e-02 0.353
  11   43  700 294420 2.752416e-02 0.353
  11    0  800 336420 2.739497e-02 0.353
  11    4  900 378420 2.739497e-02 0.353
  11    4 1000 420420 2.739436e-02 0.353
  12    0    0    420 5.677157e-01 0.239
  12    9  100  42420 3.087650e-02 0.357
  12    4  200  84420 3.004798e-02 0.357
  12   25  300 126420 3.004319e-02 0.357
  12   83  400 168420 3.001616e-02 0.357
  12  183  500 210420 3.001616e-02 0.357
  12    6  600 252420 2.997729e-02 0.357
  12   28  700 294420 2.995062e-02 0.357
  12   39  800 336420 2.995060e-02 0.357
  12    7  900 378420 2.986644e-02 0.357
  12    7 1000 420420 2.980142e-02 0.357
  13    0    0    420 1.462669e-01 0.267
  13   47  100  42420 5.219100e-02 0.284
  13    6  200  84420 3.801256e-02 0.284
  13   44  300 126420 3.798816e-02 0.284
  13  144  400 168420 3.798816e-02 0.284
  13   38  500 210420 3.498665e-02 0.284
  13   13  600 252420 3.377101e-02 0.284
  13   19  700 294420 3.275869e-02 0.284
  13   86  800 336420 3.264417e-02 0.284
  13    4  900 378420 3.205852e-02 0.284
  13   14 1000 420420 3.106192e-02 0.284
  14    0    0    420 6.875831e-01 0.248
  14    1  100  42420 4.047501e-02 0.314
  14    9  200  84420 3.664593e-02 0.314
  14    4  300 126420 3.419991e-02 0.314
  14   17  400 168420 3.023429e-02 0.314
  14  117  500 210420 3.023429e-02 0.314
  14    1  600 252420 2.994739e-02 0.314
  14   11  700 294420 2.991720e-02 0.314
  14    4  800 336420 2.989120e-02 0.314
  14   71  900 378420 2.985353e-02 0.314
  14   45 1000 420420 2.957464e-02 0.314
  15    0    0    420 1.079105e-01 0.233
  15    8  100  42420 3.683035e-02 0.322
  15    0  200  84420 3.401400e-02 0.322
  15    6  300 126420 3.327567e-02 0.322
  15    3  400 168420 3.283565e-02 0.322
  15   14  500 210420 3.266405e-02 0.322
  15    4  600 252420 3.265289e-02 0.322
  15    8  700 294420 3.050702e-02 0.322
  15   41  800 336420 2.988622e-02 0.322
  15    1  900 378420 2.983073e-02 0.322
  15   39 1000 420420 2.975170e-02 0.322
  16    0    0    420 2.120968e-01 0.249
  16   10  100  42420 3.752588e-02 0.330
  16    9  200  84420 3.133047e-02 0.348
  16    3  300 126420 2.932577e-02 0.350
  16   59  400 168420 2.921008e-02 0.350
  16   12  500 210420 2.811335e-02 0.350
  16    8  600 252420 2.807498e-02 0.350
  16    6  700 294420 2.799803e-02 0.350
  16    9  800 336420 2.776075e-02 0.350
  16   12  900 378420 2.775553e-02 0.350
  16    1 1000 420420 2.773256e-02 0.350
  17    0    0    420 1.573401e-01 0.279
  17    0  100  42420 3.143876e-02 0.372
  17   21  200  84420 2.963529e-02 0.372
  17   39  300 126420 2.959986e-02 0.372
  17   21  400 168420 2.959366e-02 0.372
  17   87  500 210420 2.959301e-02 0.372
  17  187  600 252420 2.959301e-02 0.372
  17   31  700 294420 2.957463e-02 0.372
  17   13  800 336420 2.956727e-02 0.372
  17   24  900 378420 2.956680e-02 0.372
  17   19 1000 420420 2.956661e-02 0.372
  18    0    0    420 1.881210e-01 0.275
  18    2  100  42420 3.782971e-02 0.304
  18    2  200  84420 3.470405e-02 0.311
  18   29  300 126420 3.394726e-02 0.311
  18   12  400 168420 3.312948e-02 0.311
  18    3  500 210420 3.259075e-02 0.311
  18   43  600 252420 3.204706e-02 0.311
  18    0  700 294420 3.115149e-02 0.311
  18    0  800 336420 3.101104e-02 0.311
  18   16  900 378420 2.978455e-02 0.311
  18   57 1000 420420 2.972476e-02 0.311
  19    0    0    420 6.966976e-01 0.251
  19    1  100  42420 3.758461e-02 0.342
  19   25  200  84420 3.755165e-02 0.342
  19   18  300 126420 3.605678e-02 0.342
  19   17  400 168420 3.442034e-02 0.342
  19    0  500 210420 3.318801e-02 0.342
  19   96  600 252420 3.312479e-02 0.342
  19    0  700 294420 3.284906e-02 0.342
  19    4  800 336420 3.199825e-02 0.342
  19   56  900 378420 3.193609e-02 0.342
  19    9 1000 420420 3.105939e-02 0.342
  20    0    0    420 3.496169e-01 0.258
  20   12  100  42420 2.774238e-02 0.336
  20   59  200  84420 2.755185e-02 0.338
  20   59  300 126420 2.753523e-02 0.338
  20   22  400 168420 2.752044e-02 0.338
  20   54  500 210420 2.752021e-02 0.338
  20   47  600 252420 2.749290e-02 0.338
  20   19  700 294420 2.748446e-02 0.338
  20    7  800 336420 2.746741e-02 0.338
  20   14  900 378420 2.739781e-02 0.338
  20   11 1000 420420 2.739392e-02 0.338
  21    0    0    420 1.555043e-01 0.231
  21    1  100  42420 3.068607e-02 0.291
  21   18  200  84420 3.033406e-02 0.291
  21    0  300 126420 3.032781e-02 0.291
  21  100  400 168420 3.032781e-02 0.291
  21   43  500 210420 3.027262e-02 0.291
  21  143  600 252420 3.027262e-02 0.291
  21  243  700 294420 3.027262e-02 0.291
  21   43  800 336420 3.026115e-02 0.291
  21   10  900 378420 3.013798e-02 0.291
  21    9 1000 420420 3.000701e-02 0.291
  22    0    0    420 3.550041e-01 0.280
  22    0  100  42420 3.368102e-02 0.311
  22   35  200  84420 3.337488e-02 0.311
  22   17  300 126420 3.334872e-02 0.311
  22    1  400 168420 3.266518e-02 0.311
  22   19  500 210420 3.228371e-02 0.311
  22    2  600 252420 3.151466e-02 0.311
  22   22  700 294420 3.149879e-02 0.311
  22    4  800 336420 3.131182e-02 0.311
  22   54  900 378420 3.026216e-02 0.311
  22   17 1000 420420 3.016552e-02 0.311
  23    0    0    420 1.826236e+00 0.249
  23   49  100  42420 5.466902e-02 0.360
  23    7  200  84420 5.230977e-02 0.360
  23   15  300 126420 3.087348e-02 0.360
  23   84  400 168420 3.086685e-02 0.360
  23    4  500 210420 3.047805e-02 0.360
  23    3  600 252420 3.001785e-02 0.360
  23   14  700 294420 2.977468e-02 0.360
  23    5  800 336420 2.968860e-02 0.360
  23    7  900 378420 2.962499e-02 0.360
  23   23 1000 420420 2.962315e-02 0.360
  24    0    0    420 1.179770e+00 0.274
  24   16  100  42420 3.945975e-02 0.339
  24    2  200  84420 3.925651e-02 0.339
  24   50  300 126420 3.697541e-02 0.339
  24    1  400 168420 3.019116e-02 0.339
  24    7  500 210420 2.982786e-02 0.339
  24   60  600 252420 2.980063e-02 0.339
  24   79  700 294420 2.971815e-02 0.339
  24   18  800 336420 2.963401e-02 0.339
  24   32  900 378420 2.959875e-02 0.339
  24   79 1000 420420 2.957069e-02 0.339
  25    0    0    420 8.583844e-02 0.252
  25   13  100  42420 5.297812e-02 0.336
  25    0  200  84420 3.784222e-02 0.336
  25    0  300 126420 2.899066e-02 0.336
  25   15  400 168420 2.778519e-02 0.336
  25  115  500 210420 2.778519e-02 0.336
  25   32  600 252420 2.759711e-02 0.336
  25    0  700 294420 2.753966e-02 0.336
  25   60  800 336420 2.745885e-02 0.336
  25    0  900 378420 2.743053e-02 0.336
  25   17 1000 420420 2.741053e-02 0.358
  26    0    0    420 1.400321e+00 0.240
  26   17  100  42420 3.666947e-02 0.435
  26   15  200  84420 2.829870e-02 0.479
  26   96  300 126420 2.829715e-02 0.479
  26    1  400 168420 2.774167e-02 0.479
  26   69  500 210420 2.772808e-02 0.479
  26   23  600 252420 2.772342e-02 0.479
  26   54  700 294420 2.761624e-02 0.479
  26   90  800 336420 2.761542e-02 0.479
  26  190  900 378420 2.761542e-02 0.479
  26   58 1000 420420 2.761347e-02 0.479
  27    0    0    420 1.939455e-01 0.276
  27    0  100  42420 3.033475e-02 0.336
  27   35  200  84420 2.994881e-02 0.336
  27   14  300 126420 2.991939e-02 0.336
  27    0  400 168420 2.969223e-02 0.336
  27    1  500 210420 2.963540e-02 0.336
  27   21  600 252420 2.962106e-02 0.336
  27    2  700 294420 2.957565e-02 0.336
  27   33  800 336420 2.957019e-02 0.336
  27   11  900 378420 2.956560e-02 0.336
  27    0 1000 420420 2.955493e-02 0.336
  28    0    0    420 1.409196e-01 0.277
  28   64  100  42420 2.899482e-02 0.311
  28    8  200  84420 2.855089e-02 0.346
  28    5  300 126420 2.855046e-02 0.349
  28   46  400 168420 2.806659e-02 0.349
  28    7  500 210420 2.783753e-02 0.349
  28    2  600 252420 2.776737e-02 0.349
  28   46  700 294420 2.774120e-02 0.349
  28    3  800 336420 2.746197e-02 0.349
  28   23  900 378420 2.739900e-02 0.349
  28    6 1000 420420 2.739365e-02 0.349
  29    0    0    420 2.631676e-01 0.228
  29    0  100  42420 3.376133e-02 0.335
  29   41  200  84420 3.370891e-02 0.335
  29    1  300 126420 2.997426e-02 0.342
  29   15  400 168420 2.969312e-02 0.342
  29   10  500 210420 2.955977e-02 0.342
  29   34  600 252420 2.955893e-02 0.342
  29    4  700 294420 2.955889e-02 0.342
  29   23  800 336420 2.953520e-02 0.342
  29   16  900 378420 2.952636e-02 0.342
  29   29 1000 420420 2.952558e-02 0.342
