   0    0    0   1540 2.276081e-01 0.348
   0    0  100 155540 1.692679e-01 0.651
   0    3  200 309540 1.515963e-01 0.651
   0    5  300 463540 1.496052e-01 0.652
   0    2  400 617540 1.465459e-01 0.652
   0    7  500 771540 1.461840e-01 0.652
   0    2  600 925540 1.431831e-01 0.652
   0    3  700 1079540 1.343177e-01 0.652
   0    4  800 1233540 1.217492e-01 0.652
   0    6  900 1387540 1.216769e-01 0.652
   0    0 1000 1541540 1.215404e-01 0.652
   1    0    0   1540 2.077871e-01 0.470
   1    2  100 155540 1.785319e-01 0.625
   1    2  200 309540 1.670590e-01 0.656
   1   20  300 463540 1.515506e-01 0.674
   1    1  400 617540 1.488380e-01 0.704
   1   15  500 771540 1.395981e-01 0.704
   1    4  600 925540 1.389716e-01 0.706
   1    3  700 1079540 1.362315e-01 0.706
   1   16  800 1233540 1.348718e-01 0.706
   1   70  900 1387540 1.346771e-01 0.715
   1   13 1000 1541540 1.345971e-01 0.715
   2    0    0   1540 2.226393e-01 0.381
   2    1  100 155540 1.423883e-01 0.562
   2   56  200 309540 1.407180e-01 0.592
   2    5  300 463540 1.362451e-01 0.616
   2   14  400 617540 1.312620e-01 0.616
   2   11  500 771540 1.263653e-01 0.634
   2   40  600 925540 1.261217e-01 0.634
   2   26  700 1079540 1.259290e-01 0.634
   2    5  800 1233540 1.249799e-01 0.634
   2    0  900 1387540 1.248702e-01 0.634
   2    6 1000 1541540 1.240366e-01 0.634
   3    0    0   1540 2.028769e-01 0.336
   3    6  100 155540 1.843610e-01 0.635
   3   36  200 309540 1.840944e-01 0.635
   3    1  300 463540 1.835948e-01 0.635
   3   23  400 617540 1.817514e-01 0.635
   3   10  500 771540 1.804510e-01 0.635
   3   11  600 925540 1.802565e-01 0.635
   3   52  700 1079540 1.801943e-01 0.635
   3    6  800 1233540 1.800467e-01 0.635
   3    1  900 1387540 1.434679e-01 0.635
   3    5 1000 1541540 1.369390e-01 0.635
   4    0    0   1540 2.353158e-01 0.363
   4    2  100 155540 1.864174e-01 0.649
   4   48  200 309540 1.782369e-01 0.649
   4   42  300 463540 1.780455e-01 0.649
   4    2  400 617540 1.778582e-01 0.649
   4   18  500 771540 1.775132e-01 0.649
   4    4  600 925540 1.236626e-01 0.649
   4   26  700 1079540 1.228946e-01 0.649
   4   12  800 1233540 1.221465e-01 0.649
   4    3  900 1387540 1.213156e-01 0.649
   4   11 1000 1541540 1.208397e-01 0.649
   5    0    0   1540 2.365442e-01 0.431
   5    4  100 155540 1.507141e-01 0.646
   5   58  200 309540 1.506515e-01 0.646
   5   20  300 463540 1.483291e-01 0.655
   5    0  400 617540 1.473902e-01 0.655
   5   20  500 771540 1.463250e-01 0.655
   5    0  600 925540 1.459151e-01 0.665
   5   18  700 1079540 1.453539e-01 0.665
   5   12  800 1233540 1.451848e-01 0.665
   5    5  900 1387540 1.448165e-01 0.665
   5    1 1000 1541540 1.440481e-01 0.665
   6    0    0   1540 2.024406e-01 0.434
   6    1  100 155540 1.861940e-01 0.652
   6    0  200 309540 1.683789e-01 0.652
   6    4  300 463540 1.614194e-01 0.652
   6    1  400 617540 1.240226e-01 0.654
   6   29  500 771540 1.227130e-01 0.654
   6   24  600 925540 1.223690e-01 0.654
   6   10  700 1079540 1.205466e-01 0.654
   6   25  800 1233540 1.203619e-01 0.654
   6   90  900 1387540 1.203570e-01 0.655
   6   31 1000 1541540 1.203557e-01 0.655
   7    0    0   1540 2.158580e-01 0.416
   7    7  100 155540 1.488794e-01 0.679
   7    7  200 309540 1.453525e-01 0.679
   7    6  300 463540 1.448788e-01 0.679
   7   69  400 617540 1.448699e-01 0.679
   7   27  500 771540 1.448387e-01 0.679
   7   15  600 925540 1.445416e-01 0.682
   7   11  700 1079540 1.445240e-01 0.682
   7   41  800 1233540 1.443392e-01 0.682
   7   10  900 1387540 1.442909e-01 0.682
   7    4 1000 1541540 1.442176e-01 0.682
   8    0    0   1540 2.353550e-01 0.558
   8    0  100 155540 1.593422e-01 0.713
   8    0  200 309540 1.569376e-01 0.713
   8   56  300 463540 1.565653e-01 0.713
   8   37  400 617540 1.562362e-01 0.713
   8    0  500 771540 1.562078e-01 0.713
   8    5  600 925540 1.554572e-01 0.713
   8   12  700 1079540 1.547024e-01 0.713
   8    1  800 1233540 1.376764e-01 0.713
   8   26  900 1387540 1.374296e-01 0.713
   8    6 1000 1541540 1.373135e-01 0.713
   9    0    0   1540 2.130703e-01 0.318
   9    1  100 155540 1.564035e-01 0.652
   9    7  200 309540 1.353182e-01 0.652
   9    2  300 463540 1.240555e-01 0.652
   9    5  400 617540 1.237362e-01 0.652
   9    5  500 771540 1.219439e-01 0.652
   9    4  600 925540 1.207053e-01 0.652
   9   30  700 1079540 1.206437e-01 0.652
   9    7  800 1233540 1.205441e-01 0.652
   9    5  900 1387540 1.198970e-01 0.652
   9    6 1000 1541540 1.198581e-01 0.652
  10    0    0   1540 2.343391e-01 0.232
  10   11  100 155540 1.491670e-01 0.653
  10    4  200 309540 1.485951e-01 0.653
  10    1  300 463540 1.482406e-01 0.653
  10    4  400 617540 1.429172e-01 0.653
  10    5  500 771540 1.421910e-01 0.677
  10    4  600 925540 1.418787e-01 0.694
  10    0  700 1079540 1.411065e-01 0.694
  10    4  800 1233540 1.397589e-01 0.694
  10    8  900 1387540 1.393506e-01 0.694
  10    0 1000 1541540 1.381735e-01 0.694
  11    0    0   1540 2.348383e-01 0.321
  11    1  100 155540 1.692294e-01 0.648
  11   18  200 309540 1.558055e-01 0.648
  11   43  300 463540 1.546207e-01 0.648
  11   12  400 617540 1.545306e-01 0.648
  11    0  500 771540 1.507493e-01 0.648
  11    2  600 925540 1.490323e-01 0.662
  11    2  700 1079540 1.461175e-01 0.662
  11    4  800 1233540 1.441604e-01 0.662
  11    2  900 1387540 1.404452e-01 0.662
  11    0 1000 1541540 1.386164e-01 0.662
  12    0    0   1540 2.070573e-01 0.454
  12    1  100 155540 1.601476e-01 0.630
  12    3  200 309540 1.488281e-01 0.642
  12   37  300 463540 1.444755e-01 0.642
  12    0  400 617540 1.280862e-01 0.642
  12   11  500 771540 1.256513e-01 0.642
  12    5  600 925540 1.250388e-01 0.648
  12    8  700 1079540 1.240861e-01 0.650
  12   18  800 1233540 1.233988e-01 0.650
  12    0  900 1387540 1.224287e-01 0.650
  12   11 1000 1541540 1.214660e-01 0.650
  13    0    0   1540 2.392340e-01 0.350
  13    0  100 155540 1.523963e-01 0.627
  13   38  200 309540 1.479272e-01 0.648
  13   13  300 463540 1.479266e-01 0.648
  13    0  400 617540 1.476911e-01 0.648
  13    6  500 771540 1.476766e-01 0.648
  13   21  600 925540 1.476207e-01 0.648
  13    4  700 1079540 1.470195e-01 0.648
  13    0  800 1233540 1.468237e-01 0.652
  13    8  900 1387540 1.465403e-01 0.652
  13    2 1000 1541540 1.464278e-01 0.652
  14    0    0   1540 2.096543e-01 0.439
  14   73  100 155540 1.625826e-01 0.642
  14    2  200 309540 1.596206e-01 0.662
  14    4  300 463540 1.482696e-01 0.662
  14   11  400 617540 1.412937e-01 0.662
  14    6  500 771540 1.383443e-01 0.662
  14    3  600 925540 1.370861e-01 0.662
  14   14  700 1079540 1.370811e-01 0.669
  14    1  800 1233540 1.367764e-01 0.669
  14   14  900 1387540 1.367748e-01 0.669
  14   24 1000 1541540 1.364831e-01 0.669
  15    0    0   1540 2.481400e-01 0.345
  15    2  100 155540 1.861095e-01 0.658
  15    4  200 309540 1.568670e-01 0.691
  15    0  300 463540 1.518412e-01 0.691
  15    7  400 617540 1.434772e-01 0.691
  15    1  500 771540 1.397998e-01 0.691
  15    6  600 925540 1.395998e-01 0.691
  15    7  700 1079540 1.395803e-01 0.691
  15    5  800 1233540 1.395724e-01 0.691
  15    2  900 1387540 1.389049e-01 0.691
  15   22 1000 1541540 1.388393e-01 0.691
  16    0    0   1540 2.331229e-01 0.545
  16    8  100 155540 1.795170e-01 0.565
  16    4  200 309540 1.786348e-01 0.607
  16   47  300 463540 1.758724e-01 0.626
  16    0  400 617540 1.757698e-01 0.626
  16    8  500 771540 1.754676e-01 0.626
  16   10  600 925540 1.752648e-01 0.626
  16    8  700 1079540 1.752337e-01 0.626
  16   10  800 1233540 1.744582e-01 0.626
  16    0  900 1387540 1.706027e-01 0.626
  16    1 1000 1541540 1.634533e-01 0.626
  17    0    0   1540 2.243486e-01 0.386
  17    5  100 155540 1.706522e-01 0.650
  17    3  200 309540 1.656719e-01 0.650
  17    0  300 463540 1.426017e-01 0.650
  17    0  400 617540 1.395108e-01 0.650
  17    0  500 771540 1.349142e-01 0.657
  17    0  600 925540 1.289781e-01 0.657
  17   25  700 1079540 1.271746e-01 0.657
  17    0  800 1233540 1.271070e-01 0.657
  17    1  900 1387540 1.254948e-01 0.657
  17   14 1000 1541540 1.253240e-01 0.657
  18    0    0   1540 2.010542e-01 0.519
  18    2  100 155540 1.601205e-01 0.650
  18   19  200 309540 1.591178e-01 0.650
  18   67  300 463540 1.590940e-01 0.666
  18   22  400 617540 1.575455e-01 0.666
  18    4  500 771540 1.430879e-01 0.666
  18    0  600 925540 1.428621e-01 0.666
  18    2  700 1079540 1.420694e-01 0.666
  18   16  800 1233540 1.419011e-01 0.666
  18   14  900 1387540 1.416224e-01 0.666
  18   16 1000 1541540 1.415291e-01 0.666
  19    0    0   1540 2.030701e-01 0.636
  19    2  100 155540 1.455863e-01 0.636
  19    5  200 309540 1.371217e-01 0.636
  19    5  300 463540 1.336851e-01 0.636
  19   17  400 617540 1.335448e-01 0.636
  19   12  500 771540 1.335259e-01 0.636
  19   10  600 925540 1.334829e-01 0.636
  19    7  700 1079540 1.334452e-01 0.636
  19    7  800 1233540 1.325434e-01 0.649
  19   30  900 1387540 1.325090e-01 0.649
  19   21 1000 1541540 1.325069e-01 0.649
  20    0    0   1540 2.213499e-01 0.341
  20    7  100 155540 1.607314e-01 0.607
  20   14  200 309540 1.506145e-01 0.651
  20   18  300 463540 1.506096e-01 0.670
  20    6  400 617540 1.504099e-01 0.670
  20    0  500 771540 1.481375e-01 0.670
  20   24  600 925540 1.481010e-01 0.670
  20    8  700 1079540 1.200946e-01 0.670
  20   12  800 1233540 1.200503e-01 0.670
  20    5  900 1387540 1.200342e-01 0.670
  20    4 1000 1541540 1.197927e-01 0.670
  21    0    0   1540 2.166222e-01 0.530
  21    5  100 155540 1.750964e-01 0.606
  21   20  200 309540 1.709855e-01 0.616
  21    9  300 463540 1.311594e-01 0.616
  21   95  400 617540 1.311585e-01 0.624
  21    8  500 771540 1.309519e-01 0.636
  21    0  600 925540 1.293476e-01 0.636
  21   17  700 1079540 1.279911e-01 0.636
  21   18  800 1233540 1.253531e-01 0.636
  21    1  900 1387540 1.249026e-01 0.636
  21   14 1000 1541540 1.246523e-01 0.636
  22    0    0   1540 2.358650e-01 0.568
  22   10  100 155540 1.491667e-01 0.651
  22    8  200 309540 1.430823e-01 0.651
  22    2  300 463540 1.385541e-01 0.651
  22    1  400 617540 1.370210e-01 0.651
  22    0  500 771540 1.361442e-01 0.659
  22    6  600 925540 1.352578e-01 0.659
  22    2  700 1079540 1.301669e-01 0.659
  22    8  800 1233540 1.251760e-01 0.659
  22    2  900 1387540 1.238940e-01 0.659
  22    3 1000 1541540 1.225335e-01 0.659
  23    0    0   1540 2.547981e-01 0.508
  23    1  100 155540 1.711479e-01 0.530
  23   28  200 309540 1.677675e-01 0.625
  23   22  300 463540 1.489460e-01 0.625
  23   21  400 617540 1.484935e-01 0.644
  23    3  500 771540 1.257384e-01 0.644
  23    7  600 925540 1.255083e-01 0.644
  23   71  700 1079540 1.255044e-01 0.648
  23    1  800 1233540 1.254308e-01 0.648
  23    7  900 1387540 1.251724e-01 0.656
  23    5 1000 1541540 1.250776e-01 0.656
  24    0    0   1540 2.500828e-01 0.375
  24    1  100 155540 1.527448e-01 0.619
  24   10  200 309540 1.284175e-01 0.640
  24    0  300 463540 1.254947e-01 0.648
  24   40  400 617540 1.250816e-01 0.648
  24    2  500 771540 1.226871e-01 0.654
  24   10  600 925540 1.201392e-01 0.657
  24    9  700 1079540 1.197115e-01 0.657
  24   81  800 1233540 1.197059e-01 0.657
  24  181  900 1387540 1.197059e-01 0.657
  24    3 1000 1541540 1.194542e-01 0.657
  25    0    0   1540 2.573837e-01 0.380
  25   13  100 155540 1.796074e-01 0.626
  25    8  200 309540 1.771495e-01 0.654
  25    9  300 463540 1.704794e-01 0.654
  25   46  400 617540 1.704030e-01 0.654
  25   16  500 771540 1.696651e-01 0.654
  25    3  600 925540 1.696438e-01 0.655
  25   33  700 1079540 1.696249e-01 0.655
  25    2  800 1233540 1.696210e-01 0.655
  25    3  900 1387540 1.695989e-01 0.655
  25   54 1000 1541540 1.695538e-01 0.655
  26    0    0   1540 2.316590e-01 0.308
  26   12  100 155540 1.489746e-01 0.682
  26    6  200 309540 1.486049e-01 0.682
  26    8  300 463540 1.480703e-01 0.694
  26  108  400 617540 1.480703e-01 0.717
  26   12  500 771540 1.420835e-01 0.717
  26    3  600 925540 1.412688e-01 0.717
  26    0  700 1079540 1.377377e-01 0.717
  26    2  800 1233540 1.375367e-01 0.717
  26    2  900 1387540 1.375125e-01 0.717
  26    4 1000 1541540 1.364382e-01 0.717
  27    0    0   1540 2.448953e-01 0.357
  27    0  100 155540 1.255739e-01 0.628
  27   26  200 309540 1.224211e-01 0.628
  27   23  300 463540 1.223394e-01 0.648
  27   72  400 617540 1.223317e-01 0.659
  27    3  500 771540 1.223253e-01 0.659
  27   14  600 925540 1.211960e-01 0.659
  27    5  700 1079540 1.208341e-01 0.659
  27    1  800 1233540 1.205353e-01 0.659
  27    8  900 1387540 1.203882e-01 0.659
  27    1 1000 1541540 1.201970e-01 0.659
  28    0    0   1540 2.585617e-01 0.527
  28    6  100 155540 1.778130e-01 0.643
  28    6  200 309540 1.723113e-01 0.643
  28    1  300 463540 1.704131e-01 0.643
  28   24  400 617540 1.699842e-01 0.643
  28    1  500 771540 1.641241e-01 0.643
  28   60  600 925540 1.627280e-01 0.643
  28    0  700 1079540 1.606977e-01 0.643
  28    1  800 1233540 1.368947e-01 0.643
  28    7  900 1387540 1.348173e-01 0.643
  28    8 1000 1541540 1.312611e-01 0.643
  29    0    0   1540 2.336920e-01 0.421
  29   10  100 155540 1.259310e-01 0.650
  29    4  200 309540 1.218071e-01 0.650
  29    3  300 463540 1.213928e-01 0.650
  29    5  400 617540 1.211837e-01 0.650
  29    1  500 771540 1.208288e-01 0.650
  29   58  600 925540 1.207067e-01 0.650
  29   10  700 1079540 1.199331e-01 0.650
  29    3  800 1233540 1.197596e-01 0.650
  29    6  900 1387540 1.196370e-01 0.650
  29    1 1000 1541540 1.195948e-01 0.650
