   0    0    0    420 2.860493e-01 0.845
   0   19  100  42420 1.799527e-01 0.880
   0    5  200  84420 1.790863e-01 0.884
   0    1  300 126420 1.765918e-01 0.889
   0   17  400 168420 1.744301e-01 0.889
   0   26  500 210420 1.715462e-01 0.889
   0    9  600 252420 1.715345e-01 0.889
   0   43  700 294420 1.715260e-01 0.889
   0   66  800 336420 1.715247e-01 0.889
   0   30  900 378420 1.715184e-01 0.889
   0  130 1000 420420 1.715184e-01 0.889
   1    0    0    420 2.582835e-01 0.830
   1    7  100  42420 1.919522e-01 0.880
   1    4  200  84420 1.748317e-01 0.884
   1    4  300 126420 1.710574e-01 0.895
   1    8  400 168420 1.703197e-01 0.895
   1   43  500 210420 1.685012e-01 0.902
   1   14  600 252420 1.675021e-01 0.902
   1    1  700 294420 1.653120e-01 0.902
   1    8  800 336420 1.652499e-01 0.902
   1   11  900 378420 1.652496e-01 0.902
   1   25 1000 420420 1.652254e-01 0.902
   2    0    0    420 2.993759e-01 0.806
   2    0  100  42420 1.896850e-01 0.888
   2    0  200  84420 1.881867e-01 0.888
   2   16  300 126420 1.811672e-01 0.888
   2    4  400 168420 1.761184e-01 0.888
   2    2  500 210420 1.749581e-01 0.888
   2   23  600 252420 1.739984e-01 0.888
   2    1  700 294420 1.738247e-01 0.888
   2   14  800 336420 1.737504e-01 0.888
   2    3  900 378420 1.732194e-01 0.888
   2    1 1000 420420 1.724064e-01 0.888
   3    0    0    420 2.315959e-01 0.855
   3    1  100  42420 1.755924e-01 0.875
   3    0  200  84420 1.746642e-01 0.890
   3    1  300 126420 1.739863e-01 0.890
   3   11  400 168420 1.730117e-01 0.899
   3   27  500 210420 1.726584e-01 0.899
   3   28  600 252420 1.718436e-01 0.899
   3   25  700 294420 1.713220e-01 0.899
   3   51  800 336420 1.713195e-01 0.899
   3   68  900 378420 1.713123e-01 0.899
   3   12 1000 420420 1.712975e-01 0.899
   4    0    0    420 2.960472e-01 0.852
   4   15  100  42420 1.752340e-01 0.890
   4    2  200  84420 1.718615e-01 0.896
   4   13  300 126420 1.714447e-01 0.896
   4    8  400 168420 1.707610e-01 0.897
   4    4  500 210420 1.696119e-01 0.897
   4   40  600 252420 1.695025e-01 0.897
   4   14  700 294420 1.694390e-01 0.898
   4    5  800 336420 1.694039e-01 0.898
   4    8  900 378420 1.677910e-01 0.898
   4   10 1000 420420 1.671299e-01 0.898
   5    0    0    420 2.985207e-01 0.842
   5   14  100  42420 1.787411e-01 0.888
   5    9  200  84420 1.750810e-01 0.893
   5   12  300 126420 1.738246e-01 0.893
   5   53  400 168420 1.737287e-01 0.893
   5    7  500 210420 1.725731e-01 0.893
   5   65  600 252420 1.720027e-01 0.893
   5    0  700 294420 1.713756e-01 0.894
   5    0  800 336420 1.690631e-01 0.902
   5   12  900 378420 1.646916e-01 0.902
   5   17 1000 420420 1.646599e-01 0.902
   6    0    0    420 3.583309e-01 0.858
   6   11  100  42420 1.782918e-01 0.880
   6    4  200  84420 1.778119e-01 0.890
   6   11  300 126420 1.768682e-01 0.896
   6    3  400 168420 1.766355e-01 0.896
   6    3  500 210420 1.736361e-01 0.896
   6    0  600 252420 1.730791e-01 0.896
   6   10  700 294420 1.727104e-01 0.896
   6   15  800 336420 1.718886e-01 0.896
   6   21  900 378420 1.717505e-01 0.896
   6    0 1000 420420 1.714692e-01 0.896
   7    0    0    420 2.474912e-01 0.827
   7   12  100  42420 1.969294e-01 0.884
   7    1  200  84420 1.848899e-01 0.884
   7    3  300 126420 1.800539e-01 0.898
   7    3  400 168420 1.784088e-01 0.898
   7   26  500 210420 1.747541e-01 0.898
   7    0  600 252420 1.744742e-01 0.899
   7    6  700 294420 1.722411e-01 0.899
   7   49  800 336420 1.722390e-01 0.899
   7   16  900 378420 1.717790e-01 0.899
   7    0 1000 420420 1.716310e-01 0.899
   8    0    0    420 4.596124e-01 0.806
   8    0  100  42420 1.835617e-01 0.875
   8    0  200  84420 1.772614e-01 0.889
   8   46  300 126420 1.764620e-01 0.899
   8    7  400 168420 1.727551e-01 0.899
   8    1  500 210420 1.724510e-01 0.899
   8    4  600 252420 1.723962e-01 0.899
   8   29  700 294420 1.722508e-01 0.899
   8   67  800 336420 1.722404e-01 0.899
   8    2  900 378420 1.717478e-01 0.899
   8   36 1000 420420 1.716490e-01 0.899
   9    0    0    420 3.233576e-01 0.819
   9    0  100  42420 1.863008e-01 0.894
   9   57  200  84420 1.810480e-01 0.894
   9    4  300 126420 1.806948e-01 0.894
   9    3  400 168420 1.711506e-01 0.894
   9    9  500 210420 1.706503e-01 0.894
   9   26  600 252420 1.706373e-01 0.894
   9   51  700 294420 1.706336e-01 0.895
   9    1  800 336420 1.705531e-01 0.895
   9   19  900 378420 1.704640e-01 0.895
   9    2 1000 420420 1.694097e-01 0.895
  10    0    0    420 3.018715e-01 0.878
  10    2  100  42420 1.931848e-01 0.878
  10    7  200  84420 1.781211e-01 0.881
  10    3  300 126420 1.777938e-01 0.889
  10    6  400 168420 1.731821e-01 0.890
  10   10  500 210420 1.729225e-01 0.890
  10   39  600 252420 1.728331e-01 0.890
  10    1  700 294420 1.717452e-01 0.890
  10    8  800 336420 1.717066e-01 0.898
  10    2  900 378420 1.695307e-01 0.898
  10    1 1000 420420 1.678669e-01 0.898
  11    0    0    420 3.146456e-01 0.842
  11    2  100  42420 1.832737e-01 0.885
  11    0  200  84420 1.805404e-01 0.885
  11    5  300 126420 1.797189e-01 0.890
  11   12  400 168420 1.765231e-01 0.890
  11    8  500 210420 1.733472e-01 0.893
  11   25  600 252420 1.727992e-01 0.893
  11   18  700 294420 1.727315e-01 0.893
  11    8  800 336420 1.727006e-01 0.893
  11    2  900 378420 1.722371e-01 0.893
  11    7 1000 420420 1.714971e-01 0.893
  12    0    0    420 2.033491e-01 0.869
  12    7  100  42420 1.800077e-01 0.875
  12   16  200  84420 1.775269e-01 0.875
  12    4  300 126420 1.757746e-01 0.886
  12   13  400 168420 1.711586e-01 0.886
  12   18  500 210420 1.710937e-01 0.886
  12   17  600 252420 1.710892e-01 0.887
  12   23  700 294420 1.710855e-01 0.887
  12   28  800 336420 1.710683e-01 0.887
  12    1  900 378420 1.710504e-01 0.893
  12   42 1000 420420 1.710504e-01 0.893
  13    0    0    420 2.579190e-01 0.849
  13   19  100  42420 1.825760e-01 0.878
  13   20  200  84420 1.823952e-01 0.878
  13   13  300 126420 1.779146e-01 0.890
  13    5  400 168420 1.767106e-01 0.890
  13   22  500 210420 1.765644e-01 0.890
  13    4  600 252420 1.750457e-01 0.890
  13    0  700 294420 1.731815e-01 0.900
  13   13  800 336420 1.719487e-01 0.900
  13   27  900 378420 1.715906e-01 0.900
  13   37 1000 420420 1.715199e-01 0.900
  14    0    0    420 2.306357e-01 0.860
  14    1  100  42420 1.758157e-01 0.890
  14    0  200  84420 1.744779e-01 0.890
  14   10  300 126420 1.732992e-01 0.893
  14  110  400 168420 1.732992e-01 0.893
  14    0  500 210420 1.721172e-01 0.893
  14    6  600 252420 1.720155e-01 0.893
  14    5  700 294420 1.718521e-01 0.893
  14   12  800 336420 1.718291e-01 0.893
  14    5  900 378420 1.716119e-01 0.893
  14   50 1000 420420 1.715959e-01 0.893
  15    0    0    420 2.308109e-01 0.848
  15    4  100  42420 1.886931e-01 0.886
  15    0  200  84420 1.776654e-01 0.894
  15    7  300 126420 1.762807e-01 0.894
  15    2  400 168420 1.748310e-01 0.894
  15    0  500 210420 1.741683e-01 0.896
  15    8  600 252420 1.726811e-01 0.896
  15   12  700 294420 1.724964e-01 0.896
  15    3  800 336420 1.721601e-01 0.896
  15   22  900 378420 1.721101e-01 0.896
  15    1 1000 420420 1.720711e-01 0.896
  16    0    0    420 2.498840e-01 0.822
  16    6  100  42420 1.859753e-01 0.884
  16   12  200  84420 1.851899e-01 0.884
  16   13  300 126420 1.833148e-01 0.884
  16    1  400 168420 1.827908e-01 0.884
  16    0  500 210420 1.776242e-01 0.884
  16    3  600 252420 1.772788e-01 0.884
  16   10  700 294420 1.737432e-01 0.884
  16   14  800 336420 1.719051e-01 0.892
  16    5  900 378420 1.718705e-01 0.892
  16    0 1000 420420 1.718518e-01 0.892
  17    0    0    420 2.620423e-01 0.848
  17    0  100  42420 1.812134e-01 0.879
  17   13  200  84420 1.790130e-01 0.879
  17   10  300 126420 1.753285e-01 0.885
  17    3  400 168420 1.742131e-01 0.885
  17    3  500 210420 1.739780e-01 0.885
  17    4  600 252420 1.731228e-01 0.885
  17   30  700 294420 1.725773e-01 0.885
  17    2  800 336420 1.724884e-01 0.885
  17   28  900 378420 1.723196e-01 0.885
  17   31 1000 420420 1.720647e-01 0.885
  18    0    0    420 2.253224e-01 0.836
  18    2  100  42420 1.912747e-01 0.873
  18   10  200  84420 1.777195e-01 0.892
  18   16  300 126420 1.759456e-01 0.892
  18    1  400 168420 1.753403e-01 0.901
  18   32  500 210420 1.737685e-01 0.901
  18    0  600 252420 1.727506e-01 0.901
  18    7  700 294420 1.726677e-01 0.901
  18    2  800 336420 1.719392e-01 0.901
  18    0  900 378420 1.717024e-01 0.901
  18   11 1000 420420 1.710749e-01 0.901
  19    0    0    420 3.503447e-01 0.849
  19    6  100  42420 1.952277e-01 0.882
  19    8  200  84420 1.819985e-01 0.882
  19    0  300 126420 1.711486e-01 0.905
  19   14  400 168420 1.697811e-01 0.905
  19    9  500 210420 1.697334e-01 0.905
  19    8  600 252420 1.679491e-01 0.905
  19   56  700 294420 1.678844e-01 0.905
  19    6  800 336420 1.677369e-01 0.905
  19   27  900 378420 1.675909e-01 0.905
  19    2 1000 420420 1.671603e-01 0.905
  20    0    0    420 2.742649e-01 0.844
  20   31  100  42420 1.791233e-01 0.903
  20    1  200  84420 1.738258e-01 0.903
  20   49  300 126420 1.728613e-01 0.903
  20   11  400 168420 1.716055e-01 0.903
  20   39  500 210420 1.714475e-01 0.903
  20   10  600 252420 1.713437e-01 0.903
  20   20  700 294420 1.712999e-01 0.903
  20    7  800 336420 1.712993e-01 0.903
  20    5  900 378420 1.712377e-01 0.903
  20   13 1000 420420 1.710008e-01 0.903
  21    0    0    420 2.214688e-01 0.857
  21    0  100  42420 1.855666e-01 0.868
  21    4  200  84420 1.759710e-01 0.875
  21    4  300 126420 1.743114e-01 0.887
  21   11  400 168420 1.733967e-01 0.887
  21    3  500 210420 1.733049e-01 0.887
  21   32  600 252420 1.732489e-01 0.887
  21    3  700 294420 1.712462e-01 0.893
  21    4  800 336420 1.712122e-01 0.893
  21    5  900 378420 1.708959e-01 0.893
  21    5 1000 420420 1.696049e-01 0.893
  22    0    0    420 2.778396e-01 0.866
  22    0  100  42420 1.819671e-01 0.866
  22    4  200  84420 1.795513e-01 0.892
  22   54  300 126420 1.794252e-01 0.892
  22   20  400 168420 1.790186e-01 0.892
  22   67  500 210420 1.790165e-01 0.892
  22    5  600 252420 1.779051e-01 0.892
  22   12  700 294420 1.760756e-01 0.892
  22    0  800 336420 1.752198e-01 0.892
  22    9  900 378420 1.728922e-01 0.892
  22    0 1000 420420 1.723817e-01 0.892
  23    0    0    420 1.966468e-01 0.854
  23    1  100  42420 1.789992e-01 0.884
  23    3  200  84420 1.783205e-01 0.884
  23   18  300 126420 1.754610e-01 0.884
  23    6  400 168420 1.753152e-01 0.895
  23    4  500 210420 1.731683e-01 0.895
  23   37  600 252420 1.728925e-01 0.895
  23    1  700 294420 1.721504e-01 0.895
  23   20  800 336420 1.720794e-01 0.895
  23    8  900 378420 1.718181e-01 0.895
  23    1 1000 420420 1.717470e-01 0.895
  24    0    0    420 2.539725e-01 0.887
  24   41  100  42420 1.842731e-01 0.892
  24   10  200  84420 1.817283e-01 0.892
  24   46  300 126420 1.817127e-01 0.894
  24    3  400 168420 1.750342e-01 0.894
  24    1  500 210420 1.744790e-01 0.894
  24   16  600 252420 1.742909e-01 0.894
  24    3  700 294420 1.730334e-01 0.894
  24    0  800 336420 1.727501e-01 0.894
  24    1  900 378420 1.719612e-01 0.894
  24   10 1000 420420 1.715042e-01 0.894
  25    0    0    420 2.347300e-01 0.844
  25    1  100  42420 1.790845e-01 0.882
  25    3  200  84420 1.765344e-01 0.882
  25   14  300 126420 1.758062e-01 0.899
  25    4  400 168420 1.751457e-01 0.899
  25    4  500 210420 1.724190e-01 0.899
  25    9  600 252420 1.722298e-01 0.899
  25    2  700 294420 1.721496e-01 0.899
  25   16  800 336420 1.721195e-01 0.899
  25   17  900 378420 1.717810e-01 0.899
  25   29 1000 420420 1.717766e-01 0.899
  26    0    0    420 2.904745e-01 0.852
  26    3  100  42420 1.875599e-01 0.864
  26   33  200  84420 1.779368e-01 0.878
  26    0  300 126420 1.723864e-01 0.882
  26    3  400 168420 1.717052e-01 0.882
  26   23  500 210420 1.716667e-01 0.893
  26   10  600 252420 1.707200e-01 0.893
  26    1  700 294420 1.706542e-01 0.893
  26    8  800 336420 1.706197e-01 0.896
  26   11  900 378420 1.706054e-01 0.896
  26   90 1000 420420 1.706053e-01 0.896
  27    0    0    420 2.174117e-01 0.882
  27    9  100  42420 1.747865e-01 0.888
  27    1  200  84420 1.740986e-01 0.888
  27   30  300 126420 1.734851e-01 0.894
  27   27  400 168420 1.728861e-01 0.894
  27    0  500 210420 1.727911e-01 0.895
  27    0  600 252420 1.726184e-01 0.896
  27    7  700 294420 1.720678e-01 0.899
  27   15  800 336420 1.715789e-01 0.899
  27    1  900 378420 1.710984e-01 0.899
  27    0 1000 420420 1.700645e-01 0.899
  28    0    0    420 3.075300e-01 0.853
  28    4  100  42420 1.721299e-01 0.894
  28   58  200  84420 1.715735e-01 0.896
  28   49  300 126420 1.715603e-01 0.896
  28    0  400 168420 1.680320e-01 0.902
  28    2  500 210420 1.676201e-01 0.902
  28   29  600 252420 1.672351e-01 0.902
  28    3  700 294420 1.669417e-01 0.907
  28    3  800 336420 1.667627e-01 0.907
  28    3  900 378420 1.660247e-01 0.907
  28    5 1000 420420 1.659964e-01 0.907
  29    0    0    420 2.952493e-01 0.830
  29    1  100  42420 1.887516e-01 0.874
  29    2  200  84420 1.756242e-01 0.893
  29    4  300 126420 1.749277e-01 0.893
  29   28  400 168420 1.747822e-01 0.893
  29    5  500 210420 1.747194e-01 0.893
  29    2  600 252420 1.736338e-01 0.893
  29    2  700 294420 1.716632e-01 0.893
  29    8  800 336420 1.715921e-01 0.893
  29   35  900 378420 1.715882e-01 0.893
  29   54 1000 420420 1.715836e-01 0.893
