   0    0    0   1540 2.175619e-01 0.550
   0    4  100 155540 1.290863e-01 0.550
   0   18  200 309540 1.102176e-01 0.554
   0   11  300 463540 1.063417e-01 0.554
   0    4  400 617540 1.063032e-01 0.554
   0   18  500 771540 1.062451e-01 0.554
   0    1  600 925540 1.061023e-01 0.554
   0    5  700 1079540 1.059457e-01 0.732
   0   14  800 1233540 1.057677e-01 0.732
   0    4  900 1387540 1.057527e-01 0.732
   0   13 1000 1541540 1.057509e-01 0.732
   1    0    0   1540 2.004969e-01 0.424
   1   26  100 155540 1.274228e-01 0.552
   1    7  200 309540 1.231664e-01 0.574
   1   16  300 463540 1.227814e-01 0.574
   1   13  400 617540 1.222376e-01 0.598
   1   33  500 771540 1.220131e-01 0.598
   1    5  600 925540 1.219711e-01 0.610
   1   33  700 1079540 1.219699e-01 0.610
   1   13  800 1233540 1.219626e-01 0.621
   1    4  900 1387540 1.211877e-01 0.621
   1    0 1000 1541540 1.211775e-01 0.632
   2    0    0   1540 2.440493e-01 0.396
   2    1  100 155540 1.251895e-01 0.483
   2    0  200 309540 1.233348e-01 0.483
   2   46  300 463540 1.225264e-01 0.498
   2   31  400 617540 1.224166e-01 0.498
   2    5  500 771540 1.223979e-01 0.604
   2   33  600 925540 1.215643e-01 0.604
   2   22  700 1079540 1.214140e-01 0.604
   2    9  800 1233540 1.214001e-01 0.604
   2    3  900 1387540 1.213834e-01 0.604
   2   79 1000 1541540 1.213833e-01 0.604
   3    0    0   1540 2.265383e-01 0.383
   3   14  100 155540 1.991673e-01 0.460
   3    0  200 309540 1.339375e-01 0.573
   3    0  300 463540 1.137285e-01 0.573
   3    6  400 617540 1.128800e-01 0.573
   3   22  500 771540 1.120694e-01 0.573
   3    5  600 925540 1.092188e-01 0.573
   3    5  700 1079540 1.079171e-01 0.573
   3    0  800 1233540 1.077665e-01 0.573
   3    5  900 1387540 1.076356e-01 0.581
   3   13 1000 1541540 1.076048e-01 0.581
   4    0    0   1540 2.189035e-01 0.386
   4    0  100 155540 1.096079e-01 0.544
   4   17  200 309540 1.084454e-01 0.544
   4   32  300 463540 1.083904e-01 0.544
   4   34  400 617540 1.083068e-01 0.607
   4   22  500 771540 1.068863e-01 0.607
   4    1  600 925540 1.067851e-01 0.607
   4    4  700 1079540 1.067507e-01 0.607
   4   22  800 1233540 1.067145e-01 0.607
   4   61  900 1387540 1.067075e-01 0.607
   4   12 1000 1541540 1.067020e-01 0.607
   5    0    0   1540 2.323480e-01 0.454
   5    9  100 155540 1.994665e-01 0.502
   5    6  200 309540 1.957057e-01 0.502
   5    1  300 463540 1.957042e-01 0.502
   5   27  400 617540 1.943676e-01 0.502
   5    0  500 771540 1.487444e-01 0.502
   5    5  600 925540 1.434593e-01 0.502
   5    2  700 1079540 1.370221e-01 0.548
   5    2  800 1233540 1.213998e-01 0.548
   5    0  900 1387540 1.056074e-01 0.562
   5    6 1000 1541540 1.053601e-01 0.562
   6    0    0   1540 2.221922e-01 0.380
   6   43  100 155540 1.303246e-01 0.492
   6    6  200 309540 1.284437e-01 0.558
   6   37  300 463540 1.281835e-01 0.572
   6   22  400 617540 1.271619e-01 0.572
   6    3  500 771540 1.258382e-01 0.572
   6   17  600 925540 1.208720e-01 0.572
   6    2  700 1079540 1.205668e-01 0.572
   6    2  800 1233540 1.202091e-01 0.572
   6    2  900 1387540 1.202005e-01 0.572
   6    0 1000 1541540 1.186533e-01 0.572
   7    0    0   1540 2.252373e-01 0.381
   7    3  100 155540 1.252135e-01 0.511
   7    4  200 309540 1.112911e-01 0.548
   7   14  300 463540 1.104391e-01 0.548
   7   24  400 617540 1.102929e-01 0.548
   7    1  500 771540 1.098638e-01 0.548
   7    0  600 925540 1.098268e-01 0.585
   7    1  700 1079540 1.097679e-01 0.611
   7    7  800 1233540 1.096722e-01 0.611
   7    3  900 1387540 1.095221e-01 0.611
   7    0 1000 1541540 1.083800e-01 0.627
   8    0    0   1540 2.294531e-01 0.442
   8   10  100 155540 1.334507e-01 0.573
   8   12  200 309540 1.262311e-01 0.606
   8    1  300 463540 1.256387e-01 0.606
   8   19  400 617540 1.236519e-01 0.606
   8    1  500 771540 1.208432e-01 0.606
   8   14  600 925540 1.184541e-01 0.606
   8    0  700 1079540 1.179906e-01 0.606
   8    8  800 1233540 1.179886e-01 0.606
   8    6  900 1387540 1.173505e-01 0.606
   8    0 1000 1541540 1.173448e-01 0.606
   9    0    0   1540 2.270963e-01 0.393
   9    2  100 155540 1.187365e-01 0.545
   9    6  200 309540 1.071460e-01 0.621
   9   12  300 463540 1.070233e-01 0.621
   9   93  400 617540 1.070230e-01 0.621
   9    8  500 771540 1.067080e-01 0.621
   9    0  600 925540 1.065778e-01 0.621
   9    9  700 1079540 1.062529e-01 0.621
   9   18  800 1233540 1.062209e-01 0.621
   9   23  900 1387540 1.056835e-01 0.621
   9    2 1000 1541540 1.055965e-01 0.621
  10    0    0   1540 2.284343e-01 0.446
  10    3  100 155540 1.550038e-01 0.536
  10    9  200 309540 1.174490e-01 0.594
  10   50  300 463540 1.144917e-01 0.594
  10   10  400 617540 1.135853e-01 0.594
  10   13  500 771540 1.132870e-01 0.612
  10    1  600 925540 1.107895e-01 0.612
  10   12  700 1079540 1.084625e-01 0.612
  10    1  800 1233540 1.078925e-01 0.612
  10   21  900 1387540 1.077390e-01 0.612
  10    3 1000 1541540 1.074693e-01 0.612
  11    0    0   1540 2.336795e-01 0.425
  11    1  100 155540 1.640044e-01 0.514
  11   16  200 309540 1.087923e-01 0.600
  11   12  300 463540 1.081379e-01 0.600
  11    1  400 617540 1.070319e-01 0.600
  11   30  500 771540 1.069602e-01 0.600
  11    4  600 925540 1.061610e-01 0.600
  11    8  700 1079540 1.056472e-01 0.600
  11   43  800 1233540 1.054801e-01 0.600
  11   54  900 1387540 1.054800e-01 0.600
  11   33 1000 1541540 1.054788e-01 0.600
  12    0    0   1540 2.199343e-01 0.438
  12    1  100 155540 1.118940e-01 0.552
  12   27  200 309540 1.072400e-01 0.552
  12   22  300 463540 1.070943e-01 0.552
  12    0  400 617540 1.070755e-01 0.552
  12    0  500 771540 1.069561e-01 0.552
  12   21  600 925540 1.069496e-01 0.581
  12    7  700 1079540 1.069405e-01 0.581
  12   13  800 1233540 1.069172e-01 0.581
  12    7  900 1387540 1.067285e-01 0.581
  12   11 1000 1541540 1.067170e-01 0.581
  13    0    0   1540 2.291969e-01 0.405
  13   12  100 155540 1.316930e-01 0.525
  13    3  200 309540 1.239467e-01 0.527
  13   28  300 463540 1.223307e-01 0.527
  13    8  400 617540 1.221785e-01 0.548
  13    7  500 771540 1.218685e-01 0.548
  13    6  600 925540 1.215655e-01 0.548
  13    2  700 1079540 1.132958e-01 0.548
  13    1  800 1233540 1.102162e-01 0.548
  13    1  900 1387540 1.091323e-01 0.548
  13    5 1000 1541540 1.061017e-01 0.548
  14    0    0   1540 2.075606e-01 0.450
  14    0  100 155540 1.510120e-01 0.516
  14    1  200 309540 1.291355e-01 0.519
  14    2  300 463540 1.115848e-01 0.562
  14   15  400 617540 1.104128e-01 0.562
  14   27  500 771540 1.103666e-01 0.562
  14    4  600 925540 1.102775e-01 0.602
  14    5  700 1079540 1.097318e-01 0.602
  14    5  800 1233540 1.095905e-01 0.622
  14   11  900 1387540 1.095703e-01 0.622
  14    6 1000 1541540 1.094570e-01 0.622
  15    0    0   1540 2.283870e-01 0.439
  15    4  100 155540 1.246363e-01 0.494
  15    0  200 309540 1.116132e-01 0.527
  15    1  300 463540 1.070312e-01 0.557
  15    0  400 617540 1.059515e-01 0.600
  15  100  500 771540 1.059515e-01 0.600
  15   36  600 925540 1.058058e-01 0.600
  15    8  700 1079540 1.055368e-01 0.600
  15    0  800 1233540 1.055097e-01 0.600
  15    0  900 1387540 1.054613e-01 0.600
  15   26 1000 1541540 1.054605e-01 0.600
  16    0    0   1540 2.123961e-01 0.369
  16   12  100 155540 1.852806e-01 0.439
  16    4  200 309540 1.099945e-01 0.557
  16    1  300 463540 1.096072e-01 0.557
  16   13  400 617540 1.092870e-01 0.557
  16   90  500 771540 1.092860e-01 0.557
  16  190  600 925540 1.092860e-01 0.557
  16   78  700 1079540 1.092859e-01 0.557
  16   42  800 1233540 1.092859e-01 0.564
  16   13  900 1387540 1.091166e-01 0.564
  16    6 1000 1541540 1.091163e-01 0.564
  17    0    0   1540 2.299360e-01 0.395
  17    2  100 155540 1.748695e-01 0.449
  17    0  200 309540 1.225755e-01 0.480
  17    5  300 463540 1.225729e-01 0.514
  17    5  400 617540 1.220405e-01 0.514
  17    0  500 771540 1.217988e-01 0.514
  17   29  600 925540 1.217266e-01 0.521
  17    0  700 1079540 1.216949e-01 0.557
  17    2  800 1233540 1.213578e-01 0.557
  17   55  900 1387540 1.213094e-01 0.557
  17   19 1000 1541540 1.212952e-01 0.557
  18    0    0   1540 1.787366e-01 0.419
  18    4  100 155540 1.392469e-01 0.530
  18   13  200 309540 1.392073e-01 0.537
  18    0  300 463540 1.087580e-01 0.574
  18    1  400 617540 1.083284e-01 0.574
  18   11  500 771540 1.082949e-01 0.574
  18   11  600 925540 1.082042e-01 0.574
  18   80  700 1079540 1.081980e-01 0.574
  18    4  800 1233540 1.081960e-01 0.574
  18   24  900 1387540 1.081906e-01 0.582
  18    1 1000 1541540 1.078067e-01 0.582
  19    0    0   1540 2.399340e-01 0.367
  19   17  100 155540 1.608838e-01 0.561
  19    5  200 309540 1.481154e-01 0.561
  19    7  300 463540 1.459763e-01 0.561
  19   36  400 617540 1.432737e-01 0.561
  19   18  500 771540 1.353366e-01 0.561
  19    1  600 925540 1.292430e-01 0.561
  19    1  700 1079540 1.262350e-01 0.561
  19    1  800 1233540 1.251835e-01 0.561
  19    1  900 1387540 1.242073e-01 0.561
  19    6 1000 1541540 1.240160e-01 0.561
  20    0    0   1540 2.376048e-01 0.432
  20    0  100 155540 1.739046e-01 0.469
  20   16  200 309540 1.286945e-01 0.475
  20    8  300 463540 1.185961e-01 0.543
  20   11  400 617540 1.169502e-01 0.544
  20   10  500 771540 1.158920e-01 0.544
  20   24  600 925540 1.158077e-01 0.544
  20    9  700 1079540 1.157556e-01 0.544
  20    6  800 1233540 1.157248e-01 0.544
  20   40  900 1387540 1.156879e-01 0.544
  20    1 1000 1541540 1.154855e-01 0.547
  21    0    0   1540 1.630756e-01 0.423
  21   16  100 155540 1.212275e-01 0.551
  21    9  200 309540 1.201272e-01 0.551
  21   60  300 463540 1.200771e-01 0.551
  21    7  400 617540 1.200655e-01 0.551
  21   46  500 771540 1.199934e-01 0.551
  21    5  600 925540 1.144948e-01 0.551
  21   38  700 1079540 1.144790e-01 0.551
  21    0  800 1233540 1.136257e-01 0.551
  21    3  900 1387540 1.121065e-01 0.551
  21    1 1000 1541540 1.095474e-01 0.551
  22    0    0   1540 2.262385e-01 0.407
  22    7  100 155540 1.175907e-01 0.555
  22   12  200 309540 1.129357e-01 0.599
  22   23  300 463540 1.127981e-01 0.602
  22   44  400 617540 1.127238e-01 0.615
  22    1  500 771540 1.124466e-01 0.615
  22    1  600 925540 1.088296e-01 0.615
  22    5  700 1079540 1.086825e-01 0.615
  22    0  800 1233540 1.083391e-01 0.615
  22    2  900 1387540 1.081331e-01 0.615
  22    2 1000 1541540 1.066234e-01 0.615
  23    0    0   1540 2.284057e-01 0.365
  23    6  100 155540 1.623324e-01 0.458
  23   30  200 309540 1.297942e-01 0.496
  23    1  300 463540 1.238399e-01 0.536
  23    1  400 617540 1.102309e-01 0.536
  23    4  500 771540 1.101904e-01 0.553
  23    0  600 925540 1.098483e-01 0.553
  23    7  700 1079540 1.079748e-01 0.555
  23    1  800 1233540 1.073064e-01 0.555
  23    0  900 1387540 1.066167e-01 0.555
  23    0 1000 1541540 1.057043e-01 0.555
  24    0    0   1540 2.227700e-01 0.467
  24    7  100 155540 1.173893e-01 0.491
  24    3  200 309540 1.112509e-01 0.505
  24    0  300 463540 1.108270e-01 0.534
  24   17  400 617540 1.099479e-01 0.534
  24   11  500 771540 1.098515e-01 0.534
  24    2  600 925540 1.088532e-01 0.558
  24    6  700 1079540 1.088013e-01 0.561
  24    0  800 1233540 1.074706e-01 0.567
  24    1  900 1387540 1.064490e-01 0.567
  24    5 1000 1541540 1.059757e-01 0.567
  25    0    0   1540 2.445154e-01 0.383
  25    3  100 155540 1.299053e-01 0.504
  25    3  200 309540 1.270094e-01 0.537
  25    3  300 463540 1.122860e-01 0.537
  25    0  400 617540 1.122320e-01 0.537
  25   25  500 771540 1.122095e-01 0.537
  25   12  600 925540 1.120951e-01 0.537
  25    2  700 1079540 1.112127e-01 0.560
  25    4  800 1233540 1.111997e-01 0.563
  25    9  900 1387540 1.111422e-01 0.568
  25   12 1000 1541540 1.111386e-01 0.571
  26    0    0   1540 2.132973e-01 0.393
  26   10  100 155540 1.216798e-01 0.536
  26   25  200 309540 1.211345e-01 0.560
  26    9  300 463540 1.147878e-01 0.560
  26   16  400 617540 1.146461e-01 0.563
  26    0  500 771540 1.144493e-01 0.565
  26    0  600 925540 1.135108e-01 0.569
  26   38  700 1079540 1.134598e-01 0.576
  26    2  800 1233540 1.134179e-01 0.576
  26    6  900 1387540 1.091039e-01 0.576
  26   13 1000 1541540 1.090349e-01 0.594
  27    0    0   1540 2.340709e-01 0.453
  27   12  100 155540 1.139532e-01 0.535
  27    2  200 309540 1.102292e-01 0.535
  27   62  300 463540 1.102275e-01 0.535
  27    3  400 617540 1.101476e-01 0.535
  27   32  500 771540 1.100885e-01 0.535
  27   22  600 925540 1.100696e-01 0.535
  27    0  700 1079540 1.100188e-01 0.548
  27    2  800 1233540 1.100112e-01 0.548
  27    0  900 1387540 1.097088e-01 0.548
  27    1 1000 1541540 1.089774e-01 0.548
  28    0    0   1540 2.249462e-01 0.419
  28    0  100 155540 1.698003e-01 0.470
  28    2  200 309540 1.575363e-01 0.470
  28    1  300 463540 1.286378e-01 0.556
  28    5  400 617540 1.173929e-01 0.556
  28   14  500 771540 1.166345e-01 0.556
  28    2  600 925540 1.072415e-01 0.581
  28    1  700 1079540 1.069959e-01 0.581
  28    4  800 1233540 1.066853e-01 0.581
  28    8  900 1387540 1.064794e-01 0.581
  28    0 1000 1541540 1.062081e-01 0.581
  29    0    0   1540 2.219514e-01 0.401
  29    3  100 155540 1.534953e-01 0.471
  29   30  200 309540 1.527666e-01 0.502
  29    1  300 463540 1.126089e-01 0.502
  29   24  400 617540 1.124063e-01 0.522
  29   29  500 771540 1.098704e-01 0.544
  29    0  600 925540 1.097532e-01 0.560
  29    6  700 1079540 1.097159e-01 0.560
  29    8  800 1233540 1.096716e-01 0.560
  29   83  900 1387540 1.096683e-01 0.616
  29    1 1000 1541540 1.095851e-01 0.616
