   0    0    0    420 9.908241e-02 0.259
   0    5  100  42420 1.624377e-02 0.265
   0   46  200  84420 1.590693e-02 0.266
   0    1  300 126420 1.560847e-02 0.266
   0    3  400 168420 1.556897e-02 0.266
   0    1  500 210420 1.554904e-02 0.266
   0    4  600 252420 1.554805e-02 0.266
   0   20  700 294420 1.536421e-02 0.266
   0   32  800 336420 1.535805e-02 0.266
   0   11  900 378420 1.535042e-02 0.266
   0    1 1000 420420 1.528061e-02 0.266
   1    0    0    420 3.763378e-02 0.263
   1    1  100  42420 1.980371e-02 0.265
   1    4  200  84420 1.603347e-02 0.266
   1    2  300 126420 1.567927e-02 0.266
   1   59  400 168420 1.566968e-02 0.266
   1   11  500 210420 1.560401e-02 0.266
   1    8  600 252420 1.560188e-02 0.266
   1    5  700 294420 1.560183e-02 0.266
   1    4  800 336420 1.558990e-02 0.266
   1    4  900 378420 1.541059e-02 0.266
   1    0 1000 420420 1.534465e-02 0.266
   2    0    0    420 9.471058e-01 0.264
   2    4  100  42420 1.746384e-02 0.265
   2   18  200  84420 1.746368e-02 0.266
   2   15  300 126420 1.699389e-02 0.266
   2   23  400 168420 1.699184e-02 0.266
   2   45  500 210420 1.699169e-02 0.266
   2    0  600 252420 1.645484e-02 0.266
   2   10  700 294420 1.644625e-02 0.266
   2    1  800 336420 1.561966e-02 0.266
   2    4  900 378420 1.561485e-02 0.266
   2    8 1000 420420 1.560993e-02 0.266
   3    0    0    420 2.802671e+00 0.260
   3    3  100  42420 1.649048e-02 0.266
   3    4  200  84420 1.622792e-02 0.266
   3   47  300 126420 1.619965e-02 0.266
   3   14  400 168420 1.619900e-02 0.266
   3   30  500 210420 1.619393e-02 0.266
   3   21  600 252420 1.618946e-02 0.266
   3   62  700 294420 1.618526e-02 0.266
   3   20  800 336420 1.611445e-02 0.266
   3   31  900 378420 1.532526e-02 0.266
   3    1 1000 420420 1.528020e-02 0.266
   4    0    0    420 2.206703e-01 0.247
   4   31  100  42420 1.647294e-02 0.264
   4   19  200  84420 1.621835e-02 0.265
   4    7  300 126420 1.621282e-02 0.266
   4   32  400 168420 1.621085e-02 0.266
   4   82  500 210420 1.621068e-02 0.266
   4   52  600 252420 1.621000e-02 0.266
   4   24  700 294420 1.620679e-02 0.266
   4    1  800 336420 1.559612e-02 0.266
   4    4  900 378420 1.557687e-02 0.266
   4    4 1000 420420 1.550738e-02 0.266
   5    0    0    420 5.674142e-02 0.259
   5    5  100  42420 1.799340e-02 0.266
   5   24  200  84420 1.685804e-02 0.266
   5    4  300 126420 1.627683e-02 0.266
   5    5  400 168420 1.595248e-02 0.266
   5    5  500 210420 1.578390e-02 0.266
   5    8  600 252420 1.560320e-02 0.266
   5    2  700 294420 1.557758e-02 0.266
   5    9  800 336420 1.555339e-02 0.266
   5   32  900 378420 1.554643e-02 0.266
   5    0 1000 420420 1.546238e-02 0.266
   6    0    0    420 1.866640e-02 0.261
   6    1  100  42420 1.613847e-02 0.266
   6   11  200  84420 1.602584e-02 0.266
   6    4  300 126420 1.602522e-02 0.266
   6    4  400 168420 1.602176e-02 0.266
   6   27  500 210420 1.541990e-02 0.266
   6   15  600 252420 1.540829e-02 0.266
   6    1  700 294420 1.540800e-02 0.266
   6    0  800 336420 1.540542e-02 0.266
   6    0  900 378420 1.540313e-02 0.266
   6   36 1000 420420 1.540238e-02 0.266
   7    0    0    420 7.731826e-01 0.261
   7   63  100  42420 1.695943e-02 0.266
   7    1  200  84420 1.610225e-02 0.266
   7   14  300 126420 1.565917e-02 0.266
   7   10  400 168420 1.565377e-02 0.266
   7    4  500 210420 1.564869e-02 0.266
   7   28  600 252420 1.559952e-02 0.266
   7   14  700 294420 1.557820e-02 0.266
   7    0  800 336420 1.555164e-02 0.266
   7   20  900 378420 1.555121e-02 0.266
   7    1 1000 420420 1.554834e-02 0.266
   8    0    0    420 4.742604e-02 0.254
   8    2  100  42420 1.600697e-02 0.264
   8    7  200  84420 1.544232e-02 0.264
   8   27  300 126420 1.539170e-02 0.264
   8    7  400 168420 1.528831e-02 0.265
   8   13  500 210420 1.528684e-02 0.265
   8   17  600 252420 1.528482e-02 0.265
   8    1  700 294420 1.528383e-02 0.265
   8    6  800 336420 1.528187e-02 0.265
   8    4  900 378420 1.528039e-02 0.266
   8    0 1000 420420 1.527607e-02 0.266
   9    0    0    420 3.525241e-01 0.264
   9    0  100  42420 1.633433e-02 0.266
   9    0  200  84420 1.619474e-02 0.266
   9   28  300 126420 1.617861e-02 0.266
   9    7  400 168420 1.608734e-02 0.266
   9    2  500 210420 1.603199e-02 0.266
   9    9  600 252420 1.590858e-02 0.266
   9    0  700 294420 1.585856e-02 0.266
   9    1  800 336420 1.585763e-02 0.266
   9   11  900 378420 1.584132e-02 0.266
   9    9 1000 420420 1.577254e-02 0.266
  10    0    0    420 1.668374e+00 0.262
  10   15  100  42420 1.589845e-02 0.265
  10    8  200  84420 1.587945e-02 0.266
  10   51  300 126420 1.587748e-02 0.266
  10   67  400 168420 1.587154e-02 0.266
  10   20  500 210420 1.587043e-02 0.266
  10   22  600 252420 1.548658e-02 0.266
  10    6  700 294420 1.548530e-02 0.266
  10   27  800 336420 1.548467e-02 0.266
  10   25  900 378420 1.548002e-02 0.266
  10    0 1000 420420 1.541306e-02 0.266
  11    0    0    420 4.508964e+00 0.262
  11    2  100  42420 1.638738e-02 0.266
  11    0  200  84420 1.605330e-02 0.266
  11    4  300 126420 1.565340e-02 0.266
  11    5  400 168420 1.564282e-02 0.266
  11    0  500 210420 1.553001e-02 0.266
  11    6  600 252420 1.552900e-02 0.266
  11    2  700 294420 1.544690e-02 0.266
  11    3  800 336420 1.539594e-02 0.266
  11    3  900 378420 1.537796e-02 0.266
  11   12 1000 420420 1.528293e-02 0.266
  12    0    0    420 1.990266e+00 0.260
  12   18  100  42420 1.586323e-02 0.264
  12   10  200  84420 1.585749e-02 0.266
  12    7  300 126420 1.556148e-02 0.266
  12   25  400 168420 1.548874e-02 0.266
  12    8  500 210420 1.548855e-02 0.266
  12   26  600 252420 1.548847e-02 0.266
  12    4  700 294420 1.548792e-02 0.266
  12    0  800 336420 1.544406e-02 0.266
  12   18  900 378420 1.544402e-02 0.266
  12   19 1000 420420 1.544390e-02 0.266
  13    0    0    420 5.898336e-01 0.259
  13    1  100  42420 1.715997e-02 0.266
  13   16  200  84420 1.702844e-02 0.266
  13    9  300 126420 1.680207e-02 0.266
  13    1  400 168420 1.659423e-02 0.266
  13   15  500 210420 1.557276e-02 0.266
  13   12  600 252420 1.557130e-02 0.266
  13    0  700 294420 1.541111e-02 0.266
  13   26  800 336420 1.540765e-02 0.266
  13   10  900 378420 1.540171e-02 0.266
  13   42 1000 420420 1.539755e-02 0.266
  14    0    0    420 3.718705e+00 0.262
  14    6  100  42420 1.661168e-02 0.266
  14    4  200  84420 1.585769e-02 0.266
  14   48  300 126420 1.579702e-02 0.266
  14    2  400 168420 1.579702e-02 0.266
  14    7  500 210420 1.578886e-02 0.266
  14   19  600 252420 1.578143e-02 0.266
  14    6  700 294420 1.577706e-02 0.266
  14    2  800 336420 1.576134e-02 0.266
  14    1  900 378420 1.572078e-02 0.266
  14    8 1000 420420 1.552167e-02 0.266
  15    0    0    420 1.163749e+00 0.258
  15    1  100  42420 1.981629e-02 0.266
  15    3  200  84420 1.685887e-02 0.266
  15    7  300 126420 1.603780e-02 0.266
  15   15  400 168420 1.585741e-02 0.266
  15    1  500 210420 1.580391e-02 0.266
  15   55  600 252420 1.576586e-02 0.266
  15    7  700 294420 1.549203e-02 0.266
  15    4  800 336420 1.548853e-02 0.266
  15    5  900 378420 1.541808e-02 0.266
  15   20 1000 420420 1.541785e-02 0.266
  16    0    0    420 9.396479e-01 0.260
  16   10  100  42420 1.710941e-02 0.265
  16    0  200  84420 1.634221e-02 0.266
  16    1  300 126420 1.590423e-02 0.266
  16   11  400 168420 1.586492e-02 0.266
  16   20  500 210420 1.586343e-02 0.266
  16   62  600 252420 1.586282e-02 0.266
  16   50  700 294420 1.569760e-02 0.266
  16   11  800 336420 1.569534e-02 0.266
  16   19  900 378420 1.569526e-02 0.266
  16    0 1000 420420 1.569081e-02 0.266
  17    0    0    420 1.476275e+00 0.262
  17    0  100  42420 1.718027e-02 0.266
  17   10  200  84420 1.701979e-02 0.266
  17   82  300 126420 1.701770e-02 0.266
  17   10  400 168420 1.699605e-02 0.266
  17    0  500 210420 1.546539e-02 0.266
  17    0  600 252420 1.542779e-02 0.266
  17    2  700 294420 1.542720e-02 0.266
  17   60  800 336420 1.542715e-02 0.266
  17   17  900 378420 1.542491e-02 0.266
  17    9 1000 420420 1.542341e-02 0.266
  18    0    0    420 3.318704e+00 0.259
  18    2  100  42420 2.183803e-02 0.266
  18    8  200  84420 1.533517e-02 0.266
  18   53  300 126420 1.533460e-02 0.266
  18   11  400 168420 1.533334e-02 0.266
  18    0  500 210420 1.533029e-02 0.266
  18    3  600 252420 1.533029e-02 0.266
  18   81  700 294420 1.533028e-02 0.266
  18   17  800 336420 1.533025e-02 0.266
  18   48  900 378420 1.533025e-02 0.266
  18   48 1000 420420 1.533024e-02 0.266
  19    0    0    420 5.104124e-01 0.259
  19    2  100  42420 1.631748e-02 0.266
  19   19  200  84420 1.615717e-02 0.266
  19    0  300 126420 1.610322e-02 0.266
  19   24  400 168420 1.606129e-02 0.266
  19    7  500 210420 1.601604e-02 0.266
  19   18  600 252420 1.590065e-02 0.266
  19    8  700 294420 1.583542e-02 0.266
  19    2  800 336420 1.580919e-02 0.266
  19    2  900 378420 1.573694e-02 0.266
  19    7 1000 420420 1.563091e-02 0.266
  20    0    0    420 4.047147e-02 0.263
  20   14  100  42420 1.545317e-02 0.266
  20    8  200  84420 1.536216e-02 0.266
  20    0  300 126420 1.535928e-02 0.266
  20    4  400 168420 1.535890e-02 0.266
  20  104  500 210420 1.535890e-02 0.266
  20   11  600 252420 1.535824e-02 0.266
  20   14  700 294420 1.535689e-02 0.266
  20   25  800 336420 1.535681e-02 0.266
  20    1  900 378420 1.529745e-02 0.266
  20    2 1000 420420 1.529259e-02 0.266
  21    0    0    420 1.528688e+00 0.266
  21    2  100  42420 1.629910e-02 0.266
  21    4  200  84420 1.623363e-02 0.266
  21   70  300 126420 1.623357e-02 0.266
  21   10  400 168420 1.623188e-02 0.266
  21    8  500 210420 1.591657e-02 0.266
  21    2  600 252420 1.591345e-02 0.266
  21    9  700 294420 1.591285e-02 0.266
  21    2  800 336420 1.590099e-02 0.266
  21   20  900 378420 1.590016e-02 0.266
  21    3 1000 420420 1.558766e-02 0.266
  22    0    0    420 3.217056e+00 0.223
  22    3  100  42420 1.651853e-02 0.266
  22   27  200  84420 1.649676e-02 0.266
  22    1  300 126420 1.640604e-02 0.266
  22    1  400 168420 1.623569e-02 0.266
  22    7  500 210420 1.622723e-02 0.266
  22    0  600 252420 1.612001e-02 0.266
  22   14  700 294420 1.610337e-02 0.266
  22    0  800 336420 1.603804e-02 0.266
  22    9  900 378420 1.598221e-02 0.266
  22   20 1000 420420 1.597984e-02 0.266
  23    0    0    420 1.960903e-02 0.261
  23   25  100  42420 1.779011e-02 0.266
  23   14  200  84420 1.765410e-02 0.266
  23    0  300 126420 1.753989e-02 0.266
  23    7  400 168420 1.687240e-02 0.266
  23   13  500 210420 1.647078e-02 0.266
  23   26  600 252420 1.630197e-02 0.266
  23    0  700 294420 1.629521e-02 0.266
  23    0  800 336420 1.622048e-02 0.266
  23    7  900 378420 1.605674e-02 0.266
  23    5 1000 420420 1.576515e-02 0.266
  24    0    0    420 2.208855e-02 0.226
  24    0  100  42420 1.611929e-02 0.266
  24    1  200  84420 1.569394e-02 0.266
  24    0  300 126420 1.568692e-02 0.266
  24   57  400 168420 1.564539e-02 0.266
  24   27  500 210420 1.563758e-02 0.266
  24   37  600 252420 1.563193e-02 0.266
  24    1  700 294420 1.554032e-02 0.266
  24    5  800 336420 1.550621e-02 0.266
  24    7  900 378420 1.546403e-02 0.266
  24    3 1000 420420 1.545760e-02 0.266
  25    0    0    420 2.809620e+00 0.258
  25    2  100  42420 1.739750e-02 0.264
  25    0  200  84420 1.664707e-02 0.266
  25    2  300 126420 1.616246e-02 0.266
  25   44  400 168420 1.599635e-02 0.266
  25    2  500 210420 1.587862e-02 0.266
  25    2  600 252420 1.537733e-02 0.266
  25   22  700 294420 1.534917e-02 0.266
  25    7  800 336420 1.534112e-02 0.266
  25   26  900 378420 1.534022e-02 0.266
  25    4 1000 420420 1.531856e-02 0.266
  26    0    0    420 7.358963e-02 0.252
  26    4  100  42420 1.814328e-02 0.266
  26    4  200  84420 1.625235e-02 0.266
  26   19  300 126420 1.614378e-02 0.266
  26    1  400 168420 1.610024e-02 0.266
  26    1  500 210420 1.565016e-02 0.266
  26    0  600 252420 1.547687e-02 0.266
  26    0  700 294420 1.546987e-02 0.266
  26    0  800 336420 1.546938e-02 0.266
  26   11  900 378420 1.546837e-02 0.266
  26    0 1000 420420 1.536445e-02 0.266
  27    0    0    420 3.239310e+00 0.262
  27    3  100  42420 1.619361e-02 0.266
  27   13  200  84420 1.613705e-02 0.266
  27    2  300 126420 1.603981e-02 0.266
  27   13  400 168420 1.600237e-02 0.266
  27   31  500 210420 1.599699e-02 0.266
  27   13  600 252420 1.599513e-02 0.266
  27    0  700 294420 1.543219e-02 0.266
  27    3  800 336420 1.540669e-02 0.266
  27    5  900 378420 1.540542e-02 0.266
  27   13 1000 420420 1.540432e-02 0.266
  28    0    0    420 2.036572e+00 0.262
  28    6  100  42420 1.593085e-02 0.265
  28    1  200  84420 1.564352e-02 0.265
  28    0  300 126420 1.561534e-02 0.266
  28    1  400 168420 1.560491e-02 0.266
  28    8  500 210420 1.545268e-02 0.266
  28    1  600 252420 1.541577e-02 0.266
  28    8  700 294420 1.538706e-02 0.266
  28    5  800 336420 1.538589e-02 0.266
  28    5  900 378420 1.538469e-02 0.266
  28    1 1000 420420 1.533729e-02 0.266
  29    0    0    420 3.211992e-01 0.265
  29    1  100  42420 1.702374e-02 0.265
  29   13  200  84420 1.691601e-02 0.266
  29    5  300 126420 1.674461e-02 0.266
  29   15  400 168420 1.670228e-02 0.266
  29   23  500 210420 1.667263e-02 0.266
  29    8  600 252420 1.660100e-02 0.266
  29    0  700 294420 1.658398e-02 0.266
  29    0  800 336420 1.598253e-02 0.266
  29   22  900 378420 1.593766e-02 0.266
  29    0 1000 420420 1.593562e-02 0.266
