   0    0    0    420 2.720415e-01 0.745
   0   17  100  42420 1.190757e-01 0.769
   0   27  200  84420 1.185612e-01 0.771
   0    6  300 126420 1.109660e-01 0.771
   0    5  400 168420 1.109654e-01 0.771
   0    4  500 210420 1.106520e-01 0.771
   0    3  600 252420 1.072312e-01 0.771
   0   21  700 294420 1.071737e-01 0.771
   0   14  800 336420 1.060026e-01 0.771
   0   15  900 378420 1.053025e-01 0.771
   0    5 1000 420420 1.049573e-01 0.771
   1    0    0    420 1.441321e-01 0.771
   1   10  100  42420 1.126100e-01 0.777
   1   88  200  84420 1.121683e-01 0.777
   1   28  300 126420 1.106669e-01 0.777
   1   84  400 168420 1.103425e-01 0.777
   1    0  500 210420 1.093254e-01 0.777
   1    3  600 252420 1.068882e-01 0.777
   1    1  700 294420 1.060627e-01 0.777
   1    2  800 336420 1.060583e-01 0.777
   1   22  900 378420 1.060034e-01 0.777
   1    3 1000 420420 1.049350e-01 0.777
   2    0    0    420 2.513545e-01 0.730
   2    4  100  42420 1.133659e-01 0.770
   2   15  200  84420 1.013672e-01 0.776
   2    5  300 126420 1.002319e-01 0.776
   2   33  400 168420 1.002316e-01 0.776
   2   78  500 210420 1.002315e-01 0.776
   2  178  600 252420 1.002315e-01 0.776
   2    0  700 294420 1.001737e-01 0.776
   2    1  800 336420 1.000523e-01 0.776
   2    2  900 378420 9.913488e-02 0.776
   2    3 1000 420420 9.883832e-02 0.776
   3    0    0    420 2.112732e-01 0.712
   3   59  100  42420 1.211822e-01 0.768
   3   63  200  84420 1.110000e-01 0.768
   3   44  300 126420 1.067933e-01 0.769
   3   88  400 168420 1.067921e-01 0.777
   3   59  500 210420 1.067840e-01 0.777
   3    4  600 252420 1.063443e-01 0.777
   3    8  700 294420 1.059046e-01 0.777
   3    2  800 336420 1.058088e-01 0.777
   3   55  900 378420 1.058063e-01 0.777
   3    8 1000 420420 1.049706e-01 0.777
   4    0    0    420 2.028750e-01 0.708
   4    1  100  42420 1.137904e-01 0.766
   4   44  200  84420 1.135695e-01 0.766
   4   27  300 126420 1.134346e-01 0.766
   4   12  400 168420 1.123265e-01 0.772
   4    8  500 210420 1.074840e-01 0.772
   4    0  600 252420 1.061173e-01 0.772
   4   20  700 294420 1.057120e-01 0.777
   4   17  800 336420 1.056403e-01 0.777
   4   28  900 378420 1.056383e-01 0.777
   4    1 1000 420420 1.055939e-01 0.777
   5    0    0    420 1.988781e-01 0.690
   5   21  100  42420 1.225531e-01 0.775
   5    5  200  84420 1.090341e-01 0.775
   5    2  300 126420 1.087451e-01 0.775
   5   26  400 168420 1.080193e-01 0.775
   5   12  500 210420 1.068863e-01 0.775
   5    8  600 252420 1.059491e-01 0.775
   5   12  700 294420 1.058071e-01 0.775
   5   62  800 336420 1.057732e-01 0.775
   5    2  900 378420 1.051803e-01 0.775
   5    1 1000 420420 1.051206e-01 0.775
   6    0    0    420 1.436343e-01 0.748
   6   12  100  42420 1.046187e-01 0.771
   6    8  200  84420 1.041825e-01 0.771
   6   23  300 126420 1.010497e-01 0.773
   6    7  400 168420 1.007694e-01 0.777
   6   21  500 210420 1.006770e-01 0.777
   6    0  600 252420 9.873715e-02 0.777
   6  100  700 294420 9.873715e-02 0.777
   6  200  800 336420 9.873715e-02 0.777
   6   35  900 378420 9.854961e-02 0.777
   6   89 1000 420420 9.853482e-02 0.777
   7    0    0    420 2.442131e-01 0.720
   7   11  100  42420 1.156956e-01 0.777
   7   20  200  84420 1.121856e-01 0.777
   7   43  300 126420 1.118537e-01 0.777
   7   11  400 168420 1.118528e-01 0.777
   7    0  500 210420 1.117201e-01 0.777
   7    0  600 252420 1.088375e-01 0.777
   7    7  700 294420 1.070911e-01 0.777
   7   12  800 336420 1.061548e-01 0.777
   7  112  900 378420 1.061548e-01 0.777
   7   94 1000 420420 1.060477e-01 0.777
   8    0    0    420 1.279492e-01 0.743
   8   11  100  42420 1.071576e-01 0.768
   8    0  200  84420 1.071244e-01 0.768
   8   58  300 126420 1.070292e-01 0.768
   8   34  400 168420 1.070204e-01 0.768
   8   56  500 210420 1.063904e-01 0.770
   8   13  600 252420 1.063658e-01 0.772
   8    4  700 294420 1.055154e-01 0.772
   8   14  800 336420 1.051775e-01 0.772
   8    2  900 378420 1.049586e-01 0.773
   8   11 1000 420420 1.048898e-01 0.773
   9    0    0    420 2.119750e-01 0.730
   9    1  100  42420 1.242464e-01 0.770
   9   36  200  84420 1.169615e-01 0.770
   9    8  300 126420 1.140420e-01 0.776
   9   91  400 168420 1.139920e-01 0.776
   9   12  500 210420 1.075009e-01 0.778
   9   10  600 252420 1.067451e-01 0.778
   9    9  700 294420 1.052109e-01 0.778
   9    5  800 336420 1.050310e-01 0.778
   9   23  900 378420 1.049667e-01 0.778
   9    2 1000 420420 1.047713e-01 0.778
  10    0    0    420 2.400064e-01 0.754
  10    4  100  42420 1.056599e-01 0.767
  10   24  200  84420 1.044553e-01 0.773
  10   41  300 126420 1.044524e-01 0.773
  10    3  400 168420 1.040997e-01 0.773
  10   68  500 210420 1.040773e-01 0.773
  10   47  600 252420 1.040719e-01 0.773
  10   20  700 294420 1.040714e-01 0.773
  10   33  800 336420 1.040670e-01 0.773
  10    0  900 378420 9.965347e-02 0.773
  10   26 1000 420420 9.860213e-02 0.773
  11    0    0    420 2.191117e-01 0.758
  11    0  100  42420 1.102578e-01 0.773
  11    3  200  84420 1.101756e-01 0.774
  11   60  300 126420 1.087788e-01 0.774
  11    2  400 168420 1.084150e-01 0.774
  11    7  500 210420 1.083578e-01 0.777
  11   81  600 252420 1.060803e-01 0.777
  11   63  700 294420 1.060798e-01 0.777
  11   91  800 336420 1.060797e-01 0.777
  11    0  900 378420 1.058270e-01 0.777
  11    2 1000 420420 1.054853e-01 0.777
  12    0    0    420 1.762746e-01 0.689
  12    0  100  42420 1.213245e-01 0.771
  12   13  200  84420 1.089950e-01 0.773
  12   77  300 126420 1.089950e-01 0.773
  12    0  400 168420 1.070875e-01 0.778
  12    6  500 210420 1.026504e-01 0.778
  12   15  600 252420 1.007262e-01 0.778
  12    6  700 294420 9.887651e-02 0.778
  12    5  800 336420 9.886680e-02 0.778
  12   36  900 378420 9.882375e-02 0.778
  12   12 1000 420420 9.881278e-02 0.778
  13    0    0    420 1.669383e-01 0.736
  13   23  100  42420 1.221031e-01 0.770
  13   37  200  84420 1.102779e-01 0.775
  13   44  300 126420 1.080903e-01 0.775
  13   10  400 168420 1.080747e-01 0.775
  13   42  500 210420 1.080707e-01 0.775
  13   40  600 252420 1.074653e-01 0.777
  13   80  700 294420 1.069091e-01 0.777
  13   38  800 336420 1.065274e-01 0.777
  13    2  900 378420 1.064720e-01 0.777
  13    0 1000 420420 1.057568e-01 0.777
  14    0    0    420 1.661959e-01 0.749
  14    9  100  42420 1.041629e-01 0.769
  14    2  200  84420 9.951853e-02 0.769
  14   65  300 126420 9.951635e-02 0.772
  14   10  400 168420 9.829849e-02 0.772
  14   28  500 210420 9.737913e-02 0.772
  14   24  600 252420 9.723908e-02 0.772
  14    4  700 294420 9.723574e-02 0.772
  14   15  800 336420 9.698179e-02 0.772
  14    0  900 378420 9.673175e-02 0.772
  14    0 1000 420420 9.665951e-02 0.772
  15    0    0    420 1.860067e-01 0.678
  15    8  100  42420 1.120652e-01 0.767
  15    5  200  84420 1.100643e-01 0.767
  15   20  300 126420 1.075718e-01 0.767
  15    3  400 168420 1.069765e-01 0.767
  15   53  500 210420 1.068659e-01 0.767
  15   10  600 252420 1.058212e-01 0.767
  15    5  700 294420 1.056614e-01 0.767
  15   11  800 336420 1.047593e-01 0.769
  15    2  900 378420 1.043775e-01 0.769
  15    2 1000 420420 1.042170e-01 0.769
  16    0    0    420 1.648961e-01 0.746
  16   30  100  42420 1.240045e-01 0.764
  16    4  200  84420 1.105935e-01 0.764
  16    5  300 126420 1.066724e-01 0.764
  16   32  400 168420 1.066162e-01 0.766
  16   69  500 210420 1.065996e-01 0.766
  16   40  600 252420 1.065994e-01 0.766
  16    3  700 294420 1.065442e-01 0.766
  16   80  800 336420 1.065121e-01 0.766
  16   98  900 378420 1.065097e-01 0.766
  16    7 1000 420420 1.056622e-01 0.766
  17    0    0    420 2.560365e-01 0.711
  17    5  100  42420 1.118196e-01 0.775
  17    0  200  84420 1.088368e-01 0.775
  17   42  300 126420 1.075899e-01 0.775
  17   62  400 168420 1.066244e-01 0.775
  17   98  500 210420 1.066210e-01 0.775
  17  198  600 252420 1.066210e-01 0.775
  17    3  700 294420 1.064597e-01 0.775
  17    3  800 336420 1.061005e-01 0.775
  17    0  900 378420 1.054216e-01 0.775
  17   20 1000 420420 1.054151e-01 0.775
  18    0    0    420 2.348897e-01 0.755
  18    8  100  42420 1.141006e-01 0.766
  18    0  200  84420 1.112355e-01 0.771
  18   18  300 126420 1.111809e-01 0.773
  18   26  400 168420 1.111590e-01 0.773
  18    7  500 210420 1.100105e-01 0.773
  18    5  600 252420 1.095420e-01 0.773
  18   82  700 294420 1.074037e-01 0.773
  18   31  800 336420 1.064418e-01 0.773
  18    2  900 378420 1.062280e-01 0.773
  18    5 1000 420420 1.056569e-01 0.773
  19    0    0    420 2.364792e-01 0.725
  19   13  100  42420 1.322247e-01 0.773
  19    7  200  84420 1.289203e-01 0.773
  19   27  300 126420 1.069111e-01 0.773
  19    3  400 168420 1.062090e-01 0.773
  19   24  500 210420 1.061397e-01 0.777
  19   26  600 252420 1.058311e-01 0.777
  19    4  700 294420 1.056116e-01 0.777
  19    1  800 336420 1.056086e-01 0.777
  19   15  900 378420 1.055949e-01 0.777
  19    8 1000 420420 1.054977e-01 0.777
  20    0    0    420 2.413792e-01 0.686
  20    2  100  42420 1.195049e-01 0.772
  20   31  200  84420 1.172133e-01 0.775
  20   11  300 126420 1.156795e-01 0.775
  20    0  400 168420 1.150633e-01 0.775
  20    2  500 210420 1.089886e-01 0.775
  20   42  600 252420 1.086006e-01 0.775
  20    4  700 294420 1.076138e-01 0.775
  20   14  800 336420 1.070988e-01 0.775
  20   18  900 378420 1.069987e-01 0.775
  20    3 1000 420420 1.063440e-01 0.775
  21    0    0    420 2.543501e-01 0.768
  21    0  100  42420 1.088034e-01 0.778
  21    7  200  84420 1.070505e-01 0.778
  21   20  300 126420 1.060920e-01 0.778
  21    6  400 168420 1.060202e-01 0.778
  21   29  500 210420 1.058881e-01 0.778
  21    8  600 252420 1.057617e-01 0.778
  21   21  700 294420 1.057510e-01 0.778
  21    0  800 336420 1.046155e-01 0.778
  21    5  900 378420 1.043855e-01 0.778
  21   22 1000 420420 1.043042e-01 0.778
  22    0    0    420 2.796922e-01 0.756
  22    7  100  42420 1.134957e-01 0.769
  22   29  200  84420 1.100751e-01 0.772
  22   49  300 126420 1.099976e-01 0.772
  22    1  400 168420 1.089035e-01 0.772
  22    0  500 210420 1.020229e-01 0.773
  22   35  600 252420 1.019325e-01 0.773
  22    9  700 294420 9.943201e-02 0.773
  22   21  800 336420 9.908709e-02 0.773
  22    8  900 378420 9.888619e-02 0.773
  22   21 1000 420420 9.862930e-02 0.773
  23    0    0    420 1.666290e-01 0.714
  23   14  100  42420 1.147708e-01 0.773
  23    9  200  84420 1.122255e-01 0.773
  23   50  300 126420 1.114269e-01 0.773
  23   16  400 168420 1.114224e-01 0.773
  23   14  500 210420 1.091756e-01 0.773
  23   24  600 252420 1.068581e-01 0.773
  23    1  700 294420 1.062803e-01 0.773
  23    9  800 336420 1.061955e-01 0.773
  23    4  900 378420 1.054054e-01 0.773
  23   44 1000 420420 1.049893e-01 0.773
  24    0    0    420 2.377202e-01 0.696
  24   46  100  42420 1.133320e-01 0.768
  24    1  200  84420 1.104613e-01 0.768
  24    9  300 126420 1.104524e-01 0.768
  24   44  400 168420 1.092596e-01 0.768
  24    7  500 210420 1.085788e-01 0.768
  24    3  600 252420 1.085626e-01 0.771
  24   23  700 294420 1.084184e-01 0.775
  24    1  800 336420 1.075543e-01 0.775
  24    4  900 378420 1.063575e-01 0.775
  24   35 1000 420420 1.055579e-01 0.775
  25    0    0    420 2.199678e-01 0.737
  25    1  100  42420 1.095210e-01 0.772
  25    6  200  84420 1.006948e-01 0.772
  25   82  300 126420 1.006894e-01 0.772
  25   15  400 168420 1.005594e-01 0.772
  25   66  500 210420 1.005382e-01 0.772
  25    8  600 252420 1.005048e-01 0.773
  25   86  700 294420 1.004824e-01 0.773
  25   18  800 336420 1.004663e-01 0.773
  25    9  900 378420 9.966672e-02 0.773
  25    0 1000 420420 9.916445e-02 0.773
  26    0    0    420 1.981319e-01 0.717
  26    6  100  42420 1.152815e-01 0.765
  26   15  200  84420 1.150094e-01 0.768
  26   43  300 126420 1.105891e-01 0.768
  26    5  400 168420 1.086116e-01 0.768
  26   12  500 210420 1.084844e-01 0.768
  26    1  600 252420 1.076258e-01 0.771
  26    1  700 294420 1.063392e-01 0.779
  26    7  800 336420 1.062433e-01 0.779
  26   49  900 378420 1.062008e-01 0.779
  26   20 1000 420420 1.061429e-01 0.779
  27    0    0    420 2.324563e-01 0.681
  27    4  100  42420 1.123449e-01 0.760
  27   26  200  84420 1.114143e-01 0.767
  27   16  300 126420 1.094185e-01 0.767
  27    5  400 168420 1.080273e-01 0.767
  27   12  500 210420 1.063333e-01 0.767
  27   52  600 252420 1.052091e-01 0.772
  27   39  700 294420 1.050480e-01 0.772
  27   90  800 336420 1.050477e-01 0.772
  27   22  900 378420 1.050292e-01 0.772
  27    1 1000 420420 1.047326e-01 0.772
  28    0    0    420 2.261250e-01 0.697
  28    6  100  42420 1.150792e-01 0.770
  28   38  200  84420 1.147873e-01 0.772
  28    7  300 126420 1.131737e-01 0.772
  28   16  400 168420 1.074630e-01 0.772
  28    0  500 210420 1.071495e-01 0.779
  28   31  600 252420 1.051879e-01 0.779
  28   38  700 294420 1.046902e-01 0.779
  28   72  800 336420 1.046355e-01 0.779
  28   64  900 378420 1.046080e-01 0.779
  28   10 1000 420420 1.046054e-01 0.779
  29    0    0    420 1.853690e-01 0.751
  29    6  100  42420 1.165719e-01 0.769
  29   25  200  84420 1.120019e-01 0.769
  29   95  300 126420 1.117941e-01 0.770
  29   13  400 168420 1.117545e-01 0.770
  29   16  500 210420 1.065139e-01 0.775
  29    2  600 252420 1.064222e-01 0.775
  29   73  700 294420 1.063118e-01 0.775
  29   20  800 336420 1.062914e-01 0.776
  29    7  900 378420 1.062840e-01 0.776
  29   44 1000 420420 1.058587e-01 0.776
