   0    0    0   1540 2.443439e-01 0.817
   0    5  100 155540 1.036572e-01 0.952
   0    2  200 309540 1.032887e-01 0.952
   0   20  300 463540 1.030963e-01 0.952
   0    7  400 617540 1.028448e-01 0.954
   0   48  500 771540 1.028397e-01 0.954
   0    8  600 925540 1.028285e-01 0.954
   0    0  700 1079540 1.028190e-01 0.956
   0    3  800 1233540 1.028113e-01 0.956
   0   19  900 1387540 1.028099e-01 0.958
   0    0 1000 1541540 1.028092e-01 0.958
   1    0    0   1540 2.240254e-01 0.898
   1    2  100 155540 1.361198e-01 0.942
   1    4  200 309540 1.350852e-01 0.950
   1   28  300 463540 1.347902e-01 0.950
   1   25  400 617540 1.347865e-01 0.950
   1   38  500 771540 1.347808e-01 0.950
   1    1  600 925540 1.346550e-01 0.950
   1    5  700 1079540 1.344878e-01 0.950
   1    4  800 1233540 1.343113e-01 0.950
   1    0  900 1387540 1.342779e-01 0.950
   1    1 1000 1541540 1.342471e-01 0.950
   2    0    0   1540 2.698791e-01 0.809
   2   32  100 155540 1.538236e-01 0.950
   2    8  200 309540 1.538062e-01 0.950
   2    7  300 463540 1.480451e-01 0.950
   2    2  400 617540 1.364059e-01 0.953
   2    0  500 771540 1.339128e-01 0.953
   2    0  600 925540 1.337786e-01 0.953
   2    8  700 1079540 1.336409e-01 0.953
   2   19  800 1233540 1.336388e-01 0.953
   2    1  900 1387540 1.335602e-01 0.953
   2    5 1000 1541540 1.334833e-01 0.953
   3    0    0   1540 2.720551e-01 0.930
   3    7  100 155540 1.409075e-01 0.938
   3   31  200 309540 1.403087e-01 0.938
   3    3  300 463540 1.049302e-01 0.952
   3    7  400 617540 1.007440e-01 0.955
   3    1  500 771540 9.697979e-02 0.957
   3    1  600 925540 9.426046e-02 0.957
   3    0  700 1079540 9.362179e-02 0.957
   3    3  800 1233540 9.320538e-02 0.957
   3    0  900 1387540 9.245512e-02 0.957
   3    3 1000 1541540 9.222023e-02 0.957
   4    0    0   1540 2.100132e-01 0.905
   4   12  100 155540 1.431881e-01 0.934
   4   23  200 309540 1.431110e-01 0.934
   4    2  300 463540 1.335316e-01 0.942
   4    4  400 617540 1.307472e-01 0.942
   4    3  500 771540 1.294360e-01 0.942
   4    2  600 925540 1.276460e-01 0.942
   4   11  700 1079540 1.272760e-01 0.948
   4    9  800 1233540 1.260155e-01 0.948
   4    1  900 1387540 1.258550e-01 0.948
   4    0 1000 1541540 1.252942e-01 0.948
   5    0    0   1540 2.478272e-01 0.886
   5    2  100 155540 1.286134e-01 0.955
   5   13  200 309540 1.283609e-01 0.955
   5    9  300 463540 1.283248e-01 0.955
   5    4  400 617540 1.283099e-01 0.955
   5    9  500 771540 1.282598e-01 0.955
   5    9  600 925540 1.279420e-01 0.956
   5   12  700 1079540 1.276182e-01 0.956
   5    6  800 1233540 1.274023e-01 0.956
   5    1  900 1387540 1.260328e-01 0.956
   5    0 1000 1541540 1.255703e-01 0.956
   6    0    0   1540 2.545073e-01 0.901
   6    3  100 155540 1.083742e-01 0.949
   6    0  200 309540 1.037776e-01 0.954
   6    9  300 463540 1.029314e-01 0.954
   6    6  400 617540 9.991392e-02 0.954
   6    7  500 771540 9.970822e-02 0.954
   6   21  600 925540 9.939606e-02 0.956
   6   21  700 1079540 9.914384e-02 0.956
   6   11  800 1233540 9.888639e-02 0.956
   6    2  900 1387540 9.850885e-02 0.956
   6    3 1000 1541540 8.851799e-02 0.956
   7    0    0   1540 2.771040e-01 0.713
   7    1  100 155540 1.427425e-01 0.935
   7   13  200 309540 1.382337e-01 0.942
   7    6  300 463540 1.381532e-01 0.942
   7    8  400 617540 1.379432e-01 0.942
   7    4  500 771540 1.378578e-01 0.942
   7   11  600 925540 1.377695e-01 0.942
   7    2  700 1079540 1.375838e-01 0.952
   7   18  800 1233540 1.373503e-01 0.952
   7   11  900 1387540 1.372422e-01 0.952
   7   41 1000 1541540 1.371559e-01 0.952
   8    0    0   1540 2.564755e-01 0.778
   8    4  100 155540 1.211317e-01 0.950
   8    0  200 309540 1.203200e-01 0.950
   8    2  300 463540 1.195440e-01 0.950
   8    7  400 617540 1.195316e-01 0.950
   8   23  500 771540 1.178015e-01 0.952
   8    3  600 925540 1.175106e-01 0.952
   8   25  700 1079540 1.174412e-01 0.952
   8    2  800 1233540 1.170347e-01 0.952
   8   10  900 1387540 1.169742e-01 0.952
   8    2 1000 1541540 1.169534e-01 0.952
   9    0    0   1540 2.071046e-01 0.930
   9    7  100 155540 1.318430e-01 0.945
   9   14  200 309540 1.290209e-01 0.950
   9    5  300 463540 1.268316e-01 0.950
   9   14  400 617540 1.267934e-01 0.950
   9   11  500 771540 1.265807e-01 0.950
   9   15  600 925540 1.174489e-01 0.950
   9    2  700 1079540 1.164427e-01 0.951
   9    2  800 1233540 1.155977e-01 0.951
   9    0  900 1387540 1.150447e-01 0.951
   9    0 1000 1541540 1.144231e-01 0.951
  10    0    0   1540 2.325083e-01 0.876
  10    2  100 155540 1.079715e-01 0.950
  10    0  200 309540 1.046655e-01 0.951
  10    9  300 463540 1.041241e-01 0.953
  10    1  400 617540 1.034848e-01 0.957
  10    4  500 771540 1.034335e-01 0.957
  10    4  600 925540 1.033752e-01 0.957
  10   40  700 1079540 1.033743e-01 0.957
  10    2  800 1233540 1.030387e-01 0.957
  10    5  900 1387540 1.015414e-01 0.957
  10    3 1000 1541540 9.964613e-02 0.957
  11    0    0   1540 2.203786e-01 0.929
  11   11  100 155540 1.110638e-01 0.951
  11    7  200 309540 1.109047e-01 0.952
  11    2  300 463540 1.041429e-01 0.952
  11    7  400 617540 1.009988e-01 0.952
  11    8  500 771540 1.008855e-01 0.952
  11    3  600 925540 9.630529e-02 0.952
  11    6  700 1079540 9.235832e-02 0.955
  11    1  800 1233540 8.991936e-02 0.955
  11    4  900 1387540 8.950526e-02 0.955
  11    8 1000 1541540 8.940496e-02 0.955
  12    0    0   1540 2.474967e-01 0.798
  12    5  100 155540 1.096483e-01 0.950
  12    4  200 309540 9.370858e-02 0.950
  12   26  300 463540 9.247993e-02 0.950
  12    3  400 617540 9.210353e-02 0.950
  12    8  500 771540 9.190842e-02 0.950
  12    1  600 925540 9.178736e-02 0.950
  12    3  700 1079540 9.167105e-02 0.950
  12    1  800 1233540 8.974059e-02 0.950
  12   16  900 1387540 8.967129e-02 0.952
  12    1 1000 1541540 8.962577e-02 0.952
  13    0    0   1540 2.820803e-01 0.909
  13    9  100 155540 1.170366e-01 0.945
  13    7  200 309540 1.169227e-01 0.945
  13    2  300 463540 1.165211e-01 0.945
  13    1  400 617540 1.151187e-01 0.945
  13    0  500 771540 1.138397e-01 0.950
  13    0  600 925540 1.128465e-01 0.950
  13   17  700 1079540 1.127688e-01 0.950
  13    0  800 1233540 1.105352e-01 0.950
  13   11  900 1387540 1.101465e-01 0.951
  13   14 1000 1541540 1.100437e-01 0.951
  14    0    0   1540 1.575325e-01 0.813
  14    0  100 155540 1.040788e-01 0.951
  14    1  200 309540 9.702850e-02 0.952
  14   16  300 463540 9.605595e-02 0.954
  14    6  400 617540 9.403482e-02 0.954
  14    8  500 771540 9.304757e-02 0.954
  14    0  600 925540 9.252458e-02 0.956
  14    0  700 1079540 9.242612e-02 0.956
  14    0  800 1233540 9.225236e-02 0.957
  14   16  900 1387540 9.106960e-02 0.957
  14    0 1000 1541540 9.097707e-02 0.957
  15    0    0   1540 1.624171e-01 0.880
  15    2  100 155540 1.267578e-01 0.948
  15   87  200 309540 1.263046e-01 0.948
  15   22  300 463540 1.252994e-01 0.948
  15   22  400 617540 1.252940e-01 0.948
  15   25  500 771540 1.252862e-01 0.948
  15   10  600 925540 1.252586e-01 0.948
  15    8  700 1079540 1.252495e-01 0.948
  15   15  800 1233540 1.252182e-01 0.948
  15   29  900 1387540 1.251810e-01 0.948
  15   11 1000 1541540 1.251797e-01 0.948
  16    0    0   1540 2.402004e-01 0.797
  16   18  100 155540 1.095266e-01 0.953
  16   11  200 309540 9.548139e-02 0.953
  16    0  300 463540 9.269976e-02 0.953
  16    0  400 617540 9.266881e-02 0.953
  16    3  500 771540 9.205437e-02 0.953
  16    3  600 925540 9.195257e-02 0.953
  16    7  700 1079540 9.110464e-02 0.953
  16    2  800 1233540 9.069505e-02 0.953
  16   10  900 1387540 9.054927e-02 0.953
  16   15 1000 1541540 9.040152e-02 0.953
  17    0    0   1540 2.688854e-01 0.916
  17    0  100 155540 1.110608e-01 0.950
  17    0  200 309540 1.056195e-01 0.953
  17    5  300 463540 1.053888e-01 0.953
  17    1  400 617540 1.045572e-01 0.953
  17    1  500 771540 9.513421e-02 0.953
  17   12  600 925540 9.447882e-02 0.953
  17    7  700 1079540 9.405279e-02 0.953
  17    8  800 1233540 9.312650e-02 0.953
  17    2  900 1387540 9.138065e-02 0.953
  17   11 1000 1541540 9.093548e-02 0.953
  18    0    0   1540 2.722998e-01 0.775
  18    3  100 155540 1.065332e-01 0.953
  18   13  200 309540 1.055371e-01 0.953
  18    8  300 463540 9.880667e-02 0.953
  18   38  400 617540 9.405406e-02 0.953
  18    7  500 771540 9.289022e-02 0.953
  18   10  600 925540 9.239162e-02 0.953
  18   23  700 1079540 9.210297e-02 0.953
  18    1  800 1233540 9.205303e-02 0.953
  18    3  900 1387540 9.189461e-02 0.953
  18    6 1000 1541540 9.187895e-02 0.953
  19    0    0   1540 2.865807e-01 0.677
  19    6  100 155540 1.077050e-01 0.953
  19   13  200 309540 1.062333e-01 0.954
  19   16  300 463540 1.027446e-01 0.954
  19    0  400 617540 1.027019e-01 0.955
  19   26  500 771540 1.026987e-01 0.960
  19    3  600 925540 1.026796e-01 0.960
  19    6  700 1079540 1.026622e-01 0.960
  19    4  800 1233540 1.026387e-01 0.960
  19   19  900 1387540 1.026140e-01 0.960
  19   13 1000 1541540 1.025798e-01 0.960
  20    0    0   1540 2.889999e-01 0.919
  20    2  100 155540 1.115444e-01 0.950
  20    4  200 309540 1.082642e-01 0.954
  20    1  300 463540 1.039581e-01 0.954
  20    0  400 617540 9.810983e-02 0.954
  20    9  500 771540 9.775892e-02 0.954
  20    1  600 925540 9.619018e-02 0.954
  20    4  700 1079540 9.604204e-02 0.954
  20    1  800 1233540 9.176077e-02 0.954
  20    4  900 1387540 9.045302e-02 0.954
  20    0 1000 1541540 9.000138e-02 0.954
  21    0    0   1540 2.295844e-01 0.811
  21    5  100 155540 1.407466e-01 0.938
  21    3  200 309540 1.406772e-01 0.940
  21   36  300 463540 1.406081e-01 0.943
  21    1  400 617540 1.404748e-01 0.946
  21    0  500 771540 1.307100e-01 0.948
  21    2  600 925540 1.301760e-01 0.950
  21    3  700 1079540 1.266765e-01 0.950
  21    0  800 1233540 1.265310e-01 0.953
  21    0  900 1387540 1.250099e-01 0.953
  21    2 1000 1541540 1.123599e-01 0.953
  22    0    0   1540 2.038609e-01 0.889
  22   38  100 155540 1.053181e-01 0.950
  22    3  200 309540 1.017243e-01 0.952
  22    5  300 463540 9.851211e-02 0.952
  22    5  400 617540 9.682667e-02 0.952
  22    3  500 771540 9.535766e-02 0.952
  22    4  600 925540 9.385511e-02 0.952
  22    0  700 1079540 9.132739e-02 0.952
  22    4  800 1233540 9.050893e-02 0.952
  22    5  900 1387540 9.011380e-02 0.952
  22   14 1000 1541540 8.976933e-02 0.952
  23    0    0   1540 2.381736e-01 0.901
  23    0  100 155540 1.283673e-01 0.943
  23    3  200 309540 1.256996e-01 0.943
  23   25  300 463540 1.255751e-01 0.943
  23    5  400 617540 1.253735e-01 0.950
  23    0  500 771540 1.253009e-01 0.950
  23    6  600 925540 1.252969e-01 0.950
  23    0  700 1079540 1.251873e-01 0.950
  23    0  800 1233540 1.250012e-01 0.951
  23    4  900 1387540 1.247927e-01 0.951
  23    1 1000 1541540 1.247444e-01 0.951
  24    0    0   1540 2.869773e-01 0.753
  24    1  100 155540 8.822631e-02 0.956
  24   12  200 309540 8.504544e-02 0.959
  24   17  300 463540 8.356731e-02 0.960
  24    4  400 617540 8.346236e-02 0.960
  24    1  500 771540 8.336897e-02 0.960
  24   11  600 925540 8.330364e-02 0.960
  24   12  700 1079540 8.314217e-02 0.960
  24    0  800 1233540 8.299919e-02 0.960
  24    6  900 1387540 8.296794e-02 0.960
  24   22 1000 1541540 8.287444e-02 0.960
  25    0    0   1540 2.215170e-01 0.886
  25    1  100 155540 1.343820e-01 0.945
  25    2  200 309540 1.036247e-01 0.950
  25    1  300 463540 9.633412e-02 0.955
  25    1  400 617540 9.558817e-02 0.955
  25    4  500 771540 9.457948e-02 0.955
  25    1  600 925540 9.407180e-02 0.955
  25    2  700 1079540 9.304655e-02 0.955
  25    3  800 1233540 9.258160e-02 0.955
  25    0  900 1387540 9.148660e-02 0.958
  25    6 1000 1541540 9.114300e-02 0.958
  26    0    0   1540 2.522643e-01 0.801
  26    3  100 155540 1.336777e-01 0.947
  26   36  200 309540 1.333826e-01 0.947
  26    2  300 463540 1.317896e-01 0.948
  26    4  400 617540 1.308522e-01 0.952
  26   24  500 771540 1.304718e-01 0.952
  26   22  600 925540 1.304261e-01 0.952
  26    7  700 1079540 1.301789e-01 0.952
  26    1  800 1233540 1.300319e-01 0.952
  26   17  900 1387540 1.299498e-01 0.952
  26    3 1000 1541540 1.298929e-01 0.952
  27    0    0   1540 2.744538e-01 0.921
  27    3  100 155540 1.089164e-01 0.944
  27    2  200 309540 9.826131e-02 0.945
  27    4  300 463540 9.510864e-02 0.947
  27   15  400 617540 9.369932e-02 0.951
  27   21  500 771540 9.311260e-02 0.955
  27    1  600 925540 9.278406e-02 0.955
  27    5  700 1079540 9.271426e-02 0.955
  27    0  800 1233540 9.248300e-02 0.955
  27    8  900 1387540 9.242752e-02 0.955
  27    1 1000 1541540 9.240057e-02 0.955
  28    0    0   1540 1.920959e-01 0.639
  28    8  100 155540 1.058238e-01 0.955
  28   15  200 309540 9.740086e-02 0.956
  28    9  300 463540 9.542458e-02 0.956
  28    2  400 617540 9.469703e-02 0.956
  28    5  500 771540 9.317412e-02 0.956
  28    0  600 925540 9.106929e-02 0.956
  28    9  700 1079540 9.096998e-02 0.956
  28    2  800 1233540 9.076878e-02 0.956
  28   25  900 1387540 9.070190e-02 0.956
  28    8 1000 1541540 9.060244e-02 0.956
  29    0    0   1540 2.775506e-01 0.928
  29    1  100 155540 1.379199e-01 0.948
  29    0  200 309540 1.366970e-01 0.951
  29   10  300 463540 1.366893e-01 0.951
  29    0  400 617540 1.354999e-01 0.951
  29   20  500 771540 1.354776e-01 0.951
  29    6  600 925540 1.350335e-01 0.951
  29   14  700 1079540 1.348723e-01 0.951
  29    5  800 1233540 1.347128e-01 0.951
  29    1  900 1387540 1.346578e-01 0.951
  29   11 1000 1541540 1.346000e-01 0.951
