   0    0    0    420 9.117096e-02 0.528
   0    1  100  42420 8.608050e-02 0.620
   0    5  200  84420 8.579350e-02 0.620
   0    6  300 126420 8.557159e-02 0.672
   0    1  400 168420 8.546071e-02 0.672
   0   38  500 210420 8.544293e-02 0.672
   0    9  600 252420 8.543173e-02 0.690
   0    9  700 294420 8.542765e-02 0.690
   0    7  800 336420 8.541394e-02 0.690
   0   13  900 378420 8.541361e-02 0.690
   0    9 1000 420420 8.541345e-02 0.690
   1    0    0    420 9.491654e-02 0.529
   1    0  100  42420 8.655152e-02 0.609
   1   10  200  84420 8.644904e-02 0.622
   1   36  300 126420 8.642671e-02 0.622
   1    2  400 168420 8.547675e-02 0.625
   1   12  500 210420 8.547415e-02 0.643
   1   17  600 252420 8.547392e-02 0.668
   1   88  700 294420 8.547390e-02 0.668
   1    7  800 336420 8.547050e-02 0.668
   1    1  900 378420 8.546956e-02 0.668
   1    0 1000 420420 8.546592e-02 0.668
   2    0    0    420 9.207633e-02 0.572
   2    8  100  42420 8.572509e-02 0.667
   2    2  200  84420 8.571091e-02 0.667
   2   10  300 126420 8.562034e-02 0.667
   2   28  400 168420 8.561859e-02 0.667
   2   31  500 210420 8.561842e-02 0.667
   2   12  600 252420 8.545937e-02 0.668
   2    4  700 294420 8.545017e-02 0.675
   2    1  800 336420 8.540637e-02 0.675
   2    5  900 378420 8.539414e-02 0.675
   2    7 1000 420420 8.539090e-02 0.675
   3    0    0    420 9.421903e-02 0.528
   3   11  100  42420 8.573422e-02 0.560
   3   22  200  84420 8.573404e-02 0.634
   3   24  300 126420 8.573332e-02 0.634
   3   29  400 168420 8.570056e-02 0.634
   3    8  500 210420 8.560562e-02 0.656
   3    0  600 252420 8.555542e-02 0.656
   3   39  700 294420 8.553802e-02 0.686
   3    2  800 336420 8.545919e-02 0.686
   3    9  900 378420 8.543664e-02 0.686
   3    7 1000 420420 8.543018e-02 0.686
   4    0    0    420 1.013597e-01 0.534
   4   14  100  42420 8.547116e-02 0.579
   4   17  200  84420 8.542140e-02 0.609
   4    0  300 126420 8.542056e-02 0.670
   4  100  400 168420 8.542056e-02 0.670
   4    3  500 210420 8.542047e-02 0.670
   4   63  600 252420 8.542047e-02 0.670
   4    6  700 294420 8.541733e-02 0.670
   4    8  800 336420 8.539145e-02 0.670
   4    0  900 378420 8.538567e-02 0.670
   4   15 1000 420420 8.537551e-02 0.670
   5    0    0    420 9.447846e-02 0.524
   5    1  100  42420 8.541793e-02 0.615
   5    2  200  84420 8.540271e-02 0.656
   5   32  300 126420 8.538857e-02 0.656
   5   64  400 168420 8.538553e-02 0.679
   5    3  500 210420 8.538242e-02 0.679
   5    2  600 252420 8.538180e-02 0.679
   5    5  700 294420 8.537915e-02 0.679
   5    6  800 336420 8.536815e-02 0.679
   5    8  900 378420 8.533372e-02 0.679
   5   32 1000 420420 8.533276e-02 0.679
   6    0    0    420 9.587083e-02 0.539
   6   19  100  42420 8.570750e-02 0.640
   6    4  200  84420 8.568648e-02 0.675
   6   44  300 126420 8.568248e-02 0.675
   6    5  400 168420 8.567223e-02 0.675
   6    6  500 210420 8.565254e-02 0.675
   6    1  600 252420 8.564719e-02 0.675
   6   18  700 294420 8.564423e-02 0.675
   6   29  800 336420 8.564011e-02 0.675
   6    5  900 378420 8.553958e-02 0.675
   6    5 1000 420420 8.551561e-02 0.675
   7    0    0    420 9.670010e-02 0.523
   7   20  100  42420 8.566520e-02 0.634
   7   19  200  84420 8.566518e-02 0.634
   7   25  300 126420 8.563760e-02 0.634
   7   10  400 168420 8.563306e-02 0.663
   7   13  500 210420 8.562985e-02 0.663
   7   14  600 252420 8.558149e-02 0.684
   7   11  700 294420 8.555715e-02 0.684
   7    2  800 336420 8.555390e-02 0.684
   7    7  900 378420 8.554120e-02 0.684
   7   17 1000 420420 8.552638e-02 0.684
   8    0    0    420 1.231979e-01 0.546
   8    1  100  42420 8.655375e-02 0.627
   8    2  200  84420 8.589755e-02 0.627
   8    1  300 126420 8.555566e-02 0.627
   8   29  400 168420 8.552571e-02 0.667
   8    7  500 210420 8.552104e-02 0.682
   8   37  600 252420 8.552066e-02 0.682
   8   38  700 294420 8.549595e-02 0.682
   8   13  800 336420 8.549580e-02 0.682
   8  113  900 378420 8.549580e-02 0.682
   8   28 1000 420420 8.548676e-02 0.682
   9    0    0    420 9.243127e-02 0.534
   9    2  100  42420 8.558738e-02 0.624
   9    9  200  84420 8.558265e-02 0.665
   9    6  300 126420 8.557925e-02 0.665
   9    5  400 168420 8.557385e-02 0.665
   9    2  500 210420 8.554073e-02 0.665
   9    4  600 252420 8.553680e-02 0.665
   9    7  700 294420 8.543780e-02 0.674
   9    9  800 336420 8.542714e-02 0.679
   9   13  900 378420 8.542381e-02 0.679
   9    0 1000 420420 8.541464e-02 0.687
  10    0    0    420 8.941853e-02 0.528
  10    4  100  42420 8.554324e-02 0.647
  10    0  200  84420 8.552415e-02 0.672
  10   85  300 126420 8.552301e-02 0.685
  10    6  400 168420 8.551632e-02 0.685
  10   13  500 210420 8.551234e-02 0.685
  10   78  600 252420 8.551192e-02 0.685
  10   13  700 294420 8.551172e-02 0.685
  10   10  800 336420 8.551122e-02 0.685
  10   11  900 378420 8.540307e-02 0.685
  10    6 1000 420420 8.540224e-02 0.685
  11    0    0    420 9.445507e-02 0.530
  11   11  100  42420 8.576955e-02 0.607
  11    0  200  84420 8.570047e-02 0.607
  11   10  300 126420 8.566950e-02 0.658
  11   92  400 168420 8.566881e-02 0.658
  11    7  500 210420 8.548699e-02 0.658
  11   12  600 252420 8.544818e-02 0.658
  11   48  700 294420 8.544697e-02 0.658
  11    2  800 336420 8.544358e-02 0.695
  11   11  900 378420 8.544095e-02 0.695
  11   30 1000 420420 8.544080e-02 0.695
  12    0    0    420 9.231858e-02 0.528
  12   17  100  42420 8.603074e-02 0.615
  12    7  200  84420 8.572910e-02 0.618
  12    0  300 126420 8.558336e-02 0.643
  12    9  400 168420 8.551322e-02 0.658
  12    7  500 210420 8.551279e-02 0.661
  12   27  600 252420 8.542912e-02 0.682
  12   49  700 294420 8.542718e-02 0.682
  12    4  800 336420 8.542674e-02 0.682
  12  104  900 378420 8.542674e-02 0.685
  12   59 1000 420420 8.542672e-02 0.685
  13    0    0    420 9.192442e-02 0.529
  13   14  100  42420 8.582833e-02 0.656
  13   14  200  84420 8.557715e-02 0.656
  13    7  300 126420 8.545356e-02 0.656
  13   18  400 168420 8.544823e-02 0.656
  13   92  500 210420 8.544817e-02 0.660
  13   28  600 252420 8.541768e-02 0.660
  13    1  700 294420 8.541690e-02 0.660
  13   16  800 336420 8.541442e-02 0.660
  13   13  900 378420 8.539849e-02 0.682
  13    2 1000 420420 8.539206e-02 0.682
  14    0    0    420 9.208534e-02 0.530
  14    6  100  42420 8.646302e-02 0.657
  14   10  200  84420 8.590225e-02 0.678
  14   38  300 126420 8.576539e-02 0.687
  14   44  400 168420 8.568305e-02 0.687
  14   28  500 210420 8.554249e-02 0.687
  14    4  600 252420 8.554136e-02 0.687
  14   24  700 294420 8.554090e-02 0.687
  14    0  800 336420 8.545865e-02 0.687
  14   24  900 378420 8.545706e-02 0.690
  14    1 1000 420420 8.543601e-02 0.690
  15    0    0    420 8.979341e-02 0.530
  15   20  100  42420 8.591469e-02 0.595
  15    5  200  84420 8.588568e-02 0.616
  15  105  300 126420 8.588568e-02 0.623
  15    0  400 168420 8.582799e-02 0.688
  15    5  500 210420 8.580525e-02 0.688
  15   10  600 252420 8.580376e-02 0.688
  15   62  700 294420 8.580032e-02 0.688
  15    6  800 336420 8.579807e-02 0.688
  15   42  900 378420 8.578017e-02 0.688
  15    2 1000 420420 8.572508e-02 0.688
  16    0    0    420 1.003033e-01 0.529
  16   16  100  42420 8.588720e-02 0.660
  16    4  200  84420 8.588642e-02 0.660
  16   68  300 126420 8.587826e-02 0.660
  16   16  400 168420 8.538096e-02 0.678
  16   33  500 210420 8.538065e-02 0.678
  16    9  600 252420 8.537791e-02 0.678
  16    4  700 294420 8.537378e-02 0.678
  16   48  800 336420 8.537364e-02 0.684
  16   20  900 378420 8.537264e-02 0.684
  16    8 1000 420420 8.536574e-02 0.684
  17    0    0    420 9.063064e-02 0.529
  17    9  100  42420 8.601062e-02 0.643
  17    7  200  84420 8.600978e-02 0.643
  17   10  300 126420 8.600372e-02 0.643
  17    9  400 168420 8.582390e-02 0.643
  17   58  500 210420 8.581454e-02 0.643
  17    5  600 252420 8.552290e-02 0.673
  17    9  700 294420 8.548697e-02 0.673
  17    7  800 336420 8.537417e-02 0.673
  17   27  900 378420 8.535263e-02 0.673
  17   74 1000 420420 8.535230e-02 0.680
  18    0    0    420 9.103772e-02 0.531
  18    1  100  42420 8.615387e-02 0.599
  18    8  200  84420 8.551724e-02 0.661
  18    5  300 126420 8.549868e-02 0.661
  18   77  400 168420 8.549849e-02 0.669
  18   29  500 210420 8.549661e-02 0.669
  18   36  600 252420 8.548242e-02 0.669
  18   18  700 294420 8.545761e-02 0.669
  18    9  800 336420 8.545663e-02 0.672
  18    1  900 378420 8.536332e-02 0.672
  18   32 1000 420420 8.536143e-02 0.672
  19    0    0    420 1.023039e-01 0.527
  19    9  100  42420 8.556928e-02 0.668
  19   47  200  84420 8.553283e-02 0.668
  19    8  300 126420 8.548673e-02 0.668
  19   43  400 168420 8.548632e-02 0.668
  19    5  500 210420 8.548578e-02 0.686
  19   32  600 252420 8.548577e-02 0.686
  19   18  700 294420 8.548292e-02 0.686
  19   13  800 336420 8.548080e-02 0.686
  19   21  900 378420 8.548079e-02 0.686
  19   25 1000 420420 8.544803e-02 0.686
  20    0    0    420 1.043390e-01 0.528
  20   19  100  42420 8.595177e-02 0.626
  20   31  200  84420 8.560075e-02 0.668
  20  131  300 126420 8.560075e-02 0.668
  20    2  400 168420 8.560003e-02 0.671
  20   66  500 210420 8.559938e-02 0.671
  20   30  600 252420 8.559930e-02 0.671
  20   12  700 294420 8.559744e-02 0.671
  20    2  800 336420 8.556747e-02 0.675
  20    2  900 378420 8.551398e-02 0.679
  20    6 1000 420420 8.549868e-02 0.679
  21    0    0    420 9.616109e-02 0.529
  21    1  100  42420 8.674149e-02 0.567
  21   32  200  84420 8.575007e-02 0.575
  21   19  300 126420 8.571004e-02 0.677
  21    6  400 168420 8.558172e-02 0.677
  21    3  500 210420 8.556264e-02 0.677
  21    9  600 252420 8.555909e-02 0.677
  21    0  700 294420 8.554554e-02 0.677
  21    0  800 336420 8.553077e-02 0.677
  21    3  900 378420 8.551838e-02 0.677
  21    0 1000 420420 8.546479e-02 0.677
  22    0    0    420 8.987532e-02 0.527
  22    1  100  42420 8.595507e-02 0.566
  22   13  200  84420 8.561857e-02 0.668
  22    1  300 126420 8.560685e-02 0.668
  22   79  400 168420 8.558208e-02 0.668
  22    7  500 210420 8.551394e-02 0.668
  22    5  600 252420 8.545004e-02 0.668
  22   10  700 294420 8.541608e-02 0.670
  22    9  800 336420 8.541148e-02 0.670
  22   34  900 378420 8.540875e-02 0.670
  22    3 1000 420420 8.540386e-02 0.686
  23    0    0    420 1.191559e-01 0.528
  23    3  100  42420 8.560730e-02 0.634
  23   23  200  84420 8.549223e-02 0.634
  23    6  300 126420 8.544964e-02 0.648
  23   23  400 168420 8.543448e-02 0.652
  23   12  500 210420 8.543353e-02 0.662
  23  112  600 252420 8.543353e-02 0.662
  23  212  700 294420 8.543353e-02 0.662
  23   14  800 336420 8.542693e-02 0.662
  23    5  900 378420 8.542561e-02 0.662
  23    6 1000 420420 8.542071e-02 0.662
  24    0    0    420 1.124269e-01 0.533
  24    5  100  42420 8.649947e-02 0.533
  24    1  200  84420 8.640510e-02 0.607
  24   13  300 126420 8.640353e-02 0.607
  24    9  400 168420 8.617817e-02 0.654
  24   23  500 210420 8.614014e-02 0.654
  24   20  600 252420 8.603117e-02 0.654
  24    7  700 294420 8.560842e-02 0.654
  24   29  800 336420 8.559977e-02 0.654
  24   11  900 378420 8.545670e-02 0.671
  24    0 1000 420420 8.542510e-02 0.671
  25    0    0    420 9.418954e-02 0.531
  25    9  100  42420 8.576335e-02 0.622
  25    6  200  84420 8.567545e-02 0.657
  25   52  300 126420 8.567520e-02 0.657
  25    3  400 168420 8.556167e-02 0.659
  25    0  500 210420 8.550959e-02 0.685
  25    0  600 252420 8.544440e-02 0.685
  25    3  700 294420 8.543309e-02 0.685
  25   21  800 336420 8.542851e-02 0.685
  25    4  900 378420 8.542095e-02 0.685
  25    9 1000 420420 8.539983e-02 0.685
  26    0    0    420 9.267481e-02 0.528
  26   16  100  42420 8.567950e-02 0.630
  26    3  200  84420 8.565613e-02 0.630
  26    0  300 126420 8.565408e-02 0.670
  26    2  400 168420 8.565201e-02 0.670
  26   23  500 210420 8.565197e-02 0.670
  26    4  600 252420 8.556223e-02 0.670
  26    1  700 294420 8.550933e-02 0.670
  26    0  800 336420 8.541627e-02 0.670
  26   16  900 378420 8.541019e-02 0.671
  26    7 1000 420420 8.540238e-02 0.671
  27    0    0    420 1.010947e-01 0.529
  27    1  100  42420 8.562948e-02 0.646
  27    4  200  84420 8.555890e-02 0.649
  27    2  300 126420 8.551844e-02 0.649
  27    9  400 168420 8.544713e-02 0.675
  27    5  500 210420 8.544506e-02 0.675
  27    1  600 252420 8.542881e-02 0.675
  27    8  700 294420 8.540598e-02 0.675
  27    7  800 336420 8.539725e-02 0.675
  27    9  900 378420 8.539173e-02 0.675
  27    2 1000 420420 8.538332e-02 0.679
  28    0    0    420 1.029928e-01 0.529
  28    6  100  42420 8.625721e-02 0.546
  28   25  200  84420 8.546290e-02 0.674
  28   66  300 126420 8.542581e-02 0.674
  28   55  400 168420 8.542570e-02 0.674
  28    3  500 210420 8.541621e-02 0.674
  28   16  600 252420 8.539930e-02 0.674
  28   32  700 294420 8.538248e-02 0.674
  28   17  800 336420 8.537137e-02 0.674
  28    2  900 378420 8.537130e-02 0.674
  28    0 1000 420420 8.536147e-02 0.674
  29    0    0    420 8.964288e-02 0.528
  29   13  100  42420 8.563600e-02 0.608
  29    1  200  84420 8.562004e-02 0.658
  29   16  300 126420 8.561534e-02 0.658
  29   17  400 168420 8.561478e-02 0.658
  29  117  500 210420 8.561478e-02 0.662
  29   16  600 252420 8.561164e-02 0.662
  29    1  700 294420 8.560267e-02 0.665
  29    0  800 336420 8.559530e-02 0.665
  29    0  900 378420 8.555153e-02 0.665
  29   12 1000 420420 8.554974e-02 0.665
