Seed:1583256885
N:0 Run:0 0.662862 0.696331 0.688357 0.68791 0.687882 0.687879 0.687879 0.687879 0.687879 0.687879 0.687879 0.687879 0.688074 0.705881 0.714518 0.721999 0.694508 0.688881 0.703339 0.86795 0.725249 5.370953e-01 0.389
N:0 Run:1 0.787443 0.726421 0.74149 0.69221 0.688173 0.687944 0.687919 0.687946 0.687895 0.687909 0.687898 0.687893 0.687975 0.688241 0.688861 0.692191 0.710967 0.708356 0.690105 0.692779 0.711533 5.370953e-01 0.389
N:0 Run:2 0.621422 0.685228 0.687949 0.688079 0.687905 0.687898 0.687885 0.687893 0.687886 0.687888 0.687883 0.687898 0.687982 0.693703 0.70166 0.707755 0.690348 0.696007 0.70652 0.791164 0.721371 5.370953e-01 0.389
N:0 Run:3 0.69159 0.689655 0.68831 0.688066 0.687945 0.687907 0.687912 0.687885 0.687912 0.687912 0.687894 0.687911 0.689138 0.694259 0.697032 0.696564 0.691749 0.695003 0.738425 0.713547 0.690618 5.370953e-01 0.389
N:0 Run:4 0.668967 0.726766 0.690193 0.688008 0.687887 0.68788 0.687879 0.687879 0.687879 0.687879 0.687879 0.687879 0.688062 0.696803 0.719209 0.863051 0.812818 0.698596 0.698991 0.725481 0.986169 5.370953e-01 0.389
N:1 Run:0 0.662862 0.693858 0.693125 0.693106 0.693105 0.693105 0.693105 0.693105 0.693105 0.693105 0.693105 0.693105 0.69313 0.698072 0.708366 0.712152 0.694178 0.693217 0.695287 0.889171 0.735179 5.355526e-01 0.388
N:1 Run:1 0.787443 0.708391 0.711337 0.693743 0.693129 0.693112 0.693109 0.693113 0.693107 0.693109 0.693108 0.693107 0.693114 0.69314 0.693247 0.699452 0.735045 0.698159 0.69336 0.69383 0.697939 5.355526e-01 0.388
N:1 Run:2 0.621422 0.691457 0.693091 0.693127 0.693108 0.693108 0.693106 0.693107 0.693106 0.693106 0.693106 0.693108 0.693121 0.695294 0.716728 0.715646 0.693844 0.694034 0.696061 0.75359 0.700313 5.355526e-01 0.388
N:1 Run:3 0.69159 0.693256 0.693142 0.693125 0.693113 0.693108 0.693109 0.693106 0.693109 0.693109 0.693107 0.693109 0.693229 0.694219 0.706956 0.699617 0.693677 0.694015 0.701424 0.725946 0.694075 5.355526e-01 0.388
N:1 Run:4 0.668967 0.748393 0.694504 0.69314 0.693106 0.693105 0.693105 0.693105 0.693105 0.693105 0.693105 0.693105 0.693125 0.694204 0.69977 0.86808 0.798283 0.696203 0.694687 0.70154 0.961806 5.355526e-01 0.388
N:2 Run:0 0.662862 0.693858 0.693125 0.693106 0.693105 0.693105 0.693105 0.693105 0.693105 0.693105 0.693105 0.693105 0.69313 0.698072 0.708366 0.712152 0.694178 0.693217 0.695287 0.889171 0.735179 5.357349e-01 0.384
N:2 Run:1 0.787443 0.708391 0.711337 0.693743 0.693129 0.693112 0.693109 0.693113 0.693107 0.693109 0.693108 0.693107 0.693114 0.69314 0.693247 0.699452 0.735045 0.698159 0.69336 0.69383 0.697939 5.357349e-01 0.384
N:2 Run:2 0.621422 0.691457 0.693091 0.693127 0.693108 0.693108 0.693106 0.693107 0.693106 0.693106 0.693106 0.693108 0.693121 0.695294 0.716728 0.715646 0.693844 0.694034 0.696061 0.75359 0.700313 5.357349e-01 0.384
N:2 Run:3 0.69159 0.693256 0.693142 0.693125 0.693113 0.693108 0.693109 0.693106 0.693109 0.693109 0.693107 0.693109 0.693229 0.694219 0.706956 0.699617 0.693677 0.694015 0.701424 0.725946 0.694075 5.357349e-01 0.384
N:2 Run:4 0.668967 0.748393 0.694504 0.69314 0.693106 0.693105 0.693105 0.693105 0.693105 0.693105 0.693105 0.693105 0.693125 0.694204 0.69977 0.86808 0.798283 0.696203 0.694687 0.70154 0.961806 5.357349e-01 0.384
N:3 Run:0 0.662862 0.693858 0.693125 0.693106 0.693105 0.693105 0.693105 0.693105 0.693105 0.693105 0.693105 0.693105 0.69313 0.698072 0.708366 0.712152 0.694178 0.693217 0.695287 0.889171 0.735179 5.355974e-01 0.402
N:3 Run:1 0.787443 0.708391 0.711337 0.693743 0.693129 0.693112 0.693109 0.693113 0.693107 0.693109 0.693108 0.693107 0.693114 0.69314 0.693247 0.699452 0.735045 0.698159 0.69336 0.69383 0.697939 5.355974e-01 0.402
N:3 Run:2 0.621422 0.691457 0.693091 0.693127 0.693108 0.693108 0.693106 0.693107 0.693106 0.693106 0.693106 0.693108 0.693121 0.695294 0.716728 0.715646 0.693844 0.694034 0.696061 0.75359 0.700313 5.355974e-01 0.402
N:3 Run:3 0.69159 0.693256 0.693142 0.693125 0.693113 0.693108 0.693109 0.693106 0.693109 0.693109 0.693107 0.693109 0.693229 0.694219 0.706956 0.699617 0.693677 0.694015 0.701424 0.725946 0.694075 5.355974e-01 0.402
N:3 Run:4 0.668967 0.748393 0.694504 0.69314 0.693106 0.693105 0.693105 0.693105 0.693105 0.693105 0.693105 0.693105 0.693125 0.694204 0.69977 0.86808 0.798283 0.696203 0.694687 0.70154 0.961806 5.355974e-01 0.402
N:4 Run:0 0.662862 0.693858 0.693125 0.693106 0.693105 0.693105 0.693105 0.693105 0.693105 0.693105 0.693105 0.693105 0.69313 0.698072 0.708366 0.712152 0.694178 0.693217 0.695287 0.889171 0.735179 5.357228e-01 0.381
N:4 Run:1 0.787443 0.708391 0.711337 0.693743 0.693129 0.693112 0.693109 0.693113 0.693107 0.693109 0.693108 0.693107 0.693114 0.69314 0.693247 0.699452 0.735045 0.698159 0.69336 0.69383 0.697939 5.357228e-01 0.381
N:4 Run:2 0.621422 0.691457 0.693091 0.693127 0.693108 0.693108 0.693106 0.693107 0.693106 0.693106 0.693106 0.693108 0.693121 0.695294 0.716728 0.715646 0.693844 0.694034 0.696061 0.75359 0.700313 5.357228e-01 0.381
N:4 Run:3 0.69159 0.693256 0.693142 0.693125 0.693113 0.693108 0.693109 0.693106 0.693109 0.693109 0.693107 0.693109 0.693229 0.694219 0.706956 0.699617 0.693677 0.694015 0.701424 0.725946 0.694075 5.357228e-01 0.381
N:4 Run:4 0.668967 0.748393 0.694504 0.69314 0.693106 0.693105 0.693105 0.693105 0.693105 0.693105 0.693105 0.693105 0.693125 0.694204 0.69977 0.86808 0.798283 0.696203 0.694687 0.70154 0.961806 5.357228e-01 0.381
N:5 Run:0 0.662862 0.693858 0.693125 0.693106 0.693105 0.693105 0.693105 0.693105 0.693105 0.693105 0.693105 0.693105 0.69313 0.698072 0.708366 0.712152 0.694178 0.693217 0.695287 0.889171 0.735179 5.356331e-01 0.396
N:5 Run:1 0.787443 0.708391 0.711337 0.693743 0.693129 0.693112 0.693109 0.693113 0.693107 0.693109 0.693108 0.693107 0.693114 0.69314 0.693247 0.699452 0.735045 0.698159 0.69336 0.69383 0.697939 5.356331e-01 0.396
N:5 Run:2 0.621422 0.691457 0.693091 0.693127 0.693108 0.693108 0.693106 0.693107 0.693106 0.693106 0.693106 0.693108 0.693121 0.695294 0.716728 0.715646 0.693844 0.694034 0.696061 0.75359 0.700313 5.356331e-01 0.396
N:5 Run:3 0.69159 0.693256 0.693142 0.693125 0.693113 0.693108 0.693109 0.693106 0.693109 0.693109 0.693107 0.693109 0.693229 0.694219 0.706956 0.699617 0.693677 0.694015 0.701424 0.725946 0.694075 5.356331e-01 0.396
N:5 Run:4 0.668967 0.748393 0.694504 0.69314 0.693106 0.693105 0.693105 0.693105 0.693105 0.693105 0.693105 0.693105 0.693125 0.694204 0.69977 0.86808 0.798283 0.696203 0.694687 0.70154 0.961806 5.356331e-01 0.396
N:6 Run:0 0.662862 0.693858 0.693125 0.693106 0.693105 0.693105 0.693105 0.693105 0.693105 0.693105 0.693105 0.693105 0.69313 0.698072 0.708366 0.712152 0.694178 0.693217 0.695287 0.889171 0.735179 5.356928e-01 0.379
N:6 Run:1 0.787443 0.708391 0.711337 0.693743 0.693129 0.693112 0.693109 0.693113 0.693107 0.693109 0.693108 0.693107 0.693114 0.69314 0.693247 0.699452 0.735045 0.698159 0.69336 0.69383 0.697939 5.356928e-01 0.379
N:6 Run:2 0.621422 0.691457 0.693091 0.693127 0.693108 0.693108 0.693106 0.693107 0.693106 0.693106 0.693106 0.693108 0.693121 0.695294 0.716728 0.715646 0.693844 0.694034 0.696061 0.75359 0.700313 5.356928e-01 0.379
N:6 Run:3 0.69159 0.693256 0.693142 0.693125 0.693113 0.693108 0.693109 0.693106 0.693109 0.693109 0.693107 0.693109 0.693229 0.694219 0.706956 0.699617 0.693677 0.694015 0.701424 0.725946 0.694075 5.356928e-01 0.379
N:6 Run:4 0.668967 0.748393 0.694504 0.69314 0.693106 0.693105 0.693105 0.693105 0.693105 0.693105 0.693105 0.693105 0.693125 0.694204 0.69977 0.86808 0.798283 0.696203 0.694687 0.70154 0.961806 5.356928e-01 0.379
N:7 Run:0 0.662862 0.693858 0.693125 0.693106 0.693105 0.693105 0.693105 0.693105 0.693105 0.693105 0.693105 0.693105 0.69313 0.698072 0.708366 0.712152 0.694178 0.693217 0.695287 0.889171 0.735179 5.358884e-01 0.382
N:7 Run:1 0.787443 0.708391 0.711337 0.693743 0.693129 0.693112 0.693109 0.693113 0.693107 0.693109 0.693108 0.693107 0.693114 0.69314 0.693247 0.699452 0.735045 0.698159 0.69336 0.69383 0.697939 5.358884e-01 0.382
N:7 Run:2 0.621422 0.691457 0.693091 0.693127 0.693108 0.693108 0.693106 0.693107 0.693106 0.693106 0.693106 0.693108 0.693121 0.695294 0.716728 0.715646 0.693844 0.694034 0.696061 0.75359 0.700313 5.358884e-01 0.382
N:7 Run:3 0.69159 0.693256 0.693142 0.693125 0.693113 0.693108 0.693109 0.693106 0.693109 0.693109 0.693107 0.693109 0.693229 0.694219 0.706956 0.699617 0.693677 0.694015 0.701424 0.725946 0.694075 5.358884e-01 0.382
N:7 Run:4 0.668967 0.748393 0.694504 0.69314 0.693106 0.693105 0.693105 0.693105 0.693105 0.693105 0.693105 0.693105 0.693125 0.694204 0.69977 0.86808 0.798283 0.696203 0.694687 0.70154 0.961806 5.358884e-01 0.382
N:8 Run:0 0.662862 0.693858 0.693125 0.693106 0.693105 0.693105 0.693105 0.693105 0.693105 0.693105 0.693105 0.693105 0.69313 0.698072 0.708366 0.712152 0.694178 0.693217 0.695287 0.889171 0.735179 5.356030e-01 0.374
N:8 Run:1 0.787443 0.708391 0.711337 0.693743 0.693129 0.693112 0.693109 0.693113 0.693107 0.693109 0.693108 0.693107 0.693114 0.69314 0.693247 0.699452 0.735045 0.698159 0.69336 0.69383 0.697939 5.356030e-01 0.374
N:8 Run:2 0.621422 0.691457 0.693091 0.693127 0.693108 0.693108 0.693106 0.693107 0.693106 0.693106 0.693106 0.693108 0.693121 0.695294 0.716728 0.715646 0.693844 0.694034 0.696061 0.75359 0.700313 5.356030e-01 0.374
N:8 Run:3 0.69159 0.693256 0.693142 0.693125 0.693113 0.693108 0.693109 0.693106 0.693109 0.693109 0.693107 0.693109 0.693229 0.694219 0.706956 0.699617 0.693677 0.694015 0.701424 0.725946 0.694075 5.356030e-01 0.374
N:8 Run:4 0.668967 0.748393 0.694504 0.69314 0.693106 0.693105 0.693105 0.693105 0.693105 0.693105 0.693105 0.693105 0.693125 0.694204 0.69977 0.86808 0.798283 0.696203 0.694687 0.70154 0.961806 5.356030e-01 0.374
N:9 Run:0 0.662862 0.693858 0.693125 0.693106 0.693105 0.693105 0.693105 0.693105 0.693105 0.693105 0.693105 0.693105 0.69313 0.698072 0.708366 0.712152 0.694178 0.693217 0.695287 0.889171 0.735179 5.357701e-01 0.377
N:9 Run:1 0.787443 0.708391 0.711337 0.693743 0.693129 0.693112 0.693109 0.693113 0.693107 0.693109 0.693108 0.693107 0.693114 0.69314 0.693247 0.699452 0.735045 0.698159 0.69336 0.69383 0.697939 5.357701e-01 0.377
N:9 Run:2 0.621422 0.691457 0.693091 0.693127 0.693108 0.693108 0.693106 0.693107 0.693106 0.693106 0.693106 0.693108 0.693121 0.695294 0.716728 0.715646 0.693844 0.694034 0.696061 0.75359 0.700313 5.357701e-01 0.377
N:9 Run:3 0.69159 0.693256 0.693142 0.693125 0.693113 0.693108 0.693109 0.693106 0.693109 0.693109 0.693107 0.693109 0.693229 0.694219 0.706956 0.699617 0.693677 0.694015 0.701424 0.725946 0.694075 5.357701e-01 0.377
N:9 Run:4 0.668967 0.748393 0.694504 0.69314 0.693106 0.693105 0.693105 0.693105 0.693105 0.693105 0.693105 0.693105 0.693125 0.694204 0.69977 0.86808 0.798283 0.696203 0.694687 0.70154 0.961806 5.357701e-01 0.377
N:10 Run:0 0.662862 0.693858 0.693125 0.693106 0.693105 0.693105 0.693105 0.693105 0.693105 0.693105 0.693105 0.693105 0.69313 0.698072 0.708366 0.712152 0.694178 0.693217 0.695287 0.889171 0.735179 5.355702e-01 0.377
N:10 Run:1 0.787443 0.708391 0.711337 0.693743 0.693129 0.693112 0.693109 0.693113 0.693107 0.693109 0.693108 0.693107 0.693114 0.69314 0.693247 0.699452 0.735045 0.698159 0.69336 0.69383 0.697939 5.355702e-01 0.377
N:10 Run:2 0.621422 0.691457 0.693091 0.693127 0.693108 0.693108 0.693106 0.693107 0.693106 0.693106 0.693106 0.693108 0.693121 0.695294 0.716728 0.715646 0.693844 0.694034 0.696061 0.75359 0.700313 5.355702e-01 0.377
N:10 Run:3 0.69159 0.693256 0.693142 0.693125 0.693113 0.693108 0.693109 0.693106 0.693109 0.693109 0.693107 0.693109 0.693229 0.694219 0.706956 0.699617 0.693677 0.694015 0.701424 0.725946 0.694075 5.355702e-01 0.377
N:10 Run:4 0.668967 0.748393 0.694504 0.69314 0.693106 0.693105 0.693105 0.693105 0.693105 0.693105 0.693105 0.693105 0.693125 0.694204 0.69977 0.86808 0.798283 0.696203 0.694687 0.70154 0.961806 5.355702e-01 0.377
N:11 Run:0 0.662862 0.693858 0.693125 0.693106 0.693105 0.693105 0.693105 0.693105 0.693105 0.693105 0.693105 0.693105 0.69313 0.698072 0.708366 0.712152 0.694178 0.693217 0.695287 0.889171 0.735179 5.369508e-01 0.391
N:11 Run:1 0.787443 0.708391 0.711337 0.693743 0.693129 0.693112 0.693109 0.693113 0.693107 0.693109 0.693108 0.693107 0.693114 0.69314 0.693247 0.699452 0.735045 0.698159 0.69336 0.69383 0.697939 5.369508e-01 0.391
N:11 Run:2 0.621422 0.691457 0.693091 0.693127 0.693108 0.693108 0.693106 0.693107 0.693106 0.693106 0.693106 0.693108 0.693121 0.695294 0.716728 0.715646 0.693844 0.694034 0.696061 0.75359 0.700313 5.369508e-01 0.391
N:11 Run:3 0.69159 0.693256 0.693142 0.693125 0.693113 0.693108 0.693109 0.693106 0.693109 0.693109 0.693107 0.693109 0.693229 0.694219 0.706956 0.699617 0.693677 0.694015 0.701424 0.725946 0.694075 5.369508e-01 0.391
N:11 Run:4 0.668967 0.748393 0.694504 0.69314 0.693106 0.693105 0.693105 0.693105 0.693105 0.693105 0.693105 0.693105 0.693125 0.694204 0.69977 0.86808 0.798283 0.696203 0.694687 0.70154 0.961806 5.369508e-01 0.391
N:12 Run:0 0.662862 0.693858 0.693125 0.693106 0.693105 0.693105 0.693105 0.693105 0.693105 0.693105 0.693105 0.693105 0.69313 0.698072 0.708366 0.712152 0.694178 0.693217 0.695287 0.889171 0.735179 5.356619e-01 0.387
N:12 Run:1 0.787443 0.708391 0.711337 0.693743 0.693129 0.693112 0.693109 0.693113 0.693107 0.693109 0.693108 0.693107 0.693114 0.69314 0.693247 0.699452 0.735045 0.698159 0.69336 0.69383 0.697939 5.356619e-01 0.387
N:12 Run:2 0.621422 0.691457 0.693091 0.693127 0.693108 0.693108 0.693106 0.693107 0.693106 0.693106 0.693106 0.693108 0.693121 0.695294 0.716728 0.715646 0.693844 0.694034 0.696061 0.75359 0.700313 5.356619e-01 0.387
N:12 Run:3 0.69159 0.693256 0.693142 0.693125 0.693113 0.693108 0.693109 0.693106 0.693109 0.693109 0.693107 0.693109 0.693229 0.694219 0.706956 0.699617 0.693677 0.694015 0.701424 0.725946 0.694075 5.356619e-01 0.387
N:12 Run:4 0.668967 0.748393 0.694504 0.69314 0.693106 0.693105 0.693105 0.693105 0.693105 0.693105 0.693105 0.693105 0.693125 0.694204 0.69977 0.86808 0.798283 0.696203 0.694687 0.70154 0.961806 5.356619e-01 0.387
N:13 Run:0 0.662862 0.693858 0.693125 0.693106 0.693105 0.693105 0.693105 0.693105 0.693105 0.693105 0.693105 0.693105 0.69313 0.698072 0.708366 0.712152 0.694178 0.693217 0.695287 0.889171 0.735179 5.358256e-01 0.388
N:13 Run:1 0.787443 0.708391 0.711337 0.693743 0.693129 0.693112 0.693109 0.693113 0.693107 0.693109 0.693108 0.693107 0.693114 0.69314 0.693247 0.699452 0.735045 0.698159 0.69336 0.69383 0.697939 5.358256e-01 0.388
N:13 Run:2 0.621422 0.691457 0.693091 0.693127 0.693108 0.693108 0.693106 0.693107 0.693106 0.693106 0.693106 0.693108 0.693121 0.695294 0.716728 0.715646 0.693844 0.694034 0.696061 0.75359 0.700313 5.358256e-01 0.388
N:13 Run:3 0.69159 0.693256 0.693142 0.693125 0.693113 0.693108 0.693109 0.693106 0.693109 0.693109 0.693107 0.693109 0.693229 0.694219 0.706956 0.699617 0.693677 0.694015 0.701424 0.725946 0.694075 5.358256e-01 0.388
N:13 Run:4 0.668967 0.748393 0.694504 0.69314 0.693106 0.693105 0.693105 0.693105 0.693105 0.693105 0.693105 0.693105 0.693125 0.694204 0.69977 0.86808 0.798283 0.696203 0.694687 0.70154 0.961806 5.358256e-01 0.388
N:14 Run:0 0.662862 0.693858 0.693125 0.693106 0.693105 0.693105 0.693105 0.693105 0.693105 0.693105 0.693105 0.693105 0.69313 0.698072 0.708366 0.712152 0.694178 0.693217 0.695287 0.889171 0.735179 5.356897e-01 0.373
N:14 Run:1 0.787443 0.708391 0.711337 0.693743 0.693129 0.693112 0.693109 0.693113 0.693107 0.693109 0.693108 0.693107 0.693114 0.69314 0.693247 0.699452 0.735045 0.698159 0.69336 0.69383 0.697939 5.356897e-01 0.373
N:14 Run:2 0.621422 0.691457 0.693091 0.693127 0.693108 0.693108 0.693106 0.693107 0.693106 0.693106 0.693106 0.693108 0.693121 0.695294 0.716728 0.715646 0.693844 0.694034 0.696061 0.75359 0.700313 5.356897e-01 0.373
N:14 Run:3 0.69159 0.693256 0.693142 0.693125 0.693113 0.693108 0.693109 0.693106 0.693109 0.693109 0.693107 0.693109 0.693229 0.694219 0.706956 0.699617 0.693677 0.694015 0.701424 0.725946 0.694075 5.356897e-01 0.373
N:14 Run:4 0.668967 0.748393 0.694504 0.69314 0.693106 0.693105 0.693105 0.693105 0.693105 0.693105 0.693105 0.693105 0.693125 0.694204 0.69977 0.86808 0.798283 0.696203 0.694687 0.70154 0.961806 5.356897e-01 0.373
N:15 Run:0 0.662862 0.693858 0.693125 0.693106 0.693105 0.693105 0.693105 0.693105 0.693105 0.693105 0.693105 0.693105 0.69313 0.698072 0.708366 0.712152 0.694178 0.693217 0.695287 0.889171 0.735179 5.356865e-01 0.383
N:15 Run:1 0.787443 0.708391 0.711337 0.693743 0.693129 0.693112 0.693109 0.693113 0.693107 0.693109 0.693108 0.693107 0.693114 0.69314 0.693247 0.699452 0.735045 0.698159 0.69336 0.69383 0.697939 5.356865e-01 0.383
N:15 Run:2 0.621422 0.691457 0.693091 0.693127 0.693108 0.693108 0.693106 0.693107 0.693106 0.693106 0.693106 0.693108 0.693121 0.695294 0.716728 0.715646 0.693844 0.694034 0.696061 0.75359 0.700313 5.356865e-01 0.383
N:15 Run:3 0.69159 0.693256 0.693142 0.693125 0.693113 0.693108 0.693109 0.693106 0.693109 0.693109 0.693107 0.693109 0.693229 0.694219 0.706956 0.699617 0.693677 0.694015 0.701424 0.725946 0.694075 5.356865e-01 0.383
N:15 Run:4 0.668967 0.748393 0.694504 0.69314 0.693106 0.693105 0.693105 0.693105 0.693105 0.693105 0.693105 0.693105 0.693125 0.694204 0.69977 0.86808 0.798283 0.696203 0.694687 0.70154 0.961806 5.356865e-01 0.383
N:16 Run:0 0.662862 0.693858 0.693125 0.693106 0.693105 0.693105 0.693105 0.693105 0.693105 0.693105 0.693105 0.693105 0.69313 0.698072 0.708366 0.712152 0.694178 0.693217 0.695287 0.889171 0.735179 5.360001e-01 0.395
N:16 Run:1 0.787443 0.708391 0.711337 0.693743 0.693129 0.693112 0.693109 0.693113 0.693107 0.693109 0.693108 0.693107 0.693114 0.69314 0.693247 0.699452 0.735045 0.698159 0.69336 0.69383 0.697939 5.360001e-01 0.395
N:16 Run:2 0.621422 0.691457 0.693091 0.693127 0.693108 0.693108 0.693106 0.693107 0.693106 0.693106 0.693106 0.693108 0.693121 0.695294 0.716728 0.715646 0.693844 0.694034 0.696061 0.75359 0.700313 5.360001e-01 0.395
N:16 Run:3 0.69159 0.693256 0.693142 0.693125 0.693113 0.693108 0.693109 0.693106 0.693109 0.693109 0.693107 0.693109 0.693229 0.694219 0.706956 0.699617 0.693677 0.694015 0.701424 0.725946 0.694075 5.360001e-01 0.395
N:16 Run:4 0.668967 0.748393 0.694504 0.69314 0.693106 0.693105 0.693105 0.693105 0.693105 0.693105 0.693105 0.693105 0.693125 0.694204 0.69977 0.86808 0.798283 0.696203 0.694687 0.70154 0.961806 5.360001e-01 0.395
N:17 Run:0 0.662862 0.693858 0.693125 0.693106 0.693105 0.693105 0.693105 0.693105 0.693105 0.693105 0.693105 0.693105 0.69313 0.698072 0.708366 0.712152 0.694178 0.693217 0.695287 0.889171 0.735179 5.356798e-01 0.377
N:17 Run:1 0.787443 0.708391 0.711337 0.693743 0.693129 0.693112 0.693109 0.693113 0.693107 0.693109 0.693108 0.693107 0.693114 0.69314 0.693247 0.699452 0.735045 0.698159 0.69336 0.69383 0.697939 5.356798e-01 0.377
N:17 Run:2 0.621422 0.691457 0.693091 0.693127 0.693108 0.693108 0.693106 0.693107 0.693106 0.693106 0.693106 0.693108 0.693121 0.695294 0.716728 0.715646 0.693844 0.694034 0.696061 0.75359 0.700313 5.356798e-01 0.377
N:17 Run:3 0.69159 0.693256 0.693142 0.693125 0.693113 0.693108 0.693109 0.693106 0.693109 0.693109 0.693107 0.693109 0.693229 0.694219 0.706956 0.699617 0.693677 0.694015 0.701424 0.725946 0.694075 5.356798e-01 0.377
N:17 Run:4 0.668967 0.748393 0.694504 0.69314 0.693106 0.693105 0.693105 0.693105 0.693105 0.693105 0.693105 0.693105 0.693125 0.694204 0.69977 0.86808 0.798283 0.696203 0.694687 0.70154 0.961806 5.356798e-01 0.377
N:18 Run:0 0.662862 0.693858 0.693125 0.693106 0.693105 0.693105 0.693105 0.693105 0.693105 0.693105 0.693105 0.693105 0.69313 0.698072 0.708366 0.712152 0.694178 0.693217 0.695287 0.889171 0.735179 5.358308e-01 0.383
N:18 Run:1 0.787443 0.708391 0.711337 0.693743 0.693129 0.693112 0.693109 0.693113 0.693107 0.693109 0.693108 0.693107 0.693114 0.69314 0.693247 0.699452 0.735045 0.698159 0.69336 0.69383 0.697939 5.358308e-01 0.383
N:18 Run:2 0.621422 0.691457 0.693091 0.693127 0.693108 0.693108 0.693106 0.693107 0.693106 0.693106 0.693106 0.693108 0.693121 0.695294 0.716728 0.715646 0.693844 0.694034 0.696061 0.75359 0.700313 5.358308e-01 0.383
N:18 Run:3 0.69159 0.693256 0.693142 0.693125 0.693113 0.693108 0.693109 0.693106 0.693109 0.693109 0.693107 0.693109 0.693229 0.694219 0.706956 0.699617 0.693677 0.694015 0.701424 0.725946 0.694075 5.358308e-01 0.383
N:18 Run:4 0.668967 0.748393 0.694504 0.69314 0.693106 0.693105 0.693105 0.693105 0.693105 0.693105 0.693105 0.693105 0.693125 0.694204 0.69977 0.86808 0.798283 0.696203 0.694687 0.70154 0.961806 5.358308e-01 0.383
N:19 Run:0 0.662862 0.693858 0.693125 0.693106 0.693105 0.693105 0.693105 0.693105 0.693105 0.693105 0.693105 0.693105 0.69313 0.698072 0.708366 0.712152 0.694178 0.693217 0.695287 0.889171 0.735179 5.358381e-01 0.397
N:19 Run:1 0.787443 0.708391 0.711337 0.693743 0.693129 0.693112 0.693109 0.693113 0.693107 0.693109 0.693108 0.693107 0.693114 0.69314 0.693247 0.699452 0.735045 0.698159 0.69336 0.69383 0.697939 5.358381e-01 0.397
N:19 Run:2 0.621422 0.691457 0.693091 0.693127 0.693108 0.693108 0.693106 0.693107 0.693106 0.693106 0.693106 0.693108 0.693121 0.695294 0.716728 0.715646 0.693844 0.694034 0.696061 0.75359 0.700313 5.358381e-01 0.397
N:19 Run:3 0.69159 0.693256 0.693142 0.693125 0.693113 0.693108 0.693109 0.693106 0.693109 0.693109 0.693107 0.693109 0.693229 0.694219 0.706956 0.699617 0.693677 0.694015 0.701424 0.725946 0.694075 5.358381e-01 0.397
N:19 Run:4 0.668967 0.748393 0.694504 0.69314 0.693106 0.693105 0.693105 0.693105 0.693105 0.693105 0.693105 0.693105 0.693125 0.694204 0.69977 0.86808 0.798283 0.696203 0.694687 0.70154 0.961806 5.358381e-01 0.397
N:20 Run:0 0.662862 0.693858 0.693125 0.693106 0.693105 0.693105 0.693105 0.693105 0.693105 0.693105 0.693105 0.693105 0.69313 0.698072 0.708366 0.712152 0.694178 0.693217 0.695287 0.889171 0.735179 5.357690e-01 0.375
N:20 Run:1 0.787443 0.708391 0.711337 0.693743 0.693129 0.693112 0.693109 0.693113 0.693107 0.693109 0.693108 0.693107 0.693114 0.69314 0.693247 0.699452 0.735045 0.698159 0.69336 0.69383 0.697939 5.357690e-01 0.375
N:20 Run:2 0.621422 0.691457 0.693091 0.693127 0.693108 0.693108 0.693106 0.693107 0.693106 0.693106 0.693106 0.693108 0.693121 0.695294 0.716728 0.715646 0.693844 0.694034 0.696061 0.75359 0.700313 5.357690e-01 0.375
N:20 Run:3 0.69159 0.693256 0.693142 0.693125 0.693113 0.693108 0.693109 0.693106 0.693109 0.693109 0.693107 0.693109 0.693229 0.694219 0.706956 0.699617 0.693677 0.694015 0.701424 0.725946 0.694075 5.357690e-01 0.375
N:20 Run:4 0.668967 0.748393 0.694504 0.69314 0.693106 0.693105 0.693105 0.693105 0.693105 0.693105 0.693105 0.693105 0.693125 0.694204 0.69977 0.86808 0.798283 0.696203 0.694687 0.70154 0.961806 5.357690e-01 0.375
N:21 Run:0 0.662862 0.693858 0.693125 0.693106 0.693105 0.693105 0.693105 0.693105 0.693105 0.693105 0.693105 0.693105 0.69313 0.698072 0.708366 0.712152 0.694178 0.693217 0.695287 0.889171 0.735179 5.357789e-01 0.386
N:21 Run:1 0.787443 0.708391 0.711337 0.693743 0.693129 0.693112 0.693109 0.693113 0.693107 0.693109 0.693108 0.693107 0.693114 0.69314 0.693247 0.699452 0.735045 0.698159 0.69336 0.69383 0.697939 5.357789e-01 0.386
N:21 Run:2 0.621422 0.691457 0.693091 0.693127 0.693108 0.693108 0.693106 0.693107 0.693106 0.693106 0.693106 0.693108 0.693121 0.695294 0.716728 0.715646 0.693844 0.694034 0.696061 0.75359 0.700313 5.357789e-01 0.386
N:21 Run:3 0.69159 0.693256 0.693142 0.693125 0.693113 0.693108 0.693109 0.693106 0.693109 0.693109 0.693107 0.693109 0.693229 0.694219 0.706956 0.699617 0.693677 0.694015 0.701424 0.725946 0.694075 5.357789e-01 0.386
N:21 Run:4 0.668967 0.748393 0.694504 0.69314 0.693106 0.693105 0.693105 0.693105 0.693105 0.693105 0.693105 0.693105 0.693125 0.694204 0.69977 0.86808 0.798283 0.696203 0.694687 0.70154 0.961806 5.357789e-01 0.386
N:22 Run:0 0.662862 0.693858 0.693125 0.693106 0.693105 0.693105 0.693105 0.693105 0.693105 0.693105 0.693105 0.693105 0.69313 0.698072 0.708366 0.712152 0.694178 0.693217 0.695287 0.889171 0.735179 5.373555e-01 0.393
N:22 Run:1 0.787443 0.708391 0.711337 0.693743 0.693129 0.693112 0.693109 0.693113 0.693107 0.693109 0.693108 0.693107 0.693114 0.69314 0.693247 0.699452 0.735045 0.698159 0.69336 0.69383 0.697939 5.373555e-01 0.393
N:22 Run:2 0.621422 0.691457 0.693091 0.693127 0.693108 0.693108 0.693106 0.693107 0.693106 0.693106 0.693106 0.693108 0.693121 0.695294 0.716728 0.715646 0.693844 0.694034 0.696061 0.75359 0.700313 5.373555e-01 0.393
N:22 Run:3 0.69159 0.693256 0.693142 0.693125 0.693113 0.693108 0.693109 0.693106 0.693109 0.693109 0.693107 0.693109 0.693229 0.694219 0.706956 0.699617 0.693677 0.694015 0.701424 0.725946 0.694075 5.373555e-01 0.393
N:22 Run:4 0.668967 0.748393 0.694504 0.69314 0.693106 0.693105 0.693105 0.693105 0.693105 0.693105 0.693105 0.693105 0.693125 0.694204 0.69977 0.86808 0.798283 0.696203 0.694687 0.70154 0.961806 5.373555e-01 0.393
N:23 Run:0 0.662862 0.693858 0.693125 0.693106 0.693105 0.693105 0.693105 0.693105 0.693105 0.693105 0.693105 0.693105 0.69313 0.698072 0.708366 0.712152 0.694178 0.693217 0.695287 0.889171 0.735179 5.356033e-01 0.391
N:23 Run:1 0.787443 0.708391 0.711337 0.693743 0.693129 0.693112 0.693109 0.693113 0.693107 0.693109 0.693108 0.693107 0.693114 0.69314 0.693247 0.699452 0.735045 0.698159 0.69336 0.69383 0.697939 5.356033e-01 0.391
N:23 Run:2 0.621422 0.691457 0.693091 0.693127 0.693108 0.693108 0.693106 0.693107 0.693106 0.693106 0.693106 0.693108 0.693121 0.695294 0.716728 0.715646 0.693844 0.694034 0.696061 0.75359 0.700313 5.356033e-01 0.391
N:23 Run:3 0.69159 0.693256 0.693142 0.693125 0.693113 0.693108 0.693109 0.693106 0.693109 0.693109 0.693107 0.693109 0.693229 0.694219 0.706956 0.699617 0.693677 0.694015 0.701424 0.725946 0.694075 5.356033e-01 0.391
N:23 Run:4 0.668967 0.748393 0.694504 0.69314 0.693106 0.693105 0.693105 0.693105 0.693105 0.693105 0.693105 0.693105 0.693125 0.694204 0.69977 0.86808 0.798283 0.696203 0.694687 0.70154 0.961806 5.356033e-01 0.391
N:24 Run:0 0.662862 0.693858 0.693125 0.693106 0.693105 0.693105 0.693105 0.693105 0.693105 0.693105 0.693105 0.693105 0.69313 0.698072 0.708366 0.712152 0.694178 0.693217 0.695287 0.889171 0.735179 5.356202e-01 0.371
N:24 Run:1 0.787443 0.708391 0.711337 0.693743 0.693129 0.693112 0.693109 0.693113 0.693107 0.693109 0.693108 0.693107 0.693114 0.69314 0.693247 0.699452 0.735045 0.698159 0.69336 0.69383 0.697939 5.356202e-01 0.371
N:24 Run:2 0.621422 0.691457 0.693091 0.693127 0.693108 0.693108 0.693106 0.693107 0.693106 0.693106 0.693106 0.693108 0.693121 0.695294 0.716728 0.715646 0.693844 0.694034 0.696061 0.75359 0.700313 5.356202e-01 0.371
N:24 Run:3 0.69159 0.693256 0.693142 0.693125 0.693113 0.693108 0.693109 0.693106 0.693109 0.693109 0.693107 0.693109 0.693229 0.694219 0.706956 0.699617 0.693677 0.694015 0.701424 0.725946 0.694075 5.356202e-01 0.371
N:24 Run:4 0.668967 0.748393 0.694504 0.69314 0.693106 0.693105 0.693105 0.693105 0.693105 0.693105 0.693105 0.693105 0.693125 0.694204 0.69977 0.86808 0.798283 0.696203 0.694687 0.70154 0.961806 5.356202e-01 0.371
N:25 Run:0 0.662862 0.693858 0.693125 0.693106 0.693105 0.693105 0.693105 0.693105 0.693105 0.693105 0.693105 0.693105 0.69313 0.698072 0.708366 0.712152 0.694178 0.693217 0.695287 0.889171 0.735179 5.361881e-01 0.374
N:25 Run:1 0.787443 0.708391 0.711337 0.693743 0.693129 0.693112 0.693109 0.693113 0.693107 0.693109 0.693108 0.693107 0.693114 0.69314 0.693247 0.699452 0.735045 0.698159 0.69336 0.69383 0.697939 5.361881e-01 0.374
N:25 Run:2 0.621422 0.691457 0.693091 0.693127 0.693108 0.693108 0.693106 0.693107 0.693106 0.693106 0.693106 0.693108 0.693121 0.695294 0.716728 0.715646 0.693844 0.694034 0.696061 0.75359 0.700313 5.361881e-01 0.374
N:25 Run:3 0.69159 0.693256 0.693142 0.693125 0.693113 0.693108 0.693109 0.693106 0.693109 0.693109 0.693107 0.693109 0.693229 0.694219 0.706956 0.699617 0.693677 0.694015 0.701424 0.725946 0.694075 5.361881e-01 0.374
N:25 Run:4 0.668967 0.748393 0.694504 0.69314 0.693106 0.693105 0.693105 0.693105 0.693105 0.693105 0.693105 0.693105 0.693125 0.694204 0.69977 0.86808 0.798283 0.696203 0.694687 0.70154 0.961806 5.361881e-01 0.374
N:26 Run:0 0.662862 0.693858 0.693125 0.693106 0.693105 0.693105 0.693105 0.693105 0.693105 0.693105 0.693105 0.693105 0.69313 0.698072 0.708366 0.712152 0.694178 0.693217 0.695287 0.889171 0.735179 5.366924e-01 0.380
N:26 Run:1 0.787443 0.708391 0.711337 0.693743 0.693129 0.693112 0.693109 0.693113 0.693107 0.693109 0.693108 0.693107 0.693114 0.69314 0.693247 0.699452 0.735045 0.698159 0.69336 0.69383 0.697939 5.366924e-01 0.380
N:26 Run:2 0.621422 0.691457 0.693091 0.693127 0.693108 0.693108 0.693106 0.693107 0.693106 0.693106 0.693106 0.693108 0.693121 0.695294 0.716728 0.715646 0.693844 0.694034 0.696061 0.75359 0.700313 5.366924e-01 0.380
N:26 Run:3 0.69159 0.693256 0.693142 0.693125 0.693113 0.693108 0.693109 0.693106 0.693109 0.693109 0.693107 0.693109 0.693229 0.694219 0.706956 0.699617 0.693677 0.694015 0.701424 0.725946 0.694075 5.366924e-01 0.380
N:26 Run:4 0.668967 0.748393 0.694504 0.69314 0.693106 0.693105 0.693105 0.693105 0.693105 0.693105 0.693105 0.693105 0.693125 0.694204 0.69977 0.86808 0.798283 0.696203 0.694687 0.70154 0.961806 5.366924e-01 0.380
N:27 Run:0 0.662862 0.693858 0.693125 0.693106 0.693105 0.693105 0.693105 0.693105 0.693105 0.693105 0.693105 0.693105 0.69313 0.698072 0.708366 0.712152 0.694178 0.693217 0.695287 0.889171 0.735179 5.359284e-01 0.381
N:27 Run:1 0.787443 0.708391 0.711337 0.693743 0.693129 0.693112 0.693109 0.693113 0.693107 0.693109 0.693108 0.693107 0.693114 0.69314 0.693247 0.699452 0.735045 0.698159 0.69336 0.69383 0.697939 5.359284e-01 0.381
N:27 Run:2 0.621422 0.691457 0.693091 0.693127 0.693108 0.693108 0.693106 0.693107 0.693106 0.693106 0.693106 0.693108 0.693121 0.695294 0.716728 0.715646 0.693844 0.694034 0.696061 0.75359 0.700313 5.359284e-01 0.381
N:27 Run:3 0.69159 0.693256 0.693142 0.693125 0.693113 0.693108 0.693109 0.693106 0.693109 0.693109 0.693107 0.693109 0.693229 0.694219 0.706956 0.699617 0.693677 0.694015 0.701424 0.725946 0.694075 5.359284e-01 0.381
N:27 Run:4 0.668967 0.748393 0.694504 0.69314 0.693106 0.693105 0.693105 0.693105 0.693105 0.693105 0.693105 0.693105 0.693125 0.694204 0.69977 0.86808 0.798283 0.696203 0.694687 0.70154 0.961806 5.359284e-01 0.381
N:28 Run:0 0.662862 0.693858 0.693125 0.693106 0.693105 0.693105 0.693105 0.693105 0.693105 0.693105 0.693105 0.693105 0.69313 0.698072 0.708366 0.712152 0.694178 0.693217 0.695287 0.889171 0.735179 5.363767e-01 0.378
N:28 Run:1 0.787443 0.708391 0.711337 0.693743 0.693129 0.693112 0.693109 0.693113 0.693107 0.693109 0.693108 0.693107 0.693114 0.69314 0.693247 0.699452 0.735045 0.698159 0.69336 0.69383 0.697939 5.363767e-01 0.378
N:28 Run:2 0.621422 0.691457 0.693091 0.693127 0.693108 0.693108 0.693106 0.693107 0.693106 0.693106 0.693106 0.693108 0.693121 0.695294 0.716728 0.715646 0.693844 0.694034 0.696061 0.75359 0.700313 5.363767e-01 0.378
N:28 Run:3 0.69159 0.693256 0.693142 0.693125 0.693113 0.693108 0.693109 0.693106 0.693109 0.693109 0.693107 0.693109 0.693229 0.694219 0.706956 0.699617 0.693677 0.694015 0.701424 0.725946 0.694075 5.363767e-01 0.378
N:28 Run:4 0.668967 0.748393 0.694504 0.69314 0.693106 0.693105 0.693105 0.693105 0.693105 0.693105 0.693105 0.693105 0.693125 0.694204 0.69977 0.86808 0.798283 0.696203 0.694687 0.70154 0.961806 5.363767e-01 0.378
N:29 Run:0 0.662862 0.693858 0.693125 0.693106 0.693105 0.693105 0.693105 0.693105 0.693105 0.693105 0.693105 0.693105 0.69313 0.698072 0.708366 0.712152 0.694178 0.693217 0.695287 0.889171 0.735179 5.355823e-01 0.386
N:29 Run:1 0.787443 0.708391 0.711337 0.693743 0.693129 0.693112 0.693109 0.693113 0.693107 0.693109 0.693108 0.693107 0.693114 0.69314 0.693247 0.699452 0.735045 0.698159 0.69336 0.69383 0.697939 5.355823e-01 0.386
N:29 Run:2 0.621422 0.691457 0.693091 0.693127 0.693108 0.693108 0.693106 0.693107 0.693106 0.693106 0.693106 0.693108 0.693121 0.695294 0.716728 0.715646 0.693844 0.694034 0.696061 0.75359 0.700313 5.355823e-01 0.386
N:29 Run:3 0.69159 0.693256 0.693142 0.693125 0.693113 0.693108 0.693109 0.693106 0.693109 0.693109 0.693107 0.693109 0.693229 0.694219 0.706956 0.699617 0.693677 0.694015 0.701424 0.725946 0.694075 5.355823e-01 0.386
N:29 Run:4 0.668967 0.748393 0.694504 0.69314 0.693106 0.693105 0.693105 0.693105 0.693105 0.693105 0.693105 0.693105 0.693125 0.694204 0.69977 0.86808 0.798283 0.696203 0.694687 0.70154 0.961806 5.355823e-01 0.386
