0.149009 3.498875 0.000000 0.000000 3.998206 0.000000 0.000000 0.000000 -0.461997 0.000000 0.000000 0.912105 0.000000 0.000000 0.517395 0.000000 0.000000 0.000000 0.297034 0.000000 0.000000 1.868404 0.998811 5.413363e-01 0.700
0.159218 4.097899 0.000000 0.000000 3.999286 0.000000 0.000000 0.000000 -0.369240 0.000000 0.000000 1.569214 0.000000 0.000000 0.527771 0.000000 0.000000 0.000000 0.010925 0.000000 0.000000 0.614782 0.999641 5.398288e-01 0.700
0.163833 3.819321 0.000000 0.000000 3.996316 0.000000 0.000000 0.000000 -0.342296 0.000000 0.000000 2.275601 0.000000 0.000000 0.555592 0.000000 0.000000 0.000000 0.003967 0.000000 0.000000 0.438456 0.997507 5.401574e-01 0.700
0.155114 4.631142 0.000000 0.000000 3.997662 0.000000 0.000000 0.000000 -0.441414 0.000000 0.000000 0.916254 0.000000 0.000000 0.527097 0.000000 0.000000 0.000000 0.201997 0.000000 0.000000 2.449904 0.999429 5.410056e-01 0.700
0.150673 3.007807 0.000000 0.000000 3.997637 0.000000 0.000000 0.000000 -0.445402 0.000000 0.000000 0.998570 0.000000 0.000000 0.516606 0.000000 0.000000 0.000000 0.253995 0.000000 0.000000 1.313377 0.999929 5.409978e-01 0.700
0.182689 3.460702 0.000000 0.000000 3.989985 0.000000 0.000000 0.000000 -0.368133 0.000000 0.000000 3.752535 0.000000 0.000000 0.568108 0.000000 0.000000 0.000000 0.003516 0.000000 0.000000 0.393819 0.995173 5.430592e-01 0.700
0.156799 4.402101 0.000000 0.000000 3.999621 0.000000 0.000000 0.000000 -0.369979 0.000000 0.000000 1.155233 0.000000 0.000000 0.524194 0.000000 0.000000 0.000000 0.031980 0.000000 0.000000 1.074140 0.999810 5.397128e-01 0.700
0.155554 1.917569 0.000000 0.000000 3.999719 0.000000 0.000000 0.000000 -0.482970 0.000000 0.000000 1.334458 0.000000 0.000000 0.525540 0.000000 0.000000 0.000000 0.316494 0.000000 0.000000 0.651229 0.999734 5.410511e-01 0.700
0.156193 4.776912 0.000000 0.000000 3.998116 0.000000 0.000000 0.000000 -0.461749 0.000000 0.000000 0.941402 0.000000 0.000000 0.526204 0.000000 0.000000 0.000000 0.222390 0.000000 0.000000 2.532546 0.999514 5.411225e-01 0.700
0.154458 3.847386 0.000000 0.000000 3.999309 0.000000 0.000000 0.000000 -0.453779 0.000000 0.000000 0.941344 0.000000 0.000000 0.516503 0.000000 0.000000 0.000000 0.228696 0.000000 0.000000 1.939686 0.999822 5.409860e-01 0.700
0.152699 2.762645 0.000000 0.000000 3.999935 0.000000 0.000000 0.000000 -0.350768 0.000000 0.000000 1.555879 0.000000 0.000000 0.520448 0.000000 0.000000 0.000000 0.027106 0.000000 0.000000 0.529107 0.999590 5.391843e-01 0.700
0.150557 2.373007 0.000000 0.000000 3.999648 0.000000 0.000000 0.000000 -0.513060 0.000000 0.000000 0.994240 0.000000 0.000000 0.515788 0.000000 0.000000 0.000000 0.502689 0.000000 0.000000 1.174893 0.999770 5.419903e-01 0.700
0.153164 2.346320 0.000000 0.000000 3.997946 0.000000 0.000000 0.000000 -0.482837 0.000000 0.000000 1.077952 0.000000 0.000000 0.513422 0.000000 0.000000 0.000000 0.350393 0.000000 0.000000 0.984500 0.999742 5.413828e-01 0.700
0.154262 6.606921 0.000000 0.000000 3.997079 0.000000 0.000000 0.000000 -0.431909 0.000000 0.000000 0.955366 0.000000 0.000000 0.521800 0.000000 0.000000 0.000000 0.130966 0.000000 0.000000 3.215058 0.999683 5.407896e-01 0.700
0.159106 1.683917 0.000000 0.000000 3.999229 0.000000 0.000000 0.000000 -0.393160 0.000000 0.000000 2.791374 0.000000 0.000000 0.524909 0.000000 0.000000 0.000000 0.064384 0.000000 0.000000 0.386558 0.999951 5.392038e-01 0.700
0.160163 5.024022 0.000000 0.000000 3.999894 0.000000 0.000000 0.000000 -0.397919 0.000000 0.000000 1.084887 0.000000 0.000000 0.528005 0.000000 0.000000 0.000000 0.064641 0.000000 0.000000 1.605150 0.999958 5.403748e-01 0.700
0.158677 4.065377 0.000000 0.000000 3.999544 0.000000 0.000000 0.000000 -0.425548 0.000000 0.000000 1.091396 0.000000 0.000000 0.526600 0.000000 0.000000 0.000000 0.098894 0.000000 0.000000 1.353152 0.999733 5.404908e-01 0.700
0.159845 3.425962 0.000000 0.000000 3.999244 0.000000 0.000000 0.000000 -0.404048 0.000000 0.000000 1.164911 0.000000 0.000000 0.524943 0.000000 0.000000 0.000000 0.080942 0.000000 0.000000 1.005593 0.999965 5.401848e-01 0.700
0.154853 4.708573 0.000000 0.000000 3.999439 0.000000 0.000000 0.000000 -0.391930 0.000000 0.000000 1.104427 0.000000 0.000000 0.516274 0.000000 0.000000 0.000000 0.054510 0.000000 0.000000 1.398158 0.999994 5.401008e-01 0.700
0.155299 1.815532 0.000000 0.000000 3.999541 0.000000 0.000000 0.000000 -0.408332 0.000000 0.000000 1.966679 0.000000 0.000000 0.524493 0.000000 0.000000 0.000000 0.097660 0.000000 0.000000 0.431887 0.999905 5.395668e-01 0.700
0.153413 3.686486 0.000000 0.000000 3.998701 0.000000 0.000000 0.000000 -0.358470 0.000000 0.000000 1.311049 0.000000 0.000000 0.515151 0.000000 0.000000 0.000000 0.024958 0.000000 0.000000 0.763902 0.999902 5.395059e-01 0.700
0.155765 3.636079 0.000000 0.000000 3.999372 0.000000 0.000000 0.000000 -0.427069 0.000000 0.000000 1.102151 0.000000 0.000000 0.528431 0.000000 0.000000 0.000000 0.121613 0.000000 0.000000 1.228721 0.999740 5.404946e-01 0.700
0.158172 5.797546 0.000000 0.000000 3.997988 0.000000 0.000000 0.000000 -0.425546 0.000000 0.000000 0.993246 0.000000 0.000000 0.530739 0.000000 0.000000 0.000000 0.077012 0.000000 0.000000 2.147500 0.999906 5.407301e-01 0.700
0.154077 4.244043 0.000000 0.000000 3.999191 0.000000 0.000000 0.000000 -0.431654 0.000000 0.000000 0.958078 0.000000 0.000000 0.525051 0.000000 0.000000 0.000000 0.167799 0.000000 0.000000 1.932321 0.999922 5.407059e-01 0.700
0.154367 2.114898 0.000000 0.000000 3.999916 0.000000 0.000000 0.000000 -0.491119 0.000000 0.000000 1.187660 0.000000 0.000000 0.522482 0.000000 0.000000 0.000000 0.350094 0.000000 0.000000 0.797030 0.999976 5.412390e-01 0.700
0.155887 4.937956 0.000000 0.000000 3.999948 0.000000 0.000000 0.000000 -0.477274 0.000000 0.000000 0.994420 0.000000 0.000000 0.516130 0.000000 0.000000 0.000000 0.223729 0.000000 0.000000 2.487710 0.999819 5.413201e-01 0.700
0.156591 1.731478 0.000000 0.000000 3.999999 0.000000 0.000000 0.000000 -0.436563 0.000000 0.000000 1.653174 0.000000 0.000000 0.515996 0.000000 0.000000 0.000000 0.182533 0.000000 0.000000 0.492199 0.999345 5.402923e-01 0.700
0.146251 1.657600 0.000000 0.000000 3.999993 0.000000 0.000000 0.000000 -0.451553 0.000000 0.000000 1.564770 0.000000 0.000000 0.516723 0.000000 0.000000 0.000000 0.265665 0.000000 0.000000 0.492204 0.999696 5.405941e-01 0.700
0.152354 3.413186 0.000000 0.000000 3.999802 0.000000 0.000000 0.000000 -0.299330 0.000000 0.000000 1.347206 0.000000 0.000000 0.527263 0.000000 0.000000 0.000000 0.010196 0.000000 0.000000 0.593267 0.999630 5.395791e-01 0.700
0.155719 2.476502 0.000000 0.000000 3.998383 0.000000 0.000000 0.000000 -0.425656 0.000000 0.000000 1.340122 0.000000 0.000000 0.517553 0.000000 0.000000 0.000000 0.125362 0.000000 0.000000 0.704388 0.999968 5.402254e-01 0.700
