Seed:1583271722
N:0 Run:0 0.462182 0.437476 0.251182 0.164119 0.128558 0.114441 0.108858 0.106685 0.105854 0.105493 0.105341 0.105306 0.145438 0.184159 0.369156 0.502211 0.559003 0.53097 0.481812 0.451577 0.422115 7.172464e-01 0.976
N:0 Run:1 0.526976 0.434868 0.277154 0.190125 0.160236 0.148893 0.128395 0.118232 0.111572 0.10891 0.106995 0.106515 0.111057 0.123117 0.122394 0.125752 0.127616 0.141166 0.173336 0.317204 0.483168 7.172464e-01 0.976
N:0 Run:2 0.500221 0.436439 0.292085 0.191557 0.156677 0.132988 0.12053 0.121782 0.120346 0.115612 0.113996 0.111686 0.129391 0.155454 0.188027 0.33421 0.481968 0.540447 0.541266 0.519257 0.521202 7.172464e-01 0.976
N:0 Run:3 0.547425 0.436324 0.357056 0.30414 0.289379 0.257762 0.259759 0.288088 0.26132 0.284657 0.259997 0.298519 0.476478 0.52776 0.535194 0.552623 0.497019 0.485349 0.510359 0.519604 0.515655 7.172464e-01 0.976
N:0 Run:4 0.506005 0.445775 0.310402 0.228422 0.219201 0.20389 0.193126 0.19194 0.161257 0.174341 0.159639 0.147112 0.251948 0.388317 0.47022 0.481382 0.488615 0.475473 0.492996 0.47126 0.445694 7.172464e-01 0.976
N:1 Run:0 0.462182 0.437476 0.251182 0.164119 0.128558 0.114441 0.108858 0.106685 0.105854 0.105493 0.105341 0.105306 0.145438 0.184159 0.369156 0.502211 0.559003 0.53097 0.481812 0.451577 0.422115 7.609197e-01 0.970
N:1 Run:1 0.526976 0.434868 0.277154 0.190125 0.160236 0.148893 0.128395 0.118232 0.111572 0.10891 0.106995 0.106515 0.111057 0.123117 0.122394 0.125752 0.127616 0.141166 0.173336 0.317204 0.483168 7.609197e-01 0.970
N:1 Run:2 0.500221 0.436439 0.292085 0.191557 0.156677 0.132988 0.12053 0.121782 0.120346 0.115612 0.113996 0.111686 0.129391 0.155454 0.188027 0.33421 0.481968 0.540447 0.541266 0.519257 0.521202 7.609197e-01 0.970
N:1 Run:3 0.547425 0.436324 0.357056 0.30414 0.289379 0.257762 0.259759 0.288088 0.26132 0.284657 0.259997 0.298519 0.476478 0.52776 0.535194 0.552623 0.497019 0.485349 0.510359 0.519604 0.515655 7.609197e-01 0.970
N:1 Run:4 0.506005 0.445775 0.310402 0.228422 0.219201 0.20389 0.193126 0.19194 0.161257 0.174341 0.159639 0.147112 0.251948 0.388317 0.47022 0.481382 0.488615 0.475473 0.492996 0.47126 0.445694 7.609197e-01 0.970
N:2 Run:0 0.462182 0.437476 0.251182 0.164119 0.128558 0.114441 0.108858 0.106685 0.105854 0.105493 0.105341 0.105306 0.145438 0.184159 0.369156 0.502211 0.559003 0.53097 0.481812 0.451577 0.422115 7.600130e-01 0.974
N:2 Run:1 0.526976 0.434868 0.277154 0.190125 0.160236 0.148893 0.128395 0.118232 0.111572 0.10891 0.106995 0.106515 0.111057 0.123117 0.122394 0.125752 0.127616 0.141166 0.173336 0.317204 0.483168 7.600130e-01 0.974
N:2 Run:2 0.500221 0.436439 0.292085 0.191557 0.156677 0.132988 0.12053 0.121782 0.120346 0.115612 0.113996 0.111686 0.129391 0.155454 0.188027 0.33421 0.481968 0.540447 0.541266 0.519257 0.521202 7.600130e-01 0.974
N:2 Run:3 0.547425 0.436324 0.357056 0.30414 0.289379 0.257762 0.259759 0.288088 0.26132 0.284657 0.259997 0.298519 0.476478 0.52776 0.535194 0.552623 0.497019 0.485349 0.510359 0.519604 0.515655 7.600130e-01 0.974
N:2 Run:4 0.506005 0.445775 0.310402 0.228422 0.219201 0.20389 0.193126 0.19194 0.161257 0.174341 0.159639 0.147112 0.251948 0.388317 0.47022 0.481382 0.488615 0.475473 0.492996 0.47126 0.445694 7.600130e-01 0.974
N:3 Run:0 0.462182 0.437476 0.251182 0.164119 0.128558 0.114441 0.108858 0.106685 0.105854 0.105493 0.105341 0.105306 0.145438 0.184159 0.369156 0.502211 0.559003 0.53097 0.481812 0.451577 0.422115 7.575746e-01 0.972
N:3 Run:1 0.526976 0.434868 0.277154 0.190125 0.160236 0.148893 0.128395 0.118232 0.111572 0.10891 0.106995 0.106515 0.111057 0.123117 0.122394 0.125752 0.127616 0.141166 0.173336 0.317204 0.483168 7.575746e-01 0.972
N:3 Run:2 0.500221 0.436439 0.292085 0.191557 0.156677 0.132988 0.12053 0.121782 0.120346 0.115612 0.113996 0.111686 0.129391 0.155454 0.188027 0.33421 0.481968 0.540447 0.541266 0.519257 0.521202 7.575746e-01 0.972
N:3 Run:3 0.547425 0.436324 0.357056 0.30414 0.289379 0.257762 0.259759 0.288088 0.26132 0.284657 0.259997 0.298519 0.476478 0.52776 0.535194 0.552623 0.497019 0.485349 0.510359 0.519604 0.515655 7.575746e-01 0.972
N:3 Run:4 0.506005 0.445775 0.310402 0.228422 0.219201 0.20389 0.193126 0.19194 0.161257 0.174341 0.159639 0.147112 0.251948 0.388317 0.47022 0.481382 0.488615 0.475473 0.492996 0.47126 0.445694 7.575746e-01 0.972
N:4 Run:0 0.462182 0.437476 0.251182 0.164119 0.128558 0.114441 0.108858 0.106685 0.105854 0.105493 0.105341 0.105306 0.145438 0.184159 0.369156 0.502211 0.559003 0.53097 0.481812 0.451577 0.422115 7.417372e-01 0.966
N:4 Run:1 0.526976 0.434868 0.277154 0.190125 0.160236 0.148893 0.128395 0.118232 0.111572 0.10891 0.106995 0.106515 0.111057 0.123117 0.122394 0.125752 0.127616 0.141166 0.173336 0.317204 0.483168 7.417372e-01 0.966
N:4 Run:2 0.500221 0.436439 0.292085 0.191557 0.156677 0.132988 0.12053 0.121782 0.120346 0.115612 0.113996 0.111686 0.129391 0.155454 0.188027 0.33421 0.481968 0.540447 0.541266 0.519257 0.521202 7.417372e-01 0.966
N:4 Run:3 0.547425 0.436324 0.357056 0.30414 0.289379 0.257762 0.259759 0.288088 0.26132 0.284657 0.259997 0.298519 0.476478 0.52776 0.535194 0.552623 0.497019 0.485349 0.510359 0.519604 0.515655 7.417372e-01 0.966
N:4 Run:4 0.506005 0.445775 0.310402 0.228422 0.219201 0.20389 0.193126 0.19194 0.161257 0.174341 0.159639 0.147112 0.251948 0.388317 0.47022 0.481382 0.488615 0.475473 0.492996 0.47126 0.445694 7.417372e-01 0.966
N:5 Run:0 0.462182 0.424809 0.175514 0.128425 0.120774 0.119627 0.119447 0.119441 0.119467 0.119433 0.119421 0.119445 0.157553 0.186311 0.38177 0.485692 0.533019 0.487546 0.482995 0.324424 0.436095 7.003525e-01 0.975
N:5 Run:1 0.526976 0.408774 0.225664 0.152372 0.157449 0.155747 0.130238 0.12491 0.121579 0.121067 0.120015 0.120194 0.126519 0.138402 0.134389 0.136038 0.135144 0.14557 0.152293 0.29149 0.418967 7.003525e-01 0.975
N:5 Run:2 0.500221 0.439187 0.242703 0.153509 0.144414 0.135565 0.127211 0.132451 0.130728 0.126106 0.125639 0.124106 0.143846 0.164384 0.185868 0.327082 0.45943 0.512717 0.521101 0.573745 0.516039 7.003525e-01 0.975
N:5 Run:3 0.547425 0.42668 0.285554 0.29534 0.275958 0.256495 0.271466 0.311626 0.264591 0.304878 0.262983 0.324701 0.557895 0.558279 0.525903 0.474291 0.510264 0.501772 0.530359 0.467046 0.517109 7.003525e-01 0.975
N:5 Run:4 0.506005 0.412448 0.218434 0.167504 0.185141 0.167089 0.181605 0.191976 0.154803 0.162908 0.152615 0.146151 0.344231 0.43 0.491856 0.467742 0.427852 0.422759 0.547973 0.476564 0.447262 7.003525e-01 0.975
N:6 Run:0 0.462182 0.424809 0.175514 0.128425 0.120774 0.119627 0.119447 0.119441 0.119467 0.119433 0.119421 0.119445 0.157553 0.186311 0.38177 0.485692 0.533019 0.487546 0.482995 0.324424 0.436095 7.623524e-01 0.963
N:6 Run:1 0.526976 0.408774 0.225664 0.152372 0.157449 0.155747 0.130238 0.12491 0.121579 0.121067 0.120015 0.120194 0.126519 0.138402 0.134389 0.136038 0.135144 0.14557 0.152293 0.29149 0.418967 7.623524e-01 0.963
N:6 Run:2 0.500221 0.439187 0.242703 0.153509 0.144414 0.135565 0.127211 0.132451 0.130728 0.126106 0.125639 0.124106 0.143846 0.164384 0.185868 0.327082 0.45943 0.512717 0.521101 0.573745 0.516039 7.623524e-01 0.963
N:6 Run:3 0.547425 0.42668 0.285554 0.29534 0.275958 0.256495 0.271466 0.311626 0.264591 0.304878 0.262983 0.324701 0.557895 0.558279 0.525903 0.474291 0.510264 0.501772 0.530359 0.467046 0.517109 7.623524e-01 0.963
N:6 Run:4 0.506005 0.412448 0.218434 0.167504 0.185141 0.167089 0.181605 0.191976 0.154803 0.162908 0.152615 0.146151 0.344231 0.43 0.491856 0.467742 0.427852 0.422759 0.547973 0.476564 0.447262 7.623524e-01 0.963
N:7 Run:0 0.462182 0.424809 0.175514 0.128425 0.120774 0.119627 0.119447 0.119441 0.119467 0.119433 0.119421 0.119445 0.157553 0.186311 0.38177 0.485692 0.533019 0.487546 0.482995 0.324424 0.436095 7.601356e-01 0.967
N:7 Run:1 0.526976 0.408774 0.225664 0.152372 0.157449 0.155747 0.130238 0.12491 0.121579 0.121067 0.120015 0.120194 0.126519 0.138402 0.134389 0.136038 0.135144 0.14557 0.152293 0.29149 0.418967 7.601356e-01 0.967
N:7 Run:2 0.500221 0.439187 0.242703 0.153509 0.144414 0.135565 0.127211 0.132451 0.130728 0.126106 0.125639 0.124106 0.143846 0.164384 0.185868 0.327082 0.45943 0.512717 0.521101 0.573745 0.516039 7.601356e-01 0.967
N:7 Run:3 0.547425 0.42668 0.285554 0.29534 0.275958 0.256495 0.271466 0.311626 0.264591 0.304878 0.262983 0.324701 0.557895 0.558279 0.525903 0.474291 0.510264 0.501772 0.530359 0.467046 0.517109 7.601356e-01 0.967
N:7 Run:4 0.506005 0.412448 0.218434 0.167504 0.185141 0.167089 0.181605 0.191976 0.154803 0.162908 0.152615 0.146151 0.344231 0.43 0.491856 0.467742 0.427852 0.422759 0.547973 0.476564 0.447262 7.601356e-01 0.967
N:8 Run:0 0.462182 0.424809 0.175514 0.128425 0.120774 0.119627 0.119447 0.119441 0.119467 0.119433 0.119421 0.119445 0.157553 0.186311 0.38177 0.485692 0.533019 0.487546 0.482995 0.324424 0.436095 7.321018e-01 0.979
N:8 Run:1 0.526976 0.408774 0.225664 0.152372 0.157449 0.155747 0.130238 0.12491 0.121579 0.121067 0.120015 0.120194 0.126519 0.138402 0.134389 0.136038 0.135144 0.14557 0.152293 0.29149 0.418967 7.321018e-01 0.979
N:8 Run:2 0.500221 0.439187 0.242703 0.153509 0.144414 0.135565 0.127211 0.132451 0.130728 0.126106 0.125639 0.124106 0.143846 0.164384 0.185868 0.327082 0.45943 0.512717 0.521101 0.573745 0.516039 7.321018e-01 0.979
N:8 Run:3 0.547425 0.42668 0.285554 0.29534 0.275958 0.256495 0.271466 0.311626 0.264591 0.304878 0.262983 0.324701 0.557895 0.558279 0.525903 0.474291 0.510264 0.501772 0.530359 0.467046 0.517109 7.321018e-01 0.979
N:8 Run:4 0.506005 0.412448 0.218434 0.167504 0.185141 0.167089 0.181605 0.191976 0.154803 0.162908 0.152615 0.146151 0.344231 0.43 0.491856 0.467742 0.427852 0.422759 0.547973 0.476564 0.447262 7.321018e-01 0.979
N:9 Run:0 0.462182 0.424809 0.175514 0.128425 0.120774 0.119627 0.119447 0.119441 0.119467 0.119433 0.119421 0.119445 0.157553 0.186311 0.38177 0.485692 0.533019 0.487546 0.482995 0.324424 0.436095 7.601344e-01 0.972
N:9 Run:1 0.526976 0.408774 0.225664 0.152372 0.157449 0.155747 0.130238 0.12491 0.121579 0.121067 0.120015 0.120194 0.126519 0.138402 0.134389 0.136038 0.135144 0.14557 0.152293 0.29149 0.418967 7.601344e-01 0.972
N:9 Run:2 0.500221 0.439187 0.242703 0.153509 0.144414 0.135565 0.127211 0.132451 0.130728 0.126106 0.125639 0.124106 0.143846 0.164384 0.185868 0.327082 0.45943 0.512717 0.521101 0.573745 0.516039 7.601344e-01 0.972
N:9 Run:3 0.547425 0.42668 0.285554 0.29534 0.275958 0.256495 0.271466 0.311626 0.264591 0.304878 0.262983 0.324701 0.557895 0.558279 0.525903 0.474291 0.510264 0.501772 0.530359 0.467046 0.517109 7.601344e-01 0.972
N:9 Run:4 0.506005 0.412448 0.218434 0.167504 0.185141 0.167089 0.181605 0.191976 0.154803 0.162908 0.152615 0.146151 0.344231 0.43 0.491856 0.467742 0.427852 0.422759 0.547973 0.476564 0.447262 7.601344e-01 0.972
N:10 Run:0 0.462182 0.424809 0.175514 0.128425 0.120774 0.119627 0.119447 0.119441 0.119467 0.119433 0.119421 0.119445 0.157553 0.186311 0.38177 0.485692 0.533019 0.487546 0.482995 0.324424 0.436095 7.344393e-01 0.977
N:10 Run:1 0.526976 0.408774 0.225664 0.152372 0.157449 0.155747 0.130238 0.12491 0.121579 0.121067 0.120015 0.120194 0.126519 0.138402 0.134389 0.136038 0.135144 0.14557 0.152293 0.29149 0.418967 7.344393e-01 0.977
N:10 Run:2 0.500221 0.439187 0.242703 0.153509 0.144414 0.135565 0.127211 0.132451 0.130728 0.126106 0.125639 0.124106 0.143846 0.164384 0.185868 0.327082 0.45943 0.512717 0.521101 0.573745 0.516039 7.344393e-01 0.977
N:10 Run:3 0.547425 0.42668 0.285554 0.29534 0.275958 0.256495 0.271466 0.311626 0.264591 0.304878 0.262983 0.324701 0.557895 0.558279 0.525903 0.474291 0.510264 0.501772 0.530359 0.467046 0.517109 7.344393e-01 0.977
N:10 Run:4 0.506005 0.412448 0.218434 0.167504 0.185141 0.167089 0.181605 0.191976 0.154803 0.162908 0.152615 0.146151 0.344231 0.43 0.491856 0.467742 0.427852 0.422759 0.547973 0.476564 0.447262 7.344393e-01 0.977
N:11 Run:0 0.462182 0.424809 0.175514 0.128425 0.120774 0.119627 0.119447 0.119441 0.119467 0.119433 0.119421 0.119445 0.157553 0.186311 0.38177 0.485692 0.533019 0.487546 0.482995 0.324424 0.436095 7.654078e-01 0.971
N:11 Run:1 0.526976 0.408774 0.225664 0.152372 0.157449 0.155747 0.130238 0.12491 0.121579 0.121067 0.120015 0.120194 0.126519 0.138402 0.134389 0.136038 0.135144 0.14557 0.152293 0.29149 0.418967 7.654078e-01 0.971
N:11 Run:2 0.500221 0.439187 0.242703 0.153509 0.144414 0.135565 0.127211 0.132451 0.130728 0.126106 0.125639 0.124106 0.143846 0.164384 0.185868 0.327082 0.45943 0.512717 0.521101 0.573745 0.516039 7.654078e-01 0.971
N:11 Run:3 0.547425 0.42668 0.285554 0.29534 0.275958 0.256495 0.271466 0.311626 0.264591 0.304878 0.262983 0.324701 0.557895 0.558279 0.525903 0.474291 0.510264 0.501772 0.530359 0.467046 0.517109 7.654078e-01 0.971
N:11 Run:4 0.506005 0.412448 0.218434 0.167504 0.185141 0.167089 0.181605 0.191976 0.154803 0.162908 0.152615 0.146151 0.344231 0.43 0.491856 0.467742 0.427852 0.422759 0.547973 0.476564 0.447262 7.654078e-01 0.971
N:12 Run:0 0.462182 0.424809 0.175514 0.128425 0.120774 0.119627 0.119447 0.119441 0.119467 0.119433 0.119421 0.119445 0.157553 0.186311 0.38177 0.485692 0.533019 0.487546 0.482995 0.324424 0.436095 7.314990e-01 0.973
N:12 Run:1 0.526976 0.408774 0.225664 0.152372 0.157449 0.155747 0.130238 0.12491 0.121579 0.121067 0.120015 0.120194 0.126519 0.138402 0.134389 0.136038 0.135144 0.14557 0.152293 0.29149 0.418967 7.314990e-01 0.973
N:12 Run:2 0.500221 0.439187 0.242703 0.153509 0.144414 0.135565 0.127211 0.132451 0.130728 0.126106 0.125639 0.124106 0.143846 0.164384 0.185868 0.327082 0.45943 0.512717 0.521101 0.573745 0.516039 7.314990e-01 0.973
N:12 Run:3 0.547425 0.42668 0.285554 0.29534 0.275958 0.256495 0.271466 0.311626 0.264591 0.304878 0.262983 0.324701 0.557895 0.558279 0.525903 0.474291 0.510264 0.501772 0.530359 0.467046 0.517109 7.314990e-01 0.973
N:12 Run:4 0.506005 0.412448 0.218434 0.167504 0.185141 0.167089 0.181605 0.191976 0.154803 0.162908 0.152615 0.146151 0.344231 0.43 0.491856 0.467742 0.427852 0.422759 0.547973 0.476564 0.447262 7.314990e-01 0.973
N:13 Run:0 0.462182 0.428284 0.188703 0.137182 0.127579 0.125916 0.125625 0.125591 0.125607 0.12558 0.12557 0.125588 0.155736 0.181485 0.379201 0.493473 0.547962 0.50072 0.495156 0.319797 0.439298 6.985561e-01 0.969
N:13 Run:1 0.526976 0.406378 0.237359 0.161182 0.164845 0.163029 0.136821 0.130591 0.12743 0.126877 0.126052 0.126153 0.130469 0.139514 0.136669 0.137895 0.137236 0.145583 0.150438 0.286712 0.419484 6.985561e-01 0.969
N:13 Run:2 0.500221 0.447686 0.253629 0.161126 0.148024 0.138822 0.131844 0.135553 0.134442 0.130794 0.13037 0.129046 0.143958 0.161312 0.181356 0.328203 0.465865 0.525282 0.536642 0.591161 0.533083 6.985561e-01 0.969
N:13 Run:3 0.547425 0.431253 0.288798 0.303641 0.284078 0.266465 0.281329 0.32131 0.275838 0.314485 0.273867 0.334023 0.567764 0.575161 0.544202 0.481121 0.523532 0.516174 0.544565 0.479383 0.530797 6.985561e-01 0.969
N:13 Run:4 0.506005 0.414151 0.220975 0.167734 0.180467 0.164226 0.178224 0.186873 0.154569 0.160442 0.151853 0.146212 0.345747 0.436246 0.506803 0.48454 0.433094 0.424348 0.560741 0.483889 0.451943 6.985561e-01 0.969
N:14 Run:0 0.462182 0.428284 0.188703 0.137182 0.127579 0.125916 0.125625 0.125591 0.125607 0.12558 0.12557 0.125588 0.155736 0.181485 0.379201 0.493473 0.547962 0.50072 0.495156 0.319797 0.439298 7.598903e-01 0.973
N:14 Run:1 0.526976 0.406378 0.237359 0.161182 0.164845 0.163029 0.136821 0.130591 0.12743 0.126877 0.126052 0.126153 0.130469 0.139514 0.136669 0.137895 0.137236 0.145583 0.150438 0.286712 0.419484 7.598903e-01 0.973
N:14 Run:2 0.500221 0.447686 0.253629 0.161126 0.148024 0.138822 0.131844 0.135553 0.134442 0.130794 0.13037 0.129046 0.143958 0.161312 0.181356 0.328203 0.465865 0.525282 0.536642 0.591161 0.533083 7.598903e-01 0.973
N:14 Run:3 0.547425 0.431253 0.288798 0.303641 0.284078 0.266465 0.281329 0.32131 0.275838 0.314485 0.273867 0.334023 0.567764 0.575161 0.544202 0.481121 0.523532 0.516174 0.544565 0.479383 0.530797 7.598903e-01 0.973
N:14 Run:4 0.506005 0.414151 0.220975 0.167734 0.180467 0.164226 0.178224 0.186873 0.154569 0.160442 0.151853 0.146212 0.345747 0.436246 0.506803 0.48454 0.433094 0.424348 0.560741 0.483889 0.451943 7.598903e-01 0.973
N:15 Run:0 0.462182 0.428284 0.188703 0.137182 0.127579 0.125916 0.125625 0.125591 0.125607 0.12558 0.12557 0.125588 0.155736 0.181485 0.379201 0.493473 0.547962 0.50072 0.495156 0.319797 0.439298 7.344009e-01 0.973
N:15 Run:1 0.526976 0.406378 0.237359 0.161182 0.164845 0.163029 0.136821 0.130591 0.12743 0.126877 0.126052 0.126153 0.130469 0.139514 0.136669 0.137895 0.137236 0.145583 0.150438 0.286712 0.419484 7.344009e-01 0.973
N:15 Run:2 0.500221 0.447686 0.253629 0.161126 0.148024 0.138822 0.131844 0.135553 0.134442 0.130794 0.13037 0.129046 0.143958 0.161312 0.181356 0.328203 0.465865 0.525282 0.536642 0.591161 0.533083 7.344009e-01 0.973
N:15 Run:3 0.547425 0.431253 0.288798 0.303641 0.284078 0.266465 0.281329 0.32131 0.275838 0.314485 0.273867 0.334023 0.567764 0.575161 0.544202 0.481121 0.523532 0.516174 0.544565 0.479383 0.530797 7.344009e-01 0.973
N:15 Run:4 0.506005 0.414151 0.220975 0.167734 0.180467 0.164226 0.178224 0.186873 0.154569 0.160442 0.151853 0.146212 0.345747 0.436246 0.506803 0.48454 0.433094 0.424348 0.560741 0.483889 0.451943 7.344009e-01 0.973
N:16 Run:0 0.462182 0.428284 0.188703 0.137182 0.127579 0.125916 0.125625 0.125591 0.125607 0.12558 0.12557 0.125588 0.155736 0.181485 0.379201 0.493473 0.547962 0.50072 0.495156 0.319797 0.439298 7.528306e-01 0.967
N:16 Run:1 0.526976 0.406378 0.237359 0.161182 0.164845 0.163029 0.136821 0.130591 0.12743 0.126877 0.126052 0.126153 0.130469 0.139514 0.136669 0.137895 0.137236 0.145583 0.150438 0.286712 0.419484 7.528306e-01 0.967
N:16 Run:2 0.500221 0.447686 0.253629 0.161126 0.148024 0.138822 0.131844 0.135553 0.134442 0.130794 0.13037 0.129046 0.143958 0.161312 0.181356 0.328203 0.465865 0.525282 0.536642 0.591161 0.533083 7.528306e-01 0.967
N:16 Run:3 0.547425 0.431253 0.288798 0.303641 0.284078 0.266465 0.281329 0.32131 0.275838 0.314485 0.273867 0.334023 0.567764 0.575161 0.544202 0.481121 0.523532 0.516174 0.544565 0.479383 0.530797 7.528306e-01 0.967
N:16 Run:4 0.506005 0.414151 0.220975 0.167734 0.180467 0.164226 0.178224 0.186873 0.154569 0.160442 0.151853 0.146212 0.345747 0.436246 0.506803 0.48454 0.433094 0.424348 0.560741 0.483889 0.451943 7.528306e-01 0.967
N:17 Run:0 0.462182 0.428284 0.188703 0.137182 0.127579 0.125916 0.125625 0.125591 0.125607 0.12558 0.12557 0.125588 0.155736 0.181485 0.379201 0.493473 0.547962 0.50072 0.495156 0.319797 0.439298 7.897505e-01 0.977
N:17 Run:1 0.526976 0.406378 0.237359 0.161182 0.164845 0.163029 0.136821 0.130591 0.12743 0.126877 0.126052 0.126153 0.130469 0.139514 0.136669 0.137895 0.137236 0.145583 0.150438 0.286712 0.419484 7.897505e-01 0.977
N:17 Run:2 0.500221 0.447686 0.253629 0.161126 0.148024 0.138822 0.131844 0.135553 0.134442 0.130794 0.13037 0.129046 0.143958 0.161312 0.181356 0.328203 0.465865 0.525282 0.536642 0.591161 0.533083 7.897505e-01 0.977
N:17 Run:3 0.547425 0.431253 0.288798 0.303641 0.284078 0.266465 0.281329 0.32131 0.275838 0.314485 0.273867 0.334023 0.567764 0.575161 0.544202 0.481121 0.523532 0.516174 0.544565 0.479383 0.530797 7.897505e-01 0.977
N:17 Run:4 0.506005 0.414151 0.220975 0.167734 0.180467 0.164226 0.178224 0.186873 0.154569 0.160442 0.151853 0.146212 0.345747 0.436246 0.506803 0.48454 0.433094 0.424348 0.560741 0.483889 0.451943 7.897505e-01 0.977
N:18 Run:0 0.462182 0.428284 0.188703 0.137182 0.127579 0.125916 0.125625 0.125591 0.125607 0.12558 0.12557 0.125588 0.155736 0.181485 0.379201 0.493473 0.547962 0.50072 0.495156 0.319797 0.439298 7.682803e-01 0.973
N:18 Run:1 0.526976 0.406378 0.237359 0.161182 0.164845 0.163029 0.136821 0.130591 0.12743 0.126877 0.126052 0.126153 0.130469 0.139514 0.136669 0.137895 0.137236 0.145583 0.150438 0.286712 0.419484 7.682803e-01 0.973
N:18 Run:2 0.500221 0.447686 0.253629 0.161126 0.148024 0.138822 0.131844 0.135553 0.134442 0.130794 0.13037 0.129046 0.143958 0.161312 0.181356 0.328203 0.465865 0.525282 0.536642 0.591161 0.533083 7.682803e-01 0.973
N:18 Run:3 0.547425 0.431253 0.288798 0.303641 0.284078 0.266465 0.281329 0.32131 0.275838 0.314485 0.273867 0.334023 0.567764 0.575161 0.544202 0.481121 0.523532 0.516174 0.544565 0.479383 0.530797 7.682803e-01 0.973
N:18 Run:4 0.506005 0.414151 0.220975 0.167734 0.180467 0.164226 0.178224 0.186873 0.154569 0.160442 0.151853 0.146212 0.345747 0.436246 0.506803 0.48454 0.433094 0.424348 0.560741 0.483889 0.451943 7.682803e-01 0.973
N:19 Run:0 0.462182 0.428284 0.188703 0.137182 0.127579 0.125916 0.125625 0.125591 0.125607 0.12558 0.12557 0.125588 0.155736 0.181485 0.379201 0.493473 0.547962 0.50072 0.495156 0.319797 0.439298 7.607230e-01 0.968
N:19 Run:1 0.526976 0.406378 0.237359 0.161182 0.164845 0.163029 0.136821 0.130591 0.12743 0.126877 0.126052 0.126153 0.130469 0.139514 0.136669 0.137895 0.137236 0.145583 0.150438 0.286712 0.419484 7.607230e-01 0.968
N:19 Run:2 0.500221 0.447686 0.253629 0.161126 0.148024 0.138822 0.131844 0.135553 0.134442 0.130794 0.13037 0.129046 0.143958 0.161312 0.181356 0.328203 0.465865 0.525282 0.536642 0.591161 0.533083 7.607230e-01 0.968
N:19 Run:3 0.547425 0.431253 0.288798 0.303641 0.284078 0.266465 0.281329 0.32131 0.275838 0.314485 0.273867 0.334023 0.567764 0.575161 0.544202 0.481121 0.523532 0.516174 0.544565 0.479383 0.530797 7.607230e-01 0.968
N:19 Run:4 0.506005 0.414151 0.220975 0.167734 0.180467 0.164226 0.178224 0.186873 0.154569 0.160442 0.151853 0.146212 0.345747 0.436246 0.506803 0.48454 0.433094 0.424348 0.560741 0.483889 0.451943 7.607230e-01 0.968
N:20 Run:0 0.462182 0.428284 0.188703 0.137182 0.127579 0.125916 0.125625 0.125591 0.125607 0.12558 0.12557 0.125588 0.155736 0.181485 0.379201 0.493473 0.547962 0.50072 0.495156 0.319797 0.439298 7.292020e-01 0.971
N:20 Run:1 0.526976 0.406378 0.237359 0.161182 0.164845 0.163029 0.136821 0.130591 0.12743 0.126877 0.126052 0.126153 0.130469 0.139514 0.136669 0.137895 0.137236 0.145583 0.150438 0.286712 0.419484 7.292020e-01 0.971
N:20 Run:2 0.500221 0.447686 0.253629 0.161126 0.148024 0.138822 0.131844 0.135553 0.134442 0.130794 0.13037 0.129046 0.143958 0.161312 0.181356 0.328203 0.465865 0.525282 0.536642 0.591161 0.533083 7.292020e-01 0.971
N:20 Run:3 0.547425 0.431253 0.288798 0.303641 0.284078 0.266465 0.281329 0.32131 0.275838 0.314485 0.273867 0.334023 0.567764 0.575161 0.544202 0.481121 0.523532 0.516174 0.544565 0.479383 0.530797 7.292020e-01 0.971
N:20 Run:4 0.506005 0.414151 0.220975 0.167734 0.180467 0.164226 0.178224 0.186873 0.154569 0.160442 0.151853 0.146212 0.345747 0.436246 0.506803 0.48454 0.433094 0.424348 0.560741 0.483889 0.451943 7.292020e-01 0.971
N:21 Run:0 0.462182 0.428284 0.188703 0.137182 0.127579 0.125916 0.125625 0.125591 0.125607 0.12558 0.12557 0.125588 0.155736 0.181485 0.379201 0.493473 0.547962 0.50072 0.495156 0.319797 0.439298 7.364537e-01 0.981
N:21 Run:1 0.526976 0.406378 0.237359 0.161182 0.164845 0.163029 0.136821 0.130591 0.12743 0.126877 0.126052 0.126153 0.130469 0.139514 0.136669 0.137895 0.137236 0.145583 0.150438 0.286712 0.419484 7.364537e-01 0.981
N:21 Run:2 0.500221 0.447686 0.253629 0.161126 0.148024 0.138822 0.131844 0.135553 0.134442 0.130794 0.13037 0.129046 0.143958 0.161312 0.181356 0.328203 0.465865 0.525282 0.536642 0.591161 0.533083 7.364537e-01 0.981
N:21 Run:3 0.547425 0.431253 0.288798 0.303641 0.284078 0.266465 0.281329 0.32131 0.275838 0.314485 0.273867 0.334023 0.567764 0.575161 0.544202 0.481121 0.523532 0.516174 0.544565 0.479383 0.530797 7.364537e-01 0.981
N:21 Run:4 0.506005 0.414151 0.220975 0.167734 0.180467 0.164226 0.178224 0.186873 0.154569 0.160442 0.151853 0.146212 0.345747 0.436246 0.506803 0.48454 0.433094 0.424348 0.560741 0.483889 0.451943 7.364537e-01 0.981
N:22 Run:0 0.462182 0.428284 0.188703 0.137182 0.127579 0.125916 0.125625 0.125591 0.125607 0.12558 0.12557 0.125588 0.155736 0.181485 0.379201 0.493473 0.547962 0.50072 0.495156 0.319797 0.439298 7.637276e-01 0.970
N:22 Run:1 0.526976 0.406378 0.237359 0.161182 0.164845 0.163029 0.136821 0.130591 0.12743 0.126877 0.126052 0.126153 0.130469 0.139514 0.136669 0.137895 0.137236 0.145583 0.150438 0.286712 0.419484 7.637276e-01 0.970
N:22 Run:2 0.500221 0.447686 0.253629 0.161126 0.148024 0.138822 0.131844 0.135553 0.134442 0.130794 0.13037 0.129046 0.143958 0.161312 0.181356 0.328203 0.465865 0.525282 0.536642 0.591161 0.533083 7.637276e-01 0.970
N:22 Run:3 0.547425 0.431253 0.288798 0.303641 0.284078 0.266465 0.281329 0.32131 0.275838 0.314485 0.273867 0.334023 0.567764 0.575161 0.544202 0.481121 0.523532 0.516174 0.544565 0.479383 0.530797 7.637276e-01 0.970
N:22 Run:4 0.506005 0.414151 0.220975 0.167734 0.180467 0.164226 0.178224 0.186873 0.154569 0.160442 0.151853 0.146212 0.345747 0.436246 0.506803 0.48454 0.433094 0.424348 0.560741 0.483889 0.451943 7.637276e-01 0.970
N:23 Run:0 0.462182 0.428284 0.188703 0.137182 0.127579 0.125916 0.125625 0.125591 0.125607 0.12558 0.12557 0.125588 0.155736 0.181485 0.379201 0.493473 0.547962 0.50072 0.495156 0.319797 0.439298 7.082955e-01 0.973
N:23 Run:1 0.526976 0.406378 0.237359 0.161182 0.164845 0.163029 0.136821 0.130591 0.12743 0.126877 0.126052 0.126153 0.130469 0.139514 0.136669 0.137895 0.137236 0.145583 0.150438 0.286712 0.419484 7.082955e-01 0.973
N:23 Run:2 0.500221 0.447686 0.253629 0.161126 0.148024 0.138822 0.131844 0.135553 0.134442 0.130794 0.13037 0.129046 0.143958 0.161312 0.181356 0.328203 0.465865 0.525282 0.536642 0.591161 0.533083 7.082955e-01 0.973
N:23 Run:3 0.547425 0.431253 0.288798 0.303641 0.284078 0.266465 0.281329 0.32131 0.275838 0.314485 0.273867 0.334023 0.567764 0.575161 0.544202 0.481121 0.523532 0.516174 0.544565 0.479383 0.530797 7.082955e-01 0.973
N:23 Run:4 0.506005 0.414151 0.220975 0.167734 0.180467 0.164226 0.178224 0.186873 0.154569 0.160442 0.151853 0.146212 0.345747 0.436246 0.506803 0.48454 0.433094 0.424348 0.560741 0.483889 0.451943 7.082955e-01 0.973
N:24 Run:0 0.462182 0.428284 0.188703 0.137182 0.127579 0.125916 0.125625 0.125591 0.125607 0.12558 0.12557 0.125588 0.155736 0.181485 0.379201 0.493473 0.547962 0.50072 0.495156 0.319797 0.439298 7.010327e-01 0.977
N:24 Run:1 0.526976 0.406378 0.237359 0.161182 0.164845 0.163029 0.136821 0.130591 0.12743 0.126877 0.126052 0.126153 0.130469 0.139514 0.136669 0.137895 0.137236 0.145583 0.150438 0.286712 0.419484 7.010327e-01 0.977
N:24 Run:2 0.500221 0.447686 0.253629 0.161126 0.148024 0.138822 0.131844 0.135553 0.134442 0.130794 0.13037 0.129046 0.143958 0.161312 0.181356 0.328203 0.465865 0.525282 0.536642 0.591161 0.533083 7.010327e-01 0.977
N:24 Run:3 0.547425 0.431253 0.288798 0.303641 0.284078 0.266465 0.281329 0.32131 0.275838 0.314485 0.273867 0.334023 0.567764 0.575161 0.544202 0.481121 0.523532 0.516174 0.544565 0.479383 0.530797 7.010327e-01 0.977
N:24 Run:4 0.506005 0.414151 0.220975 0.167734 0.180467 0.164226 0.178224 0.186873 0.154569 0.160442 0.151853 0.146212 0.345747 0.436246 0.506803 0.48454 0.433094 0.424348 0.560741 0.483889 0.451943 7.010327e-01 0.977
N:25 Run:0 0.462182 0.428284 0.188703 0.137182 0.127579 0.125916 0.125625 0.125591 0.125607 0.12558 0.12557 0.125588 0.155736 0.181485 0.379201 0.493473 0.547962 0.50072 0.495156 0.319797 0.439298 7.452641e-01 0.979
N:25 Run:1 0.526976 0.406378 0.237359 0.161182 0.164845 0.163029 0.136821 0.130591 0.12743 0.126877 0.126052 0.126153 0.130469 0.139514 0.136669 0.137895 0.137236 0.145583 0.150438 0.286712 0.419484 7.452641e-01 0.979
N:25 Run:2 0.500221 0.447686 0.253629 0.161126 0.148024 0.138822 0.131844 0.135553 0.134442 0.130794 0.13037 0.129046 0.143958 0.161312 0.181356 0.328203 0.465865 0.525282 0.536642 0.591161 0.533083 7.452641e-01 0.979
N:25 Run:3 0.547425 0.431253 0.288798 0.303641 0.284078 0.266465 0.281329 0.32131 0.275838 0.314485 0.273867 0.334023 0.567764 0.575161 0.544202 0.481121 0.523532 0.516174 0.544565 0.479383 0.530797 7.452641e-01 0.979
N:25 Run:4 0.506005 0.414151 0.220975 0.167734 0.180467 0.164226 0.178224 0.186873 0.154569 0.160442 0.151853 0.146212 0.345747 0.436246 0.506803 0.48454 0.433094 0.424348 0.560741 0.483889 0.451943 7.452641e-01 0.979
N:26 Run:0 0.462182 0.428284 0.188703 0.137182 0.127579 0.125916 0.125625 0.125591 0.125607 0.12558 0.12557 0.125588 0.155736 0.181485 0.379201 0.493473 0.547962 0.50072 0.495156 0.319797 0.439298 7.721434e-01 0.971
N:26 Run:1 0.526976 0.406378 0.237359 0.161182 0.164845 0.163029 0.136821 0.130591 0.12743 0.126877 0.126052 0.126153 0.130469 0.139514 0.136669 0.137895 0.137236 0.145583 0.150438 0.286712 0.419484 7.721434e-01 0.971
N:26 Run:2 0.500221 0.447686 0.253629 0.161126 0.148024 0.138822 0.131844 0.135553 0.134442 0.130794 0.13037 0.129046 0.143958 0.161312 0.181356 0.328203 0.465865 0.525282 0.536642 0.591161 0.533083 7.721434e-01 0.971
N:26 Run:3 0.547425 0.431253 0.288798 0.303641 0.284078 0.266465 0.281329 0.32131 0.275838 0.314485 0.273867 0.334023 0.567764 0.575161 0.544202 0.481121 0.523532 0.516174 0.544565 0.479383 0.530797 7.721434e-01 0.971
N:26 Run:4 0.506005 0.414151 0.220975 0.167734 0.180467 0.164226 0.178224 0.186873 0.154569 0.160442 0.151853 0.146212 0.345747 0.436246 0.506803 0.48454 0.433094 0.424348 0.560741 0.483889 0.451943 7.721434e-01 0.971
N:27 Run:0 0.462182 0.428284 0.188703 0.137182 0.127579 0.125916 0.125625 0.125591 0.125607 0.12558 0.12557 0.125588 0.155736 0.181485 0.379201 0.493473 0.547962 0.50072 0.495156 0.319797 0.439298 7.074958e-01 0.976
N:27 Run:1 0.526976 0.406378 0.237359 0.161182 0.164845 0.163029 0.136821 0.130591 0.12743 0.126877 0.126052 0.126153 0.130469 0.139514 0.136669 0.137895 0.137236 0.145583 0.150438 0.286712 0.419484 7.074958e-01 0.976
N:27 Run:2 0.500221 0.447686 0.253629 0.161126 0.148024 0.138822 0.131844 0.135553 0.134442 0.130794 0.13037 0.129046 0.143958 0.161312 0.181356 0.328203 0.465865 0.525282 0.536642 0.591161 0.533083 7.074958e-01 0.976
N:27 Run:3 0.547425 0.431253 0.288798 0.303641 0.284078 0.266465 0.281329 0.32131 0.275838 0.314485 0.273867 0.334023 0.567764 0.575161 0.544202 0.481121 0.523532 0.516174 0.544565 0.479383 0.530797 7.074958e-01 0.976
N:27 Run:4 0.506005 0.414151 0.220975 0.167734 0.180467 0.164226 0.178224 0.186873 0.154569 0.160442 0.151853 0.146212 0.345747 0.436246 0.506803 0.48454 0.433094 0.424348 0.560741 0.483889 0.451943 7.074958e-01 0.976
N:28 Run:0 0.462182 0.428284 0.188703 0.137182 0.127579 0.125916 0.125625 0.125591 0.125607 0.12558 0.12557 0.125588 0.155736 0.181485 0.379201 0.493473 0.547962 0.50072 0.495156 0.319797 0.439298 7.156353e-01 0.976
N:28 Run:1 0.526976 0.406378 0.237359 0.161182 0.164845 0.163029 0.136821 0.130591 0.12743 0.126877 0.126052 0.126153 0.130469 0.139514 0.136669 0.137895 0.137236 0.145583 0.150438 0.286712 0.419484 7.156353e-01 0.976
N:28 Run:2 0.500221 0.447686 0.253629 0.161126 0.148024 0.138822 0.131844 0.135553 0.134442 0.130794 0.13037 0.129046 0.143958 0.161312 0.181356 0.328203 0.465865 0.525282 0.536642 0.591161 0.533083 7.156353e-01 0.976
N:28 Run:3 0.547425 0.431253 0.288798 0.303641 0.284078 0.266465 0.281329 0.32131 0.275838 0.314485 0.273867 0.334023 0.567764 0.575161 0.544202 0.481121 0.523532 0.516174 0.544565 0.479383 0.530797 7.156353e-01 0.976
N:28 Run:4 0.506005 0.414151 0.220975 0.167734 0.180467 0.164226 0.178224 0.186873 0.154569 0.160442 0.151853 0.146212 0.345747 0.436246 0.506803 0.48454 0.433094 0.424348 0.560741 0.483889 0.451943 7.156353e-01 0.976
N:29 Run:0 0.462182 0.428284 0.188703 0.137182 0.127579 0.125916 0.125625 0.125591 0.125607 0.12558 0.12557 0.125588 0.155736 0.181485 0.379201 0.493473 0.547962 0.50072 0.495156 0.319797 0.439298 7.585788e-01 0.970
N:29 Run:1 0.526976 0.406378 0.237359 0.161182 0.164845 0.163029 0.136821 0.130591 0.12743 0.126877 0.126052 0.126153 0.130469 0.139514 0.136669 0.137895 0.137236 0.145583 0.150438 0.286712 0.419484 7.585788e-01 0.970
N:29 Run:2 0.500221 0.447686 0.253629 0.161126 0.148024 0.138822 0.131844 0.135553 0.134442 0.130794 0.13037 0.129046 0.143958 0.161312 0.181356 0.328203 0.465865 0.525282 0.536642 0.591161 0.533083 7.585788e-01 0.970
N:29 Run:3 0.547425 0.431253 0.288798 0.303641 0.284078 0.266465 0.281329 0.32131 0.275838 0.314485 0.273867 0.334023 0.567764 0.575161 0.544202 0.481121 0.523532 0.516174 0.544565 0.479383 0.530797 7.585788e-01 0.970
N:29 Run:4 0.506005 0.414151 0.220975 0.167734 0.180467 0.164226 0.178224 0.186873 0.154569 0.160442 0.151853 0.146212 0.345747 0.436246 0.506803 0.48454 0.433094 0.424348 0.560741 0.483889 0.451943 7.585788e-01 0.970
