   0    0    0    580 1.024915e+00 0.916
   0    7  100  58580 7.965217e-01 0.970
   0    0  200 116580 7.778353e-01 0.970
   0   25  300 174580 7.728531e-01 0.970
   0   31  400 232580 7.727941e-01 0.970
   0   83  500 290580 7.714697e-01 0.970
   0   29  600 348580 7.712591e-01 0.970
   0    9  700 406580 7.638525e-01 0.970
   0    2  800 464580 7.293528e-01 0.971
   0    7  900 522580 7.219881e-01 0.971
   0    9 1000 580580 7.205524e-01 0.971
   1    0    0    580 1.004260e+00 0.927
   1    0  100  58580 7.612702e-01 0.969
   1   21  200 116580 7.611668e-01 0.969
   1    9  300 174580 7.606635e-01 0.969
   1    1  400 232580 7.595824e-01 0.969
   1   46  500 290580 7.594095e-01 0.970
   1   71  600 348580 7.594074e-01 0.970
   1    8  700 406580 7.548614e-01 0.970
   1   49  800 464580 7.548494e-01 0.970
   1    0  900 522580 7.540667e-01 0.970
   1   28 1000 580580 7.539487e-01 0.970
   2    0    0    580 1.129305e+00 0.892
   2    7  100  58580 7.827152e-01 0.970
   2   14  200 116580 7.562607e-01 0.970
   2   13  300 174580 7.302382e-01 0.970
   2    2  400 232580 7.290302e-01 0.970
   2    1  500 290580 7.288199e-01 0.970
   2    0  600 348580 7.119401e-01 0.970
   2    1  700 406580 7.104002e-01 0.970
   2    1  800 464580 7.083525e-01 0.970
   2   24  900 522580 7.080162e-01 0.970
   2    0 1000 580580 7.076811e-01 0.970
   3    0    0    580 1.164307e+00 0.925
   3   13  100  58580 7.910358e-01 0.967
   3    3  200 116580 7.889535e-01 0.968
   3   28  300 174580 7.747475e-01 0.971
   3   15  400 232580 7.712488e-01 0.971
   3    1  500 290580 7.703080e-01 0.971
   3    2  600 348580 7.674958e-01 0.971
   3    0  700 406580 7.568670e-01 0.971
   3    9  800 464580 7.529108e-01 0.971
   3   11  900 522580 7.527512e-01 0.971
   3   14 1000 580580 7.527503e-01 0.971
   4    0    0    580 1.267199e+00 0.849
   4   42  100  58580 7.756764e-01 0.968
   4   19  200 116580 7.563413e-01 0.968
   4   30  300 174580 7.556689e-01 0.968
   4   47  400 232580 7.550050e-01 0.968
   4    1  500 290580 7.545298e-01 0.968
   4   39  600 348580 7.533087e-01 0.968
   4   46  700 406580 7.529218e-01 0.968
   4    4  800 464580 7.528461e-01 0.968
   4    2  900 522580 7.525007e-01 0.968
   4   18 1000 580580 7.508078e-01 0.968
   5    0    0    580 8.617368e-01 0.917
   5    4  100  58580 7.745930e-01 0.960
   5   11  200 116580 7.720473e-01 0.967
   5   32  300 174580 7.716601e-01 0.967
   5    3  400 232580 7.699883e-01 0.967
   5   28  500 290580 7.687569e-01 0.967
   5    9  600 348580 7.675444e-01 0.967
   5    0  700 406580 7.628651e-01 0.968
   5    9  800 464580 7.615188e-01 0.968
   5    0  900 522580 7.592282e-01 0.970
   5    3 1000 580580 7.295394e-01 0.970
   6    0    0    580 1.063534e+00 0.962
   6    3  100  58580 7.923080e-01 0.970
   6   27  200 116580 7.783421e-01 0.970
   6    1  300 174580 7.581450e-01 0.971
   6    5  400 232580 7.376798e-01 0.971
   6    3  500 290580 7.354723e-01 0.971
   6    1  600 348580 7.230600e-01 0.971
   6    0  700 406580 7.105084e-01 0.971
   6    6  800 464580 7.097857e-01 0.971
   6   10  900 522580 7.092443e-01 0.971
   6   35 1000 580580 7.076835e-01 0.971
   7    0    0    580 1.036548e+00 0.716
   7    7  100  58580 7.821180e-01 0.969
   7  107  200 116580 7.821180e-01 0.969
   7    5  300 174580 7.617093e-01 0.969
   7   15  400 232580 7.583894e-01 0.969
   7    0  500 290580 7.576463e-01 0.970
   7    2  600 348580 7.458509e-01 0.970
   7    1  700 406580 7.256739e-01 0.970
   7    2  800 464580 7.243432e-01 0.971
   7    1  900 522580 7.225007e-01 0.971
   7    7 1000 580580 7.212395e-01 0.971
   8    0    0    580 1.139249e+00 0.884
   8    3  100  58580 8.011966e-01 0.970
   8    6  200 116580 8.004707e-01 0.970
   8    9  300 174580 8.004566e-01 0.970
   8    2  400 232580 8.003420e-01 0.970
   8    9  500 290580 8.000675e-01 0.970
   8   14  600 348580 7.890752e-01 0.970
   8   10  700 406580 7.863011e-01 0.970
   8    0  800 464580 7.843173e-01 0.970
   8    2  900 522580 7.593495e-01 0.970
   8    4 1000 580580 7.534240e-01 0.970
   9    0    0    580 9.534261e-01 0.968
   9   41  100  58580 7.926753e-01 0.970
   9    6  200 116580 7.914613e-01 0.970
   9   60  300 174580 7.912943e-01 0.970
   9   29  400 232580 7.906072e-01 0.970
   9   25  500 290580 7.906071e-01 0.970
   9    0  600 348580 7.840028e-01 0.970
   9    1  700 406580 7.636058e-01 0.970
   9   21  800 464580 7.629598e-01 0.970
   9    1  900 522580 7.628610e-01 0.970
   9   10 1000 580580 7.628235e-01 0.970
  10    0    0    580 1.259421e+00 0.927
  10    1  100  58580 7.973119e-01 0.968
  10    9  200 116580 7.792842e-01 0.969
  10   53  300 174580 7.792591e-01 0.970
  10    3  400 232580 7.691314e-01 0.970
  10    2  500 290580 7.687218e-01 0.970
  10    0  600 348580 7.587994e-01 0.970
  10    7  700 406580 7.512357e-01 0.970
  10    1  800 464580 7.476093e-01 0.970
  10    0  900 522580 7.317857e-01 0.970
  10    6 1000 580580 7.292052e-01 0.970
  11    0    0    580 9.204213e-01 0.958
  11    6  100  58580 7.678587e-01 0.966
  11    1  200 116580 7.548798e-01 0.967
  11    7  300 174580 7.492082e-01 0.967
  11    2  400 232580 7.333029e-01 0.970
  11    1  500 290580 7.332822e-01 0.970
  11    0  600 348580 7.327331e-01 0.970
  11    1  700 406580 7.306705e-01 0.971
  11    9  800 464580 7.242220e-01 0.971
  11   22  900 522580 7.113784e-01 0.971
  11    2 1000 580580 7.098584e-01 0.971
  12    0    0    580 9.473845e-01 0.931
  12   16  100  58580 7.743181e-01 0.968
  12    2  200 116580 7.668133e-01 0.968
  12   19  300 174580 7.663842e-01 0.968
  12    6  400 232580 7.661413e-01 0.969
  12   13  500 290580 7.603252e-01 0.970
  12   34  600 348580 7.603252e-01 0.970
  12   37  700 406580 7.602134e-01 0.970
  12    8  800 464580 7.597237e-01 0.970
  12    1  900 522580 7.583180e-01 0.970
  12    4 1000 580580 7.577405e-01 0.970
  13    0    0    580 1.280546e+00 0.942
  13    0  100  58580 7.311324e-01 0.968
  13    3  200 116580 7.170063e-01 0.968
  13    4  300 174580 7.145314e-01 0.968
  13   22  400 232580 7.135974e-01 0.968
  13    5  500 290580 7.092028e-01 0.968
  13    5  600 348580 7.083808e-01 0.968
  13    0  700 406580 7.081156e-01 0.970
  13   33  800 464580 7.080905e-01 0.970
  13    3  900 522580 7.079717e-01 0.970
  13   19 1000 580580 7.078977e-01 0.970
  14    0    0    580 1.000929e+00 0.896
  14    1  100  58580 7.833431e-01 0.969
  14   33  200 116580 7.830717e-01 0.970
  14   15  300 174580 7.618311e-01 0.970
  14  115  400 232580 7.618311e-01 0.970
  14    5  500 290580 7.609220e-01 0.970
  14   44  600 348580 7.609218e-01 0.970
  14   25  700 406580 7.608767e-01 0.970
  14   35  800 464580 7.592270e-01 0.970
  14    4  900 522580 7.590586e-01 0.970
  14   12 1000 580580 7.590524e-01 0.970
  15    0    0    580 1.101639e+00 0.941
  15    1  100  58580 7.724478e-01 0.966
  15   27  200 116580 7.679604e-01 0.967
  15   21  300 174580 7.627786e-01 0.970
  15    0  400 232580 7.522972e-01 0.970
  15    1  500 290580 7.475109e-01 0.970
  15   47  600 348580 7.456446e-01 0.970
  15    9  700 406580 7.432251e-01 0.971
  15    0  800 464580 7.118324e-01 0.971
  15    4  900 522580 7.084347e-01 0.971
  15    1 1000 580580 7.079511e-01 0.971
  16    0    0    580 1.176836e+00 0.830
  16   15  100  58580 8.143352e-01 0.970
  16   29  200 116580 8.116430e-01 0.970
  16    2  300 174580 7.965148e-01 0.970
  16    2  400 232580 7.697516e-01 0.970
  16    4  500 290580 7.573017e-01 0.970
  16    3  600 348580 7.564456e-01 0.970
  16    3  700 406580 7.535037e-01 0.970
  16    3  800 464580 7.532949e-01 0.970
  16   24  900 522580 7.531292e-01 0.970
  16    7 1000 580580 7.531076e-01 0.970
  17    0    0    580 1.101006e+00 0.898
  17    0  100  58580 7.654340e-01 0.970
  17    7  200 116580 7.495855e-01 0.970
  17    3  300 174580 7.478782e-01 0.971
  17    0  400 232580 7.328855e-01 0.971
  17    1  500 290580 7.097263e-01 0.971
  17    9  600 348580 7.090215e-01 0.971
  17    3  700 406580 7.082806e-01 0.971
  17   17  800 464580 7.080532e-01 0.971
  17    5  900 522580 7.077247e-01 0.971
  17   28 1000 580580 7.076843e-01 0.971
  18    0    0    580 1.352086e+00 0.803
  18    4  100  58580 8.026646e-01 0.969
  18    3  200 116580 8.024870e-01 0.969
  18    3  300 174580 8.015894e-01 0.969
  18    4  400 232580 7.997289e-01 0.969
  18    0  500 290580 7.806398e-01 0.969
  18    7  600 348580 7.778544e-01 0.969
  18   20  700 406580 7.571709e-01 0.969
  18    9  800 464580 7.560146e-01 0.969
  18   25  900 522580 7.555357e-01 0.969
  18    1 1000 580580 7.537107e-01 0.969
  19    0    0    580 1.172370e+00 0.837
  19    7  100  58580 8.036405e-01 0.967
  19    9  200 116580 8.029322e-01 0.967
  19   20  300 174580 8.024034e-01 0.967
  19   39  400 232580 8.024024e-01 0.968
  19   43  500 290580 8.022899e-01 0.968
  19    1  600 348580 8.017721e-01 0.968
  19    7  700 406580 8.013994e-01 0.968
  19   15  800 464580 7.998114e-01 0.970
  19    2  900 522580 7.995897e-01 0.970
  19    0 1000 580580 7.776629e-01 0.970
  20    0    0    580 1.107663e+00 0.716
  20   36  100  58580 8.085110e-01 0.970
  20  136  200 116580 8.085110e-01 0.971
  20   21  300 174580 8.076634e-01 0.971
  20   12  400 232580 7.995738e-01 0.971
  20    2  500 290580 7.990543e-01 0.971
  20    1  600 348580 7.596933e-01 0.971
  20    7  700 406580 7.537968e-01 0.971
  20   54  800 464580 7.537650e-01 0.971
  20    4  900 522580 7.536769e-01 0.971
  20    3 1000 580580 7.531574e-01 0.971
  21    0    0    580 1.155196e+00 0.860
  21   15  100  58580 7.897571e-01 0.971
  21    2  200 116580 7.869361e-01 0.971
  21    7  300 174580 7.842851e-01 0.971
  21    8  400 232580 7.828254e-01 0.971
  21   31  500 290580 7.816428e-01 0.971
  21    7  600 348580 7.809093e-01 0.971
  21    3  700 406580 7.802709e-01 0.971
  21   32  800 464580 7.788097e-01 0.971
  21   10  900 522580 7.745786e-01 0.971
  21    2 1000 580580 7.726159e-01 0.971
  22    0    0    580 1.142211e+00 0.893
  22   18  100  58580 7.742681e-01 0.970
  22    6  200 116580 7.713704e-01 0.970
  22    4  300 174580 7.567321e-01 0.970
  22    2  400 232580 7.557174e-01 0.970
  22   22  500 290580 7.542340e-01 0.970
  22    1  600 348580 7.526190e-01 0.970
  22    8  700 406580 7.488711e-01 0.970
  22    2  800 464580 7.226631e-01 0.970
  22    8  900 522580 7.207710e-01 0.970
  22    3 1000 580580 7.206424e-01 0.971
  23    0    0    580 1.170407e+00 0.752
  23   41  100  58580 7.839657e-01 0.967
  23   23  200 116580 7.827381e-01 0.970
  23   34  300 174580 7.825949e-01 0.970
  23   16  400 232580 7.813659e-01 0.970
  23   29  500 290580 7.812073e-01 0.970
  23   46  600 348580 7.805970e-01 0.970
  23    2  700 406580 7.793845e-01 0.970
  23    7  800 464580 7.784693e-01 0.970
  23    4  900 522580 7.695234e-01 0.970
  23    0 1000 580580 7.325065e-01 0.970
  24    0    0    580 1.052725e+00 0.918
  24    9  100  58580 7.367449e-01 0.970
  24    4  200 116580 7.324028e-01 0.971
  24    2  300 174580 7.261673e-01 0.971
  24   18  400 232580 7.254750e-01 0.971
  24   58  500 290580 7.254744e-01 0.971
  24   16  600 348580 7.231386e-01 0.971
  24    2  700 406580 7.219642e-01 0.971
  24    6  800 464580 7.216786e-01 0.972
  24    2  900 522580 7.206732e-01 0.972
  24   33 1000 580580 7.204212e-01 0.972
  25    0    0    580 1.219167e+00 0.838
  25    9  100  58580 7.973941e-01 0.970
  25    1  200 116580 7.744322e-01 0.971
  25   11  300 174580 7.701877e-01 0.971
  25   15  400 232580 7.695620e-01 0.971
  25    2  500 290580 7.664260e-01 0.971
  25    1  600 348580 7.661756e-01 0.971
  25    7  700 406580 7.657247e-01 0.971
  25    0  800 464580 7.649062e-01 0.971
  25    8  900 522580 7.641482e-01 0.971
  25    6 1000 580580 7.634409e-01 0.971
  26    0    0    580 1.011096e+00 0.944
  26    3  100  58580 7.889084e-01 0.966
  26    2  200 116580 7.846741e-01 0.966
  26    1  300 174580 7.554183e-01 0.967
  26    3  400 232580 7.543868e-01 0.970
  26   27  500 290580 7.543238e-01 0.970
  26   16  600 348580 7.540581e-01 0.970
  26   49  700 406580 7.540579e-01 0.970
  26   21  800 464580 7.538589e-01 0.970
  26   13  900 522580 7.534405e-01 0.970
  26    3 1000 580580 7.532154e-01 0.970
  27    0    0    580 1.097581e+00 0.902
  27   17  100  58580 7.866698e-01 0.967
  27    0  200 116580 7.739841e-01 0.968
  27    4  300 174580 7.710751e-01 0.968
  27   24  400 232580 7.702761e-01 0.969
  27   11  500 290580 7.615508e-01 0.969
  27    0  600 348580 7.610944e-01 0.969
  27   29  700 406580 7.600796e-01 0.970
  27    2  800 464580 7.597054e-01 0.970
  27    0  900 522580 7.595166e-01 0.970
  27   18 1000 580580 7.594344e-01 0.970
  28    0    0    580 1.322131e+00 0.837
  28   14  100  58580 7.796870e-01 0.971
  28   56  200 116580 7.787342e-01 0.971
  28    0  300 174580 7.572583e-01 0.971
  28    9  400 232580 7.539891e-01 0.971
  28   17  500 290580 7.538883e-01 0.971
  28   64  600 348580 7.533882e-01 0.971
  28    5  700 406580 7.532426e-01 0.971
  28    3  800 464580 7.530763e-01 0.971
  28   41  900 522580 7.530214e-01 0.971
  28    1 1000 580580 7.529348e-01 0.971
  29    0    0    580 1.277552e+00 0.935
  29    1  100  58580 7.911265e-01 0.968
  29    0  200 116580 7.276407e-01 0.970
  29    1  300 174580 7.213098e-01 0.970
  29   82  400 232580 7.193458e-01 0.970
  29  182  500 290580 7.193458e-01 0.970
  29    6  600 348580 7.192975e-01 0.970
  29   16  700 406580 7.190793e-01 0.970
  29    2  800 464580 7.190763e-01 0.971
  29   46  900 522580 7.190600e-01 0.971
  29  146 1000 580580 7.190600e-01 0.971
