0.000074 5.540351 0.000000 -2.761552 0.807324 0.000000 -0.791369 0.000000 0.000000 0.000000 0.000000 0.000000 0.000000 0.466323 2.012248 0.000000 0.130931 0.000000 0.000000 0.000000 0.000000 0.000000 0.387538 4.810246e-01 0.859
0.000143 3.927640 0.000000 -2.659328 0.810000 0.000000 -0.850528 0.000000 0.000000 0.000000 0.000000 0.000000 0.000000 0.459767 1.471811 0.000000 0.196354 0.000000 0.000000 0.000000 0.000000 0.000000 0.397382 4.812593e-01 0.859
0.065539 0.588279 0.000000 -2.818376 3.999431 0.000000 -0.446658 0.000000 0.000000 0.000000 0.000000 0.000000 0.000000 0.484041 0.163157 0.000000 0.897284 0.000000 0.000000 0.000000 0.000000 0.000000 0.488319 4.958869e-01 0.859
0.000642 2.060708 0.000000 -2.059425 1.275940 0.000000 -0.667363 0.000000 0.000000 0.000000 0.000000 0.000000 0.000000 0.422760 0.213319 0.000000 0.083831 0.000000 0.000000 0.000000 0.000000 0.000000 0.388942 4.637989e-01 0.859
0.000247 2.191549 0.000000 -2.347484 0.926405 0.000000 -0.978159 0.000000 0.000000 0.000000 0.000000 0.000000 0.000000 0.432687 0.578561 0.000000 0.294982 0.000000 0.000000 0.000000 0.000000 0.000000 0.406419 4.784073e-01 0.859
0.000076 2.216051 0.000000 -2.421549 0.961328 0.000000 -0.871979 0.000000 0.000000 0.000000 0.000000 0.000000 0.000000 0.440744 0.493105 0.000000 0.228087 0.000000 0.000000 0.000000 0.000000 0.000000 0.404952 4.733482e-01 0.859
0.066828 0.655018 0.000000 -2.800121 3.999928 0.000000 -0.375608 0.000000 0.000000 0.000000 0.000000 0.000000 0.000000 0.469391 0.160616 0.000000 0.619845 0.000000 0.000000 0.000000 0.000000 0.000000 0.502821 4.954648e-01 0.859
0.000226 3.290156 0.000000 -2.753381 0.826591 0.000000 -0.837606 0.000000 0.000000 0.000000 0.000000 0.000000 0.000000 0.460036 1.135084 0.000000 0.221311 0.000000 0.000000 0.000000 0.000000 0.000000 0.415913 4.809711e-01 0.859
0.000081 3.662571 0.000000 -2.508076 0.871437 0.000000 -0.912340 0.000000 0.000000 0.000000 0.000000 0.000000 0.000000 0.462244 1.165427 0.000000 0.190229 0.000000 0.000000 0.000000 0.000000 0.000000 0.370318 4.798035e-01 0.859
0.000119 4.224758 0.000000 -2.643653 0.772557 0.000000 -0.937004 0.000000 0.000000 0.000000 0.000000 0.000000 0.000000 0.446065 2.104508 0.000000 0.250360 0.000000 0.000000 0.000000 0.000000 0.000000 0.394112 4.860149e-01 0.859
0.000616 2.987037 0.000000 -2.323874 1.025012 0.000000 -0.750097 0.000000 0.000000 0.000000 0.000000 0.000000 0.000000 0.448665 0.456569 0.000000 0.096393 0.000000 0.000000 0.000000 0.000000 0.000000 0.379443 4.672396e-01 0.859
0.000098 3.564848 0.000000 -2.652999 0.841397 0.000000 -0.924066 0.000000 0.000000 0.000000 0.000000 0.000000 0.000000 0.456208 1.314612 0.000000 0.232025 0.000000 0.000000 0.000000 0.000000 0.000000 0.390653 4.818463e-01 0.859
0.000017 2.871058 0.000000 -2.790102 0.831800 0.000000 -0.872136 0.000000 0.000000 0.000000 0.000000 0.000000 0.000000 0.461077 1.043223 0.000000 0.261526 0.000000 0.000000 0.000000 0.000000 0.000000 0.406766 4.816086e-01 0.859
0.065766 0.628118 0.000000 -3.030328 3.999377 0.000000 -0.319527 0.000000 0.000000 0.000000 0.000000 0.000000 0.000000 0.471680 0.158131 0.000000 0.857047 0.000000 0.000000 0.000000 0.000000 0.000000 0.508860 4.959019e-01 0.859
0.000001 1.549361 0.000000 -2.042004 1.242853 0.000000 -0.785083 0.000000 0.000000 0.000000 0.000000 0.000000 0.000000 0.419329 0.209645 0.000000 0.203056 0.000000 0.000000 0.000000 0.000000 0.000000 0.411553 4.685673e-01 0.859
0.000214 3.068387 0.000000 -2.628139 0.843880 0.000000 -0.913352 0.000000 0.000000 0.000000 0.000000 0.000000 0.000000 0.454791 1.063146 0.000000 0.249877 0.000000 0.000000 0.000000 0.000000 0.000000 0.402937 4.810811e-01 0.859
0.000101 4.227256 0.000000 -2.971869 0.738963 0.000000 -0.950332 0.000000 0.000000 0.000000 0.000000 0.000000 0.000000 0.456428 2.821071 0.000000 0.325775 0.000000 0.000000 0.000000 0.000000 0.000000 0.412069 4.909808e-01 0.859
0.000236 3.930678 0.000000 -2.930096 0.783322 0.000000 -0.922636 0.000000 0.000000 0.000000 0.000000 0.000000 0.000000 0.466167 1.992995 0.000000 0.269607 0.000000 0.000000 0.000000 0.000000 0.000000 0.400219 4.863106e-01 0.859
0.000255 2.116980 0.000000 -2.255377 0.968122 0.000000 -0.959197 0.000000 0.000000 0.000000 0.000000 0.000000 0.000000 0.438421 0.501242 0.000000 0.273271 0.000000 0.000000 0.000000 0.000000 0.000000 0.401735 4.759788e-01 0.859
0.000611 4.285608 0.000000 -2.800685 0.796679 0.000000 -0.744007 0.000000 0.000000 0.000000 0.000000 0.000000 0.000000 0.463503 1.488147 0.000000 0.149310 0.000000 0.000000 0.000000 0.000000 0.000000 0.416013 4.810737e-01 0.859
0.000278 3.770710 0.000000 -2.599943 0.857106 0.000000 -0.961515 0.000000 0.000000 0.000000 0.000000 0.000000 0.000000 0.455820 1.357680 0.000000 0.210162 0.000000 0.000000 0.000000 0.000000 0.000000 0.364977 4.824247e-01 0.859
0.068873 0.496660 0.000000 -2.988808 3.997739 0.000000 -0.600102 0.000000 0.000000 0.000000 0.000000 0.000000 0.000000 0.473958 0.162382 0.000000 1.873698 0.000000 0.000000 0.000000 0.000000 0.000000 0.507107 4.959658e-01 0.859
0.066727 0.697039 0.000000 -3.065144 3.997566 0.000000 -0.285691 0.000000 0.000000 0.000000 0.000000 0.000000 0.000000 0.501602 0.161593 0.000000 0.364352 0.000000 0.000000 0.000000 0.000000 0.000000 0.500884 4.956436e-01 0.859
0.000090 4.282531 0.000000 -2.868663 0.782474 0.000000 -0.866306 0.000000 0.000000 0.000000 0.000000 0.000000 0.000000 0.462612 1.985980 0.000000 0.228211 0.000000 0.000000 0.000000 0.000000 0.000000 0.406412 4.845079e-01 0.859
0.071226 0.655993 0.000000 -2.949965 3.999099 0.000000 -0.336981 0.000000 0.000000 0.000000 0.000000 0.000000 0.000000 0.458883 0.157892 0.000000 0.684216 0.000000 0.000000 0.000000 0.000000 0.000000 0.521774 4.956663e-01 0.859
0.000154 2.918270 0.000000 -2.609666 0.836524 0.000000 -1.033817 0.000000 0.000000 0.000000 0.000000 0.000000 0.000000 0.450589 1.187200 0.000000 0.312323 0.000000 0.000000 0.000000 0.000000 0.000000 0.390206 4.850807e-01 0.859
0.000230 4.413921 0.000000 -2.941096 0.862791 0.000000 -0.764643 0.000000 0.000000 0.000000 0.000000 0.000000 0.000000 0.471228 1.345123 0.000000 0.125204 0.000000 0.000000 0.000000 0.000000 0.000000 0.371993 4.798652e-01 0.859
0.000272 3.269296 0.000000 -2.708428 0.814312 0.000000 -0.996405 0.000000 0.000000 0.000000 0.000000 0.000000 0.000000 0.452008 1.447619 0.000000 0.289726 0.000000 0.000000 0.000000 0.000000 0.000000 0.387141 4.854589e-01 0.859
0.000252 2.609917 0.000000 -2.567703 0.890527 0.000000 -0.876498 0.000000 0.000000 0.000000 0.000000 0.000000 0.000000 0.436243 0.702121 0.000000 0.232310 0.000000 0.000000 0.000000 0.000000 0.000000 0.409936 4.772596e-01 0.859
0.000372 2.966683 0.000000 -2.628715 0.860494 0.000000 -0.872926 0.000000 0.000000 0.000000 0.000000 0.000000 0.000000 0.451212 0.915780 0.000000 0.227309 0.000000 0.000000 0.000000 0.000000 0.000000 0.406040 4.791256e-01 0.859
